+1580947120.65,+0000.00,-0002.93,+0008.79,+0000.84,-0000.54,-0009.57
+1580947120.66,+0000.98,-0002.93,+0008.79,+0000.61,-0000.08,-0010.11
+1580947120.66,+0000.00,-0002.93,+0008.79,+0000.77,-0000.61,-0010.03
+1580947120.67,+0000.98,-0003.91,+0008.79,+0000.15,-0000.23,-0010.26
+1580947120.67,+0000.00,-0003.91,+0008.79,+0000.46,-0000.15,-0010.57
+1580947120.68,+0000.00,-0004.88,+0008.79,+0000.92,-0000.54,-0010.26
+1580947120.68,+0000.00,-0004.88,+0008.79,+0000.46,-0000.38,-0010.80
+1580947120.69,+0000.00,-0004.88,+0008.79,+0000.46,-0000.46,-0010.26
+1580947120.69,+0000.00,-0004.88,+0008.79,+0000.61,-0000.38,-0010.57
+1580947120.70,-0000.98,-0004.88,+0008.79,+0000.38,-0000.54,-0010.57
+1580947120.70,+0000.00,-0004.88,+0009.77,+0000.69,-0000.23,-0010.03
+1580947120.71,-0000.98,-0005.86,+0009.77,+0000.46,-0000.61,-0009.95
+1580947120.71,-0000.98,-0005.86,+0009.77,+0000.69,-0000.54,-0009.19
+1580947120.72,+0000.00,-0005.86,+0009.77,+0000.54,-0000.31,-0009.49
+1580947120.72,-0000.98,-0005.86,+0009.77,+0000.61,-0000.31,-0009.57
+1580947120.73,+0000.00,-0005.86,+0009.77,+0000.92,-0000.23,-0010.03
+1580947120.73,-0000.98,-0005.86,+0009.77,+0000.46,-0000.38,-0010.26
+1580947120.74,-0000.98,-0005.86,+0009.77,+0000.23,-0000.31,-0010.18
+1580947120.74,-0000.98,-0005.86,+0009.77,+0000.38,-0000.31,-0010.87
+1580947120.75,-0000.98,-0005.86,+0010.74,+0000.54,-0000.77,-0010.18
+1580947120.75,-0000.98,-0005.86,+0010.74,+0000.15,-0000.23,-0010.41
+1580947120.76,-0000.98,-0006.84,+0010.74,+0000.54,-0000.54,-0009.95
+1580947120.76,-0000.98,-0006.84,+0010.74,+0000.54,-0000.46,-0010.11
+1580947120.77,-0000.98,-0006.84,+0010.74,+0000.61,-0000.61,-0009.95
+1580947120.77,-0000.98,-0006.84,+0010.74,+0000.46,-0000.54,-0009.72
+1580947120.78,-0000.98,-0006.84,+0010.74,+0000.31,-0000.69,-0009.80
+1580947120.78,-0000.98,-0006.84,+0010.74,+0000.15,-0000.38,-0009.88
+1580947120.79,+0000.00,-0006.84,+0010.74,+0000.46,-0000.46,-0010.11
+1580947120.79,-0000.98,-0006.84,+0010.74,+0000.31,-0000.61,-0010.57
+1580947120.80,+0000.00,-0006.84,+0010.74,+0000.23,-0000.38,-0010.95
+1580947120.80,-0000.98,-0006.84,+0011.72,+0000.61,-0000.77,-0011.03
+1580947120.81,+0000.00,-0006.84,+0010.74,+0000.23,-0000.38,-0010.87
+1580947120.81,+0000.00,-0006.84,+0011.72,+0000.38,-0000.69,-0010.57
+1580947120.82,+0000.00,-0007.81,+0011.72,+0000.31,-0000.77,-0010.03
+1580947120.82,+0000.00,-0007.81,+0011.72,+0000.23,-0000.69,-0010.41
+1580947120.83,+0000.00,-0007.81,+0011.72,+0000.46,-0000.46,-0010.11
+1580947120.83,+0000.98,-0007.81,+0011.72,+0000.15,-0000.54,-0010.18
+1580947120.84,+0000.98,-0006.84,+0011.72,+0000.15,-0000.84,-0010.26
+1580947120.84,+0000.98,-0006.84,+0011.72,+0000.15,-0000.54,-0010.03
+1580947120.85,+0000.98,-0006.84,+0011.72,+0000.00,-0000.61,-0009.88
+1580947120.85,+0000.98,-0006.84,+0010.74,-0000.08,-0000.31,-0010.18
+1580947120.86,+0000.98,-0006.84,+0011.72,+0000.46,-0000.69,-0010.34
+1580947120.86,+0000.98,-0005.86,+0011.72,+0000.15,-0000.77,-0010.41
+1580947120.87,+0000.98,-0005.86,+0011.72,-0000.08,-0000.15,-0011.03
+1580947120.87,+0000.98,-0004.88,+0011.72,+0000.54,-0000.54,-0010.41
+1580947120.88,+0000.98,-0004.88,+0011.72,+0000.08,-0000.23,-0010.11
+1580947120.88,+0000.98,-0004.88,+0011.72,+0000.46,-0000.54,-0009.95
+1580947120.89,+0000.98,-0004.88,+0011.72,+0000.23,-0000.15,-0009.57
+1580947120.89,+0001.95,-0003.91,+0011.72,+0000.15,-0000.08,-0010.26
+1580947120.90,+0001.95,-0003.91,+0011.72,+0000.54,-0000.77,-0010.11
+1580947120.90,+0001.95,-0002.93,+0012.70,+0000.08,-0000.46,-0010.34
+1580947120.91,+0001.95,-0002.93,+0012.70,+0000.54,-0000.61,-0009.80
+1580947120.91,+0001.95,-0002.93,+0012.70,+0000.23,-0000.08,-0009.49
+1580947120.92,+0001.95,-0001.95,+0012.70,+0000.08,-0000.23,-0009.95
+1580947120.92,+0001.95,-0001.95,+0012.70,+0000.31,-0000.15,-0009.80
+1580947120.93,+0001.95,-0001.95,+0012.70,+0000.15,-0000.23,-0010.11
+1580947120.93,+0001.95,-0001.95,+0012.70,+0000.08,-0000.23,-0010.26
+1580947120.94,+0001.95,-0001.95,+0012.70,+0000.46,-0000.31,-0010.41
+1580947120.94,+0001.95,-0001.95,+0012.70,+0000.00,-0000.08,-0010.41
+1580947120.95,+0001.95,-0001.95,+0012.70,+0000.54,-0000.23,-0010.03
+1580947120.95,+0001.95,-0000.98,+0012.70,+0000.15,-0000.54,-0009.49
+1580947120.96,+0001.95,-0000.98,+0012.70,+0000.38,-0000.46,-0009.11
+1580947120.96,+0001.95,-0000.98,+0012.70,+0000.08,-0000.31,-0009.26
+1580947120.97,+0000.98,-0000.98,+0012.70,+0000.23,-0000.38,-0009.65
+1580947120.97,+0001.95,+0000.00,+0012.70,+0000.38,-0000.54,-0010.80
+1580947120.98,+0001.95,+0000.00,+0012.70,+0000.00,-0000.61,-0010.49
+1580947120.98,+0001.95,+0000.98,+0012.70,+0000.31,-0000.38,-0010.34
+1580947120.99,+0001.95,+0000.98,+0012.70,-0000.08,-0000.23,-0010.72
+1580947120.99,+0000.98,+0000.98,+0012.70,+0000.23,-0000.15,-0011.10
+1580947121.00,+0000.98,+0001.95,+0012.70,-0000.08,-0000.08,-0011.64
+1580947121.00,+0000.98,+0001.95,+0012.70,+0000.23,-0000.38,-0011.33
+1580947121.01,+0001.95,+0002.93,+0012.70,+0000.15,-0000.38,-0010.49
+1580947121.01,+0000.98,+0002.93,+0012.70,+0000.31,-0000.23,-0010.11
+1580947121.02,+0000.98,+0002.93,+0013.67,+0000.69,-0000.31,-0009.80
+1580947121.02,+0000.98,+0003.91,+0013.67,+0000.38,-0000.31,-0009.42
+1580947121.03,+0001.95,+0003.91,+0013.67,+0000.61,-0000.23,-0009.42
+1580947121.03,+0001.95,+0003.91,+0013.67,+0000.54,-0000.23,-0009.42
+1580947121.04,+0001.95,+0003.91,+0013.67,+0000.38,-0000.46,-0009.49
+1580947121.04,+0000.98,+0004.88,+0013.67,+0000.00,+0000.00,-0010.49
+1580947121.05,+0000.98,+0004.88,+0013.67,+0000.23,-0000.31,-0010.34
+1580947121.05,+0000.98,+0004.88,+0013.67,+0000.23,+0000.15,-0010.64
+1580947121.06,+0000.98,+0004.88,+0013.67,+0000.00,+0000.23,-0010.72
+1580947121.06,+0000.00,+0005.86,+0013.67,+0000.15,+0000.23,-0010.41
+1580947121.07,+0000.00,+0005.86,+0013.67,+0000.15,+0000.23,-0010.72
+1580947121.07,+0000.00,+0005.86,+0013.67,+0000.31,-0000.15,-0010.11
+1580947121.08,+0000.00,+0005.86,+0013.67,+0000.08,+0000.08,-0009.95
+1580947121.08,+0000.00,+0005.86,+0014.65,+0000.46,-0000.38,-0009.34
+1580947121.09,+0000.00,+0006.84,+0014.65,+0000.38,+0000.08,-0009.11
+1580947121.09,-0000.98,+0006.84,+0014.65,+0000.31,-0000.15,-0009.11
+1580947121.10,-0000.98,+0006.84,+0014.65,+0000.54,+0000.00,-0009.03
+1580947121.10,-0000.98,+0006.84,+0014.65,+0000.46,-0000.08,-0009.49
+1580947121.11,-0000.98,+0006.84,+0014.65,+0000.46,-0000.69,-0009.42
+1580947121.11,+0000.00,+0006.84,+0014.65,+0000.31,+0000.08,-0010.26
+1580947121.12,-0000.98,+0007.81,+0014.65,+0000.38,-0000.69,-0010.57
+1580947121.12,-0000.98,+0007.81,+0014.65,+0000.61,-0000.54,-0010.18
+1580947121.13,-0000.98,+0007.81,+0014.65,+0000.08,-0000.15,-0010.80
+1580947121.13,-0001.95,+0007.81,+0014.65,+0000.69,-0000.54,-0009.49
+1580947121.14,-0000.98,+0007.81,+0014.65,+0000.23,+0000.00,-0009.95
+1580947121.14,-0001.95,+0007.81,+0014.65,+0000.38,-0000.46,-0010.26
+1580947121.15,-0001.95,+0007.81,+0014.65,+0000.38,+0000.23,-0009.95
+1580947121.15,-0001.95,+0007.81,+0014.65,+0000.38,-0000.15,-0010.41
+1580947121.16,-0002.93,+0006.84,+0015.62,+0000.77,-0000.92,-0009.65
+1580947121.16,-0000.98,+0007.81,+0014.65,+0000.38,-0000.31,-0010.03
+1580947121.17,-0001.95,+0006.84,+0014.65,+0000.31,-0000.77,-0009.80
+1580947121.17,-0001.95,+0006.84,+0015.62,+0000.38,-0000.38,-0009.95
+1580947121.18,-0001.95,+0006.84,+0014.65,+0000.46,-0000.08,-0010.64
+1580947121.18,-0001.95,+0006.84,+0014.65,+0000.15,-0000.38,-0010.64
+1580947121.19,-0000.98,+0006.84,+0015.62,+0000.38,-0000.23,-0011.10
+1580947121.19,-0000.98,+0006.84,+0014.65,+0000.15,-0000.92,-0010.80
+1580947121.20,-0000.98,+0005.86,+0014.65,+0000.69,-0000.54,-0010.11
+1580947121.20,-0000.98,+0005.86,+0014.65,+0000.31,-0000.77,-0010.87
+1580947121.21,-0000.98,+0005.86,+0014.65,+0000.61,-0000.77,-0009.88
+1580947121.21,+0000.00,+0005.86,+0015.62,+0000.31,-0000.23,-0010.03
+1580947121.22,-0000.98,+0004.88,+0014.65,+0000.61,-0001.00,-0009.49
+1580947121.22,+0000.00,+0004.88,+0014.65,+0000.38,-0000.38,-0010.18
+1580947121.23,-0000.98,+0005.86,+0014.65,+0000.31,-0000.61,-0010.34
+1580947121.23,-0000.98,+0004.88,+0014.65,+0000.23,-0000.92,-0009.57
+1580947121.24,+0000.00,+0004.88,+0014.65,+0000.15,-0000.38,-0010.11
+1580947121.24,-0000.98,+0004.88,+0014.65,+0000.38,-0000.92,-0009.72
+1580947121.25,+0000.00,+0004.88,+0014.65,+0000.54,-0000.46,-0009.57
+1580947121.25,+0000.00,+0004.88,+0014.65,+0000.54,-0000.31,-0009.80
+1580947121.26,+0000.00,+0004.88,+0014.65,+0000.23,-0000.31,-0009.65
+1580947121.26,+0000.00,+0004.88,+0014.65,+0000.69,+0000.00,-0010.34
+1580947121.27,-0001.95,+0003.91,+0014.65,+0000.38,-0000.77,-0010.41
+1580947121.27,-0000.98,+0004.88,+0014.65,+0000.15,-0000.15,-0010.64
+1580947121.28,-0000.98,+0003.91,+0013.67,+0000.15,-0000.54,-0010.49
+1580947121.28,-0000.98,+0003.91,+0013.67,+0000.31,-0000.46,-0009.95
+1580947121.29,-0000.98,+0003.91,+0013.67,+0000.23,-0000.31,-0010.41
+1580947121.29,-0000.98,+0003.91,+0013.67,+0000.46,-0000.46,-0010.11
+1580947121.30,+0000.00,+0002.93,+0013.67,+0000.46,-0000.15,-0010.41
+1580947121.30,-0000.98,+0003.91,+0014.65,+0000.38,-0000.38,-0010.57
+1580947121.31,+0000.00,+0002.93,+0014.65,+0000.61,-0000.31,-0010.18
+1580947121.31,+0000.00,+0002.93,+0014.65,+0000.54,-0000.38,-0010.34
+1580947121.32,-0000.98,+0002.93,+0014.65,+0000.84,-0000.61,-0009.95
+1580947121.32,+0000.00,+0002.93,+0014.65,+0000.61,-0000.23,-0010.11
+1580947121.33,-0000.98,+0002.93,+0014.65,+0000.46,-0000.77,-0010.18
+1580947121.33,+0000.00,+0002.93,+0014.65,+0000.23,-0000.23,-0010.34
+1580947121.34,+0000.00,+0002.93,+0014.65,+0000.31,-0000.38,-0010.64
+1580947121.34,-0000.98,+0002.93,+0014.65,+0000.00,-0000.15,-0010.11
+1580947121.35,+0000.00,+0002.93,+0013.67,+0000.31,+0000.08,-0010.49
+1580947121.35,-0000.98,+0002.93,+0013.67,+0000.15,-0000.54,-0010.18
+1580947121.36,+0000.00,+0002.93,+0013.67,+0000.38,-0000.46,-0009.65
+1580947121.36,-0000.98,+0002.93,+0013.67,+0000.23,-0000.23,-0009.80
+1580947121.37,-0000.98,+0001.95,+0013.67,+0000.61,-0000.23,-0009.42
+1580947121.37,-0000.98,+0002.93,+0013.67,-0000.15,+0000.23,-0010.26
+1580947121.38,-0000.98,+0002.93,+0013.67,+0000.46,+0000.00,-0010.03
+1580947121.38,-0000.98,+0002.93,+0013.67,+0000.15,+0000.15,-0010.41
+1580947121.39,-0000.98,+0002.93,+0013.67,+0000.31,-0000.15,-0010.64
+1580947121.39,-0000.98,+0003.91,+0012.70,+0000.23,+0000.23,-0010.87
+1580947121.40,-0000.98,+0003.91,+0013.67,+0000.38,-0000.08,-0011.03
+1580947121.40,-0000.98,+0003.91,+0013.67,+0000.15,-0000.38,-0012.02
+1580947121.41,+0001.95,+0003.91,+0012.70,+0000.08,+0000.92,-0014.32
+1580947121.41,+0001.95,+0003.91,+0012.70,-0000.08,+0001.00,-0015.39
+1580947121.42,+0003.91,+0003.91,+0012.70,-0000.23,+0001.45,-0014.70
+1580947121.42,+0003.91,+0003.91,+0011.72,+0000.15,+0001.23,-0015.47
+1580947121.43,+0006.84,+0002.93,+0011.72,+0000.31,+0000.23,-0014.93
+1580947121.43,+0008.79,+0002.93,+0012.70,+0000.61,+0000.23,-0010.87
+1580947121.44,+0009.77,+0001.95,+0012.70,+0000.69,-0001.00,-0008.04
+1580947121.44,+0009.77,+0001.95,+0012.70,+0000.77,-0000.54,-0006.74
+1580947121.45,+0008.79,+0000.98,+0012.70,+0000.77,-0000.15,-0005.67
+1580947121.45,+0009.77,+0000.00,+0012.70,+0000.84,-0000.46,-0004.75
+1580947121.46,+0010.74,+0000.00,+0012.70,+0000.00,+0000.15,-0004.59
+1580947121.46,+0008.79,+0000.00,+0011.72,+0000.38,+0000.00,-0005.44
+1580947121.47,+0006.84,+0000.00,+0010.74,+0000.15,+0001.23,-0008.73
+1580947121.47,+0004.88,+0000.98,+0010.74,-0000.23,+0001.38,-0010.34
+1580947121.48,+0002.93,+0001.95,+0009.77,-0000.54,+0001.15,-0010.41
+1580947121.48,+0001.95,+0001.95,+0009.77,-0000.61,+0001.99,-0010.57
+1580947121.49,-0001.95,+0002.93,+0009.77,-0001.07,+0001.61,-0010.80
+1580947121.49,-0003.91,+0002.93,+0008.79,-0000.92,+0001.53,-0010.26
+1580947121.50,-0004.88,+0002.93,+0008.79,-0000.69,+0001.38,-0010.49
+1580947121.50,-0005.86,+0002.93,+0007.81,-0000.08,+0000.23,-0009.80
+1580947121.51,-0004.88,+0003.91,+0007.81,-0000.08,+0000.08,-0008.96
+1580947121.51,-0004.88,+0003.91,+0006.84,+0000.77,+0000.08,-0009.03
+1580947121.52,-0004.88,+0004.88,+0007.81,+0001.00,-0000.54,-0008.80
+1580947121.52,-0002.93,+0005.86,+0007.81,+0000.77,-0000.46,-0008.96
+1580947121.53,-0000.98,+0005.86,+0008.79,+0001.00,-0000.15,-0009.19
+1580947121.53,-0000.98,+0006.84,+0008.79,+0000.69,-0000.23,-0009.42
+1580947121.54,-0000.98,+0006.84,+0008.79,+0000.31,+0000.08,-0010.80
+1580947121.54,-0000.98,+0006.84,+0007.81,+0000.15,+0000.00,-0011.33
+1580947121.55,-0000.98,+0006.84,+0007.81,+0000.23,-0000.31,-0011.48
+1580947121.55,-0000.98,+0006.84,+0007.81,+0000.15,+0000.08,-0011.33
+1580947121.56,-0001.95,+0007.81,+0007.81,-0000.31,+0000.15,-0011.03
+1580947121.56,-0002.93,+0007.81,+0007.81,+0000.00,-0000.38,-0010.80
+1580947121.57,-0001.95,+0007.81,+0007.81,+0000.00,-0000.61,-0010.41
+1580947121.57,-0000.98,+0007.81,+0007.81,-0000.08,-0000.31,-0009.03
+1580947121.58,-0001.95,+0007.81,+0006.84,+0000.08,-0000.77,-0009.11
+1580947121.58,-0000.98,+0007.81,+0006.84,+0000.54,-0000.31,-0009.26
+1580947121.59,-0001.95,+0007.81,+0006.84,+0000.54,+0000.08,-0009.65
+1580947121.59,-0001.95,+0008.79,+0006.84,+0000.61,-0000.54,-0010.57
+1580947121.60,-0000.98,+0008.79,+0006.84,+0000.54,-0000.23,-0010.57
+1580947121.60,-0000.98,+0008.79,+0006.84,+0000.46,+0000.15,-0010.64
+1580947121.61,-0001.95,+0009.77,+0006.84,+0000.38,-0000.08,-0010.57
+1580947121.61,-0000.98,+0009.77,+0006.84,+0000.23,-0000.08,-0010.87
+1580947121.62,-0000.98,+0009.77,+0006.84,+0000.23,+0000.38,-0010.41
+1580947121.62,-0000.98,+0009.77,+0005.86,+0000.00,-0000.08,-0009.95
+1580947121.63,-0001.95,+0009.77,+0005.86,+0000.08,+0000.08,-0010.03
+1580947121.63,-0000.98,+0009.77,+0005.86,+0000.38,+0000.38,-0010.11
+1580947121.64,-0000.98,+0010.74,+0005.86,+0000.23,+0000.15,-0010.11
+1580947121.64,-0000.98,+0010.74,+0004.88,+0000.38,-0000.23,-0010.26
+1580947121.65,-0000.98,+0010.74,+0004.88,+0000.54,+0000.46,-0010.03
+1580947121.65,-0001.95,+0011.72,+0005.86,+0000.61,+0000.23,-0009.95
+1580947121.66,-0001.95,+0010.74,+0004.88,+0000.54,+0000.00,-0010.26
+1580947121.66,-0000.98,+0011.72,+0004.88,+0000.54,+0000.54,-0009.95
+1580947121.67,-0001.95,+0011.72,+0004.88,+0000.31,+0000.38,-0009.88
+1580947121.67,-0001.95,+0011.72,+0004.88,+0000.23,+0000.15,-0010.34
+1580947121.68,-0001.95,+0011.72,+0003.91,+0000.31,+0000.00,-0010.41
+1580947121.68,-0001.95,+0011.72,+0004.88,+0000.38,+0000.69,-0010.49
+1580947121.69,-0001.95,+0011.72,+0003.91,+0000.38,+0000.15,-0010.80
+1580947121.69,-0001.95,+0011.72,+0003.91,+0000.15,-0000.23,-0010.64
+1580947121.70,-0001.95,+0010.74,+0003.91,+0000.54,+0000.54,-0010.18
+1580947121.70,-0001.95,+0010.74,+0003.91,+0000.54,-0000.08,-0010.26
+1580947121.71,-0001.95,+0010.74,+0003.91,+0000.54,-0000.23,-0010.03
+1580947121.71,-0001.95,+0009.77,+0003.91,+0000.46,+0000.15,-0009.72
+1580947121.72,-0001.95,+0009.77,+0003.91,+0000.77,+0000.46,-0009.65
+1580947121.72,-0001.95,+0008.79,+0003.91,+0000.69,+0000.15,-0009.95
+1580947121.73,-0001.95,+0007.81,+0002.93,+0000.69,-0000.15,-0010.49
+1580947121.73,-0000.98,+0007.81,+0003.91,+0000.77,+0000.54,-0010.49
+1580947121.74,-0001.95,+0007.81,+0003.91,+0000.69,+0000.31,-0010.72
+1580947121.74,-0001.95,+0007.81,+0003.91,+0000.54,-0000.31,-0010.80
+1580947121.75,-0000.98,+0006.84,+0002.93,+0000.69,-0000.31,-0010.41
+1580947121.75,-0001.95,+0005.86,+0002.93,+0000.54,+0000.23,-0010.34
+1580947121.76,-0001.95,+0004.88,+0002.93,+0000.54,-0000.15,-0010.03
+1580947121.76,-0000.98,+0004.88,+0002.93,+0000.69,-0000.23,-0009.72
+1580947121.77,-0000.98,+0003.91,+0002.93,+0000.61,+0000.15,-0009.42
+1580947121.77,-0001.95,+0003.91,+0002.93,+0001.00,+0000.15,-0009.42
+1580947121.78,-0000.98,+0002.93,+0002.93,+0000.92,-0000.08,-0009.88
+1580947121.78,-0000.98,+0002.93,+0002.93,+0000.84,-0000.38,-0009.95
+1580947121.79,-0000.98,+0001.95,+0002.93,+0000.92,+0000.23,-0010.26
+1580947121.79,-0000.98,+0001.95,+0002.93,+0000.77,+0000.38,-0010.64
+1580947121.80,-0001.95,+0001.95,+0002.93,+0000.69,-0000.15,-0010.72
+1580947121.80,-0000.98,+0000.98,+0002.93,+0000.84,-0000.46,-0010.57
+1580947121.81,-0000.98,+0000.98,+0002.93,+0000.69,+0000.46,-0009.95
+1580947121.81,-0001.95,+0000.00,+0002.93,+0000.54,+0000.31,-0009.57
+1580947121.82,-0002.93,+0000.00,+0001.95,+0000.54,-0000.23,-0009.49
+1580947121.82,-0002.93,+0000.00,+0001.95,+0000.69,+0000.15,-0008.58
+1580947121.83,-0002.93,-0000.98,+0002.93,+0000.69,+0000.23,-0008.50
+1580947121.83,-0003.91,-0000.98,+0001.95,+0000.54,+0000.15,-0008.35
+1580947121.84,-0003.91,-0000.98,+0002.93,+0000.84,+0000.08,-0008.42
+1580947121.84,-0004.88,-0000.98,+0001.95,+0000.77,-0000.15,-0008.42
+1580947121.85,-0004.88,-0000.98,+0001.95,+0000.84,+0000.38,-0008.73
+1580947121.85,-0005.86,-0000.98,+0002.93,+0000.77,+0000.54,-0008.96
+1580947121.86,-0006.84,-0000.98,+0002.93,+0000.92,-0000.38,-0009.80
+1580947121.86,-0006.84,-0000.98,+0001.95,+0000.69,-0000.08,-0010.11
+1580947121.87,-0006.84,-0000.98,+0002.93,+0000.77,+0000.54,-0009.95
+1580947121.87,-0007.81,-0000.98,+0002.93,+0000.69,+0000.38,-0009.95
+1580947121.88,-0007.81,-0000.98,+0002.93,+0000.54,-0000.46,-0010.11
+1580947121.88,-0007.81,-0000.98,+0002.93,+0000.15,-0000.08,-0009.72
+1580947121.89,-0007.81,-0000.98,+0001.95,+0000.54,+0000.23,-0009.11
+1580947121.89,-0008.79,-0000.98,+0001.95,+0000.54,-0000.23,-0009.19
+1580947121.90,-0009.77,+0000.00,+0001.95,+0000.77,-0000.31,-0008.96
+1580947121.90,-0009.77,+0000.00,+0001.95,+0000.61,+0000.00,-0008.65
+1580947121.91,-0010.74,+0000.00,+0002.93,+0000.46,+0000.08,-0008.58
+1580947121.91,-0009.77,+0000.98,+0001.95,+0000.92,-0000.38,-0012.33
+1580947121.92,-0008.79,+0000.98,+0002.93,+0001.00,-0000.31,-0014.47
+1580947121.92,-0007.81,+0000.98,+0002.93,+0001.15,-0000.77,-0015.47
+1580947121.93,-0005.86,+0001.95,+0001.95,+0000.15,-0000.61,-0015.93
+1580947121.93,-0004.88,+0001.95,+0001.95,+0000.23,-0000.46,-0015.62
+1580947121.94,-0002.93,+0002.93,+0001.95,+0000.38,-0000.69,-0014.16
+1580947121.94,-0001.95,+0002.93,+0001.95,+0000.31,-0001.38,-0011.94
+1580947121.95,+0000.00,+0001.95,+0001.95,-0000.23,-0000.92,-0008.04
+1580947121.95,+0000.00,+0001.95,+0001.95,+0000.46,-0000.69,-0006.89
+1580947121.96,+0000.00,+0001.95,+0001.95,+0000.84,-0000.84,-0006.66
+1580947121.96,+0000.98,+0001.95,+0001.95,+0000.77,-0000.92,-0007.73
+1580947121.97,+0000.98,+0001.95,+0001.95,+0001.07,-0000.92,-0008.65
+1580947121.97,+0001.95,+0001.95,+0001.95,+0001.00,-0000.77,-0009.72
+1580947121.98,+0001.95,+0002.93,+0000.98,+0001.15,-0000.15,-0011.03
+1580947121.98,+0000.98,+0002.93,+0000.98,+0001.07,-0000.15,-0013.17
+1580947121.99,+0000.98,+0003.91,+0001.95,+0000.61,-0000.38,-0013.25
+1580947121.99,+0000.98,+0003.91,+0000.98,+0000.38,-0000.31,-0012.71
+1580947122.00,+0000.98,+0003.91,+0001.95,+0000.15,+0000.31,-0011.41
+1580947122.00,+0000.00,+0003.91,+0000.98,-0000.15,+0000.08,-0009.88
+1580947122.01,-0000.98,+0003.91,+0000.98,+0000.00,-0000.38,-0009.19
+1580947122.01,-0000.98,+0003.91,+0000.98,+0000.08,-0000.23,-0008.58
+1580947122.02,-0000.98,+0002.93,+0000.98,+0000.84,-0000.23,-0007.73
+1580947122.02,-0000.98,+0002.93,+0000.00,+0001.07,-0000.31,-0008.12
+1580947122.03,-0001.95,+0003.91,+0000.98,+0001.30,-0000.31,-0008.80
+1580947122.03,-0001.95,+0003.91,+0000.98,+0001.61,-0000.61,-0009.49
+1580947122.04,-0000.98,+0003.91,+0000.98,+0001.23,-0000.23,-0010.26
+1580947122.04,-0000.98,+0003.91,+0000.98,+0000.92,+0000.08,-0010.87
+1580947122.05,-0001.95,+0003.91,+0000.98,+0000.92,-0000.15,-0011.18
+1580947122.05,-0001.95,+0003.91,+0000.98,+0000.31,-0000.69,-0011.10
+1580947122.06,-0001.95,+0003.91,+0000.98,+0000.23,-0000.23,-0010.57
+1580947122.06,-0001.95,+0002.93,+0000.98,+0000.46,-0000.15,-0010.03
+1580947122.07,-0002.93,+0002.93,+0000.98,+0000.38,-0000.46,-0009.80
+1580947122.07,-0002.93,+0001.95,+0000.98,+0000.69,-0000.54,-0009.65
+1580947122.08,-0001.95,+0001.95,+0000.98,+0000.84,-0000.77,-0009.57
+1580947122.08,-0001.95,+0000.98,+0000.98,+0001.15,-0000.69,-0009.49
+1580947122.09,-0001.95,+0001.95,+0000.98,+0001.07,-0000.23,-0009.65
+1580947122.09,-0001.95,+0000.98,+0000.98,+0001.30,-0000.46,-0009.88
+1580947122.10,-0001.95,+0000.98,+0000.98,+0001.30,-0000.92,-0010.11
+1580947122.10,-0000.98,+0000.98,+0000.98,+0001.15,-0000.38,-0010.11
+1580947122.11,-0001.95,+0000.98,+0000.98,+0000.77,-0000.23,-0010.41
+1580947122.11,-0001.95,+0000.98,+0000.98,+0000.77,-0000.54,-0010.64
+1580947122.12,-0001.95,+0000.98,+0000.98,+0000.61,-0000.84,-0010.72
+1580947122.12,-0001.95,+0000.98,+0001.95,+0000.38,-0000.23,-0010.11
+1580947122.13,-0001.95,+0000.98,+0000.98,+0000.46,-0000.23,-0010.03
+1580947122.13,-0001.95,+0000.98,+0000.98,+0000.69,-0000.77,-0009.88
+1580947122.14,-0001.95,+0000.98,+0000.98,+0000.61,-0000.77,-0009.65
+1580947122.14,-0001.95,+0000.98,+0000.98,+0001.07,-0000.31,-0009.88
+1580947122.15,-0001.95,+0000.98,+0000.98,+0001.15,-0000.61,-0009.88
+1580947122.15,-0001.95,+0000.98,+0001.95,+0001.38,-0000.61,-0009.95
+1580947122.16,-0001.95,+0000.98,+0001.95,+0001.07,-0000.61,-0010.26
+1580947122.16,-0002.93,+0000.00,+0001.95,+0001.23,-0000.54,-0010.18
+1580947122.17,-0001.95,+0000.98,+0001.95,+0000.92,-0000.31,-0010.41
+1580947122.17,-0002.93,+0000.00,+0001.95,+0001.15,-0000.54,-0010.49
+1580947122.18,-0002.93,+0000.00,+0001.95,+0000.69,-0000.77,-0010.34
+1580947122.18,-0001.95,-0000.98,+0001.95,+0000.84,-0000.61,-0010.11
+1580947122.19,-0002.93,-0000.98,+0001.95,+0000.92,-0000.46,-0010.03
+1580947122.19,-0002.93,-0000.98,+0001.95,+0001.15,-0000.92,-0010.03
+1580947122.20,-0001.95,-0001.95,+0002.93,+0001.07,-0001.00,-0010.34
+1580947122.20,-0001.95,-0001.95,+0002.93,+0001.23,-0001.07,-0010.41
+1580947122.21,-0000.98,-0001.95,+0002.93,+0001.23,-0001.00,-0011.25
+1580947122.21,+0000.00,-0002.93,+0002.93,+0001.30,-0000.38,-0011.71
+1580947122.22,+0000.00,-0002.93,+0002.93,+0000.92,-0000.31,-0011.64
+1580947122.22,+0000.00,-0003.91,+0002.93,+0000.61,-0000.77,-0011.10
+1580947122.23,+0000.98,-0003.91,+0002.93,+0000.61,-0000.38,-0010.57
+1580947122.23,+0000.98,-0003.91,+0002.93,+0000.69,-0000.23,-0010.03
+1580947122.24,+0000.98,-0004.88,+0002.93,+0000.69,-0000.54,-0009.65
+1580947122.24,+0001.95,-0005.86,+0002.93,+0000.61,-0000.46,-0009.80
+1580947122.25,+0001.95,-0005.86,+0002.93,+0001.53,-0000.69,-0010.18
+1580947122.25,+0002.93,-0004.88,+0002.93,+0001.61,-0000.31,-0010.57
+1580947122.26,+0002.93,-0004.88,+0003.91,+0001.68,-0000.38,-0010.57
+1580947122.26,+0002.93,-0004.88,+0004.88,+0001.76,-0000.61,-0010.41
+1580947122.27,+0002.93,-0004.88,+0004.88,+0001.53,-0000.23,-0009.80
+1580947122.27,+0002.93,-0004.88,+0004.88,+0001.00,-0000.08,-0009.57
+1580947122.28,+0001.95,-0004.88,+0004.88,+0000.84,-0000.08,-0009.49
+1580947122.28,+0001.95,-0004.88,+0004.88,+0000.38,+0000.23,-0009.26
+1580947122.29,+0000.98,-0004.88,+0004.88,+0000.46,+0000.15,-0009.26
+1580947122.29,+0000.98,-0004.88,+0004.88,+0000.46,+0000.23,-0009.57
+1580947122.30,+0000.00,-0004.88,+0004.88,+0000.54,-0000.08,-0009.72
+1580947122.30,+0000.00,-0004.88,+0004.88,+0000.69,+0000.46,-0010.11
+1580947122.31,+0000.00,-0003.91,+0004.88,+0000.84,+0000.31,-0010.18
+1580947122.31,-0000.98,-0003.91,+0004.88,+0000.84,-0000.08,-0010.41
+1580947122.32,-0000.98,-0003.91,+0004.88,+0000.84,+0000.08,-0010.11
+1580947122.32,-0000.98,-0003.91,+0004.88,+0000.84,+0000.08,-0009.88
+1580947122.33,-0001.95,-0002.93,+0004.88,+0000.77,+0000.15,-0009.72
+1580947122.33,-0001.95,-0002.93,+0004.88,+0000.77,+0000.00,-0009.65
+1580947122.34,-0001.95,-0002.93,+0004.88,+0000.61,-0000.38,-0009.42
+1580947122.34,-0001.95,-0002.93,+0004.88,+0000.46,+0000.08,-0009.49
+1580947122.35,-0001.95,-0001.95,+0004.88,+0000.31,+0000.15,-0009.57
+1580947122.35,-0002.93,-0001.95,+0004.88,+0000.31,-0000.61,-0010.11
+1580947122.36,-0001.95,-0001.95,+0003.91,+0000.46,-0000.69,-0010.26
+1580947122.36,-0001.95,-0001.95,+0003.91,+0000.46,-0000.23,-0010.18
+1580947122.37,-0001.95,-0001.95,+0003.91,+0000.38,-0000.15,-0010.34
+1580947122.37,-0002.93,-0001.95,+0003.91,+0000.69,-0000.54,-0010.49
+1580947122.38,-0001.95,-0001.95,+0003.91,+0000.61,-0000.69,-0010.34
+1580947122.38,-0001.95,-0001.95,+0003.91,+0000.54,-0000.54,-0010.11
+1580947122.39,-0001.95,-0000.98,+0003.91,+0000.61,-0000.54,-0009.95
+1580947122.39,-0002.93,-0000.98,+0003.91,+0000.54,-0000.46,-0010.03
+1580947122.40,-0001.95,-0000.98,+0003.91,+0000.54,-0000.69,-0010.11
+1580947122.40,-0001.95,-0000.98,+0002.93,+0000.61,-0000.77,-0010.03
+1580947122.41,-0001.95,+0000.00,+0002.93,+0000.54,-0000.38,-0009.95
+1580947122.41,-0002.93,+0000.00,+0002.93,+0000.69,-0000.61,-0010.26
+1580947122.42,-0001.95,+0000.00,+0002.93,+0000.54,-0000.46,-0010.34
+1580947122.42,-0001.95,+0000.00,+0003.91,+0000.54,-0000.69,-0010.49
+1580947122.43,-0001.95,+0000.00,+0002.93,+0000.69,-0000.31,-0010.26
+1580947122.43,-0001.95,+0000.98,+0002.93,+0000.69,-0000.54,-0010.11
+1580947122.44,-0001.95,+0000.98,+0002.93,+0000.23,-0000.69,-0010.34
+1580947122.44,-0001.95,+0000.98,+0002.93,+0000.54,-0000.46,-0010.34
+1580947122.45,-0000.98,+0001.95,+0002.93,+0000.69,-0000.61,-0009.88
+1580947122.45,-0000.98,+0001.95,+0002.93,+0000.61,-0000.38,-0009.80
+1580947122.46,-0001.95,+0001.95,+0002.93,+0000.69,-0000.23,-0010.11
+1580947122.46,-0001.95,+0002.93,+0002.93,+0000.92,-0000.92,-0010.03
+1580947122.47,-0000.98,+0002.93,+0002.93,+0000.61,-0000.23,-0010.03
+1580947122.47,-0000.98,+0002.93,+0002.93,+0000.69,-0000.15,-0009.95
+1580947122.48,-0000.98,+0002.93,+0002.93,+0000.84,-0000.84,-0009.95
+1580947122.48,-0000.98,+0003.91,+0002.93,+0000.77,-0000.46,-0010.03
+1580947122.49,-0000.98,+0003.91,+0002.93,+0000.84,-0000.23,-0009.88
+1580947122.49,-0000.98,+0003.91,+0002.93,+0000.92,-0000.54,-0009.88
+1580947122.50,-0000.98,+0003.91,+0002.93,+0000.77,-0000.77,-0010.03
+1580947122.50,-0000.98,+0003.91,+0002.93,+0001.07,-0000.23,-0009.88
+1580947122.51,-0001.95,+0004.88,+0003.91,+0001.00,-0000.15,-0010.11
+1580947122.51,-0000.98,+0004.88,+0003.91,+0000.84,-0000.23,-0010.49
+1580947122.52,-0000.98,+0004.88,+0003.91,+0000.92,-0000.38,-0010.72
+1580947122.52,-0000.98,+0004.88,+0003.91,+0001.07,-0000.61,-0010.18
+1580947122.53,-0000.98,+0004.88,+0003.91,+0000.84,+0000.00,-0010.18
+1580947122.53,-0001.95,+0004.88,+0003.91,+0001.00,-0000.46,-0010.49
+1580947122.54,-0001.95,+0004.88,+0003.91,+0001.00,-0000.92,-0010.41
+1580947122.54,-0000.98,+0004.88,+0003.91,+0001.00,-0000.38,-0010.11
+1580947122.55,-0000.98,+0004.88,+0003.91,+0001.07,-0000.08,-0009.88
+1580947122.55,-0000.98,+0004.88,+0004.88,+0001.15,-0000.31,-0010.11
+1580947122.56,-0000.98,+0004.88,+0004.88,+0001.23,-0000.69,-0010.11
+1580947122.56,-0000.98,+0004.88,+0004.88,+0000.92,-0000.46,-0009.95
+1580947122.57,-0000.98,+0004.88,+0004.88,+0001.07,+0000.00,-0009.72
+1580947122.57,-0001.95,+0004.88,+0004.88,+0001.07,-0000.15,-0009.80
+1580947122.58,-0001.95,+0004.88,+0004.88,+0001.00,-0000.46,-0010.03
+1580947122.58,-0000.98,+0004.88,+0004.88,+0000.84,-0000.31,-0010.11
+1580947122.59,-0001.95,+0004.88,+0005.86,+0001.23,+0000.31,-0010.18
+1580947122.59,-0001.95,+0004.88,+0005.86,+0001.23,+0000.00,-0010.34
+1580947122.60,-0001.95,+0004.88,+0005.86,+0001.38,-0000.54,-0010.41
+1580947122.60,-0001.95,+0004.88,+0006.84,+0001.68,+0000.31,-0010.41
+1580947122.61,-0001.95,+0004.88,+0006.84,+0001.68,+0000.15,-0010.34
+1580947122.61,-0002.93,+0004.88,+0007.81,+0001.38,-0000.23,-0010.34
+1580947122.62,-0001.95,+0004.88,+0007.81,+0001.53,-0000.46,-0010.18
+1580947122.62,-0002.93,+0004.88,+0007.81,+0001.23,+0000.08,-0010.03
+1580947122.63,-0002.93,+0004.88,+0007.81,+0001.38,-0000.15,-0009.80
+1580947122.63,-0002.93,+0004.88,+0007.81,+0000.84,-0000.15,-0009.88
+1580947122.64,-0002.93,+0004.88,+0008.79,+0001.00,-0000.31,-0009.95
+1580947122.64,-0002.93,+0003.91,+0008.79,+0001.30,-0000.31,-0009.49
+1580947122.65,-0002.93,+0003.91,+0008.79,+0001.15,+0000.08,-0009.57
+1580947122.65,-0002.93,+0003.91,+0008.79,+0000.84,-0000.08,-0009.49
+1580947122.66,-0003.91,+0003.91,+0008.79,+0001.15,-0000.54,-0009.80
+1580947122.66,-0002.93,+0003.91,+0008.79,+0000.92,-0000.15,-0009.72
+1580947122.67,-0002.93,+0003.91,+0008.79,+0001.30,+0000.23,-0009.80
+1580947122.67,-0003.91,+0003.91,+0008.79,+0001.45,-0000.38,-0010.18
+1580947122.68,-0003.91,+0003.91,+0009.77,+0001.53,-0000.46,-0010.11
+1580947122.68,-0003.91,+0003.91,+0009.77,+0001.45,-0000.15,-0009.88
+1580947122.69,-0003.91,+0003.91,+0010.74,+0001.61,+0000.23,-0010.18
+1580947122.69,-0004.88,+0003.91,+0010.74,+0001.91,-0000.31,-0010.11
+1580947122.70,-0004.88,+0003.91,+0011.72,+0001.91,-0000.31,-0010.11
+1580947122.70,-0004.88,+0003.91,+0011.72,+0001.68,-0000.31,-0010.49
+1580947122.71,-0004.88,+0003.91,+0012.70,+0001.53,-0000.08,-0010.03
+1580947122.71,-0004.88,+0003.91,+0012.70,+0001.30,+0000.00,-0010.18
+1580947122.72,-0004.88,+0003.91,+0013.67,+0001.68,-0000.61,-0010.34
+1580947122.72,-0004.88,+0003.91,+0013.67,+0001.38,-0001.07,-0010.41
+1580947122.73,-0003.91,+0003.91,+0013.67,+0001.23,-0000.08,-0010.49
+1580947122.73,-0003.91,+0003.91,+0013.67,+0001.23,-0000.15,-0010.41
+1580947122.74,-0003.91,+0002.93,+0013.67,+0001.07,-0000.84,-0009.65
+1580947122.74,-0004.88,+0002.93,+0013.67,+0001.00,+0000.84,-0009.57
+1580947122.75,-0010.74,+0002.93,+0013.67,+0001.91,+0003.22,-0013.09
+1580947122.75,-0014.65,+0003.91,+0013.67,+0001.99,+0002.60,-0016.31
+1580947122.76,-0014.65,+0003.91,+0014.65,+0000.31,+0001.15,-0016.69
+1580947122.76,-0011.72,+0001.95,+0014.65,+0000.15,+0000.31,-0011.41
+1580947122.77,-0010.74,+0001.95,+0014.65,+0000.15,-0000.15,-0007.96
+1580947122.77,-0011.72,+0000.98,+0013.67,+0000.15,-0000.77,-0006.12
+1580947122.78,-0011.72,-0000.98,+0013.67,+0000.31,-0000.92,-0006.05
+1580947122.78,-0011.72,-0000.98,+0013.67,+0001.38,-0001.76,-0007.35
+1580947122.79,-0008.79,-0000.98,+0014.65,+0001.45,-0001.53,-0006.81
+1580947122.79,-0007.81,+0000.00,+0016.60,+0000.92,-0001.07,-0007.12
+1580947122.80,-0007.81,-0000.98,+0016.60,+0002.22,-0000.31,-0007.73
+1580947122.80,-0007.81,+0000.00,+0016.60,+0002.53,-0000.08,-0008.88
+1580947122.81,-0008.79,+0000.98,+0016.60,+0001.99,-0000.46,-0010.57
+1580947122.81,-0007.81,+0001.95,+0015.62,+0002.60,-0000.69,-0011.64
+1580947122.82,-0006.84,+0001.95,+0014.65,+0002.45,+0000.23,-0012.56
+1580947122.82,-0006.84,+0003.91,+0014.65,+0002.76,-0000.15,-0011.71
+1580947122.83,-0005.86,+0003.91,+0015.62,+0002.14,-0000.61,-0011.10
+1580947122.83,-0005.86,+0003.91,+0015.62,+0001.45,-0001.23,-0010.72
+1580947122.84,-0005.86,+0003.91,+0017.58,+0001.45,-0001.45,-0009.95
+1580947122.84,-0003.91,+0004.88,+0018.55,+0001.00,-0001.07,-0009.65
+1580947122.85,-0002.93,+0004.88,+0019.53,+0000.46,-0001.00,-0008.96
+1580947122.85,-0001.95,+0004.88,+0020.51,+0000.54,-0001.76,-0008.50
+1580947122.86,-0001.95,+0004.88,+0019.53,+0000.31,-0001.61,-0008.88
+1580947122.86,-0000.98,+0003.91,+0019.53,+0000.69,-0001.53,-0008.96
+1580947122.87,-0000.98,+0004.88,+0018.55,+0001.38,-0000.38,-0010.34
+1580947122.87,-0000.98,+0005.86,+0018.55,+0001.45,-0000.77,-0010.64
+1580947122.88,-0000.98,+0005.86,+0018.55,+0001.61,-0000.77,-0010.72
+1580947122.88,-0000.98,+0007.81,+0018.55,+0001.84,+0000.08,-0011.41
+1580947122.89,-0002.93,+0007.81,+0018.55,+0001.68,-0000.08,-0011.48
+1580947122.89,-0002.93,+0008.79,+0019.53,+0001.53,-0000.08,-0011.33
+1580947122.90,-0002.93,+0009.77,+0019.53,+0001.38,+0000.00,-0011.41
+1580947122.90,-0002.93,+0009.77,+0019.53,+0001.07,-0000.23,-0009.88
+1580947122.91,-0002.93,+0009.77,+0020.51,+0001.15,-0000.38,-0009.57
+1580947122.91,-0002.93,+0009.77,+0020.51,+0000.92,-0000.77,-0009.34
+1580947122.92,-0002.93,+0009.77,+0020.51,+0000.77,-0001.30,-0008.96
+1580947122.92,-0001.95,+0008.79,+0020.51,+0000.84,-0000.46,-0008.35
+1580947122.93,-0001.95,+0007.81,+0020.51,+0000.92,-0000.84,-0008.65
+1580947122.93,-0002.93,+0007.81,+0020.51,+0000.92,-0001.15,-0008.88
+1580947122.94,-0001.95,+0007.81,+0020.51,+0001.15,-0000.77,-0009.57
+1580947122.94,-0002.93,+0006.84,+0019.53,+0001.23,-0000.61,-0009.80
+1580947122.95,-0002.93,+0006.84,+0019.53,+0001.45,-0000.23,-0009.88
+1580947122.95,-0003.91,+0007.81,+0019.53,+0001.61,+0000.00,-0010.49
+1580947122.96,-0004.88,+0006.84,+0019.53,+0001.53,-0000.69,-0010.64
+1580947122.96,-0004.88,+0006.84,+0019.53,+0001.84,-0000.08,-0010.72
+1580947122.97,-0003.91,+0006.84,+0019.53,+0001.76,-0000.08,-0010.49
+1580947122.97,-0003.91,+0006.84,+0020.51,+0001.53,-0000.69,-0009.65
+1580947122.98,-0003.91,+0005.86,+0021.48,+0002.07,-0000.46,-0008.96
+1580947122.98,-0004.88,+0005.86,+0021.48,+0001.99,-0000.54,-0009.26
+1580947122.99,-0004.88,+0006.84,+0022.46,+0002.07,-0001.00,-0009.42
+1580947122.99,-0004.88,+0006.84,+0023.44,+0002.45,-0000.38,-0010.57
+1580947123.00,-0004.88,+0005.86,+0024.41,+0002.30,-0001.00,-0010.18
+1580947123.00,-0003.91,+0005.86,+0024.41,+0002.45,-0000.61,-0010.11
+1580947123.01,-0004.88,+0006.84,+0024.41,+0002.30,-0000.08,-0010.95
+1580947123.01,-0005.86,+0004.88,+0024.41,+0002.60,-0001.15,-0010.72
+1580947123.02,-0003.91,+0005.86,+0025.39,+0002.30,-0000.15,-0011.10
+1580947123.02,-0003.91,+0005.86,+0025.39,+0002.14,-0000.31,-0010.87
+1580947123.03,-0002.93,+0004.88,+0026.37,+0001.68,-0001.30,-0009.19
+1580947123.03,-0001.95,+0004.88,+0026.37,+0001.61,-0000.54,-0009.72
+1580947123.04,-0003.91,+0003.91,+0026.37,+0001.76,-0001.15,-0009.72
+1580947123.04,-0002.93,+0003.91,+0027.34,+0001.68,-0001.07,-0010.11
+1580947123.05,-0002.93,+0002.93,+0026.37,+0001.38,-0000.54,-0010.95
+1580947123.05,-0001.95,+0002.93,+0027.34,+0002.14,-0000.69,-0010.57
+1580947123.06,-0001.95,+0003.91,+0027.34,+0001.68,+0000.08,-0010.80
+1580947123.06,-0003.91,+0001.95,+0026.37,+0002.14,-0001.15,-0010.49
+1580947123.07,-0001.95,+0001.95,+0026.37,+0001.91,-0000.23,-0010.57
+1580947123.07,-0001.95,+0002.93,+0027.34,+0001.91,-0000.15,-0010.11
+1580947123.08,-0001.95,+0001.95,+0027.34,+0001.68,-0000.77,-0009.11
+1580947123.08,-0000.98,+0000.98,+0028.32,+0001.91,-0000.08,-0008.96
+1580947123.08,-0002.93,+0001.95,+0028.32,+0002.07,-0000.38,-0008.88
+1580947123.09,-0002.93,+0001.95,+0029.30,+0002.07,-0000.23,-0009.49
+1580947123.09,-0002.93,+0000.98,+0029.30,+0001.91,-0000.08,-0010.03
+1580947123.10,-0002.93,+0000.98,+0029.30,+0002.14,+0000.46,-0010.34
+1580947123.10,-0003.91,+0001.95,+0029.30,+0001.53,+0000.54,-0010.64
+1580947123.11,-0004.88,+0000.00,+0029.30,+0001.76,-0000.38,-0010.34
+1580947123.11,-0003.91,+0000.00,+0029.30,+0001.84,+0000.23,-0009.88
+1580947123.12,-0004.88,+0000.98,+0029.30,+0001.61,-0000.08,-0009.11
+1580947123.12,-0004.88,+0000.00,+0029.30,+0001.76,-0000.23,-0008.88
+1580947123.13,-0004.88,+0000.00,+0030.27,+0002.14,-0000.15,-0009.11
+1580947123.13,-0004.88,+0000.00,+0031.25,+0001.91,+0000.00,-0009.57
+1580947123.14,-0004.88,+0000.98,+0031.25,+0001.76,+0000.23,-0010.57
+1580947123.14,-0005.86,-0000.98,+0031.25,+0001.84,-0000.23,-0010.80
+1580947123.15,-0004.88,+0000.00,+0031.25,+0001.61,+0000.69,-0011.48
+1580947123.15,-0005.86,+0000.00,+0031.25,+0001.61,-0000.08,-0011.25
+1580947123.16,-0005.86,-0001.95,+0031.25,+0001.84,-0000.69,-0010.64
+1580947123.16,-0003.91,-0000.98,+0031.25,+0002.14,+0000.08,-0010.18
+1580947123.17,-0003.91,-0000.98,+0031.25,+0001.30,-0000.77,-0008.58
+1580947123.17,-0003.91,-0001.95,+0032.23,+0001.53,-0000.46,-0008.65
+1580947123.18,-0004.88,-0001.95,+0032.23,+0001.53,-0000.15,-0009.26
+1580947123.18,-0004.88,-0001.95,+0033.20,+0001.76,+0000.00,-0009.88
+1580947123.19,-0004.88,-0001.95,+0032.23,+0001.68,+0000.08,-0010.57
+1580947123.19,-0004.88,-0002.93,+0033.20,+0001.99,-0000.23,-0010.80
+1580947123.20,-0004.88,-0001.95,+0033.20,+0002.60,+0000.23,-0010.87
+1580947123.20,-0005.86,-0001.95,+0033.20,+0001.45,-0000.15,-0011.03
+1580947123.21,-0004.88,-0002.93,+0033.20,+0001.91,-0000.54,-0010.34
+1580947123.21,-0004.88,-0001.95,+0033.20,+0001.68,+0000.15,-0010.11
+1580947123.22,-0004.88,-0001.95,+0033.20,+0001.30,-0001.00,-0008.58
+1580947123.22,-0003.91,-0002.93,+0033.20,+0001.61,-0000.84,-0008.12
+1580947123.23,-0002.93,-0002.93,+0033.20,+0001.61,-0000.69,-0007.96
+1580947123.23,-0001.95,-0001.95,+0034.18,+0001.84,-0000.92,-0007.50
+1580947123.24,+0000.00,-0001.95,+0034.18,+0002.14,-0001.07,-0007.43
+1580947123.24,+0000.98,-0001.95,+0036.13,+0002.53,-0001.15,-0007.27
+1580947123.25,+0002.93,-0000.98,+0037.11,+0002.53,-0001.45,-0006.89
+1580947123.25,+0002.93,+0000.00,+0038.09,+0002.60,-0000.92,-0007.73
+1580947123.26,+0001.95,+0000.00,+0038.09,+0003.29,-0000.54,-0009.49
+1580947123.26,+0000.98,+0001.95,+0038.09,+0003.06,-0000.15,-0012.40
+1580947123.27,+0001.95,+0002.93,+0038.09,+0002.68,-0000.46,-0014.32
+1580947123.27,+0005.86,+0001.95,+0037.11,+0002.68,-0000.92,-0013.32
+1580947123.28,+0007.81,+0003.91,+0038.09,+0001.91,-0001.38,-0011.41
+1580947123.28,+0007.81,+0002.93,+0037.11,+0001.99,-0002.22,-0009.57
+1580947123.29,+0009.77,+0002.93,+0038.09,+0002.30,-0002.99,-0003.90
+1580947123.29,+0008.79,+0002.93,+0039.06,+0004.13,+0002.30,-0010.26
+1580947123.30,-0006.84,+0003.91,+0041.02,+0002.14,+0001.61,-0015.62
+1580947123.30,-0005.86,+0006.84,+0043.95,+0004.13,-0000.46,-0018.83
+1580947123.31,+0000.98,+0007.81,+0044.92,-0000.84,+0001.91,-0012.56
+1580947123.31,-0002.93,+0003.91,+0042.97,+0000.46,+0000.15,-0009.49
+1580947123.32,-0009.77,+0003.91,+0040.04,-0001.07,+0000.54,-0009.11
+1580947123.32,-0013.67,+0001.95,+0037.11,-0001.45,+0000.31,-0010.95
+1580947123.33,-0009.77,-0000.98,+0036.13,+0000.61,-0000.15,-0008.50
+1580947123.33,-0005.86,+0000.00,+0037.11,+0001.07,+0000.15,-0005.05
+1580947123.34,-0006.84,+0000.98,+0037.11,+0000.54,-0000.69,-0003.90
+1580947123.34,-0009.77,+0000.00,+0038.09,+0002.99,-0000.61,-0007.50
+1580947123.35,-0009.77,+0001.95,+0039.06,+0003.14,-0000.23,-0009.57
+1580947123.35,-0007.81,+0003.91,+0040.04,+0003.68,-0000.61,-0010.64
+1580947123.36,-0005.86,+0003.91,+0041.02,+0003.37,-0000.38,-0010.87
+1580947123.36,-0007.81,+0005.86,+0041.02,+0003.60,+0000.15,-0011.56
+1580947123.37,-0009.77,+0006.84,+0041.99,+0002.91,-0000.46,-0012.10
+1580947123.37,-0009.77,+0006.84,+0041.99,+0002.60,-0000.54,-0011.79
+1580947123.38,-0008.79,+0006.84,+0042.97,+0000.84,-0000.38,-0009.57
+1580947123.38,-0008.79,+0006.84,+0042.97,+0000.38,-0000.84,-0008.50
+1580947123.39,-0009.77,+0005.86,+0041.99,-0000.54,-0001.07,-0007.66
+1580947123.39,-0010.74,+0004.88,+0041.02,+0000.38,-0000.54,-0008.04
+1580947123.40,-0011.72,+0005.86,+0040.04,+0000.84,-0000.84,-0008.19
+1580947123.40,-0010.74,+0004.88,+0040.04,+0001.53,-0000.69,-0007.58
+1580947123.41,-0010.74,+0004.88,+0040.04,+0001.30,-0000.23,-0006.97
+1580947123.41,-0012.70,+0005.86,+0040.04,+0001.84,-0000.31,-0006.66
+1580947123.42,-0014.65,+0006.84,+0040.04,+0002.22,+0000.38,-0006.74
+1580947123.42,-0015.62,+0007.81,+0040.04,+0002.53,+0000.77,-0006.66
+1580947123.43,-0016.60,+0008.79,+0041.02,+0002.22,+0000.08,-0008.50
+1580947123.43,-0014.65,+0008.79,+0041.02,+0001.53,+0000.00,-0013.78
+1580947123.44,-0013.67,+0008.79,+0041.02,+0002.60,-0000.69,-0016.08
+1580947123.44,-0012.70,+0009.77,+0041.02,+0003.06,-0001.38,-0017.30
+1580947123.45,-0012.70,+0009.77,+0041.99,+0002.30,-0001.45,-0017.00
+1580947123.45,-0010.74,+0009.77,+0042.97,+0001.68,-0002.07,-0015.16
+1580947123.46,-0008.79,+0007.81,+0042.97,+0001.00,-0002.07,-0012.33
+1580947123.46,-0006.84,+0005.86,+0042.97,+0001.23,-0001.76,-0009.57
+1580947123.47,-0006.84,+0003.91,+0042.97,+0001.84,-0001.84,-0006.35
+1580947123.47,-0006.84,+0002.93,+0042.97,+0001.99,-0001.61,-0005.97
+1580947123.48,-0005.86,+0002.93,+0042.97,+0002.60,-0001.07,-0006.35
+1580947123.48,-0004.88,+0002.93,+0043.95,+0003.37,-0000.69,-0007.96
+1580947123.49,-0005.86,+0003.91,+0044.92,+0003.75,-0000.31,-0009.57
+1580947123.49,-0005.86,+0004.88,+0045.90,+0003.98,-0000.08,-0011.56
+1580947123.50,-0004.88,+0005.86,+0045.90,+0003.14,-0000.46,-0012.56
+1580947123.50,-0001.95,+0005.86,+0045.90,+0001.99,-0001.07,-0010.03
+1580947123.51,-0001.95,+0004.88,+0044.92,+0001.68,+0000.54,-0010.80
+1580947123.51,-0006.84,+0003.91,+0044.92,+0001.07,+0000.15,-0011.10
+1580947123.52,-0009.77,+0004.88,+0044.92,+0002.45,+0000.69,-0014.01
+1580947123.52,-0007.81,+0005.86,+0044.92,+0000.15,-0000.61,-0012.56
+1580947123.53,-0003.91,+0002.93,+0044.92,+0000.31,-0000.54,-0008.58
+1580947123.53,-0004.88,+0001.95,+0043.95,-0000.54,+0000.38,-0006.28
+1580947123.54,-0009.77,+0000.98,+0041.99,+0001.38,-0000.46,-0007.50
+1580947123.54,-0010.74,+0000.98,+0041.99,+0002.14,+0000.08,-0008.88
+1580947123.55,-0008.79,+0001.95,+0041.99,+0001.99,-0000.08,-0009.34
+1580947123.55,-0006.84,+0002.93,+0042.97,+0002.22,-0000.23,-0008.04
+1580947123.56,-0006.84,+0002.93,+0042.97,+0002.76,-0000.08,-0007.81
+1580947123.56,-0009.77,+0002.93,+0042.97,+0002.99,+0001.53,-0009.95
+1580947123.57,-0013.67,+0003.91,+0042.97,+0003.14,+0001.99,-0013.40
+1580947123.57,-0014.65,+0005.86,+0043.95,+0002.22,+0001.30,-0016.38
+1580947123.58,-0013.67,+0005.86,+0043.95,+0000.00,+0000.92,-0015.47
+1580947123.58,-0011.72,+0003.91,+0043.95,-0000.31,-0000.15,-0011.87
+1580947123.59,-0009.77,+0001.95,+0041.99,-0000.92,-0000.46,-0009.65
+1580947123.59,-0010.74,+0000.00,+0040.04,+0000.15,-0001.00,-0006.81
+1580947123.60,-0010.74,-0000.98,+0039.06,+0000.46,-0000.77,-0006.89
+1580947123.60,-0009.77,-0000.98,+0039.06,+0001.53,-0000.84,-0007.27
+1580947123.61,-0007.81,+0000.00,+0040.04,+0002.76,-0000.15,-0008.35
+1580947123.61,-0007.81,+0000.00,+0040.04,+0003.37,+0000.31,-0009.26
+1580947123.62,-0008.79,+0000.00,+0041.02,+0003.06,+0000.92,-0011.18
+1580947123.62,-0009.77,+0000.98,+0041.99,+0003.22,+0000.77,-0012.71
+1580947123.63,-0009.77,+0000.98,+0041.99,+0001.91,+0000.38,-0013.02
+1580947123.63,-0007.81,+0000.00,+0041.02,+0001.45,+0000.38,-0012.17
+1580947123.64,-0007.81,-0000.98,+0040.04,+0000.54,+0000.00,-0010.49
+1580947123.64,-0008.79,-0002.93,+0038.09,+0000.00,-0000.31,-0007.96
+1580947123.65,-0008.79,-0003.91,+0037.11,+0000.15,-0000.69,-0007.73
+1580947123.65,-0007.81,-0003.91,+0037.11,+0000.84,-0000.84,-0007.96
+1580947123.66,-0006.84,-0003.91,+0037.11,+0000.69,-0000.38,-0007.89
+1580947123.66,-0006.84,-0003.91,+0037.11,+0001.15,-0000.54,-0008.65
+1580947123.67,-0005.86,-0003.91,+0037.11,+0001.99,-0000.15,-0009.72
+1580947123.67,-0005.86,-0002.93,+0038.09,+0002.30,-0000.15,-0011.25
+1580947123.68,-0005.86,-0002.93,+0038.09,+0002.45,-0000.31,-0011.87
+1580947123.68,-0004.88,-0001.95,+0038.09,+0001.91,+0000.15,-0012.40
+1580947123.69,-0004.88,-0001.95,+0037.11,+0001.91,+0000.08,-0012.25
+1580947123.69,-0004.88,-0001.95,+0037.11,+0001.84,-0000.31,-0011.18
+1580947123.70,-0004.88,-0001.95,+0037.11,+0000.92,+0000.15,-0010.34
+1580947123.70,-0005.86,-0001.95,+0036.13,+0001.30,-0000.31,-0009.42
+1580947123.71,-0004.88,-0002.93,+0036.13,+0001.00,+0000.08,-0008.96
+1580947123.71,-0005.86,-0002.93,+0036.13,+0000.84,-0000.08,-0008.65
+1580947123.72,-0005.86,-0002.93,+0035.16,+0001.07,-0000.15,-0008.80
+1580947123.72,-0005.86,-0002.93,+0035.16,+0001.30,+0000.31,-0009.34
+1580947123.73,-0006.84,-0002.93,+0035.16,+0001.15,+0000.00,-0009.80
+1580947123.73,-0004.88,-0001.95,+0035.16,+0001.68,+0000.15,-0010.11
+1580947123.74,-0004.88,-0001.95,+0035.16,+0001.84,+0000.00,-0010.03
+1580947123.74,-0004.88,-0001.95,+0035.16,+0001.61,-0000.15,-0009.80
+1580947123.75,-0004.88,-0001.95,+0035.16,+0001.91,+0000.15,-0009.88
+1580947123.75,-0006.84,-0001.95,+0035.16,+0001.53,+0000.08,-0010.80
+1580947123.76,-0006.84,-0000.98,+0035.16,+0001.30,+0000.15,-0011.33
+1580947123.76,-0006.84,-0001.95,+0035.16,+0001.45,+0000.31,-0012.02
+1580947123.77,-0005.86,-0001.95,+0034.18,+0000.77,-0000.23,-0009.95
+1580947123.77,-0005.86,-0001.95,+0033.20,+0000.92,+0000.08,-0009.72
+1580947123.78,-0006.84,-0002.93,+0033.20,+0001.15,-0000.46,-0009.26
+1580947123.78,-0007.81,-0002.93,+0033.20,+0001.07,-0000.15,-0009.88
+1580947123.79,-0006.84,-0002.93,+0033.20,+0001.53,-0000.69,-0010.26
+1580947123.79,-0005.86,-0003.91,+0033.20,+0001.30,-0000.61,-0009.65
+1580947123.80,-0004.88,-0003.91,+0033.20,+0001.53,-0000.61,-0009.65
+1580947123.80,-0005.86,-0003.91,+0033.20,+0001.91,-0000.77,-0009.34
+1580947123.81,-0005.86,-0003.91,+0033.20,+0001.68,-0000.38,-0009.42
+1580947123.81,-0006.84,-0003.91,+0033.20,+0002.14,-0000.38,-0009.72
+1580947123.82,-0005.86,-0003.91,+0033.20,+0001.68,-0000.69,-0009.80
+1580947123.82,-0004.88,-0004.88,+0033.20,+0001.23,-0000.46,-0010.95
+1580947123.83,-0004.88,-0004.88,+0033.20,+0001.00,-0000.61,-0010.41
+1580947123.83,-0004.88,-0005.86,+0033.20,+0001.30,-0000.69,-0009.72
+1580947123.84,-0005.86,-0005.86,+0032.23,+0001.23,-0000.84,-0011.71
+1580947123.84,-0005.86,-0005.86,+0032.23,+0001.61,-0000.92,-0011.94
+1580947123.85,-0003.91,-0005.86,+0032.23,+0001.53,-0001.00,-0011.25
+1580947123.85,-0002.93,-0006.84,+0032.23,+0001.53,-0000.92,-0009.57
+1580947123.86,-0003.91,-0006.84,+0033.20,+0001.61,-0000.69,-0008.65
+1580947123.86,-0003.91,-0007.81,+0033.20,+0001.84,-0000.69,-0008.58
+1580947123.87,-0004.88,-0006.84,+0033.20,+0001.38,-0000.54,-0009.19
+1580947123.87,-0004.88,-0007.81,+0033.20,+0001.68,-0000.54,-0009.57
+1580947123.88,-0004.88,-0007.81,+0033.20,+0001.30,-0000.46,-0009.57
+1580947123.88,-0004.88,-0007.81,+0033.20,+0001.45,-0000.54,-0009.72
+1580947123.89,-0004.88,-0007.81,+0033.20,+0001.84,-0000.69,-0009.34
+1580947123.89,-0004.88,-0007.81,+0032.23,+0001.45,-0000.84,-0009.72
+1580947123.90,-0005.86,-0007.81,+0032.23,+0001.99,-0000.77,-0010.11
+1580947123.90,-0005.86,-0007.81,+0032.23,+0001.76,-0000.23,-0010.41
+1580947123.91,-0006.84,-0006.84,+0032.23,+0001.61,-0000.23,-0011.03
+1580947123.91,-0005.86,-0006.84,+0033.20,+0001.38,-0000.69,-0010.49
+1580947123.92,-0005.86,-0006.84,+0033.20,+0001.23,-0000.46,-0010.11
+1580947123.92,-0004.88,-0006.84,+0033.20,+0001.61,-0001.07,-0008.80
+1580947123.93,-0004.88,-0007.81,+0033.20,+0001.45,-0001.07,-0007.66
+1580947123.93,-0004.88,-0007.81,+0033.20,+0001.76,-0000.69,-0008.12
+1580947123.94,-0007.81,-0007.81,+0033.20,+0002.60,-0000.23,-0009.95
+1580947123.94,-0009.77,-0006.84,+0034.18,+0001.76,-0000.38,-0012.79
+1580947123.95,-0007.81,-0005.86,+0034.18,+0002.07,-0000.54,-0012.79
+1580947123.95,-0004.88,-0006.84,+0034.18,+0001.23,-0000.38,-0011.33
+1580947123.96,-0004.88,-0006.84,+0034.18,+0001.30,-0000.92,-0009.42
+1580947123.96,-0005.86,-0006.84,+0034.18,+0001.38,-0001.30,-0008.88
+1580947123.97,-0006.84,-0006.84,+0034.18,+0001.15,-0001.07,-0009.72
+1580947123.97,-0006.84,-0006.84,+0034.18,+0002.53,-0000.77,-0010.11
+1580947123.98,-0005.86,-0005.86,+0035.16,+0002.53,-0000.84,-0009.95
+1580947123.98,-0004.88,-0005.86,+0035.16,+0002.14,-0001.00,-0009.65
+1580947123.99,-0003.91,-0005.86,+0036.13,+0002.45,-0001.07,-0009.19
+1580947123.99,-0004.88,-0005.86,+0036.13,+0001.99,-0001.00,-0009.34
+1580947124.00,-0004.88,-0005.86,+0036.13,+0002.30,-0000.69,-0010.49
+1580947124.00,-0004.88,-0004.88,+0036.13,+0002.45,-0000.61,-0010.49
+1580947124.01,-0004.88,-0004.88,+0037.11,+0001.61,-0000.92,-0010.72
+1580947124.01,-0004.88,-0003.91,+0037.11,+0001.68,-0000.61,-0010.49
+1580947124.02,-0004.88,-0004.88,+0037.11,+0001.38,-0000.84,-0009.80
+1580947124.02,-0005.86,-0004.88,+0037.11,+0000.77,-0000.38,-0009.95
+1580947124.03,-0005.86,-0003.91,+0037.11,+0001.84,-0000.38,-0010.26
+1580947124.03,-0006.84,-0004.88,+0036.13,+0001.38,-0000.84,-0009.65
+1580947124.04,-0005.86,-0004.88,+0037.11,+0001.00,-0000.84,-0009.95
+1580947124.04,-0004.88,-0003.91,+0037.11,+0001.53,-0000.69,-0009.65
+1580947124.05,-0002.93,-0003.91,+0037.11,+0002.30,-0000.84,-0008.88
+1580947124.05,-0000.98,-0003.91,+0038.09,+0001.76,-0001.53,-0007.58
+1580947124.06,+0000.00,-0003.91,+0039.06,+0002.30,-0001.38,-0007.81
+1580947124.06,+0000.00,-0002.93,+0039.06,+0002.60,-0001.23,-0008.88
+1580947124.07,+0000.00,-0002.93,+0040.04,+0002.60,-0001.23,-0010.49
+1580947124.07,+0001.95,-0001.95,+0040.04,+0001.45,-0001.07,-0013.32
+1580947124.08,+0004.88,-0002.93,+0041.02,+0002.07,-0000.92,-0012.63
+1580947124.08,+0007.81,-0001.95,+0041.02,+0001.53,-0001.61,-0010.11
+1580947124.09,+0010.74,-0002.93,+0041.02,+0000.38,-0005.97,-0002.45
+1580947124.09,+0013.67,-0003.91,+0040.04,+0002.60,+0001.30,-0005.36
+1580947124.10,-0001.95,-0002.93,+0039.06,+0003.06,+0002.45,-0013.17
+1580947124.10,-0006.84,-0002.93,+0039.06,+0001.00,-0001.38,-0017.69
+1580947124.11,+0003.91,-0000.98,+0040.04,+0000.15,+0001.84,-0015.70
+1580947124.11,+0004.88,-0003.91,+0040.04,+0002.07,+0000.54,-0006.66
+1580947124.12,-0001.95,-0001.95,+0039.06,+0001.45,+0001.15,-0009.80
+1580947124.12,-0007.81,-0000.98,+0038.09,+0000.84,+0000.38,-0011.10
+1580947124.13,-0005.86,-0002.93,+0037.11,-0000.77,-0000.38,-0009.34
+1580947124.13,-0001.95,-0003.91,+0037.11,+0000.15,+0000.08,-0005.36
+1580947124.14,-0002.93,-0001.95,+0037.11,+0001.38,-0000.38,-0003.75
+1580947124.14,-0007.81,-0001.95,+0036.13,+0001.84,+0000.46,-0009.65
+1580947124.15,-0008.79,-0000.98,+0037.11,+0002.60,-0000.15,-0012.63
+1580947124.15,-0004.88,+0000.98,+0038.09,+0001.45,+0000.23,-0014.09
+1580947124.16,-0000.98,+0001.95,+0039.06,+0001.38,-0000.92,-0010.34
+1580947124.16,-0000.98,+0001.95,+0038.09,+0002.14,-0001.45,-0008.96
+1580947124.17,-0001.95,+0003.91,+0038.09,+0002.22,-0000.23,-0011.41
+1580947124.17,-0003.91,+0003.91,+0037.11,+0000.00,-0000.69,-0011.56
+1580947124.18,-0001.95,+0003.91,+0037.11,+0000.69,+0000.38,-0012.94
+1580947124.18,-0000.98,+0003.91,+0037.11,+0001.00,-0001.53,-0010.26
+1580947124.19,+0001.95,+0002.93,+0037.11,+0001.53,-0001.45,-0007.81
+1580947124.19,-0000.98,+0002.93,+0036.13,+0001.23,-0000.54,-0008.04
+1580947124.20,-0002.93,+0001.95,+0036.13,+0000.84,-0001.76,-0007.66
+1580947124.20,-0000.98,+0001.95,+0036.13,+0001.30,+0000.31,-0009.57
+1580947124.21,-0000.98,+0000.00,+0036.13,+0000.92,-0000.92,-0008.73
+1580947124.21,+0000.00,+0000.98,+0036.13,+0001.99,+0000.15,-0010.26
+1580947124.22,-0002.93,+0000.98,+0036.13,+0001.53,+0000.38,-0012.86
+1580947124.22,-0003.91,+0000.98,+0035.16,+0001.68,-0001.00,-0013.55
+1580947124.23,+0000.00,+0001.95,+0035.16,+0000.92,+0000.08,-0011.64
+1580947124.23,+0000.00,+0000.98,+0034.18,+0001.23,-0001.30,-0009.19
+1580947124.24,-0000.98,+0000.98,+0034.18,+0000.31,-0000.23,-0007.27
+1580947124.24,-0002.93,+0000.98,+0034.18,+0001.00,-0000.54,-0007.96
+1580947124.25,-0002.93,+0000.00,+0033.20,+0000.38,-0000.31,-0010.34
+1580947124.25,+0000.00,-0000.98,+0033.20,+0000.23,-0000.84,-0009.42
+1580947124.26,+0000.98,-0000.98,+0033.20,+0001.53,-0000.15,-0009.95
+1580947124.26,-0001.95,+0000.00,+0033.20,+0002.30,+0000.08,-0011.56
+1580947124.27,-0002.93,+0000.98,+0033.20,+0001.99,-0001.00,-0012.63
+1580947124.27,+0000.00,+0000.98,+0034.18,+0001.23,+0000.00,-0011.25
+1580947124.28,+0000.98,+0000.00,+0034.18,+0001.00,-0000.15,-0008.73
+1580947124.28,+0000.00,+0000.98,+0033.20,+0000.54,+0000.31,-0008.12
+1580947124.29,-0002.93,+0000.98,+0032.23,+0001.45,-0000.61,-0009.42
+1580947124.29,-0002.93,+0000.98,+0032.23,+0001.07,-0000.77,-0010.80
+1580947124.30,+0000.00,+0000.98,+0032.23,+0001.15,-0000.31,-0011.25
+1580947124.30,+0000.00,+0001.95,+0032.23,+0001.38,-0000.54,-0008.12
+1580947124.31,-0001.95,+0001.95,+0032.23,+0001.53,+0000.00,-0009.95
+1580947124.31,-0003.91,+0002.93,+0032.23,+0000.77,-0000.54,-0012.48
+1580947124.32,-0000.98,+0003.91,+0032.23,+0000.69,+0000.23,-0011.64
+1580947124.32,+0000.98,+0002.93,+0032.23,+0000.77,-0000.77,-0010.03
+1580947124.33,+0000.00,+0002.93,+0031.25,+0001.23,-0000.77,-0009.49
+1580947124.33,-0000.98,+0003.91,+0031.25,+0001.07,-0000.69,-0009.57
+1580947124.34,-0000.98,+0003.91,+0031.25,+0001.30,+0000.00,-0010.49
+1580947124.34,+0000.98,+0004.88,+0032.23,+0001.53,-0000.77,-0009.19
+1580947124.35,+0002.93,+0003.91,+0032.23,+0001.07,-0001.53,-0005.90
+1580947124.35,-0001.95,+0003.91,+0032.23,+0001.38,+0000.92,-0009.03
+1580947124.36,-0008.79,+0004.88,+0031.25,+0000.84,-0001.53,-0010.95
+1580947124.36,-0003.91,+0005.86,+0031.25,+0001.23,-0000.08,-0012.25
+1580947124.37,-0001.95,+0003.91,+0031.25,+0000.69,+0000.23,-0009.57
+1580947124.37,-0004.88,+0003.91,+0030.27,+0001.45,-0000.46,-0008.27
+1580947124.38,-0007.81,+0006.84,+0030.27,+0001.61,-0001.30,-0010.41
+1580947124.38,-0006.84,+0006.84,+0031.25,+0002.07,-0001.30,-0011.64
+1580947124.39,-0002.93,+0006.84,+0032.23,+0001.23,-0001.30,-0010.87
+1580947124.39,-0000.98,+0007.81,+0032.23,+0001.23,-0001.45,-0008.50
+1580947124.40,-0000.98,+0007.81,+0032.23,+0000.38,-0001.84,-0007.20
+1580947124.40,-0002.93,+0006.84,+0031.25,+0001.23,-0000.84,-0009.11
+1580947124.41,-0003.91,+0007.81,+0031.25,+0001.07,-0000.69,-0011.41
+1580947124.41,-0002.93,+0008.79,+0030.27,+0001.00,-0000.54,-0011.33
+1580947124.42,-0002.93,+0006.84,+0030.27,+0001.53,-0000.31,-0012.40
+1580947124.42,-0003.91,+0007.81,+0030.27,+0001.84,-0000.92,-0010.72
+1580947124.43,-0004.88,+0008.79,+0030.27,+0001.07,-0001.07,-0010.95
+1580947124.43,-0004.88,+0007.81,+0030.27,+0001.45,-0001.99,-0010.57
+1580947124.44,-0002.93,+0007.81,+0031.25,+0001.45,-0001.84,-0009.65
+1580947124.44,-0002.93,+0007.81,+0031.25,+0001.45,-0001.61,-0009.03
+1580947124.45,-0002.93,+0006.84,+0031.25,+0001.38,-0001.84,-0009.34
+1580947124.45,-0001.95,+0005.86,+0031.25,+0001.38,-0001.30,-0009.80
+1580947124.46,-0000.98,+0005.86,+0031.25,+0001.76,-0001.53,-0008.96
+1580947124.46,-0000.98,+0004.88,+0030.27,+0001.68,-0001.15,-0008.35
+1580947124.47,-0003.91,+0004.88,+0030.27,+0001.53,-0000.61,-0009.95
+1580947124.47,-0005.86,+0004.88,+0029.30,+0001.91,-0000.92,-0011.94
+1580947124.48,-0004.88,+0004.88,+0029.30,+0001.38,-0000.54,-0012.63
+1580947124.48,-0003.91,+0003.91,+0029.30,+0001.23,-0001.68,-0010.18
+1580947124.49,-0002.93,+0002.93,+0029.30,+0000.77,-0001.30,-0008.35
+1580947124.49,-0004.88,+0002.93,+0029.30,+0001.61,-0001.76,-0008.42
+1580947124.50,-0005.86,+0001.95,+0028.32,+0000.92,-0002.22,-0010.49
+1580947124.50,-0002.93,+0001.95,+0029.30,+0001.23,-0001.45,-0011.18
+1580947124.51,-0000.98,+0001.95,+0029.30,+0001.45,-0001.30,-0010.18
+1580947124.51,+0000.00,+0001.95,+0029.30,+0001.07,-0002.22,-0007.43
+1580947124.52,+0000.98,+0001.95,+0029.30,+0001.23,-0001.15,-0009.03
+1580947124.52,-0002.93,+0001.95,+0028.32,+0001.61,-0001.30,-0010.80
+1580947124.53,-0002.93,+0001.95,+0027.34,+0001.30,-0001.38,-0012.17
+1580947124.53,+0000.00,+0001.95,+0027.34,+0001.07,-0001.00,-0010.95
+1580947124.54,+0000.98,+0000.98,+0028.32,+0000.92,-0002.30,-0008.27
+1580947124.54,+0000.98,+0000.98,+0027.34,+0000.46,-0001.68,-0006.12
+1580947124.55,-0004.88,+0000.98,+0026.37,+0001.00,-0000.84,-0010.18
+1580947124.55,-0005.86,+0000.98,+0025.39,+0001.53,-0002.22,-0011.25
+1580947124.56,-0001.95,+0001.95,+0026.37,+0001.38,-0000.38,-0011.94
+1580947124.56,-0000.98,+0000.98,+0026.37,+0000.54,-0001.00,-0009.57
+1580947124.57,-0001.95,+0001.95,+0025.39,+0001.00,-0001.15,-0009.26
+1580947124.57,-0003.91,+0001.95,+0024.41,+0001.38,-0001.07,-0010.64
+1580947124.58,-0003.91,+0002.93,+0025.39,+0001.00,-0002.14,-0009.42
+1580947124.58,-0001.95,+0002.93,+0024.41,+0000.61,-0001.00,-0011.03
+1580947124.59,-0001.95,+0002.93,+0025.39,+0001.15,-0001.45,-0010.34
+1580947124.59,-0001.95,+0003.91,+0024.41,+0001.23,-0001.53,-0009.49
+1580947124.60,-0002.93,+0002.93,+0024.41,+0000.38,-0000.54,-0009.49
+1580947124.60,-0003.91,+0003.91,+0023.44,+0001.15,-0000.92,-0010.95
+1580947124.61,-0002.93,+0002.93,+0022.46,+0000.38,-0000.92,-0010.72
+1580947124.61,-0003.91,+0003.91,+0022.46,+0001.00,-0001.45,-0010.26
+1580947124.62,-0002.93,+0002.93,+0022.46,+0001.23,-0000.54,-0010.49
+1580947124.62,-0003.91,+0003.91,+0022.46,+0001.61,-0001.38,-0009.72
+1580947124.63,-0004.88,+0003.91,+0022.46,+0001.07,-0002.14,-0010.26
+1580947124.63,-0002.93,+0004.88,+0021.48,+0001.07,-0001.38,-0010.57
+1580947124.64,-0002.93,+0003.91,+0022.46,+0001.23,-0001.76,-0008.88
+1580947124.64,-0002.93,+0004.88,+0021.48,+0000.54,-0001.07,-0009.19
+1580947124.65,-0003.91,+0003.91,+0020.51,+0000.92,-0001.61,-0009.26
+1580947124.65,-0003.91,+0003.91,+0020.51,+0000.23,-0001.07,-0010.49
+1580947124.66,-0004.88,+0004.88,+0020.51,+0001.38,-0001.61,-0010.11
+1580947124.66,-0003.91,+0004.88,+0019.53,+0000.54,-0000.61,-0009.03
+1580947124.67,-0004.88,+0005.86,+0019.53,+0001.30,-0000.84,-0008.42
+1580947124.67,-0005.86,+0005.86,+0018.55,+0001.61,-0001.30,-0010.18
+1580947124.68,-0004.88,+0006.84,+0018.55,-0000.15,-0001.30,-0010.57
+1580947124.68,-0002.93,+0006.84,+0018.55,+0001.76,-0001.45,-0009.26
+1580947124.69,-0002.93,+0007.81,+0018.55,+0000.84,-0001.84,-0008.27
+1580947124.69,-0007.81,+0007.81,+0017.58,+0001.45,+0000.31,-0014.39
+1580947124.70,-0009.77,+0008.79,+0018.55,+0000.61,-0002.30,-0014.39
+1580947124.70,-0000.98,+0009.77,+0018.55,+0001.76,-0001.15,-0012.94
+1580947124.71,-0001.95,+0007.81,+0017.58,+0001.76,+0000.46,-0008.35
+1580947124.71,-0007.81,+0007.81,+0017.58,+0001.00,-0001.76,-0009.80
+1580947124.72,-0007.81,+0009.77,+0016.60,+0001.00,-0001.61,-0009.65
+1580947124.72,-0002.93,+0007.81,+0016.60,+0000.00,-0001.91,-0007.12
+1580947124.73,-0004.88,+0007.81,+0016.60,+0000.92,+0000.69,-0008.04
+1580947124.73,-0009.77,+0009.77,+0015.62,+0001.23,-0002.14,-0012.10
+1580947124.74,-0004.88,+0010.74,+0016.60,+0001.23,-0001.15,-0013.17
+1580947124.74,-0000.98,+0009.77,+0015.62,+0001.84,-0001.76,-0009.11
+1580947124.75,-0000.98,+0010.74,+0015.62,+0001.00,-0001.23,-0007.96
+1580947124.75,-0003.91,+0010.74,+0014.65,+0000.61,-0001.07,-0009.95
+1580947124.76,-0003.91,+0010.74,+0014.65,+0001.68,-0001.53,-0011.48
+1580947124.76,+0000.00,+0010.74,+0014.65,+0001.15,-0000.15,-0010.11
+1580947124.77,+0000.00,+0011.72,+0014.65,+0000.92,-0000.38,-0009.80
+1580947124.77,-0000.98,+0011.72,+0014.65,+0001.07,-0000.77,-0010.11
+1580947124.78,+0001.95,+0011.72,+0014.65,+0000.08,-0003.68,-0005.67
+1580947124.78,+0005.86,+0011.72,+0014.65,+0002.14,+0002.30,-0005.90
+1580947124.79,-0004.88,+0012.70,+0013.67,+0000.46,+0001.07,-0012.17
+1580947124.79,-0010.74,+0013.67,+0012.70,+0000.08,-0001.76,-0017.00
+1580947124.80,+0003.91,+0015.62,+0012.70,-0000.15,+0001.76,-0014.16
+1580947124.80,+0002.93,+0012.70,+0013.67,+0001.30,-0000.31,-0003.75
+1580947124.81,-0003.91,+0012.70,+0011.72,+0003.29,-0000.15,-0008.65
+1580947124.81,-0006.84,+0016.60,+0012.70,+0000.84,-0000.31,-0012.17
+1580947124.82,-0003.91,+0015.62,+0012.70,+0001.38,+0000.08,-0012.17
+1580947124.82,+0000.00,+0013.67,+0013.67,+0002.14,-0000.84,-0007.73
+1580947124.83,+0000.00,+0015.62,+0013.67,+0002.37,-0001.15,-0007.35
+1580947124.83,-0003.91,+0016.60,+0013.67,+0000.38,-0000.23,-0009.26
+1580947124.84,-0005.86,+0014.65,+0013.67,+0001.68,-0000.23,-0011.10
+1580947124.84,-0002.93,+0015.62,+0012.70,+0001.23,+0000.08,-0011.48
+1580947124.85,-0000.98,+0016.60,+0012.70,+0000.61,-0000.08,-0010.41
+1580947124.85,-0000.98,+0013.67,+0012.70,+0002.22,-0000.61,-0007.50
+1580947124.86,-0002.93,+0014.65,+0011.72,+0002.37,+0000.31,-0008.88
+1580947124.86,-0004.88,+0015.62,+0011.72,+0001.68,-0001.45,-0009.95
+1580947124.87,+0000.00,+0014.65,+0012.70,+0000.77,-0000.54,-0010.26
+1580947124.87,+0001.95,+0013.67,+0012.70,+0001.76,-0000.92,-0008.65
+1580947124.88,+0001.95,+0013.67,+0012.70,+0001.38,-0001.53,-0008.27
+1580947124.88,+0000.00,+0012.70,+0011.72,+0001.23,-0001.00,-0010.11
+1580947124.89,+0000.00,+0011.72,+0010.74,+0001.68,-0001.61,-0010.80
+1580947124.89,+0000.98,+0011.72,+0010.74,+0001.15,+0000.54,-0011.03
+1580947124.90,-0000.98,+0010.74,+0009.77,+0000.77,-0000.15,-0011.10
+1580947124.90,-0001.95,+0008.79,+0008.79,+0001.53,+0000.08,-0011.64
+1580947124.91,-0002.93,+0009.77,+0008.79,+0000.61,-0000.15,-0012.17
+1580947124.91,-0003.91,+0008.79,+0008.79,+0001.00,-0000.23,-0010.95
+1580947124.92,-0002.93,+0007.81,+0007.81,+0001.30,-0001.00,-0010.26
+1580947124.92,-0001.95,+0005.86,+0007.81,+0001.00,-0001.07,-0006.97
+1580947124.93,-0002.93,+0005.86,+0007.81,+0000.77,-0001.23,-0006.81
+1580947124.93,-0003.91,+0004.88,+0006.84,+0000.84,-0001.30,-0007.73
+1580947124.94,-0001.95,+0004.88,+0006.84,+0000.84,-0000.84,-0009.11
+1580947124.94,-0001.95,+0003.91,+0005.86,+0000.08,-0001.00,-0008.65
+1580947124.95,-0000.98,+0001.95,+0004.88,+0001.68,-0001.00,-0010.72
+1580947124.95,-0000.98,+0001.95,+0003.91,+0001.45,-0000.15,-0012.86
+1580947124.96,-0001.95,+0001.95,+0002.93,+0002.53,-0001.00,-0014.39
+1580947124.96,-0002.93,+0000.98,+0002.93,+0001.38,-0000.31,-0015.39
+1580947124.97,-0002.93,+0000.00,+0002.93,+0001.61,-0002.83,-0013.09
+1580947124.97,+0000.98,-0000.98,+0002.93,+0000.77,+0002.22,-0009.34
+1580947124.98,-0007.81,-0002.93,+0001.95,+0000.46,-0001.00,-0010.18
+1580947124.98,-0008.79,-0002.93,+0000.98,+0001.23,-0001.91,-0012.02
+1580947124.99,-0002.93,-0002.93,+0001.95,+0001.61,-0001.00,-0012.10
+1580947124.99,-0000.98,-0005.86,+0002.93,+0002.14,-0003.37,-0003.60
+1580947125.00,+0000.98,-0005.86,+0001.95,+0001.00,-0001.53,-0003.83
+1580947125.00,-0003.91,-0004.88,+0000.98,+0000.84,+0000.15,-0006.51
+1580947125.01,-0005.86,-0005.86,+0000.00,-0000.38,-0003.14,-0010.11
+1580947125.01,+0000.98,-0005.86,+0000.00,+0000.69,+0000.00,-0011.41
+1580947125.02,+0001.95,-0007.81,+0000.00,+0000.08,-0000.92,-0008.35
+1580947125.02,-0001.95,-0007.81,-0001.95,+0001.84,+0000.08,-0008.65
+1580947125.03,-0005.86,-0006.84,-0002.93,+0001.53,-0000.38,-0013.63
+1580947125.03,-0004.88,-0006.84,-0001.95,+0001.91,-0000.54,-0012.86
+1580947125.04,-0000.98,-0006.84,-0001.95,+0001.68,-0000.31,-0011.18
+1580947125.04,-0002.93,-0007.81,-0000.98,+0001.84,-0000.15,-0009.34
+1580947125.05,-0005.86,-0006.84,-0000.98,+0001.38,-0000.69,-0009.19
+1580947125.05,-0006.84,-0006.84,-0000.98,+0002.07,-0000.61,-0011.03
+1580947125.06,-0002.93,-0007.81,-0000.98,+0001.07,-0001.15,-0010.34
+1580947125.06,+0000.98,-0007.81,+0000.00,+0001.30,-0000.77,-0006.66
+1580947125.07,+0000.98,-0007.81,-0000.98,+0001.68,+0000.08,-0008.12
+1580947125.07,-0005.86,-0007.81,-0001.95,+0001.45,-0000.46,-0011.10
+1580947125.08,-0002.93,-0006.84,-0000.98,+0002.30,-0001.68,-0012.56
+1580947125.08,+0000.00,-0006.84,+0000.00,+0001.30,+0000.31,-0010.95
+1580947125.09,+0000.98,-0008.79,+0000.00,+0002.22,-0002.83,-0006.58
+1580947125.09,+0003.91,-0007.81,+0000.98,+0001.76,-0001.61,-0003.45
+1580947125.10,-0004.88,-0006.84,+0000.00,-0000.08,-0000.61,-0011.94
+1580947125.10,-0008.79,-0006.84,+0000.00,+0003.90,-0001.15,-0017.30
+1580947125.11,+0000.00,-0003.91,+0000.98,+0002.91,+0001.45,-0017.76
+1580947125.11,+0001.95,-0006.84,+0001.95,+0000.31,-0001.30,-0012.94
+1580947125.12,+0002.93,-0006.84,+0001.95,+0002.60,-0000.31,-0007.50
+1580947125.12,-0001.95,-0004.88,+0001.95,+0001.68,+0000.31,-0010.80
+1580947125.13,-0005.86,-0004.88,+0002.93,+0002.53,-0001.84,-0010.49
+1580947125.13,+0002.93,-0005.86,+0003.91,+0002.07,+0000.08,-0009.34
+1580947125.14,+0005.86,-0005.86,+0004.88,+0001.45,-0001.07,-0004.82
+1580947125.14,+0003.91,-0006.84,+0003.91,+0001.91,-0001.07,-0005.28
+1580947125.15,+0000.00,-0004.88,+0003.91,+0002.68,-0000.31,-0006.35
+1580947125.15,-0001.95,-0004.88,+0003.91,+0002.45,+0000.15,-0012.86
+1580947125.16,+0000.98,-0003.91,+0004.88,+0002.53,+0000.15,-0013.40
+1580947125.16,+0004.88,-0003.91,+0005.86,+0001.84,-0000.31,-0010.72
+1580947125.17,+0005.86,-0003.91,+0005.86,+0002.68,+0000.54,-0008.19
+1580947125.17,+0000.98,-0002.93,+0004.88,+0001.53,+0000.54,-0010.64
+1580947125.18,-0003.91,-0001.95,+0004.88,+0001.84,+0000.00,-0014.01
+1580947125.18,+0000.00,-0000.98,+0005.86,+0002.45,+0000.31,-0013.86
+1580947125.19,+0004.88,-0001.95,+0006.84,+0001.68,+0000.23,-0007.20
+1580947125.19,+0003.91,-0001.95,+0006.84,+0001.61,+0000.54,-0006.74
+1580947125.20,-0002.93,+0000.00,+0005.86,+0001.68,+0001.00,-0008.65
+1580947125.20,-0004.88,+0000.98,+0006.84,+0003.06,-0000.31,-0010.95
+1580947125.21,+0000.98,+0000.98,+0007.81,+0001.68,+0000.38,-0011.03
+1580947125.21,+0004.88,+0000.98,+0008.79,+0001.30,-0000.69,-0007.89
+1580947125.22,+0001.95,+0001.95,+0007.81,+0002.07,+0000.08,-0007.04
+1580947125.22,-0005.86,+0003.91,+0007.81,+0001.68,-0001.38,-0010.34
+1580947125.23,-0002.93,+0004.88,+0008.79,+0002.07,-0000.31,-0011.64
+1580947125.23,+0001.95,+0004.88,+0008.79,+0001.15,+0000.69,-0009.72
+1580947125.24,+0001.95,+0004.88,+0008.79,+0001.84,-0000.54,-0007.73
+1580947125.24,-0002.93,+0006.84,+0007.81,+0000.69,+0000.31,-0009.49
+1580947125.25,-0005.86,+0007.81,+0007.81,+0001.76,-0000.92,-0010.80
+1580947125.25,-0001.95,+0007.81,+0007.81,+0001.07,+0000.46,-0011.64
+1580947125.26,-0002.93,+0007.81,+0007.81,+0001.30,-0000.69,-0010.57
+1580947125.26,-0001.95,+0008.79,+0007.81,+0000.92,-0001.07,-0008.04
+1580947125.27,-0000.98,+0009.77,+0007.81,+0001.00,+0000.38,-0008.35
+1580947125.27,-0005.86,+0009.77,+0007.81,+0001.53,+0000.00,-0009.11
+1580947125.28,-0003.91,+0010.74,+0006.84,+0001.15,+0000.77,-0010.80
+1580947125.28,-0004.88,+0010.74,+0006.84,+0001.00,+0001.07,-0010.72
+1580947125.29,-0003.91,+0009.77,+0006.84,+0002.14,-0001.45,-0010.57
+1580947125.29,-0000.98,+0011.72,+0007.81,+0001.15,+0000.23,-0008.80
+1580947125.30,-0003.91,+0011.72,+0006.84,+0001.38,-0001.23,-0007.96
+1580947125.30,-0004.88,+0011.72,+0005.86,+0001.68,+0000.15,-0009.42
+1580947125.31,-0005.86,+0012.70,+0005.86,+0001.38,-0000.61,-0010.64
+1580947125.31,-0003.91,+0012.70,+0006.84,+0001.00,+0000.38,-0012.10
+1580947125.32,-0002.93,+0012.70,+0005.86,+0001.07,-0000.23,-0011.64
+1580947125.32,-0001.95,+0012.70,+0005.86,+0001.84,-0001.61,-0009.19
+1580947125.33,-0001.95,+0012.70,+0004.88,+0001.45,+0000.69,-0011.56
+1580947125.33,-0006.84,+0012.70,+0004.88,+0001.30,-0000.84,-0011.87
+1580947125.34,-0001.95,+0013.67,+0004.88,+0001.53,-0001.30,-0011.10
+1580947125.34,+0000.98,+0012.70,+0004.88,+0000.69,+0000.84,-0009.34
+1580947125.35,-0005.86,+0011.72,+0003.91,+0001.68,-0000.31,-0010.72
+1580947125.35,-0007.81,+0013.67,+0002.93,+0001.76,-0000.15,-0011.94
+1580947125.36,-0002.93,+0013.67,+0003.91,+0000.77,-0000.61,-0011.79
+1580947125.36,+0001.95,+0010.74,+0003.91,+0001.00,-0001.15,-0001.99
+1580947125.37,+0000.98,+0010.74,+0001.95,+0001.99,+0001.99,-0006.43
+1580947125.37,-0012.70,+0012.70,+0000.98,+0000.54,+0000.77,-0011.10
+1580947125.38,-0005.86,+0012.70,+0001.95,+0001.07,-0004.52,-0011.94
+1580947125.38,+0003.91,+0011.72,+0001.95,-0000.61,+0000.23,-0007.66
+1580947125.39,+0004.88,+0008.79,+0001.95,+0000.15,-0004.21,-0004.21
+1580947125.39,+0001.95,+0008.79,+0000.00,+0003.60,+0002.91,-0003.68
+1580947125.40,-0016.60,+0011.72,-0001.95,+0002.37,+0004.21,-0014.09
+1580947125.40,-0015.62,+0009.77,-0000.98,+0006.28,+0000.00,-0021.59
+1580947125.41,+0001.95,+0011.72,+0000.00,-0000.38,+0001.76,-0020.67
+1580947125.41,+0001.95,+0005.86,+0000.00,-0001.30,+0000.31,+0001.99
+1580947125.42,-0004.88,+0004.88,-0001.95,+0002.76,+0000.61,-0005.05
+1580947125.42,-0016.60,+0008.79,-0002.93,+0000.38,-0003.60,-0008.58
+1580947125.43,-0005.86,+0009.77,-0000.98,+0001.53,-0001.61,-0018.76
+1580947125.43,+0001.95,+0004.88,+0000.00,+0001.61,+0001.84,-0021.51
+1580947125.44,+0009.77,+0001.95,+0000.98,+0001.91,-0001.91,-0013.02
+1580947125.44,+0010.74,+0003.91,-0000.98,+0000.92,-0000.54,-0011.48
+1580947125.45,+0000.98,+0000.98,-0002.93,-0000.31,-0001.76,-0014.09
+1580947125.45,+0003.91,-0002.93,-0004.88,+0000.31,-0002.30,-0013.09
+1580947125.46,+0012.70,-0002.93,-0003.91,-0000.69,+0000.08,-0008.73
+1580947125.46,+0010.74,-0008.79,-0003.91,+0000.92,-0001.61,-0001.68
+1580947125.47,+0009.77,-0010.74,-0003.91,-0000.46,-0002.83,+0002.14
+1580947125.47,+0004.88,-0008.79,-0005.86,-0002.14,-0000.46,-0001.30
+1580947125.48,+0000.98,-0012.70,-0008.79,-0000.84,-0001.61,-0006.20
+1580947125.48,+0002.93,-0013.67,-0009.77,+0000.46,+0000.38,-0011.03
+1580947125.49,+0004.88,-0012.70,-0010.74,+0001.45,+0000.54,-0009.34
+1580947125.49,+0002.93,-0014.65,-0012.70,+0002.22,+0000.15,-0010.41
+1580947125.50,-0002.93,-0013.67,-0012.70,+0002.30,+0000.46,-0011.87
+1580947125.50,-0004.88,-0011.72,-0012.70,+0004.29,-0000.84,-0014.01
+1580947125.51,-0000.98,-0011.72,-0010.74,+0003.60,+0000.77,-0012.86
+1580947125.51,-0001.95,-0012.70,-0008.79,+0003.14,+0000.00,-0011.18
+1580947125.52,-0003.91,-0011.72,-0007.81,+0002.45,-0001.00,-0011.18
+1580947125.52,-0002.93,-0011.72,-0006.84,+0000.54,-0001.38,-0011.79
+1580947125.53,-0000.98,-0014.65,-0006.84,+0002.83,-0001.68,-0010.87
+1580947125.53,+0000.98,-0015.62,-0005.86,+0002.22,-0001.76,-0009.34
+1580947125.54,+0000.98,-0015.62,-0005.86,+0001.38,-0001.84,-0008.35
+1580947125.54,+0002.93,-0016.60,-0005.86,+0001.61,-0001.84,-0009.34
+1580947125.55,+0002.93,-0017.58,-0005.86,+0001.68,-0001.45,-0010.49
+1580947125.55,+0002.93,-0017.58,-0005.86,+0001.91,-0000.54,-0011.41
+1580947125.56,+0002.93,-0017.58,-0005.86,+0001.99,-0001.07,-0010.80
+1580947125.56,+0003.91,-0018.55,-0006.84,+0001.15,-0000.38,-0010.11
+1580947125.57,+0001.95,-0018.55,-0006.84,+0001.53,+0000.15,-0008.65
+1580947125.57,-0000.98,-0018.55,-0006.84,+0001.53,-0000.08,-0008.96
+1580947125.58,-0000.98,-0017.58,-0006.84,+0001.99,+0000.23,-0013.70
+1580947125.58,+0001.95,-0017.58,-0005.86,+0002.30,-0000.31,-0014.24
+1580947125.59,+0005.86,-0016.60,-0004.88,+0001.91,-0001.07,-0012.33
+1580947125.59,+0003.91,-0016.60,-0004.88,+0003.45,-0000.31,-0011.41
+1580947125.60,+0000.98,-0015.62,-0003.91,+0001.61,-0002.99,-0011.94
+1580947125.60,+0006.84,-0016.60,-0002.93,+0001.61,-0001.61,-0008.96
+1580947125.61,+0007.81,-0016.60,-0003.91,+0001.30,+0001.15,-0008.19
+1580947125.61,+0002.93,-0018.55,-0003.91,+0001.30,-0001.38,-0004.90
+1580947125.62,+0003.91,-0016.60,-0004.88,+0001.99,+0000.38,-0007.43
+1580947125.62,+0001.95,-0016.60,-0005.86,-0001.91,-0000.08,-0005.44
+1580947125.63,+0002.93,-0017.58,-0005.86,+0002.22,-0001.38,-0005.59
+1580947125.63,+0000.00,-0015.62,-0006.84,+0000.46,+0000.15,-0008.19
+1580947125.64,-0000.98,-0014.65,-0006.84,+0001.68,-0000.08,-0009.72
+1580947125.64,+0000.00,-0013.67,-0005.86,+0000.46,+0000.46,-0010.49
+1580947125.65,-0001.95,-0012.70,-0005.86,+0002.91,+0001.53,-0011.18
+1580947125.65,-0004.88,-0010.74,-0004.88,+0000.69,+0001.00,-0012.63
+1580947125.66,-0006.84,-0010.74,-0003.91,+0002.53,-0000.31,-0014.01
+1580947125.66,-0000.98,-0009.77,-0002.93,+0002.99,-0000.15,-0012.25
+1580947125.67,+0001.95,-0009.77,-0001.95,+0003.45,-0000.54,-0005.59
+1580947125.67,-0002.93,-0009.77,-0001.95,+0002.83,+0001.38,-0009.42
+1580947125.68,-0011.72,-0007.81,-0000.98,+0001.15,-0001.53,-0012.94
+1580947125.68,-0001.95,-0006.84,+0000.98,+0001.07,-0000.15,-0013.78
+1580947125.69,+0004.88,-0008.79,+0000.98,+0000.15,+0000.08,-0006.43
+1580947125.69,+0002.93,-0010.74,+0000.98,+0001.99,-0001.61,-0004.44
+1580947125.70,-0002.93,-0007.81,+0000.00,+0001.68,-0001.00,-0007.27
+1580947125.70,-0003.91,-0006.84,+0000.00,+0001.30,-0000.92,-0012.25
+1580947125.71,+0000.00,-0007.81,+0000.00,+0000.38,-0001.45,-0012.10
+1580947125.71,+0003.91,-0008.79,+0000.00,+0001.23,-0000.46,-0010.26
+1580947125.72,+0003.91,-0007.81,+0000.00,+0001.53,+0000.15,-0008.58
+1580947125.72,-0001.95,-0007.81,-0000.98,+0001.91,+0000.54,-0011.56
+1580947125.73,-0004.88,-0006.84,+0000.00,+0000.46,-0001.30,-0012.63
+1580947125.73,+0000.98,-0005.86,+0000.00,+0001.84,-0000.23,-0013.78
+1580947125.74,+0003.91,-0007.81,+0000.98,+0000.84,-0000.61,-0007.43
+1580947125.74,+0001.95,-0008.79,+0000.98,+0002.14,-0000.23,-0007.81
+1580947125.75,-0001.95,-0005.86,+0000.98,+0001.15,-0000.38,-0009.19
+1580947125.75,+0000.00,-0005.86,+0000.98,+0001.30,+0000.69,-0013.09
+1580947125.76,+0001.95,-0006.84,+0000.98,+0001.23,+0000.15,-0013.32
+1580947125.76,+0002.93,-0006.84,+0001.95,+0002.07,-0001.07,-0011.64
+1580947125.77,+0006.84,-0006.84,+0001.95,+0001.23,-0002.07,-0008.42
+1580947125.77,+0002.93,-0007.81,+0000.98,+0001.00,+0000.46,-0011.03
+1580947125.78,-0001.95,-0006.84,+0000.98,+0002.53,-0000.38,-0012.56
+1580947125.78,+0001.95,-0004.88,+0001.95,+0001.15,-0000.61,-0013.09
+1580947125.79,+0005.86,-0006.84,+0001.95,+0000.69,-0000.15,-0010.80
+1580947125.79,+0004.88,-0006.84,+0000.98,+0000.61,+0000.84,-0007.89
+1580947125.80,-0000.98,-0004.88,+0000.98,+0001.00,+0000.84,-0009.11
+1580947125.80,+0000.00,-0002.93,+0000.98,+0000.38,-0000.69,-0009.72
+1580947125.81,+0002.93,-0003.91,+0000.98,+0000.92,+0001.30,-0009.72
+1580947125.81,+0002.93,-0003.91,+0000.98,+0001.15,+0000.38,-0008.88
+1580947125.82,+0001.95,-0001.95,+0000.98,+0000.92,+0000.54,-0009.26
+1580947125.82,+0000.98,-0000.98,+0000.98,+0001.15,+0000.46,-0009.80
+1580947125.83,+0003.91,-0000.98,+0000.98,+0001.45,+0000.92,-0008.88
+1580947125.83,+0001.95,+0000.00,+0000.00,+0001.07,+0002.37,-0011.33
+1580947125.84,-0003.91,+0000.00,+0000.00,+0000.92,+0000.31,-0013.48
+1580947125.84,+0001.95,+0000.98,+0000.98,+0000.77,+0000.84,-0013.32
+1580947125.85,+0005.86,+0000.98,+0001.95,+0001.00,+0000.69,-0009.26
+1580947125.85,+0003.91,+0000.00,+0001.95,+0001.76,-0000.84,-0006.20
+1580947125.86,+0000.98,+0001.95,+0001.95,+0001.45,+0000.54,-0006.81
+1580947125.86,-0003.91,+0002.93,+0001.95,+0000.92,+0000.54,-0007.35
+1580947125.87,-0004.88,+0002.93,+0000.98,+0001.53,+0004.44,-0014.16
+1580947125.87,-0015.62,+0002.93,+0000.98,+0000.54,+0005.74,-0019.14
+1580947125.88,-0011.72,+0002.93,+0001.95,+0002.45,+0002.30,-0016.54
+1580947125.88,-0004.88,+0003.91,+0002.93,-0000.38,+0003.37,-0010.72
+1580947125.89,-0009.77,+0000.98,+0002.93,+0002.14,+0000.08,-0006.89
+1580947125.89,-0010.74,+0003.91,+0003.91,+0001.76,-0001.00,-0004.59
+1580947125.90,-0009.77,+0003.91,+0003.91,+0000.84,-0000.15,-0005.28
+1580947125.90,-0008.79,+0001.95,+0004.88,+0000.31,-0001.45,-0006.12
+1580947125.91,-0003.91,+0000.98,+0004.88,+0001.76,-0000.77,-0007.58
+1580947125.91,-0000.98,+0001.95,+0006.84,+0000.46,-0000.84,-0007.50
+1580947125.92,+0000.98,+0000.98,+0006.84,+0001.68,-0001.45,-0007.12
+1580947125.92,+0003.91,+0000.00,+0007.81,+0001.91,-0001.45,-0007.04
+1580947125.93,+0004.88,+0000.98,+0007.81,+0001.23,-0001.38,-0008.19
+1580947125.93,+0003.91,+0000.98,+0007.81,+0001.38,-0001.68,-0011.48
+1580947125.94,+0004.88,+0000.98,+0006.84,+0001.91,-0000.84,-0013.09
+1580947125.94,+0003.91,+0000.98,+0004.88,+0001.61,-0001.00,-0014.70
+1580947125.95,+0001.95,+0000.98,+0004.88,+0001.68,-0000.31,-0015.24
+1580947125.95,+0001.95,+0000.00,+0003.91,+0001.53,+0000.15,-0013.86
+1580947125.96,+0000.00,-0000.98,+0003.91,+0001.84,+0000.54,-0012.40
+1580947125.96,-0001.95,-0001.95,+0002.93,+0000.92,-0000.54,-0010.34
+1580947125.97,-0003.91,-0001.95,+0003.91,+0001.15,+0000.00,-0010.41
+1580947125.97,-0004.88,-0002.93,+0003.91,+0000.54,-0000.92,-0009.57
+1580947125.98,-0002.93,-0002.93,+0004.88,+0001.15,-0000.92,-0008.04
+1580947125.98,-0001.95,-0004.88,+0004.88,+0000.84,-0000.15,-0007.89
+1580947125.99,-0002.93,-0005.86,+0004.88,+0001.23,-0001.84,-0007.58
+1580947125.99,-0001.95,-0004.88,+0004.88,+0000.38,-0000.08,-0009.34
+1580947126.00,+0000.00,-0005.86,+0004.88,+0001.30,-0001.23,-0009.34
+1580947126.00,+0000.98,-0006.84,+0004.88,+0001.30,-0001.15,-0009.19
+1580947126.01,+0001.95,-0007.81,+0003.91,+0001.91,-0001.00,-0010.49
+1580947126.01,+0000.98,-0007.81,+0003.91,+0000.84,-0000.77,-0010.64
+1580947126.02,+0002.93,-0007.81,+0003.91,+0001.23,-0001.68,-0010.49
+1580947126.02,+0002.93,-0008.79,+0002.93,+0002.22,+0002.30,-0012.94
+1580947126.03,-0005.86,-0007.81,+0002.93,+0001.53,+0000.84,-0016.23
+1580947126.03,-0005.86,-0007.81,+0001.95,+0000.69,-0000.46,-0017.00
+1580947126.04,+0000.00,-0009.77,+0001.95,+0000.77,+0002.37,-0011.71
+1580947126.04,-0003.91,-0010.74,+0001.95,+0002.22,+0000.77,-0008.04
+1580947126.05,-0008.79,-0009.77,+0001.95,+0001.00,-0000.69,-0007.58
+1580947126.05,-0008.79,-0008.79,+0001.95,+0000.38,+0000.46,-0007.89
+1580947126.06,-0005.86,-0009.77,+0002.93,+0001.00,-0000.23,-0006.05
+1580947126.06,-0002.93,-0010.74,+0003.91,-0000.15,-0000.92,-0004.21
+1580947126.07,-0000.98,-0010.74,+0003.91,+0000.84,-0000.69,-0004.29
+1580947126.07,+0000.98,-0010.74,+0004.88,+0001.38,-0001.15,-0005.51
+1580947126.08,+0002.93,-0010.74,+0004.88,+0000.69,-0001.45,-0006.28
+1580947126.08,+0003.91,-0010.74,+0004.88,+0000.92,-0001.61,-0008.65
+1580947126.09,+0005.86,-0010.74,+0004.88,+0001.00,-0000.77,-0010.34
+1580947126.09,+0006.84,-0010.74,+0004.88,+0001.68,-0000.38,-0012.63
+1580947126.10,+0005.86,-0009.77,+0004.88,+0001.99,-0000.15,-0013.70
+1580947126.10,+0002.93,-0009.77,+0003.91,+0001.84,+0000.23,-0015.85
+1580947126.11,-0000.98,-0009.77,+0002.93,+0002.45,+0001.15,-0018.53
+1580947126.11,-0001.95,-0009.77,+0002.93,+0001.76,+0001.84,-0017.61
+1580947126.12,-0001.95,-0008.79,+0002.93,+0001.91,+0000.69,-0014.47
+1580947126.12,-0001.95,-0009.77,+0003.91,+0001.15,+0000.84,-0011.41
+1580947126.13,-0002.93,-0009.77,+0004.88,+0000.92,-0000.31,-0006.28
+1580947126.13,-0003.91,-0008.79,+0004.88,+0000.61,-0000.15,-0005.28
+1580947126.14,-0001.95,-0008.79,+0004.88,+0001.00,-0001.07,-0004.59
+1580947126.14,-0000.98,-0009.77,+0005.86,+0001.00,-0000.46,-0005.13
+1580947126.15,-0000.98,-0007.81,+0005.86,+0001.30,-0000.38,-0006.20
+1580947126.15,+0000.98,-0006.84,+0006.84,+0001.23,+0000.00,-0006.81
+1580947126.16,+0001.95,-0006.84,+0006.84,+0001.68,+0000.38,-0008.12
+1580947126.16,+0000.98,-0005.86,+0006.84,+0001.84,-0000.31,-0010.03
+1580947126.17,+0000.98,-0003.91,+0007.81,+0001.68,+0000.31,-0011.10
+1580947126.17,-0000.98,-0002.93,+0007.81,+0001.99,+0000.38,-0012.25
+1580947126.18,-0001.95,-0002.93,+0006.84,+0001.99,-0000.15,-0012.33
+1580947126.18,-0003.91,-0001.95,+0007.81,+0001.76,+0001.38,-0013.25
+1580947126.19,-0004.88,-0000.98,+0007.81,+0001.30,+0001.53,-0013.48
+1580947126.19,-0003.91,-0000.98,+0007.81,+0001.23,+0001.07,-0013.55
+1580947126.20,-0002.93,-0000.98,+0007.81,+0001.38,+0000.46,-0012.86
+1580947126.20,-0002.93,-0000.98,+0008.79,+0001.84,-0000.46,-0010.72
+1580947126.21,-0003.91,+0000.00,+0009.77,+0001.61,-0000.23,-0009.72
+1580947126.21,-0003.91,+0000.00,+0009.77,+0000.84,-0000.08,-0009.80
+1580947126.22,-0003.91,+0000.00,+0010.74,+0000.77,-0000.23,-0009.03
+1580947126.22,-0002.93,+0000.00,+0010.74,+0000.77,+0000.77,-0008.80
+1580947126.23,-0001.95,+0000.00,+0010.74,+0000.77,+0000.31,-0007.89
+1580947126.23,-0001.95,+0000.00,+0010.74,+0000.38,+0000.23,-0007.20
+1580947126.24,-0000.98,+0000.98,+0009.77,+0001.00,-0000.23,-0007.81
+1580947126.24,-0000.98,+0001.95,+0009.77,+0001.30,+0000.46,-0008.35
+1580947126.25,-0001.95,+0002.93,+0009.77,+0001.15,+0000.23,-0009.57
+1580947126.25,-0002.93,+0003.91,+0009.77,+0001.30,+0000.61,-0011.03
+1580947126.26,-0002.93,+0003.91,+0009.77,+0001.61,+0000.84,-0011.48
+1580947126.26,-0002.93,+0004.88,+0009.77,+0001.68,+0000.46,-0010.95
+1580947126.27,-0002.93,+0005.86,+0009.77,+0001.15,+0000.84,-0010.18
+1580947126.27,-0004.88,+0005.86,+0010.74,+0001.23,-0000.23,-0010.03
+1580947126.28,-0003.91,+0006.84,+0010.74,+0000.92,+0000.38,-0010.64
+1580947126.28,-0005.86,+0005.86,+0009.77,+0000.46,+0000.00,-0011.48
+1580947126.29,-0005.86,+0005.86,+0009.77,+0000.54,-0000.08,-0012.25
+1580947126.29,-0003.91,+0006.84,+0009.77,+0000.38,+0000.08,-0011.71
+1580947126.30,-0002.93,+0005.86,+0009.77,+0000.38,-0000.23,-0010.11
+1580947126.30,-0002.93,+0005.86,+0009.77,+0000.38,-0000.69,-0009.65
+1580947126.31,-0001.95,+0005.86,+0009.77,+0000.54,-0000.23,-0010.18
+1580947126.31,-0001.95,+0005.86,+0008.79,+0000.61,-0000.38,-0009.65
+1580947126.32,-0001.95,+0005.86,+0008.79,+0000.69,-0000.38,-0010.49
+1580947126.32,-0000.98,+0005.86,+0007.81,+0000.38,-0000.15,-0010.11
+1580947126.33,-0000.98,+0005.86,+0007.81,+0001.15,+0000.31,-0009.95
+1580947126.33,-0000.98,+0004.88,+0006.84,-0000.08,-0000.46,-0008.96
+1580947126.34,+0000.00,+0004.88,+0005.86,+0000.31,-0000.15,-0008.73
+1580947126.34,+0000.00,+0005.86,+0005.86,+0000.92,-0000.08,-0009.57
+1580947126.35,+0000.00,+0005.86,+0005.86,+0001.00,-0000.08,-0009.34
+1580947126.35,-0000.98,+0005.86,+0005.86,+0000.54,+0000.23,-0011.41
+1580947126.36,-0000.98,+0005.86,+0004.88,+0001.30,+0000.31,-0012.71
+1580947126.36,-0000.98,+0006.84,+0004.88,+0001.30,+0000.31,-0012.02
+1580947126.37,+0000.98,+0006.84,+0005.86,+0001.00,-0000.15,-0011.94
+1580947126.37,+0000.98,+0007.81,+0005.86,+0001.38,+0000.46,-0010.64
+1580947126.38,+0000.00,+0006.84,+0005.86,+0000.46,-0000.08,-0007.81
+1580947126.38,-0000.98,+0006.84,+0005.86,+0000.15,-0000.46,-0006.43
+1580947126.39,-0001.95,+0006.84,+0005.86,+0000.61,+0000.08,-0006.05
+1580947126.39,-0002.93,+0006.84,+0005.86,+0001.23,+0000.38,-0006.51
+1580947126.40,-0002.93,+0007.81,+0004.88,+0000.15,+0000.31,-0006.35
+1580947126.40,-0002.93,+0007.81,+0005.86,+0000.54,+0000.77,-0007.81
+1580947126.41,-0003.91,+0008.79,+0004.88,+0001.07,-0000.08,-0006.28
+1580947126.41,-0005.86,+0008.79,+0004.88,+0000.38,+0000.69,-0004.67
+1580947126.42,-0009.77,+0009.77,+0003.91,+0001.00,+0001.61,-0005.51
+1580947126.42,-0012.70,+0010.74,+0002.93,+0001.07,+0001.23,-0007.43
+1580947126.43,-0011.72,+0011.72,+0002.93,+0002.07,+0000.84,-0018.76
+1580947126.43,-0007.81,+0012.70,+0003.91,+0002.37,-0000.46,-0020.75
+1580947126.44,-0005.86,+0013.67,+0004.88,+0002.53,-0001.61,-0018.38
+1580947126.44,-0005.86,+0014.65,+0005.86,+0001.76,-0000.69,-0017.53
+1580947126.45,-0007.81,+0014.65,+0005.86,+0000.69,-0002.37,-0015.47
+1580947126.45,-0003.91,+0013.67,+0006.84,+0001.15,-0001.76,-0013.48
+1580947126.46,-0001.95,+0012.70,+0006.84,+0000.15,-0000.84,-0010.57
+1580947126.46,-0000.98,+0009.77,+0006.84,-0000.15,-0001.76,-0005.90
+1580947126.47,+0000.00,+0008.79,+0006.84,+0000.46,-0001.76,-0005.21
+1580947126.47,+0000.00,+0006.84,+0006.84,+0000.08,-0001.84,-0005.44
+1580947126.48,+0000.00,+0004.88,+0006.84,+0001.00,-0001.91,-0005.97
+1580947126.48,+0000.98,+0003.91,+0006.84,+0001.53,-0001.68,-0008.42
+1580947126.49,+0000.98,+0003.91,+0007.81,+0001.23,-0001.84,-0009.72
+1580947126.49,+0001.95,+0002.93,+0007.81,+0001.61,-0001.76,-0010.26
+1580947126.50,+0002.93,+0003.91,+0006.84,+0001.76,-0001.38,-0010.41
+1580947126.50,+0002.93,+0002.93,+0005.86,-0000.15,-0001.76,-0010.26
+1580947126.51,+0001.95,+0002.93,+0004.88,+0001.15,-0001.00,-0011.33
+1580947126.51,+0000.00,+0001.95,+0002.93,+0000.84,-0000.54,-0011.87
+1580947126.52,-0001.95,+0000.98,+0001.95,+0001.61,-0000.08,-0012.56
+1580947126.52,-0003.91,+0000.00,+0000.98,+0001.84,-0000.08,-0012.79
+1580947126.53,-0003.91,+0000.00,+0001.95,+0002.37,-0001.00,-0010.95
+1580947126.53,-0003.91,-0000.98,+0002.93,+0002.30,-0000.84,-0007.96
+1580947126.54,-0004.88,-0001.95,+0003.91,+0001.45,-0001.91,-0007.89
+1580947126.54,-0005.86,-0001.95,+0004.88,+0001.91,-0001.30,-0007.96
+1580947126.55,-0004.88,-0002.93,+0004.88,+0000.84,-0001.53,-0008.80
+1580947126.55,-0002.93,-0003.91,+0004.88,+0000.54,-0001.84,-0009.88
+1580947126.56,-0000.98,-0004.88,+0005.86,+0001.00,-0001.53,-0010.18
+1580947126.56,+0000.98,-0005.86,+0004.88,+0001.00,-0001.84,-0008.88
+1580947126.57,+0000.98,-0006.84,+0004.88,+0001.23,-0001.91,-0009.11
+1580947126.57,+0000.98,-0006.84,+0004.88,+0001.38,-0001.00,-0009.65
+1580947126.58,+0000.00,-0006.84,+0004.88,+0002.22,-0001.15,-0010.34
+1580947126.58,+0000.00,-0006.84,+0004.88,+0001.84,-0001.30,-0010.95
+1580947126.59,+0000.00,-0007.81,+0004.88,+0002.22,-0001.00,-0010.41
+1580947126.59,+0000.00,-0007.81,+0005.86,+0002.07,-0000.69,-0009.95
+1580947126.60,-0000.98,-0006.84,+0005.86,+0001.91,-0001.07,-0010.03
+1580947126.60,-0002.93,-0006.84,+0004.88,+0001.38,-0000.15,-0011.48
+1580947126.61,-0002.93,-0006.84,+0005.86,+0002.30,-0000.92,-0012.02
+1580947126.61,-0002.93,-0005.86,+0005.86,+0001.99,-0000.23,-0011.94
+1580947126.62,-0002.93,-0006.84,+0005.86,+0001.61,-0000.31,-0011.79
+1580947126.62,-0002.93,-0006.84,+0005.86,+0001.00,-0000.84,-0009.11
+1580947126.63,-0002.93,-0006.84,+0005.86,+0001.23,-0000.31,-0008.27
+1580947126.63,-0004.88,-0006.84,+0005.86,+0001.00,-0000.15,-0007.43
+1580947126.64,-0004.88,-0006.84,+0006.84,+0001.38,-0000.69,-0007.43
+1580947126.64,-0004.88,-0005.86,+0006.84,+0001.07,-0000.23,-0008.27
+1580947126.65,-0003.91,-0004.88,+0006.84,+0001.15,-0001.00,-0007.96
+1580947126.65,-0001.95,-0003.91,+0007.81,+0001.61,-0000.54,-0008.80
+1580947126.66,-0002.93,-0002.93,+0008.79,+0001.23,-0000.46,-0010.18
+1580947126.66,-0003.91,-0001.95,+0007.81,+0000.77,-0000.92,-0011.03
+1580947126.67,-0002.93,-0000.98,+0007.81,+0001.45,-0000.15,-0014.01
+1580947126.67,-0001.95,-0000.98,+0007.81,+0001.61,-0000.61,-0013.93
+1580947126.68,+0000.98,+0000.00,+0007.81,+0001.76,-0001.07,-0010.72
+1580947126.68,+0002.93,+0000.00,+0007.81,+0000.00,-0001.99,-0008.27
+1580947126.69,+0003.91,+0000.00,+0007.81,+0001.53,-0001.99,-0005.44
+1580947126.69,-0003.91,+0001.95,+0006.84,+0001.00,+0000.23,-0013.48
+1580947126.70,-0010.74,+0002.93,+0005.86,+0000.38,-0000.69,-0016.23
+1580947126.70,-0003.91,+0002.93,+0006.84,+0002.37,+0000.92,-0015.77
+1580947126.71,-0000.98,+0002.93,+0006.84,+0000.23,+0002.22,-0012.17
+1580947126.71,-0001.95,+0002.93,+0006.84,+0000.92,-0001.91,-0004.29
+1580947126.72,-0000.98,+0004.88,+0007.81,+0001.07,-0001.07,-0002.22
+1580947126.72,-0005.86,+0004.88,+0006.84,+0000.00,-0000.84,-0005.05
+1580947126.73,-0006.84,+0006.84,+0006.84,+0001.07,-0001.45,-0012.33
+1580947126.73,-0002.93,+0006.84,+0006.84,+0000.77,+0000.00,-0015.31
+1580947126.74,-0000.98,+0006.84,+0006.84,+0000.38,+0000.00,-0014.78
+1580947126.74,+0002.93,+0005.86,+0006.84,+0000.77,-0001.23,-0012.56
+1580947126.75,+0004.88,+0006.84,+0006.84,+0000.61,-0000.61,-0008.42
+1580947126.75,+0000.98,+0006.84,+0005.86,+0000.92,-0001.53,-0008.50
+1580947126.76,+0000.00,+0006.84,+0004.88,+0000.92,-0002.22,-0010.18
+1580947126.76,+0002.93,+0006.84,+0004.88,+0001.53,-0001.15,-0012.02
+1580947126.77,+0003.91,+0006.84,+0004.88,+0001.23,-0000.84,-0012.33
+1580947126.77,+0003.91,+0006.84,+0004.88,+0001.53,-0001.23,-0011.64
+1580947126.78,+0003.91,+0006.84,+0004.88,+0001.00,-0000.23,-0011.79
+1580947126.78,+0001.95,+0006.84,+0003.91,+0001.30,-0000.92,-0011.87
+1580947126.79,+0002.93,+0006.84,+0003.91,-0000.08,-0000.84,-0010.41
+1580947126.79,+0003.91,+0005.86,+0002.93,+0000.92,-0000.15,-0008.88
+1580947126.80,+0002.93,+0004.88,+0002.93,+0000.38,-0000.54,-0007.66
+1580947126.80,+0002.93,+0004.88,+0002.93,+0000.69,-0000.15,-0008.12
+1580947126.81,+0000.98,+0004.88,+0002.93,+0000.15,-0000.08,-0008.35
+1580947126.81,+0000.98,+0004.88,+0001.95,+0000.84,-0000.08,-0009.57
+1580947126.82,+0002.93,+0004.88,+0001.95,+0000.77,+0000.46,-0009.57
+1580947126.82,+0002.93,+0004.88,+0001.95,+0001.15,-0000.61,-0009.03
+1580947126.83,+0001.95,+0005.86,+0001.95,+0000.46,-0000.31,-0008.35
+1580947126.83,+0000.98,+0005.86,+0001.95,+0000.77,+0000.15,-0009.49
+1580947126.84,+0000.00,+0006.84,+0001.95,+0000.46,+0001.00,-0011.71
+1580947126.84,-0001.95,+0005.86,+0000.98,+0001.15,+0000.61,-0012.33
+1580947126.85,-0000.98,+0006.84,+0000.00,+0001.07,-0000.08,-0011.71
+1580947126.85,-0001.95,+0006.84,+0000.00,+0000.84,+0000.92,-0009.19
+1580947126.86,-0004.88,+0007.81,+0000.00,+0001.45,-0000.54,-0010.34
+1580947126.86,-0003.91,+0008.79,+0000.00,+0001.45,+0000.69,-0012.40
+1580947126.87,-0000.98,+0008.79,+0000.98,+0001.30,+0000.00,-0012.02
+1580947126.87,+0002.93,+0008.79,+0000.98,+0000.69,-0002.22,-0008.04
+1580947126.88,+0007.81,+0008.79,+0001.95,+0001.68,-0002.07,-0004.98
+1580947126.88,+0007.81,+0008.79,+0001.95,+0001.07,-0001.76,-0004.52
+1580947126.89,+0005.86,+0008.79,+0000.98,+0000.15,-0002.30,-0008.27
+1580947126.89,+0011.72,+0007.81,+0001.95,+0000.69,-0001.53,-0008.27
+1580947126.90,+0015.62,+0007.81,+0002.93,+0000.92,-0000.84,-0008.04
+1580947126.90,+0017.58,+0006.84,+0003.91,+0000.15,-0001.76,-0005.90
+1580947126.91,+0020.51,+0006.84,+0001.95,+0004.21,+0006.89,-0006.12
+1580947126.91,-0001.95,+0008.79,-0003.91,-0002.76,+0003.83,-0015.39
+1580947126.92,-0012.70,+0005.86,-0005.86,+0003.37,-0004.06,-0021.74
+1580947126.92,+0002.93,+0011.72,-0004.88,+0000.54,+0000.46,-0017.15
+1580947126.93,+0003.91,+0006.84,-0003.91,+0003.68,+0002.76,-0005.36
+1580947126.93,-0008.79,+0006.84,-0003.91,+0002.76,+0004.21,-0011.56
+1580947126.94,-0021.48,+0010.74,-0002.93,+0001.30,-0001.91,-0010.26
+1580947126.94,-0012.70,+0012.70,-0000.98,-0001.23,-0001.76,-0013.17
+1580947126.95,-0002.93,+0007.81,+0000.00,+0001.53,+0000.08,-0007.73
+1580947126.95,+0000.00,+0006.84,+0000.98,-0001.15,-0002.91,+0001.76
+1580947126.96,+0000.98,+0006.84,+0000.00,+0001.68,-0002.30,+0000.00
+1580947126.96,-0005.86,+0006.84,-0001.95,-0001.45,-0002.53,-0009.34
+1580947126.97,-0001.95,+0004.88,-0002.93,+0003.60,-0001.15,-0017.69
+1580947126.97,+0005.86,+0005.86,-0001.95,+0000.69,-0001.30,-0016.69
+1580947126.98,+0009.77,+0003.91,-0001.95,+0002.14,+0000.61,-0008.73
+1580947126.98,+0001.95,+0001.95,-0003.91,+0002.07,+0000.31,-0010.95
+1580947126.99,-0008.79,+0002.93,-0004.88,+0002.07,+0000.38,-0015.93
+1580947126.99,-0003.91,+0003.91,-0003.91,+0002.83,-0001.91,-0015.70
+1580947127.00,+0001.95,+0000.98,-0002.93,+0000.61,-0000.54,-0005.36
+1580947127.00,+0002.93,-0001.95,-0002.93,+0001.30,-0002.91,-0001.84
+1580947127.01,-0003.91,+0000.00,-0003.91,+0001.15,+0000.00,-0003.06
+1580947127.01,-0009.77,-0000.98,-0004.88,-0000.15,-0002.53,-0013.63
+1580947127.02,-0001.95,-0001.95,-0004.88,+0001.00,-0000.61,-0014.55
+1580947127.02,+0003.91,-0002.93,-0004.88,-0000.46,-0000.92,-0011.94
+1580947127.03,+0005.86,-0004.88,-0004.88,+0000.54,-0002.07,-0006.43
+1580947127.03,+0001.95,-0004.88,-0006.84,+0000.23,-0001.30,-0005.97
+1580947127.04,-0004.88,-0005.86,-0008.79,+0000.00,-0001.45,-0011.94
+1580947127.04,-0001.95,-0005.86,-0008.79,+0001.15,-0001.84,-0013.63
+1580947127.05,+0003.91,-0006.84,-0008.79,+0001.45,-0000.31,-0010.26
+1580947127.05,+0000.98,-0008.79,-0007.81,+0001.53,-0000.31,-0009.49
+1580947127.06,-0002.93,-0007.81,-0008.79,+0001.30,-0001.38,-0009.65
+1580947127.06,-0002.93,-0007.81,-0008.79,+0000.54,-0001.53,-0011.10
+1580947127.07,-0001.95,-0008.79,-0008.79,+0001.30,-0001.38,-0012.02
+1580947127.07,+0000.00,-0009.77,-0008.79,+0000.61,-0002.30,-0010.64
+1580947127.08,+0003.91,-0010.74,-0008.79,+0000.61,-0001.61,-0006.20
+1580947127.08,+0000.98,-0011.72,-0010.74,+0000.69,-0001.15,-0010.18
+1580947127.09,-0002.93,-0012.70,-0010.74,+0000.69,-0002.07,-0011.79
+1580947127.09,+0002.93,-0011.72,-0010.74,+0001.61,-0001.68,-0012.25
+1580947127.10,+0004.88,-0013.67,-0010.74,-0000.38,-0000.54,-0009.34
+1580947127.10,+0003.91,-0014.65,-0010.74,+0000.69,-0000.84,-0006.66
+1580947127.11,-0000.98,-0013.67,-0011.72,+0000.54,+0000.61,-0009.80
+1580947127.11,-0001.95,-0014.65,-0011.72,+0000.54,-0002.14,-0010.87
+1580947127.12,+0002.93,-0015.62,-0011.72,+0000.46,+0000.77,-0010.49
+1580947127.12,+0001.95,-0015.62,-0011.72,+0000.23,-0000.61,-0009.80
+1580947127.13,-0002.93,-0014.65,-0012.70,+0001.61,+0000.92,-0011.25
+1580947127.13,-0004.88,-0014.65,-0011.72,+0001.00,+0000.15,-0013.48
+1580947127.14,-0000.98,-0014.65,-0010.74,+0002.07,-0000.84,-0010.64
+1580947127.14,+0003.91,-0014.65,-0010.74,+0000.69,-0000.46,-0007.27
