+1580774616.06,-0002.93,+0013.67,-0009.77,-0003.75,+0000.23,-0010.18
+1580774616.06,-0002.93,+0012.70,-0010.74,-0001.68,+0000.77,-0011.03
+1580774616.07,-0002.93,+0012.70,-0010.74,-0000.38,+0001.30,-0012.17
+1580774616.07,-0004.88,+0012.70,-0011.72,-0001.30,+0000.61,-0011.41
+1580774616.08,-0003.91,+0011.72,-0011.72,-0002.45,+0000.61,-0011.10
+1580774616.08,-0003.91,+0010.74,-0012.70,-0002.83,+0000.84,-0010.95
+1580774616.09,-0004.88,+0009.77,-0013.67,-0000.38,+0000.46,-0009.26
+1580774616.09,-0004.88,+0007.81,-0014.65,-0000.92,+0000.23,-0008.12
+1580774616.10,-0004.88,+0007.81,-0015.62,-0003.37,-0000.15,-0008.12
+1580774616.10,-0004.88,+0005.86,-0016.60,-0000.54,-0000.08,-0010.64
+1580774616.11,-0003.91,+0004.88,-0016.60,-0001.15,-0000.23,-0009.57
+1580774616.11,-0003.91,+0002.93,-0017.58,-0001.23,-0000.69,-0008.27
+1580774616.12,-0001.95,+0001.95,-0018.55,-0002.68,-0000.08,-0009.88
+1580774616.12,-0002.93,+0000.00,-0019.53,-0000.46,-0000.77,-0010.72
+1580774616.13,-0000.98,+0000.00,-0019.53,-0000.38,-0000.15,-0011.33
+1580774616.13,-0001.95,-0002.93,-0021.48,-0000.31,-0000.77,-0010.72
+1580774616.14,-0000.98,-0001.95,-0021.48,-0002.83,-0000.61,-0010.64
+1580774616.14,-0000.98,-0003.91,-0022.46,-0000.69,-0000.77,-0010.34
+1580774616.15,-0000.98,-0004.88,-0022.46,-0000.69,+0000.15,-0011.25
+1580774616.15,-0000.98,-0006.84,-0023.44,-0001.38,-0001.07,-0010.11
+1580774616.16,-0000.98,-0006.84,-0024.41,-0003.06,+0000.00,-0010.18
+1580774616.16,-0000.98,-0008.79,-0024.41,-0000.15,+0000.31,-0011.41
+1580774616.17,-0001.95,-0009.77,-0025.39,-0000.08,-0000.31,-0011.03
+1580774616.17,-0001.95,-0010.74,-0025.39,-0002.14,+0000.31,-0010.49
+1580774616.18,-0001.95,-0011.72,-0026.37,-0002.45,-0000.54,-0010.95
+1580774616.18,-0000.98,-0012.70,-0025.39,+0000.38,-0001.00,-0010.41
+1580774616.19,-0002.93,-0012.70,-0026.37,-0000.08,-0000.77,-0010.03
+1580774616.19,-0000.98,-0013.67,-0026.37,-0001.91,-0000.15,-0010.72
+1580774616.20,-0001.95,-0014.65,-0026.37,-0002.22,-0000.92,-0010.95
+1580774616.20,-0000.98,-0013.67,-0026.37,+0000.23,-0000.77,-0011.18
+1580774616.21,-0000.98,-0014.65,-0026.37,-0000.46,-0001.23,-0010.34
+1580774616.21,-0000.98,-0015.62,-0026.37,-0001.68,-0001.15,-0010.26
+1580774616.22,-0000.98,-0015.62,-0026.37,-0001.15,-0000.54,-0009.42
+1580774616.22,-0000.98,-0015.62,-0025.39,+0000.31,-0001.07,-0009.65
+1580774616.23,-0000.98,-0015.62,-0025.39,-0000.08,-0001.68,-0009.03
+1580774616.23,-0000.98,-0015.62,-0024.41,-0001.00,-0000.15,-0009.34
+1580774616.24,-0000.98,-0014.65,-0023.44,-0001.38,-0000.61,-0010.18
+1580774616.24,-0000.98,-0014.65,-0023.44,+0001.61,+0000.00,-0011.56
+1580774616.25,-0000.98,-0014.65,-0022.46,+0000.54,-0000.92,-0011.10
+1580774616.25,+0000.00,-0014.65,-0021.48,-0000.31,-0001.99,-0011.25
+1580774616.26,+0001.95,-0014.65,-0019.53,-0001.38,-0001.84,-0010.72
+1580774616.26,+0001.95,-0013.67,-0018.55,+0001.45,-0000.61,-0009.34
+1580774616.27,+0000.00,-0013.67,-0017.58,-0000.77,-0001.00,-0009.57
+1580774616.27,+0002.93,-0014.65,-0017.58,-0000.15,-0001.68,-0009.88
+1580774616.28,+0001.95,-0014.65,-0017.58,+0002.60,-0001.76,-0009.80
+1580774616.28,+0001.95,-0013.67,-0015.62,+0003.52,-0001.23,-0009.03
+1580774616.29,+0000.00,-0014.65,-0014.65,+0002.76,+0000.00,-0010.03
+1580774616.29,+0000.98,-0014.65,-0013.67,-0000.23,-0002.91,-0008.35
+1580774616.30,+0000.98,-0014.65,-0011.72,-0000.61,-0000.69,-0010.34
+1580774616.30,-0000.98,-0015.62,-0011.72,+0000.38,-0001.23,-0009.34
+1580774616.31,+0000.00,-0015.62,-0010.74,+0002.76,+0000.08,-0009.95
+1580774616.31,+0000.00,-0016.60,-0009.77,+0001.61,-0001.68,-0010.34
+1580774616.32,+0000.00,-0016.60,-0008.79,-0000.15,-0000.77,-0010.11
+1580774616.32,+0000.00,-0017.58,-0007.81,+0000.31,-0001.53,-0011.10
+1580774616.33,+0000.00,-0017.58,-0006.84,+0002.91,-0001.38,-0010.72
+1580774616.33,+0000.00,-0017.58,-0005.86,+0001.68,-0001.76,-0008.80
+1580774616.34,+0000.98,-0017.58,-0004.88,+0000.92,-0001.53,-0007.20
+1580774616.34,+0000.00,-0017.58,-0002.93,-0000.92,-0001.15,-0006.81
+1580774616.35,-0001.95,-0017.58,-0002.93,+0001.00,-0000.69,-0008.27
+1580774616.35,-0002.93,-0017.58,-0001.95,+0002.45,-0000.46,-0010.26
+1580774616.36,-0001.95,-0018.55,-0000.98,+0002.68,-0000.77,-0010.72
+1580774616.36,-0002.93,-0017.58,+0000.98,+0001.45,-0001.07,-0009.80
+1580774616.37,-0002.93,-0017.58,+0001.95,-0001.84,+0000.38,-0010.87
+1580774616.37,-0004.88,-0017.58,+0002.93,-0000.54,-0000.69,-0011.10
+1580774616.38,-0004.88,-0016.60,+0003.91,+0001.91,-0000.46,-0011.56
+1580774616.38,-0002.93,-0017.58,+0003.91,+0002.30,-0001.15,-0010.72
+1580774616.39,-0003.91,-0016.60,+0004.88,+0000.46,-0001.61,-0008.73
+1580774616.39,-0003.91,-0015.62,+0005.86,-0000.61,-0001.23,-0009.42
+1580774616.40,-0001.95,-0015.62,+0006.84,-0002.68,-0000.08,-0010.87
+1580774616.40,-0002.93,-0014.65,+0006.84,+0002.76,-0000.77,-0012.02
+1580774616.41,-0002.93,-0013.67,+0007.81,+0002.45,-0001.15,-0011.10
+1580774616.41,-0000.98,-0012.70,+0007.81,+0003.75,-0001.15,-0011.94
+1580774616.42,+0000.00,-0012.70,+0008.79,-0000.15,-0000.92,-0010.34
+1580774616.42,+0000.00,-0009.77,+0009.77,-0001.68,-0000.69,-0010.03
+1580774616.43,-0000.98,-0009.77,+0009.77,+0000.38,+0000.08,-0009.72
+1580774616.43,+0000.00,-0009.77,+0010.74,+0003.45,-0000.08,-0009.26
+1580774616.44,+0000.00,-0008.79,+0010.74,+0001.91,+0000.31,-0010.26
+1580774616.44,-0001.95,-0006.84,+0011.72,-0001.23,-0001.53,-0009.88
+1580774616.45,+0000.98,-0006.84,+0011.72,-0002.22,-0001.38,-0009.95
+1580774616.45,+0002.93,-0006.84,+0012.70,-0001.30,+0000.00,-0009.42
+1580774616.46,-0000.98,-0005.86,+0012.70,+0003.45,-0001.07,-0010.57
+1580774616.46,+0000.00,-0004.88,+0012.70,+0000.54,-0001.30,-0012.25
+1580774616.47,+0001.95,-0005.86,+0012.70,+0002.30,+0000.15,-0013.32
+1580774616.47,+0001.95,-0004.88,+0012.70,-0001.61,-0000.61,-0010.80
+1580774616.48,+0000.98,-0003.91,+0013.67,-0003.06,-0000.31,-0011.25
+1580774616.48,+0001.95,-0003.91,+0013.67,+0000.08,-0001.00,-0011.18
+1580774616.49,+0002.93,-0002.93,+0014.65,+0001.76,+0000.69,-0011.87
+1580774616.49,+0001.95,-0001.95,+0014.65,+0001.68,-0000.77,-0010.11
+1580774616.50,+0002.93,-0001.95,+0014.65,-0000.38,-0000.61,-0010.80
+1580774616.50,+0002.93,-0002.93,+0014.65,-0000.46,-0001.30,-0010.26
+1580774616.51,+0004.88,-0001.95,+0014.65,+0000.31,-0000.54,-0010.18
+1580774616.51,+0004.88,-0000.98,+0014.65,+0000.46,-0000.46,-0009.72
+1580774616.52,+0004.88,-0000.98,+0014.65,+0001.23,-0001.23,-0010.11
+1580774616.52,+0004.88,-0000.98,+0014.65,-0000.84,+0000.84,-0009.57
+1580774616.53,+0002.93,+0000.00,+0014.65,-0003.45,-0001.91,-0004.98
+1580774616.53,+0003.91,+0000.00,+0013.67,+0000.00,-0000.23,-0006.89
+1580774616.54,+0001.95,+0000.00,+0013.67,+0000.08,+0000.23,-0010.95
+1580774616.54,+0000.98,+0001.95,+0014.65,+0001.38,-0000.38,-0009.57
+1580774616.55,+0001.95,+0001.95,+0015.62,+0000.69,+0000.31,-0012.25
+1580774616.55,+0001.95,+0002.93,+0015.62,-0000.08,-0000.69,-0011.71
+1580774616.56,+0002.93,+0002.93,+0015.62,-0001.07,-0002.37,-0010.72
+1580774616.56,+0000.98,+0002.93,+0014.65,-0001.15,-0000.92,-0008.12
+1580774616.57,+0000.00,+0002.93,+0013.67,+0002.45,-0000.92,-0008.50
+1580774616.57,-0000.98,+0002.93,+0013.67,-0000.23,-0000.15,-0007.81
+1580774616.58,-0000.98,+0002.93,+0013.67,-0001.38,-0000.23,-0009.19
+1580774616.58,-0001.95,+0002.93,+0013.67,-0002.07,-0000.69,-0009.26
+1580774616.59,-0002.93,+0002.93,+0013.67,-0000.77,+0000.84,-0009.80
+1580774616.59,-0003.91,+0002.93,+0013.67,+0000.15,+0000.31,-0011.64
+1580774616.60,-0003.91,+0003.91,+0013.67,+0000.77,-0000.54,-0011.79
+1580774616.60,-0002.93,+0002.93,+0013.67,+0000.23,-0000.77,-0012.17
+1580774616.61,-0002.93,+0002.93,+0013.67,-0001.61,-0000.08,-0010.49
+1580774616.61,-0003.91,+0003.91,+0013.67,-0001.45,-0000.77,-0009.65
+1580774616.62,-0003.91,+0002.93,+0013.67,+0000.08,-0000.69,-0009.72
+1580774616.62,-0002.93,+0002.93,+0012.70,+0001.07,+0000.31,-0010.26
+1580774616.63,-0002.93,+0002.93,+0011.72,-0000.15,-0000.54,-0008.58
+1580774616.63,-0000.98,+0001.95,+0011.72,-0003.75,-0000.23,-0009.72
+1580774616.64,-0001.95,+0000.98,+0010.74,-0002.07,+0000.38,-0010.49
+1580774616.64,-0000.98,+0000.98,+0011.72,-0001.07,-0000.38,-0011.79
+1580774616.65,-0000.98,+0000.00,+0010.74,+0002.22,-0000.31,-0011.10
+1580774616.65,-0000.98,+0000.98,+0010.74,-0000.77,+0000.00,-0009.72
+1580774616.66,-0000.98,+0000.00,+0010.74,-0000.38,-0001.99,-0008.96
+1580774616.66,+0000.00,+0000.00,+0009.77,-0003.90,-0000.08,-0008.19
+1580774616.67,+0000.98,+0000.00,+0009.77,-0001.45,-0000.46,-0007.58
+1580774616.67,+0000.98,+0000.00,+0009.77,-0000.15,+0000.00,-0008.80
+1580774616.68,+0000.98,+0000.00,+0009.77,+0001.38,-0000.61,-0009.49
+1580774616.68,+0000.98,+0000.00,+0008.79,-0001.30,-0000.77,-0010.87
+1580774616.69,+0000.98,+0000.00,+0008.79,-0002.60,-0001.15,-0011.33
+1580774616.69,+0001.95,+0000.00,+0008.79,-0001.91,-0001.00,-0012.94
+1580774616.70,+0001.95,+0000.98,+0008.79,-0001.53,-0000.15,-0012.40
+1580774616.70,+0000.98,+0000.98,+0008.79,+0001.23,+0000.38,-0010.72
+1580774616.71,-0000.98,+0000.98,+0008.79,+0000.15,+0000.15,-0009.11
+1580774616.71,-0000.98,+0000.98,+0008.79,-0000.38,-0000.61,-0009.95
+1580774616.72,-0000.98,+0000.98,+0008.79,-0000.61,+0000.38,-0009.65
+1580774616.72,-0001.95,+0001.95,+0008.79,-0000.69,+0000.23,-0009.57
+1580774616.73,-0001.95,+0001.95,+0008.79,+0000.23,+0000.23,-0009.49
+1580774616.73,-0001.95,+0001.95,+0008.79,+0000.00,-0000.15,-0010.26
+1580774616.74,-0002.93,+0001.95,+0008.79,-0000.84,-0000.61,-0008.42
+1580774616.74,-0001.95,+0002.93,+0008.79,-0003.14,-0001.53,-0009.72
+1580774616.75,+0000.00,+0001.95,+0008.79,-0001.30,-0000.92,-0009.42
+1580774616.75,-0000.98,+0002.93,+0008.79,+0000.46,-0000.08,-0011.25
+1580774616.76,-0001.95,+0002.93,+0008.79,+0001.68,-0001.61,-0011.03
+1580774616.76,+0000.98,+0003.91,+0008.79,-0000.69,-0002.22,-0010.03
+1580774616.77,+0002.93,+0003.91,+0009.77,-0000.31,-0000.31,-0010.87
+1580774616.77,+0000.98,+0004.88,+0009.77,-0000.38,-0001.30,-0010.57
+1580774616.78,+0000.00,+0005.86,+0009.77,+0001.53,+0001.00,-0012.56
+1580774616.78,+0000.00,+0004.88,+0009.77,+0001.38,-0001.91,-0010.03
+1580774616.79,+0000.98,+0005.86,+0009.77,-0001.15,-0001.30,-0008.88
+1580774616.79,+0000.00,+0006.84,+0009.77,-0000.84,+0000.38,-0009.03
+1580774616.80,+0000.00,+0006.84,+0009.77,-0001.23,+0000.08,-0011.56
+1580774616.80,-0001.95,+0006.84,+0009.77,-0001.07,-0000.69,-0010.41
+1580774616.81,+0000.00,+0007.81,+0009.77,-0000.15,+0000.61,-0010.80
+1580774616.81,-0001.95,+0007.81,+0008.79,+0000.54,+0000.38,-0009.72
+1580774616.82,-0002.93,+0008.79,+0008.79,-0002.83,+0000.08,-0010.80
+1580774616.82,-0000.98,+0007.81,+0008.79,-0000.77,-0000.69,-0010.11
+1580774616.83,+0000.98,+0008.79,+0009.77,-0000.54,+0000.46,-0010.95
+1580774616.83,-0002.93,+0010.74,+0009.77,+0003.29,+0000.31,-0009.42
+1580774616.84,-0001.95,+0010.74,+0009.77,+0001.07,-0000.69,-0009.88
+1580774616.84,-0001.95,+0010.74,+0009.77,-0000.92,-0000.84,-0008.42
+1580774616.85,-0001.95,+0012.70,+0009.77,-0003.29,-0000.31,-0008.04
+1580774616.85,-0002.93,+0012.70,+0008.79,-0001.68,+0000.15,-0008.65
+1580774616.86,-0002.93,+0012.70,+0008.79,+0002.14,+0000.54,-0009.80
+1580774616.86,-0001.95,+0013.67,+0008.79,+0000.77,-0000.23,-0009.26
+1580774616.87,-0002.93,+0014.65,+0008.79,+0000.54,-0000.54,-0010.03
+1580774616.87,-0002.93,+0014.65,+0008.79,-0001.45,-0001.53,-0009.57
+1580774616.88,-0000.98,+0015.62,+0008.79,-0001.07,-0000.61,-0011.25
+1580774616.88,+0000.98,+0016.60,+0009.77,-0000.69,-0001.68,-0011.18
+1580774616.89,+0007.81,+0016.60,+0009.77,+0000.31,-0007.27,-0004.21
+1580774616.89,+0009.77,+0016.60,+0005.86,+0001.61,+0011.56,-0009.65
+1580774616.90,-0022.46,+0020.51,+0002.93,-0001.99,-0000.31,-0016.92
+1580774616.90,-0015.62,+0019.53,+0005.86,+0001.53,-0005.67,-0020.14
+1580774616.91,+0011.72,+0015.62,+0007.81,-0001.68,-0000.92,-0019.68
+1580774616.91,+0001.95,+0019.53,+0006.84,+0001.38,+0004.82,-0004.90
+1580774616.92,-0016.60,+0026.37,+0005.86,-0006.35,+0001.07,-0010.57
+1580774616.92,-0012.70,+0016.60,+0004.88,-0001.00,-0003.45,-0012.56
+1580774616.93,+0002.93,+0014.65,+0004.88,-0001.68,+0001.61,-0006.89
+1580774616.93,-0002.93,+0020.51,+0003.91,+0000.00,-0001.07,-0003.98
+1580774616.94,-0009.77,+0019.53,+0002.93,-0001.99,-0001.23,-0005.59
+1580774616.94,-0004.88,+0014.65,+0001.95,+0001.30,-0000.92,-0009.88
+1580774616.95,-0000.98,+0015.62,+0001.95,-0001.61,-0000.15,-0007.20
+1580774616.95,-0003.91,+0017.58,+0000.98,-0001.38,+0000.31,-0010.57
+1580774616.96,-0005.86,+0015.62,+0000.00,-0000.38,-0000.46,-0012.10
+1580774616.96,-0004.88,+0015.62,+0000.00,+0001.30,+0000.00,-0013.09
+1580774616.97,-0002.93,+0015.62,+0000.00,-0000.38,+0000.54,-0012.71
+1580774616.97,-0004.88,+0014.65,-0000.98,-0002.99,-0000.38,-0011.87
+1580774616.98,-0004.88,+0014.65,-0001.95,-0003.60,+0000.61,-0011.87
+1580774616.98,-0002.93,+0014.65,-0002.93,-0002.22,-0000.46,-0010.18
+1580774616.99,-0002.93,+0013.67,-0002.93,+0001.45,-0000.15,-0008.73
+1580774616.99,-0002.93,+0012.70,-0003.91,-0002.37,-0001.53,-0008.19
+1580774617.00,-0001.95,+0012.70,-0004.88,-0001.53,-0000.61,-0009.34
+1580774617.00,+0000.00,+0011.72,-0005.86,-0001.76,-0000.92,-0010.41
+1580774617.01,-0000.98,+0012.70,-0005.86,-0000.31,+0000.23,-0011.33
+1580774617.01,-0000.98,+0011.72,-0006.84,+0000.38,-0000.69,-0012.33
+1580774617.02,-0000.98,+0011.72,-0007.81,-0001.61,-0000.69,-0010.95
+1580774617.02,+0000.00,+0010.74,-0008.79,-0002.45,-0000.84,-0011.25
+1580774617.03,-0000.98,+0011.72,-0009.77,-0003.52,-0000.08,-0010.87
+1580774617.03,+0000.00,+0010.74,-0009.77,-0001.00,-0001.45,-0010.26
+1580774617.04,+0001.95,+0009.77,-0010.74,+0000.31,-0001.38,-0007.89
+1580774617.04,+0000.98,+0009.77,-0011.72,-0000.54,-0000.38,-0007.27
+1580774617.05,-0000.98,+0009.77,-0011.72,-0003.45,-0000.77,-0007.20
+1580774617.05,+0000.00,+0008.79,-0012.70,-0003.60,-0001.61,-0010.41
+1580774617.06,+0001.95,+0007.81,-0013.67,+0000.23,+0000.84,-0011.64
+1580774617.06,+0001.95,+0007.81,-0014.65,+0001.30,-0001.23,-0009.72
+1580774617.07,+0000.98,+0005.86,-0015.62,+0000.00,-0000.61,-0009.42
+1580774617.07,-0000.98,+0005.86,-0016.60,-0004.21,-0001.91,-0009.19
+1580774617.08,+0000.98,+0004.88,-0017.58,-0002.83,-0000.38,-0010.57
+1580774617.08,+0000.00,+0003.91,-0017.58,-0004.59,+0000.31,-0011.56
+1580774617.09,+0000.00,+0002.93,-0018.55,+0000.77,-0000.08,-0010.72
+1580774617.09,+0000.00,+0001.95,-0018.55,+0000.92,+0000.69,-0010.72
+1580774617.10,-0000.98,+0000.98,-0019.53,+0000.46,-0001.53,-0010.18
+1580774617.10,+0001.95,+0000.00,-0020.51,-0004.52,-0003.06,-0006.12
+1580774617.11,-0000.98,-0000.98,-0021.48,-0005.05,+0001.45,-0011.71
+1580774617.11,-0005.86,-0000.98,-0022.46,-0000.23,-0002.99,-0009.65
+1580774617.12,+0002.93,-0002.93,-0022.46,+0001.00,+0000.08,-0011.03
+1580774617.12,+0000.00,-0003.91,-0023.44,+0001.30,-0000.61,-0007.73
+1580774617.13,-0002.93,-0001.95,-0022.46,-0000.61,-0000.84,-0007.89
+1580774617.13,-0002.93,-0003.91,-0022.46,-0004.52,-0000.77,-0010.18
+1580774617.14,-0001.95,-0003.91,-0022.46,-0001.00,-0001.07,-0009.65
+1580774617.14,-0001.95,-0003.91,-0022.46,+0001.99,+0001.76,-0013.02
+1580774617.15,-0004.88,-0003.91,-0022.46,+0001.07,-0000.92,-0010.49
+1580774617.15,-0002.93,-0004.88,-0022.46,+0001.91,-0000.23,-0012.56
+1580774617.16,-0002.93,-0004.88,-0021.48,-0000.77,-0000.38,-0009.95
+1580774617.16,-0003.91,-0003.91,-0021.48,-0000.61,-0000.23,-0011.56
+1580774617.17,-0003.91,-0004.88,-0020.51,-0001.23,-0002.30,-0009.88
+1580774617.17,-0001.95,-0003.91,-0019.53,+0003.60,-0000.15,-0011.18
+1580774617.18,+0001.95,-0004.88,-0020.51,+0002.83,+0000.77,-0006.81
+1580774617.18,-0002.93,-0003.91,-0020.51,-0003.14,-0001.53,-0007.20
+1580774617.19,-0002.93,-0005.86,-0020.51,-0001.23,-0001.61,-0008.27
+1580774617.19,+0000.98,-0005.86,-0019.53,-0001.45,-0001.45,-0012.40
+1580774617.20,+0001.95,-0006.84,-0018.55,+0004.82,-0000.08,-0010.64
+1580774617.20,+0000.00,-0005.86,-0018.55,-0000.23,+0000.23,-0012.10
+1580774617.21,-0000.98,-0006.84,-0017.58,+0003.37,-0002.91,-0012.40
+1580774617.21,+0001.95,-0007.81,-0017.58,-0001.91,-0001.53,-0008.50
+1580774617.22,+0000.98,-0007.81,-0017.58,-0002.45,-0000.46,-0008.96
+1580774617.22,-0000.98,-0007.81,-0017.58,-0001.61,-0000.84,-0007.89
+1580774617.23,+0000.00,-0009.77,-0017.58,+0001.91,+0000.15,-0011.18
+1580774617.23,+0000.00,-0010.74,-0016.60,+0001.91,-0001.00,-0010.64
+1580774617.24,-0000.98,-0009.77,-0016.60,-0000.92,+0000.61,-0011.41
+1580774617.24,-0001.95,-0011.72,-0016.60,-0002.07,-0001.99,-0010.80
+1580774617.25,+0000.98,-0012.70,-0016.60,-0001.61,-0000.77,-0012.10
+1580774617.25,+0000.00,-0012.70,-0015.62,+0000.69,-0000.69,-0010.11
+1580774617.26,+0000.00,-0011.72,-0015.62,+0002.22,-0001.53,-0008.88
+1580774617.26,-0000.98,-0013.67,-0015.62,+0002.45,-0001.53,-0008.50
+1580774617.27,+0000.98,-0013.67,-0015.62,-0000.69,-0001.30,-0008.88
+1580774617.27,+0001.95,-0013.67,-0014.65,-0001.00,-0001.30,-0008.80
+1580774617.28,+0001.95,-0013.67,-0014.65,-0003.14,-0002.14,-0008.50
+1580774617.28,+0002.93,-0013.67,-0014.65,-0000.31,-0000.84,-0010.72
+1580774617.29,+0002.93,-0013.67,-0013.67,+0000.61,-0001.91,-0010.18
+1580774617.29,+0002.93,-0013.67,-0013.67,+0003.29,-0000.15,-0010.49
+1580774617.30,+0001.95,-0013.67,-0013.67,+0003.37,-0000.46,-0011.94
+1580774617.30,+0000.98,-0013.67,-0012.70,+0001.84,+0000.31,-0011.33
+1580774617.31,+0000.98,-0013.67,-0011.72,+0000.69,+0000.61,-0011.48
+1580774617.31,+0000.00,-0012.70,-0011.72,-0000.92,+0000.08,-0011.56
+1580774617.32,-0000.98,-0011.72,-0010.74,-0001.38,+0000.08,-0011.18
+1580774617.32,+0000.00,-0011.72,-0009.77,-0000.61,+0001.07,-0012.02
+1580774617.33,-0000.98,-0011.72,-0008.79,+0001.30,-0000.69,-0010.49
+1580774617.33,-0000.98,-0010.74,-0008.79,+0001.68,+0000.31,-0009.49
+1580774617.34,-0000.98,-0010.74,-0007.81,+0000.15,-0001.00,-0008.80
+1580774617.34,+0000.00,-0009.77,-0006.84,-0002.22,-0000.54,-0008.58
+1580774617.35,+0000.00,-0008.79,-0006.84,-0003.37,-0000.46,-0008.58
+1580774617.35,+0000.00,-0007.81,-0005.86,-0001.15,-0000.54,-0010.64
+1580774617.36,+0000.00,-0007.81,-0005.86,+0001.38,-0002.14,-0011.18
+1580774617.36,+0001.95,-0006.84,-0004.88,+0003.45,-0001.23,-0011.25
+1580774617.37,+0003.91,-0006.84,-0003.91,+0002.45,-0001.00,-0009.57
+1580774617.37,+0001.95,-0004.88,-0004.88,-0001.99,-0000.92,-0009.03
+1580774617.38,+0002.93,-0003.91,-0003.91,-0001.15,-0001.68,-0009.42
+1580774617.38,+0003.91,-0004.88,-0003.91,-0004.75,-0001.07,-0009.11
+1580774617.39,+0003.91,-0003.91,-0002.93,-0000.69,+0000.23,-0008.65
+1580774617.39,+0001.95,-0001.95,-0002.93,+0001.68,-0001.68,-0009.26
+1580774617.40,+0000.98,-0001.95,-0001.95,+0002.60,-0000.69,-0009.88
+1580774617.40,+0001.95,-0001.95,-0001.95,+0002.22,-0000.69,-0009.03
+1580774617.41,+0001.95,-0001.95,-0001.95,-0000.61,+0000.54,-0008.65
+1580774617.41,-0001.95,-0000.98,-0002.93,-0002.14,-0000.92,-0008.80
+1580774617.42,-0001.95,-0000.98,-0002.93,-0002.45,-0000.61,-0010.26
+1580774617.42,+0000.00,-0000.98,-0002.93,-0001.53,-0001.00,-0011.41
+1580774617.43,-0000.98,+0000.00,-0001.95,-0001.00,-0000.15,-0011.56
+1580774617.43,-0001.95,+0000.00,-0001.95,+0001.68,-0000.54,-0012.25
+1580774617.44,-0001.95,+0000.98,-0001.95,+0002.30,-0000.15,-0008.73
+1580774617.44,-0000.98,+0000.98,-0001.95,+0001.07,-0001.00,-0008.88
+1580774617.45,-0001.95,+0001.95,-0002.93,-0000.77,-0001.38,-0008.19
+1580774617.45,-0002.93,+0001.95,-0002.93,-0001.23,-0000.46,-0007.35
+1580774617.46,-0001.95,+0001.95,-0002.93,-0003.83,-0001.53,-0010.11
+1580774617.46,-0000.98,+0001.95,-0002.93,-0002.22,+0000.31,-0010.49
+1580774617.47,-0000.98,+0003.91,-0001.95,-0001.91,+0000.23,-0011.48
+1580774617.47,-0001.95,+0002.93,-0001.95,+0000.61,-0000.54,-0011.48
+1580774617.48,-0000.98,+0002.93,-0002.93,+0002.76,+0000.46,-0011.25
+1580774617.48,-0000.98,+0003.91,-0002.93,+0001.68,-0000.46,-0011.33
+1580774617.49,-0001.95,+0003.91,-0002.93,+0001.99,-0000.69,-0010.18
+1580774617.49,-0001.95,+0003.91,-0003.91,+0000.00,+0001.00,-0009.72
+1580774617.50,-0002.93,+0003.91,-0002.93,-0002.07,-0000.15,-0009.19
+1580774617.50,-0001.95,+0003.91,-0002.93,-0003.52,-0001.23,-0009.34
+1580774617.51,-0001.95,+0002.93,-0002.93,-0002.60,+0000.23,-0010.57
+1580774617.51,-0001.95,+0003.91,-0003.91,-0000.92,+0000.15,-0011.03
+1580774617.52,-0002.93,+0002.93,-0003.91,+0000.92,+0000.38,-0012.79
+1580774617.52,-0001.95,+0002.93,-0002.93,+0000.61,+0000.00,-0011.71
+1580774617.53,+0000.00,+0001.95,-0003.91,-0000.61,+0000.15,-0009.57
+1580774617.53,-0001.95,+0001.95,-0004.88,-0000.31,-0000.15,-0009.26
+1580774617.54,-0002.93,+0001.95,-0005.86,-0002.14,-0000.84,-0009.34
+1580774617.54,-0000.98,+0000.00,-0005.86,-0003.29,-0000.92,-0009.88
+1580774617.55,-0000.98,+0000.98,-0005.86,-0001.68,-0000.08,-0011.71
+1580774617.55,-0001.95,+0000.00,-0005.86,+0000.46,+0000.38,-0012.79
+1580774617.56,-0001.95,-0000.98,-0006.84,+0001.68,-0000.38,-0011.79
+1580774617.56,+0000.00,-0001.95,-0006.84,+0000.54,-0000.31,-0009.88
+1580774617.57,+0000.00,-0001.95,-0006.84,-0000.84,-0001.76,-0008.04
+1580774617.57,+0000.00,-0001.95,-0007.81,-0002.14,-0001.38,-0007.43
+1580774617.58,+0000.00,-0002.93,-0007.81,-0003.52,-0000.92,-0008.04
+1580774617.58,+0000.00,-0002.93,-0007.81,-0003.52,-0000.23,-0008.80
+1580774617.59,+0000.00,-0003.91,-0007.81,-0000.31,+0000.15,-0011.33
+1580774617.59,-0000.98,-0003.91,-0007.81,-0000.15,+0000.08,-0013.63
+1580774617.60,+0003.91,-0004.88,-0006.84,+0002.53,-0001.07,-0009.72
+1580774617.60,+0003.91,-0004.88,-0006.84,-0000.31,+0001.23,-0010.95
+1580774617.61,-0000.98,-0004.88,-0007.81,-0000.92,-0002.37,-0008.96
+1580774617.61,+0002.93,-0005.86,-0007.81,-0002.68,-0000.77,-0010.57
+1580774617.62,+0000.98,-0006.84,-0007.81,-0000.46,-0001.15,-0010.57
+1580774617.62,+0000.98,-0005.86,-0006.84,-0001.07,+0000.69,-0011.18
+1580774617.63,+0000.98,-0005.86,-0005.86,+0000.69,-0001.68,-0010.95
+1580774617.63,+0001.95,-0006.84,-0006.84,+0002.60,+0000.61,-0009.11
+1580774617.64,+0000.00,-0005.86,-0006.84,+0001.00,-0002.07,-0009.49
+1580774617.64,+0000.00,-0006.84,-0005.86,+0001.23,-0001.00,-0008.35
+1580774617.65,+0001.95,-0007.81,-0005.86,-0001.15,+0000.08,-0008.04
+1580774617.65,-0001.95,-0006.84,-0004.88,-0001.91,+0000.23,-0008.65
+1580774617.66,-0000.98,-0006.84,-0004.88,-0001.99,-0001.76,-0008.96
+1580774617.66,+0000.98,-0007.81,-0003.91,-0001.38,-0000.54,-0008.96
+1580774617.67,-0001.95,-0006.84,-0003.91,+0001.30,-0000.38,-0009.11
+1580774617.67,-0003.91,-0006.84,-0003.91,+0001.45,-0000.38,-0010.26
+1580774617.68,-0002.93,-0007.81,-0002.93,+0003.29,-0000.38,-0011.10
+1580774617.68,-0002.93,-0007.81,-0002.93,+0002.99,+0000.69,-0012.48
+1580774617.69,-0002.93,-0006.84,-0001.95,+0000.92,-0000.92,-0010.64
+1580774617.69,-0002.93,-0006.84,-0001.95,-0000.77,-0001.23,-0010.18
+1580774617.70,-0001.95,-0006.84,-0001.95,-0001.38,-0000.08,-0009.57
+1580774617.70,-0002.93,-0005.86,-0000.98,-0001.23,-0001.00,-0008.04
+1580774617.71,-0001.95,-0006.84,-0000.98,-0001.68,+0000.54,-0008.88
+1580774617.71,-0001.95,-0006.84,-0000.98,-0001.23,-0001.38,-0009.19
+1580774617.72,-0001.95,-0006.84,-0000.98,+0001.07,-0001.07,-0008.80
+1580774617.72,-0000.98,-0006.84,-0000.98,+0001.53,-0001.15,-0010.72
+1580774617.73,-0002.93,-0005.86,-0000.98,+0001.61,+0000.23,-0012.40
+1580774617.73,-0002.93,-0004.88,+0000.00,+0000.15,+0000.46,-0012.71
+1580774617.74,+0000.00,-0004.88,+0000.00,-0002.45,+0000.77,-0010.03
+1580774617.74,+0000.00,-0004.88,+0000.00,-0002.91,-0000.38,-0009.65
+1580774617.75,-0000.98,-0002.93,+0000.98,-0001.30,-0000.54,-0008.73
+1580774617.75,-0001.95,-0002.93,+0000.00,-0001.23,+0000.38,-0009.57
+1580774617.76,-0000.98,-0002.93,+0000.98,+0001.68,+0000.46,-0011.48
+1580774617.76,+0000.00,-0001.95,+0000.98,+0002.14,-0001.00,-0011.25
+1580774617.77,-0000.98,+0000.00,+0000.98,+0000.31,+0000.38,-0009.34
+1580774617.77,-0000.98,+0000.00,+0000.98,-0001.45,-0001.00,-0010.64
+1580774617.78,+0000.00,+0000.98,+0000.98,-0002.22,-0000.61,-0010.03
+1580774617.78,+0000.00,+0001.95,+0001.95,-0002.37,+0000.61,-0010.34
+1580774617.79,+0000.98,+0001.95,+0001.95,-0002.14,-0001.30,-0009.49
+1580774617.79,+0000.00,+0003.91,+0001.95,+0001.84,-0000.23,-0010.18
+1580774617.80,-0000.98,+0004.88,+0001.95,+0002.53,-0000.69,-0011.10
+1580774617.80,+0000.98,+0004.88,+0001.95,+0002.37,-0000.54,-0011.25
+1580774617.81,+0002.93,+0005.86,+0001.95,+0000.77,-0000.31,-0010.64
+1580774617.81,+0001.95,+0006.84,+0001.95,-0001.15,+0000.08,-0010.41
+1580774617.82,+0001.95,+0006.84,+0001.95,-0001.15,-0001.61,-0009.34
+1580774617.82,+0001.95,+0006.84,+0000.98,-0003.37,+0000.15,-0010.03
+1580774617.83,+0001.95,+0007.81,+0000.98,-0001.23,+0000.00,-0010.49
+1580774617.83,+0000.00,+0008.79,+0000.98,-0000.61,+0000.84,-0010.64
+1580774617.84,+0000.98,+0007.81,+0000.98,-0000.54,-0001.00,-0010.87
+1580774617.84,+0000.98,+0007.81,+0001.95,+0000.61,+0000.61,-0010.80
+1580774617.85,+0000.00,+0008.79,+0000.98,+0002.37,-0001.00,-0010.57
+1580774617.85,+0000.00,+0008.79,+0000.98,-0000.15,-0000.69,-0010.64
+1580774617.86,+0000.00,+0008.79,+0000.00,-0001.00,-0000.54,-0010.26
+1580774617.86,+0000.98,+0009.77,+0000.00,-0003.45,-0000.77,-0010.11
+1580774617.87,+0000.00,+0008.79,+0000.00,-0003.22,-0000.69,-0009.49
+1580774617.87,+0000.00,+0008.79,+0000.00,-0002.53,-0000.38,-0010.03
+1580774617.88,+0001.95,+0008.79,+0000.00,+0000.54,-0000.54,-0010.11
+1580774617.88,+0001.95,+0008.79,-0000.98,+0001.53,-0001.45,-0010.26
+1580774617.89,+0000.98,+0008.79,-0000.98,+0001.61,-0000.69,-0010.34
+1580774617.89,+0002.93,+0008.79,-0000.98,+0001.91,-0001.15,-0010.26
+1580774617.90,+0002.93,+0007.81,-0001.95,-0000.08,-0000.61,-0009.65
+1580774617.90,+0002.93,+0008.79,-0001.95,-0002.53,-0001.15,-0009.42
+1580774617.91,+0001.95,+0007.81,-0001.95,-0001.45,-0002.07,-0008.58
+1580774617.91,+0000.98,+0007.81,-0002.93,-0002.99,+0000.38,-0009.95
+1580774617.92,-0000.98,+0007.81,-0001.95,-0001.84,+0000.38,-0008.50
+1580774617.92,+0000.00,+0006.84,-0001.95,-0001.23,-0000.54,-0009.88
+1580774617.93,-0001.95,+0006.84,-0001.95,+0000.77,+0000.84,-0010.87
+1580774617.93,-0001.95,+0006.84,-0001.95,+0001.68,+0000.31,-0010.49
+1580774617.94,-0001.95,+0005.86,-0002.93,+0001.15,+0000.00,-0011.25
+1580774617.94,-0002.93,+0004.88,-0002.93,+0001.45,-0001.99,-0010.72
+1580774617.95,-0000.98,+0004.88,-0002.93,-0001.30,+0000.00,-0010.34
+1580774617.95,-0002.93,+0004.88,-0002.93,-0001.53,-0001.76,-0010.03
+1580774617.96,-0001.95,+0003.91,-0002.93,-0002.99,-0000.46,-0009.65
+1580774617.96,-0001.95,+0004.88,-0001.95,-0002.07,+0000.77,-0008.65
+1580774617.97,-0002.93,+0003.91,-0001.95,+0000.38,-0001.00,-0009.49
+1580774617.97,-0000.98,+0003.91,-0001.95,+0001.30,-0001.00,-0010.26
+1580774617.98,+0000.00,+0001.95,-0002.93,+0003.14,-0000.54,-0009.88
+1580774617.98,+0000.00,+0002.93,-0001.95,+0001.38,-0002.45,-0008.88
+1580774617.99,+0001.95,+0001.95,-0002.93,+0002.83,+0000.61,-0011.41
+1580774617.99,-0000.98,+0002.93,-0001.95,-0001.07,-0000.15,-0013.86
+1580774618.00,+0003.91,+0001.95,-0001.95,+0000.46,-0002.83,-0010.03
+1580774618.00,+0005.86,+0000.98,-0001.95,-0001.38,-0000.54,-0010.11
+1580774618.01,+0000.98,+0002.93,-0001.95,-0000.77,-0000.23,-0005.82
+1580774618.01,+0000.00,+0002.93,-0001.95,-0001.99,+0000.23,-0004.90
+1580774618.02,-0003.91,+0000.98,-0001.95,+0001.07,+0001.45,+0000.69
+1580774618.02,-0006.84,+0001.95,-0001.95,+0000.31,+0002.22,-0005.97
+1580774618.03,-0007.81,+0000.98,-0001.95,+0001.61,+0000.08,-0014.01
+1580774618.03,-0002.93,+0000.00,-0001.95,+0001.53,+0000.31,-0019.98
+1580774618.04,-0002.93,+0000.00,-0001.95,+0002.30,-0000.15,-0018.60
+1580774618.04,-0003.91,+0000.98,-0000.98,-0000.38,-0000.84,-0016.92
+1580774618.05,-0001.95,+0000.98,-0000.98,-0000.23,-0000.92,-0014.01
+1580774618.05,-0001.95,+0000.98,-0001.95,-0001.68,-0000.92,-0007.96
+1580774618.06,+0000.00,+0000.98,-0001.95,-0002.37,-0001.91,-0007.20
+1580774618.06,-0000.98,+0000.98,-0001.95,-0001.84,-0000.08,-0006.97
+1580774618.07,+0000.98,+0000.98,-0001.95,-0002.22,+0000.23,-0007.12
+1580774618.07,+0002.93,+0000.00,-0001.95,+0000.38,-0000.15,-0009.19
+1580774618.08,+0001.95,+0000.98,-0001.95,+0000.38,-0000.61,-0008.04
+1580774618.08,+0000.98,+0000.98,-0001.95,+0001.76,-0001.00,-0009.57
+1580774618.09,+0000.98,+0000.00,-0001.95,+0002.14,-0000.69,-0011.41
+1580774618.09,+0000.00,+0000.98,-0001.95,-0001.23,-0001.23,-0009.88
+1580774618.10,+0000.98,+0001.95,-0001.95,+0001.07,+0001.15,-0009.80
+1580774618.10,-0001.95,+0001.95,-0000.98,-0001.30,+0000.23,-0009.80
+1580774618.11,-0002.93,+0002.93,-0000.98,-0002.68,+0000.77,-0010.72
+1580774618.11,-0002.93,+0002.93,-0000.98,-0001.68,+0000.54,-0010.95
+1580774618.12,-0002.93,+0003.91,-0000.98,-0001.53,-0000.15,-0010.26
+1580774618.12,-0002.93,+0003.91,-0000.98,-0000.54,+0001.07,-0011.64
+1580774618.13,-0001.95,+0003.91,-0000.98,+0001.76,-0000.15,-0009.72
+1580774618.13,-0000.98,+0003.91,-0001.95,+0001.07,-0000.61,-0010.95
+1580774618.14,-0000.98,+0003.91,-0001.95,+0001.45,-0000.77,-0010.64
+1580774618.14,+0000.00,+0004.88,-0001.95,-0001.23,+0000.38,-0009.42
+1580774618.15,-0000.98,+0004.88,-0001.95,-0000.92,-0001.30,-0010.41
+1580774618.15,-0000.98,+0005.86,-0001.95,-0003.22,-0000.08,-0010.72
+1580774618.16,+0000.98,+0005.86,-0001.95,-0003.14,-0000.38,-0009.72
+1580774618.16,+0000.98,+0005.86,-0001.95,-0000.77,+0000.00,-0010.34
+1580774618.17,+0000.00,+0005.86,-0002.93,+0000.31,-0000.69,-0007.58
+1580774618.17,-0000.98,+0005.86,-0002.93,+0000.84,+0000.00,-0007.35
+1580774618.18,-0002.93,+0006.84,-0003.91,+0000.84,-0001.00,-0006.20
+1580774618.18,-0004.88,+0006.84,-0003.91,-0000.23,-0001.38,-0007.20
+1580774618.19,-0003.91,+0006.84,-0004.88,-0002.14,+0001.30,-0007.73
+1580774618.19,-0006.84,+0006.84,-0003.91,-0001.45,+0000.00,-0008.73
+1580774618.20,-0004.88,+0006.84,-0004.88,-0000.38,+0000.77,-0011.71
+1580774618.20,-0006.84,+0006.84,-0004.88,-0003.37,+0000.31,-0012.56
+1580774618.21,-0004.88,+0006.84,-0004.88,+0001.30,-0000.69,-0011.18
+1580774618.21,-0004.88,+0007.81,-0005.86,+0001.23,-0001.07,-0011.33
+1580774618.22,-0004.88,+0007.81,-0005.86,+0000.77,-0000.92,-0009.72
+1580774618.22,-0005.86,+0008.79,-0006.84,-0000.92,+0001.15,-0010.80
+1580774618.23,-0005.86,+0007.81,-0006.84,+0000.84,-0001.68,-0009.19
+1580774618.23,-0006.84,+0007.81,-0007.81,-0002.30,+0001.68,-0011.64
+1580774618.24,-0007.81,+0007.81,-0008.79,-0001.84,-0002.53,-0008.04
+1580774618.24,-0003.91,+0006.84,-0009.77,-0002.37,+0000.69,-0009.34
+1580774618.25,-0008.79,+0006.84,-0009.77,-0000.15,-0001.07,-0008.42
+1580774618.25,-0006.84,+0007.81,-0009.77,-0003.98,+0000.38,-0010.95
+1580774618.26,-0004.88,+0006.84,-0010.74,-0000.31,-0000.38,-0010.41
+1580774618.26,-0007.81,+0006.84,-0010.74,-0001.84,+0000.15,-0008.35
+1580774618.27,-0007.81,+0007.81,-0011.72,-0001.38,-0000.46,-0009.72
+1580774618.27,-0007.81,+0005.86,-0012.70,+0001.76,-0000.15,-0010.49
+1580774618.28,-0006.84,+0005.86,-0012.70,-0001.91,+0000.69,-0010.95
+1580774618.28,-0007.81,+0005.86,-0013.67,-0003.90,+0001.23,-0012.79
+1580774618.29,-0007.81,+0005.86,-0014.65,-0002.76,-0001.15,-0011.71
+1580774618.29,-0004.88,+0004.88,-0015.62,-0002.99,+0000.61,-0011.87
+1580774618.30,-0005.86,+0004.88,-0015.62,-0001.61,-0000.54,-0011.33
+1580774618.30,-0006.84,+0004.88,-0016.60,+0000.31,-0000.08,-0011.94
+1580774618.31,-0004.88,+0004.88,-0016.60,+0000.15,+0000.00,-0013.02
+1580774618.31,-0001.95,+0004.88,-0016.60,+0001.76,-0000.69,-0013.09
+1580774618.32,+0005.86,+0003.91,-0016.60,-0002.22,-0008.35,-0005.36
+1580774618.32,+0026.37,+0000.98,-0017.58,-0005.05,-0010.41,+0024.19
+1580774618.33,+0011.72,+0001.95,-0022.46,+0004.21,+0020.37,-0020.14
+1580774618.33,-0032.23,+0004.88,-0023.44,-0009.95,-0005.67,-0009.26
+1580774618.34,+0007.81,+0005.86,-0020.51,-0009.57,+0002.83,-0029.17
+1580774618.34,+0012.70,-0007.81,-0022.46,-0002.45,+0003.22,-0014.55
+1580774618.35,-0007.81,+0003.91,-0022.46,+0009.34,+0001.76,-0008.96
+1580774618.35,-0008.79,+0003.91,-0022.46,+0002.76,+0000.38,-0016.92
+1580774618.36,+0000.98,-0005.86,-0021.48,+0001.45,-0003.22,-0006.89
+1580774618.36,+0006.84,-0003.91,-0022.46,-0001.84,+0002.37,-0004.44
+1580774618.37,-0008.79,+0000.98,-0023.44,+0002.14,+0002.91,-0005.97
+1580774618.37,-0006.84,-0004.88,-0024.41,-0000.92,-0001.76,-0010.95
+1580774618.38,+0000.98,-0007.81,-0024.41,-0003.14,+0000.08,-0011.25
+1580774618.38,+0000.98,-0004.88,-0024.41,-0001.68,-0000.61,-0006.89
+1580774618.39,-0000.98,-0006.84,-0025.39,-0002.68,-0002.14,-0010.41
+1580774618.39,+0000.00,-0010.74,-0026.37,+0001.68,-0002.76,-0009.72
+1580774618.40,+0004.88,-0009.77,-0026.37,-0000.92,+0000.00,-0011.10
+1580774618.40,+0002.93,-0011.72,-0026.37,-0001.91,-0002.76,-0009.80
+1580774618.41,+0002.93,-0012.70,-0026.37,-0002.91,-0001.45,-0010.34
+1580774618.41,+0003.91,-0013.67,-0027.34,-0001.76,-0000.54,-0009.49
+1580774618.42,+0004.88,-0012.70,-0027.34,-0002.53,+0000.61,-0007.66
+1580774618.42,+0000.00,-0014.65,-0027.34,-0000.61,+0000.08,-0010.57
+1580774618.43,-0000.98,-0015.62,-0027.34,+0000.38,+0000.31,-0011.33
+1580774618.43,+0000.98,-0016.60,-0026.37,+0001.53,+0000.84,-0011.03
+1580774618.44,+0000.00,-0016.60,-0026.37,+0000.46,+0000.15,-0010.49
+1580774618.44,-0003.91,-0017.58,-0026.37,+0001.38,+0000.77,-0010.49
+1580774618.45,-0002.93,-0018.55,-0026.37,+0001.15,+0000.46,-0010.57
+1580774618.45,-0001.95,-0019.53,-0025.39,+0000.00,-0000.38,-0010.34
+1580774618.46,-0003.91,-0019.53,-0025.39,-0002.30,+0000.00,-0010.11
+1580774618.46,-0002.93,-0020.51,-0024.41,-0002.37,-0000.69,-0011.33
+1580774618.47,-0001.95,-0021.48,-0024.41,-0002.14,-0000.31,-0009.11
+1580774618.47,-0000.98,-0021.48,-0024.41,-0001.15,-0000.38,-0009.95
+1580774618.48,-0002.93,-0022.46,-0023.44,+0000.31,-0002.14,-0008.73
+1580774618.48,+0000.00,-0023.44,-0022.46,+0002.37,-0000.38,-0009.49
+1580774618.49,+0000.98,-0024.41,-0022.46,+0001.38,-0001.07,-0010.03
+1580774618.49,+0001.95,-0024.41,-0022.46,+0001.00,+0000.77,-0008.19
+1580774618.50,-0000.98,-0024.41,-0022.46,-0000.08,-0001.68,-0009.88
+1580774618.50,+0000.98,-0025.39,-0020.51,+0000.61,-0003.29,-0008.42
+1580774618.51,+0004.88,-0025.39,-0019.53,-0000.69,+0000.00,-0010.41
+1580774618.51,+0000.00,-0025.39,-0018.55,+0001.15,-0002.30,-0008.12
+1580774618.52,+0000.98,-0025.39,-0017.58,-0001.84,+0001.45,-0010.64
+1580774618.52,-0000.98,-0027.34,-0017.58,+0000.08,-0001.45,-0012.63
+1580774618.53,+0000.00,-0026.37,-0016.60,+0001.00,+0001.84,-0011.41
+1580774618.53,-0001.95,-0027.34,-0015.62,+0002.07,+0001.45,-0012.86
+1580774618.54,-0003.91,-0027.34,-0014.65,+0001.91,-0001.30,-0011.03
+1580774618.54,+0001.95,-0028.32,-0013.67,+0001.76,-0000.84,-0011.03
+1580774618.55,-0001.95,-0028.32,-0013.67,+0001.76,-0001.23,-0010.03
+1580774618.55,-0002.93,-0028.32,-0011.72,+0001.38,-0000.38,-0010.03
+1580774618.56,-0000.98,-0029.30,-0011.72,-0001.61,-0000.92,-0010.87
+1580774618.56,+0000.00,-0029.30,-0010.74,-0001.07,-0000.54,-0008.42
+1580774618.57,+0000.98,-0029.30,-0009.77,-0001.68,+0000.15,-0008.04
+1580774618.57,+0000.00,-0029.30,-0008.79,-0000.08,-0001.38,-0009.03
+1580774618.58,+0001.95,-0029.30,-0007.81,+0000.38,-0000.31,-0010.41
+1580774618.58,+0000.98,-0028.32,-0006.84,+0002.30,-0000.54,-0010.34
+1580774618.59,+0001.95,-0028.32,-0005.86,+0003.14,-0001.30,-0011.18
+1580774618.59,+0000.98,-0028.32,-0004.88,+0003.06,-0000.15,-0011.71
+1580774618.60,+0000.98,-0027.34,-0003.91,+0001.84,-0001.45,-0011.64
+1580774618.60,+0000.98,-0026.37,-0001.95,+0002.07,+0000.08,-0011.71
+1580774618.61,+0000.00,-0026.37,-0000.98,+0001.99,+0001.23,-0010.26
+1580774618.61,+0000.00,-0024.41,+0000.98,+0001.23,+0000.08,-0010.41
+1580774618.62,-0001.95,-0024.41,+0001.95,+0001.84,+0000.77,-0009.88
+1580774618.62,-0001.95,-0023.44,+0002.93,+0001.84,+0000.23,-0010.49
+1580774618.63,-0001.95,-0022.46,+0004.88,-0000.08,-0000.77,-0009.95
+1580774618.63,-0001.95,-0021.48,+0005.86,+0000.84,-0001.07,-0009.19
+1580774618.64,+0000.00,-0021.48,+0006.84,+0000.38,+0000.84,-0009.11
+1580774618.64,-0001.95,-0019.53,+0008.79,+0000.84,-0000.77,-0008.88
+1580774618.65,-0001.95,-0018.55,+0008.79,+0001.61,+0000.23,-0010.64
+1580774618.65,-0000.98,-0018.55,+0010.74,+0003.90,+0000.00,-0010.95
+1580774618.66,+0000.00,-0016.60,+0011.72,+0003.14,-0000.61,-0011.48
+1580774618.66,+0000.00,-0015.62,+0012.70,+0003.68,-0001.00,-0012.17
+1580774618.67,+0000.00,-0014.65,+0014.65,+0001.91,-0000.23,-0010.49
+1580774618.67,-0000.98,-0013.67,+0014.65,+0000.00,-0000.61,-0010.11
+1580774618.68,+0000.00,-0012.70,+0015.62,+0002.07,-0001.61,-0009.88
+1580774618.68,+0000.00,-0011.72,+0017.58,+0001.23,-0001.30,-0009.49
+1580774618.69,+0000.98,-0010.74,+0018.55,+0000.61,-0000.84,-0008.04
+1580774618.69,+0000.98,-0010.74,+0019.53,+0000.77,+0000.31,-0007.43
+1580774618.70,+0000.00,-0009.77,+0020.51,+0001.15,-0001.99,-0007.04
+1580774618.70,+0000.98,-0008.79,+0021.48,+0000.08,-0001.61,-0009.57
+1580774618.71,+0001.95,-0007.81,+0022.46,-0001.07,+0000.00,-0009.26
+1580774618.71,+0000.98,-0007.81,+0022.46,+0002.07,+0000.08,-0010.87
+1580774618.72,+0000.00,-0005.86,+0023.44,+0001.84,-0001.00,-0012.17
+1580774618.72,+0001.95,-0005.86,+0024.41,+0001.61,+0000.23,-0011.71
+1580774618.73,+0001.95,-0004.88,+0025.39,+0003.83,+0000.61,-0011.64
+1580774618.73,-0001.95,-0002.93,+0026.37,+0002.68,+0000.00,-0011.10
+1580774618.74,-0000.98,-0001.95,+0027.34,+0002.91,-0000.54,-0010.26
+1580774618.74,+0000.00,-0001.95,+0027.34,+0002.22,+0000.69,-0010.26
+1580774618.75,-0001.95,-0000.98,+0027.34,+0001.30,+0000.46,-0010.18
+1580774618.75,-0002.93,+0000.98,+0028.32,+0000.54,+0001.15,-0011.18
+1580774618.76,-0001.95,+0000.00,+0028.32,+0000.31,+0000.61,-0011.64
+1580774618.76,+0000.00,+0001.95,+0028.32,-0001.30,-0000.92,-0010.34
+1580774618.77,+0001.95,+0002.93,+0029.30,-0000.92,-0001.15,-0007.50
+1580774618.77,+0000.00,+0003.91,+0028.32,-0000.46,+0001.23,-0008.42
+1580774618.78,-0001.95,+0005.86,+0030.27,+0000.38,-0001.84,-0009.95
+1580774618.78,+0003.91,+0005.86,+0030.27,+0000.61,-0000.08,-0010.18
+1580774618.79,+0003.91,+0006.84,+0030.27,+0001.00,+0000.31,-0009.34
+1580774618.79,+0001.95,+0009.77,+0030.27,+0000.15,+0000.54,-0011.48
+1580774618.80,+0002.93,+0010.74,+0031.25,+0001.23,-0001.00,-0011.94
+1580774618.80,+0006.84,+0010.74,+0031.25,+0000.38,-0000.61,-0010.49
+1580774618.81,+0004.88,+0013.67,+0031.25,+0001.76,+0000.08,-0010.72
+1580774618.81,+0002.93,+0014.65,+0030.27,-0000.61,-0001.53,-0010.03
+1580774618.82,+0004.88,+0013.67,+0030.27,-0000.38,+0000.23,-0011.94
+1580774618.82,+0004.88,+0015.62,+0029.30,+0000.54,+0002.22,-0010.11
+1580774618.83,+0002.93,+0018.55,+0029.30,-0001.61,-0000.31,-0011.10
+1580774618.83,+0002.93,+0017.58,+0029.30,-0000.92,+0000.54,-0010.80
+1580774618.84,+0003.91,+0018.55,+0028.32,-0002.53,+0000.77,-0009.57
+1580774618.84,+0001.95,+0019.53,+0027.34,-0001.68,+0000.23,-0009.57
+1580774618.85,+0000.98,+0020.51,+0027.34,-0001.38,-0000.23,-0011.03
+1580774618.85,+0000.98,+0020.51,+0026.37,-0000.54,+0000.23,-0012.10
+1580774618.86,+0003.91,+0021.48,+0026.37,-0001.45,-0001.76,-0008.80
+1580774618.86,+0002.93,+0023.44,+0025.39,-0000.69,+0000.92,-0012.40
+1580774618.87,-0001.95,+0023.44,+0024.41,-0000.69,-0001.45,-0010.80
+1580774618.87,+0005.86,+0024.41,+0023.44,+0000.61,+0000.54,-0012.02
+1580774618.88,+0003.91,+0023.44,+0022.46,-0000.69,-0000.69,-0012.40
+1580774618.88,+0003.91,+0027.34,+0021.48,-0001.61,-0000.92,-0010.26
+1580774618.89,+0003.91,+0027.34,+0021.48,-0000.69,-0000.38,-0012.17
+1580774618.89,+0005.86,+0026.37,+0021.48,-0001.15,-0003.06,-0007.20
+1580774618.90,+0006.84,+0028.32,+0019.53,-0001.61,-0000.23,-0012.17
+1580774618.90,+0000.98,+0030.27,+0019.53,-0002.30,-0003.52,-0008.73
+1580774618.91,+0007.81,+0028.32,+0018.55,-0002.14,-0001.84,-0009.49
+1580774618.91,+0007.81,+0028.32,+0016.60,-0002.76,+0002.37,-0011.48
+1580774618.92,+0002.93,+0031.25,+0016.60,-0002.60,-0000.69,-0008.65
+1580774618.92,+0005.86,+0030.27,+0015.62,-0004.13,-0001.15,-0011.79
+1580774618.93,+0004.88,+0028.32,+0014.65,-0000.38,-0000.46,-0009.19
+1580774618.93,+0004.88,+0031.25,+0014.65,+0000.15,+0001.15,-0010.26
+1580774618.94,+0000.98,+0030.27,+0013.67,+0000.54,-0001.45,-0008.80
+1580774618.94,+0001.95,+0029.30,+0012.70,+0000.15,-0000.15,-0008.27
+1580774618.95,+0001.95,+0028.32,+0012.70,+0000.08,-0000.38,-0009.34
+1580774618.95,+0000.00,+0029.30,+0011.72,-0001.30,-0001.07,-0008.88
+1580774618.96,+0000.00,+0028.32,+0010.74,-0002.22,+0000.00,-0010.41
+1580774618.96,+0000.00,+0027.34,+0009.77,-0001.53,-0000.54,-0009.88
+1580774618.97,-0000.98,+0028.32,+0008.79,-0002.07,-0001.30,-0011.94
+1580774618.97,+0000.00,+0027.34,+0008.79,-0001.45,-0001.30,-0011.18
+1580774618.98,+0002.93,+0027.34,+0007.81,-0000.77,-0000.69,-0009.95
+1580774618.98,+0000.98,+0027.34,+0006.84,-0001.00,+0000.23,-0008.80
+1580774618.99,-0000.98,+0027.34,+0005.86,-0001.45,-0001.53,-0009.80
+1580774618.99,+0000.98,+0025.39,+0004.88,-0002.14,-0000.15,-0009.26
+1580774619.00,+0001.95,+0024.41,+0003.91,-0000.92,-0001.07,-0008.88
+1580774619.00,+0000.98,+0024.41,+0002.93,-0001.45,-0002.07,-0010.41
+1580774619.01,+0000.98,+0023.44,+0001.95,-0000.31,-0000.46,-0011.33
+1580774619.01,+0002.93,+0022.46,+0001.95,-0001.00,-0000.84,-0011.87
+1580774619.02,+0001.95,+0022.46,+0000.98,+0000.00,+0000.15,-0010.41
+1580774619.02,+0000.98,+0021.48,+0000.00,+0000.46,-0001.91,-0011.25
+1580774619.03,+0000.98,+0020.51,-0000.98,-0000.46,-0000.46,-0009.42
+1580774619.03,+0000.98,+0019.53,-0001.95,-0000.15,+0001.15,-0009.80
+1580774619.04,+0000.00,+0019.53,-0002.93,-0000.23,-0001.53,-0009.80
+1580774619.04,+0000.00,+0018.55,-0002.93,-0001.38,+0000.92,-0010.80
+1580774619.05,-0000.98,+0016.60,-0003.91,-0000.08,-0000.61,-0009.19
+1580774619.05,-0001.95,+0016.60,-0004.88,-0000.61,+0000.23,-0010.18
+1580774619.06,-0003.91,+0015.62,-0004.88,-0002.07,-0000.77,-0009.88
+1580774619.06,-0000.98,+0015.62,-0004.88,-0001.99,-0001.38,-0009.65
+1580774619.07,+0000.00,+0014.65,-0005.86,-0002.76,+0001.45,-0010.57
+1580774619.07,-0002.93,+0014.65,-0006.84,-0002.30,-0001.15,-0007.58
+1580774619.08,-0001.95,+0014.65,-0007.81,-0002.68,-0000.08,-0009.34
+1580774619.08,-0000.98,+0012.70,-0007.81,-0002.14,-0000.31,-0009.11
+1580774619.09,-0000.98,+0012.70,-0007.81,-0001.00,+0000.00,-0009.19
+1580774619.09,-0001.95,+0012.70,-0008.79,-0001.76,+0000.23,-0009.19
+1580774619.10,-0000.98,+0011.72,-0009.77,-0000.31,-0001.91,-0010.80
+1580774619.10,-0000.98,+0010.74,-0009.77,-0000.31,+0000.15,-0010.41
+1580774619.11,-0002.93,+0011.72,-0010.74,+0001.00,-0001.07,-0012.33
+1580774619.11,-0002.93,+0011.72,-0010.74,+0000.31,-0001.76,-0011.10
+1580774619.12,+0000.00,+0010.74,-0010.74,+0000.54,-0000.84,-0011.79
+1580774619.12,-0000.98,+0010.74,-0010.74,-0000.31,-0000.69,-0011.56
+1580774619.12,-0000.98,+0010.74,-0011.72,-0000.54,+0001.30,-0011.03
+1580774619.13,-0002.93,+0010.74,-0011.72,-0000.69,-0000.84,-0011.71
+1580774619.13,+0000.00,+0010.74,-0011.72,-0001.15,-0001.99,-0011.25
+1580774619.14,+0000.98,+0009.77,-0011.72,-0001.15,+0000.38,-0010.57
+1580774619.14,+0000.00,+0009.77,-0011.72,-0000.69,-0001.00,-0010.57
+1580774619.15,+0001.95,+0009.77,-0011.72,-0001.91,-0000.61,-0012.10
+1580774619.15,+0003.91,+0008.79,-0012.70,-0001.00,+0000.23,-0011.41
+1580774619.16,+0004.88,+0009.77,-0012.70,-0001.84,-0000.69,-0011.33
+1580774619.16,+0004.88,+0008.79,-0013.67,-0001.07,-0000.54,-0009.95
+1580774619.17,+0004.88,+0008.79,-0013.67,+0000.00,-0000.15,-0011.79
+1580774619.17,+0006.84,+0007.81,-0014.65,+0000.92,-0000.08,-0006.20
+1580774619.18,+0006.84,+0007.81,-0013.67,+0000.00,+0001.38,-0011.48
+1580774619.18,+0002.93,+0008.79,-0014.65,-0002.68,-0003.14,-0005.21
+1580774619.19,+0007.81,+0007.81,-0014.65,+0001.61,+0000.15,-0006.89
+1580774619.19,+0001.95,+0005.86,-0015.62,+0001.45,-0001.45,-0007.43
+1580774619.20,+0001.95,+0005.86,-0015.62,+0000.61,+0001.30,-0009.57
+1580774619.20,+0000.98,+0004.88,-0016.60,-0002.76,-0000.31,-0012.17
+1580774619.21,+0000.00,+0002.93,-0016.60,+0003.45,-0001.76,-0010.72
+1580774619.21,+0000.98,+0002.93,-0016.60,+0000.69,-0000.54,-0011.94
+1580774619.22,-0001.95,+0001.95,-0017.58,+0001.15,-0001.84,-0009.88
+1580774619.22,-0001.95,+0000.98,-0017.58,-0000.84,-0000.31,-0009.03
+1580774619.23,-0002.93,+0000.00,-0018.55,-0002.14,-0001.53,-0006.81
+1580774619.23,-0002.93,-0000.98,-0018.55,-0002.83,-0000.92,-0007.27
+1580774619.24,-0002.93,-0001.95,-0019.53,-0003.22,-0000.54,-0008.04
+1580774619.24,-0003.91,-0003.91,-0021.48,-0002.76,-0001.00,-0008.27
+1580774619.25,-0003.91,-0004.88,-0021.48,-0002.07,+0000.54,-0011.56
+1580774619.25,-0003.91,-0005.86,-0021.48,-0001.68,-0000.69,-0010.49
+1580774619.26,-0002.93,-0006.84,-0022.46,-0004.06,-0000.54,-0011.56
+1580774619.26,-0002.93,-0007.81,-0022.46,-0003.68,+0000.08,-0009.57
+1580774619.27,-0001.95,-0007.81,-0023.44,-0001.84,-0000.46,-0010.11
+1580774619.27,-0000.98,-0008.79,-0023.44,-0001.99,-0000.46,-0009.11
+1580774619.28,-0000.98,-0008.79,-0023.44,-0000.46,+0000.61,-0009.72
+1580774619.28,-0002.93,-0009.77,-0024.41,-0002.22,-0001.30,-0010.57
+1580774619.29,+0000.00,-0010.74,-0024.41,+0000.23,-0000.15,-0011.79
+1580774619.29,+0000.00,-0010.74,-0024.41,-0000.61,-0000.08,-0011.56
+1580774619.30,-0001.95,-0011.72,-0024.41,-0001.23,+0000.84,-0010.87
+1580774619.30,-0001.95,-0011.72,-0024.41,+0000.84,-0001.07,-0011.48
+1580774619.31,-0000.98,-0012.70,-0024.41,-0000.23,-0000.08,-0010.26
+1580774619.31,+0000.00,-0012.70,-0024.41,+0001.45,+0000.00,-0009.72
+1580774619.32,-0000.98,-0012.70,-0024.41,+0000.69,-0001.45,-0009.34
+1580774619.32,+0000.00,-0012.70,-0024.41,+0000.61,-0001.45,-0010.41
+1580774619.33,+0000.00,-0013.67,-0024.41,-0000.23,+0000.00,-0010.41
+1580774619.33,-0000.98,-0013.67,-0024.41,+0000.08,-0001.53,-0010.34
+1580774619.34,+0000.00,-0013.67,-0024.41,-0001.84,-0000.46,-0010.18
+1580774619.34,+0000.00,-0014.65,-0024.41,-0000.46,-0001.00,-0010.03
+1580774619.35,+0000.98,-0013.67,-0024.41,-0001.38,-0001.30,-0009.95
+1580774619.35,+0002.93,-0013.67,-0024.41,-0001.38,-0000.77,-0010.18
+1580774619.36,+0001.95,-0013.67,-0023.44,-0001.07,-0000.84,-0009.34
+1580774619.36,+0002.93,-0013.67,-0023.44,-0000.92,-0001.15,-0010.49
+1580774619.37,+0003.91,-0013.67,-0023.44,-0000.38,-0001.07,-0008.42
+1580774619.37,+0005.86,-0013.67,-0023.44,-0001.23,-0000.69,-0008.42
+1580774619.38,+0003.91,-0012.70,-0023.44,-0000.69,-0000.31,-0009.49
+1580774619.38,+0004.88,-0012.70,-0023.44,-0000.08,-0001.91,-0010.11
+1580774619.39,+0006.84,-0012.70,-0022.46,-0002.68,-0000.46,-0008.73
+1580774619.39,+0005.86,-0012.70,-0023.44,-0001.68,+0001.15,-0008.80
+1580774619.40,+0003.91,-0011.72,-0022.46,-0002.53,+0000.69,-0011.10
+1580774619.40,+0004.88,-0011.72,-0022.46,-0001.91,+0001.38,-0009.57
+1580774619.41,+0004.88,-0012.70,-0021.48,-0001.23,+0000.15,-0009.95
+1580774619.41,+0000.98,-0012.70,-0021.48,-0001.45,+0001.61,-0009.95
+1580774619.42,+0000.00,-0011.72,-0020.51,+0000.08,+0001.07,-0009.57
+1580774619.42,+0000.00,-0011.72,-0019.53,+0000.31,+0001.00,-0009.57
+1580774619.43,-0001.95,-0011.72,-0018.55,-0001.07,+0001.91,-0007.96
+1580774619.43,-0004.88,-0011.72,-0018.55,-0000.69,+0001.68,-0009.65
+1580774619.44,-0005.86,-0011.72,-0018.55,-0001.91,+0000.69,-0007.73
+1580774619.44,-0003.91,-0012.70,-0018.55,+0000.46,+0004.59,-0012.40
+1580774619.45,-0011.72,-0011.72,-0017.58,-0003.22,+0000.38,-0012.40
+1580774619.45,-0005.86,-0011.72,-0016.60,+0000.77,-0001.53,-0011.10
+1580774619.46,-0005.86,-0012.70,-0016.60,-0001.07,-0000.84,-0010.95
+1580774619.46,-0006.84,-0011.72,-0015.62,+0001.91,-0000.61,-0008.35
+1580774619.47,-0005.86,-0010.74,-0014.65,-0002.68,+0000.00,-0010.95
+1580774619.47,-0004.88,-0012.70,-0014.65,-0001.07,-0001.68,-0004.06
+1580774619.48,-0002.93,-0012.70,-0014.65,+0000.54,+0000.31,-0008.27
+1580774619.48,-0004.88,-0012.70,-0014.65,+0001.07,-0000.46,-0007.96
+1580774619.49,-0001.95,-0012.70,-0013.67,+0001.76,-0001.84,-0009.72
+1580774619.49,-0000.98,-0012.70,-0012.70,+0001.99,-0000.61,-0012.56
+1580774619.50,-0001.95,-0011.72,-0011.72,+0002.76,-0001.84,-0010.95
+1580774619.50,-0001.95,-0011.72,-0011.72,+0000.61,-0000.15,-0011.64
+1580774619.51,-0001.95,-0012.70,-0010.74,+0002.22,-0000.31,-0009.34
+1580774619.51,-0000.98,-0011.72,-0009.77,+0000.23,+0000.15,-0010.26
+1580774619.52,-0001.95,-0012.70,-0009.77,+0001.15,-0000.69,-0009.72
+1580774619.52,-0000.98,-0012.70,-0009.77,+0002.07,-0000.46,-0008.65
+1580774619.53,-0001.95,-0012.70,-0008.79,+0000.92,-0001.53,-0010.03
+1580774619.53,-0001.95,-0011.72,-0008.79,+0000.38,-0001.76,-0010.03
+1580774619.54,-0000.98,-0012.70,-0008.79,+0001.38,-0000.46,-0010.34
+1580774619.54,-0000.98,-0012.70,-0007.81,+0001.07,-0000.77,-0009.80
+1580774619.55,-0001.95,-0011.72,-0007.81,+0001.61,-0000.77,-0011.25
+1580774619.55,-0001.95,-0011.72,-0006.84,+0001.30,-0000.31,-0010.87
+1580774619.56,-0000.98,-0011.72,-0005.86,+0002.07,-0001.53,-0010.57
+1580774619.56,-0001.95,-0010.74,-0005.86,+0001.23,-0001.00,-0010.11
+1580774619.57,-0001.95,-0010.74,-0005.86,+0001.07,-0001.84,-0010.49
+1580774619.57,-0000.98,-0010.74,-0005.86,+0001.38,-0000.38,-0010.72
+1580774619.58,-0000.98,-0009.77,-0004.88,+0000.15,-0000.77,-0010.80
+1580774619.58,-0001.95,-0008.79,-0004.88,+0001.91,-0001.30,-0010.57
+1580774619.59,-0000.98,-0007.81,-0003.91,+0000.61,-0000.84,-0010.57
+1580774619.59,+0000.00,-0007.81,-0003.91,+0000.92,-0001.45,-0010.34
+1580774619.60,-0000.98,-0006.84,-0003.91,+0001.15,-0001.23,-0011.03
+1580774619.60,+0000.00,-0005.86,-0002.93,-0000.23,-0001.68,-0009.49
+1580774619.61,+0000.98,-0005.86,-0001.95,+0002.68,-0001.15,-0009.49
+1580774619.61,-0000.98,-0004.88,-0001.95,+0002.07,-0000.84,-0010.34
+1580774619.62,-0000.98,-0002.93,-0000.98,-0001.23,-0000.46,-0010.34
+1580774619.62,+0000.00,-0003.91,-0000.98,+0002.76,+0000.77,-0011.03
+1580774619.63,+0000.00,-0001.95,-0000.98,+0000.23,-0002.91,-0010.72
+1580774619.63,+0005.86,-0002.93,+0000.00,+0003.60,+0003.52,-0010.80
+1580774619.64,-0005.86,-0001.95,-0000.98,-0001.61,-0001.68,-0011.48
+1580774619.64,-0000.98,-0000.98,+0000.00,+0002.83,-0003.37,-0008.80
+1580774619.65,+0005.86,-0002.93,+0000.00,-0000.61,-0000.31,-0009.26
+1580774619.65,-0000.98,-0001.95,+0000.00,+0002.22,-0000.08,-0006.35
+1580774619.66,-0000.98,+0000.00,+0000.00,-0003.45,-0000.54,-0010.41
+1580774619.66,-0001.95,-0002.93,+0000.00,+0001.45,-0002.07,-0010.34
+1580774619.67,+0000.98,-0002.93,+0000.00,-0000.69,+0001.76,-0010.49
+1580774619.67,-0002.93,-0001.95,+0000.00,-0000.54,-0003.83,-0008.65
+1580774619.68,+0003.91,-0002.93,-0000.98,-0002.68,-0003.68,-0002.60
+1580774619.68,-0006.84,-0002.93,-0001.95,-0002.30,-0003.06,-0012.48
+1580774619.69,-0010.74,-0001.95,-0000.98,+0001.68,-0003.06,-0010.95
+1580774619.69,+0002.93,-0003.91,-0000.98,-0003.90,+0002.68,-0017.15
+1580774619.70,-0004.88,-0006.84,-0001.95,-0000.84,-0001.84,-0010.95
+1580774619.70,-0004.88,-0000.98,-0001.95,-0006.51,+0001.45,-0013.40
+1580774619.71,-0008.79,-0004.88,-0001.95,+0002.68,-0004.59,-0009.03
+1580774619.71,+0001.95,-0004.88,-0001.95,-0002.37,-0001.07,-0003.98
+1580774619.72,-0004.88,-0005.86,-0002.93,-0000.46,-0004.52,-0004.52
+1580774619.72,-0006.84,-0003.91,-0002.93,-0002.45,-0000.92,-0007.04
+1580774619.73,-0001.95,-0006.84,-0002.93,-0000.69,+0002.22,-0014.24
+1580774619.73,-0004.88,-0006.84,-0002.93,-0000.92,-0001.00,-0009.34
+1580774619.74,-0003.91,-0004.88,-0002.93,-0003.14,+0001.07,-0012.25
+1580774619.74,-0006.84,-0007.81,-0002.93,+0000.77,-0000.69,-0010.80
+1580774619.75,-0005.86,-0006.84,-0002.93,+0000.08,+0002.91,-0011.94
+1580774619.75,-0008.79,-0006.84,-0001.95,+0000.15,+0001.91,-0017.38
+1580774619.76,+0009.77,-0009.77,-0001.95,-0001.91,+0001.53,+0002.45
+1580774619.76,-0004.88,-0008.79,-0003.91,+0002.83,+0014.24,-0017.99
+1580774619.77,-0025.39,-0003.91,-0001.95,-0004.90,-0011.33,-0005.97
+1580774619.77,+0010.74,-0007.81,-0001.95,-0007.89,-0001.00,-0013.78
+1580774619.78,+0003.91,-0015.62,-0002.93,+0001.91,+0001.91,-0002.83
+1580774619.78,-0010.74,-0002.93,-0002.93,+0000.54,+0001.30,-0005.74
+1580774619.79,-0008.79,-0006.84,-0001.95,-0006.12,-0002.22,-0013.09
+1580774619.79,+0003.91,-0013.67,-0000.98,-0001.99,+0001.30,-0010.49
+1580774619.80,+0001.95,-0009.77,+0000.00,-0000.69,+0000.31,-0008.12
+1580774619.80,-0006.84,-0004.88,-0000.98,+0000.54,+0000.15,-0009.26
+1580774619.81,-0003.91,-0010.74,-0000.98,+0001.61,-0001.91,-0011.33
+1580774619.81,+0004.88,-0010.74,+0000.00,-0001.38,+0001.15,-0011.25
+1580774619.82,+0000.98,-0006.84,+0000.00,-0000.61,+0000.92,-0010.64
+1580774619.82,-0002.93,-0006.84,+0000.98,-0001.53,-0001.30,-0007.66
+1580774619.83,+0001.95,-0009.77,+0000.98,-0000.46,-0001.30,-0011.18
+1580774619.83,+0003.91,-0007.81,+0000.98,-0000.92,+0000.23,-0008.12
+1580774619.84,+0002.93,-0005.86,+0000.98,-0000.69,-0000.84,-0009.49
+1580774619.84,+0000.98,-0006.84,+0000.98,+0000.08,-0000.54,-0010.18
+1580774619.85,+0002.93,-0006.84,+0001.95,-0000.69,+0001.45,-0011.41
+1580774619.85,+0002.93,-0004.88,+0001.95,-0001.76,-0000.69,-0010.95
+1580774619.86,+0002.93,-0004.88,+0002.93,+0000.54,-0000.46,-0010.64
+1580774619.86,+0003.91,-0004.88,+0002.93,-0000.08,+0000.92,-0010.11
+1580774619.87,+0002.93,-0003.91,+0002.93,-0001.76,-0000.61,-0009.88
+1580774619.87,+0001.95,-0003.91,+0002.93,-0001.23,+0001.23,-0010.80
+1580774619.88,+0002.93,-0003.91,+0002.93,-0001.30,+0000.00,-0008.50
+1580774619.88,+0002.93,-0003.91,+0002.93,-0000.23,+0002.91,-0011.33
+1580774619.89,+0000.00,-0002.93,+0002.93,-0001.91,-0002.37,-0008.12
+1580774619.89,+0003.91,-0001.95,+0003.91,+0001.15,+0000.84,-0008.27
+1580774619.90,+0000.98,-0002.93,+0003.91,+0001.53,-0001.99,-0007.35
+1580774619.90,+0002.93,-0000.98,+0004.88,-0001.00,+0000.46,-0007.43
+1580774619.91,+0001.95,-0002.93,+0004.88,-0000.54,-0000.46,-0007.73
+1580774619.91,+0001.95,-0001.95,+0004.88,-0001.53,+0000.54,-0009.72
+1580774619.92,+0000.98,-0001.95,+0003.91,+0000.92,-0000.92,-0010.03
+1580774619.92,+0001.95,-0001.95,+0004.88,-0000.92,-0000.15,-0010.64
+1580774619.93,+0001.95,-0001.95,+0004.88,-0000.92,+0000.15,-0011.41
+1580774619.93,+0000.98,-0000.98,+0004.88,+0000.54,-0000.23,-0010.41
+1580774619.94,+0001.95,-0000.98,+0004.88,-0000.31,-0000.69,-0010.64
+1580774619.94,-0000.98,-0001.95,+0004.88,-0000.38,-0000.15,-0009.57
+1580774619.95,+0000.00,-0000.98,+0004.88,-0001.99,-0001.23,-0009.42
+1580774619.95,-0000.98,-0001.95,+0004.88,-0001.68,+0000.54,-0008.65
+1580774619.96,+0000.98,-0001.95,+0004.88,-0000.31,-0000.08,-0008.73
+1580774619.96,+0000.98,-0001.95,+0004.88,-0001.53,-0002.07,-0009.11
+1580774619.97,+0000.00,-0001.95,+0004.88,+0000.31,-0000.38,-0010.64
+1580774619.97,-0001.95,-0001.95,+0005.86,-0000.31,-0001.45,-0008.88
+1580774619.98,+0000.98,-0001.95,+0005.86,+0000.46,-0001.30,-0009.95
+1580774619.98,+0000.98,-0001.95,+0005.86,+0001.15,+0000.08,-0009.11
+1580774619.99,+0000.00,-0001.95,+0005.86,+0000.54,-0001.76,-0010.03
+1580774619.99,+0000.98,-0001.95,+0005.86,-0001.30,-0001.15,-0011.87
+1580774620.00,+0001.95,-0001.95,+0005.86,+0001.38,-0001.15,-0012.40
+1580774620.00,+0005.86,-0001.95,+0006.84,-0000.69,-0000.38,-0009.19
+1580774620.01,+0002.93,+0000.00,+0005.86,+0000.38,+0000.46,-0014.85
+1580774620.01,+0000.98,+0000.00,+0006.84,-0000.92,-0005.59,-0007.81
+1580774620.02,+0007.81,-0000.98,+0005.86,-0001.00,+0000.46,-0013.40
+1580774620.02,+0000.00,-0000.98,+0006.84,+0002.83,-0003.83,-0007.89
+1580774620.03,+0006.84,+0001.95,+0007.81,+0000.38,-0000.38,-0010.26
+1580774620.03,+0005.86,-0000.98,+0008.79,+0000.00,-0001.53,-0012.33
+1580774620.04,+0002.93,+0000.98,+0008.79,-0000.46,-0000.15,-0010.80
+1580774620.04,+0002.93,+0000.98,+0008.79,+0001.53,-0001.68,-0011.71
+1580774620.05,+0003.91,+0000.00,+0008.79,+0000.46,-0001.15,-0007.50
+1580774620.05,+0002.93,+0000.00,+0008.79,+0000.69,-0000.23,-0010.87
+1580774620.06,-0000.98,+0000.98,+0008.79,+0000.84,-0001.99,-0008.73
+1580774620.06,+0002.93,+0000.00,+0009.77,+0001.76,+0000.69,-0011.71
+1580774620.07,+0001.95,-0000.98,+0009.77,-0000.23,+0001.15,-0011.18
+1580774620.07,+0000.98,+0000.98,+0010.74,+0000.54,-0000.08,-0011.64
+1580774620.08,+0000.00,+0000.00,+0009.77,+0000.84,+0000.15,-0011.64
+1580774620.08,+0000.98,+0000.00,+0010.74,+0001.45,-0000.38,-0009.95
+1580774620.09,+0001.95,+0000.00,+0009.77,-0000.38,-0000.61,-0009.95
+1580774620.09,+0000.98,+0000.98,+0010.74,-0000.84,-0000.46,-0009.88
+1580774620.10,+0001.95,+0000.00,+0010.74,-0000.23,-0000.54,-0010.95
+1580774620.10,+0001.95,+0000.98,+0011.72,+0001.53,-0001.15,-0010.95
+1580774620.11,+0002.93,+0000.98,+0011.72,+0000.08,+0000.31,-0009.88
+1580774620.11,+0001.95,+0000.98,+0011.72,-0000.61,-0001.30,-0010.26
+1580774620.12,+0001.95,+0000.98,+0011.72,-0001.38,+0001.00,-0009.80
+1580774620.12,+0001.95,+0001.95,+0011.72,+0000.08,+0000.15,-0009.80
+1580774620.13,+0001.95,+0001.95,+0011.72,-0001.00,+0000.61,-0007.58
+1580774620.13,+0000.98,+0002.93,+0012.70,-0001.07,-0000.92,-0008.96
+1580774620.14,+0000.00,+0002.93,+0012.70,-0000.38,+0001.30,-0008.65
+1580774620.14,-0000.98,+0002.93,+0012.70,-0001.45,-0000.46,-0008.19
+1580774620.15,-0000.98,+0002.93,+0012.70,+0000.15,+0000.54,-0008.35
+1580774620.15,-0002.93,+0003.91,+0013.67,-0000.38,-0000.38,-0008.50
+1580774620.16,-0002.93,+0004.88,+0012.70,-0001.45,+0000.23,-0010.95
+1580774620.16,-0002.93,+0003.91,+0012.70,+0000.84,+0000.38,-0010.87
+1580774620.17,-0003.91,+0004.88,+0013.67,-0000.46,-0001.53,-0010.80
+1580774620.17,-0004.88,+0005.86,+0012.70,+0000.31,+0000.23,-0010.34
+1580774620.18,-0004.88,+0005.86,+0013.67,-0000.54,-0001.53,-0009.42
+1580774620.18,-0004.88,+0005.86,+0012.70,-0000.31,-0000.23,-0009.34
+1580774620.19,-0004.88,+0005.86,+0012.70,-0001.00,-0001.38,-0009.19
+1580774620.19,-0004.88,+0006.84,+0011.72,-0000.15,-0000.54,-0010.26
+1580774620.20,-0003.91,+0006.84,+0011.72,+0001.07,-0002.07,-0011.33
+1580774620.20,-0001.95,+0007.81,+0011.72,+0000.00,-0000.92,-0011.94
+1580774620.21,-0001.95,+0008.79,+0011.72,+0001.38,-0000.84,-0011.56
+1580774620.21,+0000.00,+0008.79,+0010.74,+0000.38,+0000.77,-0010.57
+1580774620.22,-0003.91,+0009.77,+0010.74,+0000.92,-0000.69,-0012.17
+1580774620.22,-0004.88,+0009.77,+0010.74,+0000.46,-0002.22,-0009.80
+1580774620.23,+0000.98,+0009.77,+0010.74,-0002.60,-0000.84,-0012.40
+1580774620.23,-0002.93,+0009.77,+0009.77,+0002.30,-0001.00,-0008.80
+1580774620.24,+0000.00,+0010.74,+0008.79,-0001.38,-0000.77,-0008.88
+1580774620.24,-0002.93,+0009.77,+0007.81,+0000.54,+0000.00,-0010.49
+1580774620.25,-0002.93,+0010.74,+0007.81,-0000.15,-0000.54,-0009.72
+1580774620.25,-0000.98,+0011.72,+0008.79,+0000.77,+0000.54,-0010.49
+1580774620.26,-0001.95,+0011.72,+0007.81,-0000.46,-0000.54,-0008.65
+1580774620.26,-0000.98,+0010.74,+0006.84,+0000.77,+0000.23,-0010.95
+1580774620.27,-0004.88,+0011.72,+0006.84,-0000.92,+0000.38,-0010.18
+1580774620.27,-0003.91,+0011.72,+0006.84,+0001.53,+0000.31,-0011.48
+1580774620.28,-0002.93,+0011.72,+0005.86,-0002.14,+0000.31,-0012.40
+1580774620.28,-0002.93,+0011.72,+0004.88,-0000.84,+0001.38,-0010.49
+1580774620.29,-0003.91,+0011.72,+0004.88,-0000.23,+0000.00,-0011.10
+1580774620.29,-0005.86,+0011.72,+0003.91,-0000.23,+0000.84,-0010.18
+1580774620.30,-0002.93,+0011.72,+0003.91,+0000.31,-0001.68,-0010.87
+1580774620.30,+0000.00,+0010.74,+0002.93,+0002.99,+0003.14,-0010.57
+1580774620.31,-0007.81,+0011.72,+0001.95,-0000.61,-0000.31,-0012.79
+1580774620.31,-0002.93,+0011.72,+0000.98,-0000.08,-0003.83,-0010.49
+1580774620.32,+0003.91,+0009.77,+0000.98,-0000.77,+0000.54,-0010.18
+1580774620.32,-0001.95,+0010.74,+0000.00,+0001.45,-0001.23,-0008.27
+1580774620.33,-0001.95,+0011.72,+0000.00,-0001.30,-0001.07,-0011.41
+1580774620.33,+0000.98,+0009.77,+0000.00,+0000.00,-0001.23,-0012.56
+1580774620.34,+0003.91,+0010.74,-0000.98,-0000.84,+0001.53,-0011.18
+1580774620.34,+0000.98,+0010.74,-0001.95,-0001.00,-0001.38,-0010.26
+1580774620.35,+0000.98,+0009.77,-0002.93,-0002.37,-0000.54,-0009.95
+1580774620.35,+0001.95,+0008.79,-0003.91,-0001.38,+0000.08,-0010.11
+1580774620.36,+0001.95,+0008.79,-0003.91,-0001.30,-0000.31,-0008.12
+1580774620.36,+0001.95,+0008.79,-0004.88,-0001.68,+0000.61,-0008.65
+1580774620.37,-0000.98,+0007.81,-0004.88,-0001.68,+0001.07,-0008.50
+1580774620.37,-0000.98,+0007.81,-0004.88,-0002.53,+0000.38,-0008.50
+1580774620.38,-0001.95,+0007.81,-0004.88,-0001.38,+0003.06,-0009.11
+1580774620.38,-0002.93,+0006.84,-0005.86,-0003.37,-0001.38,-0008.96
+1580774620.39,-0000.98,+0005.86,-0005.86,-0001.07,+0001.30,-0010.80
+1580774620.39,-0004.88,+0005.86,-0006.84,-0002.68,+0001.15,-0010.80
+1580774620.40,-0005.86,+0004.88,-0007.81,-0000.92,+0000.23,-0011.48
+1580774620.40,-0003.91,+0005.86,-0007.81,-0001.84,-0000.08,-0011.48
+1580774620.41,-0004.88,+0003.91,-0007.81,-0002.07,+0000.84,-0008.27
+1580774620.41,-0002.93,+0004.88,-0007.81,-0003.37,-0000.23,-0010.03
+1580774620.42,-0005.86,+0003.91,-0008.79,-0002.60,+0001.84,-0008.42
+1580774620.42,-0004.88,+0002.93,-0009.77,-0001.68,-0000.23,-0010.11
+1580774620.43,-0003.91,+0001.95,-0009.77,-0002.45,-0000.69,-0009.42
+1580774620.43,-0001.95,+0001.95,-0010.74,-0001.07,+0000.92,-0009.57
+1580774620.44,-0001.95,+0001.95,-0010.74,-0001.76,+0000.38,-0011.79
+1580774620.44,+0000.00,+0001.95,-0010.74,-0002.37,+0000.54,-0009.72
+1580774620.45,+0000.98,+0000.98,-0010.74,+0000.00,+0000.38,-0009.26
+1580774620.45,-0000.98,+0000.98,-0011.72,-0000.38,-0002.60,-0010.11
+1580774620.46,-0000.98,+0000.00,-0011.72,-0000.92,-0001.00,-0011.56
+1580774620.46,+0001.95,-0000.98,-0011.72,-0000.61,+0000.08,-0010.87
+1580774620.47,+0001.95,-0000.98,-0012.70,-0001.15,-0000.69,-0012.56
+1580774620.47,+0000.98,-0001.95,-0012.70,-0000.84,-0001.45,-0011.03
+1580774620.48,+0001.95,-0002.93,-0013.67,-0000.69,+0000.77,-0013.25
+1580774620.48,-0000.98,-0002.93,-0012.70,-0000.31,-0001.84,-0009.49
+1580774620.49,+0001.95,-0002.93,-0012.70,+0001.45,-0000.15,-0009.88
+1580774620.49,+0000.00,-0005.86,-0012.70,+0001.76,-0002.60,-0004.75
+1580774620.50,+0001.95,-0004.88,-0012.70,+0001.76,+0000.61,-0007.89
+1580774620.50,-0003.91,-0005.86,-0013.67,-0001.00,-0000.08,-0010.72
+1580774620.51,-0001.95,-0006.84,-0012.70,+0002.22,-0003.98,-0007.66
+1580774620.51,+0001.95,-0007.81,-0012.70,-0000.08,-0000.46,-0011.71
+1580774620.52,-0001.95,-0007.81,-0012.70,+0002.91,-0002.76,-0008.42
+1580774620.52,+0000.00,-0006.84,-0012.70,-0000.84,-0001.38,-0010.80
+1580774620.53,-0000.98,-0008.79,-0012.70,-0000.15,+0000.00,-0010.57
+1580774620.53,-0000.98,-0007.81,-0011.72,+0000.15,-0001.68,-0012.94
+1580774620.54,+0000.00,-0008.79,-0011.72,-0000.54,-0001.68,-0011.18
+1580774620.54,+0003.91,-0008.79,-0011.72,-0000.92,+0000.23,-0009.72
+1580774620.55,-0000.98,-0007.81,-0011.72,-0001.45,-0002.53,-0010.26
+1580774620.55,+0001.95,-0007.81,-0011.72,+0000.15,-0000.84,-0010.80
+1580774620.56,+0004.88,-0007.81,-0011.72,-0001.45,+0000.08,-0011.25
+1580774620.56,+0004.88,-0007.81,-0010.74,+0000.46,+0000.61,-0009.03
+1580774620.57,+0004.88,-0006.84,-0010.74,-0000.23,-0000.31,-0012.02
+1580774620.57,+0002.93,-0006.84,-0009.77,+0001.23,-0002.37,-0010.03
+1580774620.58,+0006.84,-0007.81,-0009.77,+0000.15,-0000.08,-0008.96
+1580774620.58,+0003.91,-0007.81,-0008.79,+0001.23,-0002.22,-0008.88
+1580774620.59,+0003.91,-0006.84,-0008.79,+0001.99,-0000.31,-0009.88
+1580774620.59,+0002.93,-0006.84,-0007.81,+0001.91,-0002.45,-0011.03
+1580774620.60,+0002.93,-0006.84,-0006.84,+0000.77,-0001.30,-0008.80
+1580774620.60,+0001.95,-0005.86,-0005.86,-0000.31,-0002.22,-0009.57
+1580774620.61,+0000.00,-0004.88,-0005.86,+0000.08,+0000.38,-0008.27
+1580774620.61,+0000.00,-0005.86,-0004.88,+0001.30,-0000.38,-0008.96
+1580774620.62,-0001.95,-0004.88,-0003.91,+0001.23,-0002.68,-0007.58
+1580774620.62,+0001.95,-0004.88,-0003.91,-0000.46,-0001.99,-0005.36
+1580774620.63,-0002.93,-0004.88,-0003.91,+0000.08,+0004.82,-0013.55
+1580774620.63,-0005.86,-0003.91,-0002.93,+0002.22,+0001.15,-0010.57
+1580774620.64,+0000.00,-0002.93,-0002.93,-0002.37,+0001.30,-0011.18
+1580774620.64,-0003.91,-0004.88,-0001.95,+0000.92,-0000.54,-0005.90
+1580774620.65,-0002.93,-0000.98,-0000.98,+0001.68,+0000.23,-0007.50
+1580774620.65,-0005.86,-0002.93,-0001.95,+0002.76,-0001.15,-0008.88
+1580774620.66,-0002.93,-0001.95,-0000.98,-0001.91,+0000.46,-0010.41
+1580774620.66,-0003.91,-0001.95,+0000.00,+0001.38,-0001.53,-0012.63
+1580774620.67,-0002.93,+0000.00,+0000.00,+0000.15,-0001.23,-0010.80
+1580774620.67,-0002.93,-0001.95,+0000.00,+0000.84,-0001.23,-0010.34
+1580774620.68,-0003.91,-0000.98,+0000.00,+0000.84,-0002.22,-0008.80
+1580774620.68,-0002.93,-0000.98,+0000.00,+0000.69,+0000.84,-0009.49
+1580774620.69,-0003.91,-0000.98,+0000.00,-0000.54,-0002.22,-0010.57
+1580774620.69,-0000.98,-0000.98,+0000.98,-0001.23,+0001.45,-0008.12
+1580774620.70,-0000.98,-0000.98,+0000.98,-0000.46,+0000.77,-0009.26
+1580774620.70,-0005.86,+0000.00,+0000.00,-0001.76,-0001.84,-0012.63
+1580774620.71,-0003.91,-0000.98,+0000.00,+0000.46,+0000.54,-0012.86
+1580774620.71,+0000.98,-0001.95,+0000.00,-0001.15,+0000.23,-0010.87
+1580774620.72,-0001.95,-0001.95,+0000.00,+0001.99,-0000.23,-0008.50
+1580774620.72,-0004.88,-0000.98,+0000.00,+0000.46,-0001.23,-0012.94
+1580774620.73,-0003.91,-0001.95,+0000.00,+0000.61,-0002.22,-0013.25
+1580774620.73,+0000.00,-0001.95,+0000.00,+0000.15,+0000.08,-0011.48
+1580774620.74,-0001.95,-0001.95,-0000.98,-0000.31,-0002.60,-0011.10
+1580774620.74,-0003.91,-0001.95,-0001.95,-0001.38,+0000.46,-0011.03
+1580774620.75,-0001.95,-0002.93,-0001.95,-0001.45,+0001.00,-0011.10
+1580774620.75,-0000.98,-0003.91,-0001.95,-0001.61,+0000.38,-0012.40
+1580774620.76,+0001.95,-0003.91,-0001.95,-0001.30,+0001.00,-0007.66
+1580774620.76,+0002.93,-0004.88,-0002.93,-0000.92,+0001.84,-0008.35
+1580774620.77,-0000.98,-0005.86,-0003.91,-0001.15,-0000.54,-0008.88
+1580774620.77,+0000.98,-0005.86,-0003.91,-0000.77,-0000.69,-0011.33
+1580774620.78,+0001.95,-0007.81,-0002.93,-0000.69,-0000.54,-0009.88
+1580774620.78,+0002.93,-0006.84,-0003.91,-0000.38,-0000.23,-0010.87
+1580774620.79,+0001.95,-0007.81,-0003.91,-0000.23,-0000.77,-0013.09
+1580774620.79,+0006.84,-0009.77,-0004.88,-0000.38,-0002.07,-0009.65
+1580774620.80,+0004.88,-0011.72,-0004.88,+0000.38,-0000.08,-0009.49
+1580774620.80,+0000.98,-0010.74,-0005.86,-0000.84,-0001.45,-0010.34
+1580774620.81,+0002.93,-0012.70,-0004.88,-0000.46,+0000.31,-0009.72
+1580774620.81,+0002.93,-0014.65,-0004.88,-0000.08,-0000.08,-0008.27
+1580774620.82,+0000.98,-0014.65,-0005.86,-0000.31,+0002.30,-0007.66
+1580774620.82,-0001.95,-0015.62,-0004.88,-0001.68,+0000.38,-0008.27
+1580774620.83,+0000.98,-0017.58,-0005.86,+0001.91,+0003.37,-0006.35
+1580774620.83,-0005.86,-0018.55,-0005.86,-0000.38,+0001.23,-0008.73
+1580774620.84,-0005.86,-0018.55,-0004.88,-0001.84,-0000.77,-0006.74
+1580774620.84,-0003.91,-0020.51,-0004.88,+0000.61,+0001.15,-0009.80
+1580774620.85,-0007.81,-0022.46,-0004.88,+0004.52,-0000.54,-0010.57
+1580774620.85,-0007.81,-0019.53,-0003.91,-0000.77,+0000.00,-0014.55
+1580774620.86,-0006.84,-0021.48,-0002.93,+0002.83,-0001.45,-0015.24
+1580774620.86,-0003.91,-0021.48,-0001.95,+0001.99,-0001.15,-0012.48
+1580774620.87,-0004.88,-0020.51,-0000.98,+0002.83,-0000.69,-0010.18
+1580774620.87,-0005.86,-0020.51,-0000.98,-0000.77,-0001.07,-0007.89
+1580774620.88,-0002.93,-0021.48,-0000.98,+0001.00,+0000.15,-0008.19
+1580774620.88,-0002.93,-0020.51,+0000.00,+0001.61,+0001.23,-0007.50
+1580774620.89,-0002.93,-0019.53,+0000.98,-0000.08,-0001.99,-0007.50
+1580774620.89,-0000.98,-0018.55,+0002.93,+0000.54,-0000.31,-0007.35
+1580774620.90,-0002.93,-0018.55,+0003.91,+0002.68,-0000.54,-0006.66
+1580774620.90,-0002.93,-0016.60,+0004.88,-0000.38,+0000.31,-0008.58
+1580774620.91,-0002.93,-0015.62,+0005.86,+0000.61,-0001.38,-0008.35
+1580774620.91,-0002.93,-0015.62,+0006.84,+0001.68,-0001.53,-0008.58
+1580774620.92,-0005.86,-0013.67,+0008.79,+0000.46,-0002.45,-0013.78
+1580774620.92,-0002.93,-0012.70,+0008.79,+0001.91,-0001.99,-0014.16
+1580774620.93,+0000.00,-0011.72,+0010.74,+0002.45,+0000.23,-0015.62
+1580774620.93,-0004.88,-0008.79,+0011.72,+0004.21,-0000.23,-0007.04
+1580774620.94,-0006.84,-0005.86,+0012.70,-0000.46,-0000.77,-0008.65
+1580774620.94,-0000.98,-0007.81,+0013.67,+0001.45,+0003.98,-0021.21
+1580774620.95,+0011.72,-0006.84,+0013.67,-0000.08,+0000.23,-0026.95
+1580774620.95,+0023.44,-0002.93,+0013.67,+0002.22,+0001.45,-0033.00
+1580774620.96,+0013.67,+0000.98,+0015.62,-0000.84,-0004.67,-0015.93
+1580774620.96,+0026.37,+0002.93,+0017.58,+0005.21,-0006.81,-0004.52
+1580774620.97,+0022.46,+0003.91,+0018.55,+0003.68,-0004.06,+0003.98
+1580774620.97,+0018.55,+0007.81,+0019.53,+0002.91,-0003.22,+0005.21
+1580774620.98,+0021.48,+0008.79,+0020.51,-0000.31,+0000.61,-0001.00
+1580774620.98,+0016.60,+0008.79,+0022.46,+0005.13,-0002.37,+0001.68
+1580774620.99,+0014.65,+0013.67,+0024.41,+0001.30,+0000.61,-0008.88
+1580774620.99,+0006.84,+0013.67,+0025.39,+0002.45,+0000.77,-0012.48
+1580774621.00,+0008.79,+0014.65,+0026.37,-0000.69,+0001.30,-0016.77
+1580774621.00,+0007.81,+0014.65,+0026.37,-0001.15,+0002.45,-0014.47
+1580774621.01,+0002.93,+0016.60,+0026.37,+0000.77,+0001.76,-0012.17
+1580774621.01,-0001.95,+0017.58,+0025.39,-0001.00,+0000.84,-0010.18
+1580774621.02,-0001.95,+0017.58,+0025.39,+0000.61,+0000.46,-0007.58
+1580774621.02,-0001.95,+0016.60,+0023.44,+0001.00,+0000.31,-0005.90
+1580774621.03,-0003.91,+0017.58,+0023.44,+0000.08,-0001.00,-0004.52
+1580774621.03,-0003.91,+0018.55,+0023.44,-0000.61,-0003.29,-0007.89
+1580774621.04,-0000.98,+0017.58,+0022.46,+0000.08,+0000.08,-0009.65
+1580774621.04,-0002.93,+0018.55,+0021.48,+0000.61,-0000.77,-0012.63
+1580774621.05,-0004.88,+0019.53,+0021.48,-0001.38,-0003.90,-0008.96
+1580774621.05,-0000.98,+0018.55,+0020.51,-0000.31,+0001.23,-0011.18
+1580774621.06,-0001.95,+0017.58,+0020.51,+0000.08,-0000.92,-0009.03
+1580774621.06,-0000.98,+0019.53,+0018.55,-0001.84,+0001.68,-0010.87
+1580774621.07,-0003.91,+0017.58,+0018.55,-0000.77,-0001.00,-0009.03
+1580774621.07,-0000.98,+0019.53,+0018.55,-0001.61,+0001.68,-0010.95
+1580774621.08,-0001.95,+0018.55,+0018.55,+0001.15,-0001.84,-0007.04
+1580774621.08,+0000.00,+0019.53,+0018.55,+0000.23,+0000.15,-0006.81
+1580774621.09,-0001.95,+0019.53,+0017.58,-0000.08,+0001.61,-0009.57
+1580774621.09,-0003.91,+0019.53,+0017.58,-0001.84,-0000.38,-0006.74
+1580774621.10,+0000.00,+0018.55,+0015.62,-0000.61,-0001.30,-0010.87
+1580774621.10,-0000.98,+0017.58,+0014.65,-0001.15,+0000.46,-0010.49
+1580774621.11,-0000.98,+0018.55,+0013.67,-0000.23,+0001.68,-0016.15
+1580774621.11,-0007.81,+0018.55,+0013.67,-0000.54,-0000.08,-0015.93
+1580774621.12,-0004.88,+0018.55,+0012.70,+0000.15,+0001.23,-0016.77
+1580774621.12,-0001.95,+0016.60,+0012.70,-0000.61,+0002.60,-0015.77
+1580774621.13,-0003.91,+0016.60,+0011.72,+0000.54,+0000.31,-0011.64
+1580774621.13,-0002.93,+0017.58,+0011.72,-0001.30,-0001.23,-0010.34
+1580774621.14,+0001.95,+0015.62,+0011.72,-0000.92,+0000.61,-0006.20
+1580774621.14,-0000.98,+0015.62,+0009.77,-0001.07,-0002.68,-0005.05
+1580774621.15,-0002.93,+0015.62,+0008.79,-0002.30,-0001.23,-0003.37
+1580774621.15,+0003.91,+0013.67,+0005.86,-0002.91,-0002.53,-0005.51
+1580774621.16,+0006.84,+0011.72,+0004.88,-0001.68,-0001.30,-0008.42
+1580774621.16,+0004.88,+0011.72,+0002.93,-0000.08,-0002.53,-0013.25
+1580774621.17,+0002.93,+0011.72,+0002.93,-0000.08,-0001.91,-0017.61
+1580774621.17,+0003.91,+0010.74,+0002.93,-0000.23,-0001.91,-0016.15
+1580774621.18,+0004.88,+0008.79,+0001.95,-0000.61,+0001.68,-0011.71
+1580774621.18,+0000.00,+0008.79,+0000.00,-0001.38,-0000.46,-0011.71
+1580774621.19,-0000.98,+0007.81,-0000.98,-0002.30,-0000.38,-0011.25
+1580774621.19,+0001.95,+0004.88,-0002.93,-0002.60,+0000.00,-0013.40
+1580774621.20,+0012.70,+0001.95,-0002.93,-0006.12,-0002.14,+0037.75
+1580774621.20,+0017.58,+0000.00,-0005.86,+0011.10,+0046.01,-0019.98
+1580774621.21,-0090.82,+0009.77,-0008.79,-0029.40,+0001.00,-0033.38
+1580774621.21,-0040.04,+0010.74,-0003.91,+0003.68,-0004.13,-0055.35
+1580774621.22,+0029.30,-0001.95,-0006.84,-0011.94,-0001.53,-0004.82
+1580774621.22,+0004.88,-0019.53,-0010.74,+0007.73,+0018.15,+0003.52
+1580774621.23,-0040.04,+0009.77,-0009.77,-0005.28,-0011.03,+0001.84
+1580774621.23,-0014.65,+0005.86,-0008.79,+0002.68,-0005.44,-0006.12
+1580774621.24,+0007.81,-0008.79,-0011.72,-0006.66,-0005.67,-0000.15
+1580774621.24,+0005.86,-0006.84,-0013.67,+0000.54,-0000.92,+0004.98
+1580774621.25,-0000.98,+0000.00,-0016.60,+0000.08,-0004.90,-0003.60
+1580774621.25,+0010.74,-0001.95,-0017.58,-0002.30,+0002.53,-0018.83
+1580774621.26,+0003.91,-0006.84,-0018.55,-0005.21,-0002.83,-0024.81
+1580774621.26,+0011.72,-0005.86,-0016.60,+0003.29,-0006.05,-0012.40
+1580774621.27,+0012.70,-0003.91,-0018.55,-0003.37,+0002.99,-0022.66
+1580774621.27,-0001.95,-0008.79,-0017.58,+0003.98,-0010.11,-0002.76
+1580774621.28,+0019.53,-0005.86,-0016.60,+0000.31,+0001.00,-0006.58
+1580774621.28,+0005.86,-0011.72,-0017.58,+0004.29,+0001.38,+0001.91
+1580774621.29,-0007.81,-0008.79,-0018.55,-0002.14,-0002.37,-0003.98
+1580774621.29,+0002.93,-0011.72,-0017.58,+0000.61,+0002.60,-0006.74
+1580774621.30,-0006.84,-0014.65,-0017.58,+0004.13,+0012.10,-0018.22
+1580774621.30,-0017.58,-0011.72,-0015.62,+0004.52,-0001.61,-0019.37
+1580774621.31,+0003.91,-0012.70,-0013.67,-0003.83,+0001.84,-0017.15
+1580774621.31,+0003.91,-0018.55,-0013.67,-0004.21,+0002.60,-0008.12
+1580774621.32,-0002.93,-0014.65,-0015.62,-0002.99,-0001.61,-0000.46
+1580774621.32,-0002.93,-0016.60,-0016.60,-0000.08,+0000.77,-0004.06
+1580774621.33,-0001.95,-0020.51,-0017.58,-0000.84,-0001.99,-0001.30
+1580774621.33,+0002.93,-0019.53,-0017.58,+0000.00,-0000.08,-0010.03
+1580774621.34,+0003.91,-0018.55,-0015.62,-0000.61,-0005.51,-0009.49
+1580774621.34,+0014.65,-0020.51,-0014.65,+0001.61,-0001.53,-0007.43
+1580774621.35,+0006.84,-0020.51,-0015.62,-0001.23,+0002.45,-0013.40
+1580774621.35,-0001.95,-0018.55,-0014.65,+0001.15,-0004.59,-0012.63
+1580774621.36,+0007.81,-0019.53,-0012.70,-0000.77,-0000.61,-0017.92
+1580774621.36,+0010.74,-0022.46,-0010.74,+0001.07,-0002.99,-0006.28
+1580774621.37,+0005.86,-0019.53,-0010.74,+0001.38,+0004.90,-0009.65
+1580774621.37,-0011.72,-0018.55,-0009.77,+0002.14,-0003.29,-0013.25
+1580774621.38,+0007.81,-0020.51,-0008.79,-0000.69,-0003.45,-0011.79
+1580774621.38,+0016.60,-0025.39,-0008.79,-0001.38,+0002.91,-0005.44
+1580774621.39,-0006.84,-0019.53,-0008.79,+0002.76,+0006.20,-0002.30
+1580774621.39,-0018.55,-0017.58,-0007.81,+0001.45,-0000.77,-0017.38
+1580774621.40,+0002.93,-0021.48,-0005.86,+0001.76,-0001.53,-0014.24
+1580774621.40,+0006.84,-0022.46,-0004.88,-0000.92,+0003.52,-0010.18
+1580774621.41,-0007.81,-0017.58,-0003.91,-0000.15,-0001.45,-0013.55
+1580774621.41,-0005.86,-0016.60,-0001.95,-0000.08,-0003.22,-0015.24
+1580774621.42,+0010.74,-0018.55,-0000.98,-0001.00,-0002.37,-0013.25
+1580774621.42,+0021.48,-0018.55,-0001.95,-0002.76,-0009.03,-0002.60
+1580774621.43,+0010.74,-0017.58,-0003.91,+0005.82,+0013.63,-0018.91
+1580774621.43,-0035.16,-0010.74,-0002.93,-0002.76,-0010.95,-0012.17
+1580774621.44,+0008.79,-0008.79,+0002.93,+0013.02,-0002.99,-0017.61
+1580774621.44,+0030.27,-0016.60,+0003.91,+0003.22,+0007.89,-0001.30
+1580774621.45,-0002.93,-0012.70,+0002.93,+0007.27,+0001.30,-0014.55
+1580774621.45,-0010.74,-0002.93,+0005.86,-0006.20,-0011.64,-0010.95
+1580774621.46,+0026.37,-0007.81,+0007.81,+0008.65,-0004.29,-0008.50
+1580774621.46,-0000.98,-0011.72,+0006.84,+0002.37,-0003.45,-0007.96
+1580774621.47,-0010.74,-0001.95,+0007.81,+0004.13,-0001.61,-0011.94
+1580774621.47,+0005.86,-0003.91,+0008.79,-0002.91,+0002.37,-0023.20
+1580774621.48,+0012.70,-0010.74,+0010.74,+0003.52,-0004.44,+0008.50
+1580774621.48,+0017.58,-0003.91,+0011.72,+0000.84,+0008.73,-0013.25
+1580774621.49,-0013.67,-0000.98,+0011.72,+0000.84,-0009.34,-0002.99
+1580774621.49,+0007.81,-0001.95,+0012.70,+0003.14,+0000.08,-0004.67
+1580774621.50,-0001.95,-0006.84,+0011.72,+0001.68,-0003.75,-0006.66
+1580774621.50,+0001.95,-0001.95,+0012.70,+0004.75,-0000.38,-0008.12
+1580774621.51,+0003.91,-0002.93,+0013.67,-0004.36,+0000.46,-0012.17
+1580774621.51,-0002.93,-0002.93,+0014.65,+0002.07,-0003.68,-0006.35
+1580774621.52,+0001.95,+0000.00,+0014.65,-0003.75,-0001.00,-0005.74
+1580774621.52,-0008.79,-0000.98,+0013.67,+0007.66,+0008.19,-0017.84
+1580774621.53,-0016.60,+0000.00,+0014.65,-0005.59,-0003.90,-0015.31
+1580774621.53,+0013.67,+0000.00,+0016.60,-0005.13,+0010.11,-0010.80
+1580774621.54,-0014.65,-0000.98,+0014.65,-0000.15,+0002.53,-0017.38
+1580774621.54,-0013.67,+0005.86,+0014.65,+0000.69,-0010.41,+0000.00
+1580774621.55,+0005.86,+0001.95,+0013.67,-0004.06,+0001.15,-0006.12
+1580774621.55,-0003.91,-0002.93,+0013.67,+0006.51,-0006.66,+0003.60
+1580774621.56,+0000.00,+0005.86,+0013.67,-0003.22,+0001.68,-0007.66
+1580774621.56,-0012.70,+0004.88,+0013.67,+0000.23,+0001.53,-0011.94
+1580774621.57,-0002.93,+0003.91,+0015.62,-0000.23,+0001.99,-0011.71
+1580774621.57,+0000.98,+0002.93,+0017.58,+0000.15,+0004.75,-0016.38
+1580774621.58,-0015.62,+0006.84,+0016.60,+0001.45,-0001.53,-0010.80
+1580774621.58,-0007.81,+0006.84,+0015.62,+0000.46,-0001.07,-0019.37
+1580774621.59,-0000.98,+0001.95,+0014.65,-0001.23,-0002.60,-0007.43
+1580774621.59,+0007.81,+0003.91,+0013.67,+0000.54,-0001.00,+0000.54
+1580774621.60,-0010.74,+0005.86,+0011.72,+0000.69,+0005.36,-0008.88
+1580774621.60,-0013.67,+0006.84,+0013.67,+0000.46,-0004.98,-0007.20
+1580774621.61,+0010.74,+0003.91,+0014.65,-0002.60,+0003.60,-0012.40
+1580774621.61,+0000.00,+0000.98,+0014.65,-0000.61,+0000.61,-0009.34
+1580774621.62,-0003.91,+0007.81,+0013.67,-0002.68,+0000.61,-0021.21
+1580774621.62,-0002.93,+0004.88,+0013.67,-0001.00,-0002.22,-0014.70
+1580774621.63,+0007.81,+0000.98,+0013.67,+0002.45,+0000.31,-0009.11
+1580774621.63,+0000.98,+0001.95,+0012.70,-0000.92,+0002.37,-0012.94
+1580774621.64,-0005.86,+0004.88,+0012.70,-0001.38,+0001.30,-0010.11
+1580774621.64,+0000.98,+0001.95,+0012.70,+0000.23,+0000.61,-0014.16
+1580774621.65,+0000.98,+0000.00,+0012.70,+0001.15,+0000.23,-0008.50
+1580774621.65,+0000.98,+0001.95,+0012.70,-0001.38,+0000.84,-0010.87
+1580774621.66,-0002.93,+0000.00,+0011.72,-0000.69,-0000.38,-0010.34
+1580774621.66,+0000.98,-0000.98,+0010.74,-0000.31,+0000.46,-0010.87
+1580774621.67,+0002.93,-0000.98,+0010.74,-0000.61,-0000.08,-0014.16
+1580774621.67,+0008.79,-0002.93,+0010.74,-0001.99,-0000.08,+0000.38
+1580774621.68,+0001.95,-0002.93,+0010.74,+0002.37,+0011.94,-0015.08
+1580774621.68,-0025.39,+0002.93,+0011.72,+0000.69,+0000.15,-0020.06
+1580774621.69,-0000.98,-0000.98,+0012.70,-0002.60,-0001.38,-0019.45
+1580774621.69,+0022.46,-0010.74,+0010.74,-0001.30,-0000.69,+0001.53
+1580774621.70,+0006.84,-0005.86,+0006.84,+0005.51,+0005.59,-0002.53
+1580774621.70,-0019.53,+0001.95,+0007.81,-0002.60,-0002.99,-0009.88
+1580774621.71,+0007.81,-0004.88,+0010.74,-0000.84,+0002.45,-0011.33
+1580774621.71,+0013.67,-0009.77,+0010.74,-0003.37,+0000.61,-0007.12
+1580774621.72,-0000.98,-0002.93,+0009.77,+0004.29,-0000.61,-0005.21
+1580774621.72,-0001.95,-0001.95,+0007.81,+0000.23,-0001.61,-0018.30
+1580774621.73,+0006.84,-0010.74,+0007.81,+0001.99,-0001.45,-0011.79
+1580774621.73,+0011.72,-0006.84,+0007.81,-0000.08,+0002.83,-0006.97
+1580774621.74,-0002.93,-0002.93,+0008.79,+0002.45,+0000.23,-0008.80
+1580774621.74,-0000.98,-0004.88,+0009.77,+0000.23,+0001.15,-0009.42
+1580774621.75,+0005.86,-0006.84,+0009.77,-0000.84,+0000.92,-0008.80
+1580774621.75,+0000.00,-0004.88,+0009.77,+0000.15,+0002.07,-0006.05
+1580774621.76,-0005.86,-0002.93,+0008.79,-0001.07,-0002.14,-0012.79
+1580774621.76,-0000.98,-0005.86,+0007.81,+0002.37,-0000.54,-0010.57
+1580774621.77,+0005.86,-0005.86,+0007.81,-0001.84,-0000.38,-0007.66
+1580774621.77,-0002.93,-0003.91,+0007.81,+0000.77,+0000.31,-0007.04
+1580774621.78,-0008.79,-0001.95,+0009.77,-0000.23,-0002.37,-0014.01
+1580774621.78,+0000.98,-0002.93,+0010.74,-0000.54,-0006.66,-0001.38
+1580774621.79,+0009.77,-0004.88,+0009.77,+0000.84,+0008.19,-0008.96
+1580774621.79,-0021.48,+0000.00,+0008.79,+0000.69,-0007.35,-0011.18
+1580774621.80,-0002.93,+0001.95,+0009.77,+0002.45,+0000.84,-0016.38
+1580774621.80,+0007.81,-0004.88,+0009.77,-0004.36,+0000.69,-0008.12
+1580774621.81,-0001.95,+0000.00,+0010.74,+0005.13,-0001.00,-0002.91
+1580774621.81,-0008.79,+0004.88,+0009.77,-0001.45,-0001.53,-0010.64
+1580774621.82,-0002.93,+0000.00,+0010.74,+0002.45,-0003.45,-0007.81
+1580774621.82,+0003.91,+0000.00,+0010.74,-0000.84,+0002.68,-0009.49
+1580774621.83,-0006.84,+0004.88,+0011.72,-0001.30,-0002.07,-0007.50
+1580774621.83,-0002.93,+0004.88,+0011.72,+0000.69,-0000.77,-0013.25
+1580774621.84,-0001.95,+0002.93,+0012.70,+0000.61,+0000.15,-0014.78
+1580774621.84,+0000.00,+0006.84,+0012.70,+0000.84,-0001.53,-0010.72
+1580774621.85,+0000.98,+0007.81,+0012.70,-0001.99,-0003.37,-0012.25
+1580774621.85,+0003.91,+0004.88,+0012.70,-0001.07,-0005.67,+0000.23
+1580774621.86,+0002.93,+0006.84,+0011.72,+0001.38,+0005.97,-0009.95
+1580774621.86,-0015.62,+0010.74,+0012.70,+0002.30,-0005.74,-0009.72
+1580774621.87,+0003.91,+0009.77,+0013.67,-0000.54,+0003.37,-0017.61
+1580774621.87,+0002.93,+0005.86,+0012.70,-0002.76,+0001.00,-0015.16
+1580774621.88,+0001.95,+0011.72,+0013.67,+0003.37,-0005.59,-0003.14
+1580774621.88,+0001.95,+0009.77,+0012.70,+0000.31,+0000.84,-0012.25
+1580774621.89,-0006.84,+0008.79,+0011.72,+0000.92,-0003.37,-0007.89
+1580774621.89,+0001.95,+0010.74,+0011.72,-0001.23,+0000.61,-0013.32
+1580774621.90,+0001.95,+0008.79,+0010.74,-0000.38,+0000.92,-0012.71
+1580774621.90,+0000.98,+0010.74,+0009.77,-0001.15,-0000.38,-0011.41
+1580774621.91,+0001.95,+0011.72,+0010.74,-0000.54,-0000.15,-0011.41
+1580774621.91,+0001.95,+0010.74,+0010.74,-0000.31,+0000.31,-0011.94
+1580774621.92,+0001.95,+0011.72,+0011.72,-0000.15,-0000.23,-0010.41
+1580774621.92,+0002.93,+0011.72,+0010.74,-0001.00,+0000.15,-0009.03
+1580774621.93,+0001.95,+0011.72,+0009.77,-0002.76,+0001.00,-0010.41
+1580774621.93,+0000.00,+0010.74,+0008.79,-0000.46,-0000.15,-0010.18
+1580774621.94,+0001.95,+0009.77,+0007.81,-0002.76,+0001.61,-0010.57
+1580774621.94,+0000.00,+0008.79,+0006.84,+0000.08,+0000.23,-0009.03
+1580774621.95,+0000.00,+0008.79,+0006.84,-0002.60,+0000.38,-0008.35
+1580774621.95,-0002.93,+0007.81,+0005.86,-0001.91,+0000.84,-0008.96
+1580774621.96,-0002.93,+0006.84,+0005.86,+0000.31,+0000.46,-0008.42
+1580774621.96,-0001.95,+0005.86,+0004.88,-0000.38,+0001.61,-0009.26
+1580774621.97,-0005.86,+0004.88,+0004.88,-0001.23,+0000.38,-0010.03
+1580774621.97,-0001.95,+0004.88,+0004.88,-0002.07,+0001.84,-0008.04
+1580774621.98,-0002.93,+0002.93,+0003.91,-0000.61,-0000.15,-0008.35
+1580774621.98,-0006.84,+0003.91,+0002.93,-0000.38,+0001.38,-0008.73
+1580774621.99,-0008.79,+0001.95,+0002.93,-0000.38,-0000.61,-0011.41
+1580774621.99,-0006.84,+0000.98,+0001.95,-0001.76,+0001.68,-0011.25
+1580774622.00,-0007.81,+0000.98,+0001.95,-0001.07,+0002.07,-0011.79
+1580774622.00,-0008.79,+0000.98,+0000.98,+0000.08,+0000.84,-0012.25
+1580774622.01,-0008.79,+0000.00,+0000.98,+0000.61,-0000.92,-0012.10
+1580774622.01,-0004.88,+0000.00,+0000.98,+0000.54,+0000.00,-0010.87
+1580774622.02,+0001.95,+0000.98,+0001.95,-0001.15,-0004.44,-0006.05
+1580774622.02,+0006.84,-0000.98,+0000.00,+0005.05,+0014.32,-0014.09
+1580774622.03,-0030.27,+0003.91,-0000.98,-0002.83,-0004.59,-0014.70
+1580774622.03,-0010.74,+0002.93,+0001.95,+0005.13,-0003.75,-0016.54
+1580774622.04,+0017.58,-0002.93,+0000.98,-0004.29,-0000.38,-0021.82
+1580774622.04,+0008.79,-0001.95,-0000.98,+0005.82,+0004.13,-0005.13
+1580774622.05,-0015.62,+0008.79,-0002.93,-0006.89,-0001.45,-0010.87
+1580774622.05,-0007.81,+0000.98,+0000.00,+0004.75,-0004.06,-0012.56
+1580774622.06,+0009.77,+0000.00,+0001.95,-0003.75,+0001.84,-0007.43
+1580774622.06,-0003.91,+0002.93,+0001.95,+0005.67,+0001.68,-0005.44
+1580774622.07,-0010.74,+0007.81,+0001.95,-0005.74,-0001.61,-0010.95
+1580774622.07,-0002.93,+0000.00,+0000.98,+0000.77,-0001.23,-0013.48
+1580774622.08,+0004.88,+0000.98,+0000.98,-0003.52,+0001.38,-0007.12
+1580774622.08,-0004.88,+0002.93,+0000.00,+0001.76,+0001.15,-0009.95
+1580774622.09,-0006.84,+0003.91,+0000.00,-0002.45,-0004.90,-0010.72
+1580774622.09,+0005.86,+0000.00,+0000.98,-0000.38,-0000.15,-0004.06
+1580774622.10,+0000.00,+0001.95,+0000.00,+0000.08,+0000.23,-0007.12
+1580774622.10,-0007.81,+0004.88,+0000.98,-0000.31,-0000.77,-0009.42
+1580774622.11,+0000.98,+0001.95,+0000.98,-0002.76,-0001.61,-0013.32
+1580774622.11,+0004.88,+0000.00,+0000.98,-0000.84,+0000.69,-0010.64
+1580774622.12,-0001.95,+0002.93,+0000.00,-0000.31,-0000.46,-0010.57
+1580774622.12,-0004.88,+0002.93,-0000.98,-0002.68,-0000.08,-0015.01
+1580774622.13,+0000.98,+0000.00,-0000.98,-0001.23,-0002.30,-0008.58
+1580774622.13,+0007.81,+0000.00,-0001.95,-0000.08,+0003.45,-0011.25
+1580774622.14,-0006.84,+0002.93,-0001.95,+0000.23,+0000.92,-0014.16
+1580774622.14,-0001.95,+0002.93,-0000.98,-0000.46,-0004.06,-0011.94
+1580774622.15,+0008.79,+0000.00,-0000.98,-0001.07,+0000.77,-0011.25
+1580774622.15,+0002.93,+0000.98,-0000.98,-0000.15,+0000.54,-0007.12
+1580774622.16,+0000.00,+0004.88,-0000.98,-0002.68,-0000.23,-0009.42
+1580774622.16,+0002.93,+0000.98,-0000.98,-0001.07,+0000.77,-0009.49
+1580774622.17,+0007.81,+0000.00,-0001.95,-0000.69,-0000.08,-0009.95
+1580774622.17,+0002.93,+0001.95,-0001.95,-0000.31,+0000.23,-0009.80
+1580774622.18,+0002.93,+0002.93,-0001.95,-0001.53,-0000.23,-0008.80
+1580774622.18,+0002.93,+0000.00,-0000.98,+0000.61,+0001.07,-0012.17
+1580774622.19,+0003.91,+0001.95,+0000.00,+0000.38,-0002.53,-0010.87
+1580774622.19,+0009.77,+0000.98,+0000.00,-0002.68,-0001.68,-0003.06
+1580774622.20,-0001.95,+0000.98,-0001.95,-0001.07,-0000.15,-0014.09
+1580774622.20,-0009.77,+0002.93,-0000.98,+0000.15,-0003.45,-0009.72
+1580774622.21,+0007.81,+0000.00,+0000.00,-0000.15,+0002.76,-0011.41
+1580774622.21,+0000.98,-0002.93,+0000.00,-0003.14,-0000.46,-0006.43
+1580774622.22,-0005.86,+0002.93,-0000.98,-0005.05,+0000.92,-0004.13
+1580774622.22,-0008.79,-0000.98,-0000.98,+0001.23,-0001.84,-0006.43
+1580774622.23,-0001.95,-0002.93,-0000.98,-0000.92,-0001.15,-0004.90
+1580774622.23,+0000.00,-0003.91,-0001.95,+0000.84,-0001.68,-0010.34
+1580774622.24,-0002.93,-0001.95,-0002.93,-0000.23,-0002.45,-0007.43
+1580774622.24,-0003.91,-0003.91,-0002.93,+0002.83,+0002.22,-0016.00
+1580774622.25,-0009.77,-0001.95,-0000.98,+0001.84,-0001.30,-0016.77
+1580774622.25,+0000.00,-0001.95,+0000.98,+0000.69,+0001.38,-0013.93
+1580774622.26,-0001.95,-0004.88,+0000.00,-0001.38,-0002.91,-0008.65
+1580774622.26,-0002.93,-0002.93,-0000.98,+0002.07,-0000.69,-0004.59
+1580774622.27,-0008.79,-0002.93,-0002.93,+0002.14,-0001.07,-0009.34
+1580774622.27,-0009.77,-0004.88,-0001.95,+0000.31,-0004.13,-0008.65
+1580774622.28,+0001.95,-0006.84,-0001.95,-0000.77,+0001.76,-0010.49
+1580774622.28,-0002.93,-0005.86,-0000.98,+0001.53,+0001.53,-0006.97
+1580774622.29,-0011.72,-0002.93,-0000.98,-0002.30,-0000.23,-0017.07
+1580774622.29,-0006.84,-0005.86,+0000.00,+0001.15,-0003.37,-0014.93
+1580774622.30,+0004.88,-0006.84,-0000.98,+0000.23,+0001.45,-0012.48
+1580774622.30,+0000.00,-0004.88,-0000.98,-0000.54,-0001.30,-0003.68
+1580774622.31,-0004.88,-0002.93,-0000.98,+0001.76,+0002.99,-0012.25
+1580774622.31,-0008.79,-0004.88,-0000.98,-0000.23,+0000.61,-0016.23
+1580774622.32,+0001.95,-0004.88,+0000.98,+0001.15,-0004.29,-0010.72
+1580774622.32,+0004.88,-0003.91,+0000.98,-0000.92,+0000.69,-0011.56
+1580774622.33,-0002.93,-0002.93,+0000.98,+0001.45,-0000.15,-0006.51
+1580774622.33,+0001.95,-0002.93,+0000.00,-0002.83,+0000.69,-0010.95
+1580774622.34,+0000.98,-0004.88,+0000.98,+0001.91,-0000.54,-0007.35
+1580774622.34,+0003.91,-0001.95,+0000.98,-0002.45,-0000.08,-0010.18
+1580774622.35,+0001.95,-0001.95,+0000.98,+0000.77,-0001.15,-0008.50
+1580774622.35,+0003.91,-0001.95,+0001.95,-0001.30,+0000.23,-0008.12
+1580774622.36,+0004.88,-0001.95,+0001.95,-0001.15,+0000.54,-0008.04
+1580774622.36,+0001.95,-0001.95,+0000.98,-0000.92,+0001.99,-0007.66
+1580774622.36,-0001.95,-0001.95,+0000.98,+0000.00,+0000.00,-0010.72
+1580774622.37,-0000.98,-0001.95,+0000.98,+0000.08,-0003.52,-0010.26
+1580774622.37,+0009.77,-0002.93,+0001.95,-0001.61,-0007.66,+0006.58
+1580774622.38,+0008.79,-0004.88,+0000.00,+0002.45,+0015.16,-0009.49
+1580774622.38,-0029.30,+0000.98,+0000.00,-0002.53,-0001.23,-0014.85
+1580774622.39,+0002.93,-0000.98,+0002.93,-0001.15,-0000.08,-0018.68
+1580774622.39,+0018.55,-0008.79,+0001.95,-0004.36,+0000.61,-0004.90
+1580774622.40,-0006.84,-0001.95,-0000.98,+0008.04,+0003.06,-0005.21
+1580774622.40,-0017.58,+0003.91,-0000.98,-0006.43,-0001.00,-0013.63
+1580774622.41,-0000.98,-0005.86,+0000.00,+0000.38,-0001.38,-0014.62
+1580774622.41,+0009.77,-0004.88,+0000.98,-0000.31,+0001.23,-0010.26
+1580774622.42,-0005.86,+0001.95,+0000.00,+0000.84,+0002.60,-0009.03
+1580774622.42,-0006.84,+0000.00,-0000.98,-0000.15,-0000.54,-0015.24
+1580774622.43,+0004.88,-0005.86,+0000.00,+0001.00,-0001.99,-0012.94
+1580774622.43,+0008.79,-0001.95,-0000.98,-0000.92,+0001.00,-0009.19
+1580774622.44,-0000.98,+0000.98,-0000.98,+0001.30,+0000.15,-0012.71
+1580774622.44,+0005.86,-0001.95,+0000.00,+0002.60,-0000.84,-0012.94
+1580774622.45,+0012.70,-0001.95,+0000.98,-0000.08,+0002.30,-0015.16
+1580774622.45,+0004.88,+0001.95,+0000.98,+0001.99,-0001.91,-0011.33
+1580774622.46,+0011.72,+0000.98,+0000.98,-0001.45,+0000.00,-0009.80
+1580774622.46,+0011.72,-0001.95,+0000.00,+0002.53,+0001.00,-0009.11
+1580774622.47,+0005.86,+0002.93,+0000.98,+0000.84,-0001.23,-0006.81
+1580774622.47,+0006.84,+0001.95,+0000.98,-0000.46,+0000.00,-0009.95
+1580774622.48,+0006.84,+0000.00,+0001.95,+0001.30,+0002.53,-0009.11
+1580774622.48,+0002.93,+0001.95,+0002.93,-0001.15,-0000.38,-0010.57
+1580774622.49,+0004.88,+0001.95,+0002.93,-0001.53,-0001.00,-0008.12
+1580774622.49,+0006.84,-0000.98,+0002.93,-0001.15,-0001.00,-0004.75
+1580774622.50,+0005.86,+0000.00,+0001.95,-0000.38,-0003.52,+0000.46
+1580774622.50,+0002.93,+0000.00,+0001.95,+0001.07,+0001.38,-0002.14
+1580774622.51,-0005.86,-0000.98,+0001.95,-0002.22,+0000.84,-0007.89
+1580774622.51,-0001.95,-0000.98,+0001.95,-0000.38,+0002.83,-0015.62
+1580774622.52,+0000.00,-0002.93,+0001.95,-0000.77,+0001.23,-0017.15
+1580774622.52,+0000.00,-0002.93,+0000.98,+0001.07,-0003.75,-0011.18
+1580774622.53,+0002.93,-0002.93,+0000.98,-0000.46,+0000.92,-0011.64
+1580774622.53,-0003.91,-0003.91,+0000.00,+0000.00,-0002.60,-0008.27
+1580774622.54,+0000.98,-0002.93,+0000.98,-0001.15,-0001.23,-0007.20
+1580774622.54,+0001.95,-0004.88,+0000.00,-0001.68,-0001.07,-0011.18
