+1580686932.10,+0000.98,+0013.67,+0013.67,+0000.31,-0002.60,-0009.26
+1580686932.11,+0001.95,+0014.65,+0012.70,+0000.00,-0001.84,-0009.72
+1580686932.11,+0002.93,+0014.65,+0012.70,+0000.69,-0003.60,-0009.65
+1580686932.12,+0003.91,+0013.67,+0012.70,+0000.69,-0001.00,-0011.33
+1580686932.12,+0002.93,+0013.67,+0011.72,+0000.23,-0002.45,-0011.87
+1580686932.13,+0002.93,+0013.67,+0011.72,+0000.15,-0001.84,-0011.94
+1580686932.13,+0003.91,+0013.67,+0010.74,-0000.92,-0001.91,-0012.02
+1580686932.14,+0004.88,+0013.67,+0010.74,-0000.69,-0002.91,-0010.87
+1580686932.14,+0003.91,+0012.70,+0009.77,-0000.46,-0000.84,-0011.03
+1580686932.15,+0002.93,+0012.70,+0009.77,-0001.00,-0000.84,-0010.34
+1580686932.15,+0003.91,+0012.70,+0008.79,-0001.07,-0001.84,-0009.57
+1580686932.16,+0003.91,+0011.72,+0008.79,-0000.61,-0001.61,-0008.80
+1580686932.16,+0003.91,+0010.74,+0007.81,-0000.46,-0000.92,-0008.50
+1580686932.17,+0002.93,+0009.77,+0006.84,+0000.38,-0001.84,-0009.19
+1580686932.17,+0002.93,+0009.77,+0006.84,-0000.38,-0000.31,-0009.49
+1580686932.18,+0002.93,+0009.77,+0005.86,-0001.38,-0000.77,-0010.72
+1580686932.18,+0002.93,+0009.77,+0005.86,+0000.92,-0001.30,-0011.18
+1580686932.19,+0002.93,+0010.74,+0004.88,-0001.76,-0000.23,-0010.57
+1580686932.19,+0000.98,+0009.77,+0003.91,-0001.38,-0001.91,-0009.95
+1580686932.20,+0001.95,+0009.77,+0002.93,-0001.45,-0000.31,-0009.95
+1580686932.20,+0001.95,+0009.77,+0001.95,-0001.53,-0001.61,-0009.49
+1580686932.21,+0001.95,+0009.77,+0001.95,-0001.53,-0001.23,-0009.72
+1580686932.21,+0001.95,+0009.77,+0001.95,-0000.92,-0001.23,-0010.41
+1580686932.22,+0000.98,+0009.77,+0000.98,-0001.00,-0001.30,-0010.87
+1580686932.22,+0001.95,+0010.74,+0000.00,-0001.76,-0000.38,-0011.18
+1580686932.23,+0001.95,+0009.77,-0000.98,-0000.84,-0001.61,-0010.41
+1580686932.23,+0000.98,+0009.77,-0000.98,-0000.54,-0001.61,-0010.18
+1580686932.24,+0001.95,+0009.77,-0001.95,-0000.61,-0001.30,-0010.80
+1580686932.24,+0001.95,+0010.74,-0002.93,+0000.38,-0002.22,-0009.26
+1580686932.25,+0001.95,+0010.74,-0002.93,-0000.38,-0001.38,-0010.11
+1580686932.25,+0001.95,+0010.74,-0002.93,-0000.61,-0001.30,-0010.18
+1580686932.26,+0002.93,+0010.74,-0003.91,-0001.15,-0002.37,-0008.96
+1580686932.26,+0001.95,+0009.77,-0003.91,-0000.69,-0001.68,-0009.03
+1580686932.27,+0002.93,+0009.77,-0004.88,-0001.76,-0001.45,-0009.95
+1580686932.27,+0002.93,+0008.79,-0005.86,-0001.23,-0001.38,-0010.18
+1580686932.28,+0002.93,+0008.79,-0005.86,-0001.38,-0001.07,-0011.25
+1580686932.28,+0002.93,+0008.79,-0006.84,-0002.14,-0002.68,-0011.03
+1580686932.29,+0003.91,+0009.77,-0006.84,-0001.53,-0001.76,-0010.95
+1580686932.29,+0004.88,+0008.79,-0007.81,-0001.07,+0000.08,-0010.80
+1580686932.30,+0001.95,+0008.79,-0008.79,-0002.37,-0002.53,-0009.49
+1580686932.30,+0002.93,+0008.79,-0009.77,+0000.69,-0002.22,-0010.18
+1580686932.31,+0002.93,+0008.79,-0010.74,-0000.92,-0000.31,-0011.18
+1580686932.31,+0001.95,+0008.79,-0010.74,-0000.54,-0001.76,-0009.49
+1580686932.32,+0000.98,+0008.79,-0012.70,-0000.92,-0000.61,-0010.72
+1580686932.32,+0000.98,+0007.81,-0012.70,-0000.31,-0001.68,-0010.64
+1580686932.33,+0002.93,+0007.81,-0013.67,-0001.07,-0001.38,-0009.57
+1580686932.33,+0000.98,+0007.81,-0013.67,+0000.08,-0001.99,-0009.72
+1580686932.34,+0001.95,+0006.84,-0014.65,-0000.77,-0000.46,-0011.41
+1580686932.34,+0000.98,+0005.86,-0015.62,-0000.77,-0002.37,-0011.41
+1580686932.35,+0002.93,+0005.86,-0015.62,-0000.31,-0000.69,-0011.41
+1580686932.35,+0001.95,+0004.88,-0016.60,-0000.92,-0002.14,-0010.49
+1580686932.36,+0001.95,+0004.88,-0016.60,+0000.23,-0002.99,-0009.03
+1580686932.36,+0001.95,+0003.91,-0016.60,-0000.08,-0001.68,-0009.57
+1580686932.37,+0001.95,+0003.91,-0017.58,-0001.00,-0001.61,-0009.49
+1580686932.37,+0002.93,+0002.93,-0017.58,-0001.00,-0001.45,-0009.88
+1580686932.38,+0001.95,+0002.93,-0017.58,+0000.54,-0002.22,-0009.26
+1580686932.38,+0001.95,+0002.93,-0017.58,-0001.61,-0001.15,-0009.42
+1580686932.39,+0000.98,+0002.93,-0017.58,+0000.38,-0001.99,-0009.65
+1580686932.39,+0000.98,+0001.95,-0017.58,-0000.15,-0000.08,-0010.87
+1580686932.40,+0000.98,+0002.93,-0017.58,-0000.23,-0002.76,-0010.57
+1580686932.40,+0001.95,+0002.93,-0017.58,+0000.00,-0001.23,-0010.11
+1580686932.41,+0000.98,+0002.93,-0017.58,-0000.23,-0001.07,-0009.95
+1580686932.41,+0000.98,+0003.91,-0016.60,-0000.77,-0001.91,-0009.42
+1580686932.42,+0000.98,+0003.91,-0016.60,+0000.54,-0001.53,-0007.20
+1580686932.42,+0000.98,+0004.88,-0016.60,-0000.23,-0002.30,-0007.73
+1580686932.43,+0000.00,+0004.88,-0016.60,-0001.76,-0002.76,-0007.73
+1580686932.43,+0000.98,+0004.88,-0015.62,-0000.31,-0001.38,-0007.96
+1580686932.44,+0000.00,+0003.91,-0015.62,-0000.31,-0002.99,-0008.50
+1580686932.44,+0000.00,+0004.88,-0015.62,-0001.00,-0001.76,-0010.11
+1580686932.45,-0000.98,+0003.91,-0016.60,-0001.00,-0001.91,-0010.80
+1580686932.45,-0000.98,+0003.91,-0016.60,+0000.00,-0001.61,-0011.94
+1580686932.46,-0000.98,+0003.91,-0016.60,-0000.61,-0001.45,-0011.87
+1580686932.46,-0000.98,+0003.91,-0016.60,-0000.61,-0001.38,-0011.41
+1580686932.47,-0000.98,+0002.93,-0015.62,-0000.38,-0001.76,-0011.41
+1580686932.47,+0000.00,+0002.93,-0015.62,-0001.99,-0002.68,-0009.65
+1580686932.48,+0000.00,+0001.95,-0015.62,-0002.53,-0002.99,-0008.65
+1580686932.48,+0000.00,+0000.98,-0016.60,-0000.69,-0002.53,-0008.58
+1580686932.49,-0000.98,+0000.98,-0017.58,-0002.60,-0002.22,-0007.81
+1580686932.49,-0000.98,+0000.00,-0018.55,-0002.07,-0002.22,-0008.35
+1580686932.50,-0000.98,+0000.00,-0018.55,-0000.46,-0002.07,-0009.65
+1580686932.50,-0000.98,-0000.98,-0018.55,-0002.45,-0001.30,-0011.71
+1580686932.51,+0000.00,-0001.95,-0019.53,-0002.53,-0001.30,-0012.17
+1580686932.51,+0000.00,-0001.95,-0020.51,-0001.45,-0001.30,-0012.10
+1580686932.52,-0000.98,-0002.93,-0021.48,+0000.31,+0000.00,-0012.63
+1580686932.52,-0001.95,-0003.91,-0021.48,-0002.14,-0000.46,-0011.79
+1580686932.53,-0000.98,-0003.91,-0022.46,-0001.91,-0001.38,-0011.18
+1580686932.53,-0000.98,-0004.88,-0022.46,-0000.08,-0001.45,-0010.80
+1580686932.54,-0000.98,-0005.86,-0023.44,-0002.07,-0001.30,-0011.18
+1580686932.54,+0000.00,-0005.86,-0023.44,-0002.37,-0000.69,-0011.41
+1580686932.55,+0000.98,-0005.86,-0024.41,-0000.46,-0002.30,-0011.41
+1580686932.55,+0001.95,-0006.84,-0025.39,+0000.08,-0002.14,-0010.95
+1580686932.56,+0001.95,-0006.84,-0026.37,-0002.91,-0001.00,-0010.49
+1580686932.56,+0002.93,-0006.84,-0027.34,-0000.92,-0001.07,-0010.72
+1580686932.57,+0002.93,-0006.84,-0027.34,+0000.54,-0003.29,-0010.26
+1580686932.57,+0004.88,-0006.84,-0028.32,-0001.76,-0000.54,-0009.34
+1580686932.58,+0003.91,-0006.84,-0028.32,-0003.60,-0001.38,-0008.58
+1580686932.58,+0004.88,-0007.81,-0028.32,-0000.31,-0002.22,-0008.88
+1580686932.59,+0004.88,-0007.81,-0027.34,+0000.77,-0001.53,-0010.57
+1580686932.59,+0004.88,-0007.81,-0027.34,-0000.77,+0000.23,-0010.80
+1580686932.60,+0003.91,-0007.81,-0027.34,-0002.60,-0000.69,-0010.87
+1580686932.60,+0003.91,-0007.81,-0027.34,-0000.38,-0001.30,-0010.18
+1580686932.61,+0002.93,-0008.79,-0027.34,+0000.84,-0000.77,-0010.41
+1580686932.61,+0002.93,-0008.79,-0027.34,-0000.46,-0001.15,-0010.03
+1580686932.62,+0002.93,-0008.79,-0026.37,-0001.76,-0001.23,-0008.73
+1580686932.62,+0002.93,-0007.81,-0025.39,+0002.45,-0000.92,-0009.65
+1580686932.63,+0002.93,-0007.81,-0025.39,+0000.77,-0000.61,-0008.96
+1580686932.63,+0002.93,-0006.84,-0025.39,-0002.37,+0000.08,-0009.72
+1580686932.64,+0000.98,-0006.84,-0024.41,+0000.31,-0001.07,-0010.11
+1580686932.64,+0000.98,-0005.86,-0023.44,+0001.38,-0001.61,-0011.18
+1580686932.65,+0001.95,-0004.88,-0022.46,+0000.00,-0000.69,-0011.48
+1580686932.65,+0001.95,-0003.91,-0022.46,-0001.07,-0001.61,-0010.64
+1580686932.66,+0001.95,-0003.91,-0021.48,+0000.61,-0002.30,-0010.34
+1580686932.66,+0002.93,-0002.93,-0020.51,+0000.54,-0001.45,-0009.34
+1580686932.67,+0002.93,-0000.98,-0020.51,-0000.54,-0001.61,-0008.42
+1580686932.67,+0002.93,-0000.98,-0019.53,-0000.31,-0003.14,-0007.89
+1580686932.68,+0003.91,+0000.00,-0018.55,+0001.91,-0002.91,-0008.19
+1580686932.68,+0005.86,+0000.98,-0017.58,+0000.61,-0001.99,-0007.89
+1580686932.69,+0003.91,+0001.95,-0016.60,-0000.54,-0001.38,-0008.80
+1580686932.69,+0002.93,+0002.93,-0016.60,+0000.92,-0002.83,-0008.73
+1580686932.70,+0003.91,+0003.91,-0015.62,+0002.30,-0000.38,-0009.65
+1580686932.70,+0002.93,+0003.91,-0014.65,+0000.77,-0000.31,-0008.96
+1580686932.71,-0000.98,+0003.91,-0013.67,-0000.92,-0000.15,-0007.73
+1580686932.71,-0003.91,+0003.91,-0013.67,+0000.00,-0001.91,-0006.28
+1580686932.72,-0007.81,+0004.88,-0012.70,+0001.61,+0000.31,-0002.22
+1580686932.72,-0008.79,+0003.91,-0012.70,+0000.23,+0000.77,-0007.43
+1580686932.73,-0007.81,+0003.91,-0011.72,-0000.54,+0000.23,-0014.32
+1580686932.73,-0005.86,+0002.93,-0011.72,+0002.60,-0002.68,-0015.77
+1580686932.74,-0007.81,+0002.93,-0011.72,+0000.31,-0002.37,-0012.56
+1580686932.74,-0009.77,+0001.95,-0012.70,-0001.23,-0001.38,-0009.72
+1580686932.75,-0010.74,+0003.91,-0013.67,-0003.06,-0001.38,-0005.28
+1580686932.75,-0009.77,+0003.91,-0013.67,+0003.06,-0002.68,-0003.60
+1580686932.76,-0010.74,+0002.93,-0012.70,-0000.23,-0001.91,-0002.53
+1580686932.76,-0010.74,+0003.91,-0012.70,+0000.77,-0000.84,-0002.45
+1580686932.77,-0011.72,+0002.93,-0012.70,-0002.07,-0003.60,-0007.66
+1580686932.77,-0012.70,+0001.95,-0012.70,+0001.23,-0002.07,-0009.88
+1580686932.78,-0011.72,+0001.95,-0013.67,+0000.46,-0002.99,-0011.71
+1580686932.78,-0011.72,+0000.98,-0014.65,-0001.15,-0002.76,-0012.94
+1580686932.79,-0012.70,-0000.98,-0016.60,-0001.30,-0001.07,-0013.55
+1580686932.79,-0014.65,+0000.00,-0017.58,+0000.61,-0003.06,-0012.02
+1580686932.80,-0012.70,-0000.98,-0018.55,+0001.00,-0002.37,-0012.02
+1580686932.80,-0012.70,-0001.95,-0018.55,-0004.36,-0001.68,-0006.43
+1580686932.81,-0013.67,-0000.98,-0019.53,-0004.06,-0003.14,-0007.20
+1580686932.81,-0011.72,-0001.95,-0019.53,-0000.84,-0000.31,-0008.73
+1580686932.82,-0013.67,-0001.95,-0019.53,+0001.99,-0000.54,-0010.80
+1580686932.82,-0012.70,-0001.95,-0020.51,-0002.30,-0000.46,-0012.25
+1580686932.83,-0010.74,-0002.93,-0021.48,-0006.35,-0001.53,-0009.26
+1580686932.83,-0008.79,-0001.95,-0022.46,-0004.67,-0001.76,-0012.33
+1580686932.84,-0010.74,-0002.93,-0023.44,+0002.76,-0000.31,-0011.71
+1580686932.84,-0010.74,-0002.93,-0024.41,-0000.15,-0001.99,-0010.03
+1580686932.85,-0008.79,-0002.93,-0025.39,-0003.60,-0001.00,-0009.34
+1580686932.85,-0008.79,-0001.95,-0025.39,-0004.67,+0002.07,-0008.65
+1580686932.86,-0010.74,-0002.93,-0026.37,+0002.60,-0001.15,-0012.86
+1580686932.86,-0011.72,-0001.95,-0026.37,+0002.76,+0001.23,-0010.18
+1580686932.87,-0012.70,-0001.95,-0026.37,+0000.08,+0000.38,-0008.12
+1580686932.87,-0012.70,-0001.95,-0026.37,-0004.75,+0001.45,-0008.73
+1580686932.88,-0013.67,-0001.95,-0026.37,+0001.07,+0001.23,-0011.56
+1580686932.88,-0013.67,-0002.93,-0027.34,+0002.22,+0001.07,-0017.38
+1580686932.89,-0013.67,-0003.91,-0027.34,+0000.54,+0002.91,-0018.45
+1580686932.89,-0011.72,-0003.91,-0028.32,-0004.52,+0000.92,-0018.30
+1580686932.90,-0011.72,-0003.91,-0028.32,-0001.76,+0000.69,-0016.31
+1580686932.90,-0011.72,-0003.91,-0029.30,+0001.15,-0000.92,-0010.03
+1580686932.91,-0009.77,-0002.93,-0029.30,-0003.98,+0000.69,-0002.37
+1580686932.91,-0011.72,-0003.91,-0029.30,-0003.98,-0000.46,-0000.31
+1580686932.92,-0011.72,-0004.88,-0029.30,-0001.38,-0001.23,-0003.98
+1580686932.92,-0010.74,-0004.88,-0028.32,+0002.22,-0000.61,-0005.67
+1580686932.93,-0009.77,-0005.86,-0029.30,-0003.68,+0000.38,-0005.44
+1580686932.93,-0011.72,-0006.84,-0030.27,-0005.13,+0000.46,-0008.50
+1580686932.94,-0013.67,-0007.81,-0032.23,-0001.30,+0000.69,-0011.94
+1580686932.94,-0013.67,-0008.79,-0032.23,+0001.00,+0000.23,-0013.48
+1580686932.95,-0013.67,-0009.77,-0033.20,-0002.30,+0002.14,-0012.33
+1580686932.95,-0014.65,-0009.77,-0033.20,-0002.22,+0000.54,-0011.41
+1580686932.96,-0015.62,-0009.77,-0032.23,+0001.15,-0000.15,-0012.71
+1580686932.96,-0015.62,-0010.74,-0032.23,+0001.45,+0001.00,-0010.80
+1580686932.97,-0016.60,-0009.77,-0032.23,-0003.75,-0000.31,-0008.96
+1580686932.97,-0014.65,-0010.74,-0031.25,-0002.30,-0000.46,-0010.64
+1580686932.98,-0013.67,-0010.74,-0031.25,+0002.07,-0000.08,-0012.25
+1580686932.98,-0013.67,-0011.72,-0032.23,-0002.60,-0000.61,-0011.18
+1580686932.99,-0012.70,-0011.72,-0032.23,-0004.52,-0000.23,-0011.41
+1580686932.99,-0010.74,-0011.72,-0033.20,-0001.30,-0001.76,-0011.56
+1580686933.00,-0009.77,-0011.72,-0033.20,+0001.00,-0001.45,-0008.80
+1580686933.00,-0009.77,-0011.72,-0032.23,-0001.30,-0001.61,-0006.89
+1580686933.01,-0008.79,-0012.70,-0032.23,-0002.45,-0002.14,-0007.43
+1580686933.01,-0007.81,-0011.72,-0031.25,+0003.83,-0001.38,-0009.49
+1580686933.02,-0008.79,-0011.72,-0031.25,+0003.60,-0002.22,-0008.35
+1580686933.02,-0007.81,-0011.72,-0029.30,-0000.77,-0000.38,-0008.96
+1580686933.03,-0008.79,-0011.72,-0028.32,-0000.54,-0001.23,-0009.42
+1580686933.03,-0009.77,-0011.72,-0026.37,+0005.13,-0001.45,-0010.26
+1580686933.04,-0008.79,-0011.72,-0025.39,+0002.14,-0002.07,-0009.49
+1580686933.04,-0006.84,-0011.72,-0023.44,-0000.84,-0002.53,-0006.89
+1580686933.05,-0008.79,-0011.72,-0023.44,+0000.38,-0002.14,-0010.49
+1580686933.05,-0010.74,-0012.70,-0022.46,+0004.06,-0003.14,-0011.94
+1580686933.06,-0004.88,-0010.74,-0020.51,+0002.60,-0005.97,-0012.25
+1580686933.06,+0007.81,-0009.77,-0017.58,-0000.46,-0008.35,-0006.97
+1580686933.07,+0021.48,-0011.72,-0018.55,+0001.84,+0019.06,-0010.41
+1580686933.07,-0037.11,-0014.65,-0024.41,-0009.80,+0004.36,-0015.54
+1580686933.08,-0040.04,-0017.58,-0023.44,+0013.09,-0011.64,-0024.19
+1580686933.08,+0013.67,-0004.88,-0017.58,+0004.59,-0004.52,-0038.66
+1580686933.09,+0020.51,-0009.77,-0014.65,+0010.34,+0009.03,-0003.98
+1580686933.09,-0019.53,-0006.84,-0012.70,-0007.27,-0004.06,-0008.19
+1580686933.10,-0012.70,-0011.72,-0010.74,+0004.13,-0014.24,+0002.68
+1580686933.10,+0009.77,-0006.84,-0011.72,+0001.99,-0001.99,-0007.66
+1580686933.11,+0000.00,-0010.74,-0014.65,-0006.05,-0006.89,-0001.76
+1580686933.11,+0002.93,-0011.72,-0015.62,+0002.22,-0005.97,-0003.60
+1580686933.12,+0001.95,-0006.84,-0012.70,+0000.46,+0001.91,-0014.01
+1580686933.12,+0003.91,-0009.77,-0010.74,+0004.52,-0005.97,-0007.04
+1580686933.13,+0014.65,-0007.81,-0011.72,+0005.90,+0001.68,-0014.55
+1580686933.13,-0000.98,-0007.81,-0011.72,+0000.54,-0004.75,-0010.11
+1580686933.14,+0009.77,-0006.84,-0010.74,-0001.07,+0003.06,-0012.79
+1580686933.14,+0001.95,-0007.81,-0010.74,-0002.37,-0001.68,-0013.17
+1580686933.15,+0004.88,-0005.86,-0008.79,+0000.69,-0006.51,-0001.99
+1580686933.15,+0008.79,-0004.88,-0008.79,-0000.38,+0003.29,-0013.32
+1580686933.16,-0006.84,-0007.81,-0008.79,+0003.83,-0005.59,-0004.67
+1580686933.16,+0003.91,-0006.84,-0007.81,+0003.52,+0002.68,-0015.39
+1580686933.17,-0005.86,-0006.84,-0007.81,+0000.54,-0000.31,-0016.92
+1580686933.17,+0006.84,-0005.86,-0006.84,+0001.91,+0004.67,-0012.33
+1580686933.18,-0003.91,-0005.86,-0006.84,-0005.51,-0000.92,-0007.96
+1580686933.18,-0006.84,-0007.81,-0006.84,-0001.45,-0005.90,-0001.15
+1580686933.19,+0000.00,-0005.86,-0008.79,-0002.30,+0002.68,-0014.16
+1580686933.19,-0007.81,-0007.81,-0008.79,+0001.45,-0007.43,-0004.75
+1580686933.20,+0006.84,-0003.91,-0007.81,+0001.84,+0003.68,-0016.61
+1580686933.20,-0007.81,-0004.88,-0006.84,-0001.99,-0002.37,-0018.22
+1580686933.21,+0007.81,-0003.91,-0006.84,+0004.21,+0003.90,-0015.62
+1580686933.21,+0000.98,-0003.91,-0007.81,-0002.14,-0002.07,-0006.43
+1580686933.22,-0002.93,-0004.88,-0008.79,+0002.07,-0000.46,-0000.31
+1580686933.22,-0012.70,-0004.88,-0011.72,-0002.14,+0010.03,-0019.22
+1580686933.23,-0018.55,-0005.86,-0011.72,+0004.29,-0008.19,-0012.17
+1580686933.23,+0011.72,+0000.98,-0007.81,+0000.23,+0000.69,-0019.22
+1580686933.24,+0003.91,+0000.00,-0004.88,-0002.53,+0000.61,-0008.12
+1580686933.24,-0002.93,-0000.98,-0003.91,-0004.59,-0002.83,-0006.28
+1580686933.25,+0000.00,-0002.93,-0004.88,-0000.61,-0001.76,-0009.57
+1580686933.25,+0004.88,-0000.98,-0006.84,+0001.68,-0003.29,-0005.67
+1580686933.26,+0004.88,-0001.95,-0008.79,+0002.30,-0000.61,-0009.03
+1580686933.26,+0003.91,+0000.00,-0009.77,+0004.13,-0004.21,-0011.03
+1580686933.27,+0008.79,+0000.00,-0007.81,+0002.83,-0003.37,-0012.79
+1580686933.27,+0011.72,+0000.98,-0007.81,+0001.53,-0003.06,-0010.72
+1580686933.28,+0009.77,+0002.93,-0006.84,-0002.07,-0002.45,-0009.03
+1580686933.28,+0008.79,+0002.93,-0007.81,-0002.83,-0002.83,-0008.27
+1580686933.29,+0008.79,+0002.93,-0008.79,-0003.90,+0000.46,-0007.96
+1580686933.29,+0003.91,+0001.95,-0009.77,-0005.28,+0000.77,-0009.42
+1580686933.30,+0001.95,+0001.95,-0009.77,-0004.59,+0000.08,-0011.33
+1580686933.30,+0000.98,+0001.95,-0010.74,-0003.52,+0001.45,-0012.25
+1580686933.31,+0000.00,+0002.93,-0009.77,-0002.37,+0000.15,-0010.95
+1580686933.31,+0000.00,+0002.93,-0009.77,-0000.69,-0000.08,-0008.27
+1580686933.32,-0001.95,+0002.93,-0008.79,-0000.31,+0000.15,-0008.27
+1580686933.32,-0002.93,+0001.95,-0009.77,+0000.23,-0001.38,-0007.20
+1580686933.33,-0001.95,+0001.95,-0010.74,+0001.30,-0000.15,-0008.19
+1580686933.33,-0001.95,+0001.95,-0011.72,+0002.45,-0001.68,-0010.26
+1580686933.34,-0000.98,+0001.95,-0012.70,+0002.37,-0002.14,-0010.87
+1580686933.34,+0000.00,+0000.98,-0012.70,+0002.14,-0002.76,-0012.02
+1580686933.35,+0001.95,+0001.95,-0013.67,+0000.54,-0000.92,-0012.02
+1580686933.35,+0000.00,+0002.93,-0014.65,-0001.07,-0001.53,-0012.56
+1580686933.36,-0000.98,+0002.93,-0014.65,+0000.38,-0002.83,-0011.94
+1580686933.36,+0003.91,+0002.93,-0014.65,-0001.45,-0002.22,-0010.57
+1580686933.37,+0001.95,+0003.91,-0014.65,-0001.45,-0002.60,-0009.19
+1580686933.37,+0001.95,+0003.91,-0013.67,-0002.91,-0003.45,-0008.35
+1580686933.38,+0006.84,+0003.91,-0012.70,-0002.60,-0002.07,-0007.20
+1580686933.38,+0004.88,+0002.93,-0013.67,-0004.13,+0001.76,-0008.04
+1580686933.39,-0002.93,+0001.95,-0014.65,-0003.83,+0000.15,-0012.56
+1580686933.39,-0000.98,+0002.93,-0013.67,-0002.83,-0003.90,-0014.39
+1580686933.40,+0021.48,+0004.88,-0011.72,-0004.75,-0011.71,+0006.05
+1580686933.40,+0002.93,+0003.91,-0012.70,-0009.57,+0008.80,-0014.39
+1580686933.41,-0030.27,-0001.95,-0012.70,-0004.98,-0011.25,-0007.27
+1580686933.41,+0007.81,+0003.91,-0012.70,+0005.90,-0002.22,-0023.50
+1580686933.42,+0009.77,+0000.98,-0013.67,+0003.68,+0005.59,-0005.74
+1580686933.42,-0009.77,+0002.93,-0013.67,-0005.97,-0000.77,-0012.10
+1580686933.43,-0010.74,+0000.98,-0010.74,+0003.29,-0004.67,-0011.64
+1580686933.43,+0004.88,+0000.98,-0010.74,-0000.54,-0001.84,-0010.72
+1580686933.44,+0001.95,+0001.95,-0011.72,-0001.07,-0000.92,-0005.44
+1580686933.44,-0006.84,+0001.95,-0011.72,-0000.38,-0002.91,-0004.82
+1580686933.45,-0001.95,+0000.98,-0010.74,+0001.07,-0001.45,-0010.34
+1580686933.45,+0002.93,+0000.98,-0010.74,+0001.23,-0002.45,-0010.03
+1580686933.46,+0002.93,+0001.95,-0011.72,+0001.07,-0002.76,-0011.56
+1580686933.46,+0002.93,+0001.95,-0011.72,+0000.84,-0003.29,-0012.02
+1580686933.47,+0005.86,+0001.95,-0011.72,+0003.06,-0002.68,-0013.63
+1580686933.47,+0007.81,+0001.95,-0012.70,+0003.14,-0000.46,-0013.48
+1580686933.48,+0001.95,+0000.98,-0014.65,+0003.98,-0000.61,-0014.16
+1580686933.48,+0001.95,+0000.98,-0014.65,+0004.29,-0001.23,-0015.77
+1580686933.49,+0003.91,+0000.98,-0014.65,+0003.98,-0000.84,-0015.77
+1580686933.49,+0004.88,+0002.93,-0012.70,+0004.90,-0001.38,-0009.34
+1580686933.50,+0002.93,+0001.95,-0011.72,+0003.37,-0002.22,-0007.20
+1580686933.50,+0002.93,+0000.98,-0011.72,+0003.45,-0000.08,-0007.96
+1580686933.51,+0003.91,+0001.95,-0010.74,+0002.45,-0002.76,-0010.57
+1580686933.51,+0005.86,+0000.98,-0011.72,+0001.15,-0001.15,-0009.80
+1580686933.52,+0005.86,+0000.00,-0012.70,+0001.23,-0000.46,-0008.27
+1580686933.52,+0001.95,+0000.00,-0012.70,+0001.53,-0000.54,-0008.35
+1580686933.53,+0001.95,+0000.00,-0013.67,+0001.53,-0000.31,-0009.26
+1580686933.53,+0002.93,+0000.00,-0013.67,+0001.61,-0000.61,-0009.49
+1580686933.54,+0000.98,+0000.00,-0013.67,+0001.15,+0000.31,-0009.95
+1580686933.54,+0000.00,+0000.98,-0013.67,-0000.23,-0000.23,-0011.87
+1580686933.55,-0000.98,+0000.00,-0013.67,+0000.38,-0000.31,-0011.64
+1580686933.55,-0000.98,+0000.00,-0013.67,-0000.69,+0001.38,-0011.71
+1580686933.56,-0002.93,+0000.00,-0014.65,-0000.84,+0000.23,-0011.56
+1580686933.56,-0002.93,+0000.00,-0014.65,-0000.92,-0000.69,-0008.88
+1580686933.57,-0000.98,+0000.00,-0015.62,-0001.53,-0000.54,-0008.42
+1580686933.57,-0001.95,+0000.98,-0015.62,-0001.84,-0000.31,-0007.12
+1580686933.58,-0002.93,+0000.98,-0016.60,-0002.83,-0001.30,-0008.12
+1580686933.58,-0002.93,+0000.00,-0016.60,-0002.83,-0001.23,-0009.49
+1580686933.59,-0001.95,+0000.98,-0017.58,-0003.29,+0000.61,-0010.11
+1580686933.59,-0003.91,+0000.98,-0018.55,-0003.68,+0000.54,-0011.41
+1580686933.60,-0003.91,+0000.98,-0018.55,-0003.37,-0001.61,-0009.95
+1580686933.60,-0000.98,+0000.98,-0018.55,-0004.75,+0000.15,-0009.88
+1580686933.61,-0001.95,+0000.98,-0019.53,-0004.52,-0001.38,-0008.65
+1580686933.61,-0001.95,+0000.00,-0020.51,-0004.75,-0000.69,-0010.95
+1580686933.62,-0000.98,-0000.98,-0020.51,-0002.99,-0001.84,-0012.40
+1580686933.62,+0000.98,-0000.98,-0021.48,-0003.90,-0000.84,-0012.63
+1580686933.63,+0000.00,-0001.95,-0021.48,-0003.60,-0001.23,-0012.48
+1580686933.63,-0000.98,-0002.93,-0022.46,-0002.68,-0001.76,-0009.72
+1580686933.64,-0000.98,-0002.93,-0023.44,-0002.22,-0001.30,-0008.65
+1580686933.64,+0000.98,-0002.93,-0023.44,-0001.53,-0001.84,-0007.50
+1580686933.65,+0000.00,-0003.91,-0024.41,-0001.15,-0001.07,-0007.81
+1580686933.65,+0000.00,-0003.91,-0023.44,-0000.23,-0001.15,-0008.88
+1580686933.66,+0000.00,-0004.88,-0024.41,+0000.00,-0001.53,-0009.11
+1580686933.66,+0000.00,-0005.86,-0024.41,+0001.07,-0001.53,-0010.95
+1580686933.67,+0000.00,-0006.84,-0024.41,+0001.84,-0000.92,-0012.02
+1580686933.67,-0001.95,-0005.86,-0025.39,+0001.84,-0002.14,-0011.48
+1580686933.68,-0000.98,-0007.81,-0025.39,+0002.30,-0002.68,-0009.42
+1580686933.68,+0000.00,-0007.81,-0025.39,+0001.53,-0000.77,-0009.65
+1580686933.69,-0001.95,-0007.81,-0026.37,+0001.99,-0001.38,-0009.49
+1580686933.69,-0001.95,-0007.81,-0026.37,+0001.91,-0000.54,-0011.56
+1580686933.70,+0000.00,-0008.79,-0025.39,+0002.37,-0000.69,-0012.40
+1580686933.70,+0000.00,-0007.81,-0025.39,+0000.84,-0000.15,-0011.10
+1580686933.71,-0000.98,-0007.81,-0025.39,+0000.92,-0001.07,-0010.57
+1580686933.71,-0000.98,-0008.79,-0024.41,+0000.54,-0001.91,-0010.57
+1580686933.72,+0001.95,-0007.81,-0024.41,-0000.31,-0001.15,-0010.26
+1580686933.72,+0001.95,-0007.81,-0024.41,-0001.30,+0000.15,-0011.64
+1580686933.73,+0000.98,-0007.81,-0023.44,-0002.22,-0001.76,-0010.95
+1580686933.73,+0003.91,-0006.84,-0022.46,-0001.45,-0001.84,-0010.34
+1580686933.74,+0003.91,-0006.84,-0022.46,+0000.08,-0001.76,-0008.19
+1580686933.74,+0001.95,-0006.84,-0021.48,-0001.68,-0001.07,-0008.42
+1580686933.75,+0000.98,-0006.84,-0021.48,-0000.15,-0002.22,-0009.34
+1580686933.75,+0000.98,-0006.84,-0020.51,+0003.22,-0000.38,-0010.95
+1580686933.76,+0000.98,-0006.84,-0019.53,+0001.53,+0000.46,-0012.33
+1580686933.76,-0000.98,-0007.81,-0018.55,+0002.76,+0000.31,-0014.47
+1580686933.77,-0000.98,-0007.81,-0017.58,+0003.52,-0000.31,-0019.37
+1580686933.77,+0015.62,-0008.79,-0016.60,+0002.68,+0009.19,-0004.90
+1580686933.78,-0003.91,-0008.79,-0018.55,-0005.59,+0007.89,-0018.68
+1580686933.78,-0019.53,-0012.70,-0017.58,-0003.83,-0010.18,-0004.98
+1580686933.79,+0013.67,-0008.79,-0016.60,-0008.58,+0000.15,-0011.41
+1580686933.79,+0006.84,-0011.72,-0017.58,+0001.99,+0001.07,+0002.45
+1580686933.80,-0004.88,-0008.79,-0016.60,-0005.74,-0002.68,-0003.98
+1580686933.80,-0002.93,-0011.72,-0015.62,-0001.30,-0003.83,-0007.12
+1580686933.81,+0005.86,-0012.70,-0015.62,-0001.76,-0000.84,-0008.80
+1580686933.81,+0004.88,-0013.67,-0017.58,+0000.92,-0000.84,-0010.41
+1580686933.82,-0002.93,-0012.70,-0019.53,-0001.07,-0001.45,-0013.63
+1580686933.82,-0002.93,-0014.65,-0019.53,-0000.54,-0001.53,-0016.84
+1580686933.83,+0003.91,-0015.62,-0020.51,-0000.23,+0000.15,-0012.71
+1580686933.83,+0000.98,-0014.65,-0020.51,-0002.22,-0000.08,-0009.19
+1580686933.84,-0004.88,-0015.62,-0021.48,-0002.76,-0000.84,-0008.58
+1580686933.84,-0001.95,-0016.60,-0021.48,-0004.75,-0000.84,-0007.58
+1580686933.85,+0000.98,-0018.55,-0022.46,-0002.83,-0001.07,-0005.67
+1580686933.85,-0001.95,-0017.58,-0023.44,-0003.22,-0001.07,-0007.27
+1580686933.86,-0004.88,-0019.53,-0024.41,-0004.06,-0003.37,-0008.19
+1580686933.86,-0001.95,-0020.51,-0024.41,-0000.31,-0003.22,-0008.58
+1580686933.87,+0001.95,-0020.51,-0025.39,-0000.15,-0000.77,-0011.64
+1580686933.87,+0000.98,-0022.46,-0026.37,-0001.07,-0001.45,-0015.85
+1580686933.88,+0001.95,-0022.46,-0027.34,-0002.07,-0000.23,-0018.91
+1580686933.88,+0000.98,-0024.41,-0028.32,-0001.45,-0000.92,-0016.31
+1580686933.89,+0002.93,-0024.41,-0028.32,-0004.06,-0001.99,-0012.33
+1580686933.89,+0001.95,-0024.41,-0030.27,-0001.07,-0001.30,-0008.27
+1580686933.90,+0000.00,-0024.41,-0029.30,-0000.31,-0002.45,-0003.45
+1580686933.90,+0000.00,-0024.41,-0028.32,+0000.54,-0001.23,-0003.37
+1580686933.91,+0000.00,-0024.41,-0026.37,+0001.68,-0001.84,-0003.29
+1580686933.91,+0000.00,-0023.44,-0025.39,+0000.54,+0000.38,-0007.96
+1580686933.92,-0001.95,-0023.44,-0025.39,-0001.45,-0000.31,-0010.11
+1580686933.92,+0000.00,-0023.44,-0024.41,-0001.45,-0000.77,-0012.02
+1580686933.93,+0000.00,-0022.46,-0024.41,-0002.83,+0000.54,-0012.94
+1580686933.93,-0000.98,-0023.44,-0024.41,-0000.77,-0002.91,-0013.70
+1580686933.94,+0000.00,-0022.46,-0023.44,+0000.92,+0000.92,-0013.70
+1580686933.94,-0000.98,-0022.46,-0023.44,+0001.91,-0002.37,-0013.25
+1580686933.95,+0000.98,-0020.51,-0021.48,+0000.84,-0001.23,-0009.26
+1580686933.95,+0000.98,-0019.53,-0020.51,+0000.00,+0000.08,-0008.96
+1580686933.96,+0000.00,-0019.53,-0019.53,+0001.53,-0001.00,-0008.04
+1580686933.96,+0000.00,-0017.58,-0017.58,+0000.46,-0003.14,-0008.35
+1580686933.97,+0003.91,-0016.60,-0015.62,+0000.92,-0001.68,-0009.03
+1580686933.97,+0001.95,-0015.62,-0014.65,+0002.45,-0002.45,-0009.11
+1580686933.98,+0000.98,-0016.60,-0012.70,+0000.31,-0000.69,-0010.26
+1580686933.98,+0000.98,-0014.65,-0011.72,-0000.31,+0000.08,-0012.10
+1580686933.99,+0000.00,-0014.65,-0010.74,+0001.15,-0000.69,-0011.71
+1580686933.99,+0001.95,-0013.67,-0009.77,-0001.23,-0000.15,-0012.56
+1580686934.00,+0000.98,-0012.70,-0007.81,+0000.92,-0001.99,-0010.95
+1580686934.00,+0003.91,-0012.70,-0005.86,+0002.14,-0003.22,-0006.51
+1580686934.01,+0005.86,-0011.72,-0004.88,+0001.61,+0001.30,-0004.52
+1580686934.01,-0001.95,-0010.74,-0003.91,+0001.45,+0001.15,-0006.12
+1580686934.02,-0005.86,-0010.74,-0001.95,+0001.30,+0000.54,-0009.03
+1580686934.02,-0000.98,-0010.74,-0000.98,+0001.00,-0000.61,-0011.48
+1580686934.03,-0001.95,-0008.79,+0000.00,+0001.15,-0000.84,-0009.95
+1580686934.03,-0004.88,-0008.79,+0000.98,+0001.61,+0001.53,-0010.49
+1580686934.04,-0005.86,-0008.79,+0002.93,+0001.84,-0000.46,-0012.40
+1580686934.04,-0002.93,-0008.79,+0003.91,+0002.14,-0000.54,-0010.18
+1580686934.05,-0002.93,-0007.81,+0004.88,-0000.54,+0001.00,-0008.58
+1580686934.05,-0006.84,-0006.84,+0004.88,-0002.30,-0000.31,-0006.66
+1580686934.06,-0007.81,-0007.81,+0004.88,+0000.92,-0001.61,-0008.80
+1580686934.06,-0006.84,-0006.84,+0004.88,+0002.60,-0001.15,-0008.80
+1580686934.07,-0008.79,-0005.86,+0005.86,+0002.22,+0001.38,-0012.10
+1580686934.07,-0009.77,-0004.88,+0006.84,+0001.38,-0001.68,-0011.64
+1580686934.08,-0004.88,-0004.88,+0007.81,+0000.31,+0000.61,-0011.18
+1580686934.08,-0007.81,-0003.91,+0007.81,+0000.46,+0001.76,-0011.56
+1580686934.09,-0011.72,-0004.88,+0007.81,+0001.38,-0002.99,-0011.33
+1580686934.09,-0003.91,-0003.91,+0008.79,+0001.45,-0003.06,-0009.49
+1580686934.10,-0001.95,-0003.91,+0007.81,+0000.77,-0001.53,-0008.88
+1580686934.10,-0004.88,-0003.91,+0008.79,+0001.45,+0000.84,-0009.49
+1580686934.11,-0006.84,-0003.91,+0008.79,+0000.00,-0001.15,-0015.39
+1580686934.11,+0000.98,-0003.91,+0008.79,+0000.54,-0008.35,-0007.66
+1580686934.12,+0018.55,-0003.91,+0009.77,-0001.68,-0000.23,+0008.50
+1580686934.12,-0029.30,-0001.95,+0008.79,-0006.12,-0010.41,-0011.10
+1580686934.13,-0020.51,-0006.84,+0010.74,+0014.55,-0004.90,-0021.28
+1580686934.13,+0016.60,-0001.95,+0009.77,-0010.11,-0000.46,-0020.14
+1580686934.14,+0001.95,-0005.86,+0008.79,+0006.28,+0006.74,-0005.05
+1580686934.14,-0013.67,-0003.91,+0009.77,-0003.29,-0004.21,-0008.80
+1580686934.15,-0004.88,-0006.84,+0010.74,+0001.00,-0003.68,-0009.72
+1580686934.15,+0006.84,-0007.81,+0008.79,-0000.15,-0001.38,-0004.59
+1580686934.16,+0000.98,-0006.84,+0007.81,+0000.31,-0000.92,-0006.20
+1580686934.16,-0006.84,-0005.86,+0007.81,-0001.84,-0001.61,-0012.40
+1580686934.17,+0000.00,-0008.79,+0007.81,-0002.53,-0004.06,-0011.64
+1580686934.17,+0007.81,-0006.84,+0007.81,-0000.92,-0000.23,-0011.94
+1580686934.18,-0001.95,-0005.86,+0007.81,-0002.30,-0001.61,-0013.63
+1580686934.18,-0002.93,-0006.84,+0007.81,-0000.08,-0002.30,-0015.31
+1580686934.19,+0004.88,-0007.81,+0007.81,+0000.23,-0002.22,-0013.63
+1580686934.19,+0004.88,-0006.84,+0006.84,+0000.08,+0000.77,-0011.03
+1580686934.20,-0001.95,-0006.84,+0006.84,-0001.30,-0002.76,-0008.50
+1580686934.20,+0000.00,-0007.81,+0006.84,-0001.07,-0002.07,-0005.13
+1580686934.21,+0000.98,-0007.81,+0006.84,-0000.23,-0003.22,-0003.68
+1580686934.21,-0001.95,-0008.79,+0005.86,-0000.08,+0000.61,-0007.43
+1580686934.22,-0003.91,-0007.81,+0005.86,-0000.08,-0002.68,-0010.72
+1580686934.22,+0000.00,-0008.79,+0005.86,-0001.30,-0000.77,-0011.64
+1580686934.23,-0003.91,-0007.81,+0006.84,-0001.30,+0001.07,-0010.64
+1580686934.23,-0003.91,-0008.79,+0005.86,-0001.00,-0001.76,-0011.64
+1580686934.24,-0000.98,-0007.81,+0004.88,-0000.31,-0002.07,-0009.65
+1580686934.24,-0002.93,-0008.79,+0004.88,-0000.08,+0000.08,-0009.42
+1580686934.25,-0005.86,-0007.81,+0004.88,-0001.23,-0000.92,-0009.42
+1580686934.25,-0004.88,-0007.81,+0004.88,-0001.15,-0000.46,-0010.11
+1580686934.26,-0002.93,-0006.84,+0004.88,-0000.92,-0001.07,-0008.88
+1580686934.26,-0005.86,-0006.84,+0003.91,+0001.91,-0000.38,-0008.58
+1580686934.27,-0006.84,-0006.84,+0004.88,+0000.00,-0002.91,-0008.96
+1580686934.27,-0004.88,-0007.81,+0002.93,-0001.07,-0001.30,-0009.80
+1580686934.28,-0000.98,-0006.84,+0002.93,-0002.45,-0000.69,-0009.49
+1580686934.28,-0002.93,-0006.84,+0003.91,-0000.15,-0001.76,-0011.33
+1580686934.29,-0002.93,-0005.86,+0003.91,+0000.46,-0001.99,-0011.94
+1580686934.29,-0003.91,-0005.86,+0002.93,+0000.69,-0003.68,-0011.71
+1580686934.30,+0000.98,-0006.84,+0002.93,-0000.15,-0001.99,-0010.72
+1580686934.30,-0001.95,-0005.86,+0002.93,-0001.61,-0001.91,-0010.72
+1580686934.31,-0000.98,-0004.88,+0003.91,+0000.00,-0001.99,-0010.18
+1580686934.31,+0000.00,-0006.84,+0003.91,+0000.15,-0002.22,-0011.33
+1580686934.32,+0001.95,-0005.86,+0003.91,+0000.54,-0000.77,-0012.10
+1580686934.32,+0000.98,-0005.86,+0003.91,+0000.08,+0000.31,-0011.79
+1580686934.33,+0000.00,-0005.86,+0004.88,-0000.54,-0002.37,-0011.56
+1580686934.33,+0001.95,-0006.84,+0004.88,+0000.54,-0002.07,-0010.34
+1580686934.34,+0005.86,-0005.86,+0004.88,+0000.54,-0000.54,-0008.12
+1580686934.34,+0001.95,-0005.86,+0004.88,-0000.77,-0000.61,-0008.50
+1580686934.35,+0002.93,-0005.86,+0005.86,+0001.30,-0000.92,-0008.12
+1580686934.35,+0001.95,-0005.86,+0005.86,+0003.14,-0001.61,-0011.10
+1580686934.36,+0001.95,-0004.88,+0005.86,-0001.15,-0000.23,-0009.19
+1580686934.36,+0000.98,-0004.88,+0006.84,+0000.92,-0001.84,-0010.72
+1580686934.37,+0001.95,-0003.91,+0007.81,-0000.54,+0001.91,-0012.25
+1580686934.37,+0000.00,-0004.88,+0008.79,+0002.76,-0001.00,-0013.63
+1580686934.38,+0000.98,-0003.91,+0010.74,+0001.30,-0001.91,-0011.79
+1580686934.38,+0001.95,-0003.91,+0010.74,+0001.38,-0001.30,-0010.26
+1580686934.39,+0001.95,-0002.93,+0011.72,+0001.23,-0002.91,-0009.03
+1580686934.39,+0000.98,-0002.93,+0012.70,-0000.84,-0001.45,-0008.35
+1580686934.40,+0001.95,-0002.93,+0012.70,+0001.53,-0000.92,-0009.11
+1580686934.40,+0001.95,-0001.95,+0014.65,+0000.92,-0001.23,-0009.72
+1580686934.41,+0000.00,-0000.98,+0014.65,+0000.61,-0002.83,-0010.18
+1580686934.41,+0002.93,-0000.98,+0015.62,+0003.37,-0000.31,-0011.41
+1580686934.42,+0000.98,-0000.98,+0016.60,+0001.99,-0000.77,-0011.41
+1580686934.42,+0000.00,+0000.00,+0017.58,+0001.76,+0000.84,-0011.56
+1580686934.43,+0000.00,+0000.98,+0018.55,+0000.31,-0002.99,-0008.04
+1580686934.43,+0004.88,+0001.95,+0018.55,+0001.68,-0001.61,-0007.81
+1580686934.44,-0000.98,+0000.98,+0019.53,+0000.31,+0001.15,-0009.65
+1580686934.44,-0001.95,+0002.93,+0020.51,+0001.00,-0009.42,-0008.27
+1580686934.45,+0021.48,+0001.95,+0020.51,-0000.77,-0003.90,+0006.20
+1580686934.45,-0001.95,+0004.88,+0020.51,+0004.82,+0013.78,-0023.81
+1580686934.46,-0015.62,+0000.98,+0021.48,+0013.17,-0003.90,-0016.23
+1580686934.46,+0014.65,+0005.86,+0021.48,-0012.71,+0000.46,-0016.77
+1580686934.47,+0003.91,+0000.98,+0020.51,+0009.72,+0004.75,-0006.66
+1580686934.47,-0007.81,+0004.88,+0021.48,-0000.69,+0000.46,-0008.80
+1580686934.48,-0000.98,+0001.95,+0021.48,-0001.76,-0002.53,-0011.18
+1580686934.48,+0006.84,+0001.95,+0021.48,+0000.54,+0000.46,-0008.65
+1580686934.49,+0001.95,+0000.98,+0020.51,-0001.91,-0000.77,-0005.51
+1580686934.49,-0002.93,+0001.95,+0019.53,-0001.91,-0001.00,-0009.95
+1580686934.50,-0001.95,+0000.98,+0019.53,+0001.45,-0003.14,-0008.27
+1580686934.50,+0005.86,+0000.98,+0018.55,+0001.07,-0001.53,-0008.58
+1580686934.51,+0000.00,+0001.95,+0017.58,+0000.31,+0002.30,-0012.48
+1580686934.51,-0000.98,+0000.98,+0018.55,+0000.77,-0002.37,-0013.32
+1580686934.52,+0002.93,+0000.98,+0018.55,-0000.38,+0002.53,-0015.08
+1580686934.52,+0000.00,+0001.95,+0018.55,-0001.61,-0002.53,-0006.89
+1580686934.53,-0000.98,+0001.95,+0017.58,+0000.23,+0002.14,-0012.48
+1580686934.53,-0001.95,+0002.93,+0017.58,+0001.38,-0003.52,-0014.01
+1580686934.54,+0004.88,+0002.93,+0017.58,+0001.30,-0002.68,-0013.25
+1580686934.54,+0002.93,+0002.93,+0018.55,+0000.31,+0002.60,-0012.86
+1580686934.55,-0000.98,+0003.91,+0018.55,-0000.84,-0002.99,-0010.26
+1580686934.55,+0000.98,+0003.91,+0017.58,+0001.00,+0001.15,-0011.94
+1580686934.56,+0001.95,+0004.88,+0017.58,+0000.08,-0001.15,-0009.34
+1580686934.56,+0001.95,+0005.86,+0017.58,+0001.53,-0002.91,-0007.81
+1580686934.57,+0000.00,+0005.86,+0018.55,-0000.15,+0000.38,-0009.42
+1580686934.57,+0000.98,+0006.84,+0019.53,+0000.46,-0000.31,-0010.18
+1580686934.58,+0002.93,+0007.81,+0019.53,+0002.68,-0002.30,-0010.72
+1580686934.58,+0003.91,+0009.77,+0020.51,-0000.46,-0001.23,-0008.80
+1580686934.59,+0001.95,+0009.77,+0020.51,+0000.15,-0002.45,-0008.88
+1580686934.59,+0005.86,+0010.74,+0021.48,+0002.30,-0001.38,-0011.41
+1580686934.60,+0002.93,+0011.72,+0021.48,+0001.84,-0000.92,-0012.94
+1580686934.60,+0004.88,+0011.72,+0021.48,+0000.46,-0001.23,-0011.64
+1580686934.61,+0005.86,+0013.67,+0021.48,-0000.08,-0001.45,-0010.95
+1580686934.61,+0004.88,+0012.70,+0022.46,+0000.31,-0000.77,-0009.80
+1580686934.62,+0004.88,+0013.67,+0022.46,-0000.08,-0001.00,-0008.80
+1580686934.62,+0001.95,+0013.67,+0022.46,-0000.23,+0000.08,-0007.12
+1580686934.63,+0002.93,+0013.67,+0022.46,+0000.54,-0001.00,-0007.35
+1580686934.63,+0000.00,+0014.65,+0021.48,+0000.23,-0001.15,-0008.04
+1580686934.64,+0000.00,+0013.67,+0021.48,-0001.68,+0000.69,-0008.58
+1580686934.64,-0000.98,+0013.67,+0020.51,+0000.15,-0000.77,-0010.64
+1580686934.65,-0001.95,+0012.70,+0019.53,-0001.07,-0002.07,-0010.64
+1580686934.65,+0000.98,+0012.70,+0019.53,-0000.77,+0001.68,-0011.56
+1580686934.66,-0004.88,+0011.72,+0018.55,-0000.38,-0000.77,-0009.88
+1580686934.66,-0003.91,+0010.74,+0017.58,-0001.53,-0000.69,-0009.95
+1580686934.67,-0003.91,+0010.74,+0016.60,-0001.30,+0000.00,-0010.57
+1580686934.67,-0004.88,+0009.77,+0015.62,+0000.54,+0000.23,-0009.11
+1580686934.68,-0005.86,+0008.79,+0014.65,-0001.00,+0000.54,-0010.95
+1580686934.68,-0005.86,+0008.79,+0013.67,-0002.07,-0001.38,-0008.27
+1580686934.69,-0003.91,+0007.81,+0012.70,-0000.77,-0000.23,-0009.65
+1580686934.69,-0005.86,+0007.81,+0011.72,-0000.15,-0000.61,-0009.11
+1580686934.70,-0006.84,+0006.84,+0010.74,-0001.15,-0000.31,-0010.87
+1580686934.70,-0002.93,+0006.84,+0010.74,-0001.23,-0000.46,-0011.18
+1580686934.71,-0002.93,+0006.84,+0009.77,-0001.45,+0000.38,-0012.10
+1580686934.71,-0002.93,+0006.84,+0009.77,-0000.84,-0000.15,-0012.17
+1580686934.72,-0001.95,+0007.81,+0008.79,-0001.38,-0001.91,-0010.80
+1580686934.72,+0000.00,+0006.84,+0007.81,-0000.23,+0000.61,-0010.11
+1580686934.73,-0002.93,+0006.84,+0007.81,-0000.46,-0000.31,-0010.34
+1580686934.73,-0000.98,+0006.84,+0007.81,+0000.23,-0002.14,-0010.41
+1580686934.74,+0001.95,+0005.86,+0007.81,+0000.92,-0001.00,-0012.40
+1580686934.74,+0001.95,+0006.84,+0007.81,+0000.31,+0001.53,-0016.54
+1580686934.75,-0001.95,+0007.81,+0007.81,-0000.69,-0006.20,-0017.23
+1580686934.75,+0023.44,+0004.88,+0008.79,-0003.22,-0011.64,+0011.10
+1580686934.76,-0005.86,+0008.79,+0006.84,-0010.87,-0007.81,-0005.82
+1580686934.76,-0012.70,+0002.93,+0006.84,+0011.41,-0005.05,-0013.78
+1580686934.77,+0016.60,+0009.77,+0006.84,-0012.94,-0000.08,-0019.14
+1580686934.77,+0006.84,+0003.91,+0006.84,+0008.73,+0003.22,-0009.03
+1580686934.78,-0003.91,+0009.77,+0007.81,-0003.06,-0002.53,-0009.34
+1580686934.78,+0000.98,+0004.88,+0008.79,+0002.30,-0004.44,-0009.49
+1580686934.78,+0010.74,+0006.84,+0008.79,+0001.38,+0002.07,-0008.58
+1580686934.79,+0001.95,+0006.84,+0007.81,-0000.92,-0003.14,-0004.52
+1580686934.79,+0000.98,+0006.84,+0006.84,-0001.91,+0000.38,-0009.26
+1580686934.80,+0000.98,+0005.86,+0007.81,-0000.38,-0001.15,-0010.03
+1580686934.80,+0005.86,+0005.86,+0006.84,-0000.54,-0003.52,-0007.58
+1580686934.81,+0000.98,+0006.84,+0006.84,-0000.54,-0000.38,-0009.57
+1580686934.81,-0001.95,+0006.84,+0006.84,-0000.46,-0003.14,-0008.96
+1580686934.82,+0001.95,+0005.86,+0006.84,+0000.92,-0001.00,-0010.03
+1580686934.82,-0001.95,+0005.86,+0006.84,-0000.23,-0000.69,-0006.81
+1580686934.83,-0005.86,+0006.84,+0005.86,-0000.38,-0000.84,-0012.17
+1580686934.83,-0002.93,+0005.86,+0006.84,-0000.46,+0000.00,-0013.78
+1580686934.84,+0000.98,+0006.84,+0006.84,-0000.15,-0002.83,-0014.39
+1580686934.84,-0001.95,+0006.84,+0006.84,+0000.54,-0000.15,-0009.80
+1580686934.85,-0005.86,+0006.84,+0006.84,-0001.38,-0002.91,-0007.73
+1580686934.85,-0002.93,+0006.84,+0005.86,-0001.61,-0002.53,-0007.66
+1580686934.86,-0002.93,+0005.86,+0004.88,+0000.31,-0001.53,-0006.81
+1580686934.86,-0003.91,+0006.84,+0003.91,-0000.15,-0001.84,-0008.42
+1580686934.87,-0002.93,+0006.84,+0004.88,+0000.31,-0002.37,-0009.34
+1580686934.87,-0000.98,+0005.86,+0004.88,-0000.23,-0002.14,-0008.96
+1580686934.88,-0002.93,+0006.84,+0005.86,+0000.23,-0001.68,-0010.49
+1580686934.88,-0001.95,+0005.86,+0004.88,+0000.15,-0001.68,-0010.34
+1580686934.89,-0000.98,+0006.84,+0004.88,-0000.08,-0000.23,-0012.79
+1580686934.89,+0000.00,+0006.84,+0004.88,+0001.07,-0002.37,-0011.94
+1580686934.90,+0000.98,+0005.86,+0004.88,-0000.77,-0000.61,-0011.64
+1580686934.90,+0001.95,+0006.84,+0004.88,+0000.38,-0001.45,-0010.03
+1580686934.91,+0000.98,+0006.84,+0004.88,+0000.38,+0000.08,-0009.03
+1580686934.91,-0002.93,+0005.86,+0004.88,+0000.77,-0001.99,-0009.11
+1580686934.92,+0000.98,+0006.84,+0004.88,+0001.00,-0000.61,-0010.41
+1580686934.92,+0000.98,+0005.86,+0004.88,+0001.07,+0000.54,-0011.48
+1580686934.93,-0000.98,+0005.86,+0004.88,-0000.38,-0001.76,-0012.40
+1580686934.93,+0000.98,+0005.86,+0005.86,+0000.08,-0001.91,-0011.87
+1580686934.94,+0003.91,+0005.86,+0004.88,+0001.00,-0002.30,-0010.26
+1580686934.94,+0003.91,+0005.86,+0004.88,-0000.08,-0000.15,-0010.49
+1580686934.95,+0001.95,+0004.88,+0004.88,-0000.46,-0000.92,-0010.80
+1580686934.95,+0000.98,+0004.88,+0003.91,-0000.23,-0000.61,-0012.10
+1580686934.96,+0002.93,+0004.88,+0003.91,+0000.00,-0000.61,-0011.71
+1580686934.96,+0002.93,+0004.88,+0003.91,+0000.54,-0000.54,-0011.25
+1580686934.97,+0000.98,+0004.88,+0004.88,-0000.23,-0000.46,-0012.10
+1580686934.97,+0000.98,+0004.88,+0004.88,+0000.92,-0000.54,-0011.56
+1580686934.98,+0002.93,+0004.88,+0005.86,+0000.92,+0000.08,-0011.94
+1580686934.98,+0001.95,+0003.91,+0005.86,+0000.46,-0001.07,-0008.88
+1580686934.99,+0001.95,+0004.88,+0005.86,-0001.00,-0000.84,-0008.27
+1580686934.99,+0001.95,+0004.88,+0004.88,+0001.30,-0001.61,-0006.74
+1580686935.00,+0000.00,+0004.88,+0004.88,+0000.00,+0000.54,-0008.42
+1580686935.00,+0000.98,+0004.88,+0005.86,+0000.23,-0001.91,-0007.58
+1580686935.01,+0000.98,+0004.88,+0005.86,-0000.54,-0000.08,-0009.11
+1580686935.01,+0000.98,+0004.88,+0005.86,+0000.38,-0000.54,-0007.27
+1580686935.02,+0000.00,+0005.86,+0005.86,-0001.23,-0001.15,-0010.26
+1580686935.02,+0000.00,+0004.88,+0005.86,+0000.15,+0000.23,-0011.64
+1580686935.03,-0000.98,+0005.86,+0005.86,+0000.00,-0001.76,-0012.48
+1580686935.03,+0001.95,+0005.86,+0005.86,+0000.92,-0001.84,-0009.19
+1580686935.04,-0000.98,+0006.84,+0004.88,-0001.84,+0002.30,-0013.70
+1580686935.04,-0007.81,+0006.84,+0005.86,+0000.77,-0006.43,-0011.79
+1580686935.05,+0016.60,+0005.86,+0005.86,-0001.91,-0005.97,+0008.65
+1580686935.05,-0019.53,+0006.84,+0002.93,-0007.50,-0010.41,-0003.60
+1580686935.06,-0013.67,+0003.91,+0004.88,+0014.16,-0003.75,-0016.31
+1580686935.06,+0008.79,+0009.77,+0003.91,-0011.64,-0000.38,-0018.60
+1580686935.07,+0000.00,+0003.91,+0004.88,+0005.82,+0001.07,-0001.15
+1580686935.07,-0009.77,+0007.81,+0004.88,-0002.14,-0003.90,-0006.81
+1580686935.08,-0001.95,+0004.88,+0005.86,+0002.68,-0005.36,-0010.03
+1580686935.08,+0006.84,+0006.84,+0004.88,-0001.68,+0001.23,-0009.26
+1580686935.09,-0001.95,+0005.86,+0003.91,+0000.15,-0003.52,-0008.50
+1580686935.09,+0000.00,+0006.84,+0003.91,-0001.15,-0000.46,-0011.33
+1580686935.10,+0002.93,+0005.86,+0003.91,+0000.54,-0003.52,-0011.79
+1580686935.10,+0005.86,+0006.84,+0003.91,+0000.15,-0001.23,-0009.95
+1580686935.11,+0001.95,+0007.81,+0003.91,-0000.31,-0000.46,-0010.80
+1580686935.11,+0000.98,+0007.81,+0004.88,+0000.38,-0001.53,-0010.18
+1580686935.12,+0003.91,+0007.81,+0004.88,+0000.84,-0000.15,-0010.64
+1580686935.12,+0001.95,+0008.79,+0004.88,+0000.92,-0000.38,-0009.57
+1580686935.13,+0000.00,+0008.79,+0005.86,+0000.31,-0000.54,-0011.41
+1580686935.13,+0003.91,+0008.79,+0005.86,+0000.92,-0001.61,-0011.71
+1580686935.14,+0002.93,+0008.79,+0005.86,+0001.00,+0000.23,-0012.17
+1580686935.14,-0003.91,+0008.79,+0005.86,+0001.00,-0000.92,-0008.27
+1580686935.15,-0001.95,+0008.79,+0005.86,-0000.15,-0000.31,-0011.41
+1580686935.15,-0001.95,+0008.79,+0005.86,+0001.61,+0000.77,-0010.87
+1580686935.16,+0000.00,+0009.77,+0005.86,-0000.08,+0000.31,-0009.42
+1580686935.16,-0003.91,+0008.79,+0006.84,+0000.00,+0000.15,-0009.26
+1580686935.17,-0004.88,+0009.77,+0006.84,-0000.23,-0001.61,-0008.27
+1580686935.17,-0001.95,+0008.79,+0005.86,-0001.07,-0000.84,-0009.19
+1580686935.18,-0003.91,+0009.77,+0005.86,+0000.00,-0000.92,-0006.74
+1580686935.18,-0006.84,+0009.77,+0004.88,-0000.38,+0000.00,-0008.27
+1580686935.19,-0006.84,+0008.79,+0004.88,-0000.38,-0000.84,-0008.12
+1580686935.19,-0005.86,+0009.77,+0004.88,-0001.45,+0000.08,-0011.25
+1580686935.20,-0007.81,+0008.79,+0003.91,-0000.23,+0000.46,-0011.71
+1580686935.20,-0007.81,+0008.79,+0003.91,-0000.08,-0001.30,-0012.71
+1580686935.21,-0003.91,+0008.79,+0002.93,-0001.45,-0001.53,-0012.40
+1580686935.21,-0004.88,+0007.81,+0001.95,-0001.45,-0001.23,-0010.34
+1580686935.22,-0008.79,+0007.81,+0001.95,-0001.15,-0000.92,-0009.26
+1580686935.22,-0005.86,+0007.81,+0000.98,-0000.54,-0001.38,-0008.80
+1580686935.23,-0003.91,+0005.86,+0000.00,-0000.69,-0000.92,-0010.26
+1580686935.23,-0003.91,+0005.86,-0000.98,-0001.53,-0002.07,-0011.18
+1580686935.24,-0003.91,+0005.86,-0000.98,-0001.68,-0000.77,-0012.86
+1580686935.24,-0000.98,+0004.88,-0001.95,-0001.00,-0001.76,-0010.26
+1580686935.25,-0001.95,+0002.93,-0002.93,-0001.61,+0000.31,-0009.34
+1580686935.25,-0004.88,+0002.93,-0003.91,-0000.84,-0001.23,-0006.89
+1580686935.26,-0003.91,+0001.95,-0004.88,-0000.15,-0000.08,-0008.80
+1580686935.26,-0003.91,+0000.98,-0005.86,+0000.23,-0000.77,-0009.57
+1580686935.27,-0003.91,+0000.98,-0005.86,-0000.46,+0000.00,-0010.26
+1580686935.27,-0004.88,+0000.00,-0005.86,-0001.68,-0000.61,-0012.25
+1580686935.28,-0004.88,-0001.95,-0006.84,-0000.23,-0000.23,-0011.56
+1580686935.28,-0003.91,-0001.95,-0007.81,-0000.84,+0000.46,-0010.72
+1580686935.29,-0004.88,-0002.93,-0008.79,-0001.30,+0000.23,-0009.65
+1580686935.29,-0005.86,-0003.91,-0009.77,-0002.22,-0001.00,-0009.95
+1580686935.30,-0004.88,-0004.88,-0010.74,-0001.76,-0000.08,-0010.72
+1580686935.30,-0005.86,-0005.86,-0010.74,-0001.68,-0001.00,-0011.64
+1580686935.31,-0003.91,-0006.84,-0011.72,-0001.45,-0001.99,-0011.10
+1580686935.31,-0001.95,-0006.84,-0012.70,-0000.84,-0000.15,-0010.41
+1580686935.32,-0001.95,-0006.84,-0012.70,-0001.61,+0000.54,-0010.72
+1580686935.32,-0002.93,-0006.84,-0012.70,-0001.53,-0002.45,-0009.03
+1580686935.33,+0000.00,-0006.84,-0012.70,+0000.08,-0001.91,-0008.73
+1580686935.33,-0000.98,-0005.86,-0012.70,-0000.61,+0000.23,-0017.07
+1580686935.34,+0000.98,-0004.88,-0012.70,-0002.22,-0016.46,+0007.43
+1580686935.34,+0017.58,-0005.86,-0012.70,+0007.89,+0018.99,-0018.83
+1580686935.35,-0025.39,-0005.86,-0013.67,-0009.19,-0000.23,-0018.30
+1580686935.35,+0009.77,-0003.91,-0010.74,+0001.76,-0001.15,-0021.90
+1580686935.36,+0017.58,-0004.88,-0011.72,-0001.76,-0001.30,-0008.42
+1580686935.36,+0001.95,-0003.91,-0011.72,+0006.28,+0001.76,+0000.31
+1580686935.37,-0004.88,-0000.98,-0010.74,+0004.06,-0003.90,-0009.42
+1580686935.37,+0007.81,-0001.95,-0008.79,+0001.84,-0002.37,-0007.50
+1580686935.38,+0011.72,-0000.98,-0008.79,+0001.00,+0002.76,-0007.66
+1580686935.38,+0001.95,+0001.95,-0007.81,+0002.53,-0001.45,-0006.97
+1580686935.39,+0001.95,+0001.95,-0006.84,+0001.99,-0001.07,-0011.64
+1580686935.39,+0008.79,+0002.93,-0004.88,+0001.07,-0002.22,-0010.87
+1580686935.40,+0008.79,+0003.91,-0004.88,+0001.00,+0000.61,-0009.19
+1580686935.40,+0000.00,+0004.88,-0004.88,+0001.23,+0001.00,-0006.81
+1580686935.41,-0002.93,+0004.88,-0004.88,+0001.99,-0000.92,-0011.41
+1580686935.41,-0000.98,+0003.91,-0003.91,-0000.77,+0001.45,-0008.88
+1580686935.42,-0001.95,+0004.88,-0003.91,+0001.23,+0000.08,-0011.18
+1580686935.42,-0004.88,+0005.86,-0003.91,+0000.46,-0000.84,-0014.01
+1580686935.43,-0001.95,+0004.88,-0002.93,+0000.00,-0003.60,-0012.56
+1580686935.43,+0000.00,+0004.88,-0003.91,+0000.23,+0000.00,-0009.19
+1580686935.44,-0004.88,+0004.88,-0003.91,+0000.15,+0000.38,-0005.59
+1580686935.44,-0009.77,+0004.88,-0004.88,-0000.54,-0000.84,-0011.33
+1580686935.45,-0004.88,+0004.88,-0004.88,+0000.46,-0002.30,-0010.49
+1580686935.45,-0000.98,+0004.88,-0004.88,-0001.76,+0000.61,-0012.48
+1580686935.46,-0004.88,+0004.88,-0004.88,-0000.23,-0003.45,-0008.80
+1580686935.46,-0002.93,+0004.88,-0004.88,-0000.46,-0001.84,-0009.57
+1580686935.47,+0000.00,+0003.91,-0004.88,-0000.92,-0002.07,-0008.58
+1580686935.47,+0000.98,+0003.91,-0005.86,-0000.31,-0002.60,-0006.89
+1580686935.48,-0000.98,+0003.91,-0006.84,-0001.15,-0001.30,-0009.65
+1580686935.48,-0000.98,+0002.93,-0006.84,-0001.68,-0001.91,-0010.72
+1580686935.49,+0002.93,+0002.93,-0007.81,-0000.15,-0001.45,-0011.41
+1580686935.49,+0002.93,+0002.93,-0007.81,-0001.07,-0001.45,-0012.63
+1580686935.50,+0001.95,+0001.95,-0007.81,-0001.00,-0002.14,-0012.63
+1580686935.50,+0005.86,+0001.95,-0008.79,-0000.38,-0002.99,-0012.33
+1580686935.51,+0004.88,+0000.98,-0008.79,-0001.30,-0000.46,-0012.40
+1580686935.51,+0003.91,+0000.98,-0009.77,-0001.38,-0001.53,-0011.79
+1580686935.52,+0005.86,+0000.00,-0009.77,-0001.15,+0000.61,-0013.63
+1580686935.52,+0006.84,+0000.00,-0010.74,-0001.07,-0002.07,-0012.48
+1580686935.53,+0008.79,-0000.98,-0010.74,-0001.07,+0000.23,-0011.03
+1580686935.53,+0005.86,-0000.98,-0010.74,-0001.23,-0001.84,-0008.80
+1580686935.54,+0008.79,-0001.95,-0011.72,-0000.15,-0002.68,-0005.90
+1580686935.54,+0008.79,-0002.93,-0011.72,-0001.99,+0001.15,-0006.28
+1580686935.55,+0003.91,-0002.93,-0010.74,-0000.08,-0000.77,-0005.28
+1580686935.55,+0004.88,-0002.93,-0010.74,+0001.38,+0000.31,-0007.27
+1580686935.56,+0001.95,-0004.88,-0009.77,-0000.23,+0000.46,-0009.03
+1580686935.56,+0000.00,-0005.86,-0009.77,+0001.07,+0002.07,-0011.56
+1580686935.57,-0002.93,-0006.84,-0009.77,+0001.23,-0000.69,-0012.02
+1580686935.57,-0000.98,-0007.81,-0009.77,+0002.22,+0000.23,-0010.41
+1580686935.58,-0001.95,-0007.81,-0008.79,+0001.91,+0001.30,-0011.48
+1580686935.58,-0006.84,-0008.79,-0007.81,+0002.83,+0001.38,-0008.96
+1580686935.59,-0008.79,-0009.77,-0006.84,-0000.38,+0000.54,-0008.96
+1580686935.59,-0007.81,-0010.74,-0006.84,+0001.68,-0000.15,-0007.96
+1580686935.60,-0008.79,-0010.74,-0005.86,+0001.53,+0001.07,-0010.95
+1580686935.60,-0009.77,-0011.72,-0004.88,+0002.37,-0001.30,-0010.34
+1580686935.61,-0004.88,-0011.72,-0003.91,+0000.23,-0001.53,-0010.26
+1580686935.61,-0005.86,-0012.70,-0002.93,+0001.99,-0001.07,-0009.49
+1580686935.62,-0008.79,-0012.70,-0001.95,+0002.68,+0002.22,-0014.32
+1580686935.62,-0009.77,-0011.72,-0000.98,+0000.69,-0004.59,-0016.77
+1580686935.63,+0012.70,-0013.67,+0000.00,+0000.61,-0009.19,+0007.73
+1580686935.63,-0014.65,-0010.74,-0001.95,-0006.12,-0011.56,-0008.04
+1580686935.64,-0011.72,-0013.67,+0001.95,+0015.62,-0003.37,-0014.93
+1580686935.64,+0012.70,-0005.86,+0002.93,-0012.25,-0000.77,-0019.98
+1580686935.65,+0000.98,-0011.72,+0003.91,+0009.72,-0000.61,-0003.45
+1580686935.65,-0001.95,-0002.93,+0006.84,-0000.23,-0003.98,-0005.82
+1580686935.66,+0003.91,-0007.81,+0008.79,+0004.44,-0001.99,-0011.48
+1580686935.66,+0007.81,-0003.91,+0009.77,+0002.22,-0001.15,-0005.97
+1580686935.67,+0002.93,-0002.93,+0010.74,+0002.37,-0002.45,-0008.27
+1580686935.67,+0002.93,+0000.00,+0012.70,+0001.15,-0002.45,-0009.19
+1580686935.68,+0006.84,+0000.00,+0013.67,+0005.05,+0000.77,-0011.25
+1580686935.68,+0003.91,+0001.95,+0014.65,+0000.54,-0000.92,-0010.64
+1580686935.69,+0001.95,+0001.95,+0016.60,+0001.68,-0001.84,-0009.03
+1580686935.69,+0003.91,+0002.93,+0017.58,+0002.07,+0001.68,-0011.56
+1580686935.70,+0001.95,+0004.88,+0018.55,+0002.37,-0001.45,-0011.94
+1580686935.70,+0002.93,+0003.91,+0018.55,+0001.53,+0001.45,-0010.57
+1580686935.71,-0001.95,+0005.86,+0018.55,+0000.84,-0000.61,-0008.27
+1580686935.71,-0002.93,+0005.86,+0017.58,+0001.99,-0000.46,-0008.96
+1580686935.72,-0001.95,+0006.84,+0017.58,-0000.46,+0000.46,-0008.96
+1580686935.72,-0004.88,+0006.84,+0017.58,+0000.38,+0000.23,-0009.19
+1580686935.73,-0007.81,+0006.84,+0016.60,-0000.54,+0001.45,-0010.95
+1580686935.73,-0009.77,+0005.86,+0016.60,+0000.31,-0000.92,-0010.26
+1580686935.74,-0006.84,+0006.84,+0015.62,+0000.69,+0000.54,-0010.41
+1580686935.74,-0005.86,+0007.81,+0014.65,-0000.69,-0000.77,-0009.03
+1580686935.75,-0006.84,+0007.81,+0013.67,-0000.61,-0000.54,-0010.57
+1580686935.75,-0006.84,+0006.84,+0012.70,-0002.14,-0000.31,-0011.18
+1580686935.76,-0003.91,+0007.81,+0011.72,-0001.07,-0000.54,-0009.88
+1580686935.76,-0004.88,+0008.79,+0010.74,-0001.68,+0000.31,-0008.50
+1580686935.77,-0004.88,+0009.77,+0009.77,-0001.53,-0002.53,-0009.34
+1580686935.77,-0001.95,+0010.74,+0008.79,+0000.31,-0001.61,-0010.72
+1580686935.78,+0000.00,+0010.74,+0007.81,-0000.77,-0000.46,-0012.56
+1580686935.78,+0001.95,+0011.72,+0006.84,-0001.07,-0001.99,-0013.40
+1580686935.79,+0002.93,+0012.70,+0006.84,-0000.84,-0002.45,-0012.40
+1580686935.79,+0003.91,+0013.67,+0005.86,-0001.15,-0001.38,-0011.33
+1580686935.80,+0004.88,+0014.65,+0004.88,-0001.53,-0001.68,-0010.57
+1580686935.80,+0007.81,+0014.65,+0003.91,-0001.00,-0001.38,-0009.57
+1580686935.81,+0007.81,+0016.60,+0002.93,-0001.45,-0001.00,-0010.34
+1580686935.81,+0005.86,+0017.58,+0001.95,-0000.92,-0002.30,-0010.41
+1580686935.82,+0007.81,+0017.58,+0001.95,-0000.31,-0000.46,-0009.26
+1580686935.82,+0007.81,+0017.58,+0000.98,-0001.00,+0000.38,-0009.19
+1580686935.83,+0002.93,+0017.58,+0000.00,-0000.46,-0000.15,-0008.42
+1580686935.83,+0004.88,+0018.55,+0000.00,-0000.46,+0000.31,-0008.58
+1580686935.84,+0003.91,+0017.58,-0000.98,-0001.23,+0002.22,-0010.80
+1580686935.84,+0000.98,+0017.58,-0002.93,-0001.84,-0000.08,-0011.41
+1580686935.85,+0000.98,+0016.60,-0003.91,-0001.61,+0001.53,-0014.16
+1580686935.85,+0001.95,+0015.62,-0004.88,-0001.38,+0000.23,-0013.40
+1580686935.86,+0001.95,+0015.62,-0005.86,-0000.77,+0001.38,-0013.78
+1580686935.86,+0000.98,+0014.65,-0006.84,-0001.45,-0001.00,-0009.65
+1580686935.87,+0002.93,+0014.65,-0007.81,-0001.23,+0001.07,-0010.49
+1580686935.87,+0003.91,+0013.67,-0008.79,-0001.15,-0000.46,-0008.88
+1580686935.88,+0006.84,+0013.67,-0009.77,-0000.77,-0001.61,-0005.44
+1580686935.88,+0003.91,+0012.70,-0010.74,-0002.76,-0000.08,-0007.96
+1580686935.89,+0001.95,+0011.72,-0011.72,-0001.00,-0001.45,-0008.73
+1580686935.89,+0004.88,+0011.72,-0012.70,-0002.14,+0002.76,-0014.47
+1580686935.90,+0011.72,+0009.77,-0013.67,-0001.68,-0000.77,+0005.36
+1580686935.90,+0007.81,+0009.77,-0016.60,-0002.22,+0014.47,-0026.57
+1580686935.91,-0017.58,+0006.84,-0016.60,-0009.11,-0016.08,-0002.53
+1580686935.91,+0021.48,+0011.72,-0014.65,+0016.84,+0004.67,-0016.69
+1580686935.92,+0012.70,+0002.93,-0017.58,+0005.67,+0001.68,+0001.30
+1580686935.92,+0000.98,+0006.84,-0018.55,-0001.61,+0000.38,-0009.95
+1580686935.93,-0002.93,+0005.86,-0018.55,-0002.53,-0002.22,-0012.63
+1580686935.93,+0008.79,+0003.91,-0018.55,-0004.06,+0002.30,-0012.17
+1580686935.94,+0007.81,+0000.00,-0020.51,-0000.08,+0001.61,-0012.94
+1580686935.94,-0000.98,+0003.91,-0022.46,-0002.60,-0001.53,-0009.42
+1580686935.95,+0000.98,+0000.98,-0022.46,-0003.06,+0000.15,-0011.94
+1580686935.95,+0002.93,-0001.95,-0023.44,-0002.60,-0000.69,-0009.49
+1580686935.96,+0002.93,-0000.98,-0023.44,+0000.77,+0001.23,-0010.18
+1580686935.96,-0000.98,-0000.98,-0024.41,-0003.29,-0001.45,-0009.88
+1580686935.97,+0000.98,-0002.93,-0024.41,-0001.45,+0001.15,-0007.27
+1580686935.97,+0000.00,-0002.93,-0025.39,-0002.45,-0002.30,-0005.97
+1580686935.98,+0000.98,-0002.93,-0026.37,-0000.15,+0000.15,-0008.19
+1580686935.98,-0000.98,-0004.88,-0026.37,-0002.91,+0001.99,-0012.94
+1580686935.99,+0000.00,-0005.86,-0027.34,-0002.14,-0000.54,-0014.24
+1580686935.99,-0002.93,-0005.86,-0028.32,-0000.69,+0002.07,-0014.24
+1580686936.00,-0004.88,-0005.86,-0028.32,-0001.07,-0002.37,-0012.86
+1580686936.00,+0001.95,-0006.84,-0028.32,-0000.15,+0000.38,-0004.67
+1580686936.01,+0000.00,-0006.84,-0029.30,-0001.99,+0002.45,-0006.43
+1580686936.01,-0008.79,-0006.84,-0028.32,-0001.15,-0000.92,-0007.89
+1580686936.02,-0004.88,-0006.84,-0028.32,-0000.31,-0001.99,-0009.11
+1580686936.02,-0000.98,-0008.79,-0028.32,-0000.46,+0000.46,-0010.11
+1580686936.03,-0004.88,-0008.79,-0028.32,-0000.31,-0001.23,-0010.18
+1580686936.03,-0005.86,-0008.79,-0027.34,-0001.99,-0000.38,-0012.71
+1580686936.04,-0000.98,-0009.77,-0027.34,-0001.84,-0001.99,-0010.34
+1580686936.04,+0000.98,-0010.74,-0028.32,-0001.68,-0000.46,-0010.26
+1580686936.05,-0002.93,-0010.74,-0028.32,-0001.84,-0001.84,-0009.42
+1580686936.05,-0000.98,-0010.74,-0028.32,-0002.30,-0000.92,-0009.88
+1580686936.06,-0000.98,-0012.70,-0029.30,-0002.07,-0002.99,-0011.41
+1580686936.06,+0001.95,-0012.70,-0029.30,+0000.54,+0000.31,-0009.95
+1580686936.07,+0000.00,-0012.70,-0029.30,-0002.68,-0001.76,-0011.64
+1580686936.07,-0000.98,-0013.67,-0029.30,-0000.23,-0000.61,-0009.88
+1580686936.08,+0000.98,-0014.65,-0029.30,-0000.92,-0000.77,-0009.65
+1580686936.08,+0000.00,-0015.62,-0028.32,+0000.23,-0003.37,-0007.73
+1580686936.09,+0002.93,-0015.62,-0028.32,-0000.84,-0001.15,-0006.74
+1580686936.09,-0001.95,-0017.58,-0028.32,-0000.38,-0000.84,-0007.89
+1580686936.10,-0002.93,-0018.55,-0028.32,-0001.00,-0001.15,-0009.26
+1580686936.10,-0000.98,-0020.51,-0029.30,-0000.92,-0001.45,-0011.41
+1580686936.11,-0000.98,-0021.48,-0029.30,-0001.00,-0000.61,-0011.48
+1580686936.11,-0002.93,-0022.46,-0029.30,-0000.08,-0001.99,-0010.49
+1580686936.12,-0001.95,-0023.44,-0029.30,-0002.22,-0001.53,-0007.89
+1580686936.12,-0002.93,-0025.39,-0030.27,-0001.68,-0000.15,-0008.27
+1580686936.13,-0006.84,-0026.37,-0030.27,-0000.61,-0001.38,-0009.11
+1580686936.13,-0002.93,-0027.34,-0030.27,-0000.31,-0001.00,-0010.11
+1580686936.14,-0005.86,-0027.34,-0030.27,-0001.84,-0000.69,-0011.64
+1580686936.14,-0006.84,-0029.30,-0030.27,-0001.00,+0001.00,-0012.10
+1580686936.15,-0005.86,-0029.30,-0030.27,-0002.14,-0002.07,-0011.48
+1580686936.15,-0003.91,-0031.25,-0029.30,-0001.53,-0000.61,-0010.26
+1580686936.16,-0006.84,-0030.27,-0029.30,-0001.68,+0000.92,-0013.48
+1580686936.16,-0007.81,-0031.25,-0029.30,+0000.92,-0002.53,-0010.95
+1580686936.17,-0001.95,-0031.25,-0028.32,-0001.07,-0000.46,-0009.88
+1580686936.17,-0003.91,-0031.25,-0028.32,+0001.07,-0001.07,-0008.80
+1580686936.18,-0005.86,-0028.32,-0026.37,+0000.61,+0001.84,-0013.40
+1580686936.18,+0011.72,-0030.27,-0025.39,+0002.99,+0005.82,+0000.92
+1580686936.19,-0009.77,-0027.34,-0026.37,-0004.36,+0008.96,-0024.58
+1580686936.19,-0016.60,-0031.25,-0023.44,-0001.91,-0013.93,-0006.05
+1580686936.20,+0016.60,-0024.41,-0022.46,-0010.64,-0003.45,-0014.47
+1580686936.20,+0006.84,-0030.27,-0021.48,+0006.89,+0002.99,-0000.08
+1580686936.21,-0005.86,-0020.51,-0020.51,-0004.06,-0002.22,-0014.85
+1580686936.21,+0000.00,-0026.37,-0017.58,+0003.45,-0005.36,-0009.19
+1580686936.22,+0012.70,-0023.44,-0015.62,-0001.38,+0001.99,-0009.34
+1580686936.22,+0005.86,-0022.46,-0014.65,+0003.98,-0001.38,-0008.88
+1580686936.23,+0003.91,-0018.55,-0012.70,+0000.15,-0001.76,-0010.34
+1580686936.23,+0005.86,-0020.51,-0010.74,+0001.99,-0002.45,-0011.87
+1580686936.24,+0010.74,-0018.55,-0008.79,+0001.23,+0000.15,-0011.03
+1580686936.24,+0005.86,-0016.60,-0007.81,+0002.53,-0000.23,-0009.80
+1580686936.25,+0001.95,-0015.62,-0006.84,+0000.77,-0000.84,-0007.96
+1580686936.25,+0004.88,-0013.67,-0003.91,+0003.68,-0002.53,-0006.66
+1580686936.26,+0005.86,-0012.70,-0001.95,+0001.30,+0002.45,-0005.36
+1580686936.26,+0002.93,-0011.72,+0000.00,+0003.22,-0001.38,-0005.90
+1580686936.27,-0001.95,-0009.77,+0002.93,+0001.53,+0001.68,-0007.96
+1580686936.27,-0003.91,-0009.77,+0003.91,+0000.54,-0000.31,-0010.26
+1580686936.28,-0000.98,-0008.79,+0004.88,+0001.30,+0000.23,-0013.32
+1580686936.28,-0001.95,-0007.81,+0005.86,+0000.54,+0001.84,-0010.95
+1580686936.29,-0008.79,-0007.81,+0006.84,+0000.46,+0001.68,-0014.09
+1580686936.29,-0013.67,-0007.81,+0006.84,+0000.54,-0001.91,-0011.33
+1580686936.30,-0004.88,-0006.84,+0007.81,+0001.30,+0000.00,-0010.95
+1580686936.30,-0005.86,-0006.84,+0007.81,+0001.38,+0000.08,-0008.04
+1580686936.31,-0010.74,-0006.84,+0008.79,+0001.15,-0001.07,-0006.20
+1580686936.31,-0007.81,-0004.88,+0009.77,+0000.61,-0002.60,-0007.58
+1580686936.32,-0005.86,-0004.88,+0010.74,-0000.31,-0000.77,-0006.28
+1580686936.32,-0004.88,-0004.88,+0010.74,-0000.23,-0001.76,-0010.41
+1580686936.33,-0004.88,-0004.88,+0010.74,+0001.23,-0002.30,-0011.25
+1580686936.33,-0001.95,-0004.88,+0011.72,+0000.38,-0002.07,-0012.71
+1580686936.34,-0000.98,-0004.88,+0011.72,+0000.54,-0001.84,-0012.71
+1580686936.34,-0001.95,-0004.88,+0011.72,+0000.15,-0000.92,-0012.40
+1580686936.35,-0001.95,-0004.88,+0011.72,+0000.31,-0000.61,-0014.47
+1580686936.35,+0000.00,-0004.88,+0011.72,+0000.77,-0001.68,-0012.94
+1580686936.36,+0003.91,-0004.88,+0011.72,+0000.31,-0000.23,-0010.80
+1580686936.36,+0000.98,-0004.88,+0012.70,+0000.15,-0002.30,-0008.35
+1580686936.37,+0002.93,-0004.88,+0012.70,+0001.68,-0000.31,-0008.58
+1580686936.37,+0000.98,-0005.86,+0012.70,+0001.00,-0001.68,-0009.49
+1580686936.38,+0001.95,-0005.86,+0012.70,+0000.54,-0000.15,-0010.49
+1580686936.38,+0002.93,-0006.84,+0012.70,+0000.69,-0000.15,-0012.48
+1580686936.39,+0002.93,-0007.81,+0011.72,-0000.31,-0001.53,-0009.57
+1580686936.39,+0001.95,-0008.79,+0011.72,+0001.30,-0000.77,-0011.41
+1580686936.40,+0000.98,-0009.77,+0011.72,-0000.31,-0000.84,-0010.26
+1580686936.40,+0002.93,-0009.77,+0011.72,+0001.15,+0000.54,-0011.10
+1580686936.41,+0001.95,-0011.72,+0011.72,+0000.69,-0000.15,-0008.96
+1580686936.41,+0001.95,-0011.72,+0010.74,-0001.15,-0000.38,-0009.80
+1580686936.42,+0000.98,-0013.67,+0010.74,+0000.69,+0000.00,-0011.94
+1580686936.42,-0000.98,-0014.65,+0009.77,-0000.38,+0000.38,-0010.80
+1580686936.43,-0000.98,-0015.62,+0008.79,-0000.23,+0000.61,-0010.95
+1580686936.43,-0003.91,-0016.60,+0008.79,+0000.00,+0000.08,-0011.48
+1580686936.44,-0002.93,-0016.60,+0008.79,+0000.77,-0000.77,-0010.64
+1580686936.44,+0001.95,-0017.58,+0008.79,+0000.54,+0001.00,-0009.57
+1580686936.45,-0000.98,-0017.58,+0007.81,+0000.84,+0001.53,-0015.62
+1580686936.45,+0005.86,-0016.60,+0008.79,-0003.45,-0017.61,+0011.25
+1580686936.46,+0006.84,-0016.60,+0006.84,+0009.42,+0018.53,-0020.21
+1580686936.46,-0018.55,-0019.53,+0006.84,+0004.75,-0009.19,-0004.13
+1580686936.47,+0012.70,-0012.70,+0007.81,+0000.31,-0000.38,-0017.23
+1580686936.47,+0003.91,-0019.53,+0006.84,-0001.45,+0000.08,-0009.26
+1580686936.48,-0004.88,-0011.72,+0007.81,-0007.58,-0000.46,-0014.01
+1580686936.48,-0004.88,-0013.67,+0008.79,+0005.21,-0003.68,-0012.79
+1580686936.49,+0005.86,-0011.72,+0008.79,-0000.23,-0000.77,-0009.34
+1580686936.49,+0002.93,-0010.74,+0009.77,+0000.54,+0000.84,-0009.19
+1580686936.50,-0002.93,-0006.84,+0009.77,-0001.68,-0000.92,-0009.65
+1580686936.50,-0000.98,-0008.79,+0010.74,+0000.46,-0000.23,-0013.02
+1580686936.51,+0002.93,-0005.86,+0011.72,+0000.77,-0003.22,-0012.56
+1580686936.51,+0004.88,-0003.91,+0011.72,+0001.76,-0001.07,-0007.66
+1580686936.52,+0000.98,-0001.95,+0012.70,-0001.76,-0000.77,-0007.81
+1580686936.52,-0001.95,-0000.98,+0012.70,+0003.90,-0002.53,-0004.82
+1580686936.53,+0000.98,+0000.98,+0014.65,-0000.38,-0000.92,-0008.19
+1580686936.53,+0000.98,+0001.95,+0014.65,+0001.30,-0000.92,-0010.26
+1580686936.54,-0000.98,+0002.93,+0015.62,+0001.38,+0000.31,-0012.79
+1580686936.54,-0002.93,+0003.91,+0016.60,+0000.61,-0001.53,-0012.63
+1580686936.55,+0000.98,+0005.86,+0017.58,-0000.23,+0001.38,-0016.84
+1580686936.55,-0001.95,+0005.86,+0017.58,+0002.22,-0000.84,-0012.71
+1580686936.56,+0000.98,+0006.84,+0017.58,+0001.45,-0000.77,-0013.32
+1580686936.56,+0001.95,+0007.81,+0018.55,+0000.92,-0001.15,-0012.94
+1580686936.57,+0001.95,+0008.79,+0018.55,+0002.37,-0001.30,-0010.57
+1580686936.57,+0003.91,+0009.77,+0019.53,-0000.54,-0002.37,-0009.72
+1580686936.58,+0005.86,+0011.72,+0019.53,+0002.60,-0002.45,-0008.80
+1580686936.58,+0003.91,+0011.72,+0019.53,-0001.07,+0000.31,-0010.11
+1580686936.59,+0005.86,+0012.70,+0019.53,+0000.54,-0003.37,-0009.95
+1580686936.59,+0010.74,+0013.67,+0019.53,-0000.31,+0000.69,-0008.88
+1580686936.60,+0006.84,+0013.67,+0019.53,-0000.15,-0001.91,-0007.73
+1580686936.60,+0005.86,+0013.67,+0019.53,+0000.00,+0001.15,-0007.66
+1580686936.61,+0004.88,+0013.67,+0019.53,-0000.77,+0000.23,-0009.19
+1580686936.61,+0002.93,+0012.70,+0019.53,+0001.76,+0001.38,-0012.86
+1580686936.62,+0002.93,+0013.67,+0019.53,+0001.23,-0000.46,-0014.09
+1580686936.62,+0002.93,+0012.70,+0019.53,+0000.84,+0002.45,-0014.09
+1580686936.63,-0001.95,+0012.70,+0018.55,-0001.30,+0000.77,-0012.79
+1580686936.63,-0002.93,+0011.72,+0018.55,+0000.23,-0000.69,-0010.03
+1580686936.64,-0000.98,+0010.74,+0016.60,-0000.38,+0001.23,-0008.04
+1580686936.64,-0003.91,+0009.77,+0015.62,-0000.31,+0000.00,-0006.97
+1580686936.65,-0003.91,+0007.81,+0015.62,-0001.45,-0000.31,-0006.28
+1580686936.65,-0005.86,+0006.84,+0015.62,+0000.77,-0000.23,-0008.88
+1580686936.66,-0002.93,+0005.86,+0014.65,-0000.84,-0001.61,-0007.96
+1580686936.66,-0000.98,+0005.86,+0012.70,-0001.15,-0000.31,-0011.03
+1580686936.67,-0002.93,+0003.91,+0012.70,-0001.61,-0000.61,-0013.63
+1580686936.67,+0000.98,+0003.91,+0010.74,-0001.07,+0000.00,-0015.39
+1580686936.68,+0001.95,+0002.93,+0010.74,+0000.00,-0001.38,-0013.25
+1580686936.68,+0001.95,+0002.93,+0009.77,+0000.15,-0001.07,-0011.56
+1580686936.69,+0005.86,+0001.95,+0009.77,+0000.92,-0003.60,-0009.72
+1580686936.69,+0005.86,+0001.95,+0009.77,-0000.31,-0000.31,-0007.04
+1580686936.70,+0004.88,+0001.95,+0009.77,+0000.54,-0000.38,-0008.04
+1580686936.70,+0001.95,+0001.95,+0009.77,-0000.46,+0000.38,-0011.48
+1580686936.71,+0006.84,+0001.95,+0009.77,+0001.38,+0000.61,-0009.03
+1580686936.71,+0006.84,+0002.93,+0009.77,+0001.23,+0003.14,-0013.93
+1580686936.72,+0001.95,+0003.91,+0010.74,+0001.15,-0004.36,-0014.01
+1580686936.72,+0029.30,+0001.95,+0012.70,-0002.07,-0016.31,+0015.62
+1580686936.73,-0007.81,+0003.91,+0011.72,-0012.48,-0010.64,+0002.14
+1580686936.73,+0000.98,+0000.00,+0013.67,+0011.48,-0003.98,-0013.17
+1580686936.74,+0018.55,+0007.81,+0013.67,-0009.72,-0000.46,-0017.38
+1580686936.74,+0004.88,-0002.93,+0012.70,+0002.37,+0000.69,-0007.66
+1580686936.75,-0000.98,+0005.86,+0013.67,-0003.14,-0000.54,-0016.00
+1580686936.75,+0003.91,+0001.95,+0014.65,+0003.14,-0002.60,-0010.64
+1580686936.76,+0007.81,+0000.00,+0013.67,+0001.76,+0001.61,-0010.64
+1580686936.76,+0000.98,+0002.93,+0014.65,+0000.15,-0001.38,-0003.68
+1580686936.77,-0001.95,+0002.93,+0014.65,-0002.14,+0002.68,-0008.58
+1580686936.77,-0003.91,-0000.98,+0014.65,+0003.06,+0000.31,-0005.59
+1580686936.78,-0002.93,+0001.95,+0014.65,+0000.54,+0002.45,-0009.88
+1580686936.78,-0005.86,+0001.95,+0014.65,+0001.45,-0001.38,-0007.73
+1580686936.79,-0006.84,+0001.95,+0014.65,+0000.69,+0001.23,-0009.88
+1580686936.79,-0008.79,+0001.95,+0014.65,+0000.77,-0001.38,-0011.18
+1580686936.80,-0003.91,+0002.93,+0014.65,+0001.15,-0001.68,-0012.17
+1580686936.80,-0004.88,+0002.93,+0013.67,-0001.61,-0000.84,-0008.35
+1580686936.81,-0009.77,+0001.95,+0012.70,+0000.61,+0002.53,-0009.57
+1580686936.81,-0013.67,+0002.93,+0011.72,+0000.23,-0003.37,-0015.62
+1580686936.82,-0006.84,+0003.91,+0011.72,+0001.68,-0001.07,-0012.48
+1580686936.82,-0001.95,+0004.88,+0010.74,-0000.15,+0000.46,-0011.94
+1580686936.83,-0007.81,+0005.86,+0011.72,+0001.00,-0002.45,-0007.43
+1580686936.83,-0003.91,+0006.84,+0011.72,-0001.07,-0000.46,-0009.72
+1580686936.84,-0000.98,+0005.86,+0011.72,+0000.08,-0002.14,-0009.57
+1580686936.84,+0000.00,+0007.81,+0010.74,-0001.68,-0002.37,-0008.35
+1580686936.85,-0001.95,+0007.81,+0009.77,+0000.46,-0001.61,-0010.11
+1580686936.85,-0000.98,+0007.81,+0009.77,+0000.54,+0000.61,-0013.32
+1580686936.86,-0002.93,+0008.79,+0009.77,+0000.92,-0000.61,-0014.78
+1580686936.86,+0000.98,+0009.77,+0008.79,+0000.23,-0003.06,-0012.10
+1580686936.87,+0000.98,+0009.77,+0008.79,-0001.45,+0000.31,-0012.33
+1580686936.87,-0001.95,+0008.79,+0009.77,+0000.23,-0001.91,-0009.88
+1580686936.88,+0000.98,+0009.77,+0008.79,+0001.15,+0000.61,-0013.09
+1580686936.88,+0000.98,+0008.79,+0008.79,+0000.84,-0001.23,-0009.26
+1580686936.89,+0001.95,+0009.77,+0007.81,-0001.53,+0001.07,-0010.72
+1580686936.89,-0000.98,+0007.81,+0007.81,+0000.38,-0000.61,-0009.72
+1580686936.90,+0003.91,+0009.77,+0006.84,-0000.31,-0002.99,-0008.04
+1580686936.90,+0002.93,+0008.79,+0006.84,+0001.53,-0001.84,-0008.04
+1580686936.91,+0002.93,+0008.79,+0005.86,-0002.22,-0001.15,-0007.58
+1580686936.91,+0003.91,+0007.81,+0005.86,-0000.84,-0001.38,-0009.03
+1580686936.92,+0002.93,+0007.81,+0004.88,+0000.08,-0000.69,-0007.96
+1580686936.92,+0002.93,+0006.84,+0003.91,-0001.84,-0000.69,-0009.57
+1580686936.93,+0000.98,+0006.84,+0002.93,-0000.92,-0000.84,-0007.89
+1580686936.93,+0000.98,+0007.81,+0002.93,+0000.31,+0000.84,-0008.27
+1580686936.94,-0002.93,+0006.84,+0001.95,-0001.00,-0000.23,-0008.80
+1580686936.94,-0002.93,+0007.81,+0000.98,-0001.00,-0000.61,-0008.88
+1580686936.95,-0001.95,+0006.84,+0000.00,-0001.99,+0001.07,-0010.57
+1580686936.95,-0003.91,+0007.81,+0000.00,-0000.84,-0000.31,-0009.19
+1580686936.96,-0003.91,+0007.81,-0000.98,-0000.54,-0000.61,-0010.03
+1580686936.96,-0003.91,+0007.81,-0001.95,-0001.76,-0000.61,-0009.65
+1580686936.97,-0003.91,+0008.79,-0001.95,-0001.84,-0000.61,-0009.57
+1580686936.97,-0003.91,+0008.79,-0003.91,-0000.54,-0001.45,-0006.66
+1580686936.98,-0002.93,+0008.79,-0003.91,-0000.08,+0001.84,-0013.02
+1580686936.98,-0006.84,+0009.77,-0003.91,-0001.68,-0000.61,-0017.30
+1580686936.99,+0016.60,+0008.79,-0004.88,-0003.52,-0018.83,+0015.16
+1580686936.99,-0016.60,+0012.70,-0005.86,-0015.08,-0006.74,-0002.76
+1580686937.00,-0007.81,+0007.81,-0004.88,+0008.96,-0006.81,-0012.02
+1580686937.00,+0011.72,+0014.65,-0005.86,-0006.89,-0001.38,-0019.91
+1580686937.01,+0000.98,+0007.81,-0006.84,+0003.98,+0000.77,-0007.43
+1580686937.01,-0006.84,+0014.65,-0005.86,-0007.66,-0000.54,-0017.23
+1580686937.02,-0002.93,+0010.74,-0004.88,+0002.76,-0004.29,-0012.71
+1580686937.02,+0007.81,+0011.72,-0005.86,-0001.45,-0000.69,-0011.41
+1580686937.03,+0000.98,+0014.65,-0005.86,-0000.77,-0002.30,-0005.67
+1580686937.03,-0000.98,+0013.67,-0005.86,-0001.76,+0000.15,-0009.49
+1580686937.04,+0000.98,+0010.74,-0004.88,+0000.92,-0001.99,-0008.88
+1580686937.04,+0003.91,+0012.70,-0005.86,-0000.69,+0002.30,-0012.02
+1580686937.05,+0000.98,+0012.70,-0005.86,-0001.91,-0001.30,-0011.03
+1580686937.05,+0000.98,+0010.74,-0006.84,-0001.84,-0002.07,-0008.58
+1580686937.06,+0001.95,+0010.74,-0006.84,+0001.07,-0000.92,-0011.87
+1580686937.06,+0000.98,+0009.77,-0006.84,+0001.45,-0002.45,-0013.02
+1580686937.07,+0001.95,+0009.77,-0006.84,+0000.15,+0000.31,-0013.32
+1580686937.07,-0000.98,+0007.81,-0006.84,+0001.23,+0000.31,-0010.72
+1580686937.08,+0000.00,+0007.81,-0006.84,-0001.84,+0000.92,-0010.49
+1580686937.08,-0002.93,+0006.84,-0005.86,-0000.69,-0002.22,-0006.97
+1580686937.09,+0000.98,+0005.86,-0006.84,+0000.38,+0000.31,-0005.59
+1580686937.09,-0002.93,+0004.88,-0006.84,-0001.61,+0001.53,-0009.49
+1580686937.10,-0002.93,+0003.91,-0006.84,+0000.15,-0003.14,-0007.12
+1580686937.10,+0000.98,+0002.93,-0006.84,-0001.07,+0001.30,-0009.88
+1580686937.11,-0004.88,+0000.98,-0007.81,-0001.76,-0002.76,-0006.97
+1580686937.11,-0001.95,+0000.98,-0007.81,-0001.23,-0000.23,-0011.03
+1580686937.12,-0002.93,-0000.98,-0008.79,-0001.53,-0002.53,-0009.57
+1580686937.12,-0001.95,-0001.95,-0008.79,+0000.84,-0000.84,-0010.80
+1580686937.13,-0004.88,-0002.93,-0009.77,-0000.69,+0000.31,-0014.39
+1580686937.13,-0002.93,-0002.93,-0008.79,-0000.08,+0000.46,-0010.49
+1580686937.14,-0000.98,-0003.91,-0009.77,-0001.00,+0000.23,-0011.64
+1580686937.14,-0004.88,-0004.88,-0009.77,+0000.08,-0003.06,-0009.42
+1580686937.15,-0002.93,-0005.86,-0009.77,+0001.45,-0000.31,-0011.56
+1580686937.15,-0002.93,-0006.84,-0009.77,-0000.61,-0003.22,-0007.43
+1580686937.16,-0001.95,-0006.84,-0009.77,-0000.38,+0000.15,-0008.19
+1580686937.16,-0004.88,-0007.81,-0009.77,-0000.15,-0000.46,-0010.11
+1580686937.17,-0000.98,-0008.79,-0009.77,+0000.46,+0000.77,-0010.80
+1580686937.17,-0001.95,-0009.77,-0009.77,-0001.15,-0001.38,-0011.87
+1580686937.18,-0001.95,-0010.74,-0009.77,+0000.38,-0002.45,-0010.41
+1580686937.18,-0002.93,-0010.74,-0009.77,+0001.00,-0002.30,-0010.34
+1580686937.19,-0001.95,-0011.72,-0009.77,+0000.84,-0000.61,-0010.11
+1580686937.19,-0003.91,-0011.72,-0008.79,-0000.38,+0001.68,-0011.48
+1580686937.20,-0002.93,-0011.72,-0007.81,+0001.84,-0003.29,-0009.80
+1580686937.20,-0001.95,-0011.72,-0006.84,-0001.45,-0000.54,-0010.80
+1580686937.21,-0003.91,-0012.70,-0006.84,+0001.23,-0001.76,-0008.35
+1580686937.21,-0001.95,-0011.72,-0005.86,+0000.46,-0000.54,-0009.11
+1580686937.22,-0002.93,-0011.72,-0004.88,+0002.60,-0002.45,-0008.73
+1580686937.22,+0000.00,-0010.74,-0003.91,+0000.54,+0000.38,-0011.56
+1580686937.23,-0000.98,-0010.74,-0002.93,+0001.00,-0002.68,-0010.49
+1580686937.23,+0000.98,-0009.77,-0001.95,+0001.84,-0001.99,-0009.88
+1580686937.24,-0001.95,-0009.77,-0001.95,-0000.23,-0000.54,-0011.71
+1580686937.24,-0003.91,-0008.79,-0000.98,+0002.60,-0000.23,-0016.15
+1580686937.25,+0000.98,-0004.88,+0000.00,-0000.31,-0005.05,-0016.38
+1580686937.25,+0021.48,-0005.86,+0000.98,+0007.12,+0018.15,-0030.01
+1580686937.26,-0022.46,-0003.91,+0000.98,-0009.26,-0013.32,+0000.84
+1580686937.26,+0002.93,-0001.95,+0003.91,+0019.29,-0000.54,-0014.01
+1580686937.27,+0012.70,-0000.98,+0003.91,-0017.53,-0003.52,-0011.87
+1580686937.27,+0001.95,+0000.98,+0003.91,+0001.15,+0001.61,-0005.44
+1580686937.28,-0005.86,+0004.88,+0005.86,-0000.15,-0003.14,-0006.97
+1580686937.28,+0002.93,+0003.91,+0006.84,+0000.54,-0003.75,-0009.42
+1580686937.29,+0007.81,+0005.86,+0006.84,+0002.45,+0002.68,-0011.25
+1580686937.29,-0002.93,+0010.74,+0007.81,-0000.31,-0001.07,-0009.11
+1580686937.30,-0003.91,+0010.74,+0008.79,-0000.46,-0000.31,-0013.78
+1580686937.30,-0000.98,+0011.72,+0009.77,+0001.23,-0002.07,-0011.79
+1580686937.31,+0001.95,+0013.67,+0009.77,+0001.91,+0001.30,-0008.88
+1580686937.31,-0005.86,+0013.67,+0009.77,+0000.23,+0000.38,-0008.35
+1580686937.32,-0008.79,+0014.65,+0009.77,+0000.46,-0002.07,-0007.81
+1580686937.32,-0005.86,+0014.65,+0009.77,+0001.30,+0001.00,-0014.32
+1580686937.33,-0005.86,+0015.62,+0009.77,-0000.61,-0003.06,-0011.94
+1580686937.33,-0003.91,+0016.60,+0010.74,+0000.15,+0000.92,-0011.33
+1580686937.34,-0003.91,+0015.62,+0010.74,-0000.84,-0000.77,-0013.09
+1580686937.34,-0003.91,+0015.62,+0010.74,+0000.08,-0001.84,-0011.33
+1580686937.35,+0000.98,+0015.62,+0009.77,+0000.08,-0001.99,-0008.80
+1580686937.35,+0000.98,+0015.62,+0009.77,-0000.46,-0003.52,-0007.58
+1580686937.36,-0000.98,+0016.60,+0008.79,-0000.54,-0001.45,-0008.19
+1580686937.36,-0000.98,+0016.60,+0008.79,+0000.77,-0002.07,-0009.72
+1580686937.37,+0000.98,+0015.62,+0007.81,+0000.15,-0001.15,-0010.34
+1580686937.37,+0002.93,+0015.62,+0007.81,-0000.31,-0000.23,-0011.41
+1580686937.38,+0001.95,+0014.65,+0007.81,-0000.54,-0000.92,-0011.56
+1580686937.38,+0002.93,+0013.67,+0006.84,-0000.61,-0000.46,-0012.48
+1580686937.39,+0001.95,+0012.70,+0006.84,-0000.69,+0000.08,-0012.63
+1580686937.39,+0001.95,+0011.72,+0005.86,-0000.54,-0000.61,-0011.18
+1580686937.40,+0002.93,+0010.74,+0004.88,-0001.38,-0001.30,-0011.79
+1580686937.40,+0004.88,+0008.79,+0004.88,-0000.61,-0000.54,-0009.80
+1580686937.41,+0005.86,+0007.81,+0003.91,-0000.69,-0000.08,-0008.58
+1580686937.41,+0002.93,+0006.84,+0002.93,-0001.15,-0000.23,-0006.51
+1580686937.42,+0001.95,+0005.86,+0001.95,-0000.69,-0000.23,-0007.58
+1580686937.42,+0000.98,+0003.91,+0000.00,-0001.45,+0000.92,-0008.04
+1580686937.43,+0000.00,+0002.93,+0000.00,-0000.08,-0000.69,-0006.58
+1580686937.43,-0001.95,+0001.95,-0000.98,-0001.30,+0000.69,-0007.04
+1580686937.44,-0001.95,+0000.98,-0001.95,+0001.23,+0000.54,-0007.96
+1580686937.44,-0005.86,-0000.98,-0002.93,-0001.76,+0000.15,-0009.49
+1580686937.45,-0006.84,-0002.93,-0003.91,+0000.38,+0000.08,-0012.17
+1580686937.45,-0005.86,-0003.91,-0003.91,-0000.77,+0001.76,-0014.09
+1580686937.46,-0005.86,-0003.91,-0004.88,+0000.15,-0001.30,-0011.18
+1580686937.46,-0006.84,-0005.86,-0004.88,-0002.22,+0000.31,-0009.65
+1580686937.47,-0005.86,-0005.86,-0005.86,-0000.77,+0000.15,-0009.19
+1580686937.47,-0005.86,-0005.86,-0005.86,-0001.91,-0000.61,-0009.11
+1580686937.48,-0001.95,-0006.84,-0005.86,+0000.00,-0002.60,-0007.66
+1580686937.48,-0006.84,-0005.86,-0005.86,-0001.53,-0002.76,-0009.72
+1580686937.49,-0005.86,-0006.84,-0005.86,+0002.37,-0003.98,-0007.81
+1580686937.49,+0000.98,-0005.86,-0005.86,+0000.54,+0001.23,-0011.41
+1580686937.50,-0003.91,-0005.86,-0005.86,+0001.61,-0000.15,-0010.95
+1580686937.50,-0004.88,-0003.91,-0004.88,+0000.54,-0000.61,-0020.44
+1580686937.51,+0008.79,-0004.88,-0003.91,-0000.38,-0016.23,+0009.80
+1580686937.51,+0001.95,-0001.95,-0003.91,+0012.10,+0020.60,-0028.94
+1580686937.52,-0018.55,-0005.86,-0001.95,+0015.08,-0002.37,-0015.47
+1580686937.52,+0008.79,+0001.95,-0000.98,-0011.25,-0000.38,-0017.69
+1580686937.53,+0002.93,-0006.84,-0000.98,+0009.57,+0001.15,-0007.89
+1580686937.53,-0005.86,+0002.93,+0000.00,+0004.59,+0002.83,-0009.88
+1580686937.54,-0006.84,-0001.95,+0002.93,+0005.44,-0002.91,-0011.64
+1580686937.54,+0006.84,+0000.98,+0003.91,+0001.76,+0000.54,-0009.26
+1580686937.55,+0000.98,+0001.95,+0004.88,+0003.37,+0001.53,-0010.26
+1580686937.55,-0002.93,+0003.91,+0005.86,+0002.07,-0000.38,-0010.49
+1580686937.56,+0000.00,+0001.95,+0006.84,+0002.53,-0000.15,-0009.88
+1580686937.56,+0000.98,+0004.88,+0007.81,-0000.61,-0000.46,-0011.10
+1580686937.57,-0001.95,+0005.86,+0007.81,+0001.61,+0000.38,-0011.10
+1580686937.57,-0002.93,+0005.86,+0008.79,+0000.61,-0001.45,-0009.65
+1580686937.58,-0001.95,+0007.81,+0009.77,+0001.53,+0001.23,-0009.80
+1580686937.58,-0000.98,+0008.79,+0010.74,+0001.91,-0002.30,-0011.18
+1580686937.59,-0000.98,+0009.77,+0010.74,+0001.76,-0000.77,-0009.26
+1580686937.59,-0001.95,+0010.74,+0010.74,+0002.53,-0000.69,-0009.88
+1580686937.60,-0002.93,+0011.72,+0010.74,+0001.23,-0001.30,-0011.71
+1580686937.60,+0000.98,+0012.70,+0011.72,+0001.61,-0000.84,-0008.58
+1580686937.61,+0001.95,+0014.65,+0011.72,-0001.15,-0001.23,-0010.41
+1580686937.61,-0001.95,+0014.65,+0010.74,+0000.77,-0001.38,-0007.04
+1580686937.62,-0001.95,+0014.65,+0010.74,-0001.84,-0000.31,-0009.95
+1580686937.62,-0001.95,+0015.62,+0010.74,-0000.84,+0000.15,-0009.49
+1580686937.63,+0000.00,+0015.62,+0009.77,-0001.30,+0000.15,-0012.02
+1580686937.63,+0000.00,+0015.62,+0008.79,-0002.83,-0003.22,-0010.72
+1580686937.64,+0000.98,+0016.60,+0007.81,-0000.31,-0000.54,-0011.33
+1580686937.64,-0001.95,+0015.62,+0006.84,+0000.15,-0001.45,-0011.71
+1580686937.65,-0000.98,+0015.62,+0005.86,-0001.99,-0001.61,-0010.49
+1580686937.65,+0000.98,+0015.62,+0004.88,-0001.38,-0001.07,-0009.49
+1580686937.66,+0000.98,+0014.65,+0003.91,-0001.53,+0000.08,-0008.35
+1580686937.66,-0001.95,+0014.65,+0002.93,-0001.23,-0002.07,-0008.50
+1580686937.67,+0000.98,+0013.67,+0001.95,-0001.07,-0001.00,-0009.95
+1580686937.67,+0000.98,+0013.67,+0000.98,-0000.84,-0000.15,-0011.48
+1580686937.68,+0001.95,+0012.70,-0000.98,-0002.14,-0001.76,-0008.58
+1580686937.68,+0001.95,+0010.74,-0002.93,-0002.37,+0001.07,-0009.34
+1580686937.69,-0001.95,+0009.77,-0003.91,-0000.77,-0000.61,-0009.95
+1580686937.69,-0002.93,+0008.79,-0005.86,-0000.38,-0002.60,-0011.25
+1580686937.70,-0000.98,+0005.86,-0007.81,-0003.45,+0000.61,-0010.80
+1580686937.70,+0000.98,+0005.86,-0009.77,-0001.61,+0000.38,-0010.26
+1580686937.71,-0001.95,+0003.91,-0010.74,-0003.83,+0000.38,-0011.71
+1580686937.71,+0000.00,+0001.95,-0011.72,-0003.37,+0000.54,-0012.17
+1580686937.72,+0001.95,+0000.98,-0013.67,-0001.61,-0000.15,-0011.41
+1580686937.72,+0000.98,+0000.00,-0014.65,-0002.83,-0001.68,-0011.25
+1580686937.73,+0002.93,-0000.98,-0015.62,-0002.45,-0002.37,-0011.10
+1580686937.73,+0002.93,-0002.93,-0016.60,-0001.45,-0000.08,-0012.02
+1580686937.74,+0002.93,-0003.91,-0017.58,-0003.29,-0001.68,-0011.18
+1580686937.74,+0005.86,-0004.88,-0018.55,-0002.91,-0001.99,-0009.88
+1580686937.75,+0004.88,-0004.88,-0018.55,-0002.45,-0000.46,-0007.73
+1580686937.75,+0002.93,-0005.86,-0019.53,+0000.08,+0000.08,-0007.12
+1580686937.76,+0001.95,-0004.88,-0018.55,-0001.07,+0002.14,-0013.09
+1580686937.76,+0015.62,-0005.86,-0017.58,+0003.68,+0009.95,-0002.68
+1580686937.77,+0004.88,-0004.88,-0019.53,-0006.51,+0005.13,-0016.61
+1580686937.77,-0013.67,-0009.77,-0017.58,-0000.23,-0010.49,-0003.06
+1580686937.78,+0009.77,-0003.91,-0016.60,+0009.11,+0001.38,-0018.68
+1580686937.78,+0000.00,-0011.72,-0018.55,+0006.89,+0001.38,-0004.13
+1580686937.79,-0006.84,-0003.91,-0017.58,-0008.80,+0000.23,-0009.42
+1580686937.79,-0007.81,-0008.79,-0015.62,+0004.67,+0000.46,-0012.71
+1580686937.80,-0001.95,-0008.79,-0015.62,+0000.92,+0003.37,-0014.01
+1580686937.80,-0003.91,-0009.77,-0013.67,+0003.06,-0002.07,-0011.48
+1580686937.81,-0003.91,-0008.79,-0013.67,-0001.68,-0002.91,-0009.19
+1580686937.81,-0003.91,-0011.72,-0013.67,+0000.54,+0000.69,-0013.25
+1580686937.82,-0007.81,-0012.70,-0013.67,-0000.15,-0001.99,-0011.94
+1580686937.82,-0002.93,-0011.72,-0013.67,+0002.60,-0002.60,-0004.67
+1580686937.83,-0001.95,-0012.70,-0013.67,-0002.22,-0002.53,-0006.74
+1580686937.83,-0002.93,-0013.67,-0013.67,-0000.46,-0003.22,-0019.22
+1580686937.84,+0004.88,-0014.65,-0012.70,+0001.61,-0006.51,-0020.90
+1580686937.84,+0008.79,-0014.65,-0012.70,-0002.07,+0000.54,-0013.63
+1580686937.85,+0007.81,-0014.65,-0012.70,-0000.77,-0004.82,-0006.51
+1580686937.85,+0009.77,-0014.65,-0014.65,-0002.53,+0000.46,-0004.21
+1580686937.86,+0006.84,-0015.62,-0015.62,+0000.77,-0001.00,-0003.98
+1580686937.86,+0007.81,-0014.65,-0015.62,-0000.77,-0004.21,-0005.05
+1580686937.87,+0008.79,-0014.65,-0014.65,+0001.76,+0000.69,-0008.35
+1580686937.87,+0009.77,-0014.65,-0013.67,+0000.31,-0000.15,-0008.96
+1580686937.88,+0006.84,-0015.62,-0013.67,-0001.99,-0000.38,-0010.34
+1580686937.88,+0007.81,-0016.60,-0013.67,-0002.30,-0000.77,-0009.80
+1580686937.89,+0005.86,-0017.58,-0015.62,-0005.21,+0001.61,-0013.48
+1580686937.89,+0002.93,-0019.53,-0016.60,-0002.60,-0001.45,-0010.95
+1580686937.90,+0003.91,-0019.53,-0017.58,-0004.59,+0001.38,-0010.11
+1580686937.90,+0000.98,-0020.51,-0019.53,-0002.45,+0000.77,-0010.64
+1580686937.91,-0000.98,-0020.51,-0019.53,-0002.99,+0000.23,-0008.50
+1580686937.91,-0002.93,-0022.46,-0020.51,-0001.84,-0001.38,-0006.58
+1580686937.92,-0003.91,-0022.46,-0021.48,-0002.37,+0000.61,-0006.20
+1580686937.92,-0005.86,-0022.46,-0021.48,-0003.22,-0000.54,-0008.27
+1580686937.93,-0003.91,-0023.44,-0022.46,-0003.45,-0000.69,-0009.03
+1580686937.93,-0003.91,-0023.44,-0023.44,-0002.53,-0000.77,-0010.41
+1580686937.94,-0007.81,-0024.41,-0024.41,-0003.45,+0001.07,-0012.10
+1580686937.94,-0007.81,-0024.41,-0024.41,-0003.83,-0000.15,-0010.18
+1580686937.94,-0004.88,-0023.44,-0025.39,-0001.53,-0000.08,-0011.33
+1580686937.95,-0009.77,-0023.44,-0025.39,-0003.52,+0000.77,-0010.72
+1580686937.95,-0004.88,-0023.44,-0025.39,-0001.00,-0000.84,-0010.57
+1580686937.96,-0000.98,-0022.46,-0023.44,-0000.08,-0001.76,-0011.33
+1580686937.96,-0003.91,-0021.48,-0022.46,+0000.46,-0002.45,-0010.34
+1580686937.97,+0000.98,-0020.51,-0020.51,-0000.31,-0003.06,-0007.66
+1580686937.97,+0001.95,-0019.53,-0020.51,-0001.15,-0001.00,-0007.89
+1580686937.98,-0000.98,-0019.53,-0019.53,+0003.45,+0000.69,-0011.94
+1580686937.98,-0004.88,-0018.55,-0018.55,+0000.38,-0001.38,-0014.32
+1580686937.99,-0000.98,-0018.55,-0016.60,+0003.60,+0002.53,-0014.16
+1580686937.99,-0004.88,-0018.55,-0014.65,+0001.00,+0001.91,-0016.15
+1580686938.00,-0009.77,-0017.58,-0011.72,+0005.51,+0002.07,-0017.38
+1580686938.00,-0005.86,-0013.67,-0008.79,+0003.06,+0003.45,-0026.34
+1580686938.01,+0033.20,-0015.62,-0004.88,+0004.98,+0012.56,+0028.33
+1580686938.01,-0009.77,-0016.60,-0007.81,+0004.67,+0030.47,-0046.32
+1580686938.02,-0070.31,-0027.34,-0003.91,-0004.82,-0020.14,+0006.28
+1580686938.02,+0013.67,+0000.98,+0001.95,-0022.59,-0017.23,-0008.73
+1580686938.03,+0026.37,-0026.37,+0000.00,+0015.39,+0015.47,-0000.46
+1580686938.03,-0012.70,-0014.65,+0003.91,-0001.76,+0003.37,-0005.67
+1580686938.04,-0019.53,-0012.70,+0008.79,-0000.54,-0008.96,+0003.75
+1580686938.04,+0001.95,-0017.58,+0012.70,+0005.90,+0000.69,-0012.79
+1580686938.05,+0010.74,-0016.60,+0013.67,+0001.76,-0001.76,-0005.51
+1580686938.05,-0002.93,-0014.65,+0012.70,+0001.07,+0004.75,-0012.94
+1580686938.06,-0006.84,-0015.62,+0014.65,+0004.36,-0006.89,-0009.11
+1580686938.06,+0009.77,-0011.72,+0017.58,+0004.67,+0003.14,-0012.86
+1580686938.07,+0001.95,-0012.70,+0018.55,+0003.90,-0000.08,-0007.43
+1580686938.07,+0000.98,-0011.72,+0020.51,+0005.51,-0004.98,-0004.36
+1580686938.08,+0001.95,-0008.79,+0023.44,+0002.07,-0000.92,-0006.66
+1580686938.08,+0001.95,-0009.77,+0025.39,+0004.90,-0000.77,-0008.73
+1580686938.09,+0001.95,-0007.81,+0027.34,+0001.76,-0000.15,-0011.41
+1580686938.09,-0002.93,-0005.86,+0028.32,+0003.45,-0000.38,-0011.79
+1580686938.10,+0000.98,-0004.88,+0029.30,+0003.52,+0000.54,-0012.48
+1580686938.10,+0000.00,-0004.88,+0030.27,+0001.99,+0000.00,-0012.56
+1580686938.11,-0001.95,-0002.93,+0030.27,+0004.52,+0000.23,-0011.94
+1580686938.11,-0001.95,-0001.95,+0031.25,+0002.53,-0000.54,-0012.33
+1580686938.12,+0000.00,+0000.00,+0033.20,+0002.45,-0001.76,-0009.03
+1580686938.12,+0000.00,+0000.98,+0034.18,+0002.30,+0001.23,-0009.57
+1580686938.13,-0000.98,+0003.91,+0035.16,+0002.22,-0003.68,-0006.74
+1580686938.13,+0005.86,+0004.88,+0035.16,+0001.68,+0001.53,-0008.42
+1580686938.14,+0002.93,+0006.84,+0036.13,+0001.84,-0000.31,-0010.34
+1580686938.14,+0000.00,+0007.81,+0036.13,+0000.61,-0001.84,-0009.34
+1580686938.15,+0002.93,+0008.79,+0036.13,+0002.30,-0001.45,-0014.24
+1580686938.15,+0003.91,+0010.74,+0037.11,+0002.53,-0001.99,-0012.33
+1580686938.16,+0006.84,+0011.72,+0037.11,+0001.76,+0001.00,-0012.94
+1580686938.16,+0004.88,+0011.72,+0037.11,+0003.06,-0003.52,-0010.80
+1580686938.17,+0008.79,+0014.65,+0037.11,+0000.84,+0001.76,-0012.10
+1580686938.17,+0006.84,+0014.65,+0037.11,+0001.84,+0001.30,-0011.87
+1580686938.18,+0004.88,+0015.62,+0036.13,+0001.23,+0000.61,-0011.64
+1580686938.18,+0006.84,+0016.60,+0036.13,-0000.92,+0001.53,-0012.94
+1580686938.19,+0006.84,+0017.58,+0036.13,+0001.91,-0000.54,-0011.48
+1580686938.19,+0007.81,+0018.55,+0036.13,+0000.08,+0000.15,-0009.42
+1580686938.20,+0006.84,+0019.53,+0036.13,+0000.31,-0003.14,-0006.12
+1580686938.20,+0012.70,+0019.53,+0036.13,+0001.91,+0002.37,-0007.81
+1580686938.21,+0005.86,+0020.51,+0035.16,+0000.84,+0001.91,-0014.70
+1580686938.21,+0018.55,+0019.53,+0034.18,-0002.91,-0016.61,+0011.64
+1580686938.22,+0003.91,+0022.46,+0032.23,-0008.88,-0005.36,-0004.29
+1580686938.22,-0001.95,+0018.55,+0032.23,+0008.80,-0004.52,-0007.50
+1580686938.23,+0011.72,+0024.41,+0031.25,-0005.44,+0003.22,-0016.92
+1580686938.23,+0001.95,+0020.51,+0029.30,+0007.58,+0001.91,-0008.88
+1580686938.24,+0000.00,+0024.41,+0028.32,-0004.36,-0000.84,-0007.73
+1580686938.24,-0001.95,+0021.48,+0027.34,+0002.37,-0001.53,-0012.40
+1580686938.25,+0002.93,+0024.41,+0026.37,+0000.46,-0000.31,-0006.66
+1580686938.25,-0000.98,+0022.46,+0023.44,-0000.92,-0001.53,-0007.58
+1580686938.26,-0003.91,+0023.44,+0021.48,-0002.83,-0000.69,-0005.90
+1580686938.26,-0001.95,+0022.46,+0019.53,-0000.84,+0000.00,-0009.65
+1580686938.27,-0003.91,+0022.46,+0017.58,-0001.68,-0001.15,-0011.48
+1580686938.27,-0001.95,+0023.44,+0016.60,-0000.77,-0000.61,-0010.57
+1580686938.28,-0001.95,+0024.41,+0014.65,-0003.45,-0003.37,-0009.95
+1580686938.28,-0001.95,+0023.44,+0012.70,-0000.38,-0000.84,-0009.95
+1580686938.29,-0001.95,+0023.44,+0010.74,-0001.30,-0002.91,-0016.84
+1580686938.29,-0000.98,+0023.44,+0009.77,-0000.54,-0000.08,-0015.24
+1580686938.30,-0000.98,+0023.44,+0007.81,-0001.84,-0001.45,-0013.17
+1580686938.30,+0000.00,+0023.44,+0006.84,-0000.77,-0002.14,-0009.11
+1580686938.31,-0000.98,+0023.44,+0004.88,-0000.46,-0000.08,-0003.29
+1580686938.31,-0003.91,+0022.46,+0003.91,-0001.00,-0000.15,-0002.45
+1580686938.32,-0005.86,+0023.44,+0003.91,-0001.68,+0000.69,-0000.38
+1580686938.32,-0006.84,+0022.46,+0002.93,-0002.37,+0002.37,-0006.35
+1580686938.33,-0007.81,+0020.51,+0001.95,-0001.00,+0001.99,-0012.71
+1580686938.33,-0006.84,+0018.55,+0001.95,-0002.91,+0000.92,-0019.45
+1580686938.34,-0004.88,+0015.62,+0000.00,-0004.59,-0002.07,-0021.36
+1580686938.34,-0004.88,+0014.65,-0001.95,-0004.29,+0000.23,-0018.99
+1580686938.35,-0005.86,+0011.72,-0003.91,-0002.07,-0001.23,-0015.16
+1580686938.35,-0003.91,+0010.74,-0005.86,-0002.76,+0000.00,-0012.40
+1580686938.36,-0002.93,+0009.77,-0006.84,-0000.61,-0000.69,-0006.81
+1580686938.36,-0003.91,+0009.77,-0006.84,-0002.30,+0000.46,-0007.20
+1580686938.37,-0003.91,+0007.81,-0007.81,-0001.53,-0002.07,-0006.97
+1580686938.37,-0000.98,+0006.84,-0008.79,-0002.14,-0001.45,-0007.81
+1580686938.38,-0000.98,+0005.86,-0008.79,-0001.76,-0001.53,-0007.50
+1580686938.38,+0000.00,+0004.88,-0009.77,-0001.61,-0001.84,-0007.20
+1580686938.39,-0001.95,+0002.93,-0009.77,-0001.07,+0000.46,-0007.96
+1580686938.39,-0003.91,+0001.95,-0010.74,-0000.46,-0002.99,-0010.03
+1580686938.40,+0000.00,+0000.98,-0010.74,-0001.38,+0000.77,-0011.64
+1580686938.40,-0000.98,+0000.98,-0011.72,+0001.07,+0000.23,-0013.86
+1580686938.41,-0000.98,+0000.00,-0010.74,-0001.07,-0001.76,-0011.48
+1580686938.41,+0000.00,+0000.00,-0010.74,-0001.00,+0001.68,-0011.48
+1580686938.42,-0004.88,-0001.95,-0010.74,+0000.08,-0000.23,-0008.42
+1580686938.42,+0000.00,-0000.98,-0010.74,-0000.23,-0000.38,-0008.88
+1580686938.43,-0000.98,-0001.95,-0009.77,-0001.53,+0000.08,-0008.73
+1580686938.43,-0001.95,-0001.95,-0009.77,+0001.91,+0000.23,-0009.42
+1580686938.44,-0003.91,-0001.95,-0008.79,-0001.53,+0000.23,-0009.11
+1580686938.44,-0002.93,-0000.98,-0008.79,+0001.84,-0001.38,-0007.89
+1580686938.45,-0001.95,-0000.98,-0007.81,+0001.15,+0000.54,-0009.80
+1580686938.45,-0005.86,-0000.98,-0007.81,+0000.38,+0000.38,-0009.88
+1580686938.46,-0004.88,+0000.00,-0006.84,+0001.61,+0002.30,-0014.78
+1580686938.46,-0001.95,+0001.95,-0005.86,-0002.53,-0012.71,+0009.42
+1580686938.47,+0009.77,+0001.95,-0005.86,+0008.19,+0020.37,-0031.77
+1580686938.47,-0027.34,+0000.00,-0006.84,-0009.57,-0007.89,-0008.19
+1580686938.48,+0000.98,+0003.91,-0004.88,+0013.02,-0002.68,-0017.84
+1580686938.48,+0007.81,+0000.98,-0004.88,+0008.58,+0002.60,-0008.42
+1580686938.49,-0001.95,+0006.84,-0004.88,+0002.14,-0002.53,-0008.35
+1580686938.49,+0000.98,+0006.84,-0002.93,+0000.31,-0003.83,-0005.28
+1580686938.50,+0008.79,+0007.81,-0000.98,-0001.68,-0001.53,-0008.80
+1580686938.50,+0016.60,+0008.79,+0000.00,+0003.37,-0009.80,-0003.22
+1580686938.51,+0027.34,+0011.72,+0000.00,-0001.00,-0003.68,+0002.83
+1580686938.51,+0004.88,+0011.72,-0001.95,-0000.46,+0005.97,-0011.94
+1580686938.52,+0001.95,+0010.74,-0000.98,+0003.68,-0002.76,-0018.15
+1580686938.52,+0015.62,+0012.70,-0000.98,-0001.15,+0001.53,-0015.70
+1580686938.53,+0012.70,+0012.70,-0001.95,+0001.76,-0001.99,-0013.78
+1580686938.53,+0005.86,+0014.65,-0002.93,-0000.08,-0001.53,-0013.17
+1580686938.54,+0004.88,+0011.72,-0001.95,+0001.61,-0003.75,-0008.96
+1580686938.54,+0008.79,+0010.74,-0000.98,-0000.23,+0001.45,-0005.97
+1580686938.55,+0002.93,+0008.79,-0002.93,+0000.38,+0002.68,-0003.75
+1580686938.55,-0003.91,+0007.81,-0003.91,-0002.37,-0001.30,-0007.89
+1580686938.56,+0000.00,+0006.84,-0004.88,-0000.46,-0000.84,-0006.97
+1580686938.56,+0000.98,+0005.86,-0006.84,-0003.45,+0000.84,-0009.65
+1580686938.57,-0006.84,+0002.93,-0007.81,-0004.13,-0003.68,-0006.89
+1580686938.57,-0004.88,+0001.95,-0009.77,-0005.97,+0000.69,-0010.87
+1580686938.58,-0003.91,+0000.00,-0011.72,-0003.45,-0001.07,-0009.26
+1580686938.58,-0002.93,-0001.95,-0014.65,-0005.36,-0000.23,-0009.34
+1580686938.59,-0007.81,-0002.93,-0016.60,-0006.20,-0002.68,-0011.41
