+1580946634.04,-0000.98,+0003.91,+0000.00,+0000.23,-0000.61,-0009.26
+1580946634.05,-0000.98,+0003.91,+0000.00,+0000.31,-0000.61,-0009.42
+1580946634.05,-0000.98,+0002.93,-0000.98,+0000.31,-0000.61,-0009.80
+1580946634.06,-0000.98,+0001.95,-0000.98,+0000.46,-0000.69,-0010.41
+1580946634.06,-0000.98,+0000.98,-0000.98,+0000.54,-0000.69,-0010.64
+1580946634.07,+0000.00,+0000.00,-0000.98,+0000.54,-0000.69,-0010.72
+1580946634.07,+0000.00,+0000.00,-0000.98,+0000.54,-0000.69,-0010.72
+1580946634.08,+0000.00,-0000.98,-0000.98,+0000.54,-0000.61,-0010.34
+1580946634.08,-0000.98,-0000.98,-0000.98,+0000.61,-0000.54,-0010.11
+1580946634.09,-0000.98,-0001.95,-0000.98,+0000.61,-0000.54,-0009.88
+1580946634.09,-0000.98,-0001.95,-0000.98,+0000.54,-0000.54,-0009.72
+1580946634.10,-0000.98,-0001.95,-0000.98,+0000.54,-0000.54,-0009.72
+1580946634.10,-0000.98,-0002.93,-0001.95,+0000.54,-0000.54,-0009.80
+1580946634.11,-0000.98,-0002.93,-0000.98,+0000.46,-0000.54,-0009.88
+1580946634.11,-0000.98,-0002.93,-0001.95,+0000.46,-0000.46,-0010.26
+1580946634.12,-0000.98,-0003.91,-0000.98,+0000.31,-0000.38,-0010.41
+1580946634.12,-0000.98,-0003.91,-0001.95,+0000.31,-0000.46,-0010.41
+1580946634.13,-0000.98,-0004.88,-0001.95,+0000.23,-0000.38,-0010.41
+1580946634.13,-0000.98,-0005.86,-0002.93,+0000.38,-0000.31,-0010.26
+1580946634.14,+0000.00,-0005.86,-0002.93,+0000.46,-0000.23,-0010.18
+1580946634.14,+0000.00,-0005.86,-0002.93,+0000.46,-0000.23,-0010.03
+1580946634.15,+0000.00,-0006.84,-0002.93,+0000.54,-0000.15,-0009.95
+1580946634.15,+0000.00,-0005.86,-0002.93,+0000.61,-0000.15,-0009.95
+1580946634.16,+0000.00,-0005.86,-0002.93,+0000.61,-0000.15,-0009.95
+1580946634.16,+0000.00,-0006.84,-0002.93,+0000.61,-0000.08,-0010.03
+1580946634.17,-0000.98,-0006.84,-0002.93,+0000.61,+0000.08,-0010.18
+1580946634.17,-0000.98,-0006.84,-0002.93,+0000.54,+0000.15,-0010.18
+1580946634.18,-0000.98,-0006.84,-0002.93,+0000.54,+0000.15,-0010.26
+1580946634.18,-0000.98,-0006.84,-0002.93,+0000.54,+0000.15,-0010.18
+1580946634.19,-0000.98,-0007.81,-0002.93,+0000.54,+0000.23,-0010.11
+1580946634.19,-0000.98,-0007.81,-0002.93,+0000.54,+0000.15,-0010.11
+1580946634.20,-0000.98,-0007.81,-0001.95,+0000.54,+0000.23,-0010.03
+1580946634.20,+0000.00,-0007.81,-0001.95,+0000.54,+0000.23,-0010.03
+1580946634.21,-0000.98,-0007.81,-0001.95,+0000.54,+0000.23,-0010.03
+1580946634.21,-0000.98,-0008.79,-0001.95,+0000.54,+0000.23,-0010.03
+1580946634.22,-0000.98,-0008.79,-0001.95,+0000.61,+0000.15,-0010.18
+1580946634.22,-0000.98,-0007.81,-0001.95,+0000.61,+0000.15,-0010.18
+1580946634.23,-0000.98,-0008.79,-0001.95,+0000.61,+0000.15,-0010.18
+1580946634.23,-0000.98,-0007.81,-0001.95,+0000.61,+0000.15,-0010.18
+1580946634.24,-0000.98,-0007.81,-0000.98,+0000.54,+0000.15,-0010.18
+1580946634.24,-0000.98,-0007.81,-0000.98,+0000.54,+0000.15,-0010.18
+1580946634.25,-0000.98,-0007.81,-0000.98,+0000.54,+0000.15,-0010.03
+1580946634.25,-0000.98,-0007.81,-0000.98,+0000.46,+0000.15,-0010.03
+1580946634.26,-0000.98,-0007.81,-0000.98,+0000.46,+0000.23,-0010.03
+1580946634.26,-0000.98,-0007.81,-0001.95,+0000.46,+0000.15,-0010.11
+1580946634.27,-0000.98,-0007.81,-0000.98,+0000.46,+0000.15,-0010.11
+1580946634.27,-0000.98,-0007.81,-0000.98,+0000.46,+0000.23,-0010.11
+1580946634.28,-0000.98,-0007.81,-0000.98,+0000.46,+0000.15,-0010.18
+1580946634.28,-0000.98,-0007.81,-0000.98,+0000.54,+0000.15,-0010.18
+1580946634.29,-0000.98,-0006.84,-0000.98,+0000.54,+0000.23,-0010.18
+1580946634.29,-0000.98,-0006.84,-0000.98,+0000.54,+0000.15,-0010.18
+1580946634.30,-0000.98,-0006.84,-0000.98,+0000.54,+0000.23,-0010.11
+1580946634.30,-0000.98,-0005.86,-0000.98,+0000.54,+0000.23,-0010.11
+1580946634.31,-0000.98,-0005.86,-0000.98,+0000.54,+0000.23,-0010.03
+1580946634.31,-0000.98,-0005.86,-0000.98,+0000.54,+0000.15,-0010.11
+1580946634.32,-0000.98,-0005.86,-0000.98,+0000.46,+0000.15,-0010.11
+1580946634.32,-0000.98,-0004.88,+0000.00,+0000.46,+0000.23,-0010.11
+1580946634.33,-0000.98,-0004.88,+0000.00,+0000.46,+0000.15,-0010.11
+1580946634.33,-0000.98,-0004.88,+0000.00,+0000.46,+0000.23,-0010.11
+1580946634.34,-0000.98,-0004.88,+0000.00,+0000.46,+0000.23,-0010.11
+1580946634.34,-0000.98,-0003.91,+0000.00,+0000.38,+0000.23,-0010.11
+1580946634.35,-0000.98,-0003.91,+0000.00,+0000.46,+0000.15,-0010.11
+1580946634.35,-0000.98,-0003.91,+0000.00,+0000.46,+0000.15,-0010.11
+1580946634.36,-0000.98,-0003.91,+0000.00,+0000.46,+0000.15,-0010.11
+1580946634.36,-0000.98,-0003.91,+0000.00,+0000.46,+0000.15,-0010.11
+1580946634.37,-0000.98,-0003.91,+0000.00,+0000.46,+0000.08,-0010.11
+1580946634.37,-0000.98,-0002.93,+0000.00,+0000.46,+0000.08,-0010.11
+1580946634.38,-0000.98,-0002.93,+0000.00,+0000.46,+0000.08,-0010.18
+1580946634.38,-0000.98,-0002.93,+0000.00,+0000.46,+0000.08,-0010.18
+1580946634.39,-0000.98,-0002.93,+0000.00,+0000.46,+0000.15,-0010.18
+1580946634.39,-0000.98,-0002.93,+0000.00,+0000.38,+0000.08,-0010.11
+1580946634.40,-0000.98,-0002.93,+0000.00,+0000.46,+0000.08,-0010.11
+1580946634.40,-0000.98,-0001.95,+0000.00,+0000.46,+0000.08,-0010.11
+1580946634.41,-0000.98,-0001.95,+0000.00,+0000.46,+0000.08,-0010.11
+1580946634.41,-0000.98,-0001.95,+0000.00,+0000.46,+0000.00,-0010.11
+1580946634.42,-0000.98,-0001.95,+0000.00,+0000.54,+0000.00,-0010.11
+1580946634.42,-0000.98,-0001.95,+0000.00,+0000.46,+0000.00,-0010.11
+1580946634.43,-0000.98,-0001.95,+0000.00,+0000.46,+0000.00,-0010.11
+1580946634.43,-0000.98,-0000.98,+0000.98,+0000.46,+0000.00,-0010.18
+1580946634.44,-0000.98,-0000.98,+0000.00,+0000.46,-0000.08,-0010.18
+1580946634.44,-0000.98,-0000.98,+0000.00,+0000.46,-0000.08,-0010.18
+1580946634.45,-0000.98,-0000.98,+0000.00,+0000.38,-0000.15,-0010.18
+1580946634.45,-0000.98,-0000.98,+0000.00,+0000.38,-0000.15,-0010.11
+1580946634.46,-0000.98,-0000.98,+0000.00,+0000.38,-0000.15,-0010.11
+1580946634.46,-0000.98,-0000.98,+0000.00,+0000.38,-0000.15,-0010.03
+1580946634.47,-0000.98,-0000.98,+0000.00,+0000.38,-0000.15,-0010.11
+1580946634.47,-0000.98,-0000.98,+0000.00,+0000.38,-0000.15,-0010.11
+1580946634.48,-0000.98,-0000.98,+0000.00,+0000.38,-0000.15,-0010.11
+1580946634.48,-0000.98,-0000.98,+0000.00,+0000.38,-0000.15,-0010.11
+1580946634.49,-0000.98,-0000.98,+0000.00,+0000.46,-0000.23,-0010.11
+1580946634.49,-0000.98,-0000.98,+0000.00,+0000.46,-0000.23,-0010.11
+1580946634.50,-0000.98,-0001.95,+0000.00,+0000.46,-0000.23,-0010.03
+1580946634.50,-0000.98,-0001.95,+0000.00,+0000.38,-0000.23,-0009.95
+1580946634.51,-0000.98,-0001.95,+0000.00,+0000.46,-0000.23,-0010.03
+1580946634.51,-0000.98,-0001.95,+0000.00,+0000.38,-0000.23,-0010.03
+1580946634.52,-0000.98,-0001.95,+0000.00,+0000.31,-0000.15,-0010.11
+1580946634.52,-0000.98,-0001.95,+0000.00,+0000.31,-0000.15,-0010.18
+1580946634.53,-0000.98,-0001.95,+0000.00,+0000.31,-0000.15,-0010.18
+1580946634.53,-0000.98,-0002.93,-0000.98,+0000.31,-0000.15,-0010.18
+1580946634.54,-0000.98,-0002.93,-0000.98,+0000.38,-0000.15,-0010.18
+1580946634.54,+0000.00,-0002.93,-0000.98,+0000.46,-0000.08,-0010.11
+1580946634.55,-0000.98,-0002.93,-0000.98,+0000.46,-0000.08,-0010.11
+1580946634.55,-0000.98,-0002.93,-0000.98,+0000.46,-0000.08,-0010.11
+1580946634.56,-0000.98,-0002.93,-0000.98,+0000.46,-0000.08,-0010.03
+1580946634.56,-0000.98,-0002.93,-0000.98,+0000.46,-0000.08,-0010.11
+1580946634.57,-0000.98,-0002.93,-0000.98,+0000.46,+0000.00,-0010.11
+1580946634.57,-0000.98,-0002.93,-0000.98,+0000.46,+0000.00,-0010.18
+1580946634.58,-0000.98,-0002.93,-0000.98,+0000.38,+0000.00,-0010.18
+1580946634.58,-0000.98,-0002.93,-0000.98,+0000.46,+0000.00,-0010.26
+1580946634.59,-0000.98,-0002.93,+0000.00,+0000.46,+0000.00,-0010.18
+1580946634.59,-0000.98,-0003.91,-0000.98,+0000.46,+0000.08,-0010.11
+1580946634.60,-0000.98,-0002.93,+0000.00,+0000.46,+0000.08,-0010.11
+1580946634.60,-0000.98,-0002.93,+0000.00,+0000.46,+0000.08,-0010.11
+1580946634.61,+0000.00,-0002.93,+0000.00,+0000.46,+0000.00,-0010.03
+1580946634.61,-0000.98,-0002.93,+0000.00,+0000.46,+0000.08,-0010.03
+1580946634.62,-0000.98,-0002.93,+0000.00,+0000.46,+0000.08,-0010.03
+1580946634.62,-0000.98,-0002.93,+0000.00,+0000.46,+0000.08,-0010.18
+1580946634.63,-0000.98,-0003.91,+0000.00,+0000.38,+0000.08,-0010.11
+1580946634.63,-0000.98,-0003.91,+0000.00,+0000.46,+0000.08,-0010.18
+1580946634.64,-0000.98,-0003.91,+0000.00,+0000.46,+0000.00,-0010.18
+1580946634.64,-0000.98,-0003.91,-0000.98,+0000.46,+0000.00,-0010.18
+1580946634.65,-0000.98,-0004.88,+0000.00,+0000.46,-0000.08,-0010.18
+1580946634.65,-0000.98,-0004.88,+0000.00,+0000.46,-0000.08,-0010.11
+1580946634.66,+0000.00,-0004.88,+0000.00,+0000.46,+0000.00,-0010.11
+1580946634.66,-0000.98,-0004.88,+0000.00,+0000.46,-0000.08,-0010.11
+1580946634.67,-0000.98,-0004.88,+0000.00,+0000.46,+0000.00,-0010.03
+1580946634.67,-0000.98,-0005.86,+0000.00,+0000.46,+0000.00,-0010.03
+1580946634.68,-0000.98,-0005.86,+0000.00,+0000.38,+0000.00,-0010.11
+1580946634.68,-0000.98,-0005.86,+0000.00,+0000.38,+0000.00,-0010.11
+1580946634.69,-0000.98,-0006.84,+0000.00,+0000.38,+0000.00,-0010.18
+1580946634.69,-0000.98,-0006.84,+0000.00,+0000.46,+0000.00,-0010.18
+1580946634.70,-0000.98,-0006.84,+0000.00,+0000.46,+0000.00,-0010.18
+1580946634.70,-0000.98,-0006.84,+0000.00,+0000.46,+0000.00,-0010.18
+1580946634.71,-0000.98,-0006.84,+0000.00,+0000.38,-0000.08,-0010.18
+1580946634.71,-0000.98,-0006.84,+0000.00,+0000.38,-0000.08,-0010.11
+1580946634.72,+0000.00,-0006.84,+0000.00,+0000.38,+0000.00,-0010.03
+1580946634.72,-0000.98,-0006.84,+0000.00,+0000.38,-0000.08,-0010.11
+1580946634.73,-0000.98,-0006.84,+0000.00,+0000.31,+0000.00,-0010.11
+1580946634.73,-0000.98,-0006.84,+0000.00,+0000.31,+0000.00,-0010.11
+1580946634.74,-0000.98,-0006.84,+0000.00,+0000.31,-0000.08,-0010.11
+1580946634.74,-0000.98,-0006.84,+0000.00,+0000.31,+0000.00,-0010.11
+1580946634.75,-0000.98,-0006.84,+0000.00,+0000.31,+0000.00,-0010.18
+1580946634.75,-0000.98,-0006.84,+0000.00,+0000.31,+0000.00,-0010.18
+1580946634.76,-0000.98,-0006.84,+0000.00,+0000.31,+0000.00,-0010.11
+1580946634.76,-0000.98,-0006.84,+0000.00,+0000.23,+0000.00,-0010.11
+1580946634.77,-0000.98,-0006.84,+0000.00,+0000.23,-0000.08,-0010.11
+1580946634.77,-0000.98,-0006.84,+0000.00,+0000.31,+0000.00,-0010.11
+1580946634.78,-0000.98,-0006.84,+0000.00,+0000.31,-0000.08,-0010.11
+1580946634.78,-0000.98,-0005.86,+0000.00,+0000.15,-0000.08,-0010.11
+1580946634.79,-0000.98,-0005.86,+0000.00,+0000.15,-0000.08,-0010.18
+1580946634.79,-0000.98,-0005.86,+0000.00,+0000.23,-0000.08,-0010.11
+1580946634.80,-0000.98,-0005.86,+0000.00,+0000.23,-0000.08,-0010.11
+1580946634.80,-0000.98,-0005.86,+0000.00,+0000.23,-0000.08,-0010.18
+1580946634.81,-0000.98,-0005.86,+0000.00,+0000.23,-0000.08,-0010.11
+1580946634.81,-0000.98,-0005.86,+0000.00,+0000.23,-0000.08,-0010.11
+1580946634.82,-0000.98,-0005.86,+0000.00,+0000.15,-0000.08,-0010.11
+1580946634.82,-0000.98,-0005.86,+0000.00,+0000.15,-0000.08,-0010.11
+1580946634.83,-0000.98,-0005.86,+0000.00,+0000.15,-0000.08,-0010.11
+1580946634.83,-0000.98,-0004.88,+0000.00,+0000.15,-0000.08,-0010.18
+1580946634.84,-0000.98,-0004.88,+0000.00,+0000.15,+0000.00,-0010.11
+1580946634.84,+0000.00,-0004.88,+0000.00,+0000.15,-0000.08,-0010.18
+1580946634.85,-0000.98,-0004.88,+0000.00,+0000.15,+0000.00,-0010.11
+1580946634.85,-0000.98,-0004.88,+0000.00,+0000.15,+0000.00,-0010.11
+1580946634.86,-0000.98,-0004.88,+0000.00,+0000.15,+0000.00,-0010.11
+1580946634.86,-0000.98,-0003.91,+0000.00,+0000.15,+0000.08,-0010.11
+1580946634.87,-0000.98,-0003.91,+0000.00,+0000.15,-0000.08,-0010.11
+1580946634.87,-0000.98,-0003.91,+0000.00,+0000.15,+0000.00,-0010.11
+1580946634.88,-0000.98,-0003.91,+0000.00,+0000.15,+0000.00,-0010.11
+1580946634.88,-0000.98,-0003.91,+0000.00,+0000.15,+0000.00,-0010.11
+1580946634.89,-0000.98,-0002.93,+0000.00,+0000.08,+0000.00,-0010.18
+1580946634.89,-0000.98,-0003.91,+0000.00,+0000.15,+0000.00,-0010.18
+1580946634.90,-0000.98,-0002.93,+0000.00,+0000.15,+0000.00,-0010.18
+1580946634.90,-0000.98,-0002.93,+0000.00,+0000.15,+0000.00,-0010.11
+1580946634.91,-0000.98,-0002.93,+0000.00,+0000.08,+0000.00,-0010.11
+1580946634.91,-0000.98,-0002.93,+0000.00,+0000.08,+0000.00,-0010.11
+1580946634.92,-0000.98,-0002.93,+0000.00,+0000.08,+0000.00,-0010.11
+1580946634.92,+0000.00,-0002.93,+0000.00,+0000.15,+0000.00,-0010.11
+1580946634.93,-0000.98,-0001.95,+0000.00,+0000.15,+0000.00,-0010.11
+1580946634.93,-0000.98,-0001.95,+0000.00,+0000.15,+0000.00,-0010.11
+1580946634.94,+0000.00,-0001.95,-0000.98,+0000.08,+0000.00,-0010.11
+1580946634.94,-0000.98,-0001.95,+0000.00,+0000.15,-0000.08,-0010.11
+1580946634.95,-0000.98,-0001.95,+0000.00,+0000.15,+0000.00,-0010.18
+1580946634.95,-0000.98,-0001.95,+0000.00,+0000.15,+0000.00,-0010.11
+1580946634.96,-0000.98,-0000.98,+0000.00,+0000.08,+0000.00,-0010.11
+1580946634.96,-0000.98,-0000.98,+0000.00,+0000.08,+0000.00,-0010.11
+1580946634.97,-0000.98,-0000.98,+0000.00,+0000.08,+0000.00,-0010.11
+1580946634.97,-0000.98,+0000.00,+0000.00,+0000.00,-0000.08,-0010.11
+1580946634.98,-0000.98,+0000.00,+0000.00,+0000.00,-0000.08,-0010.11
+1580946634.98,-0000.98,+0000.00,+0000.00,+0000.00,-0000.08,-0010.11
+1580946634.99,+0000.00,+0000.98,+0000.00,+0000.00,-0000.08,-0010.11
+1580946634.99,-0000.98,+0000.98,+0000.00,+0000.00,+0000.00,-0010.11
+1580946635.00,+0000.00,+0000.98,-0000.98,+0000.00,+0000.00,-0010.11
+1580946635.00,+0000.00,+0001.95,-0000.98,+0000.08,+0000.00,-0010.18
+1580946635.01,+0000.00,+0001.95,+0000.00,+0000.08,+0000.00,-0010.11
+1580946635.01,+0000.00,+0001.95,+0000.00,+0000.08,+0000.00,-0010.11
+1580946635.02,-0000.98,+0002.93,+0000.00,+0000.08,+0000.00,-0010.11
+1580946635.02,-0000.98,+0002.93,+0000.00,+0000.08,+0000.08,-0010.11
+1580946635.03,+0000.00,+0002.93,-0000.98,+0000.15,+0000.00,-0010.11
+1580946635.03,-0000.98,+0003.91,+0000.00,+0000.08,+0000.00,-0010.11
+1580946635.04,+0000.00,+0004.88,+0000.00,+0000.00,+0000.00,-0010.11
+1580946635.04,+0000.00,+0004.88,+0000.00,+0000.00,+0000.00,-0010.11
+1580946635.05,+0000.00,+0005.86,-0000.98,+0000.00,+0000.08,-0010.11
+1580946635.05,+0000.00,+0005.86,-0000.98,-0000.08,+0000.00,-0010.11
+1580946635.06,-0000.98,+0005.86,-0000.98,+0000.00,+0000.00,-0010.11
+1580946635.06,+0000.00,+0006.84,-0000.98,+0000.00,+0000.00,-0010.18
+1580946635.07,+0000.00,+0006.84,-0000.98,+0000.08,+0000.00,-0010.11
+1580946635.07,+0000.00,+0006.84,-0000.98,+0000.15,+0000.00,-0010.11
+1580946635.08,+0000.00,+0007.81,-0000.98,+0000.15,-0000.08,-0010.11
+1580946635.08,-0000.98,+0007.81,-0000.98,+0000.23,-0000.08,-0010.18
+1580946635.09,+0000.00,+0008.79,-0000.98,+0000.23,-0000.08,-0010.11
+1580946635.09,+0000.00,+0008.79,-0000.98,+0000.23,-0000.08,-0010.11
+1580946635.10,+0000.00,+0009.77,-0000.98,+0000.15,-0000.08,-0010.11
+1580946635.10,+0000.00,+0009.77,-0000.98,+0000.15,+0000.00,-0010.18
+1580946635.11,+0000.00,+0010.74,-0000.98,+0000.08,+0000.00,-0010.11
+1580946635.11,+0000.00,+0010.74,-0000.98,+0000.08,+0000.00,-0010.11
+1580946635.12,+0000.00,+0011.72,-0000.98,+0000.08,+0000.00,-0010.18
+1580946635.12,+0000.00,+0011.72,-0000.98,+0000.15,+0000.00,-0010.03
+1580946635.13,+0000.00,+0011.72,-0000.98,+0000.15,+0000.00,-0010.11
+1580946635.13,+0000.00,+0012.70,-0000.98,+0000.23,+0000.00,-0010.18
+1580946635.14,+0000.00,+0012.70,-0000.98,+0000.31,+0000.00,-0010.11
+1580946635.14,+0000.00,+0012.70,-0000.98,+0000.31,+0000.00,-0010.11
+1580946635.15,+0000.00,+0013.67,-0000.98,+0000.46,+0000.00,-0010.11
+1580946635.15,+0000.00,+0013.67,-0000.98,+0000.38,+0000.00,-0010.11
+1580946635.16,+0000.00,+0014.65,-0000.98,+0000.38,+0000.00,-0010.11
+1580946635.16,+0000.00,+0014.65,-0000.98,+0000.38,+0000.00,-0010.11
+1580946635.17,+0000.00,+0014.65,-0000.98,+0000.38,+0000.08,-0010.11
+1580946635.17,+0000.00,+0014.65,-0000.98,+0000.31,+0000.00,-0010.11
+1580946635.18,+0000.00,+0015.62,-0000.98,+0000.23,+0000.08,-0010.11
+1580946635.18,+0000.00,+0015.62,-0000.98,+0000.38,+0000.08,-0010.11
+1580946635.19,+0000.00,+0015.62,-0000.98,+0000.31,+0000.08,-0010.11
+1580946635.19,+0000.00,+0015.62,-0000.98,+0000.46,+0000.08,-0010.11
+1580946635.20,+0000.00,+0015.62,-0000.98,+0000.46,+0000.08,-0010.18
+1580946635.20,+0000.00,+0016.60,-0000.98,+0000.46,+0000.08,-0010.11
+1580946635.21,+0000.00,+0016.60,-0000.98,+0000.46,+0000.08,-0010.18
+1580946635.21,+0000.00,+0016.60,-0000.98,+0000.46,+0000.08,-0010.11
+1580946635.22,+0000.00,+0016.60,-0000.98,+0000.46,+0000.08,-0010.18
+1580946635.22,+0000.00,+0017.58,-0000.98,+0000.54,+0000.08,-0010.18
+1580946635.23,+0000.00,+0017.58,-0000.98,+0000.54,+0000.08,-0010.11
+1580946635.23,+0000.00,+0017.58,-0000.98,+0000.54,+0000.15,-0010.11
+1580946635.24,+0000.00,+0018.55,-0000.98,+0000.54,+0000.15,-0010.03
+1580946635.24,+0000.00,+0018.55,-0000.98,+0000.54,+0000.08,-0010.03
+1580946635.25,+0000.00,+0018.55,-0000.98,+0000.54,+0000.08,-0010.11
+1580946635.25,+0000.00,+0018.55,-0000.98,+0000.54,+0000.08,-0010.11
+1580946635.26,+0000.00,+0018.55,-0000.98,+0000.54,+0000.08,-0010.03
+1580946635.26,+0000.00,+0018.55,-0000.98,+0000.54,+0000.08,-0010.11
+1580946635.27,+0000.00,+0018.55,-0000.98,+0000.61,+0000.15,-0010.11
+1580946635.27,+0000.00,+0019.53,-0000.98,+0000.61,+0000.08,-0010.03
+1580946635.28,+0000.00,+0018.55,-0000.98,+0000.69,+0000.08,-0010.11
+1580946635.28,+0000.00,+0019.53,+0000.00,+0000.69,+0000.08,-0010.18
+1580946635.29,+0000.00,+0019.53,+0000.00,+0000.69,+0000.08,-0010.18
+1580946635.29,+0000.00,+0019.53,+0000.00,+0000.69,+0000.08,-0010.11
+1580946635.30,+0000.00,+0019.53,+0000.00,+0000.69,+0000.08,-0010.11
+1580946635.30,+0000.00,+0019.53,+0000.00,+0000.69,+0000.08,-0010.11
+1580946635.31,+0000.00,+0018.55,+0000.00,+0000.61,+0000.00,-0010.11
+1580946635.31,+0000.00,+0018.55,+0000.00,+0000.61,+0000.00,-0010.11
+1580946635.32,+0000.00,+0018.55,+0000.00,+0000.61,+0000.00,-0010.03
+1580946635.32,+0000.00,+0018.55,+0000.00,+0000.69,-0000.08,-0010.03
+1580946635.33,+0000.00,+0017.58,+0000.00,+0000.69,-0000.15,-0010.11
+1580946635.33,+0000.00,+0017.58,+0000.00,+0000.69,-0000.15,-0010.18
+1580946635.34,+0000.00,+0017.58,+0000.00,+0000.69,-0000.15,-0010.11
+1580946635.34,+0000.00,+0016.60,+0000.00,+0000.77,-0000.15,-0010.11
+1580946635.35,+0000.00,+0016.60,+0000.00,+0000.77,-0000.15,-0010.11
+1580946635.35,+0000.00,+0016.60,+0000.00,+0000.77,-0000.15,-0010.11
+1580946635.36,+0000.00,+0015.62,+0000.00,+0000.77,-0000.15,-0010.11
+1580946635.36,+0000.00,+0015.62,+0000.00,+0000.77,-0000.15,-0010.11
+1580946635.37,+0000.00,+0014.65,+0000.00,+0000.77,-0000.23,-0010.03
+1580946635.37,+0000.00,+0014.65,+0000.00,+0000.77,-0000.23,-0010.11
+1580946635.38,+0000.00,+0013.67,+0000.00,+0000.84,-0000.31,-0010.03
+1580946635.38,+0000.00,+0013.67,+0000.00,+0000.84,-0000.31,-0010.11
+1580946635.39,+0000.00,+0012.70,+0000.00,+0000.84,-0000.38,-0010.11
+1580946635.39,+0000.00,+0012.70,+0000.00,+0000.84,-0000.38,-0010.11
+1580946635.40,+0000.00,+0011.72,+0000.00,+0000.84,-0000.38,-0010.11
+1580946635.40,+0000.00,+0010.74,+0000.00,+0000.84,-0000.38,-0010.11
+1580946635.41,+0000.00,+0009.77,+0000.00,+0000.77,-0000.38,-0010.11
+1580946635.41,+0000.00,+0009.77,+0000.00,+0000.77,-0000.38,-0010.11
+1580946635.42,+0000.00,+0008.79,+0000.00,+0001.38,-0000.31,-0010.11
+1580946635.42,+0000.00,+0006.84,-0000.98,-0000.08,-0001.23,-0008.42
+1580946635.43,+0000.00,+0005.86,-0001.95,+0001.23,-0000.38,-0010.72
+1580946635.43,+0000.00,+0004.88,-0000.98,-0000.08,-0000.92,-0010.49
+1580946635.44,+0000.00,+0002.93,-0001.95,+0000.77,-0000.69,-0009.49
+1580946635.44,+0000.00,+0001.95,-0000.98,+0000.23,-0000.77,-0011.25
+1580946635.45,+0000.00,+0000.98,-0000.98,-0000.15,-0000.46,-0010.87
+1580946635.45,-0000.98,-0001.95,-0000.98,+0000.92,-0000.15,-0010.87
+1580946635.46,-0000.98,-0002.93,-0002.93,+0000.61,-0000.31,-0010.57
+1580946635.46,-0000.98,-0002.93,-0003.91,+0001.53,-0000.23,-0010.11
+1580946635.47,-0000.98,-0004.88,-0004.88,+0002.37,-0000.69,-0009.49
+1580946635.47,+0000.00,-0005.86,-0004.88,+0002.30,-0000.38,-0009.72
+1580946635.48,+0000.00,-0004.88,-0002.93,+0002.68,-0000.23,-0009.57
+1580946635.48,+0000.00,-0004.88,-0000.98,+0001.84,-0000.08,-0009.65
+1580946635.49,+0000.00,-0005.86,+0000.98,+0001.68,+0000.54,-0010.03
+1580946635.49,+0000.00,-0005.86,+0000.98,+0000.92,+0000.46,-0010.11
+1580946635.50,-0000.98,-0006.84,+0000.00,+0000.61,+0000.84,-0010.57
+1580946635.50,-0000.98,-0009.77,-0001.95,+0001.07,+0000.54,-0010.18
+1580946635.51,-0000.98,-0010.74,-0002.93,+0000.61,+0000.46,-0009.88
+1580946635.51,-0001.95,-0012.70,-0002.93,+0001.15,+0000.15,-0009.72
+1580946635.52,-0001.95,-0014.65,-0001.95,+0001.61,-0000.08,-0009.72
+1580946635.52,-0000.98,-0013.67,-0000.98,+0001.91,-0000.15,-0010.18
+1580946635.53,-0000.98,-0013.67,+0000.98,+0001.76,-0000.08,-0010.11
+1580946635.53,+0000.00,-0014.65,+0001.95,+0001.61,+0000.15,-0010.41
+1580946635.54,-0000.98,-0014.65,+0000.98,+0001.30,+0000.23,-0010.57
+1580946635.54,-0000.98,-0014.65,+0000.00,+0000.84,+0000.31,-0010.49
+1580946635.55,-0000.98,-0016.60,+0000.00,+0001.07,+0000.38,-0010.34
+1580946635.55,-0001.95,-0016.60,+0000.00,+0001.38,+0000.23,-0009.80
+1580946635.56,-0001.95,-0016.60,+0000.00,+0001.45,+0000.15,-0009.72
+1580946635.56,-0001.95,-0017.58,+0000.98,+0001.00,+0000.00,-0009.65
+1580946635.57,-0001.95,-0017.58,+0001.95,+0001.15,+0000.00,-0009.88
+1580946635.57,-0001.95,-0018.55,+0002.93,+0000.84,+0000.00,-0010.03
+1580946635.58,-0000.98,-0019.53,+0002.93,+0000.77,+0000.08,-0010.18
+1580946635.58,-0000.98,-0019.53,+0001.95,+0000.69,+0000.15,-0010.34
+1580946635.59,-0000.98,-0020.51,+0000.98,+0000.77,+0000.00,-0010.41
+1580946635.59,-0000.98,-0020.51,+0000.00,+0000.92,-0000.08,-0010.34
+1580946635.60,-0000.98,-0021.48,+0000.98,+0001.15,-0000.23,-0010.03
+1580946635.60,-0001.95,-0020.51,+0001.95,+0001.07,-0000.31,-0009.95
+1580946635.61,-0001.95,-0021.48,+0002.93,+0000.92,-0000.31,-0009.95
+1580946635.61,-0001.95,-0021.48,+0003.91,+0000.69,-0000.31,-0009.80
+1580946635.62,-0001.95,-0021.48,+0002.93,+0000.46,-0000.31,-0009.95
+1580946635.62,-0001.95,-0022.46,+0001.95,+0000.46,-0000.31,-0010.03
+1580946635.63,-0001.95,-0023.44,+0000.98,+0000.46,-0000.46,-0010.11
+1580946635.63,-0000.98,-0023.44,+0000.98,+0000.46,-0000.46,-0010.03
+1580946635.64,-0000.98,-0024.41,+0000.98,+0000.46,-0000.69,-0009.95
+1580946635.64,-0000.98,-0024.41,+0000.98,+0000.38,-0000.61,-0010.11
+1580946635.65,-0000.98,-0024.41,+0000.98,+0000.23,-0000.69,-0010.18
+1580946635.65,-0000.98,-0025.39,+0001.95,+0000.08,-0000.54,-0010.26
+1580946635.66,-0000.98,-0025.39,+0000.98,+0000.08,-0000.46,-0010.26
+1580946635.66,-0000.98,-0026.37,+0000.98,+0000.23,-0000.46,-0010.26
+1580946635.67,-0001.95,-0026.37,+0000.00,+0000.31,-0000.54,-0010.26
+1580946635.67,-0001.95,-0026.37,-0000.98,+0000.46,-0000.61,-0010.18
+1580946635.68,-0000.98,-0026.37,-0000.98,+0000.54,-0000.69,-0010.11
+1580946635.68,-0000.98,-0026.37,-0000.98,+0000.54,-0000.61,-0009.95
+1580946635.69,-0000.98,-0026.37,+0000.00,+0000.54,-0000.46,-0010.03
+1580946635.69,-0000.98,-0025.39,+0000.98,+0000.46,-0000.31,-0010.11
+1580946635.70,-0000.98,-0026.37,+0000.98,+0000.15,+0000.00,-0010.11
+1580946635.70,-0000.98,-0025.39,+0000.00,-0000.08,+0000.08,-0010.11
+1580946635.71,-0000.98,-0025.39,+0000.00,+0000.00,+0000.15,-0010.18
+1580946635.71,-0001.95,-0025.39,-0000.98,+0000.08,+0000.15,-0010.11
+1580946635.72,-0001.95,-0026.37,-0000.98,+0000.38,+0000.00,-0010.11
+1580946635.72,-0000.98,-0025.39,-0000.98,+0000.38,+0000.00,-0010.11
+1580946635.73,-0000.98,-0025.39,+0000.00,+0000.38,+0000.08,-0010.11
+1580946635.73,-0000.98,-0025.39,+0000.00,+0000.38,+0000.15,-0010.26
+1580946635.74,-0001.95,-0024.41,+0000.00,+0000.38,+0000.15,-0010.26
+1580946635.74,-0001.95,-0023.44,+0000.00,+0000.31,+0000.08,-0010.26
+1580946635.75,-0001.95,-0023.44,+0000.00,+0000.38,+0000.15,-0010.34
+1580946635.75,-0000.98,-0023.44,+0000.00,+0000.38,+0000.08,-0010.11
+1580946635.76,-0000.98,-0022.46,+0000.00,+0000.38,+0000.15,-0010.03
+1580946635.76,-0000.98,-0022.46,+0000.00,+0000.31,+0000.15,-0009.95
+1580946635.77,-0000.98,-0022.46,+0000.98,+0000.15,+0000.23,-0010.18
+1580946635.77,-0000.98,-0021.48,+0000.98,+0000.00,+0000.23,-0010.18
+1580946635.78,-0000.98,-0021.48,+0000.98,-0000.08,+0000.23,-0010.26
+1580946635.78,-0000.98,-0020.51,+0000.98,-0000.08,+0000.23,-0010.26
+1580946635.79,-0000.98,-0020.51,+0000.00,-0000.08,+0000.23,-0010.18
+1580946635.79,-0000.98,-0020.51,+0000.00,+0000.00,+0000.23,-0010.18
+1580946635.80,-0000.98,-0020.51,+0000.00,+0000.08,+0000.23,-0010.03
+1580946635.80,-0000.98,-0019.53,+0000.00,+0000.15,+0000.23,-0009.95
+1580946635.81,-0000.98,-0019.53,+0000.00,+0000.08,+0000.23,-0010.03
+1580946635.81,-0000.98,-0018.55,+0000.98,+0000.08,+0000.23,-0010.03
+1580946635.82,-0001.95,-0018.55,+0000.00,-0000.08,+0000.23,-0010.11
+1580946635.82,-0001.95,-0017.58,+0000.00,-0000.23,+0000.15,-0010.34
+1580946635.83,-0001.95,-0017.58,+0000.98,-0000.23,+0000.08,-0010.41
+1580946635.83,-0000.98,-0017.58,+0000.00,-0000.23,+0000.08,-0010.34
+1580946635.84,-0000.98,-0016.60,+0000.00,-0000.23,+0000.08,-0010.26
+1580946635.84,-0000.98,-0015.62,+0000.00,-0000.23,+0000.08,-0010.26
+1580946635.85,-0000.98,-0014.65,+0000.00,-0000.23,+0000.08,-0010.11
+1580946635.85,-0000.98,-0014.65,+0000.00,-0000.31,+0000.08,-0010.11
+1580946635.86,-0000.98,-0013.67,+0000.00,-0000.31,+0000.08,-0010.03
+1580946635.86,-0000.98,-0013.67,+0000.00,-0000.23,+0000.15,-0010.03
+1580946635.87,-0000.98,-0012.70,+0000.00,-0000.23,+0000.08,-0010.03
+1580946635.87,-0000.98,-0011.72,+0000.00,-0000.23,+0000.00,-0010.11
+1580946635.88,-0000.98,-0010.74,+0000.00,-0000.15,+0000.00,-0010.11
+1580946635.88,-0000.98,-0010.74,+0000.00,-0000.15,-0000.08,-0010.18
+1580946635.89,-0000.98,-0009.77,+0000.00,-0000.23,+0000.00,-0010.18
+1580946635.89,-0000.98,-0008.79,+0000.00,-0000.38,+0000.08,-0010.18
+1580946635.90,-0000.98,-0006.84,+0000.00,-0000.46,+0000.08,-0010.18
+1580946635.90,-0000.98,-0006.84,+0000.00,-0000.54,+0000.15,-0010.18
+1580946635.91,-0000.98,-0005.86,+0000.00,-0000.54,+0000.15,-0010.18
+1580946635.91,-0000.98,-0004.88,+0000.00,-0000.38,+0000.23,-0010.11
+1580946635.92,-0000.98,-0003.91,+0000.00,-0000.38,+0000.23,-0010.18
+1580946635.92,-0000.98,-0002.93,+0000.00,-0000.31,+0000.23,-0010.18
+1580946635.93,-0000.98,-0002.93,+0000.00,-0000.23,+0000.23,-0010.11
+1580946635.93,-0000.98,-0001.95,+0000.00,-0000.31,+0000.23,-0010.11
+1580946635.94,-0000.98,-0000.98,+0000.00,-0000.31,+0000.15,-0010.11
+1580946635.94,-0000.98,+0000.00,+0000.00,-0000.31,+0000.08,-0010.03
+1580946635.95,-0000.98,+0000.98,+0000.00,-0000.31,+0000.08,-0010.11
+1580946635.95,-0000.98,+0000.98,+0000.00,-0000.31,+0000.00,-0010.18
+1580946635.96,-0000.98,+0001.95,+0000.00,-0000.38,-0000.08,-0010.18
+1580946635.96,-0000.98,+0001.95,+0000.00,-0000.38,-0000.08,-0010.34
+1580946635.97,-0000.98,+0002.93,+0000.00,-0000.38,-0000.15,-0010.26
+1580946635.97,-0000.98,+0003.91,+0000.00,-0000.38,-0000.15,-0010.18
+1580946635.98,-0000.98,+0004.88,+0000.00,-0000.38,-0000.15,-0010.03
+1580946635.98,+0000.00,+0004.88,+0000.00,-0000.38,-0000.23,-0009.95
+1580946635.99,-0000.98,+0004.88,+0000.00,-0000.38,-0000.15,-0009.88
+1580946635.99,+0000.00,+0005.86,+0000.00,-0000.38,+0000.00,-0009.95
+1580946636.00,+0000.00,+0005.86,+0000.00,-0000.54,+0000.08,-0009.88
+1580946636.00,-0000.98,+0005.86,+0000.00,-0000.54,+0000.08,-0009.88
+1580946636.01,-0000.98,+0006.84,+0000.00,-0000.38,+0000.08,-0009.95
+1580946636.01,+0000.00,+0006.84,+0000.00,-0000.46,+0000.00,-0010.11
+1580946636.02,+0000.00,+0006.84,+0000.00,-0000.23,-0000.08,-0010.18
+1580946636.02,+0000.00,+0007.81,-0000.98,-0000.08,-0000.08,-0010.26
+1580946636.03,+0000.00,+0007.81,-0000.98,-0000.08,-0000.15,-0010.34
+1580946636.03,+0000.00,+0007.81,-0000.98,+0000.00,-0000.15,-0010.34
+1580946636.04,+0000.00,+0007.81,+0000.00,+0000.08,-0000.15,-0010.18
+1580946636.04,+0000.00,+0008.79,+0000.00,+0000.00,-0000.15,-0010.11
+1580946636.05,+0000.00,+0008.79,+0000.00,+0000.00,-0000.23,-0010.03
+1580946636.05,-0000.98,+0007.81,+0000.00,+0000.00,-0000.31,-0009.88
+1580946636.06,-0000.98,+0007.81,+0000.00,-0000.08,-0000.31,-0009.88
+1580946636.06,-0000.98,+0007.81,+0000.00,-0000.08,-0000.31,-0009.88
+1580946636.07,+0000.00,+0007.81,-0000.98,+0000.00,-0000.38,-0009.95
+1580946636.07,+0000.00,+0007.81,+0000.00,-0000.08,-0000.31,-0010.11
+1580946636.08,+0000.00,+0007.81,+0000.00,-0000.15,-0000.31,-0010.18
+1580946636.08,+0000.00,+0006.84,+0000.00,-0000.08,-0000.23,-0010.18
+1580946636.09,+0000.00,+0007.81,+0000.00,-0000.15,-0000.23,-0010.34
+1580946636.09,-0000.98,+0006.84,+0000.00,-0000.23,-0000.31,-0010.26
+1580946636.10,-0000.98,+0007.81,+0000.00,-0000.15,-0000.31,-0010.26
+1580946636.10,-0000.98,+0006.84,+0000.00,-0000.15,-0000.31,-0010.03
+1580946636.11,+0000.00,+0006.84,-0000.98,-0000.08,-0000.31,-0010.11
+1580946636.11,+0000.00,+0006.84,-0000.98,-0000.08,-0000.31,-0010.03
+1580946636.12,+0000.00,+0006.84,-0000.98,+0000.08,-0000.31,-0009.95
+1580946636.12,+0000.00,+0006.84,-0000.98,-0000.08,-0000.31,-0010.03
+1580946636.13,+0000.00,+0006.84,-0000.98,+0000.08,-0000.23,-0010.11
+1580946636.13,+0000.00,+0006.84,-0000.98,+0000.08,-0000.23,-0010.11
+1580946636.14,+0000.00,+0006.84,-0000.98,-0000.08,-0000.15,-0010.18
+1580946636.14,+0000.00,+0006.84,-0000.98,-0000.08,-0000.15,-0010.18
+1580946636.15,-0000.98,+0006.84,-0000.98,-0000.08,-0000.08,-0010.26
+1580946636.15,+0000.00,+0006.84,-0000.98,+0000.00,-0000.08,-0010.18
+1580946636.16,+0000.00,+0006.84,-0000.98,+0000.00,-0000.08,-0010.03
+1580946636.16,-0000.98,+0006.84,-0000.98,+0000.00,-0000.08,-0010.03
+1580946636.17,+0000.00,+0006.84,-0000.98,-0000.08,-0000.08,-0009.95
+1580946636.17,+0000.00,+0006.84,-0000.98,+0000.00,+0000.00,-0010.03
+1580946636.18,+0000.00,+0007.81,-0000.98,+0000.00,+0000.00,-0010.03
+1580946636.18,+0000.00,+0007.81,-0000.98,+0000.00,-0000.08,-0010.11
+1580946636.19,+0000.00,+0007.81,-0000.98,+0000.08,+0000.00,-0010.18
+1580946636.19,+0000.00,+0007.81,-0000.98,+0000.15,+0000.00,-0010.18
+1580946636.20,+0000.00,+0007.81,-0000.98,+0000.15,+0000.00,-0010.18
+1580946636.20,+0000.00,+0007.81,-0000.98,+0000.15,+0000.00,-0010.18
+1580946636.21,-0000.98,+0007.81,-0000.98,+0000.15,+0000.00,-0010.11
+1580946636.21,+0000.00,+0007.81,-0000.98,+0000.15,+0000.00,-0010.11
+1580946636.22,+0000.00,+0007.81,-0000.98,+0000.15,+0000.08,-0010.03
+1580946636.22,+0000.00,+0007.81,-0000.98,+0000.15,+0000.08,-0010.11
+1580946636.23,+0000.00,+0007.81,-0000.98,+0000.15,+0000.15,-0010.11
+1580946636.23,+0000.00,+0006.84,-0000.98,+0000.15,+0000.08,-0010.11
+1580946636.24,+0000.00,+0006.84,-0000.98,+0000.23,+0000.15,-0010.11
+1580946636.24,-0000.98,+0006.84,-0000.98,+0000.23,+0000.15,-0010.18
+1580946636.25,+0000.00,+0006.84,-0000.98,+0000.23,+0000.15,-0010.11
+1580946636.25,-0000.98,+0006.84,-0000.98,+0000.31,+0000.08,-0010.11
+1580946636.26,-0000.98,+0006.84,-0000.98,+0000.31,+0000.08,-0010.11
+1580946636.26,-0000.98,+0006.84,-0000.98,+0000.31,+0000.08,-0010.11
+1580946636.27,+0000.00,+0005.86,-0000.98,+0000.31,+0000.08,-0010.11
+1580946636.27,+0000.00,+0005.86,-0000.98,+0000.31,+0000.08,-0010.11
+1580946636.28,+0000.00,+0005.86,-0000.98,+0000.38,+0000.15,-0010.18
+1580946636.28,+0000.00,+0005.86,-0000.98,+0000.38,+0000.08,-0010.11
+1580946636.29,+0000.00,+0005.86,-0000.98,+0000.31,+0000.15,-0010.11
+1580946636.29,+0000.00,+0005.86,-0000.98,+0000.23,+0000.08,-0010.11
+1580946636.30,+0000.00,+0005.86,-0000.98,+0000.31,+0000.08,-0010.18
+1580946636.30,+0000.00,+0005.86,-0000.98,+0000.31,+0000.08,-0010.18
+1580946636.31,+0000.00,+0006.84,-0000.98,+0000.31,+0000.08,-0010.18
+1580946636.31,+0000.00,+0005.86,-0000.98,+0000.38,+0000.00,-0010.11
+1580946636.32,+0000.00,+0006.84,-0000.98,+0000.38,+0000.00,-0010.11
+1580946636.32,+0000.00,+0006.84,-0000.98,+0000.38,+0000.00,-0010.18
+1580946636.33,-0000.98,+0006.84,+0000.00,+0000.38,+0000.00,-0010.11
+1580946636.33,+0000.00,+0006.84,+0000.00,+0000.31,-0000.08,-0010.11
+1580946636.34,-0000.98,+0006.84,+0000.00,+0000.23,+0000.00,-0010.11
+1580946636.34,+0000.00,+0007.81,+0000.00,+0000.23,-0000.08,-0010.11
+1580946636.35,+0000.00,+0007.81,+0000.00,+0000.23,-0000.08,-0010.18
+1580946636.35,+0000.00,+0007.81,+0000.00,+0000.23,-0000.08,-0010.11
+1580946636.36,+0000.00,+0008.79,+0000.00,+0000.23,-0000.08,-0010.11
+1580946636.36,+0000.00,+0007.81,+0000.00,+0000.31,-0000.08,-0010.11
+1580946636.37,+0000.00,+0008.79,+0000.00,+0000.31,-0000.15,-0010.11
+1580946636.37,+0000.00,+0008.79,+0000.00,+0000.31,-0000.15,-0010.11
+1580946636.38,+0000.00,+0008.79,+0000.00,+0000.31,-0000.08,-0010.11
+1580946636.38,+0000.00,+0008.79,+0000.00,+0000.31,-0000.08,-0010.11
+1580946636.39,+0000.00,+0008.79,-0000.98,+0000.31,-0000.08,-0010.18
+1580946636.39,+0000.00,+0009.77,+0000.00,+0000.38,-0000.08,-0010.11
+1580946636.40,+0000.00,+0009.77,+0000.00,+0000.38,-0000.08,-0010.11
+1580946636.40,+0000.00,+0009.77,-0000.98,+0000.23,-0000.08,-0010.11
+1580946636.41,+0000.00,+0009.77,-0000.98,+0000.31,+0000.00,-0010.11
+1580946636.41,+0000.00,+0009.77,-0000.98,+0000.23,-0000.08,-0010.11
+1580946636.42,+0000.00,+0009.77,-0000.98,+0000.23,-0000.08,-0010.11
+1580946636.42,+0000.00,+0008.79,-0000.98,+0000.23,+0000.00,-0010.11
+1580946636.43,+0000.00,+0009.77,-0000.98,+0000.31,+0000.00,-0010.11
+1580946636.43,+0000.00,+0008.79,-0000.98,+0000.38,+0000.00,-0010.11
+1580946636.44,+0000.00,+0008.79,-0000.98,+0000.46,-0000.08,-0010.18
+1580946636.44,+0000.00,+0008.79,-0000.98,+0000.46,+0000.00,-0010.18
+1580946636.45,+0000.00,+0008.79,-0000.98,+0000.46,+0000.00,-0010.11
+1580946636.45,+0000.00,+0008.79,-0000.98,+0000.46,+0000.00,-0010.11
+1580946636.46,+0000.00,+0008.79,-0000.98,+0000.54,+0000.00,-0010.11
+1580946636.46,+0000.00,+0008.79,-0000.98,+0000.46,+0000.00,-0010.18
+1580946636.47,-0000.98,+0007.81,-0000.98,+0000.46,+0000.00,-0010.11
+1580946636.47,+0000.00,+0007.81,-0000.98,+0000.46,+0000.00,-0009.95
+1580946636.48,+0000.00,+0007.81,-0000.98,+0000.46,-0000.08,-0010.11
+1580946636.48,+0000.00,+0006.84,-0000.98,+0000.46,-0000.08,-0010.18
+1580946636.49,+0000.00,+0006.84,-0000.98,+0000.46,+0000.00,-0010.11
+1580946636.49,+0000.00,+0006.84,-0000.98,+0000.46,-0000.08,-0010.11
+1580946636.50,+0000.00,+0006.84,-0000.98,+0000.46,+0000.00,-0010.18
+1580946636.50,+0000.00,+0006.84,-0000.98,+0000.46,+0000.00,-0010.18
+1580946636.51,+0000.00,+0005.86,-0000.98,+0000.54,+0000.00,-0010.11
+1580946636.51,+0000.00,+0005.86,-0000.98,+0000.54,+0000.00,-0010.03
+1580946636.52,-0000.98,+0005.86,-0000.98,+0000.54,-0000.08,-0010.03
+1580946636.52,+0000.00,+0004.88,-0000.98,+0000.54,-0000.08,-0010.11
+1580946636.53,-0000.98,+0004.88,-0000.98,+0000.54,-0000.08,-0010.03
+1580946636.53,-0000.98,+0003.91,-0000.98,+0000.54,-0000.08,-0010.03
+1580946636.54,+0000.00,+0003.91,+0000.00,+0000.54,-0000.08,-0010.18
+1580946636.54,+0000.00,+0003.91,-0000.98,+0000.54,+0000.00,-0010.18
+1580946636.55,-0000.98,+0003.91,-0000.98,+0000.54,-0000.08,-0010.11
+1580946636.55,-0000.98,+0003.91,+0000.00,+0000.46,+0000.00,-0010.11
+1580946636.56,-0000.98,+0002.93,+0000.00,+0000.54,+0000.00,-0010.11
+1580946636.56,-0000.98,+0002.93,-0000.98,+0000.46,+0000.00,-0010.11
+1580946636.57,-0000.98,+0002.93,-0000.98,+0000.46,+0000.00,-0010.11
+1580946636.57,+0000.00,+0002.93,+0000.00,+0000.54,+0000.00,-0010.03
+1580946636.58,-0000.98,+0002.93,-0000.98,+0000.46,+0000.00,-0010.11
+1580946636.58,+0000.00,+0002.93,+0000.00,+0000.54,+0000.00,-0010.18
+1580946636.59,-0000.98,+0001.95,-0000.98,+0000.54,-0000.08,-0010.11
+1580946636.59,+0000.00,+0001.95,+0000.00,+0000.54,+0000.00,-0010.11
+1580946636.60,+0000.00,+0001.95,+0000.00,+0000.54,+0000.00,-0010.18
+1580946636.60,+0000.00,+0002.93,-0000.98,+0000.54,+0000.00,-0010.18
+1580946636.61,-0000.98,+0002.93,+0000.00,+0000.54,+0000.00,-0010.18
+1580946636.61,-0000.98,+0002.93,+0000.00,+0000.54,+0000.00,-0010.11
+1580946636.62,-0000.98,+0002.93,+0000.00,+0000.54,+0000.00,-0010.11
+1580946636.62,-0000.98,+0002.93,+0000.00,+0000.54,+0000.00,-0010.11
+1580946636.63,-0000.98,+0002.93,+0000.00,+0000.54,-0000.08,-0010.11
+1580946636.63,-0000.98,+0002.93,+0000.00,+0000.46,+0000.00,-0010.11
+1580946636.64,+0000.00,+0002.93,+0000.00,+0000.54,-0000.08,-0010.11
+1580946636.64,+0000.00,+0002.93,+0000.00,+0000.46,-0000.08,-0010.11
+1580946636.65,+0000.00,+0002.93,+0000.00,+0000.54,-0000.08,-0010.18
+1580946636.65,+0000.00,+0003.91,+0000.00,+0000.46,+0000.00,-0010.11
+1580946636.66,-0000.98,+0003.91,+0000.00,+0000.46,+0000.00,-0010.11
+1580946636.66,+0000.00,+0003.91,+0000.00,+0000.46,+0000.00,-0010.11
+1580946636.67,+0000.00,+0003.91,+0000.00,+0000.54,+0000.00,-0010.11
+1580946636.67,-0000.98,+0003.91,+0000.00,+0000.46,+0000.00,-0010.03
+1580946636.68,+0000.00,+0003.91,+0000.00,+0000.46,-0000.08,-0010.03
+1580946636.68,-0000.98,+0003.91,+0000.00,+0000.54,-0000.08,-0010.11
+1580946636.69,+0000.00,+0003.91,+0000.00,+0000.54,-0000.08,-0010.18
+1580946636.69,+0000.00,+0003.91,+0000.00,+0000.54,-0000.08,-0010.11
+1580946636.70,+0000.00,+0003.91,+0000.00,+0000.46,+0000.00,-0010.11
+1580946636.70,+0000.00,+0003.91,-0000.98,+0000.54,-0000.08,-0010.18
+1580946636.71,+0000.00,+0003.91,+0000.00,+0000.54,-0000.08,-0010.18
+1580946636.71,+0000.00,+0003.91,+0000.00,+0000.54,-0000.08,-0010.11
+1580946636.72,-0000.98,+0003.91,+0000.00,+0000.54,+0000.00,-0010.03
+1580946636.72,+0000.00,+0003.91,-0000.98,+0000.54,-0000.08,-0010.11
+1580946636.73,+0000.00,+0003.91,+0000.00,+0000.54,-0000.08,-0010.11
+1580946636.73,+0000.00,+0003.91,+0000.00,+0000.54,+0000.00,-0010.03
+1580946636.74,+0000.00,+0003.91,+0000.00,+0000.54,+0000.00,-0010.03
+1580946636.74,-0000.98,+0003.91,+0000.00,+0000.54,+0000.00,-0010.03
+1580946636.75,+0000.00,+0003.91,+0000.00,+0000.54,+0000.00,-0010.26
+1580946636.75,-0000.98,+0003.91,+0000.00,+0000.61,-0000.08,-0010.18
+1580946636.76,+0000.00,+0003.91,-0000.98,+0000.54,-0000.08,-0010.18
+1580946636.76,+0000.00,+0003.91,+0000.00,+0000.54,-0000.08,-0010.11
+1580946636.77,+0000.00,+0003.91,+0000.00,+0000.54,+0000.00,-0010.11
+1580946636.77,+0000.00,+0003.91,+0000.00,+0000.54,+0000.00,-0010.03
+1580946636.78,-0000.98,+0003.91,+0000.00,+0000.54,-0000.08,-0009.88
+1580946636.78,-0000.98,+0002.93,+0000.00,+0000.54,-0000.15,-0009.95
+1580946636.79,-0000.98,+0002.93,+0000.00,+0000.69,-0000.15,-0010.03
+1580946636.79,-0000.98,+0002.93,+0000.00,+0000.61,-0000.15,-0009.95
+1580946636.80,-0000.98,+0002.93,+0000.00,+0000.54,-0000.08,-0010.03
+1580946636.80,+0000.00,+0001.95,+0000.00,+0000.54,-0000.08,-0010.26
+1580946636.81,+0000.00,+0001.95,+0000.00,+0000.54,-0000.08,-0010.34
+1580946636.81,+0000.00,+0001.95,-0000.98,+0000.54,-0000.08,-0010.18
+1580946636.82,-0000.98,+0000.98,-0000.98,+0000.54,+0000.00,-0010.11
+1580946636.82,+0000.00,+0000.98,-0000.98,+0000.54,-0000.08,-0010.11
+1580946636.83,-0000.98,+0000.00,-0000.98,+0000.61,-0000.08,-0010.03
+1580946636.83,-0000.98,+0000.00,-0000.98,+0000.61,-0000.08,-0009.95
+1580946636.84,-0000.98,-0000.98,-0000.98,+0000.77,-0000.15,-0009.95
+1580946636.84,-0000.98,-0000.98,-0000.98,+0000.61,-0000.08,-0010.03
+1580946636.85,-0000.98,-0000.98,-0000.98,+0000.61,+0000.00,-0010.18
+1580946636.85,-0000.98,-0001.95,-0000.98,+0000.61,+0000.00,-0010.11
+1580946636.86,+0000.00,-0001.95,+0000.00,+0000.61,+0000.00,-0010.18
+1580946636.86,-0000.98,-0002.93,-0000.98,+0000.54,+0000.00,-0010.26
+1580946636.87,-0000.98,-0002.93,+0000.00,+0000.61,+0000.00,-0010.26
+1580946636.87,-0000.98,-0002.93,+0000.00,+0000.61,+0000.00,-0010.18
+1580946636.88,-0000.98,-0003.91,-0000.98,+0000.61,-0000.08,-0010.03
+1580946636.88,-0000.98,-0003.91,+0000.00,+0000.69,-0000.15,-0009.95
+1580946636.89,-0000.98,-0003.91,+0000.00,+0000.61,-0000.15,-0010.03
+1580946636.89,+0000.00,-0003.91,+0000.00,+0000.54,-0000.15,-0009.95
+1580946636.90,-0000.98,-0004.88,+0000.00,+0000.54,+0000.00,-0010.03
+1580946636.90,-0000.98,-0004.88,+0000.00,+0000.54,+0000.08,-0010.11
+1580946636.91,-0000.98,-0004.88,-0000.98,+0000.54,+0000.00,-0010.11
+1580946636.91,-0000.98,-0004.88,+0000.00,+0000.54,-0000.08,-0010.18
+1580946636.92,-0000.98,-0004.88,+0000.00,+0000.54,-0000.08,-0010.18
+1580946636.92,-0000.98,-0004.88,+0000.00,+0000.54,-0000.08,-0010.11
+1580946636.93,-0000.98,-0004.88,+0000.00,+0000.54,-0000.08,-0010.11
+1580946636.93,-0000.98,-0004.88,+0000.00,+0000.61,-0000.23,-0010.11
+1580946636.94,-0000.98,-0004.88,+0000.00,+0000.54,-0000.23,-0009.95
+1580946636.94,-0000.98,-0005.86,+0000.00,+0000.46,-0000.15,-0010.11
+1580946636.95,-0000.98,-0005.86,+0000.00,+0000.46,-0000.15,-0010.11
+1580946636.95,-0000.98,-0005.86,+0000.00,+0000.46,-0000.08,-0010.18
+1580946636.96,-0000.98,-0005.86,-0000.98,+0000.46,-0000.08,-0010.26
+1580946636.96,-0000.98,-0005.86,+0000.00,+0000.46,-0000.08,-0010.11
+1580946636.97,-0000.98,-0005.86,+0000.00,+0000.46,+0000.00,-0010.18
+1580946636.97,-0000.98,-0005.86,-0000.98,+0000.54,+0000.08,-0010.18
+1580946636.98,-0000.98,-0005.86,+0000.00,+0000.54,+0000.00,-0010.18
+1580946636.98,-0000.98,-0005.86,-0000.98,+0000.61,+0000.08,-0010.18
+1580946636.99,-0000.98,-0005.86,-0000.98,+0000.69,+0000.00,-0010.18
+1580946636.99,-0000.98,-0005.86,+0000.00,+0000.84,+0000.00,-0010.03
+1580946637.00,-0000.98,-0004.88,+0000.00,+0000.77,+0000.00,-0009.95
+1580946637.00,-0000.98,-0004.88,+0000.00,+0000.61,+0000.00,-0009.80
+1580946637.01,-0000.98,-0004.88,+0000.00,+0000.61,+0000.08,-0009.95
+1580946637.01,-0000.98,-0004.88,+0000.00,+0000.54,+0000.08,-0009.95
+1580946637.02,-0000.98,-0004.88,+0000.00,+0000.46,+0000.08,-0010.18
+1580946637.02,-0000.98,-0004.88,+0000.00,+0000.46,+0000.00,-0010.26
+1580946637.03,-0000.98,-0004.88,+0000.00,+0000.46,+0000.00,-0010.41
+1580946637.03,-0000.98,-0003.91,+0000.00,+0000.46,+0000.00,-0010.34
+1580946637.04,-0000.98,-0004.88,+0000.00,+0000.54,-0000.08,-0010.18
+1580946637.04,+0000.00,-0004.88,+0000.00,+0000.46,+0000.00,-0010.11
+1580946637.05,+0000.00,-0003.91,+0000.00,+0000.54,+0000.00,-0010.03
+1580946637.05,+0000.00,-0003.91,+0000.00,+0000.54,+0000.00,-0010.03
+1580946637.06,+0000.00,-0003.91,+0000.00,+0000.54,+0000.00,-0009.95
+1580946637.06,+0000.00,-0003.91,+0000.00,+0000.54,+0000.08,-0010.03
+1580946637.07,+0000.00,-0002.93,+0000.00,+0000.54,+0000.00,-0010.03
+1580946637.07,+0000.00,-0002.93,+0000.98,+0000.54,-0000.15,-0009.95
+1580946637.08,+0000.00,-0002.93,+0000.00,+0000.54,-0000.23,-0009.95
+1580946637.08,-0000.98,-0002.93,+0000.98,+0000.46,-0000.23,-0009.95
+1580946637.09,-0000.98,-0002.93,+0000.98,+0000.38,-0000.54,-0010.11
+1580946637.09,-0000.98,-0002.93,+0000.98,+0000.31,-0000.54,-0010.18
+1580946637.10,-0000.98,-0002.93,+0000.98,+0000.23,-0000.77,-0010.26
+1580946637.10,-0000.98,-0002.93,+0000.00,+0000.31,-0000.84,-0010.18
+1580946637.11,+0000.00,-0002.93,+0000.00,+0000.15,-0001.00,-0010.11
+1580946637.11,+0000.00,-0002.93,+0000.00,+0000.08,-0001.00,-0010.11
+1580946637.12,+0000.00,-0002.93,+0000.00,+0000.15,-0001.07,-0010.03
+1580946637.12,-0000.98,-0002.93,-0000.98,+0000.08,-0000.92,-0010.03
+1580946637.13,+0000.00,-0002.93,-0000.98,+0000.08,-0000.61,-0010.18
+1580946637.13,+0000.00,-0002.93,-0000.98,+0000.15,-0000.46,-0010.18
+1580946637.14,+0000.00,-0002.93,-0000.98,+0000.38,-0000.15,-0010.34
+1580946637.14,-0000.98,-0002.93,-0001.95,+0000.54,+0000.23,-0010.34
+1580946637.15,-0000.98,-0002.93,-0001.95,+0000.61,+0000.23,-0010.26
+1580946637.15,-0000.98,-0002.93,-0000.98,+0000.69,+0000.23,-0010.11
+1580946637.16,-0000.98,-0001.95,-0000.98,+0000.77,+0000.23,-0009.80
+1580946637.16,-0000.98,-0000.98,-0000.98,+0000.69,+0000.23,-0009.65
+1580946637.17,+0000.00,-0000.98,+0000.00,+0000.61,+0000.15,-0009.65
+1580946637.17,+0000.00,-0000.98,+0000.00,+0000.54,+0000.15,-0009.65
+1580946637.18,+0000.00,+0000.00,+0000.00,+0000.46,+0000.08,-0009.80
+1580946637.18,+0000.00,+0000.00,+0000.00,+0000.46,+0000.00,-0009.95
+1580946637.19,+0000.00,+0000.00,-0000.98,+0000.46,+0000.00,-0010.18
+1580946637.19,+0000.00,+0000.98,+0000.00,+0000.54,+0000.08,-0010.64
+1580946637.20,+0000.00,+0000.98,-0000.98,+0000.46,+0000.15,-0010.80
+1580946637.20,+0000.00,+0000.98,+0000.00,+0000.46,+0000.23,-0010.72
+1580946637.21,-0000.98,+0000.98,+0000.00,+0000.46,+0000.23,-0010.57
+1580946637.21,-0000.98,+0001.95,+0000.00,+0000.46,+0000.23,-0010.11
+1580946637.22,-0000.98,+0001.95,+0000.00,+0000.38,+0000.23,-0009.95
+1580946637.22,-0000.98,+0001.95,+0000.00,+0000.46,+0000.23,-0009.80
+1580946637.23,-0000.98,+0001.95,+0000.00,+0000.46,+0000.23,-0009.65
+1580946637.23,-0000.98,+0002.93,+0000.00,+0000.54,+0000.23,-0009.57
+1580946637.24,+0000.00,+0002.93,+0000.00,+0000.54,+0000.23,-0009.80
+1580946637.24,+0000.00,+0002.93,+0000.00,+0000.54,+0000.23,-0009.95
+1580946637.25,+0000.00,+0002.93,+0000.00,+0000.61,+0000.31,-0010.18
+1580946637.25,+0000.00,+0002.93,+0000.00,+0000.54,+0000.31,-0010.34
+1580946637.26,-0000.98,+0003.91,+0000.00,+0000.54,+0000.23,-0010.41
+1580946637.26,-0000.98,+0002.93,+0000.00,+0000.54,+0000.23,-0010.41
+1580946637.27,-0000.98,+0003.91,+0000.00,+0000.54,+0000.23,-0010.26
+1580946637.27,-0000.98,+0002.93,+0000.00,+0000.46,+0000.23,-0010.11
+1580946637.28,+0000.00,+0002.93,+0000.00,+0000.38,+0000.23,-0010.03
+1580946637.28,+0000.00,+0002.93,+0000.00,+0000.46,+0000.23,-0010.18
+1580946637.29,+0000.00,+0002.93,+0000.00,+0000.46,+0000.23,-0010.18
+1580946637.29,+0000.00,+0002.93,+0000.00,+0000.54,+0000.23,-0010.18
+1580946637.30,+0000.00,+0001.95,-0000.98,+0000.54,+0000.23,-0010.11
+1580946637.30,+0000.00,+0002.93,-0000.98,+0000.61,+0000.23,-0010.11
+1580946637.31,+0000.00,+0002.93,-0000.98,+0000.61,+0000.23,-0010.18
+1580946637.31,+0000.00,+0002.93,+0000.00,+0000.77,+0000.23,-0010.26
+1580946637.32,+0000.00,+0002.93,+0000.00,+0000.69,+0000.23,-0010.03
+1580946637.32,+0000.00,+0002.93,+0000.00,+0000.54,+0000.23,-0009.95
+1580946637.33,-0000.98,+0001.95,+0000.00,+0000.54,+0000.08,-0010.11
+1580946637.33,+0000.00,+0001.95,+0000.00,+0000.54,+0000.08,-0010.18
+1580946637.34,-0000.98,+0001.95,+0000.00,+0000.54,+0000.08,-0010.03
+1580946637.34,-0000.98,+0000.98,+0000.00,+0000.54,+0000.00,-0010.03
+1580946637.35,-0000.98,+0000.98,+0000.00,+0000.54,+0000.00,-0010.11
+1580946637.35,-0000.98,+0000.98,+0000.98,+0000.54,+0000.00,-0010.11
+1580946637.36,-0000.98,+0000.98,+0000.00,+0000.46,+0000.00,-0009.95
+1580946637.36,+0000.00,+0000.98,+0000.00,+0000.54,+0000.00,-0009.95
+1580946637.37,-0000.98,+0000.98,+0000.00,+0000.46,+0000.00,-0010.03
+1580946637.37,+0000.00,+0000.00,+0000.00,+0000.54,+0000.08,-0010.11
+1580946637.38,+0000.00,+0000.00,+0000.00,+0000.54,+0000.15,-0009.95
+1580946637.38,+0000.00,+0000.98,+0000.00,+0000.54,+0000.23,-0009.80
+1580946637.39,+0000.00,+0000.00,+0000.00,+0000.54,+0000.23,-0010.11
+1580946637.39,+0000.00,+0000.00,+0000.00,+0000.69,+0000.31,-0010.18
+1580946637.40,-0000.98,+0000.00,+0000.00,+0000.61,+0000.23,-0010.26
+1580946637.40,-0000.98,+0000.00,+0000.00,+0000.54,+0000.23,-0010.34
+1580946637.41,-0000.98,+0000.00,+0000.00,+0000.46,+0000.31,-0010.26
+1580946637.41,+0000.00,+0000.00,+0000.00,+0000.54,+0000.38,-0010.26
+1580946637.42,-0000.98,-0000.98,+0000.00,+0000.54,+0000.23,-0010.11
+1580946637.42,-0000.98,+0000.00,+0000.00,+0000.69,+0000.23,-0010.18
+1580946637.43,-0000.98,+0000.00,+0000.00,+0000.54,+0000.23,-0010.18
+1580946637.43,-0000.98,+0000.00,+0000.98,+0000.54,+0000.23,-0010.18
+1580946637.44,-0000.98,+0000.00,+0000.98,+0000.61,+0000.23,-0010.11
+1580946637.44,-0000.98,+0000.00,+0000.98,+0000.46,+0000.23,-0010.11
+1580946637.45,-0000.98,+0000.00,+0000.98,+0000.46,+0000.23,-0010.11
+1580946637.45,-0000.98,-0000.98,+0000.98,+0000.61,+0000.23,-0010.03
+1580946637.46,-0000.98,-0000.98,+0000.98,+0000.54,+0000.15,-0010.26
+1580946637.46,-0000.98,+0000.00,+0000.98,+0000.54,+0000.08,-0010.18
+1580946637.47,-0000.98,-0000.98,+0000.98,+0000.61,-0000.08,-0010.26
+1580946637.47,-0000.98,+0000.00,+0000.98,+0000.61,-0000.08,-0010.18
+1580946637.48,-0000.98,+0000.00,+0000.98,+0000.54,-0000.31,-0010.18
+1580946637.48,-0000.98,-0000.98,+0000.98,+0000.54,-0000.23,-0010.03
+1580946637.49,+0000.00,+0000.00,+0000.98,+0000.54,-0000.31,-0009.95
+1580946637.49,+0000.00,-0000.98,+0000.98,+0000.46,-0000.31,-0009.95
+1580946637.50,-0000.98,-0000.98,+0000.98,+0000.54,-0000.38,-0009.95
+1580946637.50,-0000.98,-0000.98,+0000.98,+0000.54,-0000.38,-0010.03
+1580946637.51,+0000.00,-0000.98,+0000.98,+0000.46,-0000.38,-0010.11
+1580946637.51,+0000.00,-0000.98,+0000.98,+0000.46,-0000.31,-0010.11
+1580946637.52,-0000.98,-0000.98,+0000.98,+0000.46,-0000.15,-0010.03
+1580946637.52,-0000.98,-0000.98,+0000.98,+0000.46,-0000.23,-0010.11
+1580946637.53,-0000.98,-0001.95,+0000.98,+0000.84,-0000.15,-0010.11
+1580946637.53,-0000.98,-0001.95,+0000.98,+0000.61,-0000.23,-0010.26
+1580946637.54,-0000.98,-0000.98,+0000.98,+0000.54,-0000.15,-0010.18
+1580946637.54,-0000.98,-0001.95,+0000.98,+0000.46,-0000.23,-0010.11
+1580946637.55,-0000.98,-0002.93,+0000.98,+0000.54,-0000.31,-0010.26
+1580946637.55,-0000.98,-0002.93,+0000.98,+0000.46,-0000.46,-0010.26
+1580946637.56,-0000.98,-0002.93,+0000.98,+0000.38,-0000.46,-0010.18
+1580946637.56,+0000.00,-0003.91,+0000.00,+0000.46,-0000.38,-0010.18
+1580946637.57,+0000.00,-0002.93,+0000.98,+0000.46,-0000.38,-0009.95
+1580946637.57,+0000.00,-0003.91,+0000.00,+0000.46,-0000.38,-0009.95
+1580946637.58,+0000.00,-0003.91,+0000.00,+0000.46,-0000.23,-0010.03
+1580946637.58,-0000.98,-0003.91,+0000.00,+0000.54,-0000.23,-0010.11
+1580946637.59,-0000.98,-0003.91,+0000.00,+0000.54,-0000.15,-0010.11
+1580946637.59,-0000.98,-0003.91,+0000.00,+0000.69,-0000.31,-0010.18
+1580946637.59,-0000.98,-0003.91,+0000.00,+0000.69,-0000.15,-0010.18
+1580946637.60,-0000.98,-0002.93,+0000.98,+0000.46,-0000.23,-0009.95
+1580946637.60,-0000.98,-0003.91,+0000.98,+0000.54,-0000.15,-0010.26
+1580946637.61,-0000.98,-0002.93,+0000.98,+0000.77,-0000.31,-0010.26
+1580946637.61,-0000.98,-0001.95,+0000.98,+0000.15,-0000.23,-0010.11
+1580946637.62,-0000.98,-0002.93,+0000.98,+0000.31,-0000.31,-0009.57
+1580946637.62,-0000.98,-0002.93,+0000.98,+0000.38,-0000.38,-0009.65
+1580946637.63,+0000.00,-0002.93,+0000.98,+0001.00,-0000.46,-0009.34
+1580946637.63,+0001.95,-0001.95,+0000.98,-0000.92,+0000.15,-0010.80
+1580946637.64,+0000.98,-0003.91,-0000.98,-0000.23,+0000.08,-0010.34
+1580946637.64,+0000.00,-0003.91,-0000.98,-0000.08,+0000.00,-0010.18
+1580946637.65,-0000.98,-0002.93,-0000.98,+0000.69,-0000.23,-0010.41
+1580946637.65,-0000.98,-0001.95,+0000.00,+0000.77,-0000.23,-0010.18
+1580946637.66,-0000.98,-0000.98,+0000.00,+0001.15,-0000.31,-0009.65
+1580946637.66,-0000.98,-0000.98,+0000.98,+0000.84,-0000.38,-0009.42
+1580946637.67,-0000.98,+0000.98,+0000.98,+0000.38,-0000.77,-0009.88
+1580946637.67,+0000.00,+0000.98,+0000.00,+0000.54,-0000.54,-0009.65
+1580946637.68,+0000.00,+0000.98,+0000.00,-0000.23,-0000.46,-0009.72
+1580946637.68,+0000.00,+0001.95,-0000.98,+0000.23,-0000.46,-0010.03
+1580946637.69,+0000.00,+0001.95,-0000.98,+0000.15,-0000.38,-0010.34
+1580946637.69,+0000.00,+0001.95,+0000.00,+0000.08,-0000.23,-0010.57
+1580946637.70,-0000.98,+0001.95,+0000.00,+0000.23,-0000.38,-0010.26
+1580946637.70,-0000.98,+0001.95,+0000.00,+0000.38,-0000.31,-0010.34
+1580946637.71,-0000.98,+0002.93,+0000.00,+0000.38,-0000.38,-0010.26
+1580946637.71,+0000.00,+0002.93,-0000.98,+0000.54,-0000.38,-0010.11
+1580946637.72,-0000.98,+0003.91,-0000.98,+0000.77,-0000.31,-0009.88
+1580946637.72,+0000.00,+0003.91,-0000.98,+0000.61,-0000.38,-0009.95
+1580946637.73,+0000.00,+0004.88,-0000.98,+0000.46,-0000.31,-0010.11
+1580946637.73,+0000.98,+0005.86,+0000.00,+0000.38,-0000.23,-0010.11
+1580946637.74,+0000.00,+0005.86,+0000.00,-0000.08,+0000.00,-0010.26
+1580946637.74,+0000.00,+0005.86,-0000.98,-0000.15,+0000.00,-0010.34
+1580946637.75,+0000.00,+0005.86,-0000.98,-0000.08,+0000.08,-0010.41
+1580946637.75,+0000.00,+0006.84,-0001.95,+0000.46,+0000.15,-0010.26
+1580946637.76,+0000.00,+0006.84,-0000.98,+0000.54,+0000.15,-0010.34
+1580946637.76,+0000.00,+0007.81,-0001.95,+0000.69,+0000.08,-0010.26
+1580946637.77,+0000.00,+0008.79,-0000.98,+0000.61,+0000.08,-0010.18
+1580946637.77,+0000.00,+0009.77,-0000.98,+0000.54,+0000.23,-0010.11
+1580946637.78,+0000.00,+0010.74,-0000.98,+0000.46,+0000.23,-0010.03
+1580946637.78,+0000.00,+0012.70,-0000.98,+0000.38,+0000.23,-0010.03
+1580946637.79,+0000.00,+0013.67,-0001.95,+0000.38,+0000.23,-0010.11
+1580946637.79,+0000.00,+0013.67,-0000.98,+0000.38,+0000.23,-0010.11
+1580946637.80,+0000.00,+0014.65,-0000.98,+0000.31,+0000.23,-0010.11
+1580946637.80,+0000.00,+0015.62,-0000.98,+0000.23,+0000.23,-0010.26
+1580946637.81,+0000.00,+0015.62,-0000.98,+0000.54,+0000.00,-0010.49
+1580946637.81,+0000.00,+0016.60,-0000.98,+0000.46,+0000.08,-0010.26
+1580946637.82,+0000.00,+0015.62,-0001.95,+0000.54,+0000.08,-0010.26
+1580946637.82,+0000.00,+0015.62,-0001.95,+0000.92,+0000.00,-0010.11
+1580946637.83,+0000.00,+0015.62,-0001.95,+0000.84,+0000.08,-0010.03
+1580946637.83,+0000.00,+0015.62,-0001.95,+0000.84,+0000.08,-0009.95
+1580946637.84,+0000.00,+0014.65,-0001.95,+0001.07,-0000.08,-0009.80
+1580946637.84,+0000.00,+0013.67,-0000.98,+0000.92,+0000.15,-0009.95
+1580946637.85,-0000.98,+0012.70,-0001.95,+0001.00,-0000.08,-0010.03
+1580946637.85,-0000.98,+0010.74,-0000.98,+0001.15,+0000.00,-0010.11
+1580946637.86,-0001.95,+0009.77,-0000.98,+0001.30,-0000.23,-0010.26
+1580946637.86,-0001.95,+0009.77,-0000.98,+0001.23,-0000.38,-0010.41
+1580946637.87,-0001.95,+0008.79,-0000.98,+0001.15,-0000.46,-0010.41
+1580946637.87,-0001.95,+0008.79,+0000.00,+0000.92,-0000.46,-0010.41
+1580946637.88,-0000.98,+0008.79,+0000.00,+0000.54,-0000.61,-0010.34
+1580946637.88,-0000.98,+0008.79,-0000.98,+0000.54,-0000.61,-0010.11
+1580946637.89,+0000.00,+0007.81,-0000.98,+0000.46,-0000.54,-0010.03
+1580946637.89,+0000.00,+0007.81,-0000.98,+0000.54,-0000.46,-0009.88
+1580946637.90,+0000.00,+0006.84,-0000.98,+0000.61,-0000.38,-0009.95
+1580946637.90,+0000.00,+0006.84,-0000.98,+0000.69,-0000.31,-0010.03
+1580946637.91,+0000.00,+0005.86,-0000.98,+0000.84,-0000.23,-0010.11
+1580946637.91,+0000.00,+0005.86,-0000.98,+0001.15,-0000.15,-0010.18
+1580946637.92,+0000.00,+0005.86,-0000.98,+0001.15,-0000.15,-0010.26
+1580946637.92,+0000.00,+0005.86,-0000.98,+0001.15,-0000.15,-0010.26
+1580946637.93,+0000.00,+0005.86,-0000.98,+0001.00,-0000.08,-0010.11
+1580946637.93,+0000.00,+0005.86,-0000.98,+0000.84,+0000.00,-0010.03
+1580946637.94,+0000.00,+0004.88,+0000.00,+0000.69,+0000.08,-0010.03
+1580946637.94,+0000.00,+0005.86,-0000.98,+0000.46,+0000.15,-0010.11
+1580946637.95,+0000.00,+0005.86,-0000.98,+0000.46,+0000.23,-0010.18
+1580946637.95,+0000.00,+0004.88,-0000.98,+0000.46,+0000.23,-0010.18
+1580946637.96,+0000.00,+0004.88,-0000.98,+0000.61,+0000.23,-0010.26
+1580946637.96,-0000.98,+0004.88,-0000.98,+0001.00,+0000.23,-0010.03
+1580946637.97,-0000.98,+0004.88,-0000.98,+0001.23,+0000.23,-0010.03
+1580946637.97,-0000.98,+0004.88,-0000.98,+0001.38,+0000.23,-0010.03
+1580946637.98,-0000.98,+0004.88,+0000.00,+0001.30,+0000.23,-0010.03
+1580946637.98,-0000.98,+0004.88,-0000.98,+0001.15,+0000.15,-0010.11
+1580946637.99,-0000.98,+0004.88,-0000.98,+0001.00,+0000.23,-0010.18
+1580946637.99,-0000.98,+0004.88,-0000.98,+0000.84,+0000.23,-0010.18
+1580946638.00,-0000.98,+0003.91,-0000.98,+0000.77,+0000.23,-0010.11
+1580946638.00,-0000.98,+0003.91,+0000.00,+0000.54,+0000.23,-0010.18
+1580946638.01,-0000.98,+0003.91,+0000.00,+0000.54,+0000.23,-0010.18
+1580946638.01,-0000.98,+0002.93,-0000.98,+0000.61,+0000.23,-0010.11
+1580946638.02,-0000.98,+0002.93,+0000.00,+0000.92,+0000.23,-0010.11
+1580946638.02,-0000.98,+0001.95,-0000.98,+0001.00,+0000.15,-0010.11
+1580946638.03,-0000.98,+0001.95,+0000.00,+0001.15,+0000.15,-0010.11
+1580946638.03,-0000.98,+0001.95,+0000.00,+0001.30,+0000.08,-0010.11
+1580946638.04,-0000.98,+0000.98,+0000.00,+0001.23,+0000.00,-0010.18
+1580946638.04,-0000.98,+0000.98,+0000.00,+0001.07,-0000.08,-0010.18
+1580946638.05,-0000.98,+0000.98,+0000.00,+0001.00,-0000.08,-0010.18
+1580946638.05,-0000.98,+0000.98,+0000.00,+0000.77,-0000.23,-0010.26
+1580946638.06,-0000.98,+0000.00,+0000.00,+0000.77,-0000.23,-0010.18
+1580946638.06,-0000.98,+0000.00,+0000.00,+0000.77,-0000.23,-0010.18
+1580946638.07,-0000.98,+0000.00,+0000.00,+0000.69,-0000.31,-0010.18
+1580946638.07,-0000.98,+0000.00,+0000.00,+0000.77,-0000.23,-0009.95
+1580946638.08,-0000.98,+0000.00,+0000.00,+0000.84,-0000.31,-0009.95
+1580946638.08,-0000.98,+0000.00,+0000.00,+0000.84,-0000.31,-0009.80
+1580946638.09,-0000.98,-0000.98,+0000.00,+0000.92,-0000.23,-0009.88
+1580946638.09,-0000.98,-0000.98,+0000.00,+0000.92,-0000.31,-0009.95
+1580946638.10,-0000.98,-0000.98,+0000.00,+0000.84,-0000.31,-0009.95
+1580946638.10,+0000.00,-0000.98,+0000.00,+0000.84,-0000.38,-0009.95
+1580946638.11,-0000.98,-0000.98,-0000.98,+0000.84,-0000.46,-0010.03
+1580946638.11,-0000.98,-0001.95,+0000.00,+0000.84,-0000.54,-0010.03
+1580946638.12,-0000.98,-0002.93,+0000.00,+0000.84,-0000.61,-0010.11
+1580946638.12,-0000.98,-0002.93,+0000.00,+0000.92,-0000.54,-0010.18
+1580946638.13,-0000.98,-0002.93,+0000.00,+0000.92,-0000.61,-0010.18
+1580946638.13,-0000.98,-0003.91,-0000.98,+0000.92,-0000.61,-0010.18
+1580946638.14,-0000.98,-0003.91,+0000.00,+0001.00,-0000.61,-0010.11
+1580946638.14,-0000.98,-0004.88,+0000.00,+0000.92,-0000.61,-0009.95
+1580946638.15,-0000.98,-0004.88,+0000.00,+0000.92,-0000.61,-0009.95
+1580946638.15,-0000.98,-0004.88,+0000.00,+0000.92,-0000.61,-0009.95
+1580946638.16,-0000.98,-0005.86,+0000.00,+0000.84,-0000.46,-0010.03
+1580946638.16,-0000.98,-0005.86,+0000.00,+0000.69,-0000.38,-0010.11
+1580946638.17,+0000.00,-0006.84,+0000.00,+0000.69,-0000.31,-0010.18
+1580946638.17,+0000.00,-0006.84,-0000.98,+0000.77,-0000.23,-0010.18
+1580946638.18,-0000.98,-0006.84,-0000.98,+0000.84,+0000.00,-0010.18
+1580946638.18,+0000.00,-0007.81,-0000.98,+0000.92,+0000.00,-0010.18
+1580946638.19,-0000.98,-0007.81,+0000.00,+0001.00,+0000.08,-0010.18
+1580946638.19,+0000.00,-0007.81,+0000.00,+0001.00,+0000.15,-0010.18
+1580946638.20,-0000.98,-0008.79,+0000.00,+0001.00,+0000.23,-0010.11
+1580946638.20,-0000.98,-0008.79,+0000.00,+0001.00,+0000.23,-0010.03
+1580946638.21,-0000.98,-0008.79,+0000.00,+0000.92,+0000.23,-0010.03
+1580946638.21,-0000.98,-0008.79,+0000.00,+0000.84,+0000.15,-0009.95
+1580946638.22,-0000.98,-0009.77,+0000.00,+0000.84,+0000.23,-0009.95
+1580946638.22,-0000.98,-0009.77,+0000.00,+0000.84,+0000.15,-0009.88
+1580946638.23,-0000.98,-0009.77,+0000.00,+0000.77,+0000.15,-0009.88
+1580946638.23,-0000.98,-0010.74,+0000.00,+0000.84,+0000.15,-0009.95
+1580946638.24,-0000.98,-0010.74,+0000.00,+0000.84,+0000.15,-0009.95
+1580946638.24,-0000.98,-0010.74,+0000.00,+0000.84,+0000.15,-0010.03
+1580946638.25,-0000.98,-0010.74,+0000.00,+0000.84,+0000.15,-0010.11
+1580946638.25,-0000.98,-0010.74,+0000.00,+0000.84,+0000.23,-0010.11
+1580946638.26,-0000.98,-0010.74,+0000.00,+0000.77,+0000.15,-0010.18
+1580946638.26,-0000.98,-0011.72,+0000.00,+0000.77,+0000.15,-0010.18
+1580946638.27,-0000.98,-0011.72,+0000.00,+0000.77,+0000.15,-0010.18
+1580946638.27,-0000.98,-0011.72,+0000.00,+0000.69,+0000.08,-0010.18
+1580946638.28,-0000.98,-0011.72,+0000.98,+0000.77,+0000.08,-0010.11
+1580946638.28,-0000.98,-0011.72,+0000.00,+0000.61,+0000.08,-0010.03
+1580946638.29,-0000.98,-0011.72,+0000.98,+0000.54,+0000.00,-0009.95
+1580946638.29,-0000.98,-0012.70,+0000.00,+0000.61,+0000.00,-0010.03
+1580946638.30,-0000.98,-0011.72,+0000.98,+0000.61,-0000.08,-0010.11
+1580946638.30,-0000.98,-0012.70,+0000.98,+0000.61,-0000.08,-0010.26
+1580946638.31,-0000.98,-0012.70,+0000.00,+0000.61,-0000.08,-0010.34
+1580946638.31,-0000.98,-0012.70,+0000.98,+0000.69,-0000.08,-0010.34
+1580946638.32,-0000.98,-0012.70,+0000.98,+0000.61,-0000.15,-0010.34
+1580946638.32,-0000.98,-0013.67,+0000.98,+0000.61,-0000.15,-0010.26
+1580946638.33,-0000.98,-0013.67,+0000.00,+0000.69,-0000.15,-0010.26
+1580946638.33,-0001.95,-0013.67,+0000.98,+0000.61,-0000.23,-0010.18
+1580946638.34,-0000.98,-0013.67,+0000.98,+0000.54,-0000.15,-0010.18
+1580946638.34,-0001.95,-0013.67,+0000.98,+0000.54,-0000.15,-0010.18
+1580946638.35,-0000.98,-0013.67,+0000.98,+0000.54,-0000.08,-0010.03
+1580946638.35,-0000.98,-0013.67,+0000.98,+0000.54,-0000.08,-0009.88
+1580946638.36,-0000.98,-0013.67,+0000.98,+0000.54,-0000.08,-0009.80
+1580946638.36,-0000.98,-0013.67,+0000.98,+0000.54,-0000.08,-0009.80
+1580946638.37,-0000.98,-0013.67,+0000.98,+0000.54,+0000.00,-0009.80
+1580946638.37,-0000.98,-0013.67,+0000.98,+0000.54,+0000.00,-0009.88
+1580946638.38,-0000.98,-0013.67,+0000.98,+0000.54,-0000.08,-0009.95
+1580946638.38,-0000.98,-0013.67,+0000.98,+0000.54,-0000.08,-0010.03
+1580946638.39,-0000.98,-0013.67,+0000.98,+0000.54,-0000.08,-0010.18
+1580946638.39,-0000.98,-0013.67,+0000.98,+0000.54,-0000.08,-0010.18
+1580946638.40,-0000.98,-0013.67,+0000.98,+0000.54,-0000.08,-0010.18
+1580946638.40,-0000.98,-0013.67,+0000.98,+0000.54,-0000.08,-0010.11
+1580946638.41,-0000.98,-0013.67,+0000.98,+0000.54,+0000.00,-0010.03
+1580946638.41,-0000.98,-0013.67,+0000.98,+0000.54,+0000.00,-0010.03
+1580946638.42,-0000.98,-0013.67,+0000.98,+0000.46,+0000.00,-0010.03
+1580946638.42,-0000.98,-0013.67,+0000.98,+0000.46,+0000.00,-0009.95
+1580946638.43,-0000.98,-0013.67,+0000.98,+0000.46,-0000.08,-0010.03
+1580946638.43,-0000.98,-0013.67,+0000.98,+0000.46,+0000.00,-0010.03
+1580946638.44,-0000.98,-0013.67,+0000.98,+0000.46,+0000.00,-0010.03
+1580946638.44,-0000.98,-0013.67,+0000.98,+0000.46,+0000.08,-0010.18
+1580946638.45,-0000.98,-0013.67,+0000.98,+0000.54,+0000.15,-0010.11
+1580946638.45,-0000.98,-0012.70,+0000.98,+0000.54,+0000.23,-0010.03
+1580946638.46,-0000.98,-0012.70,+0000.98,+0000.54,+0000.23,-0010.03
+1580946638.46,-0000.98,-0012.70,+0000.98,+0000.46,+0000.23,-0009.95
+1580946638.47,-0000.98,-0012.70,+0000.98,+0000.38,+0000.23,-0010.11
+1580946638.47,-0000.98,-0012.70,+0000.98,+0000.46,+0000.23,-0010.11
+1580946638.48,-0000.98,-0012.70,+0000.98,+0000.38,+0000.23,-0009.95
+1580946638.48,-0000.98,-0011.72,+0000.98,+0000.31,+0000.23,-0009.88
+1580946638.49,-0000.98,-0011.72,+0000.98,+0000.31,+0000.15,-0009.80
+1580946638.49,-0000.98,-0011.72,+0000.98,+0000.31,+0000.08,-0009.80
+1580946638.50,-0000.98,-0011.72,+0000.98,+0000.31,+0000.00,-0009.88
+1580946638.50,-0000.98,-0011.72,+0000.00,+0000.31,-0000.08,-0010.11
+1580946638.51,-0000.98,-0011.72,+0000.98,+0000.38,-0000.15,-0010.18
+1580946638.51,-0000.98,-0011.72,+0000.00,+0000.38,-0000.31,-0010.34
+1580946638.52,-0000.98,-0010.74,+0000.98,+0000.38,-0000.38,-0010.26
+1580946638.52,-0000.98,-0010.74,+0000.98,+0000.46,-0000.54,-0010.26
+1580946638.53,-0000.98,-0010.74,+0000.00,+0000.46,-0000.69,-0010.11
+1580946638.53,-0000.98,-0010.74,+0000.00,+0000.38,-0000.77,-0010.03
+1580946638.54,-0000.98,-0010.74,+0000.98,+0000.46,-0000.84,-0009.88
+1580946638.54,-0000.98,-0010.74,+0000.00,+0000.31,-0001.00,-0009.80
+1580946638.55,+0000.00,-0010.74,+0000.00,+0000.15,-0001.15,-0009.80
+1580946638.55,+0000.00,-0010.74,+0000.00,+0000.15,-0001.15,-0009.80
+1580946638.56,+0000.00,-0010.74,+0000.00,+0000.15,-0001.23,-0009.80
+1580946638.56,+0000.00,-0010.74,+0000.00,+0000.15,-0001.23,-0009.72
+1580946638.57,+0000.98,-0009.77,+0000.00,+0000.08,-0001.23,-0009.57
+1580946638.57,+0000.98,-0010.74,+0000.00,+0000.15,-0001.07,-0009.49
+1580946638.58,+0000.98,-0010.74,+0000.00,+0000.15,-0000.84,-0009.34
+1580946638.58,+0000.98,-0009.77,+0000.00,+0000.15,+0000.00,-0009.34
+1580946638.59,+0000.98,-0010.74,+0000.00,+0000.31,+0000.31,-0009.26
+1580946638.59,+0000.98,-0011.72,-0000.98,+0000.46,+0000.69,-0009.80
+1580946638.60,+0000.00,-0010.74,-0000.98,+0000.69,+0001.23,-0010.64
+1580946638.60,+0000.00,-0010.74,-0000.98,+0000.77,+0001.30,-0011.33
+1580946638.61,-0000.98,-0010.74,-0000.98,+0000.77,+0001.15,-0011.64
+1580946638.61,-0000.98,-0010.74,+0000.00,+0000.54,+0001.07,-0011.94
+1580946638.62,-0000.98,-0010.74,+0001.95,-0000.23,+0000.61,-0011.71
+1580946638.62,-0001.95,-0011.72,+0001.95,-0000.69,+0000.46,-0011.33
+1580946638.63,-0001.95,-0011.72,+0001.95,-0000.92,+0000.23,-0010.72
+1580946638.63,-0000.98,-0012.70,+0000.98,-0000.61,+0000.15,-0009.42
+1580946638.64,-0000.98,-0013.67,-0000.98,+0000.08,+0000.00,-0009.03
+1580946638.64,-0000.98,-0013.67,-0000.98,+0000.54,-0000.08,-0008.88
+1580946638.65,-0000.98,-0013.67,-0000.98,+0000.84,-0000.23,-0008.88
+1580946638.65,+0000.00,-0013.67,+0000.00,+0001.15,-0000.23,-0009.57
+1580946638.66,+0000.00,-0013.67,+0000.98,+0000.84,-0000.23,-0009.95
+1580946638.66,+0000.00,-0013.67,+0000.98,+0000.46,-0000.15,-0010.41
+1580946638.67,+0000.00,-0014.65,+0000.98,-0000.31,+0000.08,-0010.95
+1580946638.67,+0000.00,-0015.62,+0000.98,-0000.54,+0000.15,-0010.95
+1580946638.68,+0000.00,-0016.60,+0000.00,-0000.69,+0000.23,-0010.87
+1580946638.68,-0000.98,-0017.58,+0000.00,-0000.46,+0000.23,-0010.57
+1580946638.69,-0000.98,-0017.58,+0000.00,+0000.15,+0000.23,-0010.03
+1580946638.69,-0000.98,-0018.55,+0000.00,+0000.31,+0000.23,-0009.80
+1580946638.70,-0000.98,-0018.55,+0000.98,+0000.46,+0000.23,-0009.72
+1580946638.70,-0000.98,-0018.55,+0000.98,+0000.46,+0000.23,-0009.80
+1580946638.71,-0000.98,-0019.53,+0000.98,+0000.46,+0000.15,-0009.95
+1580946638.71,-0000.98,-0019.53,+0000.00,+0000.46,+0000.15,-0010.11
+1580946638.72,-0000.98,-0019.53,+0000.98,+0000.38,+0000.15,-0010.18
+1580946638.72,-0000.98,-0020.51,+0000.98,+0000.15,+0000.15,-0010.26
+1580946638.73,-0000.98,-0020.51,+0000.98,+0000.00,+0000.15,-0010.34
+1580946638.73,-0000.98,-0020.51,+0000.98,-0000.08,+0000.15,-0010.26
+1580946638.74,-0000.98,-0020.51,+0000.98,-0000.23,+0000.15,-0010.26
+1580946638.74,-0000.98,-0020.51,+0000.98,-0000.23,+0000.15,-0010.03
+1580946638.75,-0000.98,-0021.48,+0000.98,-0000.23,+0000.08,-0009.88
+1580946638.75,-0000.98,-0021.48,+0000.98,-0000.08,+0000.08,-0009.88
+1580946638.76,-0000.98,-0021.48,+0000.98,+0000.08,+0000.08,-0009.95
+1580946638.76,-0000.98,-0021.48,+0000.98,+0000.08,+0000.00,-0010.03
+1580946638.77,-0000.98,-0020.51,+0000.98,+0000.08,+0000.00,-0010.11
+1580946638.77,-0000.98,-0020.51,+0000.98,+0000.00,+0000.00,-0010.11
+1580946638.78,-0000.98,-0020.51,+0000.98,-0000.31,+0000.08,-0010.11
+1580946638.78,-0000.98,-0020.51,+0000.98,-0000.31,+0000.08,-0010.18
+1580946638.79,-0000.98,-0020.51,+0000.98,-0000.38,+0000.15,-0010.18
+1580946638.79,-0000.98,-0020.51,+0000.98,-0000.54,+0000.15,-0010.26
+1580946638.80,-0000.98,-0020.51,+0000.98,-0000.46,+0000.23,-0010.26
+1580946638.80,-0000.98,-0019.53,+0000.98,-0000.46,+0000.15,-0010.18
+1580946638.81,-0000.98,-0019.53,+0000.98,-0000.38,+0000.23,-0010.18
+1580946638.81,-0000.98,-0019.53,+0000.98,-0000.38,+0000.15,-0010.11
+1580946638.82,-0000.98,-0018.55,+0001.95,-0000.46,+0000.15,-0010.03
+1580946638.82,-0000.98,-0017.58,+0000.98,-0000.46,+0000.08,-0010.11
+1580946638.83,-0000.98,-0016.60,+0000.98,-0000.54,+0000.00,-0010.11
+1580946638.83,-0000.98,-0016.60,+0000.98,-0000.61,+0000.00,-0010.11
+1580946638.84,-0000.98,-0015.62,+0000.98,-0000.61,+0000.00,-0010.11
+1580946638.84,-0000.98,-0015.62,+0000.98,-0000.77,-0000.08,-0010.11
+1580946638.85,-0000.98,-0014.65,+0000.98,-0000.84,-0000.08,-0010.11
+1580946638.85,-0000.98,-0013.67,+0000.98,-0000.84,-0000.08,-0010.03
+1580946638.86,-0000.98,-0013.67,+0000.98,-0000.92,-0000.15,-0010.11
+1580946638.86,-0000.98,-0012.70,+0000.98,-0000.84,-0000.15,-0010.18
+1580946638.87,-0000.98,-0011.72,+0000.98,-0000.77,-0000.15,-0010.18
+1580946638.87,-0000.98,-0010.74,+0000.98,-0000.77,-0000.31,-0010.11
+1580946638.88,-0000.98,-0009.77,+0000.98,-0000.77,-0000.23,-0010.11
+1580946638.88,-0000.98,-0009.77,+0000.98,-0000.77,-0000.23,-0010.03
+1580946638.89,-0000.98,-0008.79,+0000.98,-0000.84,-0000.23,-0009.95
+1580946638.89,-0000.98,-0007.81,+0000.98,-0000.92,-0000.15,-0010.03
+1580946638.90,-0000.98,-0006.84,+0000.00,-0000.92,-0000.23,-0010.03
+1580946638.90,-0000.98,-0006.84,+0000.98,-0001.00,-0000.23,-0010.11
+1580946638.91,-0000.98,-0005.86,+0000.00,-0001.00,-0000.23,-0010.03
+1580946638.91,-0000.98,-0004.88,+0000.00,-0001.00,-0000.31,-0010.03
+1580946638.92,-0000.98,-0004.88,+0000.00,-0000.92,-0000.31,-0010.11
+1580946638.92,-0000.98,-0003.91,+0000.00,-0000.92,-0000.31,-0010.11
+1580946638.93,-0000.98,-0002.93,+0000.00,-0000.92,-0000.38,-0010.11
+1580946638.93,-0000.98,-0002.93,+0000.00,-0001.00,-0000.46,-0010.18
+1580946638.94,-0000.98,-0001.95,+0000.00,-0000.92,-0000.46,-0010.18
+1580946638.94,-0000.98,-0000.98,+0000.00,-0000.92,-0000.54,-0010.18
+1580946638.95,-0000.98,-0000.98,+0000.00,-0000.92,-0000.46,-0010.18
+1580946638.95,-0000.98,+0000.00,+0000.00,-0000.92,-0000.61,-0010.11
+1580946638.96,-0000.98,+0000.00,+0000.00,-0000.92,-0000.61,-0010.11
+1580946638.96,-0000.98,+0000.98,-0000.98,-0000.92,-0000.61,-0010.11
+1580946638.97,-0000.98,+0000.98,-0000.98,-0000.92,-0000.61,-0010.11
+1580946638.97,-0000.98,+0001.95,-0000.98,-0000.84,-0000.54,-0010.03
+1580946638.98,-0000.98,+0001.95,-0000.98,-0000.77,-0000.54,-0010.11
+1580946638.98,-0000.98,+0002.93,-0000.98,-0000.77,-0000.46,-0010.11
+1580946638.99,-0000.98,+0002.93,-0000.98,-0000.69,-0000.38,-0010.03
+1580946638.99,-0000.98,+0003.91,-0000.98,-0000.69,-0000.31,-0010.03
+1580946639.00,-0000.98,+0003.91,-0000.98,-0000.69,-0000.38,-0010.03
+1580946639.00,-0000.98,+0004.88,-0000.98,-0000.61,-0000.31,-0010.11
+1580946639.01,-0000.98,+0004.88,-0000.98,-0000.61,-0000.31,-0010.11
+1580946639.01,-0000.98,+0004.88,-0000.98,-0000.61,-0000.23,-0010.03
+1580946639.02,-0000.98,+0005.86,-0000.98,-0000.61,-0000.23,-0010.03
+1580946639.02,-0000.98,+0005.86,-0000.98,-0000.61,-0000.15,-0010.03
+1580946639.03,-0000.98,+0005.86,-0000.98,-0000.61,-0000.08,-0010.11
+1580946639.03,-0000.98,+0005.86,-0000.98,-0000.61,-0000.08,-0010.03
+1580946639.04,-0000.98,+0006.84,-0000.98,-0000.61,+0000.00,-0010.11
+1580946639.04,-0000.98,+0006.84,-0000.98,-0000.61,+0000.00,-0010.11
+1580946639.05,-0000.98,+0006.84,-0000.98,-0000.54,+0000.00,-0010.11
+1580946639.05,+0000.00,+0006.84,-0000.98,-0000.54,+0000.08,-0010.11
+1580946639.06,-0000.98,+0006.84,-0000.98,-0000.54,+0000.15,-0010.11
+1580946639.06,+0000.00,+0006.84,-0000.98,-0000.54,+0000.08,-0010.11
+1580946639.07,+0000.00,+0006.84,-0000.98,-0000.54,+0000.15,-0010.11
+1580946639.07,+0000.00,+0006.84,-0000.98,-0000.46,+0000.15,-0010.11
+1580946639.08,+0000.00,+0006.84,-0000.98,-0000.46,+0000.15,-0010.11
+1580946639.08,-0000.98,+0006.84,-0000.98,-0000.46,+0000.08,-0010.11
+1580946639.09,-0000.98,+0006.84,-0000.98,-0000.46,+0000.15,-0010.03
+1580946639.09,+0000.00,+0006.84,-0000.98,-0000.46,+0000.15,-0010.11
+1580946639.10,-0000.98,+0006.84,-0000.98,-0000.46,+0000.08,-0010.11
+1580946639.10,+0000.00,+0007.81,-0000.98,-0000.46,+0000.08,-0010.11
+1580946639.11,+0000.00,+0007.81,-0000.98,-0000.54,+0000.08,-0010.03
+1580946639.11,+0000.00,+0007.81,-0000.98,-0000.46,+0000.15,-0010.11
+1580946639.12,+0000.00,+0007.81,-0000.98,-0000.46,+0000.08,-0010.11
+1580946639.12,+0000.00,+0007.81,-0000.98,-0000.46,+0000.15,-0010.11
+1580946639.13,+0000.00,+0007.81,-0000.98,-0000.46,+0000.15,-0010.11
+1580946639.13,+0000.00,+0007.81,-0000.98,-0000.38,+0000.15,-0010.11
+1580946639.14,+0000.00,+0007.81,-0000.98,-0000.38,+0000.15,-0010.11
+1580946639.14,-0000.98,+0007.81,-0000.98,-0000.38,+0000.15,-0010.18
+1580946639.15,+0000.00,+0007.81,-0000.98,-0000.31,+0000.15,-0010.18
+1580946639.15,+0000.00,+0007.81,-0000.98,-0000.31,+0000.08,-0010.18
+1580946639.16,+0000.00,+0007.81,-0000.98,-0000.31,+0000.15,-0010.18
+1580946639.16,+0000.00,+0007.81,-0000.98,-0000.31,+0000.15,-0010.11
+1580946639.17,+0000.00,+0007.81,-0000.98,-0000.38,+0000.15,-0010.11
+1580946639.17,+0000.00,+0007.81,-0000.98,-0000.31,+0000.15,-0010.11
+1580946639.18,-0000.98,+0007.81,-0000.98,-0000.38,+0000.15,-0010.11
+1580946639.18,-0000.98,+0007.81,-0000.98,-0000.31,+0000.08,-0010.11
+1580946639.19,+0000.00,+0007.81,-0000.98,-0000.31,+0000.08,-0010.11
+1580946639.19,-0000.98,+0006.84,-0000.98,-0000.31,+0000.08,-0010.11
+1580946639.20,-0000.98,+0006.84,-0000.98,-0000.23,+0000.00,-0010.18
+1580946639.20,-0000.98,+0006.84,-0000.98,-0000.23,+0000.00,-0010.11
+1580946639.21,-0000.98,+0006.84,-0000.98,-0000.15,+0000.08,-0010.11
+1580946639.21,-0000.98,+0006.84,-0000.98,-0000.15,+0000.00,-0010.11
+1580946639.22,-0000.98,+0006.84,-0000.98,-0000.15,+0000.00,-0010.11
+1580946639.22,-0000.98,+0006.84,-0000.98,-0000.15,+0000.08,-0010.11
+1580946639.23,-0000.98,+0006.84,-0000.98,-0000.15,+0000.00,-0010.11
+1580946639.23,-0000.98,+0006.84,-0000.98,-0000.15,+0000.00,-0010.18
+1580946639.24,-0000.98,+0006.84,-0000.98,-0000.15,+0000.00,-0010.18
+1580946639.24,-0000.98,+0006.84,-0000.98,-0000.15,-0000.08,-0010.11
+1580946639.25,-0000.98,+0005.86,-0000.98,-0000.15,-0000.08,-0010.11
+1580946639.25,-0000.98,+0005.86,-0000.98,-0000.15,-0000.08,-0010.11
+1580946639.26,-0000.98,+0006.84,-0000.98,-0000.15,-0000.08,-0010.11
+1580946639.26,-0000.98,+0005.86,-0000.98,-0000.08,+0000.00,-0010.18
+1580946639.27,-0000.98,+0005.86,-0000.98,-0000.08,-0000.08,-0010.18
+1580946639.27,-0000.98,+0005.86,-0000.98,-0000.08,-0000.08,-0010.18
+1580946639.28,-0000.98,+0005.86,-0000.98,-0000.08,-0000.08,-0010.18
+1580946639.28,-0000.98,+0004.88,-0000.98,-0000.08,-0000.08,-0010.11
+1580946639.29,-0000.98,+0004.88,-0000.98,-0000.08,-0000.08,-0010.11
+1580946639.29,-0000.98,+0004.88,-0000.98,-0000.08,-0000.15,-0010.11
+1580946639.30,-0000.98,+0004.88,-0000.98,-0000.08,-0000.15,-0010.03
+1580946639.30,-0000.98,+0003.91,-0000.98,-0000.08,-0000.23,-0010.03
+1580946639.31,-0000.98,+0003.91,-0000.98,-0000.08,-0000.23,-0009.95
+1580946639.31,-0000.98,+0003.91,+0000.00,-0000.08,-0000.31,-0009.95
+1580946639.32,-0000.98,+0002.93,-0000.98,-0000.08,-0000.31,-0009.95
+1580946639.32,-0000.98,+0002.93,-0000.98,-0000.08,-0000.46,-0010.03
+1580946639.33,+0000.00,+0002.93,+0000.00,-0000.08,-0000.46,-0009.95
+1580946639.33,+0000.00,+0001.95,+0000.00,+0000.00,-0000.38,-0009.95
+1580946639.34,+0000.00,+0001.95,+0000.00,-0000.08,-0000.38,-0010.03
+1580946639.34,-0000.98,+0001.95,+0000.00,-0000.08,-0000.31,-0010.03
+1580946639.35,+0000.00,+0001.95,+0000.00,-0000.08,-0000.31,-0010.03
+1580946639.35,+0000.00,+0001.95,-0000.98,-0000.08,-0000.31,-0010.03
+1580946639.36,-0000.98,+0000.98,+0000.00,-0000.08,-0000.23,-0010.11
+1580946639.36,-0000.98,+0000.98,+0000.00,-0000.15,-0000.23,-0010.11
+1580946639.37,+0000.00,+0000.98,+0000.00,-0000.08,-0000.15,-0010.11
+1580946639.37,-0000.98,+0000.00,-0000.98,-0000.08,-0000.15,-0010.11
+1580946639.38,-0000.98,+0000.00,-0000.98,-0000.08,-0000.15,-0010.11
+1580946639.38,-0000.98,+0000.00,+0000.00,-0000.08,-0000.15,-0010.11
+1580946639.39,-0000.98,+0000.00,-0000.98,-0000.08,-0000.08,-0010.11
+1580946639.39,-0000.98,+0000.00,-0000.98,-0000.08,-0000.08,-0010.18
+1580946639.40,-0000.98,+0000.00,+0000.00,-0000.15,-0000.08,-0010.18
+1580946639.40,-0000.98,-0000.98,-0000.98,-0000.15,-0000.08,-0010.18
+1580946639.41,-0000.98,+0000.00,-0000.98,-0000.15,-0000.08,-0010.11
+1580946639.41,-0000.98,+0000.00,-0000.98,-0000.15,-0000.08,-0010.11
+1580946639.42,-0000.98,+0000.00,-0000.98,-0000.15,+0000.00,-0010.11
+1580946639.42,-0000.98,-0000.98,+0000.00,-0000.15,+0000.00,-0010.11
+1580946639.43,-0000.98,-0000.98,+0000.00,-0000.15,+0000.00,-0010.18
+1580946639.43,-0000.98,+0000.00,-0000.98,-0000.15,+0000.00,-0010.18
+1580946639.44,-0000.98,-0000.98,+0000.00,-0000.15,+0000.00,-0010.18
+1580946639.44,-0000.98,+0000.00,-0000.98,-0000.15,+0000.00,-0010.18
+1580946639.45,-0000.98,+0000.00,-0000.98,-0000.15,+0000.00,-0010.18
+1580946639.45,-0000.98,+0000.00,+0000.00,-0000.23,+0000.00,-0010.11
+1580946639.46,-0000.98,+0000.00,-0000.98,-0000.23,+0000.00,-0010.18
+1580946639.46,-0000.98,+0000.00,-0000.98,-0000.23,-0000.08,-0010.18
+1580946639.47,-0000.98,+0000.00,-0000.98,-0000.15,-0000.08,-0010.18
+1580946639.47,-0000.98,+0000.00,-0000.98,-0000.15,-0000.08,-0010.11
+1580946639.48,-0000.98,+0000.00,-0000.98,-0000.15,-0000.08,-0010.11
+1580946639.48,-0000.98,+0000.00,-0000.98,-0000.08,-0000.08,-0010.11
+1580946639.49,-0000.98,+0000.00,-0000.98,-0000.08,-0000.08,-0010.11
+1580946639.49,-0000.98,+0000.00,+0000.00,-0000.08,-0000.08,-0010.03
+1580946639.50,+0000.00,+0000.00,-0000.98,-0000.08,-0000.08,-0010.03
+1580946639.50,-0000.98,+0000.00,-0000.98,-0000.15,-0000.08,-0010.03
+1580946639.51,+0000.00,+0000.00,-0000.98,-0000.08,-0000.08,-0010.11
+1580946639.51,-0000.98,+0000.00,-0000.98,-0000.15,+0000.00,-0010.11
+1580946639.52,+0000.00,+0000.00,-0000.98,-0000.15,+0000.00,-0010.03
+1580946639.52,-0000.98,+0000.00,-0000.98,-0000.15,+0000.00,-0010.11
+1580946639.53,+0000.00,+0000.00,-0000.98,-0000.08,+0000.00,-0010.11
+1580946639.53,+0000.00,-0000.98,-0000.98,-0000.08,+0000.08,-0010.11
+1580946639.54,+0000.00,-0000.98,-0000.98,-0000.08,+0000.08,-0010.11
+1580946639.54,-0000.98,-0000.98,-0000.98,+0000.00,+0000.08,-0010.03
+1580946639.55,-0000.98,-0000.98,-0000.98,-0000.08,+0000.08,-0010.11
+1580946639.55,+0000.00,-0000.98,-0000.98,-0000.08,+0000.15,-0010.11
+1580946639.56,-0000.98,-0000.98,-0000.98,-0000.08,+0000.15,-0010.11
+1580946639.56,-0000.98,-0000.98,-0000.98,-0000.08,+0000.15,-0010.18
+1580946639.57,+0000.00,-0000.98,-0000.98,-0000.15,+0000.15,-0010.18
+1580946639.57,-0000.98,-0001.95,-0000.98,-0000.08,+0000.15,-0010.18
+1580946639.58,+0000.00,-0001.95,+0000.00,-0000.08,+0000.15,-0010.18
+1580946639.58,-0000.98,-0001.95,-0000.98,-0000.08,+0000.23,-0010.18
+1580946639.59,+0000.00,-0001.95,+0000.00,-0000.08,+0000.23,-0010.11
+1580946639.59,-0000.98,-0001.95,+0000.00,-0000.08,+0000.23,-0010.11
+1580946639.60,-0000.98,-0001.95,+0000.00,-0000.08,+0000.23,-0010.11
+1580946639.60,+0000.00,-0001.95,-0000.98,-0000.08,+0000.23,-0010.11
+1580946639.61,-0000.98,-0002.93,+0000.00,-0000.08,+0000.15,-0010.03
+1580946639.61,-0000.98,-0001.95,+0000.00,+0000.00,+0000.15,-0010.11
+1580946639.62,+0000.00,-0001.95,-0000.98,-0000.08,+0000.15,-0010.03
+1580946639.62,-0000.98,-0001.95,+0000.00,-0000.08,+0000.08,-0010.03
+1580946639.63,+0000.00,-0001.95,+0000.00,-0000.15,+0000.08,-0010.03
+1580946639.63,-0000.98,-0001.95,+0000.00,-0000.15,+0000.08,-0010.11
+1580946639.64,+0000.00,-0001.95,-0000.98,-0000.15,+0000.00,-0010.11
+1580946639.64,+0000.00,-0001.95,+0000.00,-0000.15,+0000.00,-0010.18
+1580946639.65,+0000.00,-0001.95,+0000.00,-0000.15,+0000.00,-0010.11
+1580946639.65,+0000.00,-0001.95,+0000.00,-0000.15,+0000.00,-0010.11
+1580946639.66,+0000.00,-0001.95,+0000.00,-0000.08,+0000.00,-0010.11
+1580946639.66,-0000.98,-0001.95,+0000.00,-0000.15,+0000.00,-0010.11
+1580946639.67,+0000.00,-0001.95,+0000.00,-0000.15,+0000.00,-0010.11
+1580946639.67,+0000.00,-0001.95,+0000.00,-0000.15,+0000.00,-0010.11
+1580946639.68,-0000.98,-0000.98,+0000.00,-0000.23,+0000.08,-0010.11
+1580946639.68,+0000.00,-0001.95,+0000.00,-0000.15,+0000.08,-0010.11
+1580946639.69,-0000.98,-0000.98,+0000.00,-0000.23,+0000.08,-0010.11
+1580946639.69,-0000.98,-0000.98,+0000.00,-0000.23,+0000.08,-0010.11
+1580946639.70,-0000.98,-0000.98,+0000.00,-0000.15,+0000.08,-0010.11
+1580946639.70,+0000.00,-0000.98,+0000.00,-0000.15,+0000.08,-0010.18
+1580946639.71,-0000.98,-0000.98,+0000.00,-0000.15,+0000.08,-0010.11
+1580946639.71,+0000.00,-0000.98,+0000.00,-0000.15,+0000.08,-0010.18
+1580946639.72,-0000.98,-0000.98,+0000.00,-0000.15,+0000.08,-0010.11
+1580946639.72,-0000.98,-0000.98,+0000.00,-0000.15,+0000.08,-0010.11
+1580946639.73,-0000.98,-0000.98,+0000.00,-0000.15,+0000.08,-0010.11
+1580946639.73,+0000.00,-0000.98,+0000.00,-0000.15,+0000.08,-0010.11
+1580946639.74,-0000.98,-0000.98,+0000.00,-0000.23,+0000.08,-0010.11
+1580946639.74,-0000.98,-0000.98,+0000.00,-0000.23,+0000.00,-0010.11
+1580946639.75,-0000.98,-0000.98,+0000.00,-0000.23,+0000.08,-0010.11
+1580946639.75,-0000.98,-0000.98,+0000.00,-0000.23,+0000.08,-0010.11
+1580946639.76,-0000.98,-0000.98,-0000.98,-0000.23,+0000.08,-0010.11
+1580946639.76,-0000.98,-0000.98,+0000.00,-0000.23,+0000.08,-0010.11
+1580946639.77,-0000.98,-0000.98,-0000.98,-0000.23,+0000.08,-0010.11
+1580946639.77,-0000.98,-0000.98,+0000.00,-0000.15,+0000.00,-0010.11
+1580946639.78,-0000.98,-0000.98,-0000.98,-0000.15,+0000.08,-0010.11
+1580946639.78,-0000.98,-0000.98,-0000.98,-0000.15,+0000.08,-0010.11
+1580946639.79,-0000.98,-0000.98,-0000.98,-0000.15,+0000.00,-0010.11
+1580946639.79,-0000.98,-0000.98,-0000.98,-0000.15,+0000.08,-0010.11
+1580946639.80,-0000.98,-0001.95,+0000.00,-0000.15,+0000.00,-0010.11
+1580946639.80,-0000.98,-0001.95,-0000.98,-0000.15,+0000.08,-0010.18
+1580946639.81,-0000.98,-0001.95,-0000.98,-0000.15,+0000.00,-0010.11
+1580946639.81,-0000.98,-0001.95,-0000.98,-0000.08,+0000.00,-0010.11
+1580946639.82,+0000.00,-0002.93,-0000.98,+0000.00,-0000.08,-0010.11
+1580946639.82,-0000.98,-0002.93,-0000.98,-0000.08,+0000.00,-0010.11
+1580946639.83,-0000.98,-0002.93,-0000.98,-0000.08,+0000.00,-0010.11
+1580946639.83,-0000.98,-0002.93,+0000.00,-0000.08,+0000.00,-0010.11
+1580946639.84,-0000.98,-0003.91,-0000.98,-0000.08,-0000.08,-0010.11
+1580946639.84,-0000.98,-0003.91,+0000.00,-0000.08,-0000.08,-0010.11
+1580946639.85,+0000.00,-0003.91,-0000.98,-0000.15,-0000.08,-0010.11
+1580946639.85,-0000.98,-0003.91,+0000.00,-0000.15,-0000.15,-0010.03
+1580946639.86,-0000.98,-0004.88,+0000.00,-0000.15,-0000.15,-0010.11
+1580946639.86,-0000.98,-0004.88,+0000.00,-0000.08,-0000.15,-0010.18
+1580946639.87,-0000.98,-0004.88,+0000.00,-0000.15,-0000.15,-0010.11
+1580946639.87,-0000.98,-0004.88,+0000.00,-0000.15,-0000.15,-0010.11
+1580946639.88,-0000.98,-0004.88,+0000.00,-0000.15,-0000.23,-0010.11
+1580946639.88,-0000.98,-0004.88,+0000.00,-0000.15,-0000.15,-0010.11
+1580946639.89,-0000.98,-0004.88,+0000.00,-0000.23,-0000.15,-0010.11
+1580946639.89,-0000.98,-0004.88,+0000.00,-0000.23,-0000.23,-0010.11
+1580946639.90,-0000.98,-0004.88,+0000.00,-0000.23,-0000.23,-0010.11
+1580946639.90,-0000.98,-0004.88,+0000.00,-0000.23,-0000.15,-0010.11
+1580946639.91,-0000.98,-0004.88,+0000.00,-0000.23,-0000.23,-0010.11
+1580946639.91,-0000.98,-0004.88,+0000.00,-0000.23,-0000.23,-0010.03
+1580946639.92,-0000.98,-0004.88,+0000.00,-0000.23,-0000.23,-0010.11
+1580946639.92,-0000.98,-0004.88,+0000.00,-0000.23,-0000.23,-0010.11
+1580946639.93,-0000.98,-0004.88,+0000.00,-0000.23,-0000.23,-0010.11
+1580946639.93,-0000.98,-0004.88,+0000.00,-0000.23,-0000.23,-0010.11
+1580946639.94,-0000.98,-0003.91,+0000.00,-0000.31,-0000.23,-0010.11
+1580946639.94,-0000.98,-0003.91,+0000.00,-0000.23,-0000.23,-0010.03
+1580946639.95,-0000.98,-0003.91,+0000.00,-0000.31,-0000.31,-0010.11
+1580946639.95,-0000.98,-0003.91,+0000.00,-0000.31,-0000.23,-0010.03
+1580946639.96,-0000.98,-0003.91,+0000.00,-0000.31,-0000.23,-0010.03
+1580946639.96,-0000.98,-0003.91,+0000.00,-0000.31,-0000.23,-0010.03
+1580946639.97,-0000.98,-0003.91,+0000.00,-0000.23,-0000.23,-0010.03
+1580946639.97,-0000.98,-0003.91,+0000.00,-0000.31,-0000.23,-0010.11
+1580946639.98,-0000.98,-0003.91,+0000.00,-0000.31,-0000.23,-0010.03
+1580946639.98,-0000.98,-0003.91,+0000.00,-0000.31,-0000.15,-0010.03
+1580946639.99,-0000.98,-0003.91,+0000.00,-0000.31,-0000.23,-0009.95
+1580946639.99,-0000.98,-0003.91,+0000.00,-0000.31,-0000.15,-0010.11
+1580946640.00,-0000.98,-0003.91,+0000.00,-0000.31,-0000.15,-0010.03
+1580946640.00,-0000.98,-0003.91,+0000.00,-0000.31,-0000.08,-0010.11
+1580946640.01,-0000.98,-0003.91,+0000.00,-0000.31,-0000.15,-0010.11
+1580946640.01,-0000.98,-0003.91,+0000.00,-0000.31,-0000.08,-0010.11
+1580946640.02,-0000.98,-0003.91,+0000.00,-0000.31,-0000.08,-0010.11
+1580946640.02,-0000.98,-0003.91,+0000.00,-0000.31,-0000.08,-0010.11
+1580946640.03,-0000.98,-0003.91,+0000.00,-0000.38,-0000.08,-0010.18
+1580946640.03,-0000.98,-0003.91,+0000.00,-0000.31,+0000.00,-0010.11
+1580946640.04,-0000.98,-0003.91,+0000.00,-0000.38,-0000.08,-0010.11
+1580946640.04,-0000.98,-0003.91,+0000.00,-0000.31,+0000.00,-0010.18
+1580946640.05,-0000.98,-0003.91,+0000.00,-0000.31,+0000.08,-0010.18
+1580946640.05,-0000.98,-0002.93,+0000.00,-0000.38,+0000.08,-0010.18
+1580946640.06,-0000.98,-0002.93,+0000.00,-0000.38,+0000.08,-0010.18
+1580946640.06,-0000.98,-0002.93,+0000.00,-0000.31,+0000.08,-0010.18
+1580946640.07,+0000.00,-0002.93,+0000.00,-0000.38,+0000.08,-0010.18
+1580946640.07,-0000.98,-0002.93,-0000.98,-0000.38,+0000.08,-0010.11
+1580946640.08,-0000.98,-0001.95,+0000.00,-0000.38,+0000.15,-0010.18
+1580946640.08,-0000.98,-0002.93,+0000.00,-0000.38,+0000.15,-0010.11
+1580946640.09,-0000.98,-0001.95,+0000.00,-0000.46,+0000.15,-0010.11
+1580946640.09,-0000.98,-0001.95,+0000.00,-0000.46,+0000.15,-0010.11
+1580946640.10,-0000.98,-0001.95,+0000.00,-0000.46,+0000.08,-0010.11
+1580946640.10,-0000.98,-0001.95,-0000.98,-0000.38,+0000.08,-0010.11
+1580946640.11,-0000.98,-0000.98,-0000.98,-0000.38,+0000.00,-0010.03
+1580946640.11,-0000.98,-0000.98,+0000.00,-0000.38,+0000.00,-0010.03
+1580946640.12,-0000.98,-0000.98,-0000.98,-0000.38,-0000.08,-0010.11
+1580946640.12,-0000.98,-0000.98,+0000.00,-0000.31,-0000.08,-0010.11
+1580946640.13,-0000.98,+0000.00,-0000.98,-0000.38,-0000.08,-0010.03
+1580946640.13,-0000.98,+0000.00,-0000.98,-0000.46,-0000.15,-0010.03
+1580946640.14,-0000.98,+0000.00,+0000.00,-0000.46,-0000.08,-0010.11
+1580946640.14,-0000.98,+0000.00,-0000.98,-0000.46,-0000.15,-0010.11
+1580946640.15,-0000.98,+0000.98,-0000.98,-0000.38,-0000.15,-0010.11
+1580946640.15,+0000.00,+0000.98,+0000.00,-0000.46,-0000.15,-0010.11
+1580946640.16,-0000.98,+0000.98,+0000.00,-0000.38,-0000.15,-0010.11
+1580946640.16,+0000.00,+0000.98,-0000.98,-0000.46,-0000.15,-0010.11
+1580946640.17,-0000.98,+0000.98,-0000.98,-0000.46,-0000.15,-0010.11
+1580946640.17,+0000.00,+0000.98,-0000.98,-0000.31,-0000.08,-0010.18
+1580946640.18,-0000.98,+0000.98,-0000.98,-0000.38,-0000.15,-0010.18
+1580946640.18,-0000.98,+0000.98,-0000.98,-0000.38,-0000.15,-0010.18
+1580946640.19,-0000.98,+0000.98,-0000.98,-0000.31,-0000.08,-0010.18
+1580946640.19,-0000.98,+0000.98,-0000.98,-0000.31,-0000.08,-0010.18
+1580946640.20,-0000.98,+0000.98,-0000.98,-0000.38,-0000.08,-0010.18
+1580946640.20,-0000.98,+0000.98,-0000.98,-0000.31,+0000.00,-0010.18
+1580946640.21,-0000.98,+0000.98,-0000.98,-0000.31,+0000.00,-0010.11
+1580946640.21,-0000.98,+0000.98,-0000.98,-0000.38,-0000.08,-0010.11
+1580946640.22,-0000.98,+0000.98,-0000.98,-0000.23,+0000.00,-0010.18
+1580946640.22,-0000.98,+0000.98,-0000.98,-0000.23,+0000.00,-0010.11
+1580946640.23,-0000.98,+0000.98,+0000.00,-0000.23,+0000.00,-0010.11
+1580946640.23,-0000.98,+0000.98,-0000.98,-0000.31,+0000.00,-0010.11
+1580946640.24,-0000.98,+0000.98,-0000.98,-0000.31,+0000.00,-0010.11
+1580946640.24,-0000.98,+0000.98,-0000.98,-0000.31,+0000.00,-0010.11
+1580946640.25,-0000.98,+0000.98,+0000.00,-0000.31,+0000.00,-0010.11
+1580946640.25,-0000.98,+0000.98,-0000.98,-0000.31,+0000.00,-0010.03
+1580946640.26,-0000.98,+0000.98,-0000.98,-0000.38,+0000.08,-0010.03
+1580946640.26,-0000.98,+0000.98,-0000.98,-0000.38,+0000.00,-0010.03
+1580946640.27,-0000.98,+0000.98,-0000.98,-0000.38,+0000.00,-0009.95
+1580946640.27,-0000.98,+0000.98,-0000.98,-0000.31,+0000.00,-0010.03
+1580946640.28,-0000.98,+0000.98,-0000.98,-0000.23,+0000.00,-0010.03
+1580946640.28,-0000.98,+0000.98,-0000.98,-0000.23,-0000.08,-0010.11
+1580946640.29,-0000.98,+0000.98,-0000.98,-0000.15,+0000.00,-0010.03
+1580946640.29,-0000.98,+0000.98,-0000.98,-0000.15,+0000.00,-0010.03
+1580946640.30,-0000.98,+0000.98,-0000.98,-0000.23,+0000.00,-0010.03
+1580946640.30,-0000.98,+0000.98,-0000.98,-0000.08,+0000.00,-0009.95
+1580946640.31,-0000.98,+0000.98,-0000.98,-0000.23,+0000.08,-0010.11
+1580946640.31,-0000.98,+0000.98,+0000.00,-0000.23,+0000.00,-0010.03
+1580946640.32,-0000.98,+0000.98,-0000.98,-0000.31,+0000.08,-0010.03
+1580946640.32,-0000.98,+0000.00,-0000.98,-0000.31,+0000.08,-0010.11
+1580946640.33,+0000.00,+0000.00,-0000.98,-0000.31,+0000.08,-0010.18
+1580946640.33,+0000.00,+0000.00,-0000.98,-0000.23,+0000.08,-0010.11
+1580946640.34,-0000.98,+0000.00,-0000.98,-0000.31,+0000.08,-0010.11
+1580946640.34,-0000.98,+0000.00,+0000.00,-0000.23,+0000.00,-0010.18
+1580946640.35,-0000.98,+0000.00,-0000.98,-0000.23,+0000.00,-0010.18
+1580946640.35,-0000.98,+0000.00,+0000.00,-0000.23,-0000.08,-0010.26
+1580946640.36,-0000.98,+0000.00,+0000.00,-0000.23,-0000.08,-0010.18
+1580946640.36,-0000.98,+0000.00,-0000.98,-0000.31,-0000.23,-0010.18
+1580946640.37,-0000.98,+0000.00,+0000.00,-0000.31,-0000.23,-0010.18
+1580946640.37,-0000.98,+0000.00,+0000.00,-0000.23,-0000.23,-0010.18
+1580946640.38,+0000.00,+0000.00,+0000.00,-0000.31,-0000.31,-0010.18
+1580946640.38,-0000.98,+0000.00,+0000.00,-0000.31,-0000.31,-0010.18
+1580946640.39,+0000.00,+0000.00,+0000.00,-0000.31,-0000.31,-0010.18
+1580946640.39,-0000.98,+0000.00,-0000.98,-0000.31,-0000.31,-0010.18
+1580946640.40,-0000.98,+0000.00,+0000.00,-0000.31,-0000.23,-0010.11
+1580946640.40,-0000.98,+0000.00,+0000.00,-0000.23,-0000.15,-0010.18
+1580946640.41,+0000.00,+0000.00,+0000.00,-0000.23,-0000.23,-0010.11
+1580946640.41,-0000.98,+0000.00,-0000.98,-0000.23,-0000.15,-0010.11
+1580946640.42,-0000.98,+0000.00,+0000.00,-0000.23,-0000.15,-0010.11
+1580946640.42,-0000.98,+0000.00,+0000.00,-0000.23,-0000.15,-0010.11
+1580946640.43,-0000.98,+0000.00,+0000.00,-0000.31,-0000.15,-0010.11
+1580946640.43,-0000.98,+0000.00,-0000.98,-0000.23,-0000.15,-0010.11
+1580946640.44,-0000.98,+0000.00,+0000.00,-0000.23,-0000.08,-0010.11
+1580946640.44,-0000.98,+0000.00,+0000.00,-0000.23,-0000.08,-0010.11
+1580946640.45,-0000.98,+0000.00,+0000.00,-0000.31,-0000.08,-0010.03
+1580946640.45,-0000.98,+0000.00,+0000.00,-0000.31,-0000.08,-0010.03
+1580946640.46,-0000.98,+0000.00,+0000.00,-0000.38,-0000.08,-0010.03
+1580946640.46,-0000.98,+0000.98,+0000.00,-0000.31,-0000.08,-0010.03
+1580946640.47,-0000.98,+0000.98,+0000.00,-0000.31,-0000.08,-0010.11
+1580946640.47,-0000.98,+0000.98,+0000.00,-0000.31,+0000.00,-0010.11
+1580946640.48,-0000.98,+0001.95,-0000.98,-0000.31,-0000.08,-0010.11
+1580946640.48,-0000.98,+0001.95,+0000.00,-0000.31,+0000.00,-0010.11
+1580946640.49,-0000.98,+0001.95,+0000.00,-0000.31,+0000.00,-0010.11
+1580946640.49,-0000.98,+0001.95,+0000.00,-0000.31,-0000.08,-0010.11
+1580946640.50,-0000.98,+0001.95,+0000.00,-0000.31,+0000.00,-0010.11
+1580946640.50,+0000.00,+0001.95,+0000.00,-0000.31,+0000.00,-0010.11
+1580946640.51,-0000.98,+0001.95,+0000.00,-0000.31,+0000.00,-0010.11
+1580946640.51,-0000.98,+0001.95,-0000.98,-0000.31,+0000.00,-0010.18
+1580946640.52,-0000.98,+0001.95,-0000.98,-0000.31,+0000.08,-0010.11
+1580946640.52,+0000.00,+0002.93,-0000.98,-0000.31,+0000.08,-0010.11
+1580946640.53,-0000.98,+0002.93,-0000.98,-0000.31,+0000.08,-0010.11
+1580946640.53,-0000.98,+0002.93,-0000.98,-0000.31,+0000.08,-0010.11
