+1580947055.63,+0000.00,+0000.00,+0000.00,+0000.84,-0000.15,-0010.11
+1580947055.63,-0000.98,+0000.00,-0000.98,+0000.84,-0000.15,-0010.11
+1580947055.64,-0000.98,-0000.98,-0000.98,+0000.84,-0000.15,-0010.11
+1580947055.64,-0000.98,+0000.00,+0000.00,+0000.84,-0000.15,-0010.11
+1580947055.65,-0000.98,-0000.98,+0000.00,+0000.84,-0000.15,-0010.11
+1580947055.65,+0000.00,-0000.98,-0000.98,+0000.84,-0000.15,-0010.11
+1580947055.66,-0000.98,-0000.98,+0000.00,+0000.77,-0000.15,-0010.11
+1580947055.66,-0000.98,-0000.98,-0000.98,+0000.84,-0000.15,-0010.11
+1580947055.67,-0000.98,+0000.00,-0000.98,+0000.84,-0000.23,-0010.11
+1580947055.67,-0000.98,+0000.00,+0000.00,+0000.84,-0000.15,-0010.11
+1580947055.68,-0000.98,+0000.00,+0000.00,+0000.77,-0000.15,-0010.11
+1580947055.68,-0000.98,+0000.00,+0000.00,+0000.84,-0000.15,-0010.11
+1580947055.69,-0000.98,-0000.98,-0000.98,+0000.77,-0000.15,-0010.11
+1580947055.69,-0000.98,+0000.00,-0000.98,+0000.77,-0000.15,-0010.11
+1580947055.70,-0000.98,+0000.00,+0000.00,+0000.84,-0000.15,-0010.11
+1580947055.70,-0000.98,+0000.00,-0000.98,+0000.77,-0000.15,-0010.11
+1580947055.71,-0000.98,-0000.98,-0000.98,+0000.84,-0000.15,-0010.11
+1580947055.71,-0000.98,-0000.98,+0000.00,+0000.84,-0000.15,-0010.11
+1580947055.72,-0000.98,-0000.98,-0000.98,+0000.84,-0000.15,-0010.11
+1580947055.72,-0000.98,+0000.00,+0000.00,+0000.84,-0000.15,-0010.11
+1580947055.73,-0000.98,+0000.00,-0000.98,+0000.84,-0000.23,-0010.11
+1580947055.73,-0000.98,+0000.00,+0000.00,+0000.84,-0000.15,-0010.11
+1580947055.74,-0000.98,-0000.98,-0000.98,+0000.84,-0000.15,-0010.11
+1580947055.74,-0000.98,-0000.98,-0000.98,+0000.77,-0000.15,-0010.11
+1580947055.75,-0000.98,-0000.98,+0000.00,+0000.77,-0000.15,-0010.11
+1580947055.75,-0000.98,-0000.98,-0000.98,+0000.84,-0000.15,-0010.11
+1580947055.76,+0000.00,-0000.98,-0000.98,+0000.84,-0000.15,-0010.11
+1580947055.76,-0000.98,-0000.98,+0000.00,+0000.77,-0000.15,-0010.11
+1580947055.77,+0000.00,+0000.00,+0000.00,+0000.77,-0000.15,-0010.11
+1580947055.77,-0000.98,-0000.98,+0000.00,+0000.84,-0000.15,-0010.11
+1580947055.78,-0000.98,-0000.98,+0000.00,+0000.84,-0000.15,-0010.11
+1580947055.78,-0000.98,-0000.98,-0000.98,+0000.84,-0000.15,-0010.11
+1580947055.79,-0000.98,+0000.00,+0000.00,+0000.84,-0000.15,-0010.11
+1580947055.79,-0000.98,-0000.98,-0000.98,+0000.77,-0000.23,-0010.11
+1580947055.80,-0000.98,-0000.98,+0000.00,+0000.84,-0000.15,-0010.11
+1580947055.80,-0000.98,-0000.98,+0000.00,+0000.77,-0000.15,-0010.11
+1580947055.81,-0000.98,-0000.98,-0000.98,+0000.77,-0000.15,-0010.11
+1580947055.81,-0000.98,-0000.98,+0000.00,+0000.77,-0000.15,-0010.11
+1580947055.82,-0000.98,-0000.98,+0000.00,+0000.84,-0000.15,-0010.11
+1580947055.82,-0000.98,-0000.98,-0000.98,+0000.84,-0000.15,-0010.11
+1580947055.83,-0000.98,+0000.00,+0000.00,+0000.84,-0000.15,-0010.11
+1580947055.83,-0000.98,+0000.00,+0000.00,+0000.84,-0000.15,-0010.11
+1580947055.84,+0000.00,-0000.98,+0000.00,+0000.77,-0000.15,-0010.11
+1580947055.84,-0000.98,+0000.00,-0000.98,+0000.77,-0000.15,-0010.11
+1580947055.85,-0000.98,+0000.00,+0000.00,+0000.84,-0000.15,-0010.11
+1580947055.85,-0000.98,+0000.00,+0000.00,+0000.84,-0000.15,-0010.11
+1580947055.86,+0000.00,-0000.98,-0000.98,+0000.84,-0000.15,-0010.11
+1580947055.86,-0000.98,-0000.98,+0000.00,+0000.84,-0000.15,-0010.11
+1580947055.87,-0000.98,+0000.00,+0000.00,+0000.77,-0000.15,-0010.11
+1580947055.87,-0000.98,-0000.98,-0000.98,+0000.84,-0000.15,-0010.11
+1580947055.88,+0000.00,-0000.98,-0000.98,+0000.77,-0000.15,-0010.11
+1580947055.88,-0000.98,-0000.98,+0000.00,+0000.84,-0000.15,-0010.11
+1580947055.89,-0000.98,+0000.00,-0000.98,+0000.77,-0000.15,-0010.11
+1580947055.89,+0000.00,+0000.00,+0000.00,+0000.84,-0000.15,-0010.11
+1580947055.90,-0000.98,-0000.98,+0000.00,+0000.84,-0000.15,-0010.11
+1580947055.90,-0000.98,-0000.98,+0000.00,+0000.84,-0000.15,-0010.11
+1580947055.91,-0000.98,+0000.00,-0000.98,+0000.77,-0000.15,-0010.11
+1580947055.91,-0000.98,-0000.98,+0000.00,+0000.84,-0000.15,-0010.18
+1580947055.92,-0000.98,-0000.98,+0000.00,+0000.77,-0000.15,-0010.11
+1580947055.92,-0000.98,-0000.98,-0000.98,+0000.84,-0000.08,-0010.11
+1580947055.93,-0000.98,+0000.00,+0000.00,+0000.84,-0000.15,-0010.11
+1580947055.93,-0000.98,-0000.98,-0000.98,+0000.84,-0000.15,-0010.11
+1580947055.94,-0000.98,-0000.98,-0000.98,+0000.84,-0000.15,-0010.11
+1580947055.94,-0000.98,-0000.98,+0000.00,+0000.77,-0000.15,-0010.11
+1580947055.95,-0000.98,-0000.98,+0000.00,+0000.77,-0000.15,-0010.11
+1580947055.95,-0000.98,-0000.98,-0000.98,+0000.77,-0000.15,-0010.03
+1580947055.96,-0000.98,-0000.98,+0000.00,+0000.84,-0000.15,-0010.11
+1580947055.96,+0000.00,-0000.98,-0000.98,+0000.84,-0000.15,-0010.11
+1580947055.97,-0000.98,+0000.00,+0000.00,+0000.77,-0000.15,-0010.11
+1580947055.97,-0000.98,+0000.00,+0000.00,+0000.84,-0000.23,-0010.11
+1580947055.98,-0000.98,-0000.98,+0000.00,+0000.84,-0000.15,-0010.11
+1580947055.98,-0000.98,-0000.98,+0000.00,+0000.84,-0000.15,-0010.11
+1580947055.99,-0000.98,-0000.98,+0000.00,+0000.77,-0000.15,-0010.11
+1580947055.99,-0000.98,-0000.98,-0000.98,+0000.84,-0000.15,-0010.11
+1580947056.00,+0000.00,+0000.00,+0000.00,+0000.84,-0000.15,-0010.11
+1580947056.00,-0000.98,-0000.98,-0000.98,+0000.77,-0000.15,-0010.11
+1580947056.01,-0000.98,-0000.98,+0000.00,+0000.77,-0000.15,-0010.11
+1580947056.01,-0000.98,-0000.98,-0000.98,+0000.77,-0000.15,-0010.03
+1580947056.02,-0000.98,+0000.00,-0000.98,+0000.84,-0000.23,-0010.11
+1580947056.02,-0000.98,+0000.00,+0000.00,+0000.84,-0000.15,-0010.11
+1580947056.03,-0000.98,-0000.98,+0000.00,+0000.84,-0000.15,-0010.11
+1580947056.03,-0000.98,-0000.98,+0000.00,+0000.84,-0000.15,-0010.18
+1580947056.04,-0000.98,+0000.00,+0000.00,+0000.84,-0000.15,-0010.11
+1580947056.04,-0000.98,+0000.00,-0000.98,+0000.77,-0000.15,-0010.11
+1580947056.05,-0000.98,-0000.98,+0000.00,+0000.77,-0000.15,-0010.11
+1580947056.05,-0000.98,+0000.00,+0000.00,+0000.84,-0000.15,-0010.11
+1580947056.06,+0000.00,-0000.98,-0000.98,+0000.84,-0000.15,-0010.11
+1580947056.06,-0000.98,-0000.98,-0000.98,+0000.84,-0000.15,-0010.11
+1580947056.07,-0000.98,-0000.98,-0000.98,+0000.84,-0000.15,-0010.11
+1580947056.07,-0000.98,+0000.00,+0000.00,+0000.84,-0000.15,-0010.03
+1580947056.08,-0000.98,+0000.00,-0000.98,+0000.84,-0000.15,-0010.11
+1580947056.08,-0000.98,-0000.98,-0000.98,+0000.84,-0000.15,-0010.11
+1580947056.09,-0000.98,-0000.98,+0000.00,+0000.84,-0000.15,-0010.11
+1580947056.09,+0000.00,-0000.98,-0000.98,+0000.84,-0000.15,-0010.11
+1580947056.10,-0000.98,-0000.98,-0000.98,+0000.84,-0000.15,-0010.11
+1580947056.10,-0000.98,-0000.98,-0000.98,+0000.77,-0000.15,-0010.11
+1580947056.11,-0000.98,+0000.00,-0000.98,+0000.84,-0000.15,-0010.11
+1580947056.11,-0000.98,+0000.00,+0000.00,+0000.84,-0000.15,-0010.11
+1580947056.12,-0000.98,-0000.98,+0000.00,+0000.84,-0000.23,-0010.11
+1580947056.12,-0000.98,+0000.00,-0000.98,+0000.77,-0000.15,-0010.11
+1580947056.13,+0000.00,+0000.00,-0000.98,+0000.84,-0000.15,-0010.03
+1580947056.13,-0000.98,+0000.00,-0000.98,+0000.77,-0000.15,-0010.11
+1580947056.14,-0000.98,+0000.00,+0000.00,+0000.84,-0000.15,-0010.11
+1580947056.14,-0000.98,-0000.98,+0000.00,+0000.84,-0000.15,-0010.18
+1580947056.15,-0000.98,-0000.98,-0000.98,+0000.84,-0000.15,-0010.11
+1580947056.15,-0000.98,-0000.98,+0000.00,+0000.84,-0000.23,-0010.11
+1580947056.16,-0000.98,-0000.98,-0000.98,+0000.84,-0000.15,-0010.11
+1580947056.16,-0000.98,-0000.98,+0000.00,+0000.77,-0000.15,-0010.11
+1580947056.17,-0000.98,+0000.00,-0000.98,+0000.84,-0000.15,-0010.11
+1580947056.17,-0000.98,-0000.98,+0000.00,+0000.84,-0000.15,-0010.11
+1580947056.18,-0000.98,-0000.98,-0000.98,+0000.77,-0000.15,-0010.11
+1580947056.18,-0000.98,+0000.00,+0000.00,+0000.77,-0000.15,-0010.11
+1580947056.19,-0000.98,-0000.98,-0000.98,+0000.77,-0000.15,-0010.11
+1580947056.19,-0000.98,-0000.98,-0000.98,+0000.84,-0000.15,-0010.11
+1580947056.20,-0000.98,-0000.98,+0000.00,+0000.84,-0000.15,-0010.11
+1580947056.20,-0000.98,-0000.98,-0000.98,+0000.84,-0000.15,-0010.11
+1580947056.21,-0000.98,-0000.98,+0000.00,+0000.84,-0000.15,-0010.11
+1580947056.21,-0000.98,+0000.00,+0000.00,+0000.77,-0000.15,-0010.11
+1580947056.22,-0000.98,-0000.98,-0000.98,+0000.84,-0000.15,-0010.11
+1580947056.22,-0000.98,+0000.00,+0000.00,+0000.84,-0000.15,-0010.11
+1580947056.23,-0000.98,+0000.00,+0000.00,+0000.77,-0000.15,-0010.11
+1580947056.23,-0000.98,-0000.98,-0000.98,+0000.77,-0000.15,-0010.11
+1580947056.24,+0000.00,-0000.98,-0000.98,+0000.84,-0000.15,-0010.11
+1580947056.24,-0000.98,+0000.00,-0000.98,+0000.84,-0000.08,-0010.11
+1580947056.25,-0000.98,-0000.98,-0000.98,+0000.77,-0000.15,-0010.11
+1580947056.25,-0000.98,+0000.00,+0000.00,+0000.77,-0000.15,-0010.11
+1580947056.26,-0000.98,-0000.98,+0000.00,+0000.77,-0000.23,-0010.11
+1580947056.26,-0000.98,-0000.98,-0000.98,+0000.84,-0000.15,-0010.11
+1580947056.27,-0000.98,-0000.98,-0000.98,+0000.77,-0000.15,-0010.03
+1580947056.27,-0000.98,-0000.98,-0000.98,+0000.84,-0000.15,-0010.11
+1580947056.28,-0000.98,+0000.00,+0000.00,+0000.84,-0000.15,-0010.11
+1580947056.28,-0000.98,-0000.98,+0000.00,+0000.84,-0000.15,-0010.11
+1580947056.29,-0000.98,-0000.98,+0000.00,+0000.84,-0000.15,-0010.11
+1580947056.29,-0000.98,-0000.98,+0000.00,+0000.84,-0000.15,-0010.11
+1580947056.30,-0000.98,-0000.98,-0000.98,+0000.77,-0000.15,-0010.11
+1580947056.30,-0000.98,-0000.98,-0000.98,+0000.77,-0000.15,-0010.11
+1580947056.31,-0000.98,-0000.98,+0000.00,+0000.84,-0000.15,-0010.11
+1580947056.31,-0000.98,-0000.98,+0000.00,+0000.84,-0000.15,-0010.11
+1580947056.32,-0000.98,-0000.98,+0000.00,+0000.84,-0000.15,-0010.11
+1580947056.32,-0000.98,+0000.00,-0000.98,+0000.84,-0000.15,-0010.11
+1580947056.33,-0000.98,-0000.98,+0000.00,+0000.77,-0000.15,-0010.11
+1580947056.33,-0000.98,-0000.98,-0000.98,+0000.84,-0000.15,-0010.11
+1580947056.34,-0000.98,-0000.98,-0000.98,+0000.84,-0000.15,-0010.11
+1580947056.34,-0000.98,+0000.00,-0000.98,+0000.84,-0000.15,-0010.11
+1580947056.35,-0000.98,-0000.98,-0000.98,+0000.77,-0000.23,-0010.11
+1580947056.35,-0000.98,-0000.98,-0000.98,+0000.77,-0000.15,-0010.11
+1580947056.36,-0000.98,-0000.98,+0000.00,+0000.84,-0000.08,-0010.11
+1580947056.36,-0000.98,-0000.98,-0000.98,+0000.77,-0000.15,-0010.11
+1580947056.37,-0000.98,+0000.00,+0000.00,+0000.84,-0000.15,-0010.11
+1580947056.37,-0000.98,-0000.98,-0000.98,+0000.84,-0000.15,-0010.11
+1580947056.38,-0000.98,+0000.00,+0000.00,+0000.84,-0000.15,-0010.11
+1580947056.38,-0000.98,+0000.00,-0000.98,+0000.84,-0000.15,-0010.03
+1580947056.39,-0000.98,-0000.98,-0000.98,+0000.77,-0000.15,-0010.03
+1580947056.39,-0000.98,+0000.00,+0000.00,+0000.84,-0000.15,-0010.11
+1580947056.40,-0000.98,-0000.98,-0000.98,+0000.84,-0000.15,-0010.03
+1580947056.40,-0000.98,-0000.98,-0000.98,+0000.84,-0000.15,-0010.11
+1580947056.41,-0000.98,-0000.98,+0000.00,+0000.77,-0000.15,-0010.11
+1580947056.41,-0000.98,-0000.98,-0000.98,+0000.77,-0000.23,-0010.11
+1580947056.42,-0000.98,-0000.98,-0000.98,+0000.84,-0000.15,-0010.11
+1580947056.42,-0000.98,+0000.00,-0000.98,+0000.77,-0000.15,-0010.11
+1580947056.43,-0000.98,-0000.98,+0000.00,+0000.84,-0000.15,-0010.11
+1580947056.43,-0000.98,+0000.00,-0000.98,+0000.84,-0000.15,-0010.11
+1580947056.44,-0000.98,-0000.98,+0000.00,+0000.84,-0000.15,-0010.11
+1580947056.44,-0000.98,-0000.98,+0000.00,+0000.84,-0000.15,-0010.11
+1580947056.45,-0000.98,-0000.98,+0000.00,+0000.77,-0000.15,-0010.11
+1580947056.45,-0000.98,-0000.98,+0000.00,+0000.77,-0000.15,-0010.11
+1580947056.46,-0000.98,-0000.98,-0000.98,+0000.84,-0000.15,-0010.11
+1580947056.46,-0000.98,-0000.98,-0000.98,+0000.84,-0000.15,-0010.11
+1580947056.47,-0000.98,-0000.98,-0000.98,+0000.84,-0000.15,-0010.11
+1580947056.47,-0000.98,-0000.98,-0000.98,+0000.84,-0000.15,-0010.11
+1580947056.48,-0000.98,-0000.98,-0000.98,+0000.84,-0000.15,-0010.11
+1580947056.48,-0000.98,-0000.98,+0000.00,+0000.84,-0000.15,-0010.11
+1580947056.49,+0000.00,+0000.00,+0000.00,+0000.77,-0000.15,-0010.11
+1580947056.49,-0000.98,-0000.98,-0000.98,+0000.77,-0000.15,-0010.11
+1580947056.50,-0000.98,-0000.98,-0000.98,+0000.84,-0000.23,-0010.11
+1580947056.50,-0000.98,-0000.98,+0000.00,+0000.84,-0000.15,-0010.11
+1580947056.51,-0000.98,-0000.98,+0000.00,+0000.77,-0000.15,-0010.11
+1580947056.51,-0000.98,+0000.00,+0000.00,+0000.84,-0000.15,-0010.11
+1580947056.52,-0000.98,-0000.98,-0000.98,+0000.77,-0000.15,-0010.11
+1580947056.52,-0000.98,+0000.00,+0000.00,+0000.84,-0000.15,-0010.11
+1580947056.53,+0000.00,-0000.98,-0000.98,+0000.77,-0000.15,-0010.11
+1580947056.53,-0000.98,+0000.00,-0000.98,+0000.84,-0000.15,-0010.11
+1580947056.54,-0000.98,-0000.98,+0000.00,+0000.77,-0000.15,-0010.11
+1580947056.54,-0000.98,+0000.00,-0000.98,+0000.84,-0000.15,-0010.11
+1580947056.55,-0000.98,-0000.98,+0000.00,+0000.84,-0000.15,-0010.11
+1580947056.55,-0000.98,-0000.98,-0000.98,+0000.84,-0000.15,-0010.11
+1580947056.56,-0000.98,-0000.98,+0000.00,+0000.84,-0000.15,-0010.11
+1580947056.56,-0000.98,-0000.98,+0000.00,+0000.84,-0000.15,-0010.11
+1580947056.57,-0000.98,-0000.98,-0000.98,+0000.84,-0000.15,-0010.11
+1580947056.57,-0000.98,+0000.00,+0000.00,+0000.77,-0000.15,-0010.11
+1580947056.58,-0000.98,-0000.98,-0000.98,+0000.84,-0000.15,-0010.11
+1580947056.58,-0000.98,+0000.00,-0000.98,+0000.77,-0000.15,-0010.11
+1580947056.59,-0000.98,-0000.98,-0000.98,+0000.84,-0000.15,-0010.11
+1580947056.59,-0000.98,-0000.98,-0000.98,+0000.84,-0000.15,-0010.11
+1580947056.60,-0000.98,+0000.00,+0000.00,+0000.84,-0000.15,-0010.11
+1580947056.60,+0000.00,-0000.98,+0000.00,+0000.84,-0000.15,-0010.11
+1580947056.61,-0000.98,+0000.00,-0000.98,+0000.84,-0000.15,-0010.11
+1580947056.61,-0000.98,-0000.98,+0000.00,+0000.84,-0000.15,-0010.11
+1580947056.62,-0000.98,-0000.98,+0000.00,+0000.77,-0000.15,-0010.11
+1580947056.62,-0000.98,+0000.00,-0000.98,+0000.77,-0000.15,-0010.11
+1580947056.63,-0000.98,-0000.98,+0000.00,+0000.77,-0000.15,-0010.11
+1580947056.63,-0000.98,-0000.98,-0000.98,+0000.84,-0000.15,-0010.11
+1580947056.64,-0000.98,+0000.00,+0000.00,+0000.84,-0000.15,-0010.11
+1580947056.64,+0000.00,-0000.98,-0000.98,+0000.77,-0000.15,-0010.11
+1580947056.65,-0000.98,-0000.98,+0000.00,+0000.77,-0000.15,-0010.11
+1580947056.65,-0000.98,+0000.00,+0000.00,+0000.84,-0000.15,-0010.11
+1580947056.66,-0000.98,+0000.00,-0000.98,+0000.77,-0000.15,-0010.11
+1580947056.66,+0000.00,-0000.98,+0000.00,+0000.84,-0000.15,-0010.11
+1580947056.67,-0000.98,-0000.98,-0000.98,+0000.84,-0000.15,-0010.11
+1580947056.67,-0000.98,-0000.98,-0000.98,+0000.77,-0000.15,-0010.11
+1580947056.68,-0000.98,+0000.00,-0000.98,+0000.84,-0000.15,-0010.11
+1580947056.68,-0000.98,+0000.00,-0000.98,+0000.84,-0000.15,-0010.11
+1580947056.69,-0000.98,-0000.98,+0000.00,+0000.84,-0000.15,-0010.11
+1580947056.69,-0000.98,-0000.98,+0000.00,+0000.84,-0000.15,-0010.11
+1580947056.70,-0000.98,-0000.98,-0000.98,+0000.77,-0000.15,-0010.11
+1580947056.70,-0000.98,+0000.00,-0000.98,+0000.77,-0000.15,-0010.11
+1580947056.71,-0000.98,+0000.00,+0000.00,+0000.84,-0000.15,-0010.11
+1580947056.71,-0000.98,+0000.00,-0000.98,+0000.84,-0000.15,-0010.11
+1580947056.72,-0000.98,+0000.00,-0000.98,+0000.84,-0000.15,-0010.11
+1580947056.72,-0000.98,+0000.00,+0000.00,+0000.84,-0000.23,-0010.11
+1580947056.73,+0000.00,+0000.00,-0000.98,+0000.84,-0000.15,-0010.03
+1580947056.73,-0000.98,+0000.00,-0000.98,+0000.84,-0000.23,-0010.11
+1580947056.74,-0000.98,-0000.98,+0000.00,+0000.77,-0000.15,-0010.11
+1580947056.74,-0000.98,-0000.98,+0000.00,+0000.77,-0000.15,-0010.11
+1580947056.75,-0000.98,-0000.98,-0000.98,+0000.84,-0000.15,-0010.11
+1580947056.75,+0000.00,-0000.98,-0000.98,+0000.77,-0000.15,-0010.11
+1580947056.76,-0000.98,+0000.00,+0000.00,+0000.84,-0000.15,-0010.11
+1580947056.76,-0000.98,+0000.00,-0000.98,+0000.84,-0000.15,-0010.03
+1580947056.77,-0000.98,+0000.00,+0000.00,+0000.84,-0000.15,-0010.11
+1580947056.77,-0000.98,+0000.00,-0000.98,+0000.77,-0000.15,-0010.11
+1580947056.78,-0000.98,-0000.98,+0000.00,+0000.84,-0000.15,-0010.11
+1580947056.78,-0000.98,-0000.98,-0000.98,+0000.77,-0000.15,-0010.11
+1580947056.79,-0000.98,+0000.00,-0000.98,+0000.77,-0000.15,-0010.11
+1580947056.79,-0000.98,+0000.00,+0000.00,+0000.77,-0000.15,-0010.11
+1580947056.80,+0000.00,-0000.98,+0000.00,+0000.84,-0000.15,-0010.11
+1580947056.80,-0000.98,+0000.00,+0000.00,+0000.84,-0000.15,-0010.11
+1580947056.81,-0000.98,-0000.98,-0000.98,+0000.84,-0000.15,-0010.11
+1580947056.81,-0000.98,+0000.00,+0000.00,+0000.84,-0000.15,-0010.11
+1580947056.82,-0000.98,-0000.98,-0000.98,+0000.84,-0000.23,-0010.11
+1580947056.82,-0000.98,-0000.98,-0000.98,+0000.77,-0000.15,-0010.03
+1580947056.83,-0000.98,+0000.00,-0000.98,+0000.77,-0000.15,-0010.03
+1580947056.83,-0000.98,-0000.98,+0000.00,+0000.84,-0000.15,-0010.11
+1580947056.84,-0000.98,-0000.98,-0000.98,+0000.84,-0000.15,-0010.11
+1580947056.84,-0000.98,+0000.00,+0000.00,+0000.84,-0000.15,-0010.11
+1580947056.85,-0000.98,-0000.98,+0000.00,+0000.84,-0000.15,-0010.11
+1580947056.85,-0000.98,-0000.98,+0000.00,+0000.84,-0000.15,-0010.11
+1580947056.86,-0000.98,-0000.98,-0000.98,+0000.84,-0000.15,-0010.11
+1580947056.86,-0000.98,+0000.00,+0000.00,+0000.77,-0000.15,-0010.11
+1580947056.87,-0000.98,-0000.98,-0000.98,+0000.84,-0000.15,-0010.11
+1580947056.87,-0000.98,-0000.98,-0000.98,+0000.77,-0000.15,-0010.11
+1580947056.88,-0000.98,+0000.00,-0000.98,+0000.84,-0000.15,-0010.11
+1580947056.88,+0000.00,+0000.00,+0000.00,+0000.84,-0000.15,-0010.11
+1580947056.89,-0000.98,-0000.98,+0000.00,+0000.77,-0000.15,-0010.11
+1580947056.89,-0000.98,-0000.98,-0000.98,+0000.84,-0000.15,-0010.11
+1580947056.90,-0000.98,+0000.00,-0000.98,+0000.77,-0000.15,-0010.11
+1580947056.90,-0000.98,+0000.00,-0000.98,+0000.84,-0000.15,-0010.11
+1580947056.91,-0000.98,+0000.00,-0000.98,+0000.84,-0000.15,-0010.11
+1580947056.91,-0000.98,+0000.00,-0000.98,+0000.77,-0000.15,-0010.11
+1580947056.92,-0000.98,-0000.98,+0000.00,+0000.84,-0000.15,-0010.11
+1580947056.92,-0000.98,-0000.98,-0000.98,+0000.84,-0000.15,-0010.03
+1580947056.93,+0000.00,-0000.98,+0000.00,+0000.84,-0000.15,-0010.03
+1580947056.93,-0000.98,-0000.98,-0000.98,+0000.84,-0000.15,-0010.11
+1580947056.94,-0000.98,-0000.98,-0000.98,+0000.77,-0000.23,-0010.11
+1580947056.94,-0000.98,-0000.98,+0000.00,+0000.77,-0000.15,-0010.11
+1580947056.95,-0000.98,-0000.98,+0000.00,+0000.84,-0000.15,-0010.11
+1580947056.95,-0000.98,-0000.98,-0000.98,+0000.77,-0000.15,-0010.11
+1580947056.96,-0000.98,-0000.98,+0000.00,+0000.77,-0000.15,-0010.11
+1580947056.96,+0000.00,-0000.98,-0000.98,+0000.84,-0000.15,-0010.11
+1580947056.97,-0000.98,-0000.98,+0000.00,+0000.84,-0000.15,-0010.11
+1580947056.97,-0000.98,-0000.98,+0000.00,+0000.77,-0000.15,-0010.11
+1580947056.98,+0000.00,+0000.00,+0000.00,+0000.84,-0000.15,-0010.11
+1580947056.98,-0000.98,-0000.98,+0000.00,+0000.84,-0000.15,-0010.11
+1580947056.99,-0000.98,-0000.98,+0000.00,+0000.84,-0000.15,-0010.11
+1580947056.99,-0000.98,-0000.98,-0000.98,+0000.84,-0000.15,-0010.11
+1580947057.00,-0000.98,-0000.98,+0000.00,+0000.77,-0000.15,-0010.11
+1580947057.00,-0000.98,+0000.00,-0000.98,+0000.77,-0000.15,-0010.11
+1580947057.01,-0000.98,-0000.98,+0000.00,+0000.77,-0000.15,-0010.11
+1580947057.01,+0000.00,-0000.98,-0000.98,+0000.84,-0000.08,-0010.11
+1580947057.02,-0000.98,+0000.00,-0000.98,+0000.77,-0000.15,-0010.11
+1580947057.02,-0000.98,+0000.00,+0000.00,+0000.84,-0000.15,-0010.11
+1580947057.03,+0000.00,-0000.98,+0000.00,+0000.77,-0000.15,-0010.11
+1580947057.03,-0000.98,-0000.98,-0000.98,+0000.84,-0000.15,-0010.03
+1580947057.04,+0000.00,-0000.98,+0000.00,+0000.84,-0000.15,-0010.03
+1580947057.04,-0000.98,+0000.00,+0000.00,+0000.84,-0000.15,-0010.11
+1580947057.05,-0000.98,-0000.98,+0000.00,+0000.84,-0000.15,-0010.11
+1580947057.05,+0000.00,+0000.00,-0000.98,+0000.84,-0000.15,-0010.11
+1580947057.06,-0000.98,+0000.00,-0000.98,+0000.77,-0000.15,-0010.11
+1580947057.06,-0000.98,+0000.00,+0000.00,+0000.77,-0000.15,-0010.11
+1580947057.07,-0000.98,-0000.98,-0000.98,+0000.84,-0000.15,-0010.11
+1580947057.07,-0000.98,+0000.00,+0000.00,+0000.77,-0000.15,-0010.11
+1580947057.08,-0000.98,-0000.98,-0000.98,+0000.77,-0000.15,-0010.11
+1580947057.08,-0000.98,+0000.00,+0000.00,+0000.84,-0000.15,-0010.11
+1580947057.09,-0000.98,+0000.00,-0000.98,+0000.84,-0000.15,-0010.11
+1580947057.09,-0000.98,-0000.98,-0000.98,+0000.84,-0000.15,-0010.11
+1580947057.10,-0000.98,-0000.98,-0000.98,+0000.77,-0000.15,-0010.11
+1580947057.10,+0000.00,-0000.98,+0000.00,+0000.84,-0000.15,-0010.11
+1580947057.11,-0000.98,-0000.98,+0000.00,+0000.77,-0000.15,-0010.11
+1580947057.11,-0000.98,+0000.00,+0000.00,+0000.77,-0000.15,-0010.11
+1580947057.12,-0000.98,-0000.98,+0000.00,+0000.84,-0000.15,-0010.11
+1580947057.12,-0000.98,+0000.00,-0000.98,+0000.84,-0000.15,-0010.11
+1580947057.13,-0000.98,-0000.98,-0000.98,+0000.84,-0000.15,-0010.11
+1580947057.13,-0000.98,-0000.98,+0000.00,+0000.77,-0000.15,-0010.11
+1580947057.14,-0000.98,+0000.00,+0000.00,+0000.84,-0000.15,-0010.11
+1580947057.14,-0000.98,-0000.98,+0000.00,+0000.84,-0000.15,-0010.03
+1580947057.15,-0000.98,-0000.98,-0000.98,+0000.84,-0000.15,-0010.11
+1580947057.15,+0000.00,-0000.98,+0000.00,+0000.77,-0000.15,-0010.11
+1580947057.16,-0000.98,+0000.00,+0000.00,+0000.84,-0000.15,-0010.11
+1580947057.16,-0000.98,-0000.98,-0000.98,+0000.77,-0000.15,-0010.03
+1580947057.17,-0000.98,+0000.00,+0000.00,+0000.84,-0000.15,-0010.03
+1580947057.17,-0000.98,-0000.98,+0000.00,+0000.84,-0000.15,-0010.11
+1580947057.18,-0000.98,+0000.00,-0000.98,+0000.84,-0000.15,-0010.11
+1580947057.18,-0000.98,-0000.98,+0000.00,+0000.84,-0000.15,-0010.11
+1580947057.19,+0000.00,-0000.98,+0000.00,+0000.84,-0000.15,-0010.11
+1580947057.19,-0000.98,-0000.98,+0000.00,+0000.84,-0000.15,-0010.11
+1580947057.20,-0000.98,+0000.00,+0000.00,+0000.84,-0000.15,-0010.11
+1580947057.20,-0000.98,-0000.98,-0000.98,+0000.77,-0000.15,-0010.11
+1580947057.21,-0000.98,-0000.98,-0000.98,+0000.84,-0000.15,-0010.11
+1580947057.21,-0000.98,-0000.98,+0000.00,+0000.84,-0000.15,-0010.03
+1580947057.22,-0000.98,-0000.98,+0000.00,+0000.84,-0000.15,-0010.11
+1580947057.22,+0000.00,-0000.98,+0000.00,+0000.84,-0000.15,-0010.11
+1580947057.23,-0000.98,-0000.98,-0000.98,+0000.77,-0000.15,-0010.11
+1580947057.23,-0000.98,+0000.00,-0000.98,+0000.77,-0000.15,-0010.11
+1580947057.24,-0000.98,-0000.98,+0000.00,+0000.77,-0000.15,-0010.11
+1580947057.24,-0000.98,+0000.00,-0000.98,+0000.77,-0000.15,-0010.11
+1580947057.25,+0000.00,+0000.00,-0000.98,+0000.77,-0000.15,-0010.11
+1580947057.25,-0000.98,+0000.00,+0000.00,+0000.84,-0000.15,-0010.11
+1580947057.26,-0000.98,-0000.98,-0000.98,+0000.77,-0000.15,-0010.11
+1580947057.26,-0000.98,+0000.00,+0000.00,+0000.77,-0000.15,-0010.11
+1580947057.27,+0000.00,+0000.00,+0000.00,+0000.84,-0000.15,-0010.11
+1580947057.27,-0000.98,-0000.98,+0000.00,+0000.77,-0000.15,-0010.11
+1580947057.28,-0000.98,+0000.00,-0000.98,+0000.84,-0000.15,-0010.11
+1580947057.28,-0000.98,+0000.00,+0000.00,+0000.84,-0000.15,-0010.11
+1580947057.29,-0000.98,-0000.98,-0000.98,+0000.84,-0000.15,-0010.11
+1580947057.29,-0000.98,+0000.00,+0000.00,+0000.77,-0000.15,-0010.11
+1580947057.30,+0000.00,-0000.98,+0000.00,+0000.84,-0000.15,-0010.11
+1580947057.30,-0000.98,-0000.98,+0000.00,+0000.84,-0000.15,-0010.11
+1580947057.31,-0000.98,+0000.00,-0000.98,+0000.77,-0000.15,-0010.11
+1580947057.31,-0000.98,+0000.00,-0000.98,+0000.84,-0000.15,-0010.11
+1580947057.32,-0000.98,-0000.98,+0000.00,+0000.77,-0000.15,-0010.18
+1580947057.32,-0000.98,-0000.98,-0000.98,+0000.84,-0000.15,-0010.11
+1580947057.33,-0000.98,-0000.98,-0000.98,+0000.84,-0000.15,-0010.11
+1580947057.33,-0000.98,-0000.98,+0000.00,+0000.84,-0000.15,-0010.11
+1580947057.34,-0000.98,-0000.98,-0000.98,+0000.84,-0000.15,-0010.11
+1580947057.34,-0000.98,-0000.98,+0000.00,+0000.77,-0000.15,-0010.11
+1580947057.35,-0000.98,-0000.98,+0000.00,+0000.77,-0000.15,-0010.11
+1580947057.35,-0000.98,-0000.98,-0000.98,+0000.84,-0000.15,-0010.11
+1580947057.36,-0000.98,+0000.00,+0000.00,+0000.84,-0000.15,-0010.11
+1580947057.36,+0000.00,+0000.00,-0000.98,+0000.77,-0000.15,-0010.11
+1580947057.37,-0000.98,+0000.00,+0000.00,+0000.84,-0000.15,-0010.11
+1580947057.37,-0000.98,+0000.00,+0000.00,+0000.84,-0000.15,-0010.11
+1580947057.38,-0000.98,-0000.98,-0000.98,+0000.84,-0000.15,-0010.11
+1580947057.38,-0000.98,+0000.00,+0000.00,+0000.77,-0000.15,-0010.11
+1580947057.39,-0000.98,+0000.00,-0000.98,+0000.84,-0000.15,-0010.11
+1580947057.39,-0000.98,+0000.00,+0000.00,+0000.84,-0000.15,-0010.11
+1580947057.40,-0000.98,+0000.00,-0000.98,+0000.84,-0000.15,-0010.11
+1580947057.40,-0000.98,-0000.98,+0000.00,+0000.77,-0000.15,-0010.11
+1580947057.41,-0000.98,-0000.98,-0000.98,+0000.77,-0000.15,-0010.11
+1580947057.41,-0000.98,+0000.00,+0000.00,+0000.84,-0000.23,-0010.11
+1580947057.42,-0000.98,+0000.00,+0000.00,+0000.77,-0000.15,-0010.11
+1580947057.42,-0000.98,-0000.98,-0000.98,+0000.84,-0000.15,-0010.11
+1580947057.43,-0000.98,+0000.00,-0000.98,+0000.77,-0000.15,-0010.11
+1580947057.43,-0000.98,-0000.98,-0000.98,+0000.84,-0000.15,-0010.11
+1580947057.44,-0000.98,-0000.98,-0000.98,+0000.84,-0000.15,-0010.11
+1580947057.44,-0000.98,-0000.98,+0000.00,+0000.84,-0000.15,-0010.11
+1580947057.45,-0000.98,-0000.98,-0000.98,+0000.77,-0000.15,-0010.11
+1580947057.45,-0000.98,-0000.98,+0000.00,+0000.84,-0000.15,-0010.11
+1580947057.46,+0000.00,-0000.98,-0000.98,+0000.84,-0000.15,-0010.11
+1580947057.46,-0000.98,-0000.98,-0000.98,+0000.77,-0000.15,-0010.11
+1580947057.47,-0000.98,+0000.00,+0000.00,+0000.84,-0000.15,-0010.18
+1580947057.47,-0000.98,-0000.98,+0000.00,+0000.84,-0000.15,-0010.11
+1580947057.48,-0000.98,-0000.98,-0000.98,+0000.84,-0000.15,-0010.11
+1580947057.48,-0000.98,-0000.98,+0000.00,+0000.84,-0000.15,-0010.11
+1580947057.49,-0000.98,-0000.98,+0000.00,+0000.77,-0000.15,-0010.11
+1580947057.49,-0000.98,-0000.98,-0000.98,+0000.77,-0000.15,-0010.11
+1580947057.50,-0000.98,+0000.00,+0000.00,+0000.84,-0000.15,-0010.11
+1580947057.50,-0000.98,+0000.00,-0000.98,+0000.84,-0000.15,-0010.11
+1580947057.51,-0000.98,+0000.00,-0000.98,+0000.84,-0000.15,-0010.11
+1580947057.51,+0000.00,-0000.98,+0000.00,+0000.77,-0000.15,-0010.11
+1580947057.52,-0000.98,-0000.98,+0000.00,+0000.77,-0000.15,-0010.11
+1580947057.52,-0000.98,+0000.00,+0000.00,+0000.77,-0000.15,-0010.03
+1580947057.53,-0000.98,-0000.98,+0000.00,+0000.84,-0000.15,-0010.11
+1580947057.53,-0000.98,-0000.98,+0000.00,+0000.77,-0000.15,-0010.11
+1580947057.54,-0000.98,-0000.98,+0000.00,+0000.84,-0000.15,-0010.11
+1580947057.54,-0000.98,+0000.00,-0000.98,+0000.77,-0000.15,-0010.11
+1580947057.55,-0000.98,-0000.98,+0000.00,+0000.77,-0000.15,-0010.11
+1580947057.55,+0000.00,-0000.98,+0000.00,+0000.77,-0000.15,-0010.11
+1580947057.56,-0000.98,-0000.98,-0000.98,+0000.77,-0000.23,-0010.11
+1580947057.56,-0000.98,-0000.98,-0000.98,+0000.77,-0000.15,-0010.11
+1580947057.57,-0000.98,+0000.00,-0000.98,+0000.77,-0000.15,-0010.11
+1580947057.57,-0000.98,+0000.00,+0000.00,+0000.84,-0000.15,-0010.11
+1580947057.58,-0000.98,+0000.00,-0000.98,+0000.84,-0000.15,-0010.11
+1580947057.58,-0000.98,-0000.98,+0000.00,+0000.84,-0000.23,-0010.11
+1580947057.59,-0000.98,-0000.98,+0000.00,+0000.84,-0000.15,-0010.11
+1580947057.59,-0000.98,+0000.00,-0000.98,+0000.84,-0000.15,-0010.11
+1580947057.60,-0000.98,-0000.98,-0000.98,+0000.84,-0000.15,-0010.11
+1580947057.60,-0000.98,-0000.98,+0000.00,+0000.84,-0000.15,-0010.11
+1580947057.61,-0000.98,-0000.98,+0000.00,+0000.77,-0000.15,-0010.11
+1580947057.61,-0000.98,-0000.98,-0000.98,+0000.84,-0000.15,-0010.11
+1580947057.62,-0000.98,-0000.98,+0000.00,+0000.77,-0000.23,-0010.11
+1580947057.62,-0000.98,-0000.98,+0000.00,+0000.84,-0000.23,-0010.11
+1580947057.63,-0000.98,-0000.98,+0000.00,+0000.84,-0000.15,-0010.11
+1580947057.63,-0000.98,-0000.98,-0000.98,+0000.84,-0000.15,-0010.11
+1580947057.64,-0000.98,-0000.98,-0000.98,+0000.84,-0000.15,-0010.11
+1580947057.64,-0000.98,-0000.98,+0000.00,+0000.84,-0000.15,-0010.11
+1580947057.65,+0000.00,-0000.98,+0000.00,+0000.77,-0000.15,-0010.11
+1580947057.65,-0000.98,-0000.98,-0000.98,+0000.84,-0000.15,-0010.03
+1580947057.66,-0000.98,-0000.98,-0000.98,+0000.84,-0000.15,-0010.11
+1580947057.66,-0000.98,-0000.98,+0000.00,+0000.77,-0000.15,-0010.11
+1580947057.67,-0000.98,-0000.98,-0000.98,+0000.77,-0000.15,-0010.11
+1580947057.67,-0000.98,-0000.98,-0000.98,+0000.84,-0000.15,-0010.11
+1580947057.68,-0000.98,-0000.98,+0000.00,+0000.77,-0000.15,-0010.11
+1580947057.68,-0000.98,-0000.98,-0000.98,+0000.77,-0000.15,-0010.11
+1580947057.69,-0000.98,+0000.00,+0000.00,+0000.77,-0000.15,-0010.11
+1580947057.69,-0000.98,-0000.98,+0000.00,+0000.77,-0000.15,-0010.03
+1580947057.70,-0000.98,-0000.98,-0000.98,+0000.84,-0000.15,-0010.11
+1580947057.70,-0000.98,+0000.00,+0000.00,+0000.84,-0000.15,-0010.03
+1580947057.71,-0000.98,+0000.00,-0000.98,+0000.77,-0000.15,-0010.03
+1580947057.71,+0000.00,+0000.00,+0000.00,+0000.77,-0000.15,-0010.11
+1580947057.72,-0000.98,+0000.00,-0000.98,+0000.84,-0000.23,-0010.11
+1580947057.72,-0000.98,-0000.98,-0000.98,+0000.84,-0000.15,-0010.11
+1580947057.73,-0000.98,+0000.00,-0000.98,+0000.77,-0000.15,-0010.11
+1580947057.73,-0000.98,+0000.00,-0000.98,+0000.77,-0000.15,-0010.11
+1580947057.73,-0000.98,+0000.00,+0000.00,+0000.77,-0000.15,-0010.11
+1580947057.74,-0000.98,-0000.98,+0000.00,+0000.77,-0000.15,-0010.11
+1580947057.74,-0000.98,+0000.00,-0000.98,+0000.77,-0000.15,-0010.11
+1580947057.75,-0000.98,+0000.00,+0000.00,+0000.84,-0000.15,-0010.11
+1580947057.75,+0000.00,-0000.98,-0000.98,+0000.77,-0000.15,-0010.11
+1580947057.76,-0000.98,-0000.98,+0000.00,+0000.84,-0000.15,-0010.11
+1580947057.76,-0000.98,-0000.98,+0000.00,+0000.77,-0000.15,-0010.11
+1580947057.77,+0000.00,-0000.98,+0000.00,+0000.84,-0000.15,-0010.11
+1580947057.77,-0000.98,+0000.00,-0000.98,+0000.77,-0000.15,-0010.11
+1580947057.78,-0000.98,-0000.98,-0000.98,+0000.84,-0000.15,-0010.11
+1580947057.78,-0000.98,-0000.98,+0000.00,+0000.84,-0000.15,-0010.11
+1580947057.79,-0000.98,-0000.98,+0000.00,+0000.77,-0000.15,-0010.11
+1580947057.79,-0000.98,+0000.00,-0000.98,+0000.84,-0000.15,-0010.11
+1580947057.80,-0000.98,-0000.98,+0000.00,+0000.77,-0000.15,-0010.11
+1580947057.80,-0000.98,-0000.98,+0000.00,+0000.77,-0000.15,-0010.11
+1580947057.81,-0000.98,-0000.98,+0000.00,+0000.84,-0000.15,-0010.11
+1580947057.81,+0000.00,+0000.00,-0000.98,+0000.84,-0000.15,-0010.11
+1580947057.82,-0000.98,-0000.98,+0000.00,+0000.84,-0000.15,-0010.11
+1580947057.82,-0000.98,+0000.00,+0000.00,+0000.77,-0000.15,-0010.11
+1580947057.83,-0000.98,+0000.00,-0000.98,+0000.77,-0000.15,-0010.11
+1580947057.83,-0000.98,-0000.98,-0000.98,+0000.77,-0000.15,-0010.11
+1580947057.84,-0000.98,-0000.98,+0000.00,+0000.77,-0000.15,-0010.11
+1580947057.84,+0000.00,-0000.98,-0000.98,+0000.84,-0000.15,-0010.11
+1580947057.85,-0000.98,-0000.98,+0000.00,+0000.77,-0000.15,-0010.11
+1580947057.85,-0000.98,-0000.98,-0000.98,+0000.77,-0000.15,-0010.11
+1580947057.86,-0000.98,-0000.98,+0000.00,+0000.84,-0000.15,-0010.11
+1580947057.86,-0000.98,+0000.00,+0000.00,+0000.84,-0000.15,-0010.11
+1580947057.87,-0000.98,+0000.00,+0000.00,+0000.84,-0000.15,-0010.03
+1580947057.87,-0000.98,-0000.98,+0000.00,+0000.84,-0000.15,-0010.11
+1580947057.88,-0000.98,+0000.00,-0000.98,+0000.84,-0000.15,-0010.11
+1580947057.88,-0000.98,-0000.98,-0000.98,+0000.84,-0000.15,-0010.11
+1580947057.89,-0000.98,-0000.98,+0000.00,+0000.84,-0000.15,-0010.11
+1580947057.89,-0000.98,-0000.98,+0000.00,+0000.84,-0000.15,-0010.11
+1580947057.90,-0000.98,-0000.98,-0000.98,+0000.84,-0000.15,-0010.11
+1580947057.90,-0000.98,-0000.98,-0000.98,+0000.77,-0000.23,-0010.11
+1580947057.91,-0000.98,+0000.00,+0000.00,+0000.84,-0000.15,-0010.11
+1580947057.91,-0000.98,-0000.98,+0000.00,+0000.84,-0000.15,-0010.11
+1580947057.92,-0000.98,-0000.98,-0000.98,+0000.84,-0000.15,-0010.11
+1580947057.92,-0000.98,-0000.98,-0000.98,+0000.77,-0000.15,-0010.11
+1580947057.93,-0000.98,+0000.00,+0000.00,+0000.84,-0000.15,-0010.11
+1580947057.93,-0000.98,+0000.00,-0000.98,+0000.84,-0000.15,-0010.11
+1580947057.94,-0000.98,+0000.00,+0000.00,+0000.77,-0000.15,-0010.11
+1580947057.94,-0000.98,-0000.98,+0000.00,+0000.84,-0000.23,-0010.11
+1580947057.95,+0000.00,-0000.98,-0000.98,+0000.84,-0000.15,-0010.11
+1580947057.95,+0000.00,+0000.00,+0000.00,+0000.77,-0000.15,-0010.11
+1580947057.96,-0000.98,+0000.00,+0000.00,+0000.77,-0000.15,-0010.11
+1580947057.96,-0000.98,+0000.00,-0000.98,+0000.84,-0000.15,-0010.11
+1580947057.97,-0000.98,-0000.98,+0000.00,+0000.84,-0000.15,-0010.11
+1580947057.97,-0000.98,-0000.98,+0000.00,+0000.77,-0000.15,-0010.11
+1580947057.98,-0000.98,-0000.98,+0000.00,+0000.84,-0000.15,-0010.11
+1580947057.98,-0000.98,-0000.98,+0000.00,+0000.77,-0000.15,-0010.11
+1580947057.99,-0000.98,+0000.00,-0000.98,+0000.77,-0000.15,-0010.11
+1580947057.99,-0000.98,+0000.00,-0000.98,+0000.84,-0000.15,-0010.11
+1580947058.00,-0000.98,+0000.00,+0000.00,+0000.77,-0000.15,-0010.11
+1580947058.00,+0000.00,-0000.98,+0000.00,+0000.84,-0000.15,-0010.11
+1580947058.01,-0000.98,+0000.00,-0000.98,+0000.77,-0000.15,-0010.03
+1580947058.01,-0000.98,-0000.98,+0000.00,+0000.77,-0000.15,-0010.11
+1580947058.02,+0000.00,+0000.00,-0000.98,+0000.77,-0000.08,-0010.11
+1580947058.02,-0000.98,+0000.00,+0000.00,+0000.84,-0000.15,-0010.11
+1580947058.03,-0000.98,-0000.98,+0000.00,+0000.77,-0000.15,-0010.11
+1580947058.03,-0000.98,-0000.98,+0000.00,+0000.84,-0000.15,-0010.11
+1580947058.04,-0000.98,+0000.00,-0000.98,+0000.84,-0000.15,-0010.11
+1580947058.04,-0000.98,+0000.00,+0000.00,+0000.84,-0000.15,-0010.11
+1580947058.05,-0000.98,+0000.00,+0000.00,+0000.84,-0000.15,-0010.03
+1580947058.05,-0000.98,-0000.98,+0000.00,+0000.84,-0000.15,-0010.11
+1580947058.06,-0000.98,-0000.98,-0000.98,+0000.84,-0000.15,-0010.11
+1580947058.06,-0000.98,+0000.00,+0000.00,+0000.77,-0000.15,-0010.11
+1580947058.07,+0000.00,+0000.00,+0000.00,+0000.77,-0000.15,-0010.11
+1580947058.07,-0000.98,+0000.00,-0000.98,+0000.84,-0000.15,-0010.11
+1580947058.08,+0000.00,-0000.98,+0000.00,+0000.77,-0000.15,-0010.11
+1580947058.08,-0000.98,+0000.00,+0000.00,+0000.84,-0000.15,-0010.11
+1580947058.09,-0000.98,-0000.98,+0000.00,+0000.77,-0000.15,-0010.11
+1580947058.09,-0000.98,-0000.98,+0000.00,+0000.77,-0000.15,-0010.11
+1580947058.10,-0000.98,-0000.98,+0000.00,+0000.84,-0000.15,-0010.11
+1580947058.10,-0000.98,-0000.98,-0000.98,+0000.77,-0000.15,-0010.11
+1580947058.11,+0000.00,-0000.98,-0000.98,+0000.84,-0000.15,-0010.11
+1580947058.11,-0000.98,+0000.00,-0000.98,+0000.84,-0000.15,-0010.11
+1580947058.12,-0000.98,+0000.00,+0000.00,+0000.77,-0000.15,-0010.11
+1580947058.12,-0000.98,+0000.00,+0000.00,+0000.84,-0000.15,-0010.11
+1580947058.13,-0000.98,-0000.98,+0000.00,+0000.84,-0000.15,-0010.11
+1580947058.13,+0000.00,-0000.98,+0000.00,+0000.77,-0000.15,-0010.11
+1580947058.14,-0000.98,-0000.98,-0000.98,+0000.84,-0000.15,-0010.11
+1580947058.14,+0000.00,-0000.98,+0000.00,+0000.84,-0000.15,-0010.11
+1580947058.15,-0000.98,+0000.00,+0000.00,+0000.77,-0000.15,-0010.11
+1580947058.15,-0000.98,+0000.00,-0000.98,+0000.84,-0000.15,-0010.11
+1580947058.16,-0000.98,+0000.00,+0000.00,+0000.84,-0000.15,-0010.11
+1580947058.16,-0000.98,-0000.98,-0000.98,+0000.77,-0000.15,-0010.11
+1580947058.17,-0000.98,+0000.00,+0000.00,+0000.84,-0000.15,-0010.11
+1580947058.17,-0000.98,-0000.98,-0000.98,+0000.84,-0000.15,-0010.11
+1580947058.18,-0000.98,-0000.98,+0000.00,+0000.77,-0000.23,-0010.11
+1580947058.18,-0000.98,-0000.98,-0000.98,+0000.84,-0000.15,-0010.11
+1580947058.19,-0000.98,-0000.98,+0000.00,+0000.84,-0000.15,-0010.11
+1580947058.19,-0000.98,+0000.00,-0000.98,+0000.84,-0000.15,-0010.11
+1580947058.20,-0000.98,+0000.00,+0000.00,+0000.84,-0000.15,-0010.11
+1580947058.20,-0000.98,-0000.98,+0000.00,+0000.77,-0000.15,-0010.11
+1580947058.21,+0000.00,-0000.98,-0000.98,+0000.84,-0000.15,-0010.11
+1580947058.21,-0000.98,-0000.98,+0000.00,+0000.84,-0000.15,-0010.11
+1580947058.22,-0000.98,+0000.00,-0000.98,+0000.84,-0000.15,-0010.11
+1580947058.22,-0000.98,+0000.00,+0000.00,+0000.84,-0000.15,-0010.11
+1580947058.23,+0000.00,-0000.98,-0000.98,+0000.84,-0000.15,-0010.11
+1580947058.23,-0000.98,-0000.98,+0000.00,+0000.84,-0000.15,-0010.11
+1580947058.24,-0000.98,-0000.98,+0000.00,+0000.84,-0000.15,-0010.11
+1580947058.24,+0000.00,+0000.00,+0000.00,+0000.77,-0000.15,-0010.11
+1580947058.25,-0000.98,-0000.98,-0000.98,+0000.84,-0000.15,-0010.11
+1580947058.25,-0000.98,-0000.98,+0000.00,+0000.84,-0000.15,-0010.11
+1580947058.26,+0000.00,-0000.98,+0000.00,+0000.84,-0000.15,-0010.11
+1580947058.26,-0000.98,-0000.98,-0000.98,+0000.77,-0000.15,-0010.11
+1580947058.27,-0000.98,+0000.00,+0000.00,+0000.84,-0000.15,-0010.11
+1580947058.27,-0000.98,-0000.98,+0000.00,+0000.84,-0000.15,-0010.11
+1580947058.28,-0000.98,-0000.98,-0000.98,+0000.84,-0000.15,-0010.11
+1580947058.28,-0000.98,+0000.00,+0000.00,+0000.77,-0000.15,-0010.11
+1580947058.29,-0000.98,+0000.00,+0000.00,+0000.84,-0000.15,-0010.11
+1580947058.29,-0000.98,+0000.00,+0000.00,+0000.84,-0000.15,-0010.11
+1580947058.30,+0000.00,-0000.98,+0000.00,+0000.84,-0000.15,-0010.11
+1580947058.30,-0000.98,-0000.98,-0000.98,+0000.77,-0000.15,-0010.18
+1580947058.31,+0000.00,-0000.98,+0000.00,+0000.77,-0000.15,-0010.11
+1580947058.31,-0000.98,-0000.98,+0000.00,+0000.84,-0000.15,-0010.11
+1580947058.32,+0000.00,-0000.98,+0000.00,+0000.84,-0000.15,-0010.03
+1580947058.32,-0000.98,-0000.98,-0000.98,+0000.84,-0000.15,-0010.11
+1580947058.33,-0000.98,+0000.00,+0000.00,+0000.84,-0000.15,-0010.11
+1580947058.33,-0000.98,-0000.98,+0000.00,+0000.84,-0000.15,-0010.11
+1580947058.34,+0000.00,+0000.00,-0000.98,+0000.77,-0000.15,-0010.11
+1580947058.34,-0000.98,-0000.98,+0000.00,+0000.84,-0000.15,-0010.11
+1580947058.35,-0000.98,+0000.00,-0000.98,+0000.77,-0000.15,-0010.11
+1580947058.35,-0000.98,-0000.98,+0000.00,+0000.84,-0000.15,-0010.11
+1580947058.36,-0000.98,-0000.98,-0000.98,+0000.84,-0000.15,-0010.11
+1580947058.36,+0000.00,-0000.98,-0000.98,+0000.77,-0000.15,-0010.11
+1580947058.37,-0000.98,+0000.00,+0000.00,+0000.84,-0000.15,-0010.11
+1580947058.37,+0000.00,-0000.98,-0000.98,+0000.77,-0000.15,-0010.11
+1580947058.38,-0000.98,-0000.98,+0000.00,+0000.77,-0000.15,-0010.11
+1580947058.38,-0000.98,-0000.98,-0000.98,+0000.84,-0000.15,-0010.11
+1580947058.39,-0000.98,+0000.00,-0000.98,+0000.77,-0000.23,-0010.11
+1580947058.39,-0000.98,+0000.00,+0000.00,+0000.84,-0000.15,-0010.11
+1580947058.40,-0000.98,-0000.98,+0000.00,+0000.77,-0000.15,-0010.11
+1580947058.40,-0000.98,-0000.98,-0000.98,+0000.84,-0000.15,-0010.11
+1580947058.41,+0000.00,-0000.98,-0000.98,+0000.84,-0000.15,-0010.11
+1580947058.41,-0000.98,+0000.00,-0000.98,+0000.84,-0000.15,-0010.11
+1580947058.42,-0000.98,-0000.98,+0000.00,+0000.77,-0000.15,-0010.11
+1580947058.42,+0000.00,-0000.98,+0000.00,+0000.77,-0000.15,-0010.11
+1580947058.43,-0000.98,+0000.00,+0000.00,+0000.84,-0000.15,-0010.11
+1580947058.43,-0000.98,-0000.98,+0000.00,+0000.84,-0000.15,-0010.11
+1580947058.44,-0000.98,-0000.98,+0000.00,+0000.84,-0000.15,-0010.11
+1580947058.44,-0000.98,-0000.98,+0000.00,+0000.84,-0000.15,-0010.11
+1580947058.45,-0000.98,+0000.00,+0000.00,+0000.84,-0000.08,-0010.11
+1580947058.45,-0000.98,+0000.00,-0000.98,+0000.77,-0000.15,-0010.11
+1580947058.46,-0000.98,-0000.98,+0000.00,+0000.84,-0000.15,-0010.03
+1580947058.46,-0000.98,-0000.98,+0000.00,+0000.84,-0000.15,-0010.11
+1580947058.47,-0000.98,-0000.98,+0000.00,+0000.84,-0000.15,-0010.11
+1580947058.47,-0000.98,-0000.98,+0000.00,+0000.84,-0000.15,-0010.11
+1580947058.48,-0000.98,-0000.98,+0000.00,+0000.77,-0000.15,-0010.11
+1580947058.48,-0000.98,-0000.98,+0000.00,+0000.84,-0000.08,-0010.11
+1580947058.49,-0000.98,-0000.98,+0000.00,+0000.84,-0000.15,-0010.03
+1580947058.49,-0000.98,+0000.00,+0000.00,+0000.77,-0000.15,-0010.11
+1580947058.50,-0000.98,+0000.00,+0000.00,+0000.84,-0000.15,-0010.11
+1580947058.50,-0000.98,-0000.98,+0000.00,+0000.84,-0000.15,-0010.11
+1580947058.51,-0000.98,-0000.98,+0000.00,+0000.84,-0000.15,-0010.11
+1580947058.51,+0000.00,+0000.00,+0000.00,+0000.84,-0000.15,-0010.11
+1580947058.52,-0000.98,+0000.00,+0000.00,+0000.84,-0000.15,-0010.03
+1580947058.52,-0000.98,-0000.98,-0000.98,+0000.77,-0000.15,-0010.11
+1580947058.53,-0000.98,+0000.00,-0000.98,+0000.84,-0000.15,-0010.11
+1580947058.53,+0000.00,+0000.00,+0000.00,+0000.84,-0000.15,-0010.11
+1580947058.54,-0000.98,-0000.98,+0000.00,+0000.77,-0000.15,-0010.11
+1580947058.54,-0000.98,-0000.98,+0000.00,+0000.77,-0000.15,-0010.11
+1580947058.55,-0000.98,-0000.98,+0000.00,+0000.77,-0000.15,-0010.11
+1580947058.55,-0000.98,-0000.98,+0000.00,+0000.84,-0000.15,-0010.11
+1580947058.56,-0000.98,+0000.00,+0000.00,+0000.84,-0000.15,-0010.11
+1580947058.56,-0000.98,-0000.98,-0000.98,+0000.84,-0000.15,-0010.11
+1580947058.57,-0000.98,+0000.00,-0000.98,+0000.84,-0000.15,-0010.03
+1580947058.57,-0000.98,-0000.98,+0000.00,+0000.84,-0000.15,-0010.11
+1580947058.58,-0000.98,+0000.00,-0000.98,+0000.84,-0000.15,-0010.11
+1580947058.58,-0000.98,+0000.00,+0000.00,+0000.77,-0000.15,-0010.11
+1580947058.59,-0000.98,-0000.98,+0000.00,+0000.84,-0000.15,-0010.11
+1580947058.59,-0000.98,+0000.00,-0000.98,+0000.77,-0000.15,-0010.11
+1580947058.60,-0000.98,-0000.98,+0000.00,+0000.77,-0000.15,-0010.11
+1580947058.61,-0000.98,-0000.98,-0000.98,+0000.84,-0000.15,-0010.11
+1580947058.61,-0000.98,-0000.98,+0000.00,+0000.84,-0000.15,-0010.11
+1580947058.62,-0000.98,+0000.00,-0000.98,+0000.84,-0000.15,-0010.03
+1580947058.62,-0000.98,-0000.98,-0000.98,+0000.77,-0000.15,-0010.11
+1580947058.63,-0000.98,-0000.98,+0000.00,+0000.84,-0000.15,-0010.11
+1580947058.63,-0000.98,-0000.98,-0000.98,+0000.77,-0000.15,-0010.11
+1580947058.64,+0000.00,-0000.98,-0000.98,+0000.77,-0000.15,-0010.11
+1580947058.64,-0000.98,+0000.00,+0000.00,+0000.77,-0000.15,-0010.11
+1580947058.65,-0000.98,+0000.00,-0000.98,+0000.84,-0000.08,-0010.11
+1580947058.65,-0000.98,+0000.00,-0000.98,+0000.84,-0000.15,-0010.03
+1580947058.66,-0000.98,-0000.98,+0000.00,+0000.84,-0000.15,-0010.11
+1580947058.66,-0000.98,-0000.98,+0000.00,+0000.77,-0000.15,-0010.11
+1580947058.67,-0000.98,+0000.00,-0000.98,+0000.77,-0000.15,-0010.11
+1580947058.67,-0000.98,-0000.98,+0000.00,+0000.84,-0000.15,-0010.11
+1580947058.68,-0000.98,+0000.00,+0000.00,+0000.77,-0000.15,-0010.11
+1580947058.68,-0000.98,-0000.98,+0000.00,+0000.84,-0000.15,-0010.03
+1580947058.69,-0000.98,-0000.98,+0000.00,+0000.84,-0000.15,-0010.11
+1580947058.69,-0000.98,-0000.98,+0000.00,+0000.84,-0000.15,-0010.11
+1580947058.70,-0000.98,-0000.98,-0000.98,+0000.84,-0000.15,-0010.11
+1580947058.70,-0000.98,+0000.00,-0000.98,+0000.84,-0000.15,-0010.11
+1580947058.71,-0000.98,+0000.00,+0000.00,+0000.84,-0000.15,-0010.11
+1580947058.71,+0000.00,-0000.98,+0000.00,+0000.84,-0000.15,-0010.11
+1580947058.72,-0000.98,-0000.98,+0000.00,+0000.84,-0000.15,-0010.11
+1580947058.72,-0000.98,+0000.00,+0000.00,+0000.84,-0000.15,-0010.11
+1580947058.73,-0000.98,-0000.98,+0000.00,+0000.77,-0000.15,-0010.11
+1580947058.73,-0000.98,-0000.98,-0000.98,+0000.77,-0000.15,-0010.11
+1580947058.74,-0000.98,+0000.00,+0000.00,+0000.84,-0000.15,-0010.11
+1580947058.74,-0000.98,-0000.98,-0000.98,+0000.84,-0000.15,-0010.03
+1580947058.75,-0000.98,-0000.98,-0000.98,+0000.84,-0000.15,-0010.11
+1580947058.75,-0000.98,-0000.98,+0000.00,+0000.84,-0000.15,-0010.11
+1580947058.76,-0000.98,+0000.00,+0000.00,+0000.84,-0000.15,-0010.11
+1580947058.76,-0000.98,-0000.98,-0000.98,+0000.84,-0000.23,-0010.11
+1580947058.77,-0000.98,-0000.98,-0000.98,+0000.84,-0000.15,-0010.11
+1580947058.77,-0000.98,-0000.98,-0000.98,+0000.84,-0000.15,-0010.03
+1580947058.78,-0000.98,+0000.00,+0000.00,+0000.77,-0000.15,-0010.11
+1580947058.78,-0000.98,-0000.98,-0000.98,+0000.84,-0000.15,-0010.11
+1580947058.79,-0000.98,+0000.00,-0000.98,+0000.77,-0000.15,-0010.11
+1580947058.79,-0000.98,-0000.98,+0000.00,+0000.77,-0000.15,-0010.11
+1580947058.80,+0000.00,+0000.00,+0000.00,+0000.84,-0000.15,-0010.03
+1580947058.80,-0000.98,+0000.00,-0000.98,+0000.84,-0000.15,-0010.11
+1580947058.81,-0000.98,-0000.98,+0000.00,+0000.77,-0000.15,-0010.11
+1580947058.81,-0000.98,-0000.98,-0000.98,+0000.84,-0000.15,-0010.11
+1580947058.82,-0000.98,-0000.98,+0000.00,+0000.77,-0000.15,-0010.03
+1580947058.82,-0000.98,+0000.00,+0000.00,+0000.84,-0000.15,-0010.11
+1580947058.83,+0000.00,-0000.98,-0000.98,+0000.77,-0000.15,-0010.03
+1580947058.83,-0000.98,+0000.00,+0000.00,+0000.84,-0000.15,-0010.11
+1580947058.84,-0000.98,-0000.98,+0000.00,+0000.77,-0000.15,-0010.11
+1580947058.84,-0000.98,-0000.98,-0000.98,+0000.77,-0000.15,-0010.11
+1580947058.85,-0000.98,+0000.00,+0000.00,+0000.84,-0000.15,-0010.11
+1580947058.85,-0000.98,+0000.00,+0000.00,+0000.77,-0000.15,-0010.11
+1580947058.86,-0000.98,-0000.98,-0000.98,+0000.77,-0000.15,-0010.11
+1580947058.86,-0000.98,-0000.98,+0000.00,+0000.84,-0000.15,-0010.11
+1580947058.87,-0000.98,-0000.98,+0000.00,+0000.84,-0000.15,-0010.11
+1580947058.87,-0000.98,-0000.98,-0000.98,+0000.77,-0000.15,-0010.11
+1580947058.88,-0000.98,-0000.98,+0000.00,+0000.77,-0000.15,-0010.03
+1580947058.88,-0000.98,-0000.98,+0000.00,+0000.77,-0000.15,-0010.11
+1580947058.89,-0000.98,-0000.98,+0000.00,+0000.84,-0000.15,-0010.11
+1580947058.89,-0000.98,-0000.98,-0000.98,+0000.77,-0000.15,-0010.11
+1580947058.90,-0000.98,-0000.98,+0000.00,+0000.84,-0000.15,-0010.11
+1580947058.90,-0000.98,+0000.00,+0000.00,+0000.84,-0000.15,-0010.11
+1580947058.91,-0000.98,-0000.98,+0000.00,+0000.84,-0000.15,-0010.11
+1580947058.91,-0000.98,-0000.98,+0000.00,+0000.84,-0000.15,-0010.11
+1580947058.92,-0000.98,-0000.98,-0000.98,+0000.77,-0000.15,-0010.11
+1580947058.92,+0000.00,+0000.00,-0000.98,+0000.77,-0000.15,-0010.11
+1580947058.93,-0000.98,-0000.98,+0000.00,+0000.84,-0000.15,-0010.11
+1580947058.93,-0000.98,+0000.00,+0000.00,+0000.84,-0000.15,-0010.11
+1580947058.94,-0000.98,-0000.98,-0000.98,+0000.84,-0000.15,-0010.11
+1580947058.94,-0000.98,+0000.00,+0000.00,+0000.84,-0000.15,-0010.11
+1580947058.95,+0000.00,-0000.98,+0000.00,+0000.77,-0000.15,-0010.11
+1580947058.95,-0000.98,-0000.98,-0000.98,+0000.84,-0000.15,-0010.11
+1580947058.96,-0000.98,-0000.98,+0000.00,+0000.84,-0000.15,-0010.11
+1580947058.96,-0000.98,-0000.98,+0000.00,+0000.77,-0000.15,-0010.11
+1580947058.97,-0000.98,+0000.00,-0000.98,+0000.84,-0000.15,-0010.11
+1580947058.97,-0000.98,-0000.98,-0000.98,+0000.77,-0000.15,-0010.11
+1580947058.98,-0000.98,+0000.00,-0000.98,+0000.84,-0000.15,-0010.11
+1580947058.98,-0000.98,+0000.00,+0000.00,+0000.77,-0000.15,-0010.11
+1580947058.99,-0000.98,+0000.00,+0000.00,+0000.84,-0000.15,-0010.03
+1580947058.99,-0000.98,-0000.98,-0000.98,+0000.77,-0000.15,-0010.11
+1580947059.00,-0000.98,-0000.98,-0000.98,+0000.84,-0000.15,-0010.11
+1580947059.00,-0000.98,-0000.98,-0000.98,+0000.84,-0000.15,-0010.11
+1580947059.01,-0000.98,-0000.98,+0000.00,+0000.77,-0000.15,-0010.11
+1580947059.01,-0000.98,-0000.98,+0000.00,+0000.84,-0000.15,-0010.11
+1580947059.02,-0000.98,-0000.98,-0000.98,+0000.84,-0000.15,-0010.11
+1580947059.02,-0000.98,-0000.98,+0000.00,+0000.84,-0000.15,-0010.11
+1580947059.03,-0000.98,+0000.00,+0000.00,+0000.84,-0000.15,-0010.03
+1580947059.03,-0000.98,-0000.98,+0000.00,+0000.84,-0000.15,-0010.11
+1580947059.04,-0000.98,+0000.00,+0000.00,+0000.77,-0000.15,-0010.11
+1580947059.04,-0000.98,-0000.98,+0000.00,+0000.84,-0000.15,-0010.11
+1580947059.05,-0000.98,-0000.98,-0000.98,+0000.84,-0000.15,-0010.11
+1580947059.05,-0000.98,+0000.00,+0000.00,+0000.84,-0000.15,-0010.11
+1580947059.06,-0000.98,+0000.00,-0000.98,+0000.84,-0000.15,-0010.11
+1580947059.06,-0000.98,-0000.98,+0000.00,+0000.84,-0000.15,-0010.11
+1580947059.07,-0000.98,-0000.98,+0000.00,+0000.77,-0000.23,-0010.11
+1580947059.07,-0000.98,-0000.98,-0000.98,+0000.84,-0000.15,-0010.11
+1580947059.08,-0000.98,-0000.98,+0000.00,+0000.84,-0000.15,-0010.11
+1580947059.08,-0000.98,-0000.98,-0000.98,+0000.84,-0000.15,-0010.11
+1580947059.09,+0000.00,-0000.98,+0000.00,+0000.77,-0000.15,-0010.11
+1580947059.09,+0000.00,-0000.98,+0000.00,+0000.84,-0000.15,-0010.11
+1580947059.10,-0000.98,+0000.00,+0000.00,+0000.77,-0000.15,-0010.11
+1580947059.10,-0000.98,-0000.98,-0000.98,+0000.77,-0000.15,-0010.11
+1580947059.11,-0000.98,-0000.98,+0000.00,+0000.77,-0000.15,-0010.11
+1580947059.11,-0000.98,-0000.98,-0000.98,+0000.84,-0000.15,-0010.11
+1580947059.12,+0000.00,+0000.00,-0000.98,+0000.84,-0000.15,-0010.11
+1580947059.12,-0000.98,+0000.00,+0000.00,+0000.77,-0000.15,-0010.11
+1580947059.13,-0000.98,-0000.98,-0000.98,+0000.84,-0000.15,-0010.11
+1580947059.13,-0000.98,-0000.98,-0000.98,+0000.77,-0000.15,-0010.11
+1580947059.14,-0000.98,-0000.98,+0000.00,+0000.84,-0000.15,-0010.11
+1580947059.14,-0000.98,+0000.00,+0000.00,+0000.84,-0000.15,-0010.11
+1580947059.15,-0000.98,-0000.98,-0000.98,+0000.84,-0000.15,-0010.11
+1580947059.15,-0000.98,+0000.00,+0000.00,+0000.84,-0000.15,-0010.11
+1580947059.16,-0000.98,-0000.98,+0000.00,+0000.84,-0000.15,-0010.11
+1580947059.16,-0000.98,-0000.98,-0000.98,+0000.84,-0000.15,-0010.03
+1580947059.17,-0000.98,-0000.98,-0000.98,+0000.77,-0000.15,-0010.11
+1580947059.17,-0000.98,+0000.00,-0000.98,+0000.84,-0000.15,-0010.11
+1580947059.18,-0000.98,+0000.00,+0000.00,+0000.77,-0000.15,-0010.11
+1580947059.18,-0000.98,-0000.98,-0000.98,+0000.84,-0000.15,-0010.11
+1580947059.19,-0000.98,+0000.00,-0000.98,+0000.84,-0000.15,-0010.03
+1580947059.19,-0000.98,-0000.98,+0000.00,+0000.84,-0000.15,-0010.11
+1580947059.20,-0000.98,-0000.98,-0000.98,+0000.84,-0000.15,-0010.11
+1580947059.20,-0000.98,-0000.98,+0000.00,+0000.77,-0000.15,-0010.11
+1580947059.21,-0000.98,+0000.00,-0000.98,+0000.84,-0000.15,-0010.11
+1580947059.21,-0000.98,+0000.00,-0000.98,+0000.84,-0000.15,-0010.11
+1580947059.22,-0000.98,-0000.98,-0000.98,+0000.84,-0000.15,-0010.11
+1580947059.22,+0000.00,+0000.00,+0000.00,+0000.84,-0000.15,-0010.11
+1580947059.23,-0000.98,-0000.98,-0000.98,+0000.84,-0000.15,-0010.11
+1580947059.23,-0000.98,+0000.00,-0000.98,+0000.77,-0000.15,-0010.11
+1580947059.24,-0000.98,-0000.98,+0000.00,+0000.84,-0000.15,-0010.11
+1580947059.24,+0000.00,-0000.98,+0000.00,+0000.77,-0000.15,-0010.11
+1580947059.25,-0000.98,+0000.00,-0000.98,+0000.77,-0000.15,-0010.11
+1580947059.25,-0000.98,-0000.98,+0000.00,+0000.77,-0000.15,-0010.11
+1580947059.26,-0000.98,-0000.98,+0000.00,+0000.84,-0000.15,-0010.11
+1580947059.26,-0000.98,-0000.98,+0000.00,+0000.77,-0000.15,-0010.11
+1580947059.27,-0000.98,-0000.98,+0000.00,+0000.84,-0000.23,-0010.11
+1580947059.27,-0000.98,-0000.98,+0000.00,+0000.77,-0000.15,-0010.11
+1580947059.28,-0000.98,-0000.98,-0000.98,+0000.77,-0000.15,-0010.03
+1580947059.28,-0000.98,-0000.98,+0000.00,+0000.77,-0000.15,-0010.11
+1580947059.29,-0000.98,-0000.98,+0000.00,+0000.77,-0000.15,-0010.11
+1580947059.29,-0000.98,-0000.98,+0000.00,+0000.84,-0000.15,-0010.11
+1580947059.30,-0000.98,-0000.98,+0000.00,+0000.77,-0000.15,-0010.11
+1580947059.30,-0000.98,-0000.98,-0000.98,+0000.84,-0000.15,-0010.11
+1580947059.31,-0000.98,+0000.00,+0000.00,+0000.77,-0000.15,-0010.11
+1580947059.31,-0000.98,-0000.98,+0000.00,+0000.77,-0000.15,-0010.11
+1580947059.32,-0000.98,-0000.98,+0000.00,+0000.84,-0000.15,-0010.11
+1580947059.32,+0000.00,-0000.98,+0000.00,+0000.77,-0000.15,-0010.11
+1580947059.33,-0000.98,-0000.98,+0000.00,+0000.77,-0000.15,-0010.11
+1580947059.33,-0000.98,+0000.00,+0000.00,+0000.77,-0000.15,-0010.11
+1580947059.34,-0000.98,+0000.00,+0000.00,+0000.84,-0000.15,-0010.11
+1580947059.34,+0000.00,-0000.98,+0000.00,+0000.84,-0000.15,-0010.11
+1580947059.35,-0000.98,+0000.00,+0000.00,+0000.77,-0000.15,-0010.11
+1580947059.35,-0000.98,-0000.98,+0000.00,+0000.84,-0000.15,-0010.11
+1580947059.36,-0000.98,+0000.00,+0000.00,+0000.77,-0000.15,-0010.03
+1580947059.36,-0000.98,-0000.98,-0000.98,+0000.84,-0000.15,-0010.11
+1580947059.37,-0000.98,-0000.98,+0000.00,+0000.84,-0000.15,-0010.11
+1580947059.37,-0000.98,+0000.00,-0000.98,+0000.84,-0000.15,-0010.11
+1580947059.38,-0000.98,-0000.98,-0000.98,+0000.84,-0000.15,-0010.03
+1580947059.38,-0000.98,-0000.98,+0000.00,+0000.84,-0000.15,-0010.11
+1580947059.39,-0000.98,-0000.98,-0000.98,+0000.77,-0000.15,-0010.11
+1580947059.39,-0000.98,+0000.00,+0000.00,+0000.84,-0000.15,-0010.11
+1580947059.40,-0000.98,-0000.98,-0000.98,+0000.84,-0000.15,-0010.11
+1580947059.40,-0000.98,-0000.98,-0000.98,+0000.77,-0000.15,-0010.11
+1580947059.41,+0000.00,-0000.98,+0000.00,+0000.77,-0000.15,-0010.11
+1580947059.41,-0000.98,+0000.00,+0000.00,+0000.77,-0000.15,-0010.11
+1580947059.42,-0000.98,+0000.00,-0000.98,+0000.84,-0000.15,-0010.11
+1580947059.42,-0000.98,-0000.98,-0000.98,+0000.84,-0000.15,-0010.11
+1580947059.43,-0000.98,+0000.00,+0000.00,+0000.84,-0000.15,-0010.11
+1580947059.43,-0000.98,+0000.00,-0000.98,+0000.84,-0000.15,-0010.11
+1580947059.44,-0000.98,-0000.98,-0000.98,+0000.84,-0000.15,-0010.11
+1580947059.44,-0000.98,+0000.00,+0000.00,+0000.77,-0000.15,-0010.11
+1580947059.45,-0000.98,+0000.00,-0000.98,+0000.77,-0000.15,-0010.11
+1580947059.45,-0000.98,+0000.00,-0000.98,+0000.84,-0000.15,-0010.11
+1580947059.46,-0000.98,-0000.98,-0000.98,+0000.84,-0000.15,-0010.11
+1580947059.46,-0000.98,+0000.00,+0000.00,+0000.84,-0000.15,-0010.11
+1580947059.47,-0000.98,-0000.98,-0000.98,+0000.84,-0000.15,-0010.03
+1580947059.47,-0000.98,-0000.98,+0000.00,+0000.84,-0000.15,-0010.11
+1580947059.48,-0000.98,+0000.00,+0000.00,+0000.77,-0000.15,-0010.11
+1580947059.48,-0000.98,+0000.00,-0000.98,+0000.77,-0000.15,-0010.11
+1580947059.49,+0000.00,+0000.00,+0000.00,+0000.84,-0000.15,-0010.11
+1580947059.49,-0000.98,+0000.00,-0000.98,+0000.77,-0000.15,-0010.11
+1580947059.50,-0000.98,-0000.98,+0000.00,+0000.77,-0000.15,-0010.03
+1580947059.50,+0000.00,+0000.00,+0000.00,+0000.77,-0000.15,-0010.11
+1580947059.51,+0000.00,+0000.00,-0000.98,+0000.84,-0000.15,-0010.11
+1580947059.51,-0000.98,-0000.98,+0000.00,+0000.84,-0000.15,-0010.11
+1580947059.52,-0000.98,-0000.98,-0000.98,+0000.84,-0000.15,-0010.11
+1580947059.52,+0000.00,-0000.98,+0000.00,+0000.84,-0000.15,-0010.11
+1580947059.53,-0000.98,-0000.98,-0000.98,+0000.84,-0000.15,-0010.11
+1580947059.53,-0000.98,-0000.98,+0000.00,+0000.84,-0000.15,-0010.11
+1580947059.54,-0000.98,-0000.98,+0000.00,+0000.77,-0000.15,-0010.11
+1580947059.54,-0000.98,-0000.98,-0000.98,+0000.77,-0000.15,-0010.11
+1580947059.55,+0000.00,-0000.98,-0000.98,+0000.84,-0000.15,-0010.11
+1580947059.55,-0000.98,+0000.00,+0000.00,+0000.84,-0000.15,-0010.11
+1580947059.56,-0000.98,+0000.00,+0000.00,+0000.84,-0000.15,-0010.11
+1580947059.56,-0000.98,-0000.98,-0000.98,+0000.77,-0000.15,-0010.11
+1580947059.57,-0000.98,+0000.00,+0000.00,+0000.84,-0000.15,-0010.11
+1580947059.57,-0000.98,+0000.00,-0000.98,+0000.84,-0000.15,-0010.11
+1580947059.58,-0000.98,-0000.98,-0000.98,+0000.84,-0000.15,-0010.11
+1580947059.58,-0000.98,-0000.98,-0000.98,+0000.84,-0000.15,-0010.11
+1580947059.59,-0000.98,-0000.98,-0000.98,+0000.84,-0000.15,-0010.11
+1580947059.59,-0000.98,-0000.98,+0000.00,+0000.77,-0000.15,-0010.11
+1580947059.60,-0000.98,+0000.00,+0000.00,+0000.84,-0000.15,-0010.11
+1580947059.60,-0000.98,-0000.98,-0000.98,+0000.77,-0000.15,-0010.11
+1580947059.61,-0000.98,+0000.00,-0000.98,+0000.77,-0000.15,-0010.03
+1580947059.61,-0000.98,-0000.98,-0000.98,+0000.77,-0000.15,-0010.03
+1580947059.62,-0000.98,-0000.98,-0000.98,+0000.77,-0000.15,-0010.11
+1580947059.62,+0000.00,-0000.98,+0000.00,+0000.84,-0000.15,-0010.11
+1580947059.63,-0000.98,-0000.98,-0000.98,+0000.84,-0000.15,-0010.11
+1580947059.63,+0000.00,+0000.00,-0000.98,+0000.84,-0000.15,-0010.11
+1580947059.64,-0000.98,-0000.98,+0000.00,+0000.77,-0000.15,-0010.11
+1580947059.64,-0000.98,+0000.00,+0000.00,+0000.77,-0000.15,-0010.11
+1580947059.65,-0000.98,-0000.98,-0000.98,+0000.84,-0000.15,-0010.11
+1580947059.65,-0000.98,-0000.98,+0000.00,+0000.84,-0000.15,-0010.11
+1580947059.66,-0000.98,-0000.98,+0000.00,+0000.84,-0000.15,-0010.11
+1580947059.66,-0000.98,-0000.98,+0000.00,+0000.84,-0000.15,-0010.11
+1580947059.67,-0000.98,+0000.00,-0000.98,+0000.77,-0000.15,-0010.11
+1580947059.67,-0000.98,-0000.98,-0000.98,+0000.84,-0000.15,-0010.11
+1580947059.68,-0000.98,-0000.98,+0000.00,+0000.84,-0000.15,-0010.11
+1580947059.68,+0000.00,+0000.00,-0000.98,+0000.84,-0000.15,-0010.11
+1580947059.69,-0000.98,-0000.98,+0000.00,+0000.84,-0000.15,-0010.11
+1580947059.69,-0000.98,-0000.98,+0000.00,+0000.84,-0000.15,-0010.11
+1580947059.70,-0000.98,-0000.98,+0000.00,+0000.77,-0000.15,-0010.11
+1580947059.70,-0000.98,-0000.98,+0000.00,+0000.84,-0000.15,-0010.11
+1580947059.71,-0000.98,-0000.98,+0000.00,+0000.77,-0000.15,-0010.11
+1580947059.71,+0000.00,-0000.98,-0000.98,+0000.84,-0000.15,-0010.11
+1580947059.72,-0000.98,+0000.00,-0000.98,+0000.77,-0000.15,-0010.11
+1580947059.72,-0000.98,-0000.98,-0000.98,+0000.84,-0000.15,-0010.11
+1580947059.73,-0000.98,+0000.00,+0000.00,+0000.77,-0000.15,-0010.03
+1580947059.73,-0000.98,-0000.98,-0000.98,+0000.84,-0000.15,-0010.11
+1580947059.74,-0000.98,+0000.00,-0000.98,+0000.77,-0000.15,-0010.11
+1580947059.74,-0000.98,-0000.98,+0000.00,+0000.84,-0000.23,-0010.11
+1580947059.75,-0000.98,-0000.98,-0000.98,+0000.77,-0000.15,-0010.11
+1580947059.75,-0000.98,-0000.98,-0000.98,+0000.84,-0000.15,-0010.11
+1580947059.76,-0000.98,-0000.98,+0000.00,+0000.84,-0000.15,-0010.11
+1580947059.76,-0000.98,-0000.98,+0000.00,+0000.84,-0000.15,-0010.11
+1580947059.77,-0000.98,+0000.00,+0000.00,+0000.84,-0000.15,-0010.11
+1580947059.77,+0000.00,-0000.98,-0000.98,+0000.84,-0000.15,-0010.11
+1580947059.78,-0000.98,+0000.00,+0000.00,+0000.77,-0000.15,-0010.11
+1580947059.78,+0000.00,-0000.98,+0000.00,+0000.84,-0000.15,-0010.11
+1580947059.79,-0000.98,+0000.00,-0000.98,+0000.84,-0000.15,-0010.11
+1580947059.79,+0000.00,+0000.00,+0000.00,+0000.84,-0000.15,-0010.11
+1580947059.80,-0000.98,+0000.00,+0000.00,+0000.77,-0000.15,-0010.11
+1580947059.80,-0000.98,-0000.98,-0000.98,+0000.77,-0000.15,-0010.11
+1580947059.81,-0000.98,+0000.00,+0000.00,+0000.77,-0000.15,-0010.11
+1580947059.81,-0000.98,-0000.98,+0000.00,+0000.84,-0000.15,-0010.11
+1580947059.82,-0000.98,-0000.98,-0000.98,+0000.84,-0000.15,-0010.11
+1580947059.82,-0000.98,+0000.00,+0000.00,+0000.77,-0000.15,-0010.11
+1580947059.83,-0000.98,+0000.00,+0000.00,+0000.84,-0000.15,-0010.11
+1580947059.83,-0000.98,+0000.00,-0000.98,+0000.77,-0000.23,-0010.11
+1580947059.84,-0000.98,+0000.00,-0000.98,+0000.77,-0000.15,-0010.11
+1580947059.84,-0000.98,-0000.98,-0000.98,+0000.77,-0000.08,-0010.11
+1580947059.85,-0000.98,-0000.98,+0000.00,+0000.84,-0000.15,-0010.11
+1580947059.85,-0000.98,-0000.98,-0000.98,+0000.84,-0000.15,-0010.11
+1580947059.86,-0000.98,-0000.98,-0000.98,+0000.84,-0000.15,-0010.11
+1580947059.86,-0000.98,+0000.00,+0000.00,+0000.84,-0000.15,-0010.11
+1580947059.87,-0000.98,-0000.98,+0000.00,+0000.84,-0000.15,-0010.11
+1580947059.87,-0000.98,-0000.98,-0000.98,+0000.77,-0000.15,-0010.11
+1580947059.88,-0000.98,+0000.00,+0000.00,+0000.84,-0000.23,-0010.11
+1580947059.88,-0000.98,-0000.98,+0000.00,+0000.77,-0000.15,-0010.11
+1580947059.89,-0000.98,+0000.00,+0000.00,+0000.84,-0000.15,-0010.11
+1580947059.89,-0000.98,-0000.98,+0000.00,+0000.84,-0000.15,-0010.11
+1580947059.90,-0000.98,-0000.98,-0000.98,+0000.84,-0000.15,-0010.11
+1580947059.90,-0000.98,-0000.98,-0000.98,+0000.77,-0000.15,-0010.11
+1580947059.91,-0000.98,+0000.00,-0000.98,+0000.77,-0000.15,-0010.11
+1580947059.91,-0000.98,-0000.98,+0000.00,+0000.84,-0000.15,-0010.11
+1580947059.92,-0000.98,-0000.98,+0000.00,+0000.77,-0000.15,-0010.11
+1580947059.92,-0000.98,-0000.98,+0000.00,+0000.84,-0000.15,-0010.11
+1580947059.93,+0000.00,-0000.98,-0000.98,+0000.84,-0000.15,-0010.11
+1580947059.93,-0000.98,-0000.98,+0000.00,+0000.84,-0000.15,-0010.11
+1580947059.94,-0000.98,-0000.98,+0000.00,+0000.84,-0000.15,-0010.11
+1580947059.94,+0000.00,-0000.98,+0000.00,+0000.77,-0000.15,-0010.11
+1580947059.95,-0000.98,-0000.98,-0000.98,+0000.77,-0000.15,-0010.11
+1580947059.95,+0000.00,+0000.00,+0000.00,+0000.84,-0000.15,-0010.11
+1580947059.96,-0000.98,-0000.98,-0000.98,+0000.84,-0000.15,-0010.11
+1580947059.96,-0000.98,+0000.00,+0000.00,+0000.77,-0000.15,-0010.11
+1580947059.97,-0000.98,-0000.98,-0000.98,+0000.84,-0000.15,-0010.11
+1580947059.97,-0000.98,-0000.98,+0000.00,+0000.84,-0000.15,-0010.11
+1580947059.98,-0000.98,-0000.98,-0000.98,+0000.77,-0000.15,-0010.18
+1580947059.98,-0000.98,-0000.98,+0000.00,+0000.84,-0000.15,-0010.11
+1580947059.99,-0000.98,-0000.98,-0000.98,+0000.84,-0000.08,-0010.11
+1580947059.99,-0000.98,-0000.98,-0000.98,+0000.77,-0000.15,-0010.11
+1580947060.00,-0000.98,-0000.98,+0000.00,+0000.77,-0000.15,-0010.11
+1580947060.00,-0000.98,+0000.00,+0000.00,+0000.77,-0000.15,-0010.11
+1580947060.01,-0000.98,-0000.98,+0000.00,+0000.77,-0000.15,-0010.11
+1580947060.01,-0000.98,+0000.00,-0000.98,+0000.84,-0000.15,-0010.11
+1580947060.02,-0000.98,-0000.98,+0000.00,+0000.84,-0000.15,-0010.11
+1580947060.02,-0000.98,-0000.98,+0000.00,+0000.77,-0000.15,-0010.11
+1580947060.03,-0000.98,-0000.98,+0000.00,+0000.77,-0000.15,-0010.11
+1580947060.03,-0000.98,-0000.98,+0000.00,+0000.77,-0000.15,-0010.11
+1580947060.04,-0000.98,-0000.98,+0000.00,+0000.77,-0000.15,-0010.11
+1580947060.04,-0000.98,-0000.98,-0000.98,+0000.77,-0000.15,-0010.11
+1580947060.05,-0000.98,+0000.00,+0000.00,+0000.84,-0000.15,-0010.11
+1580947060.05,-0000.98,-0000.98,-0000.98,+0000.84,-0000.15,-0010.11
+1580947060.06,-0000.98,-0000.98,-0000.98,+0000.84,-0000.15,-0010.11
+1580947060.06,-0000.98,-0000.98,+0000.00,+0000.84,-0000.15,-0010.11
+1580947060.07,-0000.98,-0000.98,+0000.00,+0000.77,-0000.15,-0010.11
+1580947060.07,-0000.98,+0000.00,-0000.98,+0000.77,-0000.15,-0010.11
+1580947060.08,-0000.98,-0000.98,-0000.98,+0000.84,-0000.15,-0010.11
+1580947060.08,-0000.98,-0000.98,-0000.98,+0000.77,-0000.15,-0010.11
+1580947060.09,-0000.98,-0000.98,+0000.00,+0000.77,-0000.15,-0010.11
+1580947060.09,+0000.00,+0000.00,-0000.98,+0000.77,-0000.15,-0010.11
+1580947060.10,-0000.98,+0000.00,-0000.98,+0000.84,-0000.15,-0010.11
+1580947060.10,-0000.98,-0000.98,+0000.00,+0000.77,-0000.15,-0010.11
+1580947060.11,-0000.98,-0000.98,+0000.00,+0000.77,-0000.15,-0010.03
+1580947060.11,-0000.98,+0000.00,+0000.00,+0000.84,-0000.15,-0010.11
+1580947060.12,-0000.98,-0000.98,+0000.00,+0000.84,-0000.15,-0010.11
+1580947060.12,-0000.98,-0000.98,+0000.00,+0000.84,-0000.15,-0010.11
+1580947060.13,-0000.98,+0000.00,-0000.98,+0000.84,-0000.15,-0010.11
+1580947060.13,-0000.98,-0000.98,+0000.00,+0000.77,-0000.15,-0010.11
+1580947060.14,-0000.98,-0000.98,+0000.00,+0000.84,-0000.15,-0010.11
+1580947060.14,-0000.98,+0000.00,+0000.00,+0000.84,-0000.15,-0010.11
+1580947060.15,-0000.98,-0000.98,-0000.98,+0000.77,-0000.15,-0010.11
+1580947060.15,-0000.98,-0000.98,+0000.00,+0000.84,-0000.15,-0010.11
+1580947060.16,-0000.98,+0000.00,-0000.98,+0000.84,-0000.15,-0010.11
+1580947060.16,+0000.00,-0000.98,+0000.00,+0000.84,-0000.15,-0010.11
+1580947060.17,-0000.98,-0000.98,-0000.98,+0000.84,-0000.15,-0010.11
+1580947060.17,-0000.98,+0000.00,-0000.98,+0000.77,-0000.15,-0010.11
+1580947060.18,-0000.98,-0000.98,+0000.00,+0000.84,-0000.15,-0010.11
+1580947060.18,-0000.98,-0000.98,+0000.00,+0000.84,-0000.15,-0010.11
+1580947060.19,-0000.98,-0000.98,-0000.98,+0000.84,-0000.23,-0010.11
+1580947060.19,-0000.98,+0000.00,+0000.00,+0000.84,-0000.15,-0010.11
+1580947060.20,+0000.00,-0000.98,-0000.98,+0000.77,-0000.15,-0010.03
+1580947060.20,-0000.98,-0000.98,-0000.98,+0000.84,-0000.15,-0010.11
+1580947060.21,-0000.98,+0000.00,+0000.00,+0000.77,-0000.15,-0010.03
+1580947060.21,-0000.98,+0000.00,+0000.00,+0000.84,-0000.15,-0010.11
+1580947060.22,-0000.98,-0000.98,+0000.00,+0000.84,-0000.15,-0010.11
+1580947060.22,-0000.98,+0000.00,+0000.00,+0000.77,-0000.15,-0010.11
+1580947060.23,-0000.98,+0000.00,-0000.98,+0000.84,-0000.15,-0010.11
+1580947060.23,-0000.98,+0000.00,-0000.98,+0000.84,-0000.15,-0010.11
+1580947060.24,-0000.98,-0000.98,+0000.00,+0000.77,-0000.15,-0010.11
+1580947060.24,-0000.98,+0000.00,-0000.98,+0000.84,-0000.15,-0010.11
+1580947060.25,-0000.98,+0000.00,-0000.98,+0000.77,-0000.15,-0010.11
+1580947060.25,-0000.98,-0000.98,-0000.98,+0000.84,-0000.15,-0010.11
+1580947060.26,-0000.98,-0000.98,+0000.00,+0000.84,-0000.15,-0010.11
+1580947060.26,-0000.98,-0000.98,-0000.98,+0000.77,-0000.15,-0010.11
+1580947060.27,-0000.98,+0000.00,+0000.00,+0000.84,-0000.15,-0010.11
+1580947060.27,-0000.98,-0000.98,-0000.98,+0000.84,-0000.15,-0010.11
+1580947060.28,-0000.98,+0000.00,+0000.00,+0000.84,-0000.15,-0010.11
+1580947060.28,-0000.98,+0000.00,-0000.98,+0000.84,-0000.15,-0010.11
+1580947060.29,-0000.98,+0000.00,-0000.98,+0000.77,-0000.15,-0010.03
+1580947060.29,-0000.98,-0000.98,-0000.98,+0000.77,-0000.15,-0010.11
+1580947060.30,-0000.98,+0000.00,-0000.98,+0000.77,-0000.15,-0010.11
+1580947060.30,-0000.98,-0000.98,+0000.00,+0000.77,-0000.15,-0010.11
+1580947060.31,-0000.98,+0000.00,-0000.98,+0000.77,-0000.15,-0010.03
+1580947060.31,-0000.98,-0000.98,-0000.98,+0000.77,-0000.15,-0010.11
+1580947060.32,-0000.98,+0000.00,+0000.00,+0000.77,-0000.15,-0010.11
+1580947060.32,-0000.98,-0000.98,-0000.98,+0000.77,-0000.15,-0010.11
+1580947060.33,-0000.98,-0000.98,+0000.00,+0000.84,-0000.15,-0010.11
+1580947060.33,-0000.98,-0000.98,-0000.98,+0000.77,-0000.15,-0010.11
+1580947060.34,+0000.00,+0000.00,+0000.00,+0000.84,-0000.15,-0010.11
+1580947060.34,-0000.98,+0000.00,+0000.00,+0000.77,-0000.15,-0010.11
+1580947060.35,-0000.98,-0000.98,+0000.00,+0000.77,-0000.15,-0010.11
+1580947060.35,-0000.98,-0000.98,+0000.00,+0000.77,-0000.15,-0010.11
+1580947060.36,-0000.98,-0000.98,-0000.98,+0000.84,-0000.08,-0010.11
+1580947060.36,-0000.98,-0000.98,+0000.00,+0000.84,-0000.15,-0010.11
+1580947060.37,-0000.98,-0000.98,-0000.98,+0000.77,-0000.15,-0010.11
+1580947060.37,-0000.98,+0000.00,-0000.98,+0000.84,-0000.15,-0010.11
+1580947060.38,-0000.98,-0000.98,+0000.00,+0000.77,-0000.15,-0010.11
+1580947060.38,-0000.98,-0000.98,-0000.98,+0000.84,-0000.15,-0010.11
+1580947060.39,-0000.98,+0000.00,+0000.00,+0000.77,-0000.15,-0010.11
+1580947060.39,-0000.98,-0000.98,-0000.98,+0000.84,-0000.15,-0010.03
+1580947060.40,-0000.98,-0000.98,+0000.00,+0000.77,-0000.15,-0010.11
+1580947060.40,-0000.98,+0000.00,-0000.98,+0000.84,-0000.15,-0010.11
+1580947060.41,-0000.98,-0000.98,-0000.98,+0000.77,-0000.15,-0010.11
+1580947060.41,-0000.98,-0000.98,+0000.00,+0000.84,-0000.15,-0010.11
+1580947060.42,-0000.98,-0000.98,+0000.00,+0000.84,-0000.15,-0010.11
+1580947060.42,-0000.98,+0000.00,+0000.00,+0000.84,-0000.15,-0010.11
+1580947060.43,-0000.98,+0000.00,-0000.98,+0000.84,-0000.15,-0010.11
+1580947060.43,-0000.98,-0000.98,-0000.98,+0000.77,-0000.15,-0010.11
+1580947060.44,-0000.98,+0000.00,-0000.98,+0000.84,-0000.23,-0010.11
+1580947060.44,+0000.00,-0000.98,-0000.98,+0000.77,-0000.15,-0010.11
+1580947060.45,+0000.00,-0000.98,+0000.00,+0000.77,-0000.15,-0010.11
+1580947060.45,-0000.98,-0000.98,-0000.98,+0000.77,-0000.15,-0010.11
+1580947060.46,-0000.98,-0000.98,+0000.00,+0000.77,-0000.15,-0010.11
+1580947060.46,-0000.98,-0000.98,+0000.00,+0000.77,-0000.15,-0010.03
+1580947060.47,-0000.98,-0000.98,-0000.98,+0000.84,-0000.23,-0010.11
+1580947060.47,-0000.98,+0000.00,+0000.00,+0000.77,-0000.15,-0010.11
+1580947060.48,-0000.98,-0000.98,-0000.98,+0000.84,-0000.15,-0010.11
+1580947060.48,-0000.98,+0000.00,+0000.00,+0000.84,-0000.08,-0010.11
+1580947060.49,-0000.98,-0000.98,-0000.98,+0000.84,-0000.15,-0010.11
+1580947060.49,-0000.98,+0000.00,-0000.98,+0000.84,-0000.15,-0010.11
+1580947060.50,-0000.98,-0000.98,+0000.00,+0000.84,-0000.15,-0010.11
+1580947060.50,-0000.98,-0000.98,-0000.98,+0000.84,-0000.15,-0010.11
+1580947060.51,-0000.98,+0000.00,-0000.98,+0000.77,-0000.15,-0010.11
+1580947060.51,-0000.98,-0000.98,-0000.98,+0000.77,-0000.15,-0010.11
+1580947060.52,-0000.98,-0000.98,+0000.00,+0000.84,-0000.15,-0010.11
+1580947060.52,-0000.98,-0000.98,+0000.00,+0000.84,-0000.15,-0010.11
+1580947060.53,-0000.98,-0000.98,-0000.98,+0000.84,-0000.15,-0010.11
+1580947060.53,-0000.98,-0000.98,+0000.00,+0000.77,-0000.15,-0010.11
+1580947060.54,-0000.98,-0000.98,-0000.98,+0000.84,-0000.15,-0010.11
+1580947060.54,-0000.98,+0000.00,+0000.00,+0000.77,-0000.15,-0010.03
+1580947060.55,-0000.98,-0000.98,-0000.98,+0000.84,-0000.15,-0010.03
+1580947060.55,-0000.98,-0000.98,-0000.98,+0000.84,-0000.15,-0010.11
+1580947060.56,-0000.98,-0000.98,+0000.00,+0000.84,-0000.23,-0010.11
+1580947060.56,-0000.98,+0000.00,-0000.98,+0000.77,-0000.15,-0010.11
+1580947060.57,+0000.00,+0000.00,+0000.00,+0000.77,-0000.15,-0010.11
+1580947060.57,-0000.98,+0000.00,-0000.98,+0000.84,-0000.15,-0010.11
+1580947060.58,-0000.98,+0000.00,+0000.00,+0000.77,-0000.15,-0010.11
+1580947060.58,+0000.00,-0000.98,-0000.98,+0000.77,-0000.15,-0010.11
+1580947060.59,-0000.98,-0000.98,+0000.00,+0000.84,-0000.15,-0010.11
+1580947060.59,-0000.98,+0000.00,-0000.98,+0000.77,-0000.15,-0010.11
+1580947060.60,-0000.98,-0000.98,+0000.00,+0000.77,-0000.15,-0010.11
+1580947060.60,-0000.98,+0000.00,+0000.00,+0000.84,-0000.15,-0010.11
+1580947060.61,-0000.98,-0000.98,-0000.98,+0000.84,-0000.08,-0010.11
+1580947060.61,-0000.98,-0000.98,-0000.98,+0000.84,-0000.15,-0010.11
+1580947060.62,-0000.98,-0000.98,+0000.00,+0000.77,-0000.15,-0010.11
+1580947060.62,-0000.98,-0000.98,-0000.98,+0000.84,-0000.15,-0010.11
+1580947060.63,-0000.98,+0000.00,-0000.98,+0000.77,-0000.15,-0010.11
+1580947060.63,-0000.98,-0000.98,-0000.98,+0000.84,-0000.23,-0010.11
+1580947060.64,-0000.98,-0000.98,+0000.00,+0000.84,-0000.15,-0010.11
+1580947060.64,-0000.98,-0000.98,-0000.98,+0000.84,-0000.15,-0010.11
+1580947060.65,-0000.98,+0000.00,-0000.98,+0000.84,-0000.15,-0010.11
+1580947060.65,-0000.98,+0000.00,-0000.98,+0000.77,-0000.15,-0010.11
+1580947060.66,-0000.98,-0000.98,+0000.00,+0000.84,-0000.15,-0010.11
+1580947060.66,-0000.98,-0000.98,-0000.98,+0000.84,-0000.15,-0010.11
+1580947060.67,-0000.98,+0000.00,+0000.00,+0000.84,-0000.15,-0010.11
+1580947060.67,-0000.98,-0000.98,+0000.00,+0000.77,-0000.15,-0010.11
+1580947060.68,-0000.98,+0000.00,+0000.00,+0000.84,-0000.15,-0010.11
+1580947060.68,-0000.98,-0000.98,-0000.98,+0000.84,-0000.15,-0010.11
+1580947060.69,-0000.98,-0000.98,+0000.00,+0000.84,-0000.15,-0010.11
+1580947060.69,+0000.00,-0000.98,-0000.98,+0000.77,-0000.15,-0010.11
+1580947060.70,-0000.98,-0000.98,-0000.98,+0000.84,-0000.15,-0010.11
+1580947060.70,-0000.98,+0000.00,+0000.00,+0000.77,-0000.15,-0010.11
+1580947060.71,-0000.98,+0000.00,-0000.98,+0000.84,-0000.15,-0010.11
+1580947060.71,-0000.98,+0000.00,-0000.98,+0000.84,-0000.15,-0010.03
+1580947060.72,+0000.00,+0000.00,-0000.98,+0000.84,-0000.15,-0010.11
+1580947060.72,-0000.98,+0000.00,-0000.98,+0000.84,-0000.23,-0010.11
+1580947060.73,-0000.98,-0000.98,+0000.00,+0000.84,-0000.15,-0010.11
+1580947060.73,-0000.98,-0000.98,+0000.00,+0000.84,-0000.15,-0010.11
+1580947060.74,-0000.98,-0000.98,+0000.00,+0000.84,-0000.15,-0010.11
+1580947060.74,+0000.00,-0000.98,-0000.98,+0000.84,-0000.15,-0010.11
+1580947060.75,-0000.98,-0000.98,+0000.00,+0000.84,-0000.15,-0010.11
+1580947060.75,-0000.98,-0000.98,+0000.00,+0000.84,-0000.15,-0010.11
+1580947060.76,-0000.98,-0000.98,-0000.98,+0000.84,-0000.15,-0010.11
+1580947060.76,-0000.98,+0000.00,+0000.00,+0000.84,-0000.15,-0010.11
+1580947060.77,-0000.98,-0000.98,+0000.00,+0000.84,-0000.15,-0010.11
+1580947060.77,+0000.00,-0000.98,-0000.98,+0000.84,-0000.15,-0010.11
+1580947060.78,-0000.98,-0000.98,+0000.00,+0000.84,-0000.15,-0010.11
+1580947060.78,-0000.98,+0000.00,+0000.00,+0000.77,-0000.15,-0010.11
+1580947060.79,-0000.98,-0000.98,-0000.98,+0000.84,-0000.15,-0010.03
+1580947060.79,-0000.98,+0000.00,+0000.00,+0000.77,-0000.15,-0010.11
+1580947060.80,-0000.98,-0000.98,-0000.98,+0000.84,-0000.15,-0010.11
+1580947060.80,-0000.98,+0000.00,+0000.00,+0000.84,-0000.15,-0010.03
+1580947060.81,-0000.98,-0000.98,-0000.98,+0000.84,-0000.15,-0010.11
+1580947060.81,-0000.98,+0000.00,-0000.98,+0000.77,-0000.15,-0010.11
+1580947060.82,-0000.98,+0000.00,-0000.98,+0000.77,-0000.15,-0010.03
+1580947060.82,-0000.98,-0000.98,+0000.00,+0000.77,-0000.15,-0010.11
+1580947060.83,-0000.98,+0000.00,+0000.00,+0000.84,-0000.15,-0010.11
+1580947060.83,-0000.98,+0000.00,-0000.98,+0000.77,-0000.15,-0010.11
+1580947060.84,-0000.98,-0000.98,-0000.98,+0000.77,-0000.15,-0010.11
+1580947060.84,-0000.98,+0000.00,-0000.98,+0000.84,-0000.15,-0010.11
+1580947060.85,-0000.98,+0000.00,+0000.00,+0000.77,-0000.15,-0010.11
+1580947060.85,-0000.98,+0000.00,-0000.98,+0000.84,-0000.15,-0010.11
+1580947060.86,+0000.00,+0000.00,-0000.98,+0000.77,-0000.15,-0010.11
+1580947060.86,-0000.98,+0000.00,+0000.00,+0000.84,-0000.15,-0010.03
+1580947060.87,-0000.98,+0000.00,+0000.00,+0000.84,-0000.15,-0010.11
+1580947060.87,-0000.98,-0000.98,-0000.98,+0000.84,-0000.15,-0010.11
+1580947060.88,-0000.98,+0000.00,+0000.00,+0000.84,-0000.15,-0010.11
+1580947060.88,-0000.98,-0000.98,-0000.98,+0000.84,-0000.15,-0010.11
+1580947060.89,-0000.98,-0000.98,+0000.00,+0000.84,-0000.15,-0010.03
+1580947060.89,-0000.98,-0000.98,-0000.98,+0000.77,-0000.15,-0010.11
+1580947060.90,+0000.00,+0000.00,+0000.00,+0000.77,-0000.15,-0010.11
+1580947060.90,-0000.98,-0000.98,+0000.00,+0000.84,-0000.15,-0010.03
+1580947060.91,+0000.00,-0000.98,-0000.98,+0000.84,-0000.15,-0010.11
+1580947060.91,-0000.98,-0000.98,-0000.98,+0000.77,-0000.15,-0010.11
+1580947060.92,-0000.98,+0000.00,+0000.00,+0000.84,-0000.15,-0010.11
+1580947060.92,+0000.00,-0000.98,-0000.98,+0000.84,-0000.15,-0010.11
+1580947060.93,-0000.98,+0000.00,-0000.98,+0000.84,-0000.15,-0010.11
+1580947060.93,-0000.98,-0000.98,-0000.98,+0000.84,-0000.08,-0010.11
+1580947060.94,-0000.98,+0000.00,-0000.98,+0000.84,-0000.15,-0010.11
+1580947060.94,-0000.98,-0000.98,-0000.98,+0000.77,-0000.15,-0010.11
+1580947060.95,+0000.00,-0000.98,-0000.98,+0000.84,-0000.15,-0010.11
+1580947060.95,-0000.98,+0000.00,-0000.98,+0000.84,-0000.15,-0010.11
+1580947060.96,-0000.98,-0000.98,+0000.00,+0000.84,-0000.15,-0010.11
+1580947060.96,-0000.98,+0000.00,-0000.98,+0000.77,-0000.15,-0010.11
+1580947060.97,+0000.00,-0000.98,-0000.98,+0000.84,-0000.15,-0010.11
+1580947060.97,-0000.98,-0000.98,+0000.00,+0000.84,-0000.15,-0010.11
+1580947060.98,-0000.98,-0000.98,-0000.98,+0000.84,-0000.15,-0010.11
+1580947060.98,-0000.98,-0000.98,+0000.00,+0000.77,-0000.15,-0010.11
+1580947060.99,+0000.00,+0000.00,-0000.98,+0000.84,-0000.15,-0010.11
+1580947060.99,-0000.98,+0000.00,+0000.00,+0000.84,-0000.15,-0010.11
+1580947061.00,-0000.98,-0000.98,-0000.98,+0000.77,-0000.15,-0010.11
+1580947061.00,-0000.98,-0000.98,+0000.00,+0000.84,-0000.15,-0010.11
+1580947061.01,-0000.98,-0000.98,+0000.00,+0000.77,-0000.15,-0010.11
+1580947061.01,-0000.98,-0000.98,+0000.00,+0000.77,-0000.15,-0010.11
+1580947061.02,-0000.98,+0000.00,-0000.98,+0000.77,-0000.15,-0010.11
+1580947061.02,-0000.98,-0000.98,-0000.98,+0000.84,-0000.15,-0010.11
+1580947061.03,-0000.98,-0000.98,+0000.00,+0000.84,-0000.15,-0010.11
+1580947061.03,-0000.98,-0000.98,-0000.98,+0000.77,-0000.15,-0010.11
+1580947061.04,-0000.98,-0000.98,+0000.00,+0000.77,-0000.15,-0010.11
+1580947061.04,-0000.98,+0000.00,+0000.00,+0000.84,-0000.15,-0010.11
+1580947061.05,+0000.00,-0000.98,+0000.00,+0000.84,-0000.15,-0010.11
+1580947061.05,-0000.98,-0000.98,+0000.00,+0000.77,-0000.15,-0010.11
+1580947061.06,-0000.98,+0000.00,-0000.98,+0000.84,-0000.15,-0010.11
+1580947061.06,-0000.98,-0000.98,-0000.98,+0000.77,-0000.15,-0010.11
+1580947061.07,-0000.98,+0000.00,+0000.00,+0000.77,-0000.15,-0010.03
+1580947061.07,-0000.98,-0000.98,-0000.98,+0000.84,-0000.15,-0010.11
+1580947061.08,-0000.98,+0000.00,-0000.98,+0000.77,-0000.15,-0010.11
+1580947061.08,-0000.98,+0000.00,-0000.98,+0000.84,-0000.15,-0010.11
+1580947061.09,-0000.98,+0000.00,-0000.98,+0000.84,-0000.15,-0010.11
+1580947061.09,+0000.00,-0000.98,-0000.98,+0000.84,-0000.15,-0010.11
+1580947061.10,-0000.98,-0000.98,+0000.00,+0000.77,-0000.15,-0010.11
+1580947061.10,-0000.98,-0000.98,+0000.00,+0000.84,-0000.15,-0010.11
+1580947061.11,-0000.98,-0000.98,+0000.00,+0000.77,-0000.15,-0010.11
+1580947061.11,-0000.98,-0000.98,-0000.98,+0000.77,-0000.15,-0010.11
+1580947061.12,-0000.98,-0000.98,+0000.00,+0000.84,-0000.15,-0010.11
+1580947061.12,-0000.98,-0000.98,-0000.98,+0000.84,-0000.15,-0010.11
+1580947061.13,-0000.98,+0000.00,-0000.98,+0000.77,-0000.15,-0010.11
+1580947061.13,-0000.98,-0000.98,+0000.00,+0000.84,-0000.15,-0010.11
+1580947061.14,-0000.98,-0000.98,+0000.00,+0000.84,-0000.15,-0010.11
+1580947061.14,-0000.98,-0000.98,-0000.98,+0000.84,-0000.15,-0010.11
+1580947061.15,-0000.98,+0000.00,-0000.98,+0000.77,-0000.15,-0010.11
+1580947061.15,-0000.98,-0000.98,-0000.98,+0000.84,-0000.15,-0010.11
+1580947061.16,-0000.98,-0000.98,+0000.00,+0000.84,-0000.15,-0010.11
+1580947061.16,-0000.98,+0000.00,-0000.98,+0000.84,-0000.15,-0010.11
+1580947061.17,-0000.98,+0000.00,-0000.98,+0000.77,-0000.15,-0010.11
+1580947061.17,-0000.98,-0000.98,+0000.00,+0000.77,-0000.15,-0010.11
+1580947061.18,-0000.98,-0000.98,+0000.00,+0000.84,-0000.08,-0010.11
+1580947061.18,-0000.98,-0000.98,+0000.00,+0000.77,-0000.15,-0010.11
+1580947061.19,-0000.98,+0000.00,+0000.00,+0000.84,-0000.15,-0010.11
+1580947061.19,+0000.00,-0000.98,-0000.98,+0000.77,-0000.15,-0010.11
+1580947061.20,-0000.98,-0000.98,+0000.00,+0000.77,-0000.15,-0010.11
+1580947061.20,-0000.98,-0000.98,-0000.98,+0000.84,-0000.15,-0010.11
+1580947061.21,-0000.98,+0000.00,-0000.98,+0000.77,-0000.15,-0010.11
+1580947061.21,+0000.00,-0000.98,+0000.00,+0000.77,-0000.15,-0010.11
+1580947061.22,-0000.98,-0000.98,-0000.98,+0000.84,-0000.15,-0010.11
+1580947061.22,-0000.98,-0000.98,-0000.98,+0000.84,-0000.15,-0010.11
+1580947061.23,-0000.98,-0000.98,+0000.00,+0000.84,-0000.15,-0010.11
+1580947061.23,-0000.98,+0000.00,-0000.98,+0000.84,-0000.23,-0010.11
+1580947061.24,-0000.98,+0000.00,-0000.98,+0000.84,-0000.15,-0010.11
+1580947061.24,-0000.98,-0000.98,+0000.00,+0000.77,-0000.15,-0010.11
+1580947061.25,-0000.98,+0000.00,-0000.98,+0000.77,-0000.08,-0010.11
+1580947061.25,-0000.98,+0000.00,+0000.00,+0000.84,-0000.08,-0010.11
+1580947061.26,-0000.98,-0000.98,-0000.98,+0000.77,-0000.15,-0010.11
+1580947061.26,-0000.98,-0000.98,-0000.98,+0000.84,-0000.23,-0010.11
+1580947061.27,-0000.98,+0000.00,-0000.98,+0000.77,-0000.15,-0010.11
+1580947061.27,-0000.98,-0000.98,-0000.98,+0000.84,-0000.15,-0010.11
+1580947061.28,-0000.98,+0000.00,-0000.98,+0000.77,-0000.15,-0010.11
+1580947061.28,-0000.98,+0000.00,+0000.00,+0000.84,-0000.15,-0010.11
+1580947061.29,-0000.98,-0000.98,-0000.98,+0000.77,-0000.15,-0010.11
+1580947061.29,-0000.98,-0000.98,-0000.98,+0000.84,-0000.15,-0010.11
+1580947061.30,-0000.98,-0000.98,+0000.00,+0000.77,-0000.15,-0010.11
+1580947061.30,-0000.98,-0000.98,-0000.98,+0000.77,-0000.15,-0010.11
+1580947061.31,-0000.98,-0000.98,-0000.98,+0000.84,-0000.15,-0010.11
+1580947061.31,-0000.98,-0000.98,+0000.00,+0000.84,-0000.15,-0010.11
+1580947061.32,-0000.98,-0000.98,-0000.98,+0000.77,-0000.15,-0010.11
+1580947061.32,-0000.98,-0000.98,+0000.00,+0000.77,-0000.15,-0010.11
+1580947061.33,-0000.98,-0000.98,-0000.98,+0000.84,-0000.15,-0010.11
+1580947061.33,-0000.98,+0000.00,+0000.00,+0000.77,-0000.15,-0010.11
+1580947061.34,+0000.00,+0000.00,+0000.00,+0000.84,-0000.15,-0010.11
+1580947061.34,-0000.98,+0000.00,+0000.00,+0000.77,-0000.15,-0010.11
+1580947061.35,-0000.98,-0000.98,-0000.98,+0000.84,-0000.15,-0010.11
+1580947061.35,-0000.98,-0000.98,+0000.00,+0000.77,-0000.15,-0010.03
+1580947061.36,-0000.98,+0000.00,-0000.98,+0000.84,-0000.15,-0010.11
+1580947061.36,-0000.98,+0000.00,-0000.98,+0000.84,-0000.15,-0010.11
+1580947061.37,-0000.98,+0000.00,+0000.00,+0000.77,-0000.15,-0010.11
+1580947061.37,-0000.98,+0000.00,+0000.00,+0000.77,-0000.23,-0010.11
+1580947061.38,+0000.00,+0000.00,+0000.00,+0000.84,-0000.15,-0010.11
+1580947061.38,-0000.98,-0000.98,+0000.00,+0000.77,-0000.15,-0010.11
+1580947061.39,-0000.98,-0000.98,+0000.00,+0000.77,-0000.15,-0010.11
+1580947061.39,-0000.98,-0000.98,-0000.98,+0000.84,-0000.15,-0010.11
+1580947061.40,+0000.00,-0000.98,+0000.00,+0000.84,-0000.15,-0010.11
+1580947061.40,-0000.98,+0000.00,+0000.00,+0000.84,-0000.15,-0010.11
+1580947061.41,-0000.98,+0000.00,-0000.98,+0000.77,-0000.15,-0010.11
+1580947061.41,-0000.98,-0000.98,-0000.98,+0000.84,-0000.15,-0010.11
+1580947061.42,-0000.98,-0000.98,+0000.00,+0000.84,-0000.15,-0010.11
+1580947061.42,-0000.98,-0000.98,+0000.00,+0000.84,-0000.15,-0010.11
+1580947061.43,-0000.98,-0000.98,+0000.00,+0000.77,-0000.15,-0010.11
+1580947061.43,-0000.98,-0000.98,+0000.00,+0000.84,-0000.15,-0010.11
+1580947061.44,-0000.98,-0000.98,+0000.00,+0000.77,-0000.15,-0010.11
+1580947061.44,-0000.98,+0000.00,-0000.98,+0000.84,-0000.15,-0010.03
+1580947061.44,-0000.98,+0000.00,-0000.98,+0000.84,-0000.15,-0010.11
+1580947061.45,-0000.98,-0000.98,+0000.00,+0000.84,-0000.15,-0010.11
+1580947061.45,-0000.98,+0000.00,-0000.98,+0000.84,-0000.15,-0010.11
+1580947061.46,-0000.98,-0000.98,-0000.98,+0000.84,-0000.15,-0010.11
+1580947061.46,+0000.00,-0000.98,+0000.00,+0000.84,-0000.15,-0010.11
+1580947061.47,-0000.98,+0000.00,+0000.00,+0000.84,-0000.15,-0010.11
+1580947061.47,-0000.98,-0000.98,-0000.98,+0000.77,-0000.15,-0010.03
+1580947061.48,-0000.98,+0000.00,-0000.98,+0000.77,-0000.23,-0010.11
+1580947061.48,-0000.98,+0000.00,+0000.00,+0000.77,-0000.15,-0010.11
+1580947061.49,-0000.98,-0000.98,+0000.00,+0000.77,-0000.15,-0010.11
+1580947061.49,-0000.98,-0000.98,-0000.98,+0000.77,-0000.15,-0010.11
+1580947061.50,-0000.98,-0000.98,+0000.00,+0000.84,-0000.15,-0010.11
+1580947061.50,-0000.98,-0000.98,+0000.00,+0000.84,-0000.15,-0010.11
+1580947061.51,-0000.98,-0000.98,-0000.98,+0000.84,-0000.15,-0010.03
+1580947061.51,-0000.98,-0000.98,-0000.98,+0000.77,-0000.15,-0010.11
+1580947061.52,-0000.98,+0000.00,-0000.98,+0000.84,-0000.15,-0010.11
+1580947061.52,-0000.98,-0000.98,-0000.98,+0000.77,-0000.15,-0010.03
+1580947061.53,-0000.98,+0000.00,-0000.98,+0000.84,-0000.15,-0010.11
+1580947061.53,-0000.98,+0000.00,-0000.98,+0000.77,-0000.15,-0010.11
+1580947061.54,-0000.98,-0000.98,-0000.98,+0000.84,-0000.15,-0010.11
+1580947061.54,-0000.98,-0000.98,+0000.00,+0000.77,-0000.15,-0010.11
+1580947061.55,-0000.98,-0000.98,+0000.00,+0000.84,-0000.15,-0010.11
+1580947061.55,-0000.98,-0000.98,-0000.98,+0000.84,-0000.15,-0010.11
+1580947061.56,-0000.98,+0000.00,+0000.00,+0000.77,-0000.15,-0010.11
+1580947061.56,+0000.00,+0000.00,-0000.98,+0000.84,-0000.15,-0010.11
+1580947061.57,-0000.98,-0000.98,-0000.98,+0000.77,-0000.15,-0010.11
+1580947061.57,-0000.98,-0000.98,+0000.00,+0000.84,-0000.15,-0010.11
+1580947061.58,-0000.98,+0000.00,-0000.98,+0000.84,-0000.15,-0010.11
+1580947061.58,-0000.98,-0000.98,-0000.98,+0000.77,-0000.08,-0010.03
+1580947061.59,-0000.98,-0000.98,+0000.00,+0000.77,-0000.15,-0010.11
+1580947061.59,-0000.98,-0000.98,-0000.98,+0000.84,-0000.15,-0010.11
+1580947061.60,-0000.98,+0000.00,-0000.98,+0000.77,-0000.15,-0010.11
+1580947061.60,-0000.98,-0000.98,+0000.00,+0000.84,-0000.15,-0010.11
+1580947061.61,-0000.98,-0000.98,+0000.00,+0000.84,-0000.15,-0010.11
+1580947061.61,-0000.98,-0000.98,+0000.00,+0000.84,-0000.15,-0010.11
+1580947061.62,+0000.00,-0000.98,-0000.98,+0000.84,-0000.15,-0010.11
+1580947061.62,-0000.98,-0000.98,+0000.00,+0000.84,-0000.15,-0010.11
+1580947061.63,-0000.98,-0000.98,-0000.98,+0000.84,-0000.15,-0010.11
+1580947061.63,-0000.98,-0000.98,+0000.00,+0000.84,-0000.23,-0010.11
+1580947061.64,-0000.98,+0000.00,-0000.98,+0000.77,-0000.15,-0010.11
+1580947061.64,-0000.98,+0000.00,+0000.00,+0000.84,-0000.15,-0010.11
+1580947061.65,-0000.98,+0000.00,-0000.98,+0000.77,-0000.15,-0010.03
+1580947061.65,-0000.98,+0000.00,+0000.00,+0000.77,-0000.08,-0010.11
+1580947061.66,-0000.98,+0000.00,-0000.98,+0000.77,-0000.15,-0010.11
+1580947061.66,-0000.98,+0000.00,+0000.00,+0000.77,-0000.15,-0010.11
+1580947061.67,-0000.98,+0000.00,-0000.98,+0000.84,-0000.15,-0010.11
+1580947061.67,-0000.98,-0000.98,-0000.98,+0000.77,-0000.15,-0010.11
+1580947061.68,-0000.98,-0000.98,+0000.00,+0000.84,-0000.15,-0010.11
+1580947061.68,-0000.98,-0000.98,+0000.00,+0000.84,-0000.15,-0010.11
+1580947061.69,-0000.98,+0000.00,+0000.00,+0000.84,-0000.15,-0010.11
+1580947061.69,-0000.98,+0000.00,+0000.00,+0000.77,-0000.15,-0010.11
+1580947061.70,-0000.98,-0000.98,+0000.00,+0000.84,-0000.15,-0010.11
+1580947061.70,-0000.98,-0000.98,-0000.98,+0000.84,-0000.15,-0010.11
+1580947061.71,-0000.98,+0000.00,-0000.98,+0000.84,-0000.15,-0010.11
+1580947061.71,-0000.98,-0000.98,+0000.00,+0000.84,-0000.15,-0010.11
+1580947061.72,-0000.98,+0000.00,+0000.00,+0000.77,-0000.15,-0010.03
+1580947061.72,-0000.98,-0000.98,-0000.98,+0000.84,-0000.15,-0010.11
+1580947061.73,-0000.98,-0000.98,+0000.00,+0000.77,-0000.15,-0010.11
+1580947061.73,-0000.98,-0000.98,+0000.00,+0000.84,-0000.15,-0010.11
+1580947061.74,-0000.98,-0000.98,-0000.98,+0000.77,-0000.23,-0010.11
+1580947061.74,-0000.98,-0000.98,+0000.00,+0000.77,-0000.15,-0010.03
+1580947061.75,-0000.98,-0000.98,-0000.98,+0000.77,-0000.15,-0010.11
+1580947061.75,-0000.98,-0000.98,-0000.98,+0000.84,-0000.15,-0010.11
+1580947061.76,-0000.98,-0000.98,+0000.00,+0000.84,-0000.23,-0010.11
+1580947061.76,-0000.98,+0000.00,+0000.00,+0000.84,-0000.15,-0010.11
+1580947061.77,-0000.98,-0000.98,+0000.00,+0000.84,-0000.15,-0010.11
+1580947061.77,-0000.98,-0000.98,-0000.98,+0000.84,-0000.15,-0010.11
+1580947061.78,-0000.98,-0000.98,+0000.00,+0000.77,-0000.15,-0010.11
+1580947061.78,-0000.98,-0000.98,-0000.98,+0000.77,-0000.15,-0010.11
+1580947061.79,+0000.00,-0000.98,+0000.00,+0000.84,-0000.15,-0010.11
+1580947061.79,+0000.00,-0000.98,-0000.98,+0000.84,-0000.15,-0010.11
+1580947061.80,-0000.98,-0000.98,-0000.98,+0000.84,-0000.15,-0010.11
+1580947061.80,-0000.98,-0000.98,+0000.00,+0000.77,-0000.15,-0010.11
+1580947061.81,-0000.98,+0000.00,-0000.98,+0000.77,-0000.15,-0010.11
+1580947061.81,-0000.98,-0000.98,-0000.98,+0000.77,-0000.15,-0010.03
+1580947061.82,-0000.98,+0000.00,-0000.98,+0000.84,-0000.15,-0010.11
+1580947061.82,-0000.98,+0000.00,+0000.00,+0000.84,-0000.15,-0010.11
+1580947061.83,-0000.98,-0000.98,-0000.98,+0000.84,-0000.15,-0010.11
+1580947061.83,-0000.98,-0000.98,+0000.00,+0000.84,-0000.15,-0010.11
+1580947061.84,-0000.98,-0000.98,+0000.00,+0000.84,-0000.15,-0010.11
+1580947061.84,-0000.98,-0000.98,+0000.00,+0000.77,-0000.15,-0010.11
+1580947061.85,-0000.98,+0000.00,-0000.98,+0000.77,-0000.15,-0010.11
+1580947061.85,+0000.00,-0000.98,-0000.98,+0000.77,-0000.15,-0010.11
+1580947061.86,-0000.98,-0000.98,+0000.00,+0000.84,-0000.15,-0010.18
+1580947061.86,-0000.98,-0000.98,+0000.00,+0000.84,-0000.15,-0010.11
+1580947061.87,-0000.98,-0000.98,+0000.00,+0000.84,-0000.15,-0010.11
+1580947061.87,-0000.98,-0000.98,-0000.98,+0000.77,-0000.15,-0010.11
+1580947061.88,-0000.98,-0000.98,+0000.00,+0000.77,-0000.15,-0010.03
+1580947061.88,-0000.98,+0000.00,-0000.98,+0000.77,-0000.15,-0010.11
+1580947061.89,-0000.98,-0000.98,-0000.98,+0000.84,-0000.15,-0010.11
+1580947061.89,-0000.98,-0000.98,+0000.00,+0000.77,-0000.15,-0010.11
+1580947061.90,-0000.98,-0000.98,-0000.98,+0000.77,-0000.15,-0010.11
+1580947061.90,-0000.98,+0000.00,+0000.00,+0000.84,-0000.23,-0010.11
+1580947061.91,+0000.00,+0000.00,-0000.98,+0000.77,-0000.15,-0010.11
+1580947061.91,-0000.98,+0000.00,+0000.00,+0000.84,-0000.15,-0010.11
+1580947061.92,-0000.98,-0000.98,-0000.98,+0000.84,-0000.15,-0010.11
+1580947061.92,+0000.00,+0000.00,+0000.00,+0000.84,-0000.15,-0010.03
+1580947061.93,-0000.98,-0000.98,-0000.98,+0000.84,-0000.15,-0010.11
+1580947061.93,-0000.98,+0000.00,+0000.00,+0000.84,-0000.15,-0010.11
+1580947061.94,+0000.00,+0000.00,+0000.00,+0000.77,-0000.15,-0010.11
+1580947061.94,-0000.98,-0000.98,-0000.98,+0000.77,-0000.15,-0010.11
+1580947061.95,-0000.98,+0000.00,+0000.00,+0000.77,-0000.15,-0010.11
+1580947061.95,-0000.98,+0000.00,-0000.98,+0000.84,-0000.15,-0010.11
+1580947061.96,-0000.98,+0000.00,+0000.00,+0000.84,-0000.15,-0010.11
+1580947061.96,-0000.98,+0000.00,+0000.00,+0000.77,-0000.15,-0010.11
+1580947061.97,-0000.98,+0000.00,-0000.98,+0000.84,-0000.15,-0010.11
+1580947061.97,-0000.98,-0000.98,+0000.00,+0000.84,-0000.15,-0010.11
+1580947061.98,-0000.98,-0000.98,+0000.00,+0000.77,-0000.15,-0010.11
+1580947061.98,-0000.98,-0000.98,+0000.00,+0000.77,-0000.15,-0010.11
+1580947061.99,-0000.98,-0000.98,-0000.98,+0000.84,-0000.15,-0010.11
+1580947061.99,-0000.98,+0000.00,+0000.00,+0000.77,-0000.15,-0010.11
+1580947062.00,-0000.98,+0000.00,-0000.98,+0000.84,-0000.15,-0010.11
+1580947062.00,-0000.98,-0000.98,+0000.00,+0000.84,-0000.15,-0010.11
+1580947062.01,-0000.98,+0000.00,-0000.98,+0000.84,-0000.15,-0010.11
+1580947062.01,-0000.98,-0000.98,-0000.98,+0000.77,-0000.15,-0010.11
+1580947062.02,-0000.98,-0000.98,+0000.00,+0000.77,-0000.15,-0010.11
+1580947062.02,-0000.98,+0000.00,-0000.98,+0000.77,-0000.15,-0010.11
+1580947062.03,-0000.98,-0000.98,+0000.00,+0000.77,-0000.15,-0010.11
+1580947062.03,+0000.00,-0000.98,+0000.00,+0000.84,-0000.23,-0010.11
+1580947062.04,+0000.00,+0000.00,+0000.00,+0000.84,-0000.15,-0010.11
+1580947062.04,-0000.98,-0000.98,-0000.98,+0000.84,-0000.15,-0010.11
+1580947062.05,+0000.00,-0000.98,+0000.00,+0000.77,-0000.15,-0010.11
+1580947062.05,-0000.98,-0000.98,+0000.00,+0000.84,-0000.15,-0010.11
+1580947062.06,-0000.98,-0000.98,-0000.98,+0000.77,-0000.15,-0010.11
+1580947062.06,-0000.98,-0000.98,+0000.00,+0000.84,-0000.15,-0010.11
+1580947062.07,+0000.00,-0000.98,+0000.00,+0000.84,-0000.15,-0010.11
+1580947062.07,-0000.98,-0000.98,-0000.98,+0000.84,-0000.15,-0010.11
+1580947062.08,-0000.98,-0000.98,+0000.00,+0000.84,-0000.15,-0010.11
+1580947062.08,-0000.98,+0000.00,+0000.00,+0000.77,-0000.15,-0010.11
+1580947062.09,-0000.98,-0000.98,+0000.00,+0000.84,-0000.15,-0010.11
+1580947062.09,-0000.98,-0000.98,-0000.98,+0000.84,-0000.15,-0010.03
+1580947062.10,+0000.00,+0000.00,-0000.98,+0000.84,-0000.15,-0010.11
+1580947062.10,-0000.98,-0000.98,+0000.00,+0000.84,-0000.15,-0010.11
+1580947062.11,-0000.98,-0000.98,-0000.98,+0000.84,-0000.23,-0010.11
+1580947062.11,-0000.98,+0000.00,+0000.00,+0000.84,-0000.15,-0010.11
+1580947062.12,-0000.98,-0000.98,-0000.98,+0000.77,-0000.15,-0010.11
