+1581208504.89,+0000.00,+0002.93,-0000.98,+0000.15,-0000.23,-0010.03
+1581208504.90,-0000.98,+0002.93,-0000.98,+0000.15,-0000.31,-0010.11
+1581208504.90,-0000.98,+0002.93,+0000.00,+0000.15,-0000.31,-0010.11
+1581208504.91,-0000.98,+0002.93,-0000.98,+0000.15,-0000.31,-0010.03
+1581208504.91,-0000.98,+0002.93,-0000.98,+0000.23,-0000.23,-0010.03
+1581208504.92,+0000.00,+0002.93,-0000.98,+0000.23,-0000.31,-0010.03
+1581208504.92,-0000.98,+0002.93,-0000.98,+0000.23,-0000.31,-0010.11
+1581208504.93,-0000.98,+0002.93,-0000.98,+0000.23,-0000.31,-0010.03
+1581208504.93,-0000.98,+0002.93,-0000.98,+0000.23,-0000.31,-0010.03
+1581208504.94,-0000.98,+0002.93,-0000.98,+0000.23,-0000.23,-0010.03
+1581208504.94,+0000.00,+0002.93,-0000.98,+0000.23,-0000.31,-0010.03
+1581208504.95,-0000.98,+0002.93,-0000.98,+0000.23,-0000.31,-0010.11
+1581208504.95,-0000.98,+0002.93,-0000.98,+0000.23,-0000.31,-0010.03
+1581208504.96,+0000.00,+0002.93,-0000.98,+0000.23,-0000.31,-0010.11
+1581208504.96,-0000.98,+0002.93,-0000.98,+0000.23,-0000.31,-0010.03
+1581208504.97,-0000.98,+0002.93,-0000.98,+0000.31,-0000.31,-0010.03
+1581208504.97,-0000.98,+0002.93,-0000.98,+0000.23,-0000.31,-0010.03
+1581208504.98,+0000.00,+0002.93,-0000.98,+0000.23,-0000.31,-0010.03
+1581208504.98,-0000.98,+0002.93,-0000.98,+0000.23,-0000.31,-0010.11
+1581208504.99,-0000.98,+0002.93,+0000.00,+0000.23,-0000.31,-0010.11
+1581208504.99,+0000.00,+0002.93,-0000.98,+0000.23,-0000.31,-0010.03
+1581208505.00,-0000.98,+0002.93,-0000.98,+0000.31,-0000.31,-0010.03
+1581208505.00,-0000.98,+0002.93,+0000.00,+0000.23,-0000.31,-0010.03
+1581208505.01,+0000.00,+0002.93,+0000.00,+0000.23,-0000.23,-0010.03
+1581208505.01,-0000.98,+0002.93,-0000.98,+0000.23,-0000.31,-0010.11
+1581208505.02,+0000.00,+0001.95,-0000.98,+0000.23,-0000.31,-0010.03
+1581208505.02,-0000.98,+0002.93,-0000.98,+0000.23,-0000.31,-0010.11
+1581208505.03,-0000.98,+0002.93,+0000.00,+0000.23,-0000.31,-0010.11
+1581208505.03,+0000.00,+0002.93,-0000.98,+0000.31,-0000.31,-0010.11
+1581208505.04,-0000.98,+0002.93,+0000.00,+0000.31,-0000.31,-0010.03
+1581208505.04,+0000.00,+0002.93,-0000.98,+0000.31,-0000.31,-0010.03
+1581208505.05,-0000.98,+0001.95,-0000.98,+0000.31,-0000.23,-0010.11
+1581208505.05,-0000.98,+0002.93,+0000.00,+0000.31,-0000.31,-0010.03
+1581208505.06,-0000.98,+0002.93,-0000.98,+0000.31,-0000.31,-0010.03
+1581208505.06,-0000.98,+0002.93,-0000.98,+0000.31,-0000.31,-0010.03
+1581208505.07,+0000.00,+0002.93,-0000.98,+0000.31,-0000.31,-0010.03
+1581208505.07,+0000.00,+0002.93,-0000.98,+0000.31,-0000.23,-0010.03
+1581208505.08,-0000.98,+0002.93,-0000.98,+0000.31,-0000.31,-0010.11
+1581208505.08,-0000.98,+0001.95,-0000.98,+0000.31,-0000.31,-0010.03
+1581208505.09,-0000.98,+0002.93,-0000.98,+0000.31,-0000.31,-0010.03
+1581208505.09,-0000.98,+0001.95,-0000.98,+0000.31,-0000.31,-0010.03
+1581208505.10,-0000.98,+0001.95,-0000.98,+0000.31,-0000.31,-0010.03
+1581208505.10,-0000.98,+0001.95,-0000.98,+0000.31,-0000.31,-0010.03
+1581208505.11,+0000.00,+0001.95,-0000.98,+0000.38,-0000.31,-0010.03
+1581208505.11,-0000.98,+0002.93,-0000.98,+0000.31,-0000.31,-0010.03
+1581208505.12,-0000.98,+0001.95,-0000.98,+0000.31,-0000.31,-0010.03
+1581208505.12,-0000.98,+0001.95,-0000.98,+0000.31,-0000.31,-0010.03
+1581208505.13,-0000.98,+0001.95,-0000.98,+0000.31,-0000.31,-0010.03
+1581208505.13,+0000.00,+0001.95,-0000.98,+0000.31,-0000.31,-0010.03
+1581208505.14,-0000.98,+0001.95,-0000.98,+0000.38,-0000.31,-0010.03
+1581208505.14,-0000.98,+0001.95,+0000.00,+0000.38,-0000.31,-0010.03
+1581208505.15,-0000.98,+0001.95,-0000.98,+0000.38,-0000.31,-0010.03
+1581208505.15,-0000.98,+0001.95,-0000.98,+0000.38,-0000.31,-0010.03
+1581208505.16,+0000.00,+0001.95,-0000.98,+0000.38,-0000.31,-0010.03
+1581208505.16,+0000.00,+0001.95,-0000.98,+0000.38,-0000.31,-0010.03
+1581208505.17,-0000.98,+0001.95,-0000.98,+0000.38,-0000.31,-0010.03
+1581208505.17,-0000.98,+0001.95,-0000.98,+0000.31,-0000.31,-0010.03
+1581208505.18,-0000.98,+0001.95,+0000.00,+0000.38,-0000.31,-0010.11
+1581208505.18,+0000.00,+0001.95,-0000.98,+0000.38,-0000.31,-0010.03
+1581208505.19,+0000.00,+0001.95,+0000.00,+0000.38,-0000.31,-0010.03
+1581208505.19,-0000.98,+0000.98,-0000.98,+0000.38,-0000.23,-0010.03
+1581208505.20,-0000.98,+0000.98,+0000.00,+0000.38,-0000.31,-0010.03
+1581208505.20,+0000.00,+0000.98,-0000.98,+0000.38,-0000.31,-0010.03
+1581208505.21,+0000.00,+0000.98,-0000.98,+0000.38,-0000.31,-0010.03
+1581208505.21,-0000.98,+0000.98,-0000.98,+0000.38,-0000.31,-0010.03
+1581208505.22,-0000.98,+0000.98,-0000.98,+0000.38,-0000.31,-0010.11
+1581208505.22,-0000.98,+0000.98,+0000.00,+0000.38,-0000.31,-0010.11
+1581208505.23,+0000.00,+0000.98,+0000.00,+0000.38,-0000.31,-0010.03
+1581208505.23,-0000.98,+0000.98,+0000.00,+0000.46,-0000.31,-0010.11
+1581208505.24,-0000.98,+0000.98,-0000.98,+0000.38,-0000.23,-0010.03
+1581208505.24,-0000.98,+0000.98,-0000.98,+0000.38,-0000.31,-0010.03
+1581208505.25,+0000.00,+0000.98,-0000.98,+0000.38,-0000.31,-0010.03
+1581208505.25,-0000.98,+0000.98,-0000.98,+0000.38,-0000.31,-0010.03
+1581208505.26,-0000.98,+0000.98,+0000.00,+0000.38,-0000.31,-0010.11
+1581208505.26,+0000.00,+0000.98,+0000.00,+0000.46,-0000.31,-0010.11
+1581208505.27,-0000.98,+0000.00,-0000.98,+0000.38,-0000.31,-0010.03
+1581208505.27,-0000.98,+0000.00,+0000.00,+0000.38,-0000.31,-0010.11
+1581208505.28,-0000.98,+0000.00,-0000.98,+0000.38,-0000.31,-0010.03
+1581208505.28,-0000.98,+0000.00,-0000.98,+0000.38,-0000.31,-0010.03
+1581208505.29,+0000.00,+0000.00,-0000.98,+0000.38,-0000.31,-0010.03
+1581208505.29,-0000.98,+0000.00,-0000.98,+0000.38,-0000.31,-0010.03
+1581208505.30,-0000.98,+0000.00,-0000.98,+0000.38,-0000.31,-0010.03
+1581208505.30,+0000.00,+0000.00,+0000.00,+0000.38,-0000.31,-0010.03
+1581208505.31,-0000.98,+0000.00,-0000.98,+0000.38,-0000.31,-0010.03
+1581208505.31,-0000.98,+0000.00,-0000.98,+0000.38,-0000.31,-0010.11
+1581208505.32,-0000.98,+0000.00,-0000.98,+0000.46,-0000.31,-0010.11
+1581208505.32,-0000.98,+0000.00,-0000.98,+0000.38,-0000.31,-0010.03
+1581208505.33,-0000.98,+0000.00,-0000.98,+0000.38,-0000.31,-0010.03
+1581208505.33,-0000.98,-0000.98,+0000.00,+0000.38,-0000.31,-0010.03
+1581208505.34,-0000.98,+0000.00,+0000.00,+0000.38,-0000.31,-0010.11
+1581208505.34,+0000.00,+0000.00,-0000.98,+0000.38,-0000.31,-0010.11
+1581208505.35,-0000.98,-0000.98,-0000.98,+0000.46,-0000.31,-0010.03
+1581208505.35,-0000.98,-0000.98,+0000.00,+0000.46,-0000.31,-0010.11
+1581208505.36,+0000.00,-0000.98,-0000.98,+0000.38,-0000.31,-0010.03
+1581208505.36,-0000.98,-0000.98,-0000.98,+0000.38,-0000.31,-0010.03
+1581208505.37,-0000.98,-0000.98,-0000.98,+0000.38,-0000.31,-0010.11
+1581208505.37,+0000.00,-0000.98,-0000.98,+0000.38,-0000.31,-0010.03
+1581208505.38,-0000.98,-0000.98,-0000.98,+0000.38,-0000.31,-0010.03
+1581208505.38,-0000.98,-0000.98,+0000.00,+0000.38,-0000.31,-0010.03
+1581208505.39,-0000.98,-0000.98,+0000.00,+0000.38,-0000.31,-0010.11
+1581208505.39,-0000.98,-0000.98,+0000.00,+0000.38,-0000.31,-0010.03
+1581208505.40,-0000.98,-0000.98,-0000.98,+0000.38,-0000.31,-0010.03
+1581208505.40,+0000.00,-0000.98,-0000.98,+0000.38,-0000.23,-0010.11
+1581208505.41,-0000.98,-0000.98,+0000.00,+0000.38,-0000.31,-0010.03
+1581208505.41,-0000.98,-0000.98,-0000.98,+0000.38,-0000.31,-0010.03
+1581208505.42,-0000.98,-0000.98,-0000.98,+0000.38,-0000.31,-0010.03
+1581208505.42,-0000.98,-0000.98,+0000.00,+0000.38,-0000.31,-0010.03
+1581208505.43,-0000.98,-0000.98,+0000.00,+0000.38,-0000.31,-0010.11
+1581208505.43,-0000.98,-0000.98,-0000.98,+0000.38,-0000.31,-0010.03
+1581208505.44,-0000.98,-0000.98,-0000.98,+0000.38,-0000.31,-0010.03
+1581208505.44,-0000.98,-0000.98,-0000.98,+0000.38,-0000.31,-0010.11
+1581208505.45,-0000.98,-0000.98,+0000.00,+0000.38,-0000.31,-0010.11
+1581208505.45,-0000.98,-0000.98,+0000.00,+0000.38,-0000.31,-0010.03
+1581208505.46,-0000.98,-0000.98,+0000.00,+0000.38,-0000.31,-0010.11
+1581208505.46,-0000.98,-0000.98,+0000.00,+0000.38,-0000.31,-0010.03
+1581208505.47,-0000.98,-0000.98,-0000.98,+0000.38,-0000.31,-0010.11
+1581208505.47,-0000.98,-0000.98,+0000.00,+0000.38,-0000.23,-0010.11
+1581208505.48,-0000.98,-0000.98,+0000.00,+0000.38,-0000.31,-0010.03
+1581208505.48,-0000.98,-0000.98,+0000.00,+0000.38,-0000.23,-0010.03
+1581208505.50,-0000.98,-0000.98,+0000.00,+0000.38,-0000.31,-0010.03
+1581208505.50,-0000.98,-0000.98,-0000.98,+0000.38,-0000.31,-0010.03
+1581208505.51,-0000.98,-0000.98,+0000.00,+0000.38,-0000.31,-0010.03
+1581208505.51,-0000.98,-0000.98,+0000.00,+0000.38,-0000.31,-0010.03
+1581208505.52,-0000.98,-0000.98,+0000.00,+0000.38,-0000.31,-0010.03
+1581208505.52,+0000.00,-0000.98,-0000.98,+0000.38,-0000.31,-0010.11
+1581208505.53,-0000.98,-0000.98,+0000.00,+0000.38,-0000.31,-0010.11
+1581208505.53,-0000.98,-0001.95,+0000.00,+0000.38,-0000.31,-0010.03
+1581208505.54,-0000.98,-0001.95,+0000.00,+0000.31,-0000.23,-0010.03
+1581208505.54,-0000.98,-0000.98,+0000.00,+0000.31,-0000.31,-0010.03
+1581208505.55,-0000.98,-0000.98,+0000.00,+0000.38,-0000.31,-0010.03
+1581208505.55,-0000.98,-0001.95,+0000.00,+0000.38,-0000.31,-0010.11
+1581208505.56,-0000.98,-0001.95,+0000.00,+0000.38,-0000.31,-0010.11
+1581208505.56,-0000.98,-0000.98,+0000.00,+0000.38,-0000.23,-0010.03
+1581208505.57,-0000.98,-0000.98,+0000.00,+0000.38,-0000.31,-0010.03
+1581208505.57,-0000.98,-0000.98,+0000.00,+0000.38,-0000.31,-0010.03
+1581208505.58,-0000.98,-0001.95,+0000.00,+0000.38,-0000.31,-0010.03
+1581208505.58,-0000.98,-0001.95,+0000.00,+0000.38,-0000.31,-0010.11
+1581208505.59,-0000.98,-0000.98,+0000.00,+0000.38,-0000.31,-0010.11
+1581208505.59,-0000.98,-0001.95,-0000.98,+0000.38,-0000.31,-0010.03
+1581208505.60,-0000.98,-0001.95,+0000.00,+0000.38,-0000.31,-0010.11
+1581208505.60,-0000.98,-0001.95,+0000.00,+0000.38,-0000.31,-0010.03
+1581208505.61,-0000.98,-0001.95,+0000.00,+0000.31,-0000.31,-0010.03
+1581208505.61,-0000.98,-0000.98,+0000.00,+0000.31,-0000.31,-0010.03
+1581208505.62,-0000.98,-0000.98,+0000.00,+0000.38,-0000.31,-0010.03
+1581208505.62,-0000.98,-0001.95,-0000.98,+0000.38,-0000.31,-0010.11
+1581208505.63,-0000.98,-0000.98,-0000.98,+0000.31,-0000.31,-0010.11
+1581208505.63,-0000.98,-0001.95,+0000.00,+0000.38,-0000.23,-0010.03
+1581208505.64,-0000.98,-0001.95,+0000.00,+0000.31,-0000.31,-0010.11
+1581208505.64,-0000.98,-0001.95,+0000.00,+0000.38,-0000.31,-0010.11
+1581208505.65,-0000.98,-0001.95,-0000.98,+0000.38,-0000.23,-0010.11
+1581208505.65,-0000.98,-0001.95,+0000.00,+0000.38,-0000.31,-0010.03
+1581208505.66,-0000.98,-0001.95,+0000.00,+0000.38,-0000.31,-0010.03
+1581208505.66,-0000.98,-0001.95,+0000.00,+0000.38,-0000.31,-0010.11
+1581208505.67,-0000.98,-0001.95,+0000.00,+0000.38,-0000.31,-0010.03
+1581208505.67,-0000.98,-0001.95,-0000.98,+0000.31,-0000.31,-0010.11
+1581208505.68,-0000.98,-0000.98,+0000.00,+0000.31,-0000.31,-0010.03
+1581208505.68,-0000.98,-0001.95,+0000.00,+0000.38,-0000.31,-0010.11
+1581208505.69,-0000.98,-0001.95,+0000.00,+0000.31,-0000.31,-0010.11
+1581208505.69,-0000.98,-0001.95,+0000.00,+0000.31,-0000.31,-0010.03
+1581208505.70,-0000.98,-0001.95,+0000.00,+0000.31,-0000.31,-0010.03
+1581208505.70,-0000.98,-0001.95,-0000.98,+0000.31,-0000.31,-0010.03
+1581208505.71,-0000.98,-0001.95,+0000.00,+0000.31,-0000.31,-0010.03
+1581208505.71,-0000.98,-0001.95,+0000.00,+0000.38,-0000.31,-0010.03
+1581208505.72,+0000.00,-0001.95,-0000.98,+0000.38,-0000.31,-0010.11
+1581208505.72,-0000.98,-0001.95,+0000.00,+0000.38,-0000.31,-0010.03
+1581208505.73,-0000.98,-0001.95,+0000.00,+0000.31,-0000.31,-0010.11
+1581208505.73,-0000.98,-0001.95,+0000.00,+0000.31,-0000.31,-0010.03
+1581208505.74,-0000.98,-0001.95,+0000.00,+0000.31,-0000.31,-0010.03
+1581208505.74,-0000.98,-0001.95,+0000.00,+0000.31,-0000.31,-0010.03
+1581208505.75,-0000.98,-0001.95,+0000.00,+0000.31,-0000.31,-0010.03
+1581208505.75,-0000.98,-0001.95,+0000.00,+0000.38,-0000.31,-0010.03
+1581208505.76,-0000.98,-0001.95,+0000.00,+0000.31,-0000.31,-0010.03
+1581208505.76,-0000.98,-0001.95,+0000.00,+0000.31,-0000.31,-0010.03
+1581208505.77,-0000.98,-0001.95,+0000.00,+0000.31,-0000.31,-0010.11
+1581208505.77,-0000.98,-0001.95,+0000.00,+0000.31,-0000.23,-0010.03
+1581208505.78,-0000.98,-0001.95,+0000.00,+0000.31,-0000.31,-0010.03
+1581208505.78,-0000.98,-0001.95,-0000.98,+0000.31,-0000.31,-0010.03
+1581208505.79,-0000.98,-0001.95,+0000.00,+0000.31,-0000.31,-0010.03
+1581208505.79,-0000.98,-0001.95,-0000.98,+0000.31,-0000.31,-0010.03
+1581208505.80,-0000.98,-0000.98,+0000.00,+0000.31,-0000.31,-0010.03
+1581208505.80,-0000.98,-0001.95,-0000.98,+0000.31,-0000.31,-0010.11
+1581208505.81,-0000.98,-0001.95,+0000.00,+0000.31,-0000.31,-0010.03
+1581208505.81,-0000.98,-0001.95,+0000.00,+0000.38,-0000.31,-0010.03
+1581208505.82,-0000.98,-0001.95,+0000.00,+0000.31,-0000.31,-0010.03
+1581208505.82,-0000.98,-0000.98,+0000.00,+0000.31,-0000.31,-0010.11
+1581208505.83,-0000.98,-0001.95,+0000.00,+0000.31,-0000.31,-0010.11
+1581208505.83,-0000.98,-0000.98,+0000.00,+0000.31,-0000.31,-0010.03
+1581208505.84,-0000.98,-0001.95,+0000.00,+0000.31,-0000.31,-0010.03
+1581208505.84,-0000.98,-0001.95,+0000.00,+0000.31,-0000.31,-0010.03
+1581208505.85,-0000.98,-0001.95,+0000.00,+0000.31,-0000.31,-0010.11
+1581208505.85,+0000.00,-0000.98,-0000.98,+0000.31,-0000.31,-0010.03
+1581208505.86,-0000.98,-0000.98,+0000.00,+0000.31,-0000.31,-0010.03
+1581208505.86,-0000.98,-0000.98,+0000.00,+0000.31,-0000.31,-0010.03
+1581208505.87,-0000.98,-0000.98,-0000.98,+0000.31,-0000.31,-0010.03
+1581208505.87,-0000.98,-0000.98,+0000.00,+0000.31,-0000.31,-0010.03
+1581208505.88,-0000.98,-0001.95,+0000.00,+0000.31,-0000.23,-0010.03
+1581208505.88,-0000.98,-0000.98,+0000.00,+0000.31,-0000.31,-0010.03
+1581208505.89,+0000.00,-0001.95,+0000.00,+0000.31,-0000.31,-0010.11
+1581208505.89,-0000.98,-0000.98,-0000.98,+0000.31,-0000.31,-0010.11
+1581208505.90,-0000.98,-0000.98,+0000.00,+0000.31,-0000.23,-0010.11
+1581208505.90,-0000.98,-0000.98,-0000.98,+0000.31,-0000.31,-0010.03
+1581208505.91,-0000.98,-0000.98,+0000.00,+0000.31,-0000.31,-0010.03
+1581208505.91,-0000.98,-0000.98,+0000.00,+0000.31,-0000.31,-0010.03
+1581208505.92,-0000.98,-0000.98,-0000.98,+0000.31,-0000.23,-0010.03
+1581208505.92,-0000.98,-0000.98,+0000.00,+0000.31,-0000.31,-0010.11
+1581208505.93,-0000.98,-0000.98,+0000.00,+0000.31,-0000.31,-0010.11
+1581208505.93,-0000.98,-0001.95,-0000.98,+0000.23,-0000.23,-0010.03
+1581208505.94,-0000.98,-0001.95,+0000.00,+0000.31,-0000.23,-0010.03
+1581208505.94,-0000.98,-0000.98,+0000.00,+0000.31,-0000.23,-0010.11
+1581208505.95,-0000.98,-0000.98,-0000.98,+0000.31,-0000.31,-0010.03
+1581208505.95,-0000.98,-0001.95,+0000.00,+0000.31,-0000.31,-0010.03
+1581208505.96,-0000.98,-0001.95,+0000.00,+0000.31,-0000.31,-0010.03
+1581208505.96,-0000.98,-0001.95,+0000.00,+0000.31,-0000.31,-0010.03
+1581208505.97,-0000.98,-0000.98,+0000.00,+0000.23,-0000.31,-0010.03
+1581208505.97,-0000.98,-0000.98,+0000.00,+0000.31,-0000.31,-0010.11
+1581208505.98,-0000.98,-0000.98,-0000.98,+0000.31,-0000.31,-0010.11
+1581208505.98,-0000.98,-0001.95,-0000.98,+0000.31,-0000.23,-0010.11
+1581208505.99,-0000.98,-0001.95,-0000.98,+0000.31,-0000.31,-0010.03
+1581208505.99,-0000.98,-0001.95,+0000.00,+0000.31,-0000.23,-0010.03
+1581208506.00,-0000.98,-0001.95,-0000.98,+0000.31,-0000.31,-0010.11
+1581208506.00,-0000.98,-0001.95,+0000.00,+0000.31,-0000.23,-0010.03
+1581208506.01,-0000.98,-0001.95,+0000.00,+0000.31,-0000.31,-0010.03
+1581208506.01,-0000.98,-0001.95,+0000.00,+0000.31,-0000.31,-0010.03
+1581208506.02,-0000.98,-0001.95,-0000.98,+0000.31,-0000.31,-0010.11
+1581208506.02,-0000.98,-0001.95,+0000.00,+0000.31,-0000.31,-0010.03
+1581208506.03,-0000.98,-0001.95,-0000.98,+0000.31,-0000.31,-0010.03
+1581208506.03,-0000.98,-0001.95,+0000.00,+0000.31,-0000.31,-0010.03
+1581208506.04,-0000.98,-0001.95,+0000.00,+0000.31,-0000.31,-0010.11
+1581208506.04,-0000.98,-0001.95,+0000.00,+0000.31,-0000.31,-0010.03
+1581208506.05,-0000.98,-0001.95,+0000.00,+0000.31,-0000.31,-0010.03
+1581208506.05,-0000.98,-0001.95,-0000.98,+0000.31,-0000.31,-0010.11
+1581208506.06,-0000.98,-0001.95,+0000.00,+0000.31,-0000.31,-0010.03
+1581208506.06,-0000.98,-0001.95,+0000.00,+0000.31,-0000.31,-0010.03
+1581208506.07,-0000.98,-0002.93,-0000.98,+0000.31,-0000.23,-0010.11
+1581208506.07,-0000.98,-0001.95,-0000.98,+0000.31,-0000.23,-0010.03
+1581208506.08,-0000.98,-0001.95,+0000.00,+0000.31,-0000.31,-0010.11
+1581208506.08,-0000.98,-0002.93,+0000.00,+0000.31,-0000.23,-0010.03
+1581208506.09,-0000.98,-0002.93,+0000.00,+0000.31,-0000.31,-0010.03
+1581208506.09,-0000.98,-0002.93,+0000.00,+0000.31,-0000.31,-0010.03
+1581208506.10,-0000.98,-0002.93,+0000.00,+0000.31,-0000.31,-0010.03
+1581208506.10,-0000.98,-0002.93,+0000.00,+0000.23,-0000.31,-0010.03
+1581208506.11,-0000.98,-0002.93,+0000.00,+0000.31,-0000.31,-0010.03
+1581208506.11,-0000.98,-0002.93,+0000.00,+0000.31,-0000.31,-0010.03
+1581208506.12,-0000.98,-0002.93,+0000.00,+0000.31,-0000.31,-0010.03
+1581208506.12,-0000.98,-0002.93,-0000.98,+0000.31,-0000.31,-0010.03
+1581208506.13,-0000.98,-0002.93,+0000.00,+0000.23,-0000.31,-0010.11
+1581208506.13,-0000.98,-0002.93,+0000.00,+0000.31,-0000.31,-0010.03
+1581208506.14,-0000.98,-0002.93,+0000.00,+0000.23,-0000.31,-0010.03
+1581208506.14,-0000.98,-0002.93,+0000.00,+0000.23,-0000.31,-0010.03
+1581208506.15,-0000.98,-0002.93,+0000.00,+0000.23,-0000.31,-0010.11
+1581208506.15,-0000.98,-0002.93,+0000.00,+0000.15,-0000.31,-0010.11
+1581208506.16,-0000.98,-0002.93,+0000.00,+0000.23,-0000.31,-0010.03
+1581208506.16,-0000.98,-0002.93,+0000.00,+0000.23,-0000.31,-0010.03
+1581208506.17,-0000.98,-0002.93,+0000.00,+0000.23,-0000.31,-0010.03
+1581208506.17,-0000.98,-0002.93,+0000.00,+0000.23,-0000.23,-0010.11
+1581208506.18,-0000.98,-0002.93,+0000.00,+0000.23,-0000.31,-0010.03
+1581208506.18,-0000.98,-0002.93,+0000.00,+0000.31,-0000.23,-0010.11
+1581208506.19,-0000.98,-0003.91,+0000.00,+0000.23,-0000.31,-0010.03
+1581208506.19,-0000.98,-0003.91,+0000.00,+0000.23,-0000.31,-0010.03
+1581208506.20,-0000.98,-0003.91,+0000.00,+0000.23,-0000.31,-0010.11
+1581208506.20,-0000.98,-0003.91,+0000.00,+0000.23,-0000.31,-0010.11
+1581208506.21,-0000.98,-0002.93,+0000.00,+0000.23,-0000.31,-0010.03
+1581208506.21,-0000.98,-0003.91,+0000.00,+0000.23,-0000.31,-0010.11
+1581208506.22,-0000.98,-0003.91,+0000.00,+0000.23,-0000.31,-0010.11
+1581208506.22,-0000.98,-0003.91,+0000.00,+0000.23,-0000.31,-0010.11
+1581208506.23,-0000.98,-0003.91,+0000.00,+0000.23,-0000.31,-0010.03
+1581208506.23,-0000.98,-0003.91,+0000.00,+0000.23,-0000.31,-0010.03
+1581208506.24,-0000.98,-0003.91,+0000.00,+0000.15,-0000.31,-0010.11
+1581208506.24,-0000.98,-0003.91,+0000.00,+0000.23,-0000.31,-0010.11
+1581208506.25,-0000.98,-0003.91,+0000.00,+0000.23,-0000.31,-0010.11
+1581208506.25,-0000.98,-0003.91,+0000.00,+0000.15,-0000.31,-0010.11
+1581208506.26,-0000.98,-0003.91,+0000.00,+0000.23,-0000.31,-0010.03
+1581208506.26,-0000.98,-0003.91,+0000.00,+0000.15,-0000.23,-0010.03
+1581208506.27,-0000.98,-0003.91,+0000.00,+0000.15,-0000.31,-0010.11
+1581208506.27,-0000.98,-0003.91,+0000.00,+0000.15,-0000.31,-0010.11
+1581208506.28,-0000.98,-0003.91,+0000.00,+0000.15,-0000.31,-0010.11
+1581208506.28,+0000.00,-0003.91,+0000.00,+0000.08,-0000.31,-0010.11
+1581208506.29,-0000.98,-0003.91,+0000.00,+0000.15,-0000.23,-0010.11
+1581208506.29,-0000.98,-0003.91,+0000.00,+0000.15,-0000.23,-0010.03
+1581208506.30,-0000.98,-0003.91,+0000.00,+0000.15,-0000.31,-0010.03
+1581208506.30,-0000.98,-0002.93,+0000.00,+0000.15,-0000.31,-0010.11
+1581208506.31,-0000.98,-0002.93,+0000.00,+0000.08,-0000.23,-0010.03
+1581208506.31,-0000.98,-0002.93,-0000.98,+0000.08,-0000.31,-0010.03
+1581208506.32,-0000.98,-0002.93,-0000.98,+0000.08,-0000.31,-0010.03
+1581208506.32,-0000.98,-0002.93,-0000.98,+0000.00,-0000.31,-0010.03
+1581208506.33,-0000.98,-0002.93,+0000.00,+0000.00,-0000.31,-0010.11
+1581208506.33,-0000.98,-0001.95,-0000.98,+0000.00,-0000.31,-0010.03
+1581208506.34,-0000.98,-0001.95,-0000.98,+0000.08,-0000.31,-0010.11
+1581208506.34,-0000.98,-0001.95,+0000.00,+0000.00,-0000.31,-0010.03
+1581208506.35,-0000.98,-0000.98,-0000.98,+0000.00,-0000.31,-0010.11
+1581208506.35,-0000.98,-0000.98,-0000.98,+0000.00,-0000.23,-0010.03
+1581208506.36,-0000.98,-0000.98,-0000.98,+0000.00,-0000.31,-0010.11
+1581208506.36,-0000.98,-0000.98,+0000.00,+0000.00,-0000.31,-0010.03
+1581208506.37,+0000.00,+0000.00,-0000.98,+0000.00,-0000.23,-0010.03
+1581208506.37,-0000.98,+0000.00,-0000.98,+0000.00,-0000.31,-0010.03
+1581208506.38,-0000.98,+0000.98,-0000.98,+0000.00,-0000.31,-0010.03
+1581208506.38,-0000.98,+0000.98,-0000.98,+0000.00,-0000.31,-0010.11
+1581208506.39,-0000.98,+0000.98,-0000.98,+0000.00,-0000.31,-0010.03
+1581208506.39,+0000.00,+0001.95,-0000.98,+0000.08,-0000.31,-0010.03
+1581208506.40,-0000.98,+0001.95,-0000.98,+0000.08,-0000.31,-0010.03
+1581208506.40,-0000.98,+0001.95,-0000.98,+0000.08,-0000.31,-0010.03
+1581208506.41,+0000.00,+0002.93,-0000.98,+0000.08,-0000.31,-0010.03
+1581208506.41,+0000.00,+0002.93,-0000.98,+0000.08,-0000.23,-0010.11
+1581208506.42,-0000.98,+0002.93,-0000.98,+0000.00,-0000.31,-0010.03
+1581208506.42,-0000.98,+0003.91,-0000.98,+0000.08,-0000.23,-0010.11
+1581208506.43,+0000.00,+0003.91,-0000.98,+0000.08,-0000.31,-0010.11
+1581208506.43,-0000.98,+0003.91,-0000.98,+0000.08,-0000.23,-0010.11
+1581208506.43,+0000.00,+0003.91,-0000.98,+0000.15,-0000.31,-0010.03
+1581208506.44,-0000.98,+0004.88,-0000.98,+0000.15,-0000.31,-0010.11
+1581208506.44,+0000.00,+0004.88,-0000.98,+0000.08,-0000.31,-0010.11
+1581208506.45,-0000.98,+0005.86,-0000.98,+0000.08,-0000.31,-0010.11
+1581208506.45,+0000.00,+0005.86,-0000.98,+0000.15,-0000.23,-0010.03
+1581208506.46,+0000.00,+0005.86,-0000.98,+0000.15,-0000.31,-0010.03
+1581208506.46,+0000.00,+0005.86,-0000.98,+0000.23,-0000.31,-0010.11
+1581208506.47,+0000.00,+0005.86,-0000.98,+0000.15,-0000.31,-0010.03
+1581208506.47,+0000.00,+0006.84,-0000.98,+0000.15,-0000.31,-0010.11
+1581208506.48,+0000.00,+0006.84,-0000.98,+0000.15,-0000.31,-0010.11
+1581208506.48,+0000.00,+0006.84,-0000.98,+0000.15,-0000.31,-0010.11
+1581208506.49,+0000.00,+0006.84,-0000.98,+0000.23,-0000.31,-0010.03
+1581208506.49,+0000.00,+0006.84,-0000.98,+0000.23,-0000.31,-0010.11
+1581208506.50,+0000.00,+0006.84,-0000.98,+0000.23,-0000.23,-0010.11
+1581208506.50,+0000.00,+0007.81,-0000.98,+0000.15,-0000.23,-0010.11
+1581208506.51,+0000.00,+0007.81,-0000.98,+0000.23,-0000.31,-0010.11
+1581208506.51,+0000.00,+0007.81,-0000.98,+0000.31,-0000.31,-0010.11
+1581208506.52,+0000.00,+0007.81,-0000.98,+0000.31,-0000.31,-0010.11
+1581208506.52,+0000.00,+0008.79,-0000.98,+0000.23,-0000.31,-0010.03
+1581208506.53,+0000.00,+0007.81,-0000.98,+0000.31,-0000.31,-0010.03
+1581208506.53,+0000.00,+0008.79,-0000.98,+0000.31,-0000.31,-0010.03
+1581208506.54,+0000.00,+0008.79,-0000.98,+0000.31,-0000.31,-0010.11
+1581208506.54,+0000.00,+0008.79,-0000.98,+0000.31,-0000.31,-0010.11
+1581208506.55,+0000.00,+0008.79,-0000.98,+0000.31,-0000.31,-0010.03
+1581208506.55,+0000.00,+0008.79,-0000.98,+0000.31,-0000.31,-0010.11
+1581208506.56,+0000.00,+0008.79,-0000.98,+0000.31,-0000.23,-0010.11
+1581208506.56,+0000.00,+0008.79,-0000.98,+0000.38,-0000.31,-0010.03
+1581208506.57,+0000.00,+0008.79,-0000.98,+0000.38,-0000.31,-0010.11
+1581208506.57,+0000.00,+0008.79,-0000.98,+0000.38,-0000.31,-0010.03
+1581208506.58,+0000.00,+0008.79,-0000.98,+0000.38,-0000.23,-0010.11
+1581208506.58,+0000.00,+0008.79,-0000.98,+0000.38,-0000.31,-0010.03
+1581208506.59,+0000.00,+0008.79,-0000.98,+0000.38,-0000.31,-0010.03
+1581208506.59,+0000.00,+0008.79,-0000.98,+0000.38,-0000.31,-0010.03
+1581208506.60,+0000.00,+0008.79,-0000.98,+0000.38,-0000.31,-0010.03
+1581208506.60,+0000.00,+0008.79,-0000.98,+0000.46,-0000.31,-0010.03
+1581208506.61,+0000.00,+0008.79,-0000.98,+0000.46,-0000.31,-0010.03
+1581208506.61,+0000.00,+0007.81,-0000.98,+0000.46,-0000.31,-0010.03
+1581208506.62,+0000.00,+0007.81,-0000.98,+0000.46,-0000.31,-0010.03
+1581208506.62,+0000.00,+0007.81,-0000.98,+0000.46,-0000.31,-0010.03
+1581208506.63,+0000.00,+0007.81,-0000.98,+0000.46,-0000.31,-0010.03
+1581208506.63,+0000.00,+0006.84,-0000.98,+0000.46,-0000.31,-0010.03
+1581208506.64,+0000.00,+0006.84,-0000.98,+0000.46,-0000.31,-0010.11
+1581208506.64,+0000.00,+0006.84,-0000.98,+0000.46,-0000.31,-0010.03
+1581208506.65,+0000.00,+0006.84,-0000.98,+0000.54,-0000.31,-0010.11
+1581208506.65,+0000.00,+0005.86,-0000.98,+0000.54,-0000.23,-0010.03
+1581208506.66,-0000.98,+0005.86,-0000.98,+0000.54,-0000.31,-0010.03
+1581208506.66,+0000.00,+0005.86,-0000.98,+0000.46,-0000.23,-0010.03
+1581208506.67,+0000.00,+0005.86,-0000.98,+0000.46,-0000.31,-0010.03
+1581208506.67,-0000.98,+0004.88,-0000.98,+0000.54,-0000.31,-0010.11
+1581208506.68,-0000.98,+0004.88,-0000.98,+0000.54,-0000.23,-0010.03
+1581208506.68,+0000.00,+0003.91,+0000.00,+0000.46,-0000.31,-0010.03
+1581208506.69,-0000.98,+0003.91,-0000.98,+0000.46,-0000.31,-0010.11
+1581208506.69,-0000.98,+0002.93,+0000.00,+0000.46,-0000.31,-0010.03
+1581208506.70,-0000.98,+0002.93,-0000.98,+0000.46,-0000.31,-0010.03
+1581208506.70,+0000.00,+0002.93,-0000.98,+0000.54,-0000.31,-0010.03
+1581208506.71,+0000.00,+0002.93,-0000.98,+0000.46,-0000.23,-0010.03
+1581208506.71,+0000.00,+0001.95,-0000.98,+0000.46,-0000.31,-0010.03
+1581208506.72,+0000.00,+0001.95,-0000.98,+0000.46,-0000.31,-0010.03
+1581208506.72,-0000.98,+0001.95,-0000.98,+0000.46,-0000.23,-0010.03
+1581208506.73,+0000.00,+0000.98,+0000.00,+0000.46,-0000.31,-0010.03
+1581208506.73,-0000.98,+0000.98,+0000.00,+0000.46,-0000.31,-0010.11
+1581208506.74,-0000.98,+0000.98,-0000.98,+0000.46,-0000.23,-0010.11
+1581208506.74,-0000.98,+0000.00,-0000.98,+0000.46,-0000.31,-0010.03
+1581208506.75,+0000.00,+0000.00,-0000.98,+0000.46,-0000.23,-0010.03
+1581208506.75,-0000.98,+0000.00,+0000.00,+0000.46,-0000.31,-0010.03
+1581208506.76,+0000.00,+0000.00,-0000.98,+0000.46,-0000.31,-0010.11
+1581208506.76,-0000.98,-0000.98,-0000.98,+0000.46,-0000.31,-0010.03
+1581208506.77,-0000.98,-0000.98,-0000.98,+0000.46,-0000.31,-0010.03
+1581208506.77,-0000.98,-0000.98,+0000.00,+0000.46,-0000.31,-0010.03
+1581208506.78,+0000.00,-0000.98,-0000.98,+0000.46,-0000.31,-0010.11
+1581208506.78,-0000.98,-0000.98,+0000.00,+0000.46,-0000.31,-0010.11
+1581208506.79,-0000.98,-0000.98,+0000.00,+0000.46,-0000.31,-0010.03
+1581208506.79,-0000.98,-0000.98,+0000.00,+0000.46,-0000.23,-0010.03
+1581208506.80,-0000.98,-0000.98,+0000.00,+0000.46,-0000.31,-0010.11
+1581208506.80,-0000.98,-0000.98,-0000.98,+0000.46,-0000.31,-0010.03
+1581208506.81,-0000.98,-0000.98,-0000.98,+0000.46,-0000.31,-0010.03
+1581208506.81,-0000.98,-0000.98,-0000.98,+0000.46,-0000.31,-0010.03
+1581208506.82,-0000.98,-0000.98,+0000.00,+0000.46,-0000.31,-0010.03
+1581208506.82,-0000.98,-0000.98,-0000.98,+0000.46,-0000.31,-0010.03
+1581208506.83,-0000.98,-0000.98,-0000.98,+0000.46,-0000.31,-0010.11
+1581208506.83,-0000.98,-0000.98,-0000.98,+0000.46,-0000.31,-0010.03
+1581208506.84,-0000.98,-0000.98,-0000.98,+0000.46,-0000.31,-0010.03
+1581208506.84,-0000.98,-0000.98,-0000.98,+0000.46,-0000.31,-0010.03
+1581208506.85,-0000.98,-0000.98,+0000.00,+0000.46,-0000.31,-0010.11
+1581208506.85,-0000.98,-0000.98,-0000.98,+0000.46,-0000.23,-0010.03
+1581208506.86,-0000.98,-0000.98,+0000.00,+0000.46,-0000.31,-0010.18
+1581208506.86,-0000.98,-0000.98,-0000.98,+0000.46,-0000.31,-0010.03
+1581208506.87,-0000.98,+0000.00,+0000.00,+0000.46,-0000.31,-0010.03
+1581208506.87,+0000.00,-0000.98,-0000.98,+0000.46,-0000.23,-0010.03
+1581208506.88,-0000.98,-0000.98,+0000.00,+0000.46,-0000.31,-0010.03
+1581208506.88,-0000.98,-0000.98,+0000.00,+0000.54,-0000.23,-0010.03
+1581208506.89,-0000.98,-0000.98,-0000.98,+0000.46,-0000.31,-0010.03
+1581208506.89,-0000.98,-0000.98,+0000.00,+0000.46,-0000.31,-0010.03
+1581208506.90,-0000.98,-0000.98,-0000.98,+0000.54,-0000.31,-0010.03
+1581208506.90,+0000.00,-0000.98,-0000.98,+0000.46,-0000.31,-0010.03
+1581208506.91,-0000.98,-0000.98,+0000.00,+0000.46,-0000.38,-0010.03
+1581208506.91,-0000.98,-0000.98,-0000.98,+0000.46,-0000.31,-0010.03
+1581208506.92,-0000.98,-0000.98,+0000.00,+0000.46,-0000.31,-0010.03
+1581208506.92,-0000.98,-0000.98,+0000.00,+0000.46,-0000.31,-0010.03
+1581208506.93,-0000.98,-0000.98,+0000.00,+0000.46,-0000.31,-0010.11
+1581208506.93,-0000.98,-0001.95,+0000.00,+0000.46,-0000.31,-0010.03
+1581208506.94,-0000.98,-0001.95,+0000.00,+0000.54,-0000.31,-0010.11
+1581208506.94,-0000.98,-0001.95,+0000.00,+0000.46,-0000.31,-0010.03
+1581208506.95,-0000.98,-0001.95,+0000.00,+0000.46,-0000.23,-0010.03
+1581208506.95,-0000.98,-0001.95,+0000.00,+0000.46,-0000.23,-0010.11
+1581208506.96,-0000.98,-0001.95,+0000.00,+0000.46,-0000.31,-0010.03
+1581208506.96,-0000.98,-0001.95,+0000.00,+0000.46,-0000.31,-0010.11
+1581208506.97,-0000.98,-0001.95,+0000.00,+0000.46,-0000.31,-0010.11
+1581208506.97,-0000.98,-0002.93,-0000.98,+0000.46,-0000.31,-0010.03
+1581208506.98,-0000.98,-0002.93,+0000.00,+0000.46,-0000.31,-0010.03
+1581208506.98,-0000.98,-0002.93,+0000.00,+0000.46,-0000.31,-0010.03
+1581208506.99,-0000.98,-0002.93,+0000.00,+0000.46,-0000.31,-0010.11
+1581208506.99,-0000.98,-0002.93,+0000.00,+0000.46,-0000.31,-0010.03
+1581208507.00,-0000.98,-0002.93,+0000.00,+0000.46,-0000.31,-0010.11
+1581208507.00,-0000.98,-0003.91,+0000.00,+0000.46,-0000.23,-0010.03
+1581208507.01,-0000.98,-0003.91,-0000.98,+0000.46,-0000.31,-0010.11
+1581208507.01,-0000.98,-0003.91,+0000.00,+0000.46,-0000.31,-0010.03
+1581208507.02,-0000.98,-0003.91,+0000.00,+0000.46,-0000.31,-0010.03
+1581208507.02,-0000.98,-0003.91,+0000.00,+0000.46,-0000.31,-0010.03
+1581208507.03,-0000.98,-0003.91,-0000.98,+0000.46,-0000.31,-0010.03
+1581208507.03,-0000.98,-0003.91,+0000.00,+0000.46,-0000.31,-0010.03
+1581208507.04,-0000.98,-0003.91,+0000.00,+0000.46,-0000.23,-0010.11
+1581208507.04,-0000.98,-0003.91,+0000.00,+0000.46,-0000.31,-0010.03
+1581208507.05,-0000.98,-0003.91,+0000.00,+0000.46,-0000.31,-0010.11
+1581208507.05,-0000.98,-0004.88,+0000.00,+0000.46,-0000.31,-0010.03
+1581208507.06,-0000.98,-0004.88,+0000.00,+0000.46,-0000.31,-0010.11
+1581208507.06,-0000.98,-0004.88,+0000.00,+0000.46,-0000.23,-0010.11
+1581208507.07,-0000.98,-0004.88,+0000.00,+0000.46,-0000.31,-0010.03
+1581208507.07,-0000.98,-0004.88,+0000.00,+0000.46,-0000.31,-0010.03
+1581208507.08,-0000.98,-0004.88,+0000.00,+0000.46,-0000.31,-0010.03
+1581208507.08,-0000.98,-0004.88,+0000.00,+0000.46,-0000.31,-0010.03
+1581208507.09,-0000.98,-0004.88,+0000.00,+0000.46,-0000.31,-0010.03
+1581208507.09,-0000.98,-0004.88,+0000.00,+0000.46,-0000.31,-0010.11
+1581208507.10,-0000.98,-0004.88,+0000.00,+0000.38,-0000.31,-0010.11
+1581208507.10,-0000.98,-0004.88,+0000.00,+0000.46,-0000.31,-0010.03
+1581208507.11,-0000.98,-0004.88,+0000.00,+0000.46,-0000.31,-0010.11
+1581208507.11,-0000.98,-0003.91,+0000.00,+0000.38,-0000.31,-0010.03
+1581208507.12,-0000.98,-0004.88,+0000.00,+0000.46,-0000.23,-0010.11
+1581208507.12,-0000.98,-0003.91,+0000.00,+0000.38,-0000.31,-0010.11
+1581208507.13,-0000.98,-0003.91,+0000.00,+0000.38,-0000.31,-0010.03
+1581208507.13,-0000.98,-0003.91,+0000.00,+0000.38,-0000.31,-0010.03
+1581208507.14,-0000.98,-0003.91,+0000.00,+0000.38,-0000.31,-0010.03
+1581208507.14,-0000.98,-0003.91,+0000.00,+0000.38,-0000.31,-0010.03
+1581208507.15,-0000.98,-0003.91,+0000.00,+0000.38,-0000.31,-0010.03
+1581208507.15,-0000.98,-0003.91,+0000.00,+0000.38,-0000.23,-0010.03
+1581208507.16,-0000.98,-0002.93,+0000.00,+0000.38,-0000.31,-0010.03
+1581208507.16,-0000.98,-0003.91,+0000.00,+0000.38,-0000.31,-0010.03
+1581208507.17,-0000.98,-0003.91,+0000.00,+0000.38,-0000.31,-0010.03
+1581208507.17,-0000.98,-0003.91,-0000.98,+0000.38,-0000.31,-0010.03
+1581208507.18,-0000.98,-0002.93,+0000.00,+0000.38,-0000.31,-0010.11
+1581208507.18,-0000.98,-0002.93,+0000.00,+0000.38,-0000.31,-0010.03
+1581208507.19,-0000.98,-0002.93,-0000.98,+0000.38,-0000.31,-0010.11
+1581208507.19,-0000.98,-0002.93,+0000.00,+0000.38,-0000.31,-0010.03
+1581208507.20,-0000.98,-0002.93,+0000.00,+0000.38,-0000.31,-0010.03
+1581208507.20,-0000.98,-0002.93,+0000.00,+0000.38,-0000.31,-0010.03
+1581208507.21,-0000.98,-0002.93,+0000.00,+0000.38,-0000.31,-0010.03
+1581208507.21,-0000.98,-0002.93,+0000.00,+0000.38,-0000.31,-0010.03
+1581208507.22,-0000.98,-0002.93,+0000.00,+0000.38,-0000.31,-0010.03
+1581208507.22,-0000.98,-0002.93,+0000.00,+0000.38,-0000.23,-0010.11
+1581208507.23,-0000.98,-0002.93,-0000.98,+0000.38,-0000.31,-0010.11
+1581208507.23,-0000.98,-0001.95,+0000.00,+0000.38,-0000.31,-0010.03
+1581208507.24,-0000.98,-0001.95,+0000.00,+0000.38,-0000.31,-0010.03
+1581208507.24,-0000.98,-0002.93,+0000.00,+0000.38,-0000.31,-0010.03
+1581208507.25,-0000.98,-0001.95,+0000.00,+0000.38,-0000.31,-0010.03
+1581208507.25,-0000.98,-0001.95,+0000.00,+0000.38,-0000.31,-0010.11
+1581208507.26,-0000.98,-0001.95,+0000.00,+0000.38,-0000.31,-0010.03
+1581208507.26,-0000.98,-0001.95,+0000.00,+0000.38,-0000.31,-0010.11
+1581208507.27,-0000.98,-0001.95,-0000.98,+0000.38,-0000.31,-0010.11
+1581208507.27,-0000.98,-0001.95,+0000.00,+0000.38,-0000.31,-0010.11
+1581208507.28,-0000.98,-0001.95,+0000.00,+0000.38,-0000.31,-0010.11
+1581208507.28,-0000.98,-0001.95,+0000.00,+0000.31,-0000.23,-0010.11
+1581208507.29,-0000.98,-0001.95,+0000.00,+0000.38,-0000.31,-0010.03
+1581208507.29,-0000.98,-0001.95,+0000.00,+0000.38,-0000.23,-0010.03
+1581208507.30,-0000.98,-0001.95,+0000.00,+0000.31,-0000.31,-0010.03
+1581208507.30,-0000.98,-0001.95,+0000.00,+0000.38,-0000.31,-0010.03
+1581208507.31,-0000.98,-0001.95,-0000.98,+0000.38,-0000.31,-0010.03
+1581208507.31,-0000.98,-0001.95,+0000.00,+0000.31,-0000.31,-0010.03
+1581208507.32,-0000.98,-0001.95,-0000.98,+0000.38,-0000.31,-0010.03
+1581208507.32,-0000.98,-0001.95,+0000.00,+0000.38,-0000.31,-0010.03
+1581208507.33,-0000.98,-0001.95,+0000.00,+0000.38,-0000.31,-0010.03
+1581208507.33,-0000.98,-0001.95,-0000.98,+0000.38,-0000.31,-0010.03
+1581208507.34,-0000.98,-0001.95,+0000.00,+0000.38,-0000.31,-0010.03
+1581208507.34,-0000.98,-0001.95,+0000.00,+0000.31,-0000.31,-0010.03
+1581208507.35,-0000.98,-0001.95,+0000.00,+0000.38,-0000.31,-0010.03
+1581208507.35,-0000.98,-0001.95,-0000.98,+0000.38,-0000.31,-0010.03
+1581208507.36,-0000.98,-0001.95,-0000.98,+0000.31,-0000.31,-0010.03
+1581208507.36,-0000.98,-0001.95,+0000.00,+0000.31,-0000.31,-0010.03
+1581208507.37,-0000.98,-0001.95,+0000.00,+0000.31,-0000.23,-0010.03
+1581208507.37,-0000.98,-0001.95,+0000.00,+0000.38,-0000.31,-0010.11
+1581208507.38,-0000.98,-0001.95,+0000.00,+0000.38,-0000.23,-0010.03
+1581208507.38,-0000.98,-0001.95,+0000.00,+0000.38,-0000.31,-0010.03
+1581208507.39,-0000.98,-0000.98,+0000.00,+0000.38,-0000.31,-0010.03
+1581208507.39,-0000.98,-0001.95,+0000.00,+0000.31,-0000.31,-0010.03
+1581208507.40,-0000.98,-0001.95,+0000.00,+0000.31,-0000.31,-0010.03
+1581208507.40,+0000.00,-0001.95,-0000.98,+0000.31,-0000.31,-0010.03
+1581208507.41,-0000.98,-0001.95,+0000.00,+0000.31,-0000.31,-0010.03
+1581208507.41,-0000.98,-0001.95,+0000.00,+0000.31,-0000.31,-0010.03
+1581208507.42,-0000.98,-0001.95,+0000.00,+0000.31,-0000.23,-0010.11
+1581208507.42,-0000.98,-0001.95,-0000.98,+0000.31,-0000.23,-0010.03
+1581208507.43,-0000.98,-0001.95,+0000.00,+0000.31,-0000.31,-0010.03
+1581208507.43,-0000.98,-0001.95,+0000.00,+0000.31,-0000.31,-0010.03
+1581208507.44,-0000.98,-0001.95,+0000.00,+0000.31,-0000.31,-0010.11
+1581208507.44,-0000.98,-0001.95,+0000.00,+0000.38,-0000.31,-0010.11
+1581208507.45,-0000.98,-0001.95,-0000.98,+0000.31,-0000.31,-0010.03
+1581208507.45,-0000.98,-0000.98,+0000.00,+0000.31,-0000.31,-0010.11
+1581208507.46,+0000.00,-0001.95,+0000.00,+0000.31,-0000.23,-0010.03
+1581208507.46,-0000.98,-0000.98,+0000.00,+0000.31,-0000.31,-0010.03
+1581208507.47,-0000.98,-0001.95,+0000.00,+0000.31,-0000.31,-0010.03
+1581208507.47,-0000.98,-0001.95,+0000.00,+0000.31,-0000.31,-0010.11
+1581208507.48,-0000.98,-0001.95,+0000.00,+0000.31,-0000.31,-0010.11
+1581208507.48,-0000.98,-0001.95,-0000.98,+0000.38,-0000.31,-0010.11
+1581208507.49,-0000.98,-0001.95,+0000.00,+0000.31,-0000.23,-0010.03
+1581208507.49,-0000.98,-0001.95,+0000.00,+0000.38,-0000.31,-0010.03
+1581208507.50,-0000.98,-0001.95,-0000.98,+0000.31,-0000.31,-0010.03
+1581208507.50,-0000.98,-0001.95,+0000.00,+0000.31,-0000.31,-0010.03
+1581208507.51,-0000.98,-0001.95,-0000.98,+0000.31,-0000.31,-0010.11
+1581208507.51,-0000.98,-0001.95,+0000.00,+0000.38,-0000.31,-0010.03
+1581208507.52,+0000.00,-0001.95,-0000.98,+0000.31,-0000.31,-0010.11
+1581208507.52,-0000.98,-0001.95,+0000.00,+0000.38,-0000.31,-0010.03
+1581208507.53,-0000.98,-0001.95,+0000.00,+0000.31,-0000.31,-0010.03
+1581208507.53,-0000.98,-0001.95,-0000.98,+0000.31,-0000.31,-0010.11
+1581208507.54,-0000.98,-0001.95,+0000.00,+0000.31,-0000.31,-0010.03
+1581208507.54,-0000.98,-0001.95,-0000.98,+0000.31,-0000.31,-0010.03
+1581208507.55,-0000.98,-0001.95,+0000.00,+0000.31,-0000.31,-0010.11
+1581208507.55,-0000.98,-0001.95,+0000.00,+0000.38,-0000.31,-0010.03
+1581208507.56,-0000.98,-0001.95,+0000.00,+0000.31,-0000.31,-0010.03
+1581208507.56,-0000.98,-0001.95,+0000.00,+0000.31,-0000.31,-0010.03
+1581208507.57,-0000.98,-0001.95,+0000.00,+0000.31,-0000.23,-0010.03
+1581208507.57,-0000.98,-0001.95,+0000.00,+0000.31,-0000.31,-0010.03
+1581208507.58,-0000.98,-0002.93,-0000.98,+0000.31,-0000.31,-0010.03
+1581208507.58,-0000.98,-0001.95,+0000.00,+0000.31,-0000.31,-0010.11
+1581208507.59,-0000.98,-0002.93,+0000.00,+0000.31,-0000.31,-0010.03
+1581208507.59,-0000.98,-0001.95,+0000.00,+0000.31,-0000.31,-0010.03
+1581208507.60,-0000.98,-0002.93,+0000.00,+0000.31,-0000.31,-0010.11
+1581208507.60,-0000.98,-0001.95,-0000.98,+0000.31,-0000.23,-0010.03
+1581208507.61,-0000.98,-0001.95,+0000.00,+0000.31,-0000.31,-0010.03
+1581208507.61,-0000.98,-0002.93,+0000.00,+0000.31,-0000.31,-0010.03
+1581208507.62,-0000.98,-0001.95,+0000.00,+0000.31,-0000.23,-0010.03
+1581208507.62,+0000.00,-0001.95,+0000.00,+0000.31,-0000.23,-0010.03
+1581208507.63,-0000.98,-0001.95,+0000.00,+0000.31,-0000.31,-0010.03
+1581208507.63,-0000.98,-0002.93,+0000.00,+0000.31,-0000.31,-0010.11
+1581208507.64,+0000.00,-0001.95,+0000.00,+0000.31,-0000.31,-0010.03
+1581208507.64,-0000.98,-0001.95,+0000.00,+0000.23,-0000.31,-0010.11
+1581208507.65,-0000.98,-0001.95,+0000.00,+0000.31,-0000.31,-0010.03
+1581208507.65,-0000.98,-0001.95,-0000.98,+0000.31,-0000.23,-0010.03
+1581208507.66,-0000.98,-0001.95,+0000.00,+0000.31,-0000.31,-0010.03
+1581208507.66,-0000.98,-0001.95,+0000.00,+0000.31,-0000.31,-0010.03
+1581208507.67,-0000.98,-0001.95,+0000.00,+0000.31,-0000.31,-0010.03
+1581208507.67,-0000.98,-0002.93,+0000.00,+0000.31,-0000.31,-0010.11
+1581208507.68,-0000.98,-0001.95,+0000.00,+0000.23,-0000.31,-0010.03
+1581208507.68,-0000.98,-0001.95,+0000.00,+0000.23,-0000.31,-0010.03
+1581208507.69,-0000.98,-0001.95,+0000.00,+0000.31,-0000.31,-0010.03
+1581208507.69,-0000.98,-0001.95,+0000.00,+0000.31,-0000.31,-0010.03
+1581208507.70,-0000.98,-0001.95,+0000.00,+0000.23,-0000.31,-0010.03
+1581208507.70,-0000.98,-0001.95,+0000.00,+0000.31,-0000.31,-0010.03
+1581208507.71,-0000.98,-0001.95,+0000.00,+0000.31,-0000.31,-0010.03
+1581208507.71,-0000.98,-0001.95,+0000.00,+0000.31,-0000.31,-0010.11
+1581208507.72,-0000.98,-0001.95,+0000.00,+0000.31,-0000.31,-0010.03
+1581208507.72,-0000.98,-0001.95,+0000.00,+0000.31,-0000.31,-0010.11
+1581208507.73,-0000.98,-0002.93,+0000.00,+0000.23,-0000.31,-0010.03
+1581208507.73,-0000.98,-0001.95,+0000.00,+0000.23,-0000.23,-0010.03
+1581208507.74,-0000.98,-0001.95,+0000.00,+0000.23,-0000.31,-0010.03
+1581208507.74,-0000.98,-0002.93,+0000.00,+0000.23,-0000.31,-0010.11
+1581208507.75,-0000.98,-0001.95,+0000.00,+0000.23,-0000.31,-0010.03
+1581208507.75,-0000.98,-0002.93,+0000.00,+0000.23,-0000.31,-0010.03
+1581208507.76,-0000.98,-0001.95,+0000.00,+0000.23,-0000.31,-0010.03
+1581208507.76,-0000.98,-0002.93,+0000.00,+0000.31,-0000.23,-0010.03
+1581208507.77,-0000.98,-0002.93,+0000.00,+0000.23,-0000.31,-0010.03
+1581208507.77,-0000.98,-0002.93,+0000.00,+0000.23,-0000.31,-0010.11
+1581208507.78,-0000.98,-0001.95,+0000.00,+0000.23,-0000.31,-0010.03
+1581208507.78,-0000.98,-0002.93,-0000.98,+0000.23,-0000.31,-0010.03
+1581208507.79,-0000.98,-0002.93,+0000.00,+0000.23,-0000.31,-0010.11
+1581208507.79,-0000.98,-0001.95,+0000.00,+0000.23,-0000.31,-0010.03
+1581208507.80,-0000.98,-0001.95,+0000.00,+0000.23,-0000.31,-0010.03
+1581208507.80,-0000.98,-0001.95,+0000.00,+0000.23,-0000.31,-0010.03
+1581208507.81,-0000.98,-0001.95,+0000.00,+0000.23,-0000.31,-0010.03
+1581208507.81,-0000.98,-0001.95,+0000.00,+0000.23,-0000.31,-0010.03
+1581208507.82,-0000.98,-0001.95,+0000.00,+0000.15,-0000.31,-0010.03
+1581208507.82,-0000.98,-0001.95,+0000.00,+0000.23,-0000.31,-0010.03
+1581208507.83,-0000.98,-0001.95,+0000.00,+0000.23,-0000.31,-0010.03
+1581208507.83,-0000.98,-0001.95,+0000.00,+0000.23,-0000.31,-0010.11
+1581208507.84,-0000.98,-0001.95,+0000.00,+0000.15,-0000.23,-0010.03
+1581208507.84,-0000.98,-0001.95,+0000.00,+0000.23,-0000.31,-0010.03
+1581208507.85,-0000.98,-0001.95,+0000.00,+0000.23,-0000.23,-0010.11
+1581208507.85,-0000.98,-0001.95,+0000.00,+0000.23,-0000.31,-0010.03
+1581208507.86,-0000.98,-0001.95,+0000.00,+0000.23,-0000.23,-0010.03
+1581208507.86,-0000.98,-0001.95,+0000.00,+0000.15,-0000.31,-0010.11
+1581208507.87,-0000.98,-0001.95,+0000.00,+0000.15,-0000.23,-0010.03
+1581208507.87,-0000.98,-0000.98,+0000.00,+0000.23,-0000.23,-0010.03
+1581208507.88,-0000.98,-0000.98,+0000.00,+0000.15,-0000.23,-0010.03
+1581208507.88,-0000.98,-0000.98,+0000.00,+0000.15,-0000.31,-0010.03
+1581208507.89,-0000.98,-0000.98,+0000.00,+0000.15,-0000.31,-0010.03
+1581208507.89,-0000.98,-0000.98,+0000.00,+0000.15,-0000.31,-0010.03
+1581208507.90,-0000.98,-0000.98,-0000.98,+0000.15,-0000.23,-0010.03
+1581208507.90,-0000.98,+0000.00,+0000.00,+0000.15,-0000.31,-0010.03
+1581208507.91,-0000.98,+0000.00,+0000.00,+0000.15,-0000.31,-0010.03
+1581208507.91,-0000.98,+0000.00,+0000.00,+0000.15,-0000.31,-0010.03
+1581208507.92,-0000.98,+0000.00,+0000.00,+0000.15,-0000.31,-0010.03
+1581208507.92,+0000.00,+0000.00,+0000.00,+0000.15,-0000.31,-0010.03
+1581208507.93,-0000.98,+0000.98,-0000.98,+0000.15,-0000.31,-0010.03
+1581208507.93,-0000.98,+0000.98,+0000.00,+0000.15,-0000.31,-0010.11
+1581208507.94,-0000.98,+0000.98,+0000.00,+0000.15,-0000.31,-0010.03
+1581208507.94,+0000.00,+0000.98,+0000.00,+0000.15,-0000.31,-0010.11
+1581208507.95,-0000.98,+0001.95,+0000.00,+0000.15,-0000.31,-0010.11
+1581208507.95,-0000.98,+0000.98,-0000.98,+0000.15,-0000.31,-0010.11
+1581208507.96,+0000.00,+0000.98,+0000.00,+0000.15,-0000.31,-0010.03
+1581208507.96,-0000.98,+0001.95,+0000.00,+0000.15,-0000.31,-0010.03
+1581208507.97,-0000.98,+0001.95,-0000.98,+0000.15,-0000.23,-0010.03
+1581208507.97,-0000.98,+0001.95,-0000.98,+0000.15,-0000.23,-0010.03
+1581208507.98,+0000.00,+0001.95,-0000.98,+0000.15,-0000.31,-0010.03
+1581208507.98,-0000.98,+0001.95,+0000.00,+0000.23,-0000.31,-0010.11
+1581208507.99,-0000.98,+0001.95,-0000.98,+0000.15,-0000.31,-0010.03
+1581208507.99,+0000.00,+0002.93,-0000.98,+0000.15,-0000.31,-0010.11
+1581208508.00,-0000.98,+0002.93,+0000.00,+0000.23,-0000.31,-0010.03
+1581208508.00,-0000.98,+0002.93,-0000.98,+0000.23,-0000.31,-0010.03
+1581208508.01,+0000.00,+0002.93,-0000.98,+0000.23,-0000.31,-0010.11
+1581208508.01,+0000.00,+0002.93,-0000.98,+0000.23,-0000.31,-0010.11
+1581208508.02,-0000.98,+0002.93,-0000.98,+0000.23,-0000.23,-0010.03
+1581208508.02,+0000.00,+0002.93,-0000.98,+0000.23,-0000.31,-0010.11
+1581208508.03,-0000.98,+0002.93,-0000.98,+0000.23,-0000.38,-0010.03
+1581208508.03,-0000.98,+0003.91,-0000.98,+0000.23,-0000.31,-0010.03
+1581208508.04,+0000.00,+0002.93,+0000.00,+0000.23,-0000.31,-0010.03
+1581208508.04,+0000.00,+0003.91,-0000.98,+0000.23,-0000.31,-0010.11
+1581208508.05,-0000.98,+0002.93,-0000.98,+0000.23,-0000.31,-0010.03
+1581208508.05,+0000.00,+0003.91,-0000.98,+0000.23,-0000.23,-0010.03
+1581208508.06,+0000.00,+0003.91,-0000.98,+0000.23,-0000.31,-0010.11
+1581208508.06,+0000.00,+0003.91,-0000.98,+0000.31,-0000.31,-0010.03
+1581208508.07,+0000.00,+0003.91,-0000.98,+0000.23,-0000.23,-0010.11
+1581208508.07,+0000.00,+0003.91,-0000.98,+0000.31,-0000.23,-0010.11
+1581208508.08,+0000.00,+0003.91,-0000.98,+0000.31,-0000.23,-0010.03
+1581208508.08,+0000.00,+0003.91,-0000.98,+0000.31,-0000.23,-0010.03
+1581208508.09,-0000.98,+0003.91,-0000.98,+0000.31,-0000.31,-0010.03
+1581208508.09,+0000.00,+0003.91,-0000.98,+0000.31,-0000.23,-0010.03
+1581208508.10,+0000.00,+0003.91,-0000.98,+0000.31,-0000.31,-0010.03
+1581208508.10,+0000.00,+0003.91,-0000.98,+0000.31,-0000.31,-0010.11
+1581208508.11,+0000.00,+0003.91,-0000.98,+0000.31,-0000.31,-0010.03
+1581208508.11,+0000.00,+0003.91,-0000.98,+0000.31,-0000.31,-0010.03
+1581208508.12,+0000.00,+0003.91,-0000.98,+0000.31,-0000.31,-0010.03
+1581208508.12,+0000.00,+0003.91,-0000.98,+0000.38,-0000.31,-0010.11
+1581208508.13,-0000.98,+0003.91,-0000.98,+0000.38,-0000.31,-0010.11
+1581208508.13,+0000.00,+0003.91,-0000.98,+0000.31,-0000.31,-0010.03
+1581208508.14,+0000.00,+0003.91,-0000.98,+0000.38,-0000.23,-0010.03
+1581208508.14,+0000.00,+0003.91,-0000.98,+0000.38,-0000.31,-0010.03
+1581208508.15,+0000.00,+0003.91,-0000.98,+0000.31,-0000.31,-0010.03
+1581208508.15,+0000.00,+0003.91,-0000.98,+0000.38,-0000.31,-0010.03
+1581208508.16,-0000.98,+0003.91,-0000.98,+0000.38,-0000.31,-0010.11
+1581208508.16,+0000.00,+0003.91,-0000.98,+0000.38,-0000.38,-0010.03
+1581208508.17,-0000.98,+0003.91,-0000.98,+0000.38,-0000.31,-0010.03
+1581208508.17,+0000.00,+0003.91,-0000.98,+0000.38,-0000.31,-0010.03
+1581208508.18,-0000.98,+0003.91,-0000.98,+0000.38,-0000.23,-0010.03
+1581208508.18,+0000.00,+0003.91,-0000.98,+0000.38,-0000.31,-0010.03
+1581208508.19,+0000.00,+0003.91,-0000.98,+0000.38,-0000.31,-0010.03
+1581208508.19,+0000.00,+0003.91,-0000.98,+0000.38,-0000.31,-0010.03
+1581208508.20,+0000.00,+0003.91,-0000.98,+0000.46,-0000.31,-0010.03
+1581208508.20,-0000.98,+0003.91,-0000.98,+0000.46,-0000.23,-0010.11
+1581208508.21,+0000.00,+0003.91,-0000.98,+0000.38,-0000.31,-0010.03
+1581208508.21,-0000.98,+0003.91,-0000.98,+0000.46,-0000.31,-0010.11
+1581208508.22,-0000.98,+0003.91,-0000.98,+0000.46,-0000.31,-0010.11
+1581208508.22,+0000.00,+0002.93,+0000.00,+0000.46,-0000.23,-0010.03
+1581208508.23,+0000.00,+0002.93,-0000.98,+0000.46,-0000.31,-0010.03
+1581208508.23,+0000.00,+0002.93,-0000.98,+0000.46,-0000.31,-0010.03
+1581208508.24,-0000.98,+0002.93,-0000.98,+0000.46,-0000.31,-0010.03
+1581208508.24,+0000.00,+0002.93,-0000.98,+0000.46,-0000.31,-0010.03
+1581208508.25,-0000.98,+0002.93,-0000.98,+0000.46,-0000.31,-0010.03
+1581208508.25,+0000.00,+0002.93,-0000.98,+0000.46,-0000.31,-0010.03
+1581208508.26,-0000.98,+0001.95,-0000.98,+0000.46,-0000.23,-0010.03
+1581208508.26,-0000.98,+0001.95,-0000.98,+0000.46,-0000.31,-0010.03
+1581208508.27,+0000.00,+0001.95,-0000.98,+0000.46,-0000.31,-0010.03
+1581208508.27,-0000.98,+0001.95,+0000.00,+0000.46,-0000.31,-0010.03
+1581208508.28,+0000.00,+0001.95,-0000.98,+0000.46,-0000.23,-0010.03
+1581208508.28,-0000.98,+0000.98,-0000.98,+0000.46,-0000.31,-0010.03
+1581208508.29,-0000.98,+0000.98,+0000.00,+0000.46,-0000.31,-0010.03
+1581208508.29,+0000.00,+0000.98,-0000.98,+0000.46,-0000.31,-0010.03
+1581208508.30,-0000.98,+0000.98,-0000.98,+0000.46,-0000.31,-0010.03
+1581208508.30,-0000.98,+0000.98,+0000.00,+0000.46,-0000.31,-0010.03
+1581208508.31,+0000.00,+0000.98,-0000.98,+0000.46,-0000.31,-0010.11
+1581208508.31,-0000.98,+0000.00,+0000.00,+0000.46,-0000.31,-0010.11
+1581208508.32,-0000.98,+0000.00,+0000.00,+0000.46,-0000.31,-0010.03
+1581208508.32,-0000.98,+0000.00,-0000.98,+0000.46,-0000.31,-0010.03
+1581208508.33,-0000.98,+0000.00,-0000.98,+0000.46,-0000.31,-0010.11
+1581208508.33,-0000.98,+0000.00,-0000.98,+0000.46,-0000.31,-0010.11
+1581208508.34,-0000.98,+0000.00,+0000.00,+0000.46,-0000.31,-0010.03
+1581208508.34,-0000.98,+0000.00,+0000.00,+0000.46,-0000.31,-0010.11
+1581208508.35,-0000.98,+0000.00,+0000.00,+0000.46,-0000.31,-0010.03
+1581208508.35,-0000.98,-0000.98,-0000.98,+0000.46,-0000.31,-0010.03
+1581208508.36,-0000.98,-0000.98,+0000.00,+0000.46,-0000.31,-0010.03
+1581208508.36,-0000.98,-0000.98,-0000.98,+0000.46,-0000.31,-0010.03
+1581208508.37,-0000.98,-0000.98,+0000.00,+0000.46,-0000.31,-0010.11
+1581208508.37,-0000.98,-0000.98,+0000.00,+0000.46,-0000.23,-0010.03
+1581208508.38,+0000.00,-0000.98,+0000.00,+0000.46,-0000.23,-0010.03
+1581208508.38,+0000.00,-0000.98,-0000.98,+0000.46,-0000.31,-0010.03
+1581208508.39,-0000.98,-0000.98,+0000.00,+0000.46,-0000.31,-0010.03
+1581208508.39,-0000.98,-0000.98,-0000.98,+0000.46,-0000.31,-0010.03
+1581208508.40,-0000.98,-0000.98,-0000.98,+0000.46,-0000.23,-0010.03
+1581208508.40,-0000.98,-0000.98,+0000.00,+0000.46,-0000.31,-0010.03
+1581208508.41,-0000.98,-0000.98,-0000.98,+0000.46,-0000.31,-0010.11
+1581208508.41,-0000.98,-0000.98,+0000.00,+0000.46,-0000.31,-0010.11
+1581208508.42,-0000.98,-0001.95,+0000.00,+0000.46,-0000.31,-0010.03
+1581208508.42,-0000.98,-0000.98,+0000.00,+0000.46,-0000.31,-0010.03
+1581208508.43,-0000.98,-0000.98,-0000.98,+0000.46,-0000.31,-0010.03
+1581208508.43,-0000.98,-0000.98,+0000.00,+0000.46,-0000.31,-0010.11
+1581208508.44,-0000.98,-0000.98,-0000.98,+0000.46,-0000.23,-0010.03
+1581208508.44,-0000.98,-0000.98,-0000.98,+0000.46,-0000.31,-0010.03
+1581208508.45,-0000.98,-0000.98,+0000.00,+0000.46,-0000.31,-0010.03
+1581208508.45,-0000.98,-0000.98,-0000.98,+0000.46,-0000.31,-0010.11
+1581208508.46,-0000.98,-0000.98,+0000.00,+0000.46,-0000.23,-0010.03
+1581208508.46,-0000.98,-0000.98,-0000.98,+0000.38,-0000.31,-0010.03
+1581208508.47,-0000.98,-0000.98,-0000.98,+0000.38,-0000.31,-0010.11
+1581208508.47,-0000.98,-0000.98,-0000.98,+0000.46,-0000.23,-0010.11
+1581208508.48,-0000.98,-0000.98,+0000.00,+0000.38,-0000.31,-0010.03
+1581208508.48,-0000.98,-0000.98,-0000.98,+0000.38,-0000.23,-0010.03
+1581208508.49,+0000.00,-0000.98,+0000.00,+0000.38,-0000.31,-0010.03
+1581208508.49,-0000.98,-0000.98,+0000.00,+0000.46,-0000.31,-0010.11
+1581208508.50,-0000.98,+0000.00,-0000.98,+0000.38,-0000.31,-0010.03
+1581208508.50,-0000.98,+0000.00,+0000.00,+0000.38,-0000.31,-0010.11
+1581208508.51,+0000.00,+0000.00,+0000.00,+0000.38,-0000.31,-0010.11
+1581208508.51,-0000.98,+0000.00,-0000.98,+0000.38,-0000.31,-0010.03
+1581208508.52,-0000.98,+0000.00,+0000.00,+0000.46,-0000.31,-0010.03
+1581208508.52,+0000.00,+0000.00,-0000.98,+0000.38,-0000.31,-0010.11
+1581208508.53,-0000.98,+0000.00,+0000.00,+0000.46,-0000.31,-0010.11
+1581208508.53,-0000.98,+0000.00,-0000.98,+0000.46,-0000.31,-0010.03
+1581208508.54,-0000.98,+0000.00,+0000.00,+0000.46,-0000.31,-0010.03
+1581208508.54,-0000.98,+0000.00,-0000.98,+0000.46,-0000.31,-0010.03
+1581208508.55,-0000.98,+0000.98,-0000.98,+0000.38,-0000.31,-0010.03
+1581208508.55,-0000.98,+0000.00,-0000.98,+0000.38,-0000.23,-0010.03
+1581208508.56,-0000.98,+0000.98,-0000.98,+0000.38,-0000.31,-0010.03
+1581208508.56,-0000.98,+0000.98,+0000.00,+0000.46,-0000.31,-0010.03
+1581208508.57,+0000.00,+0000.98,-0000.98,+0000.38,-0000.31,-0010.11
+1581208508.57,-0000.98,+0000.98,-0000.98,+0000.46,-0000.31,-0010.11
+1581208508.58,+0000.00,+0000.98,-0000.98,+0000.46,-0000.31,-0010.11
+1581208508.58,-0000.98,+0000.98,+0000.00,+0000.46,-0000.31,-0010.11
+1581208508.59,-0000.98,+0000.98,-0000.98,+0000.38,-0000.31,-0010.11
+1581208508.59,-0000.98,+0000.98,+0000.00,+0000.46,-0000.31,-0010.03
+1581208508.60,-0000.98,+0000.98,-0000.98,+0000.46,-0000.31,-0010.03
+1581208508.60,-0000.98,+0000.98,-0000.98,+0000.46,-0000.31,-0010.11
+1581208508.61,-0000.98,+0000.98,-0000.98,+0000.46,-0000.31,-0010.03
+1581208508.61,-0000.98,+0000.98,+0000.00,+0000.46,-0000.31,-0010.03
+1581208508.62,-0000.98,+0000.98,-0000.98,+0000.46,-0000.31,-0010.03
+1581208508.62,-0000.98,+0001.95,-0000.98,+0000.46,-0000.31,-0010.03
+1581208508.63,-0000.98,+0000.98,-0000.98,+0000.46,-0000.31,-0010.03
+1581208508.63,+0000.00,+0000.98,-0000.98,+0000.46,-0000.31,-0010.03
+1581208508.64,-0000.98,+0000.98,+0000.00,+0000.46,-0000.23,-0010.03
+1581208508.64,-0000.98,+0000.98,-0000.98,+0000.46,-0000.23,-0010.03
+1581208508.65,+0000.00,+0000.98,-0000.98,+0000.46,-0000.23,-0010.11
+1581208508.65,-0000.98,+0001.95,+0000.00,+0000.46,-0000.31,-0010.11
+1581208508.66,+0000.00,+0000.98,-0000.98,+0000.46,-0000.31,-0010.03
+1581208508.66,-0000.98,+0001.95,-0000.98,+0000.46,-0000.31,-0010.03
+1581208508.67,-0000.98,+0000.98,-0000.98,+0000.46,-0000.31,-0010.03
+1581208508.67,-0000.98,+0001.95,-0000.98,+0000.46,-0000.23,-0010.03
+1581208508.68,-0000.98,+0001.95,-0000.98,+0000.46,-0000.31,-0010.03
+1581208508.68,-0000.98,+0000.98,-0000.98,+0000.46,-0000.31,-0010.11
+1581208508.69,-0000.98,+0001.95,-0000.98,+0000.46,-0000.31,-0010.03
+1581208508.69,+0000.00,+0001.95,-0000.98,+0000.46,-0000.31,-0010.03
+1581208508.70,-0000.98,+0001.95,+0000.00,+0000.46,-0000.31,-0010.03
+1581208508.70,-0000.98,+0001.95,-0000.98,+0000.46,-0000.31,-0010.03
+1581208508.71,-0000.98,+0001.95,-0000.98,+0000.46,-0000.31,-0010.03
+1581208508.71,+0000.00,+0001.95,-0000.98,+0000.46,-0000.31,-0010.11
+1581208508.72,-0000.98,+0001.95,+0000.00,+0000.46,-0000.31,-0010.11
+1581208508.72,-0000.98,+0000.98,-0000.98,+0000.46,-0000.31,-0010.11
+1581208508.73,-0000.98,+0001.95,-0000.98,+0000.46,-0000.31,-0010.03
+1581208508.73,-0000.98,+0001.95,-0000.98,+0000.46,-0000.31,-0010.03
+1581208508.74,+0000.00,+0001.95,-0000.98,+0000.46,-0000.23,-0010.03
+1581208508.74,-0000.98,+0001.95,-0000.98,+0000.46,-0000.31,-0010.11
+1581208508.75,-0000.98,+0001.95,-0000.98,+0000.46,-0000.31,-0010.03
+1581208508.75,-0000.98,+0001.95,-0000.98,+0000.46,-0000.31,-0010.11
+1581208508.76,-0000.98,+0001.95,-0000.98,+0000.46,-0000.31,-0010.11
+1581208508.76,-0000.98,+0001.95,-0000.98,+0000.46,-0000.31,-0010.03
+1581208508.77,-0000.98,+0001.95,-0000.98,+0000.46,-0000.31,-0010.11
+1581208508.77,-0000.98,+0001.95,-0000.98,+0000.46,-0000.31,-0010.03
+1581208508.78,-0000.98,+0001.95,-0000.98,+0000.46,-0000.31,-0010.11
+1581208508.78,-0000.98,+0001.95,-0000.98,+0000.46,-0000.31,-0010.03
+1581208508.79,-0000.98,+0001.95,-0000.98,+0000.46,-0000.31,-0010.03
+1581208508.79,+0000.00,+0001.95,+0000.00,+0000.46,-0000.31,-0010.03
+1581208508.80,+0000.00,+0001.95,-0000.98,+0000.54,-0000.31,-0010.11
+1581208508.80,+0000.00,+0001.95,-0000.98,+0000.54,-0000.31,-0010.03
+1581208508.81,-0000.98,+0001.95,-0000.98,+0000.46,-0000.31,-0010.11
+1581208508.81,-0000.98,+0001.95,-0000.98,+0000.46,-0000.23,-0010.11
+1581208508.82,-0000.98,+0001.95,-0000.98,+0000.46,-0000.31,-0010.03
+1581208508.82,-0000.98,+0001.95,-0000.98,+0000.46,-0000.23,-0010.03
+1581208508.83,-0000.98,+0001.95,-0000.98,+0000.46,-0000.31,-0010.03
+1581208508.83,-0000.98,+0001.95,-0000.98,+0000.46,-0000.31,-0010.03
+1581208508.84,-0000.98,+0002.93,-0000.98,+0000.46,-0000.31,-0010.03
+1581208508.84,+0000.00,+0001.95,-0000.98,+0000.46,-0000.23,-0010.11
+1581208508.85,+0000.00,+0002.93,-0000.98,+0000.46,-0000.31,-0010.11
+1581208508.85,+0000.00,+0001.95,-0000.98,+0000.46,-0000.31,-0010.11
+1581208508.86,-0000.98,+0002.93,-0000.98,+0000.46,-0000.31,-0010.11
+1581208508.86,-0000.98,+0001.95,-0000.98,+0000.46,-0000.31,-0010.03
+1581208508.87,-0000.98,+0002.93,-0000.98,+0000.46,-0000.31,-0010.03
+1581208508.87,-0000.98,+0002.93,-0000.98,+0000.54,-0000.31,-0010.11
+1581208508.88,+0000.00,+0002.93,-0000.98,+0000.46,-0000.31,-0010.03
+1581208508.88,-0000.98,+0002.93,-0000.98,+0000.46,-0000.31,-0010.03
+1581208508.89,+0000.00,+0002.93,-0000.98,+0000.54,-0000.31,-0010.03
+1581208508.89,-0000.98,+0002.93,-0000.98,+0000.54,-0000.23,-0010.03
+1581208508.90,+0000.00,+0002.93,-0000.98,+0000.46,-0000.23,-0010.03
+1581208508.90,+0000.00,+0003.91,-0000.98,+0000.46,-0000.31,-0010.03
+1581208508.91,+0000.00,+0003.91,-0000.98,+0000.46,-0000.31,-0010.03
+1581208508.91,-0000.98,+0003.91,-0000.98,+0000.46,-0000.31,-0010.11
+1581208508.92,-0000.98,+0003.91,-0000.98,+0000.46,-0000.31,-0010.11
+1581208508.92,+0000.00,+0003.91,-0000.98,+0000.46,-0000.31,-0010.03
+1581208508.93,+0000.00,+0003.91,-0000.98,+0000.46,-0000.23,-0010.03
+1581208508.93,-0000.98,+0003.91,-0000.98,+0000.46,-0000.31,-0010.03
+1581208508.94,+0000.00,+0004.88,-0000.98,+0000.46,-0000.31,-0010.03
+1581208508.94,+0000.00,+0004.88,-0000.98,+0000.46,-0000.31,-0010.03
+1581208508.95,-0000.98,+0004.88,-0000.98,+0000.46,-0000.31,-0010.03
+1581208508.95,-0000.98,+0004.88,-0000.98,+0000.46,-0000.31,-0010.03
+1581208508.96,+0000.00,+0004.88,-0000.98,+0000.54,-0000.31,-0010.03
+1581208508.96,+0000.00,+0004.88,-0000.98,+0000.46,-0000.31,-0010.03
+1581208508.97,+0000.00,+0004.88,-0000.98,+0000.46,-0000.31,-0010.03
+1581208508.97,-0000.98,+0005.86,-0000.98,+0000.92,-0000.15,-0009.34
+1581208508.98,-0000.98,+0005.86,-0000.98,-0001.53,-0000.84,-0008.27
+1581208508.98,+0000.98,+0001.95,-0000.98,+0000.54,+0000.08,-0010.95
+1581208508.99,+0000.98,+0002.93,-0000.98,+0002.14,-0000.38,-0010.64
+1581208508.99,+0000.00,+0004.88,+0000.00,+0001.68,-0000.08,-0009.88
+1581208509.00,-0001.95,+0003.91,+0000.00,+0000.23,+0000.08,-0010.57
+1581208509.00,-0001.95,+0002.93,+0000.00,+0000.46,-0000.46,-0010.41
+1581208509.01,+0000.00,+0005.86,-0000.98,-0000.61,-0000.61,-0009.65
+1581208509.01,-0000.98,+0002.93,-0000.98,-0000.38,-0000.77,-0008.65
+1581208509.02,+0000.00,+0001.95,-0001.95,+0000.61,-0000.38,-0009.95
+1581208509.02,+0000.00,+0004.88,-0000.98,+0000.77,-0000.38,-0010.11
+1581208509.03,+0000.98,+0003.91,+0000.00,-0000.08,-0000.46,-0010.18
+1581208509.03,+0000.98,+0001.95,+0000.00,+0001.07,-0000.08,-0010.18
+1581208509.04,-0000.98,+0004.88,+0000.00,+0000.38,-0000.38,-0010.41
+1581208509.04,-0000.98,+0004.88,+0000.00,+0000.38,+0000.00,-0011.03
+1581208509.05,-0000.98,+0002.93,-0000.98,+0000.46,-0000.15,-0010.95
+1581208509.05,+0000.00,+0004.88,-0001.95,+0000.61,+0000.00,-0009.65
+1581208509.06,-0000.98,+0004.88,-0000.98,+0000.31,-0000.46,-0009.34
+1581208509.06,-0000.98,+0003.91,-0000.98,+0000.77,-0000.54,-0009.72
+1581208509.07,+0000.00,+0003.91,+0000.00,+0000.61,-0000.23,-0009.95
+1581208509.07,+0000.00,+0004.88,+0000.00,+0000.15,-0000.31,-0009.34
+1581208509.08,+0000.00,+0002.93,+0000.00,+0000.31,-0000.15,-0009.72
+1581208509.08,+0000.00,+0002.93,+0000.00,+0000.84,-0000.15,-0010.34
+1581208509.09,+0000.00,+0003.91,-0000.98,+0000.54,-0000.15,-0010.80
+1581208509.09,+0000.00,+0002.93,-0000.98,+0000.77,+0000.00,-0010.49
+1581208509.10,-0000.98,+0001.95,-0000.98,+0001.15,-0000.15,-0010.18
+1581208509.10,-0000.98,+0002.93,-0000.98,+0001.00,-0000.23,-0010.11
+1581208509.11,-0000.98,+0001.95,-0000.98,+0000.61,-0000.54,-0010.03
+1581208509.11,-0000.98,+0000.98,+0000.00,+0000.54,-0000.46,-0009.72
+1581208509.12,-0000.98,+0001.95,+0000.00,+0000.46,-0000.38,-0009.49
+1581208509.12,+0000.00,+0000.98,+0000.00,+0000.38,-0000.38,-0009.72
+1581208509.13,+0000.00,-0000.98,-0000.98,+0000.77,-0000.38,-0010.18
+1581208509.13,+0000.00,+0000.00,-0000.98,+0000.84,-0000.46,-0010.26
+1581208509.14,+0000.00,+0000.00,-0000.98,+0000.61,-0000.31,-0010.18
+1581208509.14,-0000.98,-0000.98,-0000.98,+0001.15,-0000.23,-0010.41
+1581208509.15,-0000.98,+0000.00,+0000.00,+0001.07,-0000.23,-0010.49
+1581208509.15,-0000.98,+0000.00,+0000.00,+0000.54,-0000.31,-0010.41
+1581208509.16,-0000.98,-0001.95,+0000.00,+0000.54,-0000.38,-0009.80
+1581208509.16,-0000.98,-0001.95,+0000.00,+0000.38,-0000.31,-0009.72
+1581208509.17,-0000.98,-0001.95,+0000.00,+0000.38,-0000.46,-0009.65
+1581208509.17,-0000.98,-0002.93,-0000.98,+0000.46,-0000.38,-0009.80
+1581208509.18,-0000.98,-0002.93,-0000.98,+0000.84,-0000.38,-0009.80
+1581208509.18,-0000.98,-0001.95,+0000.00,+0000.54,-0000.31,-0009.88
+1581208509.19,+0000.00,-0002.93,+0000.00,+0000.69,-0000.23,-0010.18
+1581208509.19,-0000.98,-0002.93,+0000.00,+0000.77,-0000.23,-0010.41
+1581208509.20,-0000.98,-0001.95,+0000.00,+0000.54,-0000.23,-0010.26
+1581208509.20,-0000.98,-0002.93,+0000.00,+0000.46,-0000.23,-0010.11
+1581208509.21,-0000.98,-0002.93,-0000.98,+0000.54,-0000.23,-0010.11
+1581208509.21,-0000.98,-0002.93,+0000.00,+0000.23,-0000.31,-0010.03
+1581208509.22,-0000.98,-0002.93,+0000.00,+0000.38,-0000.46,-0009.88
+1581208509.22,-0000.98,-0002.93,-0000.98,+0000.46,-0000.38,-0009.88
+1581208509.23,-0000.98,-0001.95,+0000.00,+0000.46,-0000.46,-0009.88
+1581208509.23,-0000.98,-0001.95,+0000.00,+0000.46,-0000.38,-0010.11
+1581208509.24,+0000.00,-0001.95,+0000.00,+0000.54,-0000.38,-0010.18
+1581208509.24,+0000.00,-0000.98,+0000.00,+0000.54,-0000.38,-0010.11
+1581208509.25,-0000.98,-0000.98,+0000.00,+0000.54,-0000.31,-0010.11
+1581208509.25,-0000.98,-0001.95,-0000.98,+0000.61,-0000.31,-0010.18
+1581208509.26,+0000.00,-0000.98,+0000.00,+0000.69,-0000.31,-0010.11
+1581208509.26,+0000.00,-0000.98,-0000.98,+0000.54,-0000.23,-0009.95
+1581208509.27,-0000.98,-0001.95,+0000.00,+0000.54,-0000.23,-0009.95
+1581208509.27,-0000.98,-0001.95,+0000.00,+0000.54,-0000.15,-0009.95
+1581208509.28,-0000.98,-0001.95,+0000.00,+0000.54,-0000.23,-0010.03
+1581208509.28,-0000.98,-0003.91,+0000.00,+0000.54,-0000.15,-0010.11
+1581208509.29,-0000.98,-0003.91,-0000.98,+0000.69,-0000.23,-0010.11
+1581208509.29,-0000.98,-0003.91,+0000.00,+0000.61,-0000.23,-0010.03
+1581208509.30,-0000.98,-0004.88,-0000.98,+0000.69,-0000.23,-0010.03
+1581208509.30,-0000.98,-0005.86,-0000.98,+0000.69,-0000.38,-0010.03
+1581208509.31,-0000.98,-0004.88,+0000.00,+0000.54,-0000.38,-0010.03
+1581208509.31,-0000.98,-0005.86,+0000.00,+0000.46,-0000.38,-0009.95
+1581208509.32,+0000.00,-0005.86,+0000.00,+0000.46,-0000.31,-0010.03
+1581208509.32,-0000.98,-0005.86,-0000.98,+0000.46,-0000.31,-0010.11
+1581208509.33,+0000.00,-0005.86,+0000.00,+0000.38,-0000.31,-0010.11
+1581208509.33,-0000.98,-0005.86,-0000.98,+0000.46,-0000.23,-0010.18
+1581208509.34,-0000.98,-0005.86,-0000.98,+0000.46,-0000.23,-0010.18
+1581208509.34,-0000.98,-0004.88,+0000.00,+0000.54,-0000.23,-0010.11
+1581208509.35,-0000.98,-0004.88,-0000.98,+0000.54,-0000.15,-0010.11
+1581208509.35,-0000.98,-0004.88,-0000.98,+0000.54,-0000.23,-0010.03
+1581208509.36,-0000.98,-0003.91,+0000.00,+0000.54,-0000.23,-0009.95
+1581208509.36,-0000.98,-0003.91,+0000.00,+0000.54,-0000.23,-0009.95
+1581208509.37,+0000.00,-0003.91,+0000.00,+0000.54,-0000.23,-0009.88
+1581208509.37,-0000.98,-0002.93,+0000.00,+0000.46,-0000.23,-0009.95
+1581208509.38,+0000.00,-0002.93,-0000.98,+0000.46,-0000.15,-0010.03
+1581208509.38,-0000.98,-0002.93,+0000.00,+0000.46,-0000.23,-0010.03
+1581208509.39,-0000.98,-0001.95,+0000.00,+0000.46,-0000.23,-0010.11
+1581208509.39,+0000.00,-0001.95,+0000.00,+0000.46,-0000.31,-0010.11
+1581208509.40,-0000.98,-0001.95,+0000.00,+0000.54,-0000.23,-0010.18
+1581208509.40,-0000.98,-0001.95,+0000.00,+0000.54,-0000.31,-0010.11
+1581208509.41,-0000.98,-0001.95,+0000.00,+0000.54,-0000.38,-0010.03
+1581208509.41,-0000.98,-0000.98,+0000.00,+0000.54,-0000.38,-0010.03
+1581208509.42,-0000.98,-0000.98,-0000.98,+0000.46,-0000.38,-0010.03
+1581208509.42,-0000.98,-0000.98,+0000.00,+0000.54,-0000.46,-0010.03
+1581208509.43,-0000.98,-0000.98,+0000.00,+0000.54,-0000.38,-0009.95
+1581208509.43,-0000.98,-0000.98,+0000.00,+0000.46,-0000.38,-0010.03
+1581208509.44,+0000.00,+0000.00,+0000.00,+0000.46,-0000.46,-0010.11
+1581208509.44,-0000.98,+0000.00,+0000.00,+0000.46,-0000.38,-0010.11
+1581208509.45,-0000.98,-0000.98,+0000.00,+0000.54,-0000.38,-0010.11
+1581208509.45,-0000.98,+0000.00,+0000.00,+0000.54,-0000.38,-0010.11
+1581208509.46,+0000.00,+0000.00,+0000.00,+0000.54,-0000.31,-0010.03
+1581208509.46,-0000.98,+0000.00,+0000.00,+0000.54,-0000.31,-0010.03
+1581208509.47,-0000.98,+0000.00,+0000.00,+0000.46,-0000.31,-0010.03
+1581208509.47,-0000.98,+0000.00,+0000.00,+0000.54,-0000.31,-0009.95
+1581208509.48,-0000.98,+0000.00,+0000.00,+0000.54,-0000.23,-0010.03
+1581208509.48,-0000.98,+0000.00,+0000.00,+0000.46,-0000.23,-0010.03
+1581208509.49,-0000.98,+0000.00,+0000.00,+0000.54,-0000.23,-0010.03
+1581208509.49,-0000.98,+0000.00,+0000.00,+0000.46,-0000.23,-0010.03
+1581208509.50,-0000.98,+0000.00,-0000.98,+0000.46,-0000.23,-0010.11
+1581208509.50,-0000.98,+0000.00,+0000.00,+0000.46,-0000.23,-0010.03
+1581208509.51,-0000.98,+0000.00,+0000.00,+0000.46,-0000.23,-0010.03
+1581208509.51,-0000.98,+0000.00,+0000.00,+0000.46,-0000.23,-0010.03
+1581208509.52,-0000.98,+0000.00,+0000.00,+0000.46,-0000.31,-0010.03
+1581208509.52,-0000.98,+0000.00,+0000.00,+0000.46,-0000.31,-0010.03
+1581208509.53,-0000.98,+0000.00,+0000.00,+0000.46,-0000.31,-0010.03
+1581208509.53,-0000.98,+0000.00,+0000.00,+0000.46,-0000.31,-0010.03
+1581208509.54,-0000.98,+0000.00,-0000.98,+0000.46,-0000.31,-0010.03
+1581208509.54,+0000.00,+0000.00,-0000.98,+0000.54,-0000.31,-0010.03
+1581208509.55,-0000.98,+0000.00,+0000.00,+0000.54,-0000.31,-0010.11
+1581208509.55,-0000.98,+0000.00,-0000.98,+0000.46,-0000.31,-0010.03
+1581208509.56,-0000.98,+0000.00,-0000.98,+0000.54,-0000.31,-0010.03
+1581208509.56,-0000.98,+0000.00,-0000.98,+0000.54,-0000.31,-0010.11
+1581208509.57,-0000.98,+0000.00,-0000.98,+0000.54,-0000.31,-0010.03
+1581208509.57,-0000.98,+0000.00,-0000.98,+0000.46,-0000.31,-0010.03
+1581208509.58,-0000.98,+0000.00,-0000.98,+0000.54,-0000.31,-0010.03
+1581208509.58,-0000.98,+0000.00,+0000.00,+0000.46,-0000.31,-0010.03
+1581208509.59,-0000.98,+0000.00,-0000.98,+0000.54,-0000.31,-0010.03
+1581208509.59,-0000.98,+0000.00,-0000.98,+0000.54,-0000.31,-0010.03
+1581208509.60,-0000.98,+0000.00,-0000.98,+0000.54,-0000.31,-0010.03
+1581208509.60,-0000.98,+0000.00,-0000.98,+0000.54,-0000.31,-0010.03
+1581208509.61,-0000.98,+0000.00,-0000.98,+0000.54,-0000.31,-0010.11
+1581208509.61,+0000.00,+0000.00,-0000.98,+0000.54,-0000.31,-0010.03
+1581208509.62,-0000.98,+0000.00,-0000.98,+0000.54,-0000.31,-0010.03
+1581208509.62,-0000.98,+0000.00,-0000.98,+0000.54,-0000.23,-0010.11
+1581208509.63,-0000.98,+0000.00,-0000.98,+0000.54,-0000.31,-0010.03
+1581208509.63,-0000.98,+0000.00,-0000.98,+0000.46,-0000.31,-0010.03
+1581208509.64,-0000.98,+0000.00,+0000.00,+0000.54,-0000.31,-0010.11
+1581208509.64,-0000.98,+0000.00,-0000.98,+0000.54,-0000.31,-0010.03
+1581208509.65,-0000.98,+0000.00,-0000.98,+0000.46,-0000.31,-0010.03
+1581208509.65,-0000.98,+0000.00,+0000.00,+0000.54,-0000.31,-0010.03
+1581208509.66,-0000.98,+0000.00,-0000.98,+0000.54,-0000.31,-0010.03
+1581208509.66,-0000.98,+0000.00,-0000.98,+0000.54,-0000.31,-0010.03
+1581208509.67,+0000.00,+0000.00,+0000.00,+0000.54,-0000.31,-0010.03
+1581208509.67,+0000.00,+0000.00,+0000.00,+0000.54,-0000.31,-0010.03
+1581208509.68,-0000.98,+0000.00,+0000.00,+0000.54,-0000.31,-0010.11
+1581208509.68,-0000.98,+0000.00,+0000.00,+0000.54,-0000.31,-0010.03
+1581208509.69,-0000.98,+0000.00,-0000.98,+0000.54,-0000.31,-0010.11
+1581208509.69,-0000.98,+0000.00,+0000.00,+0000.54,-0000.31,-0010.03
+1581208509.70,-0000.98,+0000.00,+0000.00,+0000.54,-0000.23,-0010.03
+1581208509.70,-0000.98,+0000.00,-0000.98,+0000.54,-0000.31,-0010.03
+1581208509.71,-0000.98,+0000.00,+0000.00,+0000.54,-0000.23,-0010.03
+1581208509.71,-0000.98,+0000.00,+0000.00,+0000.54,-0000.31,-0010.03
+1581208509.72,-0000.98,+0000.00,+0000.00,+0000.54,-0000.31,-0010.11
+1581208509.72,-0000.98,+0000.00,-0000.98,+0000.54,-0000.31,-0010.03
+1581208509.73,-0000.98,+0000.00,+0000.00,+0000.46,-0000.31,-0010.11
+1581208509.73,-0000.98,+0000.00,+0000.00,+0000.46,-0000.23,-0010.03
+1581208509.74,-0000.98,+0000.00,+0000.00,+0000.54,-0000.31,-0010.03
+1581208509.74,-0000.98,+0000.00,-0000.98,+0000.54,-0000.23,-0010.03
+1581208509.75,-0000.98,+0000.00,+0000.00,+0000.54,-0000.31,-0010.03
+1581208509.75,-0000.98,+0000.00,-0000.98,+0000.54,-0000.31,-0010.03
+1581208509.76,+0000.00,+0000.00,+0000.00,+0000.54,-0000.31,-0010.03
+1581208509.76,-0000.98,+0000.00,+0000.00,+0000.54,-0000.31,-0010.03
+1581208509.77,-0000.98,-0000.98,+0000.00,+0000.54,-0000.31,-0010.03
+1581208509.77,-0000.98,+0000.00,+0000.00,+0000.54,-0000.31,-0010.03
+1581208509.78,-0000.98,+0000.00,-0000.98,+0000.46,-0000.31,-0010.03
+1581208509.78,-0000.98,+0000.00,+0000.00,+0000.54,-0000.31,-0010.03
+1581208509.79,+0000.00,+0000.00,+0000.00,+0000.54,-0000.31,-0010.11
+1581208509.79,-0000.98,+0000.00,+0000.00,+0000.54,-0000.31,-0010.03
+1581208509.80,-0000.98,+0000.00,+0000.00,+0000.54,-0000.31,-0010.11
+1581208509.80,-0000.98,+0000.00,+0000.00,+0000.54,-0000.31,-0010.03
+1581208509.81,-0000.98,-0000.98,+0000.00,+0000.54,-0000.31,-0010.03
+1581208509.81,-0000.98,-0000.98,+0000.00,+0000.54,-0000.31,-0010.03
+1581208509.82,+0000.00,+0000.00,+0000.00,+0000.54,-0000.31,-0010.03
+1581208509.82,-0000.98,-0000.98,-0000.98,+0000.54,-0000.31,-0010.03
+1581208509.83,-0000.98,+0000.00,-0000.98,+0000.54,-0000.31,-0010.03
+1581208509.83,-0000.98,+0000.00,+0000.00,+0000.54,-0000.31,-0010.03
+1581208509.84,-0000.98,+0000.00,+0000.00,+0000.46,-0000.31,-0010.03
+1581208509.84,-0000.98,-0000.98,-0000.98,+0000.54,-0000.31,-0010.11
+1581208509.85,-0000.98,+0000.00,+0000.00,+0000.54,-0000.31,-0010.03
+1581208509.85,-0000.98,-0000.98,+0000.00,+0000.54,-0000.31,-0010.03
+1581208509.86,-0000.98,-0000.98,+0000.00,+0000.54,-0000.31,-0010.03
+1581208509.86,-0000.98,-0000.98,+0000.00,+0000.54,-0000.31,-0010.03
+1581208509.87,-0000.98,-0000.98,+0000.00,+0000.54,-0000.31,-0010.03
+1581208509.87,-0000.98,-0000.98,-0000.98,+0000.54,-0000.31,-0010.11
+1581208509.87,+0000.00,-0000.98,+0000.00,+0000.54,-0000.31,-0010.11
+1581208509.88,-0000.98,-0000.98,+0000.00,+0000.46,-0000.31,-0010.03
+1581208509.88,-0000.98,-0000.98,+0000.00,+0000.54,-0000.31,-0010.11
+1581208509.89,-0000.98,-0000.98,+0000.00,+0000.54,-0000.31,-0010.03
+1581208509.89,-0000.98,-0000.98,+0000.00,+0000.54,-0000.31,-0010.03
+1581208509.90,-0000.98,-0000.98,+0000.00,+0000.54,-0000.31,-0010.03
+1581208509.90,-0000.98,-0000.98,-0000.98,+0000.54,-0000.31,-0010.11
+1581208509.91,-0000.98,-0000.98,+0000.00,+0000.54,-0000.23,-0010.11
+1581208509.91,-0000.98,-0000.98,-0000.98,+0000.54,-0000.31,-0010.03
+1581208509.92,-0000.98,-0000.98,+0000.00,+0000.54,-0000.31,-0010.03
+1581208509.92,-0000.98,-0000.98,+0000.00,+0000.54,-0000.31,-0010.11
+1581208509.93,-0000.98,-0000.98,+0000.00,+0000.54,-0000.31,-0010.03
+1581208509.93,-0000.98,-0000.98,-0000.98,+0000.46,-0000.31,-0010.03
+1581208509.94,-0000.98,-0000.98,+0000.00,+0000.54,-0000.31,-0010.03
+1581208509.94,-0000.98,-0000.98,+0000.00,+0000.54,-0000.23,-0010.03
+1581208509.95,-0000.98,-0000.98,+0000.00,+0000.46,-0000.31,-0010.03
+1581208509.95,+0000.00,-0000.98,+0000.00,+0000.54,-0000.23,-0010.11
+1581208509.96,-0000.98,-0000.98,-0000.98,+0000.54,-0000.31,-0010.11
+1581208509.96,+0000.00,-0000.98,+0000.00,+0000.54,-0000.31,-0010.11
+1581208509.97,+0000.00,-0000.98,-0000.98,+0000.46,-0000.23,-0010.03
+1581208509.97,-0000.98,-0000.98,+0000.00,+0000.54,-0000.23,-0010.03
+1581208509.98,+0000.00,-0000.98,-0000.98,+0000.54,-0000.23,-0010.03
+1581208509.98,-0000.98,-0000.98,-0000.98,+0000.54,-0000.23,-0010.03
+1581208509.99,-0000.98,-0000.98,-0000.98,+0000.46,-0000.23,-0010.03
+1581208509.99,-0000.98,-0000.98,-0000.98,+0000.54,-0000.31,-0010.03
+1581208510.00,+0000.00,-0000.98,-0000.98,+0000.54,-0000.23,-0010.03
+1581208510.00,-0000.98,-0000.98,-0000.98,+0000.54,-0000.38,-0010.03
+1581208510.01,-0000.98,-0000.98,-0000.98,+0000.54,-0000.31,-0010.11
+1581208510.01,-0000.98,-0000.98,+0000.00,+0000.54,-0000.31,-0010.03
+1581208510.02,-0000.98,-0000.98,-0000.98,+0000.46,-0000.38,-0010.11
+1581208510.02,-0000.98,-0000.98,-0000.98,+0000.46,-0000.38,-0010.03
+1581208510.03,-0000.98,-0000.98,-0000.98,+0000.54,-0000.38,-0010.03
+1581208510.03,-0000.98,+0000.00,-0000.98,+0000.54,-0000.38,-0010.03
+1581208510.04,-0000.98,-0000.98,+0000.00,+0000.54,-0000.38,-0010.03
+1581208510.04,-0000.98,-0000.98,-0000.98,+0000.54,-0000.38,-0010.03
+1581208510.05,-0000.98,-0000.98,+0000.00,+0000.54,-0000.38,-0010.03
+1581208510.05,-0000.98,-0000.98,-0000.98,+0000.54,-0000.38,-0010.11
+1581208510.06,-0000.98,-0000.98,+0000.00,+0000.54,-0000.31,-0010.11
+1581208510.06,-0000.98,-0000.98,-0000.98,+0000.46,-0000.31,-0010.03
+1581208510.07,-0000.98,-0000.98,+0000.00,+0000.54,-0000.31,-0010.11
+1581208510.07,-0000.98,-0000.98,-0000.98,+0000.54,-0000.31,-0010.03
+1581208510.08,-0000.98,-0000.98,+0000.00,+0000.54,-0000.23,-0010.03
+1581208510.08,-0000.98,-0000.98,-0000.98,+0000.54,-0000.23,-0010.03
+1581208510.09,-0000.98,-0000.98,+0000.00,+0000.46,-0000.23,-0010.03
+1581208510.09,-0000.98,-0000.98,+0000.00,+0000.54,-0000.23,-0010.03
+1581208510.10,-0000.98,-0000.98,+0000.00,+0000.54,-0000.23,-0010.11
+1581208510.10,-0000.98,-0000.98,+0000.00,+0000.54,-0000.23,-0010.03
+1581208510.11,-0000.98,-0000.98,-0000.98,+0000.54,-0000.23,-0010.11
+1581208510.11,-0000.98,-0000.98,+0000.00,+0000.54,-0000.23,-0010.03
+1581208510.12,-0000.98,-0000.98,-0000.98,+0000.54,-0000.31,-0010.03
+1581208510.12,-0000.98,-0000.98,+0000.00,+0000.46,-0000.23,-0010.03
+1581208510.13,-0000.98,-0000.98,+0000.00,+0000.54,-0000.31,-0010.03
+1581208510.13,-0000.98,-0000.98,+0000.00,+0000.54,-0000.23,-0010.03
+1581208510.14,+0000.00,-0000.98,+0000.00,+0000.54,-0000.31,-0010.03
+1581208510.14,-0000.98,-0000.98,-0000.98,+0000.54,-0000.31,-0010.03
+1581208510.15,-0000.98,-0000.98,+0000.00,+0000.54,-0000.31,-0010.03
+1581208510.15,-0000.98,-0000.98,-0000.98,+0000.54,-0000.31,-0010.03
+1581208510.16,-0000.98,-0000.98,+0000.00,+0000.54,-0000.38,-0010.03
+1581208510.16,-0000.98,-0000.98,+0000.00,+0000.54,-0000.31,-0010.03
+1581208510.17,-0000.98,-0000.98,+0000.00,+0000.54,-0000.31,-0010.03
+1581208510.17,-0000.98,-0000.98,+0000.00,+0000.54,-0000.38,-0010.03
+1581208510.18,-0000.98,-0001.95,+0000.00,+0000.54,-0000.31,-0010.03
+1581208510.18,-0000.98,-0000.98,+0000.00,+0000.54,-0000.31,-0010.11
+1581208510.19,-0000.98,-0001.95,+0000.00,+0000.54,-0000.31,-0010.03
+1581208510.19,-0000.98,-0001.95,+0000.00,+0000.54,-0000.31,-0010.03
+1581208510.20,-0000.98,-0001.95,+0000.00,+0000.54,-0000.31,-0010.03
+1581208510.20,-0000.98,-0000.98,+0000.00,+0000.54,-0000.31,-0010.03
+1581208510.21,-0000.98,-0000.98,-0000.98,+0000.46,-0000.23,-0010.03
+1581208510.21,-0000.98,-0001.95,+0000.00,+0000.54,-0000.23,-0010.03
+1581208510.22,-0000.98,-0001.95,-0000.98,+0000.54,-0000.31,-0010.11
+1581208510.22,-0000.98,-0001.95,+0000.00,+0000.54,-0000.31,-0010.03
+1581208510.23,-0000.98,-0001.95,-0000.98,+0000.54,-0000.31,-0010.03
+1581208510.23,-0000.98,-0001.95,+0000.00,+0000.54,-0000.31,-0010.11
+1581208510.24,-0000.98,-0001.95,-0000.98,+0000.54,-0000.23,-0010.11
+1581208510.24,-0000.98,-0001.95,+0000.00,+0000.54,-0000.31,-0010.03
+1581208510.25,-0000.98,-0001.95,+0000.00,+0000.46,-0000.31,-0010.03
+1581208510.25,-0000.98,-0001.95,+0000.00,+0000.46,-0000.31,-0010.03
+1581208510.26,-0000.98,-0001.95,-0000.98,+0000.46,-0000.23,-0010.03
+1581208510.26,-0000.98,-0001.95,-0000.98,+0000.54,-0000.23,-0010.03
+1581208510.27,-0000.98,-0001.95,+0000.00,+0000.54,-0000.31,-0010.11
+1581208510.27,-0000.98,-0001.95,+0000.00,+0000.54,-0000.31,-0010.03
+1581208510.28,-0000.98,-0001.95,+0000.00,+0000.54,-0000.31,-0010.03
+1581208510.28,-0000.98,-0001.95,-0000.98,+0000.46,-0000.23,-0010.11
+1581208510.29,-0000.98,-0001.95,-0000.98,+0000.46,-0000.23,-0010.03
+1581208510.29,-0000.98,-0001.95,-0000.98,+0000.46,-0000.31,-0010.11
+1581208510.30,+0000.00,-0001.95,-0000.98,+0000.54,-0000.23,-0010.03
+1581208510.30,-0000.98,-0001.95,+0000.00,+0000.46,-0000.31,-0010.03
+1581208510.31,-0000.98,-0001.95,-0000.98,+0000.46,-0000.31,-0010.03
+1581208510.31,-0000.98,-0001.95,-0000.98,+0000.46,-0000.31,-0010.03
+1581208510.32,-0000.98,-0001.95,+0000.00,+0000.46,-0000.38,-0010.03
+1581208510.32,-0000.98,-0001.95,-0000.98,+0000.54,-0000.31,-0010.03
+1581208510.33,-0000.98,-0001.95,+0000.00,+0000.54,-0000.31,-0010.03
+1581208510.33,-0000.98,-0001.95,+0000.00,+0000.54,-0000.31,-0010.03
+1581208510.34,-0000.98,-0001.95,+0000.00,+0000.54,-0000.31,-0010.03
+1581208510.34,-0000.98,-0001.95,+0000.00,+0000.54,-0000.31,-0010.03
+1581208510.35,-0000.98,-0001.95,+0000.00,+0000.54,-0000.38,-0010.11
+1581208510.35,-0000.98,-0001.95,-0000.98,+0000.46,-0000.31,-0010.03
+1581208510.36,-0000.98,-0001.95,+0000.00,+0000.46,-0000.31,-0010.03
+1581208510.36,-0000.98,-0001.95,+0000.00,+0000.54,-0000.31,-0010.03
+1581208510.37,-0000.98,-0001.95,+0000.00,+0000.46,-0000.31,-0010.11
+1581208510.37,-0000.98,-0001.95,+0000.00,+0000.46,-0000.31,-0010.03
+1581208510.38,-0000.98,-0001.95,+0000.00,+0000.54,-0000.23,-0010.11
+1581208510.38,-0000.98,-0001.95,-0000.98,+0000.54,-0000.31,-0010.11
+1581208510.39,-0000.98,-0001.95,+0000.00,+0000.46,-0000.31,-0010.03
+1581208510.39,-0000.98,-0001.95,+0000.00,+0000.46,-0000.23,-0010.03
+1581208510.40,-0000.98,-0001.95,+0000.00,+0000.46,-0000.31,-0010.03
+1581208510.40,-0000.98,-0001.95,-0000.98,+0000.46,-0000.23,-0010.03
+1581208510.41,-0000.98,-0001.95,-0000.98,+0000.46,-0000.31,-0010.11
+1581208510.41,-0000.98,-0001.95,+0000.00,+0000.46,-0000.31,-0010.03
+1581208510.42,-0000.98,-0001.95,+0000.00,+0000.46,-0000.31,-0010.03
+1581208510.42,-0000.98,-0001.95,+0000.00,+0000.46,-0000.31,-0010.11
+1581208510.43,-0000.98,-0001.95,-0000.98,+0000.46,-0000.31,-0010.11
+1581208510.43,-0000.98,-0001.95,+0000.00,+0000.46,-0000.31,-0010.03
+1581208510.44,-0000.98,-0001.95,+0000.00,+0000.46,-0000.31,-0010.03
+1581208510.44,-0000.98,-0001.95,+0000.00,+0000.46,-0000.31,-0010.03
+1581208510.45,-0000.98,-0001.95,+0000.00,+0000.46,-0000.31,-0010.03
+1581208510.45,-0000.98,-0001.95,-0000.98,+0000.46,-0000.31,-0010.03
+1581208510.46,-0000.98,-0001.95,+0000.00,+0000.46,-0000.31,-0010.03
+1581208510.46,+0000.00,-0001.95,+0000.00,+0000.46,-0000.23,-0010.03
+1581208510.47,-0000.98,-0001.95,+0000.00,+0000.54,-0000.31,-0010.03
+1581208510.47,-0000.98,-0001.95,+0000.00,+0000.54,-0000.31,-0010.11
+1581208510.48,-0000.98,-0001.95,-0000.98,+0000.54,-0000.23,-0010.03
+1581208510.48,-0000.98,-0001.95,+0000.00,+0000.46,-0000.31,-0010.03
+1581208510.49,-0000.98,-0001.95,+0000.00,+0000.46,-0000.31,-0010.03
+1581208510.49,-0000.98,-0001.95,+0000.00,+0000.46,-0000.31,-0010.03
+1581208510.50,-0000.98,-0001.95,+0000.00,+0000.54,-0000.31,-0010.11
+1581208510.50,-0000.98,-0001.95,+0000.00,+0000.54,-0000.31,-0010.03
+1581208510.51,-0000.98,-0001.95,+0000.00,+0000.46,-0000.31,-0010.03
+1581208510.51,-0000.98,-0001.95,+0000.00,+0000.46,-0000.31,-0010.03
+1581208510.52,+0000.00,-0001.95,+0000.00,+0000.46,-0000.23,-0010.03
+1581208510.52,-0000.98,-0001.95,+0000.00,+0000.46,-0000.31,-0010.03
+1581208510.53,-0000.98,-0001.95,+0000.00,+0000.54,-0000.23,-0010.11
+1581208510.53,-0000.98,-0001.95,+0000.00,+0000.46,-0000.31,-0010.03
+1581208510.54,-0000.98,-0001.95,+0000.00,+0000.46,-0000.31,-0010.03
+1581208510.54,-0000.98,-0001.95,+0000.00,+0000.46,-0000.31,-0010.03
+1581208510.55,-0000.98,-0001.95,+0000.00,+0000.46,-0000.31,-0010.03
+1581208510.55,-0000.98,-0001.95,+0000.00,+0000.46,-0000.31,-0010.03
+1581208510.56,-0000.98,-0001.95,+0000.00,+0000.46,-0000.31,-0010.03
+1581208510.56,-0000.98,-0001.95,+0000.00,+0000.46,-0000.23,-0010.11
+1581208510.57,-0000.98,-0001.95,+0000.00,+0000.46,-0000.23,-0010.03
+1581208510.57,-0000.98,-0001.95,+0000.00,+0000.46,-0000.31,-0010.03
+1581208510.58,-0000.98,-0001.95,+0000.00,+0000.46,-0000.31,-0010.03
+1581208510.58,-0000.98,-0001.95,+0000.00,+0000.46,-0000.31,-0010.03
+1581208510.59,-0000.98,-0001.95,+0000.00,+0000.46,-0000.23,-0010.03
+1581208510.59,-0000.98,-0001.95,+0000.00,+0000.46,-0000.23,-0010.03
+1581208510.60,-0000.98,-0001.95,+0000.00,+0000.46,-0000.31,-0010.03
+1581208510.60,-0000.98,-0001.95,+0000.00,+0000.46,-0000.31,-0010.03
+1581208510.61,-0000.98,-0001.95,+0000.00,+0000.46,-0000.31,-0010.03
+1581208510.61,-0000.98,-0001.95,+0000.00,+0000.46,-0000.31,-0010.03
+1581208510.62,-0000.98,-0001.95,+0000.00,+0000.46,-0000.31,-0010.03
+1581208510.62,-0000.98,-0001.95,+0000.00,+0000.46,-0000.31,-0010.11
+1581208510.63,-0000.98,-0001.95,+0000.00,+0000.46,-0000.31,-0010.03
+1581208510.63,-0000.98,-0001.95,+0000.00,+0000.46,-0000.31,-0010.11
+1581208510.64,-0000.98,-0002.93,+0000.00,+0000.46,-0000.31,-0010.03
+1581208510.64,-0000.98,-0002.93,+0000.00,+0000.46,-0000.31,-0010.03
+1581208510.65,-0000.98,-0001.95,+0000.00,+0000.46,-0000.31,-0010.03
+1581208510.65,-0000.98,-0001.95,+0000.00,+0000.46,-0000.31,-0010.03
+1581208510.66,-0000.98,-0001.95,+0000.00,+0000.46,-0000.23,-0010.03
+1581208510.66,-0000.98,-0001.95,+0000.00,+0000.46,-0000.31,-0010.11
+1581208510.67,-0000.98,-0001.95,+0000.00,+0000.46,-0000.31,-0010.03
+1581208510.67,-0000.98,-0001.95,+0000.00,+0000.46,-0000.23,-0010.03
+1581208510.68,-0000.98,-0001.95,+0000.00,+0000.46,-0000.31,-0010.03
+1581208510.68,-0000.98,-0001.95,+0000.00,+0000.46,-0000.31,-0010.03
+1581208510.69,-0000.98,-0001.95,+0000.00,+0000.46,-0000.31,-0010.03
+1581208510.69,-0000.98,-0001.95,+0000.00,+0000.46,-0000.23,-0010.03
+1581208510.70,-0000.98,-0001.95,+0000.00,+0000.46,-0000.31,-0010.03
+1581208510.70,-0000.98,-0001.95,+0000.00,+0000.46,-0000.31,-0010.03
+1581208510.71,-0000.98,-0001.95,+0000.00,+0000.46,-0000.31,-0010.03
+1581208510.71,-0000.98,-0001.95,+0000.00,+0000.46,-0000.31,-0010.11
+1581208510.72,-0000.98,-0001.95,+0000.00,+0000.46,-0000.31,-0010.03
+1581208510.72,-0000.98,-0001.95,+0000.00,+0000.46,-0000.31,-0010.03
+1581208510.73,-0000.98,-0001.95,+0000.00,+0000.46,-0000.31,-0010.03
+1581208510.73,+0000.00,-0001.95,+0000.00,+0000.46,-0000.31,-0010.03
+1581208510.74,-0000.98,-0001.95,+0000.00,+0000.46,-0000.31,-0010.03
+1581208510.74,-0000.98,-0001.95,-0000.98,+0000.46,-0000.31,-0010.03
+1581208510.75,-0000.98,-0001.95,+0000.00,+0000.46,-0000.31,-0010.03
+1581208510.75,-0000.98,-0001.95,+0000.00,+0000.46,-0000.31,-0010.03
+1581208510.76,-0000.98,-0001.95,+0000.00,+0000.46,-0000.31,-0010.03
+1581208510.76,-0000.98,-0001.95,+0000.00,+0000.46,-0000.31,-0010.03
+1581208510.77,-0000.98,-0001.95,+0000.00,+0000.46,-0000.31,-0010.03
+1581208510.77,-0000.98,-0001.95,+0000.00,+0000.46,-0000.31,-0010.03
+1581208510.78,-0000.98,-0001.95,+0000.00,+0000.46,-0000.31,-0010.11
+1581208510.78,-0000.98,-0001.95,+0000.00,+0000.46,-0000.31,-0010.11
+1581208510.79,-0000.98,-0001.95,+0000.00,+0000.46,-0000.31,-0010.11
+1581208510.79,-0000.98,-0001.95,+0000.00,+0000.46,-0000.31,-0010.11
+1581208510.80,-0000.98,-0001.95,+0000.00,+0000.46,-0000.31,-0010.11
+1581208510.80,-0000.98,-0001.95,+0000.00,+0000.46,-0000.23,-0010.03
+1581208510.81,-0000.98,-0001.95,+0000.00,+0000.46,-0000.23,-0010.03
+1581208510.81,-0000.98,-0001.95,+0000.00,+0000.46,-0000.31,-0010.03
+1581208510.82,-0000.98,-0001.95,+0000.00,+0000.46,-0000.31,-0010.03
+1581208510.82,-0000.98,-0000.98,+0000.00,+0000.46,-0000.31,-0010.03
+1581208510.83,-0000.98,-0001.95,+0000.00,+0000.46,-0000.31,-0010.03
+1581208510.83,-0000.98,-0001.95,+0000.00,+0000.46,-0000.23,-0010.11
+1581208510.84,-0000.98,-0001.95,+0000.00,+0000.46,-0000.31,-0010.11
+1581208510.84,-0000.98,-0000.98,-0000.98,+0000.46,-0000.31,-0010.11
+1581208510.85,-0000.98,-0001.95,+0000.00,+0000.46,-0000.31,-0010.11
+1581208510.85,-0000.98,-0001.95,+0000.00,+0000.46,-0000.31,-0010.03
+1581208510.86,-0000.98,-0001.95,+0000.00,+0000.46,-0000.31,-0010.03
+1581208510.86,-0000.98,-0001.95,+0000.00,+0000.46,-0000.31,-0010.03
+1581208510.87,-0000.98,-0001.95,+0000.00,+0000.46,-0000.31,-0010.11
+1581208510.87,-0000.98,-0001.95,+0000.00,+0000.46,-0000.31,-0010.03
+1581208510.88,+0000.00,-0001.95,+0000.00,+0000.46,-0000.31,-0010.03
+1581208510.88,-0000.98,-0001.95,+0000.00,+0000.46,-0000.31,-0010.11
+1581208510.89,-0000.98,-0001.95,+0000.00,+0000.46,-0000.31,-0010.03
+1581208510.89,-0000.98,-0001.95,+0000.00,+0000.46,-0000.31,-0010.11
+1581208510.90,-0000.98,-0001.95,+0000.00,+0000.46,-0000.31,-0010.03
+1581208510.90,-0000.98,-0001.95,+0000.00,+0000.46,-0000.31,-0010.11
+1581208510.91,-0000.98,-0001.95,+0000.00,+0000.46,-0000.31,-0010.03
+1581208510.91,-0000.98,-0001.95,-0000.98,+0000.46,-0000.31,-0010.03
+1581208510.92,-0000.98,-0001.95,+0000.00,+0000.46,-0000.31,-0010.03
+1581208510.92,-0000.98,-0001.95,+0000.00,+0000.46,-0000.31,-0010.03
+1581208510.93,-0000.98,-0001.95,+0000.00,+0000.46,-0000.31,-0010.03
+1581208510.93,-0000.98,-0001.95,+0000.00,+0000.46,-0000.31,-0010.03
+1581208510.94,-0000.98,-0001.95,+0000.00,+0000.46,-0000.31,-0010.11
+1581208510.94,-0000.98,-0001.95,+0000.00,+0000.46,-0000.31,-0010.03
+1581208510.95,-0000.98,-0001.95,+0000.00,+0000.46,-0000.31,-0010.11
+1581208510.95,-0000.98,-0001.95,+0000.00,+0000.46,-0000.23,-0010.11
+1581208510.96,-0000.98,-0001.95,+0000.00,+0000.46,-0000.31,-0010.03
+1581208510.96,-0000.98,-0001.95,+0000.00,+0000.46,-0000.23,-0010.03
+1581208510.97,-0000.98,-0001.95,+0000.00,+0000.46,-0000.23,-0010.03
+1581208510.97,-0000.98,-0001.95,+0000.00,+0000.46,-0000.31,-0010.03
+1581208510.98,-0000.98,-0001.95,+0000.00,+0000.46,-0000.31,-0010.03
+1581208510.98,-0000.98,-0001.95,+0000.00,+0000.46,-0000.23,-0010.03
+1581208510.99,-0000.98,-0001.95,+0000.00,+0000.46,-0000.31,-0010.03
+1581208510.99,-0000.98,-0001.95,+0000.00,+0000.46,-0000.31,-0010.11
+1581208511.00,-0000.98,-0001.95,+0000.00,+0000.46,-0000.31,-0010.03
+1581208511.00,-0000.98,-0001.95,+0000.00,+0000.46,-0000.31,-0010.11
+1581208511.01,-0000.98,-0001.95,-0000.98,+0000.46,-0000.31,-0010.03
+1581208511.01,-0000.98,-0001.95,+0000.00,+0000.46,-0000.31,-0010.03
+1581208511.02,-0000.98,-0001.95,+0000.00,+0000.46,-0000.31,-0010.03
+1581208511.02,-0000.98,-0001.95,+0000.00,+0000.46,-0000.31,-0010.03
+1581208511.03,-0000.98,-0001.95,+0000.00,+0000.46,-0000.31,-0010.03
+1581208511.03,-0000.98,-0000.98,+0000.00,+0000.46,-0000.31,-0010.03
+1581208511.04,-0000.98,-0001.95,+0000.00,+0000.46,-0000.31,-0010.03
+1581208511.04,-0000.98,-0000.98,+0000.00,+0000.46,-0000.31,-0010.03
+1581208511.05,-0000.98,-0001.95,+0000.00,+0000.46,-0000.31,-0010.11
+1581208511.05,-0000.98,-0000.98,+0000.00,+0000.46,-0000.23,-0010.11
+1581208511.06,-0000.98,-0000.98,+0000.00,+0000.46,-0000.31,-0010.03
+1581208511.06,-0000.98,-0000.98,+0000.00,+0000.46,-0000.23,-0010.11
+1581208511.07,+0000.00,-0001.95,+0000.00,+0000.46,-0000.31,-0010.03
+1581208511.07,-0000.98,-0000.98,+0000.00,+0000.46,-0000.23,-0010.03
+1581208511.08,-0000.98,-0000.98,+0000.00,+0000.46,-0000.31,-0010.11
+1581208511.08,-0000.98,-0000.98,+0000.00,+0000.46,-0000.31,-0010.03
+1581208511.09,-0000.98,-0000.98,+0000.00,+0000.46,-0000.31,-0010.03
+1581208511.09,-0000.98,-0000.98,+0000.00,+0000.46,-0000.31,-0010.11
+1581208511.10,-0000.98,-0000.98,+0000.00,+0000.46,-0000.31,-0010.11
+1581208511.10,-0000.98,-0000.98,+0000.00,+0000.46,-0000.31,-0010.11
+1581208511.11,-0000.98,-0000.98,+0000.00,+0000.46,-0000.31,-0010.11
+1581208511.11,-0000.98,-0000.98,+0000.00,+0000.46,-0000.31,-0010.03
+1581208511.12,-0000.98,-0000.98,+0000.00,+0000.38,-0000.31,-0010.11
+1581208511.12,-0000.98,-0000.98,+0000.00,+0000.38,-0000.31,-0010.11
+1581208511.13,-0000.98,-0000.98,+0000.00,+0000.46,-0000.31,-0010.03
+1581208511.13,-0000.98,-0000.98,+0000.00,+0000.46,-0000.31,-0010.11
+1581208511.14,-0000.98,+0000.00,+0000.00,+0000.38,-0000.31,-0010.03
+1581208511.14,-0000.98,+0000.00,+0000.00,+0000.38,-0000.31,-0010.03
+1581208511.15,-0000.98,+0000.00,+0000.00,+0000.46,-0000.31,-0010.03
+1581208511.15,-0000.98,+0000.00,+0000.00,+0000.38,-0000.23,-0010.03
+1581208511.16,-0000.98,+0000.00,+0000.00,+0000.38,-0000.31,-0010.03
+1581208511.16,+0000.00,+0000.00,-0000.98,+0000.38,-0000.31,-0010.11
+1581208511.17,-0000.98,+0000.00,+0000.00,+0000.38,-0000.31,-0010.03
+1581208511.17,-0000.98,+0000.00,+0000.00,+0000.38,-0000.31,-0010.03
+1581208511.18,-0000.98,+0000.00,+0000.00,+0000.38,-0000.31,-0010.11
+1581208511.18,-0000.98,+0000.00,+0000.00,+0000.46,-0000.31,-0010.03
+1581208511.19,-0000.98,+0000.00,+0000.00,+0000.46,-0000.31,-0010.03
+1581208511.19,+0000.00,+0000.00,+0000.00,+0000.38,-0000.31,-0010.03
+1581208511.20,-0000.98,+0000.00,+0000.00,+0000.46,-0000.31,-0010.03
+1581208511.20,-0000.98,+0000.00,-0000.98,+0000.38,-0000.31,-0010.03
+1581208511.21,-0000.98,+0000.00,+0000.00,+0000.46,-0000.31,-0010.03
+1581208511.21,+0000.00,+0000.00,+0000.00,+0000.46,-0000.31,-0010.11
+1581208511.22,-0000.98,+0000.00,-0000.98,+0000.46,-0000.23,-0010.03
+1581208511.22,-0000.98,+0000.00,+0000.00,+0000.46,-0000.23,-0010.03
+1581208511.23,+0000.00,+0000.00,-0000.98,+0000.46,-0000.31,-0010.03
+1581208511.23,-0000.98,+0000.00,-0000.98,+0000.38,-0000.31,-0010.11
+1581208511.24,-0000.98,+0000.00,-0000.98,+0000.46,-0000.31,-0010.03
+1581208511.24,-0000.98,+0000.00,-0000.98,+0000.46,-0000.31,-0010.11
+1581208511.25,-0000.98,+0000.00,-0000.98,+0000.46,-0000.23,-0010.03
+1581208511.25,-0000.98,+0000.98,-0000.98,+0000.46,-0000.23,-0010.11
+1581208511.26,-0000.98,+0000.00,+0000.00,+0000.46,-0000.31,-0010.03
+1581208511.26,-0000.98,+0000.00,-0000.98,+0000.46,-0000.31,-0010.11
+1581208511.27,-0000.98,+0000.00,+0000.00,+0000.46,-0000.31,-0010.03
+1581208511.27,+0000.00,+0000.00,-0000.98,+0000.46,-0000.23,-0010.03
+1581208511.28,-0000.98,+0000.00,-0000.98,+0000.46,-0000.31,-0010.03
+1581208511.28,-0000.98,+0000.00,-0000.98,+0000.46,-0000.31,-0010.03
+1581208511.29,-0000.98,+0000.00,+0000.00,+0000.46,-0000.31,-0010.03
+1581208511.29,-0000.98,+0000.00,-0000.98,+0000.46,-0000.23,-0010.11
+1581208511.30,-0000.98,+0000.00,+0000.00,+0000.46,-0000.31,-0010.11
+1581208511.30,-0000.98,+0000.98,-0000.98,+0000.46,-0000.31,-0010.11
+1581208511.31,-0000.98,+0000.00,+0000.00,+0000.46,-0000.31,-0010.11
+1581208511.31,-0000.98,+0000.00,-0000.98,+0000.46,-0000.31,-0010.11
+1581208511.32,+0000.00,+0000.98,-0000.98,+0000.46,-0000.31,-0010.03
+1581208511.32,+0000.00,+0000.00,-0000.98,+0000.46,-0000.31,-0010.11
+1581208511.33,-0000.98,+0000.00,+0000.00,+0000.46,-0000.23,-0010.11
+1581208511.33,-0000.98,+0000.00,-0000.98,+0000.46,-0000.31,-0010.03
+1581208511.34,-0000.98,+0000.00,-0000.98,+0000.46,-0000.23,-0010.03
+1581208511.34,-0000.98,+0000.98,-0000.98,+0000.46,-0000.31,-0010.11
+1581208511.35,-0000.98,+0000.00,+0000.00,+0000.46,-0000.31,-0010.11
+1581208511.35,-0000.98,+0000.00,-0000.98,+0000.46,-0000.31,-0010.11
+1581208511.36,-0000.98,+0000.00,-0000.98,+0000.46,-0000.31,-0010.11
+1581208511.36,-0000.98,+0000.00,-0000.98,+0000.46,-0000.23,-0010.03
+1581208511.37,-0000.98,+0000.00,+0000.00,+0000.46,-0000.23,-0010.11
+1581208511.37,-0000.98,+0000.00,-0000.98,+0000.46,-0000.31,-0010.03
+1581208511.38,-0000.98,+0000.00,+0000.00,+0000.46,-0000.31,-0010.11
+1581208511.38,-0000.98,+0000.00,-0000.98,+0000.46,-0000.31,-0010.03
+1581208511.39,-0000.98,+0000.98,-0000.98,+0000.46,-0000.31,-0010.03
