+1580947114.15,-0020.51,+0014.65,+0125.00,+0000.38,+0000.77,-0010.26
+1580947114.16,-0020.51,+0014.65,+0125.00,+0000.23,+0000.92,-0010.41
+1580947114.16,-0021.48,+0015.62,+0125.98,+0000.46,+0000.92,-0010.49
+1580947114.17,-0021.48,+0015.62,+0125.98,+0000.38,+0000.84,-0010.34
+1580947114.17,-0020.51,+0016.60,+0125.98,+0000.38,+0001.15,-0010.41
+1580947114.18,-0020.51,+0016.60,+0125.98,+0000.46,+0001.15,-0010.26
+1580947114.18,-0021.48,+0017.58,+0125.98,+0000.46,+0001.00,-0010.18
+1580947114.19,-0021.48,+0018.55,+0125.98,+0000.38,+0001.15,-0010.18
+1580947114.19,-0021.48,+0019.53,+0125.98,+0000.46,+0001.38,-0010.18
+1580947114.20,-0021.48,+0019.53,+0126.95,+0000.46,+0001.15,-0010.11
+1580947114.20,-0021.48,+0020.51,+0126.95,+0000.31,+0000.69,-0010.11
+1580947114.21,-0021.48,+0021.48,+0126.95,+0000.31,+0000.69,-0010.11
+1580947114.21,-0021.48,+0022.46,+0126.95,+0000.46,+0000.77,-0010.26
+1580947114.22,-0021.48,+0023.44,+0127.93,+0000.38,+0000.77,-0010.18
+1580947114.22,-0021.48,+0023.44,+0127.93,+0000.38,+0001.00,-0010.26
+1580947114.23,-0022.46,+0025.39,+0127.93,+0000.46,+0000.92,-0010.26
+1580947114.23,-0022.46,+0026.37,+0127.93,+0000.46,+0000.92,-0010.18
+1580947114.24,-0022.46,+0027.34,+0127.93,+0000.38,+0001.45,-0010.18
+1580947114.24,-0023.44,+0028.32,+0127.93,+0000.38,+0001.38,-0010.18
+1580947114.25,-0023.44,+0028.32,+0127.93,+0000.38,+0001.00,-0010.18
+1580947114.25,-0023.44,+0029.30,+0127.93,+0000.31,+0000.84,-0010.11
+1580947114.26,-0023.44,+0030.27,+0127.93,+0000.31,+0000.92,-0010.11
+1580947114.26,-0024.41,+0031.25,+0127.93,+0000.23,+0000.77,-0010.11
+1580947114.27,-0024.41,+0032.23,+0128.91,+0000.15,+0000.77,-0010.11
+1580947114.27,-0024.41,+0032.23,+0127.93,+0000.23,+0001.00,-0010.03
+1580947114.28,-0024.41,+0033.20,+0127.93,+0000.08,+0000.84,-0009.95
+1580947114.28,-0025.39,+0034.18,+0127.93,+0000.00,+0000.92,-0010.03
+1580947114.29,-0025.39,+0034.18,+0127.93,+0000.08,+0001.15,-0009.95
+1580947114.29,-0026.37,+0034.18,+0126.95,+0000.00,+0001.23,-0010.03
+1580947114.30,-0026.37,+0035.16,+0126.95,-0000.08,+0000.92,-0010.03
+1580947114.30,-0026.37,+0035.16,+0126.95,-0000.08,+0000.92,-0010.03
+1580947114.31,-0027.34,+0035.16,+0125.98,-0000.54,+0001.00,-0010.03
+1580947114.31,-0027.34,+0036.13,+0125.98,-0000.08,+0000.92,-0010.11
+1580947114.32,-0027.34,+0036.13,+0125.98,-0000.08,+0001.00,-0009.95
+1580947114.32,-0028.32,+0035.16,+0125.00,-0000.31,+0001.07,-0009.80
+1580947114.33,-0029.30,+0036.13,+0125.00,-0000.38,+0000.92,-0009.95
+1580947114.33,-0029.30,+0036.13,+0124.02,-0000.23,+0000.84,-0009.88
+1580947114.34,-0029.30,+0036.13,+0123.05,-0000.38,+0000.92,-0009.72
+1580947114.34,-0030.27,+0035.16,+0123.05,-0000.46,+0001.15,-0009.80
+1580947114.35,-0031.25,+0035.16,+0122.07,-0000.61,+0001.00,-0009.88
+1580947114.35,-0031.25,+0034.18,+0121.09,-0000.61,+0000.69,-0009.88
+1580947114.36,-0031.25,+0034.18,+0120.12,-0000.61,+0000.77,-0009.95
+1580947114.36,-0032.23,+0034.18,+0120.12,-0000.77,+0000.77,-0010.18
+1580947114.37,-0032.23,+0033.20,+0119.14,-0000.77,+0000.69,-0010.18
+1580947114.37,-0032.23,+0032.23,+0117.19,-0000.84,+0000.77,-0010.18
+1580947114.38,-0032.23,+0031.25,+0116.21,-0000.92,+0001.07,-0010.11
+1580947114.38,-0033.20,+0030.27,+0115.23,-0000.92,+0000.92,-0010.34
+1580947114.39,-0033.20,+0030.27,+0114.26,-0001.00,+0000.77,-0010.41
+1580947114.39,-0033.20,+0029.30,+0112.30,-0001.07,+0000.92,-0010.34
+1580947114.40,-0034.18,+0028.32,+0112.30,-0001.07,+0001.23,-0010.26
+1580947114.40,-0034.18,+0027.34,+0110.35,-0001.07,+0001.00,-0010.26
+1580947114.41,-0034.18,+0026.37,+0109.38,-0001.15,+0000.84,-0010.34
+1580947114.41,-0034.18,+0025.39,+0108.40,-0001.15,+0000.92,-0010.41
+1580947114.42,-0034.18,+0024.41,+0107.42,-0001.23,+0000.69,-0010.11
+1580947114.42,-0035.16,+0023.44,+0106.45,-0001.07,+0000.54,-0010.26
+1580947114.43,-0035.16,+0023.44,+0104.49,-0000.84,+0000.46,-0010.34
+1580947114.43,-0035.16,+0022.46,+0103.52,-0001.38,+0000.46,-0010.34
+1580947114.44,-0035.16,+0021.48,+0101.56,-0001.23,+0000.69,-0010.18
+1580947114.44,-0035.16,+0019.53,+0100.59,-0001.23,+0000.61,-0010.34
+1580947114.45,-0035.16,+0018.55,+0098.63,-0001.61,+0000.54,-0010.26
+1580947114.45,-0034.18,+0017.58,+0097.66,-0001.53,+0000.54,-0010.49
+1580947114.46,-0034.18,+0015.62,+0095.70,-0001.38,+0000.84,-0010.49
+1580947114.46,-0034.18,+0015.62,+0094.73,-0001.53,+0000.77,-0010.57
+1580947114.47,-0034.18,+0013.67,+0092.77,-0001.53,+0000.69,-0010.64
+1580947114.47,-0034.18,+0012.70,+0091.80,-0001.45,+0000.61,-0010.57
+1580947114.48,-0034.18,+0011.72,+0089.84,-0001.53,+0000.61,-0010.64
+1580947114.48,-0034.18,+0010.74,+0088.87,-0001.53,+0000.54,-0010.57
+1580947114.49,-0034.18,+0008.79,+0086.91,-0001.45,+0000.31,-0010.49
+1580947114.49,-0034.18,+0008.79,+0085.94,-0001.45,+0000.31,-0010.49
+1580947114.50,-0033.20,+0007.81,+0083.98,-0001.45,+0000.31,-0010.34
+1580947114.50,-0033.20,+0006.84,+0082.03,-0006.97,-0001.23,-0016.54
+1580947114.51,-0027.34,+0000.98,+0078.12,-0015.31,-0004.21,-0023.66
+1580947114.51,-0019.53,-0007.81,+0065.43,-0017.15,-0005.44,-0026.18
+1580947114.52,-0014.65,-0018.55,+0051.76,-0019.29,-0007.66,-0024.96
+1580947114.52,-0008.79,-0027.34,+0039.06,-0018.60,-0006.66,-0023.12
+1580947114.53,-0005.86,-0038.09,+0027.34,-0015.39,-0006.35,-0017.53
+1580947114.53,+0000.00,-0045.90,+0018.55,-0011.41,-0004.98,-0012.79
+1580947114.54,+0000.98,-0051.76,+0012.70,-0008.42,-0003.37,-0007.58
+1580947114.54,-0000.98,-0054.69,+0008.79,-0003.52,-0002.91,-0002.37
+1580947114.55,-0001.95,-0053.71,+0006.84,-0002.45,-0002.14,-0002.14
+1580947114.55,-0002.93,-0053.71,+0004.88,-0002.07,-0002.07,-0003.22
+1580947114.56,-0003.91,-0053.71,+0003.91,+0001.07,-0001.30,-0006.81
+1580947114.56,-0002.93,-0050.78,+0005.86,+0003.52,-0000.77,-0008.73
+1580947114.57,-0002.93,-0046.88,+0008.79,+0003.60,-0000.69,-0010.41
+1580947114.57,-0004.88,-0043.95,+0013.67,+0004.06,-0000.54,-0013.17
+1580947114.58,-0004.88,-0040.04,+0016.60,+0003.29,-0001.91,-0016.15
+1580947114.58,-0002.93,-0036.13,+0018.55,+0001.38,-0001.23,-0014.55
+1580947114.59,-0001.95,-0035.16,+0017.58,+0000.54,-0001.30,-0012.56
+1580947114.59,-0002.93,-0034.18,+0015.62,-0000.84,-0002.37,-0008.96
+1580947114.60,-0002.93,-0034.18,+0012.70,-0001.38,-0002.14,-0008.19
+1580947114.60,-0001.95,-0034.18,+0010.74,-0000.92,-0001.76,-0007.81
+1580947114.61,-0001.95,-0034.18,+0010.74,-0000.46,-0001.53,-0007.50
+1580947114.61,-0000.98,-0033.20,+0012.70,+0000.15,-0001.61,-0007.81
+1580947114.62,-0001.95,-0032.23,+0013.67,+0000.54,-0001.45,-0008.73
+1580947114.62,-0001.95,-0031.25,+0015.62,+0000.77,-0001.23,-0009.95
+1580947114.63,-0001.95,-0029.30,+0017.58,+0000.84,-0000.54,-0011.56
+1580947114.63,-0001.95,-0027.34,+0017.58,+0001.07,-0000.38,-0011.64
+1580947114.64,-0001.95,-0026.37,+0016.60,+0000.84,-0000.23,-0011.41
+1580947114.64,-0002.93,-0024.41,+0015.62,+0000.69,-0000.54,-0011.25
+1580947114.65,-0002.93,-0024.41,+0014.65,+0000.46,-0000.84,-0010.26
+1580947114.65,-0002.93,-0024.41,+0014.65,+0000.61,-0000.61,-0009.80
+1580947114.66,-0002.93,-0023.44,+0014.65,+0000.46,-0000.84,-0009.34
+1580947114.66,-0002.93,-0021.48,+0016.60,+0000.38,-0001.07,-0009.03
+1580947114.67,-0002.93,-0021.48,+0017.58,+0000.23,-0001.07,-0009.42
+1580947114.67,-0002.93,-0020.51,+0019.53,-0000.08,-0001.38,-0009.65
+1580947114.68,-0002.93,-0019.53,+0019.53,-0000.46,-0001.68,-0010.03
+1580947114.68,-0002.93,-0018.55,+0018.55,+0000.00,-0001.76,-0010.41
+1580947114.69,-0002.93,-0018.55,+0017.58,+0000.15,-0001.07,-0010.49
+1580947114.69,-0002.93,-0017.58,+0016.60,+0000.46,-0000.77,-0010.87
+1580947114.70,-0002.93,-0016.60,+0016.60,+0000.84,-0001.30,-0010.64
+1580947114.70,-0002.93,-0016.60,+0017.58,+0001.07,-0001.23,-0010.49
+1580947114.71,-0002.93,-0015.62,+0018.55,+0001.07,-0001.45,-0010.18
+1580947114.71,-0001.95,-0014.65,+0019.53,+0001.15,-0001.53,-0009.95
+1580947114.72,-0001.95,-0013.67,+0021.48,+0000.92,-0001.23,-0009.72
+1580947114.72,-0001.95,-0012.70,+0022.46,+0000.77,-0001.45,-0009.80
+1580947114.73,-0001.95,-0011.72,+0023.44,+0000.54,-0001.53,-0009.88
+1580947114.73,-0000.98,-0011.72,+0022.46,+0000.54,-0001.61,-0009.95
+1580947114.74,-0000.98,-0011.72,+0022.46,+0000.61,-0001.23,-0010.34
+1580947114.74,-0000.98,-0010.74,+0022.46,+0000.61,-0001.07,-0010.49
+1580947114.75,-0000.98,-0010.74,+0022.46,+0000.61,-0001.23,-0010.64
+1580947114.75,+0000.00,-0009.77,+0023.44,+0000.61,-0001.45,-0010.57
+1580947114.76,+0000.00,-0009.77,+0024.41,+0000.61,-0001.07,-0010.26
+1580947114.76,-0000.98,-0008.79,+0025.39,+0000.61,-0000.54,-0010.18
+1580947114.77,-0000.98,-0008.79,+0026.37,+0000.61,-0000.84,-0010.03
+1580947114.77,-0000.98,-0007.81,+0026.37,+0000.15,-0001.15,-0009.72
+1580947114.78,-0000.98,-0007.81,+0026.37,+0000.31,-0001.38,-0009.72
+1580947114.78,-0000.98,-0007.81,+0026.37,+0000.46,-0001.00,-0009.49
+1580947114.79,-0001.95,-0006.84,+0026.37,+0000.77,-0000.84,-0009.88
+1580947114.79,-0001.95,-0005.86,+0026.37,+0000.54,-0001.30,-0010.03
+1580947114.80,-0000.98,-0005.86,+0027.34,+0001.00,-0001.07,-0010.26
+1580947114.80,-0001.95,-0004.88,+0029.30,+0001.07,-0000.92,-0010.49
+1580947114.81,-0000.98,-0003.91,+0030.27,+0000.84,-0001.07,-0010.41
+1580947114.81,-0000.98,-0003.91,+0030.27,+0000.92,-0001.23,-0010.34
+1580947114.82,-0000.98,-0003.91,+0031.25,+0000.84,-0001.30,-0010.03
+1580947114.82,-0001.95,-0002.93,+0031.25,+0000.92,-0001.15,-0009.95
+1580947114.83,-0001.95,-0003.91,+0032.23,+0000.69,-0001.53,-0009.95
+1580947114.83,-0000.98,-0003.91,+0032.23,+0000.84,-0001.45,-0009.80
+1580947114.84,-0000.98,-0002.93,+0032.23,+0000.84,-0001.15,-0009.49
+1580947114.84,-0001.95,-0002.93,+0033.20,+0000.92,-0001.30,-0010.18
+1580947114.85,-0001.95,-0002.93,+0034.18,+0001.30,-0001.07,-0010.64
+1580947114.85,-0001.95,-0002.93,+0035.16,+0001.15,-0001.68,-0010.41
+1580947114.86,-0000.98,-0002.93,+0036.13,+0001.45,-0001.07,-0010.41
+1580947114.86,-0000.98,-0002.93,+0037.11,+0001.45,-0001.07,-0010.26
+1580947114.87,-0000.98,-0001.95,+0038.09,+0001.30,-0001.61,-0010.26
+1580947114.87,-0000.98,-0001.95,+0039.06,+0001.15,-0001.84,-0010.03
+1580947114.88,-0000.98,-0001.95,+0039.06,+0001.30,-0001.23,-0009.65
+1580947114.88,-0000.98,-0001.95,+0040.04,+0001.30,-0001.45,-0009.72
+1580947114.89,-0000.98,-0000.98,+0041.02,+0001.00,-0001.61,-0009.95
+1580947114.89,+0000.00,-0000.98,+0041.02,+0001.23,-0001.61,-0010.34
+1580947114.90,+0000.00,-0000.98,+0041.99,+0001.61,-0001.38,-0010.18
+1580947114.90,+0000.00,+0000.00,+0042.97,+0001.23,-0001.23,-0010.26
+1580947114.91,-0000.98,+0000.00,+0043.95,+0001.00,-0001.15,-0010.26
+1580947114.91,-0000.98,+0000.00,+0044.92,+0001.07,-0001.91,-0010.34
+1580947114.92,-0000.98,+0000.00,+0044.92,+0000.84,-0001.23,-0010.26
+1580947114.92,-0000.98,+0000.98,+0045.90,+0000.84,-0000.92,-0010.34
+1580947114.93,-0001.95,+0000.00,+0045.90,+0000.69,-0001.45,-0010.34
+1580947114.93,-0000.98,+0000.98,+0045.90,+0000.54,-0001.61,-0010.34
+1580947114.94,-0000.98,+0000.00,+0046.88,+0000.69,-0001.38,-0010.26
+1580947114.94,-0000.98,+0000.98,+0046.88,+0000.92,-0001.53,-0009.95
+1580947114.95,-0000.98,+0000.98,+0047.85,+0000.84,-0001.68,-0009.95
+1580947114.95,-0000.98,+0000.98,+0047.85,+0000.84,-0002.07,-0010.03
+1580947114.96,-0000.98,+0000.98,+0048.83,+0001.00,-0001.30,-0010.26
+1580947114.96,-0000.98,+0001.95,+0049.80,+0001.23,-0001.00,-0010.18
+1580947114.97,-0000.98,+0001.95,+0049.80,+0001.07,-0001.91,-0010.26
+1580947114.97,-0000.98,+0001.95,+0050.78,+0001.15,-0001.45,-0010.64
+1580947114.98,+0000.00,+0002.93,+0050.78,+0001.30,-0001.23,-0010.64
+1580947114.98,+0000.00,+0002.93,+0051.76,+0000.92,-0002.14,-0010.11
+1580947114.99,+0000.00,+0002.93,+0052.73,+0001.07,-0001.84,-0009.88
+1580947114.99,+0000.00,+0003.91,+0052.73,+0001.07,-0001.30,-0009.65
+1580947115.00,+0000.00,+0003.91,+0052.73,+0000.77,-0001.76,-0009.42
+1580947115.00,+0000.00,+0003.91,+0052.73,+0000.61,-0001.76,-0009.65
+1580947115.01,+0000.00,+0003.91,+0053.71,+0000.69,-0001.45,-0009.72
+1580947115.01,+0000.00,+0003.91,+0053.71,+0000.23,-0001.76,-0009.65
+1580947115.02,+0000.00,+0004.88,+0053.71,+0000.31,-0001.45,-0010.18
+1580947115.02,-0000.98,+0004.88,+0053.71,+0000.08,-0001.30,-0009.95
+1580947115.03,-0000.98,+0004.88,+0052.73,-0000.23,-0001.61,-0010.26
+1580947115.03,-0000.98,+0004.88,+0052.73,-0000.31,-0001.91,-0010.18
+1580947115.04,-0000.98,+0005.86,+0052.73,+0000.46,-0001.38,-0010.72
+1580947115.04,-0001.95,+0005.86,+0052.73,+0000.15,-0001.99,-0010.80
+1580947115.05,-0001.95,+0005.86,+0052.73,+0000.38,-0001.99,-0010.49
+1580947115.05,-0000.98,+0006.84,+0052.73,-0000.23,-0001.99,-0010.26
+1580947115.06,-0001.95,+0006.84,+0052.73,-0000.23,-0002.07,-0009.57
+1580947115.06,-0000.98,+0006.84,+0052.73,+0000.15,-0001.76,-0009.72
+1580947115.07,-0000.98,+0007.81,+0051.76,+0000.15,-0001.61,-0009.88
+1580947115.07,-0000.98,+0007.81,+0051.76,+0000.00,-0002.30,-0009.72
+1580947115.08,+0000.00,+0008.79,+0051.76,+0000.31,-0001.61,-0009.95
+1580947115.08,-0000.98,+0008.79,+0051.76,-0000.08,-0002.45,-0009.57
+1580947115.09,-0000.98,+0008.79,+0050.78,-0000.08,-0002.07,-0009.80
+1580947115.09,-0000.98,+0009.77,+0050.78,-0000.08,-0002.37,-0010.18
+1580947115.10,-0000.98,+0009.77,+0050.78,+0000.00,-0002.60,-0009.65
+1580947115.10,+0000.00,+0010.74,+0050.78,-0000.54,-0002.07,-0010.03
+1580947115.11,-0000.98,+0011.72,+0049.80,-0000.15,-0002.37,-0010.41
+1580947115.11,-0000.98,+0011.72,+0049.80,-0000.61,-0001.99,-0010.95
+1580947115.12,-0000.98,+0012.70,+0048.83,-0000.46,-0001.99,-0011.33
+1580947115.12,+0000.00,+0013.67,+0047.85,-0001.00,-0002.22,-0010.80
+1580947115.13,+0000.00,+0012.70,+0047.85,-0000.84,-0002.22,-0010.11
+1580947115.13,-0000.98,+0013.67,+0046.88,-0000.77,-0002.07,-0009.57
+1580947115.14,-0000.98,+0014.65,+0045.90,-0000.69,-0002.14,-0009.95
+1580947115.14,-0000.98,+0014.65,+0044.92,-0000.61,-0001.99,-0009.72
+1580947115.15,+0000.00,+0015.62,+0044.92,-0000.92,-0002.22,-0009.26
+1580947115.15,+0000.00,+0016.60,+0043.95,-0001.00,-0001.99,-0009.34
+1580947115.16,-0000.98,+0016.60,+0042.97,-0000.77,-0001.91,-0010.03
+1580947115.16,-0000.98,+0017.58,+0041.99,-0001.00,-0002.30,-0010.87
+1580947115.17,+0000.00,+0018.55,+0041.02,-0001.00,-0002.14,-0010.80
+1580947115.17,+0000.00,+0019.53,+0040.04,-0001.45,-0001.84,-0010.57
+1580947115.18,+0000.00,+0019.53,+0040.04,-0001.30,-0001.99,-0009.88
+1580947115.18,-0000.98,+0020.51,+0038.09,-0001.23,-0002.14,-0009.80
+1580947115.19,-0000.98,+0020.51,+0037.11,-0001.15,-0001.91,-0009.95
+1580947115.19,-0000.98,+0021.48,+0037.11,-0001.45,-0001.76,-0009.65
+1580947115.20,-0000.98,+0022.46,+0035.16,-0001.30,-0002.60,-0008.73
+1580947115.20,-0000.98,+0022.46,+0035.16,-0001.45,-0001.91,-0009.26
+1580947115.21,-0001.95,+0023.44,+0033.20,-0001.07,-0002.14,-0010.18
+1580947115.21,-0000.98,+0024.41,+0032.23,-0000.23,-0001.99,-0011.03
+1580947115.22,-0000.98,+0025.39,+0032.23,-0000.77,-0002.22,-0010.64
+1580947115.22,-0000.98,+0025.39,+0031.25,-0001.15,-0001.38,-0010.80
+1580947115.23,-0000.98,+0027.34,+0030.27,-0001.61,-0001.91,-0010.87
+1580947115.23,-0000.98,+0027.34,+0029.30,-0000.69,-0001.99,-0010.49
+1580947115.24,-0000.98,+0028.32,+0028.32,-0001.00,-0002.07,-0010.11
+1580947115.24,-0000.98,+0029.30,+0027.34,-0001.38,-0001.61,-0010.03
+1580947115.25,+0000.00,+0029.30,+0026.37,-0001.07,-0002.07,-0009.19
+1580947115.25,+0000.00,+0030.27,+0025.39,-0000.92,-0001.84,-0009.57
+1580947115.26,+0000.00,+0031.25,+0025.39,-0001.00,-0001.30,-0010.11
+1580947115.26,+0000.00,+0032.23,+0024.41,-0000.38,-0001.53,-0010.72
+1580947115.27,+0000.98,+0032.23,+0023.44,-0000.77,-0001.53,-0010.26
+1580947115.27,+0000.00,+0033.20,+0023.44,-0000.84,-0001.15,-0009.80
+1580947115.28,+0000.00,+0034.18,+0021.48,-0000.77,-0001.23,-0010.03
+1580947115.28,+0000.00,+0035.16,+0020.51,-0000.61,-0001.23,-0010.18
+1580947115.29,+0000.00,+0035.16,+0020.51,-0000.84,-0001.15,-0010.18
+1580947115.29,+0000.00,+0035.16,+0019.53,-0001.23,-0000.77,-0010.26
+1580947115.30,-0000.98,+0035.16,+0017.58,-0001.07,-0001.15,-0009.88
+1580947115.30,-0000.98,+0035.16,+0016.60,-0000.38,-0001.68,-0009.42
+1580947115.31,+0000.00,+0036.13,+0015.62,-0001.00,-0000.92,-0009.57
+1580947115.31,+0000.00,+0035.16,+0014.65,-0000.31,-0001.23,-0009.49
+1580947115.32,-0000.98,+0035.16,+0013.67,-0000.54,-0000.54,-0010.11
+1580947115.32,-0000.98,+0035.16,+0013.67,-0000.23,-0000.84,-0010.87
+1580947115.33,-0000.98,+0035.16,+0012.70,-0000.23,-0000.92,-0010.80
+1580947115.33,+0000.00,+0035.16,+0012.70,-0000.46,-0000.69,-0010.80
+1580947115.34,+0000.00,+0035.16,+0011.72,-0000.31,-0000.84,-0010.11
+1580947115.34,-0000.98,+0034.18,+0010.74,-0000.46,-0001.07,-0010.41
+1580947115.35,-0000.98,+0033.20,+0009.77,-0000.38,-0001.00,-0010.26
+1580947115.35,-0000.98,+0033.20,+0008.79,-0000.15,-0001.61,-0010.41
+1580947115.36,+0000.00,+0032.23,+0007.81,-0000.38,-0001.53,-0009.65
+1580947115.36,+0000.00,+0031.25,+0006.84,-0000.08,-0001.07,-0009.49
+1580947115.37,+0000.00,+0030.27,+0005.86,-0000.15,-0001.23,-0009.57
+1580947115.37,+0000.00,+0030.27,+0005.86,+0000.00,-0001.84,-0009.95
+1580947115.38,+0000.00,+0029.30,+0004.88,-0000.38,-0000.69,-0010.03
+1580947115.38,+0000.98,+0028.32,+0003.91,+0000.00,-0001.45,-0010.18
+1580947115.39,+0000.98,+0026.37,+0002.93,-0000.46,-0000.92,-0009.88
+1580947115.39,+0000.98,+0025.39,+0001.95,-0000.46,-0000.92,-0010.49
+1580947115.40,+0000.98,+0025.39,+0000.98,-0000.31,-0001.45,-0010.57
+1580947115.40,+0001.95,+0024.41,+0000.00,+0000.31,-0001.30,-0010.11
+1580947115.41,+0001.95,+0022.46,-0000.98,+0000.00,-0000.38,-0010.11
+1580947115.41,+0000.98,+0021.48,-0001.95,-0000.15,-0000.92,-0010.49
+1580947115.42,+0000.98,+0020.51,-0002.93,+0000.00,-0000.54,-0010.80
+1580947115.42,+0000.98,+0019.53,-0002.93,+0000.00,-0000.54,-0010.49
+1580947115.43,+0000.98,+0018.55,-0003.91,+0000.46,-0000.61,-0009.26
+1580947115.43,+0000.98,+0017.58,-0004.88,-0000.23,-0000.84,-0009.11
+1580947115.44,+0000.00,+0016.60,-0005.86,-0000.31,-0000.31,-0009.11
+1580947115.44,+0000.00,+0014.65,-0006.84,+0000.15,-0000.61,-0008.96
+1580947115.45,+0000.00,+0013.67,-0007.81,-0000.31,-0000.77,-0009.72
+1580947115.45,+0000.00,+0012.70,-0008.79,+0000.15,-0000.23,-0009.26
+1580947115.46,-0000.98,+0011.72,-0008.79,-0000.23,-0000.38,-0010.41
+1580947115.46,-0000.98,+0010.74,-0009.77,-0000.23,-0000.38,-0011.41
+1580947115.47,-0000.98,+0009.77,-0010.74,-0000.23,-0000.46,-0010.95
+1580947115.47,-0000.98,+0008.79,-0011.72,+0000.08,-0000.46,-0011.18
+1580947115.48,-0000.98,+0007.81,-0011.72,+0000.46,-0000.54,-0010.49
+1580947115.48,-0000.98,+0006.84,-0012.70,-0000.38,-0000.38,-0010.49
+1580947115.49,-0001.95,+0005.86,-0013.67,+0000.08,-0000.77,-0010.64
+1580947115.49,-0000.98,+0005.86,-0013.67,+0000.46,-0000.69,-0010.34
+1580947115.50,+0000.00,+0004.88,-0014.65,+0000.38,-0001.00,-0008.73
+1580947115.50,+0000.98,+0003.91,-0015.62,+0000.00,-0001.15,-0008.65
+1580947115.51,+0000.00,+0002.93,-0015.62,+0000.23,-0000.31,-0008.96
+1580947115.51,-0000.98,+0001.95,-0016.60,-0000.54,-0001.00,-0010.18
+1580947115.52,+0000.00,+0000.98,-0017.58,-0000.31,-0000.61,-0010.26
+1580947115.52,+0000.98,+0000.00,-0018.55,-0000.23,-0000.31,-0009.65
+1580947115.53,+0000.98,+0000.00,-0018.55,+0000.00,-0000.77,-0009.19
+1580947115.53,+0000.00,-0000.98,-0019.53,-0000.08,-0000.84,-0010.11
+1580947115.54,+0000.00,-0001.95,-0020.51,+0000.46,-0000.08,-0010.87
+1580947115.54,+0000.00,-0001.95,-0020.51,+0000.54,-0000.92,-0010.87
+1580947115.55,+0000.98,-0002.93,-0021.48,+0000.61,-0000.38,-0011.33
+1580947115.55,+0001.95,-0002.93,-0021.48,+0001.00,-0000.46,-0010.95
+1580947115.56,+0000.98,-0002.93,-0021.48,+0001.15,-0000.54,-0010.95
+1580947115.56,+0000.98,-0003.91,-0021.48,+0000.61,-0000.23,-0010.26
+1580947115.57,+0000.98,-0003.91,-0021.48,+0000.23,-0000.54,-0010.03
+1580947115.57,+0000.98,-0004.88,-0021.48,+0000.38,-0000.77,-0009.26
+1580947115.58,+0000.98,-0005.86,-0022.46,-0000.08,-0000.92,-0009.57
+1580947115.58,+0000.98,-0004.88,-0022.46,+0000.46,-0000.54,-0008.96
+1580947115.59,+0000.98,-0005.86,-0022.46,+0001.00,-0000.46,-0009.11
+1580947115.59,+0000.98,-0005.86,-0022.46,+0000.84,-0000.31,-0010.03
+1580947115.60,+0000.98,-0005.86,-0022.46,+0000.84,-0000.38,-0010.18
+1580947115.60,+0000.00,-0005.86,-0022.46,+0001.15,+0000.08,-0011.10
+1580947115.61,+0000.00,-0005.86,-0022.46,+0001.23,-0000.61,-0011.64
+1580947115.61,+0000.98,-0004.88,-0022.46,+0001.00,-0000.23,-0010.64
+1580947115.62,+0000.98,-0004.88,-0021.48,+0001.23,-0000.54,-0011.03
+1580947115.62,+0000.98,-0004.88,-0021.48,+0001.38,-0000.77,-0010.18
+1580947115.63,+0000.00,-0004.88,-0021.48,+0000.38,-0000.46,-0009.72
+1580947115.63,+0000.98,-0004.88,-0021.48,+0001.23,-0000.54,-0009.95
+1580947115.64,+0000.98,-0004.88,-0021.48,+0001.15,-0000.84,-0009.80
+1580947115.64,+0001.95,-0003.91,-0020.51,+0000.84,-0000.84,-0010.11
+1580947115.65,+0001.95,-0004.88,-0020.51,+0000.92,-0000.38,-0009.65
+1580947115.65,+0000.98,-0003.91,-0020.51,+0001.07,-0000.84,-0010.18
+1580947115.66,+0001.95,-0003.91,-0020.51,+0000.92,-0000.69,-0010.87
+1580947115.66,+0002.93,-0003.91,-0020.51,+0001.15,-0000.23,-0010.03
+1580947115.67,+0002.93,-0002.93,-0020.51,+0001.07,-0000.54,-0009.95
+1580947115.67,+0001.95,-0002.93,-0020.51,+0001.23,-0000.15,-0009.80
+1580947115.68,+0001.95,-0002.93,-0020.51,+0000.69,-0000.23,-0011.03
+1580947115.68,+0002.93,-0002.93,-0019.53,+0001.61,-0000.08,-0010.57
+1580947115.69,+0002.93,-0002.93,-0018.55,+0001.45,+0000.54,-0010.34
+1580947115.69,+0001.95,-0001.95,-0018.55,+0001.15,+0000.31,-0010.49
+1580947115.70,+0000.98,-0000.98,-0018.55,+0001.38,-0000.08,-0010.49
+1580947115.70,+0000.98,-0001.95,-0018.55,+0000.77,-0000.31,-0011.25
+1580947115.71,+0001.95,-0000.98,-0017.58,+0000.84,+0000.23,-0009.80
+1580947115.71,+0001.95,-0000.98,-0018.55,+0001.15,+0000.92,-0008.96
+1580947115.72,+0000.00,+0000.00,-0018.55,+0000.84,-0000.38,-0009.42
+1580947115.72,+0000.98,+0000.00,-0017.58,+0001.23,-0000.31,-0010.03
+1580947115.73,+0001.95,+0000.00,-0017.58,+0001.00,-0000.23,-0010.11
+1580947115.73,+0001.95,+0000.98,-0017.58,+0001.84,-0000.08,-0009.65
+1580947115.74,+0000.98,+0000.98,-0017.58,+0001.15,+0000.08,-0010.41
+1580947115.74,+0000.98,+0001.95,-0017.58,+0001.15,-0000.15,-0010.80
+1580947115.75,+0001.95,+0001.95,-0016.60,+0001.07,+0000.00,-0010.87
+1580947115.75,+0002.93,+0001.95,-0016.60,+0001.23,+0000.08,-0011.25
+1580947115.76,+0000.98,+0001.95,-0016.60,+0000.77,+0000.15,-0010.64
+1580947115.76,+0000.98,+0001.95,-0016.60,+0000.92,-0000.08,-0011.18
+1580947115.77,+0001.95,+0002.93,-0016.60,+0001.61,-0000.61,-0010.41
+1580947115.77,+0002.93,+0002.93,-0015.62,+0000.84,-0000.61,-0010.03
+1580947115.78,+0002.93,+0002.93,-0015.62,+0001.53,-0000.46,-0009.03
+1580947115.78,+0001.95,+0002.93,-0015.62,+0001.07,+0000.00,-0009.57
+1580947115.79,+0001.95,+0001.95,-0015.62,+0000.84,-0000.69,-0010.34
+1580947115.79,+0002.93,+0001.95,-0015.62,+0000.84,-0000.31,-0010.34
+1580947115.80,+0003.91,+0001.95,-0016.60,+0000.77,+0000.23,-0009.72
+1580947115.80,+0003.91,+0000.98,-0016.60,+0000.46,+0000.15,-0010.41
+1580947115.81,+0001.95,+0001.95,-0016.60,+0000.77,+0000.08,-0011.03
+1580947115.81,+0002.93,+0000.98,-0016.60,+0001.23,-0000.46,-0011.64
+1580947115.82,+0003.91,+0000.98,-0016.60,+0001.07,-0000.23,-0009.95
+1580947115.82,+0004.88,+0000.98,-0016.60,+0000.77,-0000.23,-0008.58
+1580947115.83,+0003.91,+0000.98,-0016.60,+0000.61,-0000.15,-0008.12
+1580947115.83,+0001.95,+0000.00,-0017.58,+0000.61,+0000.08,-0010.34
+1580947115.84,+0002.93,+0000.00,-0017.58,+0000.46,+0000.00,-0010.72
+1580947115.84,+0005.86,+0000.00,-0017.58,+0000.92,+0000.08,-0009.19
+1580947115.85,+0005.86,+0000.00,-0017.58,+0000.69,-0000.08,-0008.35
+1580947115.85,+0001.95,+0000.00,-0018.55,+0000.15,+0000.31,-0011.18
+1580947115.86,+0000.98,+0000.00,-0019.53,+0000.92,-0000.23,-0012.33
+1580947115.86,+0003.91,-0000.98,-0019.53,+0001.23,-0000.15,-0012.63
+1580947115.87,+0004.88,+0000.00,-0018.55,+0000.46,+0001.30,-0010.80
+1580947115.87,+0003.91,+0000.00,-0019.53,+0000.46,+0000.38,-0008.04
+1580947115.88,+0001.95,-0000.98,-0019.53,+0000.31,+0000.23,-0009.11
+1580947115.88,+0000.98,-0000.98,-0020.51,+0000.00,+0000.46,-0009.42
+1580947115.89,+0002.93,-0000.98,-0020.51,+0000.77,+0000.08,-0008.88
+1580947115.89,+0003.91,-0000.98,-0020.51,+0000.31,+0000.54,-0008.42
+1580947115.90,+0002.93,-0000.98,-0021.48,-0000.08,+0000.61,-0009.11
+1580947115.90,+0001.95,+0000.00,-0021.48,+0000.31,+0000.77,-0010.03
+1580947115.91,+0001.95,-0000.98,-0021.48,+0000.54,+0000.38,-0011.64
+1580947115.91,+0002.93,+0000.00,-0022.46,+0000.84,+0000.38,-0011.56
+1580947115.92,+0001.95,+0000.00,-0022.46,+0000.77,+0000.61,-0010.87
+1580947115.92,+0000.98,+0000.00,-0022.46,+0000.54,+0000.61,-0011.48
+1580947115.93,+0000.98,+0000.98,-0022.46,+0000.54,+0000.15,-0011.64
+1580947115.93,+0001.95,+0000.98,-0022.46,+0000.69,+0000.77,-0010.26
+1580947115.94,+0001.95,+0000.98,-0022.46,+0000.15,+0000.46,-0009.80
+1580947115.94,+0001.95,+0000.98,-0023.44,+0000.00,+0000.15,-0009.88
+1580947115.95,+0000.98,+0000.98,-0023.44,+0000.54,-0000.08,-0008.88
+1580947115.95,+0001.95,+0000.98,-0023.44,+0000.61,-0000.31,-0009.57
+1580947115.96,+0002.93,+0001.95,-0023.44,+0000.38,-0000.08,-0008.50
+1580947115.96,+0002.93,+0001.95,-0024.41,+0000.08,-0000.15,-0008.04
+1580947115.97,+0001.95,+0001.95,-0024.41,+0000.00,-0000.31,-0008.96
+1580947115.97,+0000.98,+0001.95,-0025.39,+0000.00,+0000.69,-0009.42
+1580947115.98,+0000.98,+0000.98,-0026.37,+0000.31,+0001.07,-0011.87
+1580947115.98,+0000.98,+0001.95,-0026.37,+0000.84,-0000.08,-0012.10
+1580947115.99,+0001.95,+0001.95,-0025.39,+0000.84,+0000.38,-0011.71
+1580947115.99,+0001.95,+0002.93,-0025.39,+0000.77,-0000.15,-0010.87
+1580947116.00,+0001.95,+0002.93,-0025.39,+0000.92,-0000.23,-0011.18
+1580947116.00,+0000.98,+0002.93,-0025.39,+0000.69,+0000.23,-0010.80
+1580947116.01,+0001.95,+0002.93,-0025.39,+0001.07,-0000.69,-0010.95
+1580947116.01,+0003.91,+0002.93,-0025.39,+0000.23,-0000.46,-0008.96
+1580947116.02,+0003.91,+0001.95,-0026.37,+0000.00,-0000.23,-0008.04
+1580947116.02,+0001.95,+0001.95,-0026.37,+0000.46,-0000.31,-0008.73
+1580947116.03,+0001.95,+0001.95,-0026.37,+0000.61,-0000.69,-0009.95
+1580947116.03,+0002.93,+0000.98,-0027.34,+0000.69,-0000.46,-0009.80
+1580947116.04,+0004.88,+0000.98,-0027.34,+0000.46,-0000.31,-0009.88
+1580947116.04,+0003.91,+0000.98,-0027.34,+0000.61,-0000.15,-0010.11
+1580947116.05,+0001.95,+0000.98,-0027.34,+0000.54,+0000.38,-0011.87
+1580947116.05,+0002.93,+0000.00,-0027.34,+0000.61,-0000.46,-0012.25
+1580947116.06,+0003.91,+0000.00,-0027.34,+0001.07,-0000.31,-0011.03
+1580947116.06,+0004.88,+0000.00,-0027.34,+0000.31,-0000.77,-0010.03
+1580947116.07,+0002.93,+0000.00,-0028.32,+0000.23,-0000.69,-0009.65
+1580947116.07,+0002.93,-0000.98,-0028.32,+0000.31,-0000.61,-0009.57
+1580947116.08,+0003.91,-0000.98,-0028.32,+0000.38,-0000.69,-0009.88
+1580947116.08,+0004.88,-0001.95,-0028.32,+0000.31,-0000.92,-0009.26
+1580947116.09,+0004.88,-0001.95,-0029.30,+0000.38,-0000.84,-0009.11
+1580947116.09,+0003.91,-0001.95,-0029.30,+0000.00,-0000.77,-0009.65
+1580947116.10,+0003.91,-0002.93,-0030.27,+0000.08,-0000.69,-0010.34
+1580947116.10,+0004.88,-0003.91,-0030.27,-0000.08,-0000.61,-0009.88
+1580947116.11,+0005.86,-0003.91,-0030.27,+0000.23,-0000.84,-0009.65
+1580947116.11,+0003.91,-0003.91,-0031.25,+0000.31,-0000.54,-0010.49
+1580947116.12,+0002.93,-0004.88,-0031.25,+0000.61,-0000.54,-0011.94
+1580947116.12,+0003.91,-0005.86,-0032.23,+0000.84,-0000.46,-0011.56
+1580947116.13,+0004.88,-0005.86,-0031.25,-0000.15,-0000.23,-0011.25
+1580947116.13,+0004.88,-0005.86,-0031.25,+0001.15,-0000.92,-0010.57
+1580947116.14,+0003.91,-0005.86,-0032.23,+0000.08,-0000.08,-0009.95
+1580947116.14,+0003.91,-0006.84,-0032.23,+0000.61,-0001.23,-0010.11
+1580947116.15,+0004.88,-0007.81,-0032.23,+0000.08,-0000.23,-0009.49
+1580947116.15,+0004.88,-0007.81,-0032.23,+0000.38,-0000.92,-0009.49
+1580947116.16,+0004.88,-0008.79,-0033.20,-0000.31,-0000.69,-0009.80
+1580947116.16,+0003.91,-0008.79,-0034.18,-0000.08,-0000.69,-0010.87
+1580947116.17,+0003.91,-0009.77,-0034.18,-0000.08,-0000.61,-0011.64
+1580947116.17,+0004.88,-0009.77,-0034.18,+0000.15,-0001.45,-0011.18
+1580947116.18,+0005.86,-0009.77,-0035.16,+0000.46,-0000.61,-0010.72
+1580947116.18,+0004.88,-0009.77,-0034.18,+0000.31,-0001.07,-0010.49
+1580947116.19,+0003.91,-0010.74,-0035.16,-0000.38,-0001.00,-0010.57
+1580947116.19,+0004.88,-0011.72,-0035.16,+0000.15,-0001.45,-0011.18
+1580947116.20,+0006.84,-0010.74,-0035.16,+0000.31,-0001.00,-0010.41
+1580947116.20,+0007.81,-0010.74,-0036.13,-0000.61,-0001.30,-0008.35
+1580947116.21,+0005.86,-0012.70,-0037.11,-0000.31,-0000.15,-0010.64
+1580947116.21,+0003.91,-0011.72,-0037.11,-0000.38,-0001.15,-0011.64
+1580947116.22,+0006.84,-0012.70,-0038.09,+0000.00,-0001.23,-0012.71
+1580947116.22,+0008.79,-0012.70,-0038.09,-0000.15,-0000.54,-0009.72
+1580947116.23,+0007.81,-0012.70,-0038.09,+0000.15,-0001.23,-0008.96
+1580947116.23,+0006.84,-0011.72,-0038.09,+0000.00,-0001.30,-0010.34
+1580947116.24,+0005.86,-0012.70,-0039.06,-0000.23,-0000.46,-0011.71
+1580947116.24,+0006.84,-0013.67,-0039.06,+0000.08,-0000.77,-0010.87
+1580947116.25,+0007.81,-0013.67,-0039.06,-0000.46,-0000.84,-0009.42
+1580947116.25,+0007.81,-0013.67,-0039.06,+0000.15,-0000.84,-0009.49
+1580947116.26,+0006.84,-0013.67,-0040.04,+0000.31,-0000.92,-0009.80
+1580947116.26,+0006.84,-0012.70,-0040.04,+0000.38,-0001.30,-0009.49
+1580947116.27,+0007.81,-0013.67,-0040.04,-0000.54,-0000.69,-0009.65
+1580947116.27,+0008.79,-0013.67,-0040.04,+0000.00,-0000.69,-0009.03
+1580947116.28,+0007.81,-0014.65,-0041.02,-0000.15,-0000.38,-0010.03
+1580947116.28,+0006.84,-0013.67,-0041.02,-0000.15,-0000.31,-0010.87
+1580947116.29,+0006.84,-0014.65,-0041.02,-0000.08,-0000.31,-0010.95
+1580947116.29,+0006.84,-0014.65,-0041.02,+0000.69,-0000.31,-0011.33
+1580947116.30,+0007.81,-0013.67,-0040.04,+0000.61,+0000.08,-0010.26
+1580947116.30,+0005.86,-0013.67,-0040.04,+0000.69,-0000.15,-0010.03
+1580947116.31,+0005.86,-0012.70,-0040.04,+0000.61,-0000.31,-0009.19
+1580947116.31,+0005.86,-0013.67,-0040.04,+0000.15,-0000.38,-0008.73
+1580947116.32,+0006.84,-0012.70,-0040.04,+0000.69,-0000.08,-0008.96
+1580947116.32,+0005.86,-0012.70,-0040.04,+0000.08,-0000.08,-0008.19
+1580947116.33,+0004.88,-0011.72,-0040.04,+0000.61,+0000.15,-0008.80
+1580947116.33,+0003.91,-0012.70,-0040.04,+0000.61,+0000.31,-0010.18
+1580947116.34,+0004.88,-0012.70,-0040.04,+0000.61,-0000.15,-0011.18
+1580947116.34,+0004.88,-0011.72,-0039.06,+0000.46,+0000.46,-0009.95
+1580947116.35,+0003.91,-0010.74,-0039.06,+0000.69,+0000.46,-0011.41
+1580947116.35,+0002.93,-0010.74,-0038.09,+0001.38,-0000.23,-0011.87
+1580947116.36,+0003.91,-0010.74,-0038.09,+0001.00,-0000.31,-0011.64
+1580947116.36,+0004.88,-0009.77,-0037.11,+0001.00,+0000.61,-0010.64
+1580947116.37,+0002.93,-0009.77,-0037.11,+0000.61,+0000.69,-0010.49
+1580947116.37,+0001.95,-0009.77,-0036.13,+0000.77,-0000.46,-0010.95
+1580947116.38,+0003.91,-0008.79,-0036.13,+0000.69,-0000.46,-0009.57
+1580947116.38,+0004.88,-0008.79,-0036.13,+0000.15,+0000.08,-0007.27
+1580947116.39,+0002.93,-0007.81,-0036.13,+0000.15,+0000.00,-0007.66
+1580947116.39,+0001.95,-0008.79,-0036.13,-0000.38,-0000.23,-0009.03
+1580947116.40,+0002.93,-0007.81,-0036.13,+0000.31,+0000.15,-0009.03
+1580947116.40,+0002.93,-0006.84,-0035.16,+0000.92,+0000.31,-0009.11
+1580947116.41,+0002.93,-0006.84,-0035.16,+0000.77,+0000.08,-0010.18
+1580947116.41,+0001.95,-0005.86,-0035.16,+0000.84,+0000.46,-0011.03
+1580947116.42,+0001.95,-0004.88,-0034.18,+0001.07,+0000.38,-0012.40
+1580947116.42,+0002.93,-0004.88,-0033.20,+0001.84,+0000.61,-0012.10
+1580947116.43,+0002.93,-0003.91,-0033.20,+0000.92,+0000.61,-0011.94
+1580947116.43,+0001.95,-0003.91,-0032.23,+0001.15,+0000.00,-0010.80
+1580947116.44,+0001.95,-0003.91,-0032.23,+0000.46,+0000.23,-0008.80
+1580947116.44,+0001.95,-0003.91,-0032.23,+0001.00,+0000.08,-0008.50
+1580947116.45,+0001.95,-0003.91,-0031.25,+0000.77,+0000.54,-0008.12
+1580947116.45,+0000.98,-0003.91,-0031.25,+0001.07,+0000.23,-0008.42
+1580947116.46,+0001.95,-0003.91,-0031.25,+0001.23,+0000.77,-0009.11
+1580947116.46,+0001.95,-0002.93,-0030.27,+0000.84,+0000.23,-0009.19
+1580947116.47,+0001.95,-0002.93,-0030.27,+0001.00,+0000.69,-0009.49
+1580947116.47,+0000.98,-0002.93,-0030.27,+0000.77,+0000.69,-0011.25
+1580947116.48,+0000.98,-0002.93,-0029.30,+0000.77,+0000.84,-0011.94
+1580947116.48,+0000.98,-0002.93,-0029.30,+0000.77,+0000.38,-0011.25
+1580947116.49,+0000.98,-0002.93,-0028.32,+0001.45,+0000.61,-0011.41
+1580947116.49,+0000.00,-0002.93,-0028.32,+0001.38,+0000.54,-0011.41
+1580947116.50,+0000.00,-0002.93,-0028.32,+0001.00,+0000.38,-0011.18
+1580947116.50,+0000.98,-0002.93,-0027.34,+0000.84,+0000.69,-0010.49
+1580947116.51,+0000.00,-0002.93,-0027.34,+0001.15,+0000.38,-0008.65
+1580947116.51,+0000.00,-0002.93,-0026.37,+0000.69,+0000.15,-0009.42
+1580947116.52,+0000.00,-0003.91,-0026.37,+0001.00,+0000.08,-0009.42
+1580947116.52,+0000.98,-0004.88,-0026.37,+0000.54,-0000.15,-0009.26
+1580947116.53,+0000.98,-0005.86,-0026.37,+0000.54,-0001.00,-0008.58
+1580947116.53,+0001.95,-0005.86,-0026.37,+0000.77,-0000.23,-0008.50
+1580947116.54,+0001.95,-0005.86,-0026.37,+0000.84,+0000.08,-0009.42
+1580947116.54,+0000.00,-0005.86,-0026.37,+0000.84,-0000.31,-0012.17
+1580947116.55,+0000.98,-0006.84,-0025.39,+0001.00,-0000.08,-0012.56
+1580947116.55,+0002.93,-0006.84,-0025.39,+0000.46,+0000.00,-0011.33
+1580947116.56,+0002.93,-0006.84,-0025.39,+0000.69,-0000.08,-0010.57
+1580947116.56,+0001.95,-0006.84,-0024.41,+0000.23,-0000.46,-0010.57
+1580947116.57,+0000.98,-0007.81,-0025.39,+0000.69,-0000.38,-0010.34
+1580947116.57,+0001.95,-0008.79,-0024.41,+0000.23,-0000.15,-0010.11
+1580947116.58,+0001.95,-0008.79,-0024.41,+0000.54,-0000.31,-0009.34
+1580947116.58,+0001.95,-0009.77,-0024.41,+0001.07,-0000.46,-0009.19
+1580947116.59,+0000.98,-0009.77,-0024.41,+0000.61,-0000.69,-0010.11
+1580947116.59,+0002.93,-0010.74,-0024.41,+0000.61,+0000.00,-0010.26
+1580947116.60,+0002.93,-0010.74,-0024.41,+0000.61,+0000.00,-0009.88
+1580947116.60,+0002.93,-0010.74,-0024.41,+0000.69,-0000.38,-0010.41
+1580947116.61,+0001.95,-0011.72,-0024.41,+0000.38,+0000.08,-0010.80
+1580947116.61,+0000.98,-0011.72,-0024.41,+0000.61,+0000.08,-0011.64
+1580947116.62,+0001.95,-0012.70,-0024.41,+0000.77,-0000.38,-0011.10
+1580947116.62,+0001.95,-0012.70,-0023.44,+0000.61,-0000.38,-0010.18
+1580947116.63,+0001.95,-0013.67,-0023.44,+0000.77,-0000.08,-0010.49
+1580947116.63,+0000.98,-0014.65,-0023.44,+0000.84,-0000.92,-0010.72
+1580947116.64,+0001.95,-0014.65,-0022.46,+0001.00,-0000.15,-0010.18
+1580947116.64,+0002.93,-0014.65,-0022.46,+0000.84,-0000.61,-0009.49
+1580947116.65,+0001.95,-0014.65,-0022.46,+0000.46,-0000.38,-0009.34
+1580947116.65,+0001.95,-0014.65,-0022.46,-0000.08,-0000.46,-0010.18
+1580947116.66,+0001.95,-0015.62,-0022.46,+0000.69,-0000.54,-0010.72
+1580947116.66,+0001.95,-0015.62,-0023.44,-0000.08,-0000.38,-0010.95
+1580947116.67,+0001.95,-0015.62,-0022.46,+0000.23,-0000.46,-0010.64
+1580947116.67,+0001.95,-0015.62,-0022.46,+0000.31,+0000.23,-0010.03
+1580947116.68,+0001.95,-0015.62,-0022.46,+0000.61,-0000.46,-0010.57
+1580947116.68,+0001.95,-0015.62,-0022.46,+0000.54,-0000.31,-0009.95
+1580947116.69,+0001.95,-0015.62,-0022.46,+0000.61,-0000.31,-0010.11
+1580947116.69,+0001.95,-0015.62,-0022.46,+0000.69,-0000.31,-0010.49
+1580947116.70,+0001.95,-0016.60,-0021.48,+0000.31,-0000.77,-0010.11
+1580947116.70,+0002.93,-0016.60,-0022.46,+0000.46,+0000.15,-0010.41
+1580947116.71,+0000.98,-0016.60,-0021.48,+0000.92,-0000.31,-0010.03
+1580947116.71,+0000.98,-0016.60,-0021.48,+0000.61,+0000.08,-0010.80
+1580947116.72,+0000.98,-0017.58,-0021.48,+0001.00,-0000.54,-0010.26
+1580947116.72,+0001.95,-0017.58,-0020.51,+0001.07,-0000.15,-0009.03
+1580947116.73,+0000.98,-0016.60,-0020.51,+0000.54,-0000.15,-0009.34
+1580947116.73,+0000.98,-0016.60,-0019.53,+0001.15,+0000.08,-0009.11
+1580947116.74,+0000.98,-0016.60,-0019.53,+0000.69,+0000.23,-0008.96
+1580947116.74,+0001.95,-0016.60,-0018.55,+0000.61,-0000.46,-0009.03
+1580947116.75,+0000.98,-0016.60,-0018.55,+0000.54,+0000.00,-0008.58
+1580947116.75,+0000.00,-0015.62,-0018.55,+0001.07,+0000.00,-0008.88
+1580947116.76,-0000.98,-0015.62,-0017.58,+0001.00,+0000.08,-0010.80
+1580947116.76,+0000.00,-0015.62,-0017.58,+0001.07,-0000.23,-0011.10
+1580947116.77,+0000.00,-0014.65,-0016.60,+0000.31,+0000.38,-0010.11
+1580947116.77,-0000.98,-0013.67,-0016.60,+0001.23,+0000.23,-0010.18
+1580947116.78,-0001.95,-0012.70,-0015.62,+0000.77,-0000.15,-0011.48
+1580947116.78,-0000.98,-0012.70,-0015.62,+0000.92,-0000.15,-0010.49
+1580947116.79,-0000.98,-0012.70,-0014.65,+0000.61,-0000.08,-0011.10
+1580947116.79,-0001.95,-0011.72,-0013.67,+0001.45,-0000.38,-0011.10
+1580947116.80,-0001.95,-0011.72,-0013.67,+0001.15,+0000.23,-0010.57
+1580947116.80,-0000.98,-0011.72,-0012.70,+0000.77,-0000.69,-0010.80
+1580947116.81,-0000.98,-0011.72,-0012.70,+0001.00,-0000.38,-0009.57
+1580947116.81,-0000.98,-0010.74,-0011.72,+0000.69,-0000.46,-0009.19
+1580947116.82,-0000.98,-0010.74,-0011.72,+0000.92,-0000.92,-0009.49
+1580947116.82,-0000.98,-0011.72,-0011.72,+0000.84,-0000.38,-0009.80
+1580947116.83,+0000.00,-0010.74,-0010.74,+0000.31,-0000.84,-0009.42
+1580947116.83,+0000.00,-0009.77,-0010.74,+0000.77,-0000.31,-0008.73
+1580947116.84,-0000.98,-0008.79,-0010.74,+0000.31,+0000.23,-0010.11
+1580947116.84,-0001.95,-0008.79,-0010.74,+0000.31,+0000.15,-0010.34
+1580947116.85,-0001.95,-0007.81,-0009.77,+0000.46,+0000.00,-0011.25
+1580947116.85,-0000.98,-0006.84,-0009.77,+0000.46,+0000.08,-0011.71
+1580947116.86,-0000.98,-0005.86,-0009.77,+0001.23,+0000.31,-0010.64
+1580947116.86,-0001.95,-0004.88,-0008.79,+0000.46,+0000.23,-0011.33
+1580947116.87,-0001.95,-0003.91,-0008.79,+0000.08,-0000.08,-0011.33
+1580947116.87,+0000.00,-0002.93,-0008.79,+0000.31,-0000.31,-0009.88
+1580947116.88,+0000.00,-0002.93,-0008.79,+0000.15,-0000.38,-0009.65
+1580947116.88,+0000.00,-0001.95,-0008.79,+0000.46,-0001.15,-0008.12
+1580947116.89,+0000.00,-0001.95,-0008.79,+0000.00,-0000.54,-0008.50
+1580947116.89,-0000.98,-0001.95,-0008.79,-0000.08,-0000.15,-0009.65
+1580947116.89,+0000.00,-0000.98,-0008.79,+0000.15,-0000.38,-0009.65
+1580947116.90,+0001.95,+0000.00,-0007.81,+0000.15,-0000.08,-0010.03
+1580947116.90,+0000.98,+0000.98,-0007.81,+0000.08,+0000.15,-0009.95
+1580947116.91,+0000.00,+0000.98,-0007.81,-0000.38,+0000.23,-0011.33
+1580947116.91,+0000.00,+0001.95,-0007.81,-0000.15,-0000.08,-0012.48
+1580947116.92,+0000.98,+0001.95,-0008.79,-0000.38,+0000.23,-0011.71
+1580947116.92,+0001.95,+0001.95,-0008.79,-0000.23,-0000.23,-0011.71
+1580947116.93,+0001.95,+0002.93,-0008.79,-0000.69,+0000.08,-0010.95
+1580947116.93,+0001.95,+0002.93,-0008.79,+0000.00,-0000.08,-0010.34
+1580947116.94,+0001.95,+0001.95,-0008.79,-0000.46,-0000.23,-0010.64
+1580947116.94,+0001.95,+0002.93,-0008.79,+0000.15,-0000.46,-0009.80
+1580947116.95,+0002.93,+0002.93,-0008.79,+0000.00,+0000.15,-0009.34
+1580947116.95,+0002.93,+0002.93,-0009.77,-0000.15,-0000.61,-0010.03
+1580947116.96,+0002.93,+0002.93,-0009.77,-0000.54,+0000.00,-0009.34
+1580947116.96,+0002.93,+0002.93,-0009.77,-0000.77,+0000.08,-0008.80
+1580947116.97,+0002.93,+0002.93,-0010.74,-0000.38,-0000.08,-0009.42
+1580947116.97,+0002.93,+0002.93,-0011.72,-0000.61,+0000.15,-0009.65
+1580947116.98,+0001.95,+0002.93,-0011.72,-0000.31,-0000.08,-0010.72
+1580947116.98,+0002.93,+0002.93,-0011.72,-0000.23,+0000.31,-0011.25
+1580947116.99,+0002.93,+0002.93,-0011.72,-0000.92,+0001.07,-0010.64
+1580947116.99,+0001.95,+0002.93,-0011.72,+0000.08,+0000.23,-0010.87
+1580947117.00,+0001.95,+0002.93,-0012.70,-0000.69,+0000.77,-0010.57
+1580947117.00,+0001.95,+0001.95,-0012.70,-0000.38,+0000.61,-0009.88
+1580947117.01,+0000.98,+0001.95,-0013.67,-0000.38,+0000.46,-0009.88
+1580947117.01,+0000.00,+0001.95,-0013.67,-0000.84,+0000.92,-0009.57
+1580947117.02,+0000.00,+0001.95,-0013.67,+0000.23,+0000.15,-0009.80
+1580947117.02,+0000.98,+0000.98,-0013.67,+0000.23,+0000.23,-0009.72
+1580947117.03,+0000.98,+0001.95,-0013.67,+0000.00,+0000.31,-0010.03
+1580947117.03,+0000.98,+0001.95,-0013.67,+0000.23,+0000.23,-0010.41
+1580947117.04,+0000.00,+0001.95,-0013.67,+0000.23,-0000.15,-0010.18
+1580947117.04,+0000.00,+0000.98,-0013.67,-0000.08,-0000.08,-0010.11
+1580947117.05,+0000.00,+0000.98,-0014.65,+0000.08,+0000.00,-0009.72
+1580947117.05,+0000.00,+0000.98,-0013.67,+0000.15,-0000.15,-0009.19
+1580947117.06,-0000.98,+0000.98,-0014.65,-0000.08,+0000.31,-0009.26
+1580947117.06,-0000.98,+0000.98,-0013.67,+0000.46,-0000.38,-0009.26
+1580947117.07,+0000.00,+0000.98,-0013.67,+0000.15,-0000.38,-0009.88
+1580947117.07,+0000.00,+0000.98,-0013.67,+0000.00,-0000.23,-0010.72
+1580947117.08,-0000.98,+0000.98,-0013.67,+0000.31,-0000.61,-0011.03
+1580947117.08,-0000.98,+0000.98,-0013.67,+0000.23,-0000.23,-0011.56
+1580947117.09,-0000.98,+0000.98,-0013.67,+0000.92,-0000.92,-0011.10
+1580947117.09,+0000.00,+0000.98,-0013.67,+0000.77,-0000.92,-0010.64
+1580947117.10,+0000.98,+0000.98,-0012.70,+0000.38,-0000.38,-0010.87
+1580947117.10,+0000.98,+0000.98,-0012.70,+0000.38,-0000.77,-0010.34
+1580947117.11,+0000.00,+0000.98,-0012.70,+0000.61,-0001.15,-0009.19
+1580947117.11,+0000.98,+0000.00,-0012.70,+0000.46,-0001.00,-0008.88
+1580947117.12,+0001.95,+0000.00,-0012.70,+0000.69,-0001.45,-0008.58
+1580947117.13,+0000.98,+0000.00,-0011.72,+0000.92,-0000.92,-0009.26
+1580947117.13,+0000.98,-0000.98,-0011.72,+0001.23,-0000.92,-0009.49
+1580947117.14,+0001.95,-0000.98,-0010.74,+0000.61,-0000.54,-0009.88
+1580947117.14,+0000.00,-0000.98,-0010.74,+0000.69,-0000.15,-0011.18
+1580947117.15,-0000.98,-0000.98,-0010.74,+0001.15,-0000.46,-0011.79
+1580947117.15,+0000.00,-0000.98,-0010.74,+0000.54,-0000.31,-0012.33
+1580947117.16,-0000.98,-0000.98,-0009.77,+0000.84,-0000.46,-0010.72
+1580947117.16,-0000.98,-0000.98,-0009.77,+0000.84,-0000.46,-0009.49
+1580947117.17,-0000.98,-0000.98,-0008.79,+0000.46,-0000.08,-0009.42
+1580947117.17,-0001.95,-0000.98,-0008.79,+0000.84,-0001.00,-0009.26
+1580947117.18,-0001.95,-0001.95,-0008.79,+0000.69,-0000.61,-0009.34
+1580947117.18,-0001.95,-0001.95,-0008.79,+0000.77,-0001.23,-0009.80
+1580947117.19,-0000.98,-0001.95,-0007.81,+0001.07,-0000.77,-0009.57
+1580947117.19,-0001.95,-0001.95,-0007.81,+0000.84,-0000.61,-0010.18
+1580947117.20,-0001.95,-0001.95,-0007.81,+0000.92,-0001.00,-0010.87
+1580947117.20,-0001.95,-0001.95,-0007.81,+0000.69,-0000.77,-0010.49
+1580947117.21,-0000.98,-0002.93,-0007.81,+0000.00,-0001.30,-0010.72
+1580947117.21,-0000.98,-0002.93,-0006.84,+0000.00,-0001.15,-0009.95
+1580947117.22,-0000.98,-0002.93,-0006.84,-0000.08,-0001.53,-0009.57
+1580947117.22,-0000.98,-0003.91,-0007.81,+0000.31,-0001.07,-0010.18
+1580947117.23,-0000.98,-0003.91,-0007.81,+0000.54,-0001.23,-0009.03
+1580947117.23,-0000.98,-0003.91,-0006.84,+0000.61,-0001.61,-0008.88
+1580947117.24,+0000.00,-0004.88,-0007.81,+0000.08,-0001.23,-0009.49
+1580947117.24,+0000.00,-0003.91,-0007.81,+0000.46,-0001.07,-0009.34
+1580947117.25,-0001.95,-0003.91,-0007.81,+0000.77,-0001.07,-0011.71
+1580947117.25,-0001.95,-0003.91,-0006.84,+0000.77,-0001.61,-0011.94
+1580947117.26,+0000.00,-0004.88,-0006.84,+0000.46,-0001.30,-0010.95
+1580947117.26,+0000.98,-0003.91,-0006.84,+0000.00,-0001.45,-0010.34
+1580947117.27,+0000.00,-0003.91,-0006.84,+0000.08,-0001.45,-0009.49
+1580947117.27,-0000.98,-0003.91,-0006.84,-0000.46,-0001.15,-0009.42
+1580947117.28,+0000.00,-0004.88,-0007.81,+0000.08,-0001.84,-0009.80
+1580947117.28,+0000.98,-0004.88,-0007.81,-0000.46,-0001.15,-0009.65
+1580947117.29,+0000.98,-0005.86,-0007.81,-0000.15,-0001.45,-0009.42
+1580947117.29,+0000.98,-0004.88,-0007.81,+0000.23,-0001.45,-0009.49
+1580947117.30,+0000.00,-0005.86,-0008.79,-0000.54,-0000.77,-0010.87
+1580947117.30,+0000.00,-0005.86,-0008.79,+0000.54,-0001.30,-0011.56
+1580947117.31,+0000.00,-0005.86,-0008.79,+0000.08,-0001.15,-0010.64
+1580947117.31,+0000.00,-0004.88,-0008.79,+0000.46,-0000.84,-0011.18
+1580947117.32,+0000.00,-0004.88,-0008.79,+0000.15,-0001.45,-0011.79
+1580947117.32,+0000.00,-0004.88,-0008.79,+0000.08,-0000.69,-0010.95
+1580947117.33,+0000.98,-0005.86,-0007.81,+0000.08,-0001.61,-0010.57
+1580947117.33,+0000.98,-0005.86,-0008.79,-0000.61,-0000.92,-0009.34
+1580947117.34,+0000.00,-0005.86,-0008.79,-0000.46,-0001.38,-0008.80
+1580947117.34,+0000.00,-0006.84,-0009.77,-0000.23,-0001.38,-0009.19
+1580947117.35,+0000.98,-0006.84,-0009.77,-0000.61,-0001.15,-0009.42
+1580947117.35,+0000.98,-0006.84,-0009.77,+0000.00,-0001.07,-0009.65
+1580947117.36,+0000.98,-0006.84,-0009.77,+0000.31,-0001.00,-0009.72
+1580947117.36,+0000.98,-0006.84,-0009.77,+0000.08,-0001.00,-0010.95
+1580947117.37,+0000.98,-0006.84,-0009.77,+0000.38,-0000.54,-0010.72
+1580947117.37,+0000.98,-0005.86,-0009.77,-0000.15,-0000.84,-0011.56
+1580947117.38,+0000.98,-0005.86,-0010.74,-0000.38,-0000.46,-0011.64
+1580947117.38,+0000.98,-0005.86,-0010.74,-0000.15,-0000.54,-0011.10
+1580947117.39,+0000.00,-0005.86,-0010.74,+0000.08,-0000.54,-0010.72
+1580947117.39,+0000.00,-0006.84,-0010.74,-0000.38,-0000.84,-0009.49
+1580947117.40,+0000.98,-0006.84,-0010.74,-0000.46,-0001.00,-0009.65
+1580947117.40,+0000.98,-0005.86,-0010.74,+0000.08,-0000.77,-0008.19
+1580947117.41,+0000.00,-0006.84,-0010.74,-0000.38,-0000.77,-0009.72
+1580947117.41,+0000.00,-0005.86,-0010.74,+0000.08,-0000.77,-0009.95
+1580947117.42,+0001.95,-0005.86,-0010.74,-0000.46,-0001.15,-0009.72
+1580947117.42,+0001.95,-0005.86,-0011.72,-0000.15,+0000.00,-0008.73
+1580947117.43,+0000.00,-0005.86,-0010.74,-0000.38,-0000.69,-0010.64
+1580947117.43,+0000.00,-0005.86,-0011.72,+0000.15,-0000.23,-0011.87
+1580947117.44,+0000.98,-0005.86,-0011.72,-0000.08,-0000.15,-0011.87
+1580947117.44,+0000.98,-0005.86,-0011.72,+0000.08,+0000.38,-0011.48
+1580947117.45,+0000.00,-0005.86,-0011.72,+0000.15,+0000.23,-0011.03
+1580947117.45,+0000.00,-0006.84,-0011.72,+0000.08,+0000.00,-0012.02
+1580947117.46,+0000.00,-0006.84,-0010.74,-0000.54,-0000.08,-0011.18
+1580947117.46,+0000.00,-0006.84,-0011.72,-0000.38,+0000.31,-0010.03
+1580947117.47,+0000.00,-0007.81,-0010.74,-0000.38,+0000.61,-0009.26
+1580947117.47,+0000.00,-0007.81,-0011.72,+0000.54,-0000.08,-0009.34
+1580947117.48,+0000.00,-0007.81,-0011.72,-0000.08,+0000.31,-0008.88
+1580947117.48,-0000.98,-0007.81,-0011.72,+0000.15,+0000.08,-0008.73
+1580947117.49,-0000.98,-0007.81,-0011.72,+0000.38,-0000.08,-0010.18
+1580947117.49,+0000.00,-0007.81,-0010.74,+0000.00,+0000.15,-0010.49
+1580947117.50,+0000.98,-0006.84,-0010.74,-0000.31,+0000.31,-0010.57
+1580947117.50,+0000.00,-0006.84,-0010.74,+0000.31,+0000.31,-0010.26
+1580947117.51,+0000.00,-0005.86,-0010.74,-0000.38,+0000.00,-0011.64
+1580947117.51,+0000.98,-0006.84,-0010.74,-0000.15,+0000.23,-0011.56
+1580947117.52,+0001.95,-0006.84,-0010.74,-0000.38,+0000.00,-0010.80
+1580947117.52,+0000.98,-0005.86,-0010.74,+0000.08,+0000.61,-0010.57
+1580947117.53,+0000.98,-0005.86,-0010.74,+0000.00,+0000.23,-0010.64
+1580947117.53,+0001.95,-0005.86,-0010.74,+0000.15,-0000.15,-0010.41
+1580947117.54,+0002.93,-0005.86,-0009.77,+0000.15,-0000.08,-0009.42
+1580947117.54,+0002.93,-0005.86,-0009.77,+0000.31,+0000.15,-0008.88
+1580947117.55,+0001.95,-0004.88,-0009.77,+0000.23,+0000.54,-0010.03
+1580947117.55,+0000.98,-0004.88,-0009.77,-0000.08,+0000.00,-0010.95
+1580947117.56,+0003.91,-0004.88,-0009.77,+0000.61,+0000.15,-0010.03
+1580947117.56,+0005.86,-0004.88,-0009.77,+0000.00,-0000.08,-0008.88
+1580947117.57,+0005.86,-0003.91,-0008.79,+0000.08,+0000.69,-0007.73
+1580947117.57,+0001.95,-0003.91,-0008.79,+0000.54,+0000.61,-0009.26
+1580947117.58,+0000.98,-0003.91,-0008.79,+0000.38,+0000.15,-0011.87
+1580947117.58,+0002.93,-0003.91,-0008.79,+0000.31,+0000.69,-0011.79
+1580947117.59,+0004.88,-0003.91,-0007.81,+0000.69,+0001.23,-0009.65
+1580947117.59,+0001.95,-0002.93,-0007.81,+0000.46,+0001.45,-0009.65
+1580947117.60,-0000.98,-0002.93,-0007.81,+0000.08,+0000.77,-0010.95
+1580947117.60,+0000.00,-0002.93,-0007.81,+0000.61,+0001.07,-0011.64
+1580947117.61,+0001.95,-0002.93,-0006.84,+0001.00,+0001.23,-0009.57
+1580947117.61,+0000.98,-0001.95,-0006.84,+0000.08,+0000.69,-0009.03
+1580947117.62,-0000.98,-0001.95,-0005.86,+0000.61,+0000.69,-0008.19
+1580947117.62,-0000.98,-0002.93,-0005.86,+0000.54,-0000.15,-0008.42
+1580947117.63,+0000.98,-0002.93,-0005.86,+0000.38,-0000.38,-0008.80
+1580947117.63,+0001.95,-0002.93,-0004.88,+0000.84,+0000.08,-0007.50
+1580947117.64,+0000.98,-0001.95,-0004.88,+0000.38,+0000.23,-0008.65
+1580947117.64,-0000.98,-0002.93,-0004.88,+0000.69,-0000.38,-0010.95
+1580947117.65,+0000.00,-0002.93,-0004.88,+0000.54,-0000.31,-0011.64
+1580947117.65,+0000.98,-0002.93,-0003.91,+0000.54,-0000.08,-0012.25
+1580947117.66,+0001.95,-0001.95,-0003.91,+0000.54,-0000.38,-0010.57
+1580947117.66,+0000.98,-0001.95,-0003.91,+0000.15,+0000.00,-0010.11
+1580947117.67,-0000.98,-0002.93,-0003.91,+0000.38,-0000.31,-0010.57
+1580947117.67,-0000.98,-0002.93,-0003.91,+0000.69,-0000.23,-0011.25
+1580947117.68,-0000.98,-0002.93,-0003.91,+0000.61,-0000.15,-0011.18
+1580947117.68,-0000.98,-0002.93,-0002.93,+0001.30,-0000.61,-0010.57
+1580947117.69,-0000.98,-0002.93,-0002.93,+0000.61,-0000.31,-0010.80
+1580947117.69,-0000.98,-0002.93,-0001.95,+0000.46,-0000.61,-0009.95
+1580947117.70,-0000.98,-0003.91,-0001.95,+0000.77,-0000.54,-0008.96
+1580947117.70,-0000.98,-0003.91,-0001.95,+0000.31,-0000.46,-0009.42
+1580947117.71,-0001.95,-0003.91,-0000.98,+0000.61,-0000.38,-0010.11
+1580947117.71,-0001.95,-0003.91,-0000.98,+0000.61,-0000.38,-0009.80
+1580947117.72,-0001.95,-0003.91,-0000.98,+0000.46,-0000.77,-0010.11
+1580947117.72,-0000.98,-0003.91,-0000.98,+0000.61,-0000.84,-0008.88
+1580947117.73,-0001.95,-0003.91,-0000.98,+0000.46,-0000.46,-0009.11
+1580947117.73,-0002.93,-0003.91,-0000.98,+0000.23,-0000.61,-0010.41
+1580947117.74,-0001.95,-0004.88,+0000.00,+0000.46,-0000.46,-0010.11
+1580947117.74,-0000.98,-0004.88,+0000.00,+0000.61,-0000.31,-0010.49
+1580947117.75,-0001.95,-0004.88,+0000.98,+0001.07,-0001.30,-0011.18
+1580947117.75,-0001.95,-0004.88,+0000.98,+0000.69,-0000.31,-0011.03
+1580947117.76,-0001.95,-0004.88,+0000.98,+0000.92,-0000.92,-0012.25
+1580947117.76,-0000.98,-0004.88,+0001.95,+0000.54,-0000.84,-0011.41
+1580947117.77,-0000.98,-0004.88,+0001.95,+0000.38,-0000.31,-0010.26
+1580947117.77,-0001.95,-0004.88,+0001.95,+0000.61,-0000.92,-0010.41
+1580947117.78,-0001.95,-0004.88,+0001.95,+0000.46,-0001.23,-0009.65
+1580947117.78,-0000.98,-0004.88,+0001.95,+0000.77,-0000.61,-0008.50
+1580947117.79,-0000.98,-0004.88,+0002.93,+0000.31,-0001.15,-0008.58
+1580947117.79,-0001.95,-0003.91,+0002.93,+0000.84,-0000.61,-0008.65
+1580947117.80,-0001.95,-0003.91,+0003.91,+0000.31,-0000.31,-0009.95
+1580947117.80,-0001.95,-0003.91,+0003.91,+0001.15,-0000.46,-0010.41
+1580947117.81,-0000.98,-0002.93,+0003.91,+0000.08,-0000.15,-0011.18
+1580947117.81,-0001.95,-0002.93,+0003.91,+0001.00,-0000.54,-0011.33
+1580947117.82,-0001.95,-0001.95,+0004.88,+0000.46,-0000.15,-0010.80
+1580947117.82,-0001.95,-0001.95,+0004.88,+0000.46,-0000.31,-0011.56
+1580947117.83,-0001.95,-0000.98,+0004.88,+0000.38,+0000.46,-0010.87
+1580947117.83,-0001.95,+0000.00,+0004.88,+0000.38,+0000.31,-0010.87
+1580947117.84,-0001.95,+0000.00,+0004.88,+0000.08,-0000.54,-0010.26
+1580947117.84,-0000.98,+0000.98,+0005.86,+0000.08,-0000.08,-0008.73
+1580947117.85,-0001.95,+0000.98,+0004.88,-0000.46,-0000.23,-0007.96
+1580947117.85,-0002.93,+0001.95,+0004.88,+0000.61,-0000.54,-0009.42
+1580947117.86,-0001.95,+0002.93,+0005.86,-0000.15,-0000.15,-0009.19
+1580947117.86,-0001.95,+0002.93,+0004.88,+0000.46,-0000.61,-0009.26
+1580947117.87,-0001.95,+0004.88,+0004.88,+0000.23,+0000.23,-0010.03
+1580947117.87,-0002.93,+0005.86,+0004.88,-0000.46,-0000.38,-0010.72
+1580947117.88,-0003.91,+0006.84,+0004.88,+0000.38,+0000.15,-0011.94
+1580947117.88,-0002.93,+0007.81,+0004.88,-0000.61,+0000.15,-0011.87
+1580947117.89,-0003.91,+0008.79,+0004.88,-0000.61,+0000.08,-0011.64
+1580947117.89,-0003.91,+0008.79,+0004.88,-0000.08,-0000.46,-0011.18
+1580947117.90,-0003.91,+0009.77,+0004.88,+0000.08,-0000.31,-0011.41
+1580947117.90,-0003.91,+0010.74,+0004.88,-0000.38,-0000.69,-0010.18
+1580947117.91,-0002.93,+0009.77,+0003.91,-0000.31,-0001.00,-0009.26
+1580947117.91,-0001.95,+0009.77,+0003.91,-0000.31,-0001.00,-0009.26
+1580947117.92,-0001.95,+0009.77,+0003.91,+0000.15,-0001.45,-0008.19
+1580947117.92,-0000.98,+0010.74,+0003.91,+0000.15,-0000.92,-0008.58
+1580947117.93,-0001.95,+0010.74,+0002.93,-0000.38,-0000.54,-0010.41
+1580947117.93,-0001.95,+0010.74,+0002.93,+0000.31,-0000.69,-0010.57
+1580947117.94,-0000.98,+0009.77,+0002.93,+0000.38,-0000.69,-0010.34
+1580947117.94,+0000.00,+0009.77,+0002.93,-0000.46,-0000.92,-0010.72
+1580947117.95,+0000.98,+0008.79,+0002.93,+0000.00,-0000.61,-0010.34
+1580947117.95,+0000.00,+0008.79,+0001.95,-0000.31,-0000.69,-0010.64
+1580947117.96,-0000.98,+0007.81,+0000.98,-0000.38,-0000.38,-0011.56
+1580947117.96,+0000.00,+0007.81,+0000.98,-0000.61,-0000.15,-0011.18
+1580947117.97,+0000.98,+0006.84,+0000.98,-0000.69,-0000.23,-0011.25
+1580947117.97,+0001.95,+0005.86,+0000.00,-0000.92,+0000.31,-0010.49
+1580947117.98,+0000.98,+0004.88,-0000.98,-0000.38,+0000.23,-0009.65
+1580947117.98,+0000.98,+0004.88,-0000.98,-0000.23,+0000.31,-0010.34
+1580947117.99,+0000.98,+0003.91,-0000.98,-0000.08,+0000.38,-0009.95
+1580947117.99,+0002.93,+0003.91,-0000.98,-0000.15,+0000.84,-0009.42
+1580947118.00,+0001.95,+0003.91,-0000.98,+0000.08,+0000.61,-0009.65
+1580947118.00,+0000.98,+0002.93,-0001.95,+0000.23,+0001.00,-0009.42
+1580947118.01,+0000.00,+0002.93,-0001.95,+0000.61,+0000.31,-0010.26
+1580947118.01,+0000.98,+0002.93,-0001.95,+0000.54,+0000.61,-0011.33
+1580947118.02,+0000.00,+0001.95,-0001.95,+0000.46,+0000.92,-0010.80
+1580947118.02,-0000.98,+0001.95,-0001.95,+0000.54,+0000.69,-0010.87
+1580947118.03,-0000.98,+0001.95,-0001.95,+0000.08,+0000.46,-0010.87
+1580947118.03,-0001.95,+0000.98,-0001.95,+0000.46,+0000.77,-0010.26
+1580947118.04,-0000.98,+0000.00,-0001.95,+0000.31,+0000.23,-0010.18
+1580947118.04,-0000.98,+0000.00,-0001.95,+0000.00,+0000.46,-0009.34
+1580947118.05,-0000.98,-0000.98,-0001.95,+0000.15,+0000.23,-0009.11
+1580947118.05,-0001.95,-0000.98,-0001.95,+0000.15,-0000.15,-0009.72
+1580947118.06,-0000.98,-0001.95,-0001.95,+0000.15,-0000.08,-0009.57
+1580947118.06,+0000.00,-0002.93,-0001.95,+0000.23,+0000.08,-0009.95
+1580947118.07,+0000.00,-0002.93,-0001.95,+0000.38,-0000.15,-0010.41
+1580947118.07,+0000.00,-0002.93,-0001.95,+0000.23,+0000.15,-0010.41
+1580947118.08,+0000.00,-0003.91,-0001.95,+0000.69,-0000.23,-0010.57
+1580947118.08,+0000.00,-0003.91,-0001.95,+0000.84,+0000.08,-0010.80
+1580947118.09,+0000.98,-0003.91,-0001.95,+0000.46,+0000.00,-0010.11
+1580947118.09,+0000.98,-0004.88,-0000.98,+0000.54,-0000.23,-0010.41
+1580947118.10,+0000.98,-0004.88,-0001.95,+0000.31,-0000.31,-0009.72
+1580947118.10,+0000.00,-0004.88,-0000.98,+0000.31,+0000.08,-0009.42
+1580947118.11,+0000.98,-0004.88,-0000.98,+0000.08,+0000.00,-0009.88
+1580947118.11,+0000.98,-0005.86,-0000.98,+0000.46,+0000.08,-0009.34
+1580947118.12,+0000.98,-0005.86,-0000.98,+0000.54,+0000.38,-0009.42
+1580947118.12,+0000.00,-0004.88,-0000.98,+0000.46,+0000.38,-0010.41
+1580947118.13,+0000.00,-0004.88,+0000.00,+0000.54,+0000.38,-0010.26
+1580947118.13,+0000.00,-0004.88,+0000.00,+0000.84,+0000.38,-0010.11
+1580947118.14,+0000.98,-0004.88,+0000.00,+0000.23,+0000.61,-0010.80
+1580947118.14,+0000.00,-0004.88,+0000.00,+0001.00,+0000.54,-0010.18
+1580947118.15,-0000.98,-0004.88,+0000.98,+0000.54,+0000.54,-0010.87
+1580947118.15,-0000.98,-0003.91,+0000.98,+0000.77,+0000.38,-0010.57
+1580947118.16,+0000.00,-0003.91,+0001.95,+0001.07,+0000.08,-0009.95
+1580947118.16,+0000.00,-0003.91,+0001.95,+0000.46,+0000.38,-0010.26
+1580947118.17,+0000.00,-0002.93,+0001.95,+0000.92,+0000.15,-0009.80
+1580947118.17,+0000.00,-0002.93,+0002.93,+0001.15,+0000.08,-0009.95
+1580947118.18,-0000.98,-0001.95,+0002.93,+0000.77,+0000.46,-0009.95
+1580947118.18,+0000.00,-0001.95,+0002.93,+0000.84,-0000.08,-0009.72
+1580947118.19,+0000.00,-0001.95,+0003.91,+0000.46,+0000.08,-0009.42
+1580947118.19,+0000.00,-0001.95,+0003.91,+0000.77,+0000.31,-0009.19
+1580947118.20,-0000.98,-0000.98,+0003.91,+0000.15,+0000.23,-0009.95
+1580947118.20,-0000.98,-0000.98,+0003.91,+0000.54,+0000.31,-0010.18
+1580947118.21,-0000.98,+0000.00,+0004.88,+0000.92,+0000.38,-0010.49
+1580947118.21,+0000.00,+0000.00,+0004.88,+0000.38,+0000.31,-0010.57
+1580947118.22,-0000.98,+0000.98,+0004.88,+0000.69,+0000.38,-0010.87
+1580947118.22,-0001.95,+0000.98,+0004.88,+0000.77,-0000.08,-0011.03
+1580947118.23,-0000.98,+0001.95,+0005.86,+0000.23,+0000.46,-0010.41
+1580947118.23,-0000.98,+0000.98,+0005.86,+0001.15,+0000.31,-0010.49
+1580947118.24,+0000.00,+0000.98,+0005.86,+0000.54,+0000.31,-0009.72
+1580947118.24,+0000.00,+0000.98,+0005.86,+0000.61,-0000.31,-0009.57
+1580947118.25,-0000.98,+0000.98,+0005.86,+0000.31,+0000.23,-0009.95
+1580947118.25,-0000.98,+0000.98,+0006.84,+0000.84,-0000.61,-0009.57
+1580947118.26,-0000.98,+0000.98,+0006.84,+0000.69,-0000.08,-0009.57
+1580947118.26,-0000.98,+0000.98,+0006.84,+0000.46,+0000.08,-0009.95
+1580947118.27,-0000.98,+0000.98,+0006.84,+0000.77,-0000.08,-0009.88
+1580947118.27,-0000.98,+0000.98,+0006.84,+0000.69,-0000.15,-0009.95
+1580947118.28,-0000.98,+0000.98,+0006.84,+0000.38,-0000.08,-0010.18
+1580947118.28,-0000.98,+0000.98,+0006.84,+0000.23,+0000.15,-0010.64
+1580947118.29,-0000.98,+0000.00,+0006.84,+0000.23,-0000.15,-0010.49
+1580947118.29,-0000.98,+0000.00,+0006.84,+0000.61,-0000.31,-0010.34
+1580947118.30,-0000.98,+0000.00,+0006.84,+0000.38,-0000.23,-0010.11
+1580947118.30,+0000.00,+0000.00,+0006.84,+0000.23,-0000.38,-0010.11
+1580947118.31,-0000.98,+0000.00,+0006.84,+0000.23,-0000.77,-0009.72
+1580947118.31,-0001.95,-0000.98,+0006.84,+0000.15,-0000.46,-0010.03
+1580947118.32,-0000.98,-0000.98,+0006.84,+0000.15,-0000.38,-0010.49
+1580947118.32,-0000.98,-0000.98,+0006.84,+0000.61,-0000.77,-0010.49
+1580947118.33,+0000.00,-0000.98,+0006.84,-0000.15,-0000.15,-0010.72
+1580947118.33,-0000.98,-0000.98,+0006.84,+0000.23,-0000.84,-0010.18
+1580947118.34,+0000.00,-0001.95,+0005.86,+0000.15,-0001.00,-0009.95
+1580947118.34,+0000.98,-0001.95,+0006.84,+0000.00,-0001.00,-0009.19
+1580947118.35,+0000.00,-0001.95,+0005.86,+0000.23,-0000.69,-0010.18
+1580947118.35,+0000.00,-0001.95,+0005.86,+0000.00,-0000.46,-0010.72
+1580947118.36,+0000.00,-0002.93,+0005.86,+0000.08,-0000.61,-0010.49
+1580947118.36,+0000.98,-0002.93,+0005.86,-0000.08,-0000.61,-0010.18
+1580947118.37,+0000.00,-0003.91,+0004.88,+0000.08,-0001.15,-0009.49
+1580947118.37,+0000.00,-0003.91,+0004.88,+0000.00,-0000.84,-0010.41
+1580947118.38,+0000.00,-0004.88,+0004.88,+0000.08,-0000.84,-0010.64
+1580947118.38,+0000.98,-0004.88,+0004.88,+0000.77,-0000.61,-0010.41
+1580947118.39,+0000.98,-0005.86,+0004.88,+0000.38,-0000.77,-0009.95
+1580947118.39,+0000.00,-0005.86,+0004.88,+0000.08,-0000.92,-0010.03
+1580947118.40,+0000.00,-0005.86,+0003.91,+0000.15,-0000.77,-0009.80
+1580947118.40,+0000.00,-0005.86,+0004.88,+0000.23,-0000.61,-0010.03
+1580947118.41,+0000.00,-0006.84,+0003.91,-0000.54,-0000.69,-0010.18
+1580947118.41,+0000.00,-0006.84,+0003.91,+0000.31,-0001.30,-0009.80
+1580947118.42,+0000.00,-0006.84,+0003.91,-0000.23,-0001.00,-0009.95
+1580947118.42,-0000.98,-0007.81,+0003.91,+0000.08,-0001.07,-0009.65
+1580947118.43,+0000.00,-0007.81,+0002.93,-0000.46,-0001.00,-0009.88
+1580947118.43,+0000.98,-0008.79,+0002.93,-0000.15,-0001.30,-0009.72
+1580947118.44,+0000.00,-0008.79,+0002.93,-0000.08,-0001.15,-0009.95
+1580947118.44,+0000.00,-0008.79,+0001.95,-0000.08,-0000.84,-0010.49
+1580947118.45,+0000.00,-0009.77,+0002.93,+0000.08,-0001.30,-0010.26
+1580947118.45,+0000.00,-0009.77,+0001.95,+0000.15,-0000.92,-0010.49
+1580947118.46,+0000.00,-0010.74,+0001.95,+0000.15,-0001.30,-0010.72
+1580947118.46,-0000.98,-0010.74,+0001.95,+0000.92,-0001.38,-0010.80
+1580947118.47,+0000.00,-0010.74,+0001.95,-0000.31,-0000.77,-0010.34
+1580947118.47,+0000.00,-0010.74,+0001.95,-0000.08,-0001.23,-0010.18
+1580947118.48,+0000.00,-0010.74,+0001.95,-0000.31,-0000.69,-0010.11
+1580947118.48,+0000.00,-0011.72,+0001.95,+0000.15,-0001.53,-0010.03
+1580947118.49,+0000.00,-0011.72,+0000.98,-0000.15,-0001.15,-0009.95
+1580947118.49,+0000.00,-0011.72,+0000.98,+0000.15,-0001.38,-0009.88
+1580947118.50,+0000.00,-0010.74,+0000.98,-0000.08,-0001.38,-0009.34
+1580947118.50,+0000.00,-0010.74,+0000.98,-0000.31,-0000.69,-0009.49
+1580947118.51,+0000.00,-0010.74,+0000.98,+0000.08,-0001.07,-0010.26
+1580947118.51,+0000.00,-0010.74,+0000.98,-0000.46,-0001.15,-0010.34
+1580947118.52,+0000.98,-0010.74,+0000.98,-0000.54,-0000.54,-0010.03
+1580947118.52,+0000.00,-0010.74,+0000.98,-0000.69,-0000.38,-0010.11
+1580947118.53,+0000.00,-0009.77,+0000.00,+0000.00,-0000.69,-0010.87
+1580947118.53,+0000.00,-0009.77,+0000.00,-0000.38,-0000.54,-0010.72
+1580947118.54,+0000.98,-0009.77,+0000.00,-0000.31,-0000.69,-0010.95
+1580947118.54,+0000.98,-0009.77,+0000.00,-0000.15,-0000.84,-0010.34
+1580947118.55,+0000.00,-0008.79,+0000.00,+0000.08,-0000.54,-0009.26
+1580947118.55,+0000.00,-0008.79,+0000.00,+0000.08,-0000.38,-0010.18
+1580947118.56,+0000.00,-0008.79,+0000.98,-0000.31,-0000.46,-0009.72
+1580947118.56,+0000.98,-0008.79,+0000.98,-0000.31,-0000.46,-0009.57
+1580947118.57,+0001.95,-0007.81,+0000.00,-0000.23,-0000.31,-0009.88
+1580947118.57,+0000.98,-0007.81,+0000.00,-0000.46,-0000.15,-0009.72
+1580947118.58,+0000.98,-0006.84,+0000.00,+0000.38,-0000.23,-0010.49
+1580947118.58,+0001.95,-0006.84,+0000.00,-0000.69,+0000.54,-0011.03
+1580947118.59,+0000.98,-0005.86,+0000.00,-0000.38,-0000.23,-0010.11
+1580947118.59,+0000.98,-0005.86,+0000.00,+0000.08,+0000.23,-0010.34
+1580947118.60,-0000.98,-0004.88,+0000.00,-0000.08,+0000.77,-0010.34
+1580947118.60,-0001.95,-0003.91,+0000.00,+0000.15,+0000.54,-0010.64
+1580947118.61,-0000.98,-0003.91,+0000.00,-0000.38,+0000.92,-0010.41
+1580947118.61,-0000.98,-0002.93,+0000.98,+0000.08,+0000.54,-0008.80
+1580947118.62,-0001.95,-0001.95,+0000.98,-0000.38,+0000.54,-0008.96
+1580947118.62,-0002.93,-0000.98,+0000.00,-0000.38,+0000.38,-0008.80
+1580947118.63,-0003.91,+0000.00,+0000.98,-0000.38,+0000.38,-0009.80
+1580947118.63,-0002.93,+0000.98,+0000.98,+0000.08,+0000.15,-0009.88
+1580947118.64,-0002.93,+0001.95,+0000.98,-0000.23,-0000.23,-0009.49
+1580947118.64,-0002.93,+0001.95,+0000.98,-0000.31,+0000.00,-0010.18
+1580947118.65,-0003.91,+0002.93,+0000.98,-0000.31,+0000.31,-0010.95
+1580947118.65,-0003.91,+0003.91,+0000.98,+0000.23,+0000.23,-0011.25
+1580947118.66,-0003.91,+0003.91,+0000.98,-0000.15,+0000.15,-0011.18
+1580947118.66,-0002.93,+0004.88,+0000.98,+0000.38,-0000.23,-0011.41
+1580947118.67,-0002.93,+0005.86,+0001.95,-0000.38,-0000.15,-0011.03
+1580947118.67,-0002.93,+0005.86,+0001.95,+0000.15,-0000.08,-0010.57
+1580947118.68,-0001.95,+0006.84,+0001.95,-0000.61,+0000.54,-0010.64
+1580947118.68,-0001.95,+0006.84,+0001.95,-0000.31,+0000.15,-0009.95
+1580947118.69,-0000.98,+0006.84,+0001.95,-0000.15,+0000.15,-0010.03
+1580947118.69,-0000.98,+0006.84,+0001.95,-0000.15,+0000.23,-0009.80
+1580947118.70,-0000.98,+0007.81,+0001.95,+0000.23,+0000.00,-0009.80
+1580947118.70,-0000.98,+0008.79,+0001.95,-0000.38,+0000.31,-0009.42
+1580947118.71,-0000.98,+0008.79,+0001.95,+0000.00,+0000.31,-0009.26
+1580947118.71,-0000.98,+0008.79,+0001.95,-0000.15,+0000.84,-0010.18
+1580947118.72,-0000.98,+0009.77,+0001.95,-0000.69,+0000.61,-0010.49
+1580947118.72,-0000.98,+0009.77,+0001.95,-0000.15,+0000.77,-0010.26
+1580947118.73,-0000.98,+0009.77,+0000.98,-0000.38,+0001.07,-0010.34
+1580947118.73,-0001.95,+0009.77,+0000.98,+0000.00,+0000.92,-0010.49
+1580947118.74,-0001.95,+0009.77,+0000.98,-0000.46,+0000.84,-0010.57
+1580947118.74,-0002.93,+0009.77,+0000.98,-0000.23,+0000.54,-0010.49
+1580947118.75,-0002.93,+0009.77,+0000.98,+0000.08,+0001.07,-0010.49
+1580947118.75,-0003.91,+0009.77,+0000.98,+0000.61,+0000.61,-0010.49
+1580947118.76,-0002.93,+0009.77,+0001.95,+0000.15,+0000.54,-0010.26
+1580947118.76,-0002.93,+0010.74,+0000.98,-0000.23,+0000.00,-0010.11
+1580947118.77,-0002.93,+0009.77,+0000.98,-0000.08,+0000.31,-0010.18
+1580947118.77,-0001.95,+0009.77,+0000.98,-0000.15,+0000.23,-0009.65
+1580947118.78,-0001.95,+0008.79,+0000.98,+0000.08,-0000.15,-0010.03
+1580947118.78,-0002.93,+0008.79,+0000.00,-0000.69,-0000.92,-0009.65
+1580947118.79,-0001.95,+0007.81,+0000.00,-0000.23,+0000.15,-0010.18
+1580947118.79,-0000.98,+0007.81,+0000.00,+0000.15,-0000.15,-0009.80
+1580947118.80,-0001.95,+0006.84,+0000.00,+0000.08,-0000.31,-0009.95
+1580947118.80,-0001.95,+0005.86,+0000.00,-0000.31,-0000.15,-0009.95
+1580947118.81,-0001.95,+0005.86,+0000.00,+0000.08,-0000.38,-0010.03
+1580947118.81,-0001.95,+0004.88,+0000.00,-0000.38,+0000.38,-0010.34
+1580947118.82,-0002.93,+0004.88,+0000.00,+0000.31,-0000.38,-0010.26
+1580947118.82,-0002.93,+0003.91,+0000.00,+0000.08,+0000.00,-0010.49
+1580947118.83,-0002.93,+0003.91,+0000.00,-0000.08,-0000.77,-0010.34
+1580947118.83,-0002.93,+0002.93,+0000.00,+0000.08,+0000.15,-0010.72
+1580947118.84,-0002.93,+0002.93,-0000.98,-0000.23,-0000.54,-0010.41
+1580947118.84,-0002.93,+0001.95,-0000.98,+0000.23,-0000.69,-0009.88
+1580947118.85,-0001.95,+0000.98,-0000.98,-0000.38,-0000.84,-0009.57
+1580947118.85,-0001.95,+0000.00,-0000.98,+0000.23,-0000.08,-0009.95
+1580947118.86,-0001.95,-0000.98,-0000.98,+0000.00,-0000.77,-0010.03
+1580947118.86,-0001.95,-0000.98,-0000.98,+0000.61,-0000.92,-0010.64
+1580947118.87,-0001.95,-0001.95,-0000.98,+0000.08,-0000.84,-0010.18
+1580947118.87,-0001.95,-0002.93,-0000.98,+0000.69,-0000.46,-0010.64
+1580947118.88,-0001.95,-0002.93,-0000.98,+0000.23,-0000.15,-0010.34
+1580947118.88,-0001.95,-0003.91,-0000.98,+0000.46,-0000.84,-0010.18
+1580947118.89,-0001.95,-0003.91,-0000.98,+0000.08,-0000.23,-0010.11
+1580947118.89,-0001.95,-0004.88,-0000.98,+0000.38,-0000.31,-0010.49
+1580947118.90,-0001.95,-0004.88,-0000.98,+0000.00,+0000.00,-0010.26
+1580947118.90,-0001.95,-0005.86,-0000.98,+0000.00,-0000.61,-0009.65
+1580947118.91,-0001.95,-0005.86,-0000.98,+0000.23,+0000.00,-0009.42
+1580947118.91,-0001.95,-0006.84,-0000.98,-0000.31,-0000.69,-0009.80
+1580947118.92,-0001.95,-0006.84,-0000.98,+0000.38,-0000.23,-0010.41
+1580947118.92,-0001.95,-0006.84,-0000.98,+0000.08,-0000.69,-0010.34
+1580947118.93,-0001.95,-0006.84,+0000.00,+0000.15,+0000.00,-0010.64
+1580947118.93,-0001.95,-0007.81,+0000.00,+0000.15,-0000.61,-0010.49
+1580947118.94,-0001.95,-0007.81,+0000.00,+0000.31,-0000.15,-0010.80
+1580947118.94,-0001.95,-0008.79,+0000.00,-0000.08,-0001.00,-0010.57
+1580947118.95,-0001.95,-0008.79,+0000.00,+0000.46,-0000.23,-0010.57
+1580947118.95,-0001.95,-0009.77,+0000.00,+0000.08,-0000.61,-0010.34
+1580947118.96,-0001.95,-0009.77,+0000.00,+0000.69,-0001.07,-0010.26
+1580947118.96,-0000.98,-0010.74,+0000.00,-0000.31,-0001.00,-0009.88
+1580947118.97,-0000.98,-0010.74,+0000.98,+0000.38,-0001.15,-0010.03
+1580947118.97,+0000.00,-0010.74,+0000.00,+0000.31,-0000.54,-0010.34
+1580947118.98,-0000.98,-0011.72,+0000.98,+0000.77,-0000.61,-0010.41
+1580947118.98,+0000.00,-0011.72,+0000.98,+0000.38,-0000.38,-0010.41
+1580947118.99,+0000.00,-0011.72,+0000.98,+0000.08,-0000.92,-0009.95
+1580947118.99,+0000.98,-0011.72,+0000.98,+0000.08,-0000.23,-0010.41
+1580947119.00,+0000.98,-0011.72,+0001.95,+0000.38,-0000.46,-0010.49
+1580947119.00,+0000.00,-0011.72,+0001.95,+0001.00,-0000.23,-0010.95
+1580947119.01,+0000.00,-0011.72,+0001.95,+0000.46,-0000.31,-0010.57
+1580947119.01,+0000.98,-0011.72,+0001.95,+0000.69,-0000.15,-0010.41
+1580947119.02,+0001.95,-0011.72,+0002.93,+0000.31,-0000.31,-0009.42
+1580947119.02,+0000.98,-0011.72,+0002.93,+0000.23,-0000.08,-0010.18
+1580947119.03,+0000.00,-0011.72,+0002.93,+0000.00,+0000.46,-0010.57
+1580947119.03,+0000.00,-0010.74,+0002.93,+0000.77,+0000.15,-0010.49
+1580947119.04,+0000.00,-0010.74,+0003.91,+0000.15,+0000.54,-0009.80
+1580947119.04,+0000.00,-0009.77,+0003.91,-0000.08,+0000.23,-0009.49
+1580947119.05,+0000.00,-0009.77,+0003.91,+0000.54,+0000.61,-0009.72
+1580947119.05,-0000.98,-0009.77,+0004.88,+0001.07,-0000.08,-0009.88
+1580947119.06,+0000.00,-0008.79,+0004.88,+0000.31,+0000.46,-0010.11
+1580947119.06,+0000.00,-0008.79,+0004.88,-0000.38,+0000.00,-0009.65
+1580947119.07,-0000.98,-0008.79,+0004.88,+0000.15,+0000.15,-0010.03
+1580947119.07,+0000.00,-0007.81,+0004.88,-0000.23,+0000.54,-0010.34
+1580947119.08,+0000.00,-0007.81,+0004.88,+0000.31,+0000.15,-0010.80
+1580947119.08,+0000.00,-0006.84,+0004.88,-0000.08,-0000.08,-0010.72
+1580947119.09,+0000.00,-0006.84,+0004.88,+0000.46,+0000.38,-0011.18
+1580947119.09,+0000.00,-0006.84,+0005.86,-0000.46,+0000.61,-0010.80
+1580947119.10,+0000.00,-0005.86,+0005.86,+0000.31,+0000.15,-0010.49
+1580947119.10,+0000.00,-0005.86,+0005.86,+0000.00,+0000.15,-0010.41
+1580947119.11,+0000.00,-0005.86,+0005.86,-0000.38,-0000.69,-0009.65
+1580947119.11,+0000.98,-0005.86,+0005.86,-0000.84,+0000.46,-0010.11
+1580947119.12,+0000.98,-0004.88,+0005.86,-0000.15,-0000.08,-0010.18
+1580947119.12,+0001.95,-0003.91,+0005.86,-0000.31,+0000.00,-0010.11
+1580947119.13,+0001.95,-0003.91,+0005.86,-0000.38,-0000.77,-0009.49
+1580947119.13,+0001.95,-0003.91,+0005.86,-0001.23,+0000.15,-0009.49
+1580947119.14,+0001.95,-0002.93,+0004.88,-0000.38,+0000.31,-0009.95
+1580947119.14,+0002.93,-0001.95,+0005.86,+0000.00,-0000.15,-0009.95
+1580947119.15,+0001.95,-0000.98,+0005.86,-0000.69,-0000.38,-0010.11
+1580947119.15,+0001.95,+0000.00,+0005.86,-0000.77,+0000.84,-0010.87
+1580947119.16,+0000.98,+0000.98,+0005.86,-0000.15,+0000.31,-0010.72
+1580947119.16,+0000.98,+0000.98,+0005.86,-0000.23,+0000.46,-0010.11
+1580947119.17,+0000.98,+0001.95,+0004.88,-0000.69,+0000.00,-0009.80
+1580947119.17,+0000.98,+0002.93,+0005.86,-0000.46,+0000.61,-0009.42
+1580947119.18,+0000.00,+0003.91,+0004.88,+0000.31,+0000.15,-0009.49
+1580947119.18,+0000.00,+0003.91,+0005.86,-0000.38,+0000.31,-0009.42
+1580947119.19,+0000.00,+0004.88,+0005.86,-0000.77,-0000.15,-0009.26
+1580947119.19,+0000.00,+0004.88,+0004.88,-0000.92,+0000.23,-0009.49
+1580947119.20,+0000.00,+0005.86,+0004.88,-0000.31,-0000.08,-0010.03
+1580947119.20,-0000.98,+0005.86,+0004.88,-0000.38,+0000.23,-0010.34
+1580947119.21,-0000.98,+0006.84,+0004.88,-0000.38,-0000.15,-0010.95
+1580947119.21,+0000.00,+0006.84,+0004.88,-0000.46,+0000.00,-0011.03
+1580947119.22,+0000.00,+0006.84,+0004.88,-0000.23,-0000.46,-0010.26
+1580947119.22,-0000.98,+0006.84,+0004.88,-0000.77,+0000.15,-0010.34
+1580947119.23,-0000.98,+0007.81,+0004.88,-0000.23,+0000.08,-0010.34
+1580947119.23,-0000.98,+0007.81,+0004.88,+0000.38,-0000.38,-0009.72
+1580947119.24,+0000.00,+0007.81,+0004.88,-0000.31,-0000.54,-0009.95
+1580947119.24,+0000.00,+0007.81,+0004.88,-0000.46,-0000.08,-0010.11
+1580947119.25,-0000.98,+0007.81,+0004.88,+0000.69,-0000.38,-0010.03
+1580947119.25,+0000.00,+0007.81,+0004.88,-0000.15,-0000.23,-0010.34
+1580947119.26,+0000.00,+0007.81,+0004.88,+0000.15,-0000.61,-0010.41
+1580947119.26,+0000.98,+0007.81,+0004.88,-0000.23,-0000.61,-0010.03
+1580947119.27,+0000.98,+0007.81,+0005.86,-0000.31,-0000.54,-0010.57
+1580947119.27,+0000.00,+0008.79,+0005.86,+0000.15,-0000.38,-0010.57
+1580947119.28,+0000.00,+0008.79,+0005.86,+0000.38,-0000.54,-0010.41
+1580947119.28,+0000.98,+0008.79,+0005.86,-0000.77,-0000.61,-0010.64
+1580947119.29,+0000.98,+0008.79,+0005.86,+0000.08,-0000.31,-0009.80
+1580947119.29,+0000.98,+0008.79,+0005.86,+0000.08,-0000.38,-0009.57
+1580947119.30,+0000.98,+0008.79,+0005.86,-0000.08,-0000.23,-0009.72
+1580947119.30,+0000.00,+0008.79,+0005.86,+0000.08,+0000.08,-0010.03
+1580947119.31,+0000.98,+0008.79,+0005.86,+0000.69,-0000.77,-0009.42
+1580947119.31,+0000.98,+0008.79,+0005.86,-0000.08,-0000.69,-0009.49
+1580947119.32,+0000.98,+0008.79,+0005.86,-0000.46,+0000.23,-0009.65
+1580947119.32,+0000.00,+0008.79,+0005.86,+0000.54,-0000.31,-0009.72
+1580947119.33,+0000.00,+0008.79,+0005.86,+0000.15,-0000.08,-0010.26
+1580947119.33,-0000.98,+0009.77,+0005.86,-0000.23,+0000.23,-0011.03
+1580947119.34,+0000.00,+0008.79,+0005.86,+0000.61,+0000.38,-0010.57
+1580947119.34,-0000.98,+0009.77,+0006.84,+0000.15,-0000.38,-0010.26
+1580947119.35,-0000.98,+0008.79,+0006.84,+0000.38,+0000.46,-0010.57
+1580947119.35,-0001.95,+0009.77,+0006.84,+0000.38,-0000.46,-0010.11
+1580947119.36,-0001.95,+0008.79,+0006.84,+0000.15,+0000.00,-0010.11
+1580947119.36,-0001.95,+0008.79,+0006.84,-0000.38,-0000.15,-0010.49
+1580947119.37,-0000.98,+0008.79,+0006.84,+0000.15,-0000.15,-0009.88
+1580947119.37,-0001.95,+0008.79,+0006.84,+0000.54,-0000.92,-0009.72
+1580947119.38,-0001.95,+0007.81,+0006.84,+0000.15,-0000.54,-0009.80
+1580947119.38,-0000.98,+0007.81,+0006.84,+0000.31,-0000.77,-0009.80
+1580947119.39,-0000.98,+0007.81,+0006.84,+0000.69,-0001.07,-0009.65
+1580947119.39,-0000.98,+0007.81,+0006.84,+0000.15,-0001.00,-0010.11
+1580947119.40,-0000.98,+0007.81,+0006.84,+0000.54,-0000.84,-0010.18
+1580947119.40,-0000.98,+0007.81,+0007.81,+0000.77,-0001.07,-0009.88
+1580947119.41,-0000.98,+0006.84,+0007.81,+0000.23,-0001.00,-0010.03
+1580947119.41,-0001.95,+0006.84,+0007.81,+0000.31,-0000.46,-0010.95
+1580947119.42,-0001.95,+0006.84,+0007.81,+0000.46,-0000.77,-0010.64
+1580947119.42,-0001.95,+0005.86,+0007.81,+0000.23,-0000.92,-0010.80
+1580947119.43,-0000.98,+0005.86,+0007.81,+0000.23,-0000.46,-0010.72
+1580947119.43,-0000.98,+0004.88,+0007.81,+0000.84,-0001.23,-0010.18
+1580947119.44,-0001.95,+0004.88,+0007.81,+0000.08,-0001.38,-0010.11
+1580947119.44,-0000.98,+0003.91,+0006.84,+0000.08,-0000.77,-0009.80
+1580947119.45,-0000.98,+0002.93,+0007.81,+0000.61,-0001.30,-0009.34
+1580947119.45,-0000.98,+0002.93,+0007.81,+0000.77,-0001.23,-0009.26
+1580947119.46,+0000.00,+0002.93,+0007.81,-0000.15,-0001.07,-0009.88
+1580947119.46,+0000.00,+0001.95,+0007.81,+0000.77,-0001.23,-0010.18
+1580947119.47,-0000.98,+0001.95,+0007.81,+0000.38,-0001.15,-0010.34
+1580947119.47,+0000.00,+0000.98,+0007.81,+0000.38,-0000.69,-0010.41
+1580947119.48,+0000.00,+0000.98,+0007.81,-0000.23,-0000.77,-0010.34
+1580947119.48,+0000.00,+0000.00,+0007.81,+0000.69,-0000.84,-0009.95
+1580947119.49,+0000.00,+0000.00,+0007.81,+0000.15,-0001.07,-0009.80
+1580947119.49,-0000.98,+0000.00,+0007.81,+0000.15,-0001.00,-0009.88
+1580947119.50,-0000.98,-0000.98,+0007.81,+0000.54,-0000.38,-0009.49
+1580947119.50,-0001.95,-0000.98,+0007.81,+0000.61,-0001.00,-0009.57
+1580947119.51,-0001.95,-0000.98,+0007.81,-0000.38,-0000.77,-0009.80
+1580947119.51,-0001.95,-0000.98,+0007.81,+0000.38,-0000.31,-0010.03
+1580947119.52,-0001.95,-0000.98,+0007.81,+0000.23,-0000.38,-0009.88
+1580947119.52,-0001.95,-0000.98,+0007.81,+0000.38,-0000.84,-0010.26
+1580947119.53,-0002.93,-0000.98,+0007.81,-0000.15,-0000.84,-0010.34
+1580947119.53,-0001.95,-0000.98,+0007.81,+0000.15,-0000.69,-0010.57
+1580947119.54,-0001.95,-0000.98,+0007.81,+0000.00,-0000.69,-0010.41
+1580947119.54,-0001.95,-0000.98,+0006.84,+0000.23,-0000.77,-0010.57
+1580947119.55,-0001.95,-0000.98,+0006.84,+0000.08,-0001.07,-0010.64
+1580947119.55,-0001.95,-0001.95,+0006.84,-0000.31,-0001.30,-0010.80
+1580947119.56,-0001.95,-0000.98,+0006.84,-0000.77,-0000.61,-0010.87
+1580947119.56,-0001.95,-0001.95,+0006.84,+0000.15,-0000.77,-0010.57
+1580947119.57,-0000.98,-0001.95,+0006.84,+0000.38,-0001.15,-0010.11
+1580947119.57,-0000.98,-0001.95,+0006.84,-0000.31,-0001.61,-0009.88
+1580947119.58,-0000.98,-0001.95,+0006.84,-0000.08,-0000.84,-0010.41
+1580947119.58,+0000.00,-0001.95,+0006.84,+0001.00,-0001.30,-0010.49
+1580947119.59,+0000.00,-0001.95,+0006.84,+0000.23,-0001.00,-0010.03
+1580947119.59,+0000.00,-0001.95,+0006.84,-0000.23,-0001.38,-0009.80
+1580947119.60,+0000.00,-0001.95,+0006.84,-0000.46,-0000.46,-0010.11
+1580947119.60,+0000.00,-0001.95,+0006.84,+0000.46,-0000.84,-0010.34
+1580947119.61,+0000.98,-0001.95,+0006.84,+0000.31,-0000.69,-0010.57
+1580947119.61,+0000.98,-0001.95,+0006.84,+0000.00,-0001.38,-0010.11
+1580947119.62,+0000.98,-0001.95,+0006.84,-0000.69,-0000.84,-0010.11
+1580947119.62,+0000.00,-0001.95,+0005.86,-0000.23,-0000.54,-0010.57
+1580947119.63,+0000.00,-0002.93,+0006.84,+0000.69,-0000.08,-0011.10
+1580947119.63,+0000.00,-0001.95,+0006.84,+0000.31,-0001.07,-0011.25
+1580947119.64,+0000.98,-0001.95,+0006.84,+0000.00,-0000.54,-0010.87
+1580947119.64,+0001.95,-0002.93,+0006.84,-0000.31,-0000.31,-0009.80
+1580947119.65,+0000.98,-0002.93,+0006.84,+0001.00,-0000.46,-0009.65
+1580947119.65,+0000.00,-0002.93,+0006.84,+0000.84,-0000.84,-0009.42
+1580947119.66,+0000.98,-0002.93,+0006.84,+0000.61,-0001.15,-0009.49
+1580947119.66,+0001.95,-0002.93,+0006.84,-0000.38,-0000.23,-0009.57
+1580947119.67,+0000.98,-0002.93,+0006.84,+0000.38,-0000.46,-0009.80
+1580947119.67,+0000.00,-0002.93,+0006.84,+0000.38,-0000.38,-0010.18
+1580947119.68,+0000.00,-0002.93,+0006.84,+0000.00,-0000.61,-0010.34
+1580947119.68,+0000.98,-0002.93,+0006.84,-0000.31,+0000.15,-0010.72
+1580947119.69,+0000.98,-0002.93,+0006.84,-0000.08,-0000.31,-0010.64
+1580947119.69,+0000.98,-0002.93,+0006.84,+0000.61,-0000.38,-0010.57
+1580947119.70,+0000.00,-0002.93,+0006.84,+0000.31,-0000.61,-0010.49
+1580947119.70,+0000.00,-0002.93,+0006.84,+0000.23,-0000.38,-0010.57
+1580947119.71,+0000.00,-0002.93,+0006.84,-0000.23,-0000.61,-0010.03
+1580947119.71,+0000.98,-0002.93,+0006.84,+0000.31,-0000.69,-0009.80
+1580947119.72,+0000.98,-0002.93,+0006.84,-0000.15,-0000.31,-0010.18
+1580947119.72,+0000.98,-0002.93,+0006.84,+0000.54,-0000.54,-0010.18
+1580947119.73,+0000.98,-0002.93,+0006.84,+0000.00,-0000.61,-0009.95
+1580947119.73,+0001.95,-0001.95,+0006.84,-0000.23,-0000.61,-0009.95
+1580947119.74,+0000.98,-0001.95,+0006.84,+0000.15,+0000.00,-0010.11
+1580947119.74,+0001.95,-0001.95,+0006.84,+0000.23,-0000.61,-0010.57
+1580947119.75,+0001.95,-0001.95,+0006.84,+0000.23,-0000.31,-0010.72
+1580947119.75,+0001.95,-0000.98,+0006.84,-0000.23,-0000.31,-0010.03
+1580947119.76,+0001.95,-0000.98,+0006.84,+0000.00,+0000.15,-0009.80
+1580947119.76,+0001.95,-0000.98,+0006.84,+0000.38,-0000.54,-0009.26
+1580947119.77,+0001.95,+0000.00,+0005.86,+0000.54,-0000.31,-0009.34
+1580947119.77,+0001.95,+0000.00,+0006.84,+0000.38,-0000.08,-0009.11
+1580947119.78,+0000.98,+0000.00,+0006.84,+0000.38,+0000.15,-0009.26
+1580947119.78,+0000.98,+0000.00,+0006.84,+0000.23,+0000.54,-0009.72
+1580947119.79,-0000.98,+0000.98,+0006.84,+0000.08,+0000.23,-0009.42
+1580947119.79,-0000.98,+0000.98,+0005.86,+0000.00,+0000.69,-0009.72
+1580947119.80,-0001.95,+0000.98,+0005.86,+0000.38,+0000.15,-0009.95
+1580947119.80,-0001.95,+0001.95,+0005.86,+0000.15,+0000.77,-0009.72
+1580947119.81,-0002.93,+0001.95,+0006.84,-0000.08,+0000.00,-0009.42
+1580947119.81,-0003.91,+0002.93,+0005.86,-0000.31,+0001.00,-0010.18
+1580947119.82,-0003.91,+0003.91,+0006.84,+0000.08,+0000.69,-0009.80
+1580947119.82,-0003.91,+0003.91,+0005.86,+0000.31,+0000.54,-0009.80
+1580947119.83,-0004.88,+0004.88,+0005.86,-0000.46,+0000.08,-0009.72
+1580947119.83,-0003.91,+0005.86,+0005.86,-0000.61,+0000.23,-0010.41
+1580947119.84,-0003.91,+0005.86,+0005.86,+0000.15,+0000.38,-0010.64
+1580947119.84,-0003.91,+0006.84,+0005.86,+0000.23,-0000.38,-0010.49
+1580947119.85,-0002.93,+0006.84,+0005.86,-0000.54,-0000.38,-0010.18
+1580947119.85,-0002.93,+0007.81,+0005.86,-0000.15,-0000.46,-0010.03
+1580947119.86,-0002.93,+0008.79,+0005.86,+0000.31,-0000.08,-0010.03
+1580947119.86,-0002.93,+0008.79,+0005.86,+0000.15,-0000.54,-0010.34
+1580947119.87,-0001.95,+0008.79,+0005.86,-0000.38,-0000.38,-0010.49
+1580947119.87,-0000.98,+0009.77,+0005.86,-0000.08,-0000.46,-0010.26
+1580947119.88,-0000.98,+0009.77,+0004.88,-0000.23,+0000.38,-0010.11
+1580947119.88,-0001.95,+0009.77,+0004.88,+0000.54,-0000.15,-0010.11
+1580947119.89,-0001.95,+0010.74,+0004.88,+0000.08,+0000.54,-0010.18
+1580947119.89,-0001.95,+0010.74,+0004.88,-0000.31,-0000.31,-0009.95
+1580947119.90,-0000.98,+0010.74,+0004.88,-0000.23,+0000.46,-0009.80
+1580947119.90,-0001.95,+0011.72,+0004.88,+0000.23,+0000.00,-0009.72
+1580947119.91,-0001.95,+0011.72,+0003.91,+0000.15,+0000.54,-0009.88
+1580947119.91,-0002.93,+0011.72,+0003.91,-0000.08,-0000.08,-0009.95
+1580947119.92,-0002.93,+0011.72,+0003.91,+0000.31,+0000.23,-0010.03
+1580947119.92,-0002.93,+0011.72,+0003.91,+0000.46,+0000.08,-0010.41
+1580947119.93,-0002.93,+0011.72,+0003.91,+0000.61,+0000.46,-0010.64
+1580947119.93,-0002.93,+0012.70,+0003.91,+0000.00,-0000.38,-0010.57
+1580947119.94,-0002.93,+0011.72,+0004.88,+0000.08,+0000.15,-0010.64
+1580947119.94,-0002.93,+0011.72,+0004.88,+0000.69,-0000.23,-0010.26
+1580947119.95,-0002.93,+0011.72,+0004.88,+0000.23,+0000.15,-0010.80
+1580947119.95,-0003.91,+0010.74,+0003.91,+0000.23,-0000.46,-0011.03
+1580947119.96,-0002.93,+0010.74,+0004.88,+0000.15,-0000.08,-0011.48
+1580947119.96,-0001.95,+0009.77,+0004.88,+0000.31,-0000.77,-0010.03
+1580947119.97,-0002.93,+0009.77,+0003.91,-0000.31,-0000.15,-0009.88
+1580947119.97,-0002.93,+0008.79,+0003.91,+0000.15,-0000.15,-0009.65
+1580947119.98,-0002.93,+0008.79,+0003.91,+0000.38,-0000.46,-0009.19
+1580947119.98,-0002.93,+0007.81,+0003.91,+0000.00,-0000.61,-0009.57
+1580947119.99,-0001.95,+0006.84,+0003.91,+0000.46,-0000.08,-0009.42
+1580947119.99,-0001.95,+0006.84,+0003.91,+0001.30,-0000.46,-0009.42
+1580947120.00,-0001.95,+0006.84,+0003.91,+0000.15,-0000.23,-0010.34
+1580947120.00,-0001.95,+0005.86,+0003.91,+0000.38,-0000.38,-0010.64
+1580947120.01,-0001.95,+0005.86,+0003.91,+0000.69,-0000.23,-0010.80
+1580947120.01,-0001.95,+0004.88,+0003.91,+0000.54,-0000.77,-0011.03
+1580947120.02,-0001.95,+0004.88,+0003.91,-0000.46,-0000.46,-0011.25
+1580947120.02,-0001.95,+0003.91,+0003.91,+0000.54,-0000.15,-0011.33
+1580947120.03,-0001.95,+0002.93,+0003.91,+0000.77,-0000.46,-0010.80
+1580947120.03,-0001.95,+0002.93,+0003.91,+0000.38,-0000.69,-0009.57
+1580947120.04,-0001.95,+0000.98,+0003.91,+0000.38,-0000.46,-0009.80
+1580947120.04,-0001.95,+0000.98,+0003.91,+0000.77,-0000.46,-0010.03
+1580947120.05,-0000.98,+0000.00,+0003.91,+0000.61,-0000.46,-0009.88
+1580947120.05,-0000.98,+0000.00,+0003.91,+0000.54,-0000.61,-0009.88
+1580947120.06,-0000.98,-0000.98,+0003.91,+0000.61,-0000.54,-0010.18
+1580947120.06,-0000.98,-0001.95,+0003.91,+0001.23,-0000.61,-0009.88
+1580947120.07,-0000.98,-0001.95,+0004.88,-0000.08,-0000.46,-0009.72
+1580947120.07,+0000.00,-0002.93,+0003.91,+0000.84,-0000.31,-0009.88
+1580947120.08,-0000.98,-0002.93,+0003.91,+0000.69,-0000.23,-0010.03
+1580947120.08,-0001.95,-0003.91,+0003.91,+0000.61,-0000.38,-0010.11
+1580947120.09,-0001.95,-0003.91,+0003.91,+0000.00,-0000.08,-0011.18
+1580947120.09,-0000.98,-0004.88,+0003.91,+0001.07,-0000.38,-0010.26
+1580947120.10,-0000.98,-0004.88,+0003.91,+0000.77,-0000.84,-0009.65
+1580947120.10,-0001.95,-0004.88,+0003.91,+0000.46,-0000.08,-0010.34
+1580947120.11,-0001.95,-0005.86,+0003.91,+0000.46,+0000.00,-0010.49
+1580947120.11,-0001.95,-0005.86,+0003.91,+0001.00,-0000.15,-0010.34
+1580947120.12,-0001.95,-0005.86,+0003.91,+0000.38,-0000.46,-0010.18
+1580947120.12,-0000.98,-0005.86,+0004.88,+0000.61,-0000.23,-0009.57
+1580947120.13,-0000.98,-0006.84,+0004.88,+0000.92,-0000.69,-0009.19
+1580947120.13,-0001.95,-0006.84,+0004.88,+0000.61,-0000.46,-0009.11
+1580947120.14,-0001.95,-0006.84,+0004.88,+0000.15,-0000.31,-0010.64
+1580947120.14,-0000.98,-0006.84,+0004.88,+0001.23,-0000.46,-0010.49
+1580947120.15,-0000.98,-0007.81,+0004.88,+0000.92,-0001.07,-0009.65
+1580947120.15,+0000.00,-0007.81,+0004.88,-0000.08,-0000.46,-0009.26
+1580947120.16,-0000.98,-0006.84,+0004.88,+0000.08,-0000.61,-0009.88
+1580947120.16,-0000.98,-0007.81,+0004.88,+0000.77,-0000.54,-0009.72
+1580947120.17,+0000.00,-0006.84,+0004.88,+0000.38,-0000.69,-0009.88
+1580947120.17,+0000.00,-0006.84,+0004.88,+0001.30,-0000.23,-0010.18
+1580947120.18,-0000.98,-0006.84,+0004.88,+0000.15,-0000.54,-0010.41
+1580947120.18,-0001.95,-0005.86,+0004.88,+0000.23,+0000.31,-0011.18
+1580947120.19,-0000.98,-0005.86,+0004.88,+0000.31,-0000.08,-0011.71
+1580947120.19,-0000.98,-0005.86,+0004.88,+0000.38,-0000.23,-0010.41
+1580947120.20,-0000.98,-0004.88,+0004.88,+0000.00,-0000.23,-0010.49
+1580947120.20,-0000.98,-0004.88,+0004.88,+0000.23,+0000.54,-0010.72
+1580947120.21,-0001.95,-0004.88,+0004.88,+0000.15,-0000.54,-0010.41
+1580947120.21,-0000.98,-0004.88,+0004.88,+0000.31,+0000.08,-0010.49
+1580947120.22,-0000.98,-0004.88,+0004.88,-0000.15,-0000.08,-0010.03
+1580947120.22,-0000.98,-0004.88,+0004.88,+0000.54,+0000.23,-0009.95
+1580947120.23,-0000.98,-0004.88,+0004.88,+0000.08,-0000.31,-0010.64
+1580947120.23,+0000.00,-0004.88,+0004.88,+0000.38,+0000.15,-0011.10
+1580947120.24,+0000.00,-0004.88,+0004.88,+0000.54,-0000.08,-0010.95
+1580947120.24,+0000.00,-0004.88,+0004.88,+0000.54,+0000.15,-0010.49
+1580947120.25,+0000.00,-0004.88,+0005.86,+0000.08,-0000.08,-0010.72
+1580947120.25,+0000.00,-0004.88,+0005.86,+0000.54,+0000.46,-0010.26
+1580947120.26,+0000.00,-0004.88,+0004.88,+0000.92,-0000.08,-0010.18
+1580947120.26,+0000.98,-0004.88,+0005.86,+0000.15,+0000.77,-0010.26
+1580947120.27,+0000.98,-0003.91,+0005.86,-0000.08,+0000.23,-0010.34
+1580947120.27,+0000.98,-0003.91,+0005.86,+0000.15,+0000.61,-0010.11
+1580947120.28,+0000.98,-0002.93,+0005.86,+0000.38,+0000.31,-0009.95
+1580947120.28,+0000.98,-0002.93,+0005.86,+0000.08,+0000.77,-0009.95
+1580947120.29,+0000.98,-0001.95,+0005.86,+0000.15,+0000.23,-0009.95
+1580947120.29,+0000.98,-0001.95,+0005.86,+0000.00,+0000.08,-0010.11
+1580947120.30,+0000.98,-0000.98,+0005.86,+0000.31,+0000.54,-0010.72
+1580947120.30,+0000.98,+0000.00,+0005.86,+0000.31,+0000.46,-0010.18
+1580947120.31,+0000.98,+0000.98,+0005.86,+0000.77,+0000.46,-0010.03
+1580947120.31,+0000.00,+0000.98,+0005.86,-0000.31,+0000.31,-0010.49
+1580947120.32,-0000.98,+0001.95,+0005.86,+0000.84,+0000.38,-0010.03
+1580947120.32,+0000.00,+0001.95,+0005.86,+0000.23,+0000.00,-0009.57
+1580947120.33,-0000.98,+0002.93,+0005.86,-0000.08,+0000.69,-0009.80
+1580947120.33,-0000.98,+0001.95,+0005.86,+0000.46,+0000.08,-0009.65
+1580947120.34,-0001.95,+0002.93,+0005.86,+0000.46,+0000.38,-0009.65
+1580947120.34,-0000.98,+0002.93,+0005.86,-0000.15,+0000.31,-0010.18
+1580947120.35,-0000.98,+0001.95,+0005.86,+0000.38,+0000.08,-0009.95
+1580947120.35,-0000.98,+0002.93,+0005.86,+0000.31,-0000.15,-0009.80
+1580947120.36,-0000.98,+0001.95,+0005.86,+0000.00,+0000.31,-0010.18
+1580947120.36,-0000.98,+0001.95,+0005.86,+0000.77,-0000.23,-0010.34
+1580947120.37,+0000.00,+0001.95,+0005.86,+0000.38,-0000.15,-0010.41
+1580947120.37,+0000.00,+0001.95,+0005.86,+0000.46,+0000.00,-0010.18
+1580947120.38,+0000.00,+0000.98,+0005.86,+0000.46,-0000.38,-0009.72
+1580947120.38,+0000.00,+0000.98,+0005.86,+0000.46,+0000.08,-0009.80
+1580947120.39,+0000.00,+0000.98,+0005.86,+0000.46,-0000.31,-0009.95
+1580947120.39,+0000.00,+0000.00,+0005.86,+0000.46,+0000.00,-0009.80
+1580947120.40,+0000.00,+0000.00,+0005.86,+0000.08,-0000.08,-0010.11
+1580947120.40,+0000.00,+0000.00,+0005.86,+0000.15,+0000.31,-0009.95
+1580947120.41,+0000.00,+0000.00,+0005.86,+0000.15,+0000.15,-0010.26
+1580947120.41,-0000.98,-0000.98,+0005.86,+0000.38,-0000.08,-0010.11
+1580947120.42,-0000.98,+0000.00,+0005.86,+0000.23,+0000.23,-0010.18
+1580947120.42,-0000.98,+0000.00,+0005.86,+0000.38,+0000.00,-0009.88
+1580947120.43,-0000.98,+0000.00,+0005.86,+0000.46,+0000.31,-0009.72
+1580947120.43,-0000.98,+0000.00,+0005.86,-0000.08,-0000.08,-0009.88
+1580947120.44,-0001.95,+0000.00,+0005.86,+0000.46,+0000.38,-0009.72
+1580947120.44,-0002.93,+0000.00,+0006.84,+0000.23,+0000.08,-0010.11
+1580947120.45,-0002.93,+0000.00,+0006.84,+0000.46,+0000.15,-0009.88
+1580947120.45,-0001.95,+0000.00,+0006.84,+0000.77,+0000.38,-0009.57
+1580947120.46,-0003.91,+0000.00,+0006.84,+0000.38,+0000.08,-0009.95
+1580947120.46,-0003.91,+0000.00,+0006.84,+0000.69,+0000.54,-0010.26
+1580947120.47,-0002.93,+0000.98,+0006.84,+0000.69,+0000.08,-0010.72
+1580947120.47,-0002.93,+0000.98,+0007.81,+0000.31,-0000.69,-0010.64
+1580947120.48,-0001.95,+0000.98,+0006.84,+0000.38,+0000.00,-0010.64
+1580947120.48,-0002.93,+0000.98,+0007.81,-0000.23,-0000.08,-0010.72
+1580947120.49,-0002.93,+0000.98,+0007.81,+0000.77,+0000.23,-0010.72
+1580947120.49,-0001.95,+0000.98,+0007.81,+0000.61,-0000.31,-0010.18
+1580947120.50,-0001.95,+0000.98,+0007.81,+0000.61,-0000.23,-0009.49
+1580947120.50,-0000.98,+0000.98,+0007.81,+0000.23,-0000.08,-0009.88
+1580947120.51,-0000.98,+0000.98,+0007.81,+0000.46,-0000.46,-0010.03
+1580947120.51,-0000.98,+0000.98,+0007.81,+0000.31,-0000.15,-0010.18
+1580947120.52,-0000.98,+0000.98,+0007.81,+0000.31,-0000.38,-0010.26
+1580947120.52,+0000.00,+0000.98,+0007.81,+0000.69,-0000.15,-0009.57
+1580947120.53,+0000.00,+0001.95,+0007.81,+0000.38,-0000.46,-0009.88
+1580947120.53,-0000.98,+0000.98,+0007.81,+0000.77,-0000.54,-0009.42
+1580947120.54,+0000.00,+0001.95,+0007.81,+0000.31,-0000.23,-0009.65
+1580947120.54,-0000.98,+0001.95,+0007.81,-0000.08,-0000.23,-0009.80
+1580947120.55,-0000.98,+0001.95,+0007.81,+0000.31,+0000.15,-0010.03
+1580947120.55,-0000.98,+0001.95,+0007.81,+0000.23,-0000.46,-0010.18
+1580947120.56,-0000.98,+0001.95,+0007.81,+0000.00,-0000.15,-0009.72
+1580947120.56,-0000.98,+0001.95,+0007.81,+0000.46,-0000.23,-0010.26
+1580947120.57,-0001.95,+0002.93,+0007.81,+0000.61,-0000.31,-0009.65
+1580947120.57,-0000.98,+0002.93,+0007.81,+0000.38,-0000.23,-0010.26
+1580947120.58,-0000.98,+0001.95,+0007.81,+0000.15,-0000.46,-0010.64
+1580947120.58,-0000.98,+0001.95,+0007.81,+0000.77,-0000.15,-0010.03
+1580947120.59,-0000.98,+0001.95,+0007.81,+0000.38,-0000.77,-0010.49
+1580947120.59,-0000.98,+0001.95,+0007.81,+0000.38,-0000.69,-0010.26
+1580947120.60,-0000.98,+0001.95,+0008.79,+0000.61,-0000.31,-0011.56
+1580947120.60,-0001.95,+0000.98,+0008.79,+0000.77,-0000.77,-0010.95
+1580947120.61,+0000.00,+0000.98,+0008.79,+0000.46,-0000.46,-0010.72
+1580947120.61,+0000.00,+0000.98,+0008.79,+0000.08,-0000.23,-0010.80
+1580947120.62,+0000.00,+0000.00,+0008.79,+0000.23,-0000.23,-0010.26
+1580947120.62,+0000.98,+0000.00,+0007.81,+0000.23,-0000.31,-0010.49
+1580947120.63,+0000.00,-0000.98,+0007.81,+0000.15,-0000.92,-0010.11
+1580947120.63,+0001.95,-0000.98,+0007.81,+0000.46,-0000.38,-0009.88
+1580947120.64,+0000.98,-0001.95,+0007.81,+0000.23,-0000.61,-0009.72
+1580947120.64,+0000.98,-0001.95,+0008.79,+0000.92,-0000.46,-0009.42
+1580947120.65,+0000.98,-0001.95,+0008.79,+0000.77,-0000.46,-0009.95
