+1581208498.40,-0000.98,-0000.98,-0000.98,+0000.38,-0000.31,-0010.03
+1581208498.40,-0000.98,-0000.98,+0000.00,+0000.46,-0000.31,-0010.03
+1581208498.41,-0000.98,-0000.98,-0000.98,+0000.38,-0000.31,-0010.03
+1581208498.41,-0000.98,-0000.98,+0000.00,+0000.38,-0000.31,-0010.03
+1581208498.42,-0000.98,-0000.98,-0000.98,+0000.46,-0000.31,-0010.03
+1581208498.42,-0000.98,-0000.98,+0000.00,+0000.46,-0000.31,-0010.03
+1581208498.43,-0000.98,+0000.00,-0000.98,+0000.38,-0000.31,-0010.11
+1581208498.43,-0000.98,+0000.00,-0000.98,+0000.46,-0000.31,-0010.03
+1581208498.44,-0000.98,+0000.00,-0000.98,+0000.46,-0000.31,-0010.11
+1581208498.44,-0000.98,+0000.00,-0000.98,+0000.46,-0000.31,-0010.03
+1581208498.45,-0000.98,+0000.00,+0000.00,+0000.38,-0000.31,-0010.03
+1581208498.45,-0000.98,+0000.00,-0000.98,+0000.46,-0000.31,-0010.03
+1581208498.46,-0000.98,+0000.00,+0000.00,+0000.46,-0000.31,-0010.03
+1581208498.46,-0000.98,+0000.00,+0000.00,+0000.38,-0000.31,-0010.03
+1581208498.47,-0000.98,+0000.00,-0000.98,+0000.46,-0000.23,-0010.11
+1581208498.47,+0000.00,+0000.00,+0000.00,+0000.46,-0000.31,-0010.03
+1581208498.48,-0000.98,+0000.00,-0000.98,+0000.46,-0000.31,-0010.03
+1581208498.48,-0000.98,+0000.00,-0000.98,+0000.46,-0000.31,-0010.03
+1581208498.49,-0000.98,+0000.00,-0000.98,+0000.46,-0000.31,-0010.03
+1581208498.49,-0000.98,+0000.00,-0000.98,+0000.46,-0000.31,-0010.03
+1581208498.50,-0000.98,+0000.00,-0000.98,+0000.46,-0000.31,-0010.03
+1581208498.50,-0000.98,+0000.00,+0000.00,+0000.46,-0000.31,-0010.03
+1581208498.51,-0000.98,+0000.00,-0000.98,+0000.46,-0000.31,-0010.11
+1581208498.51,-0000.98,+0000.00,+0000.00,+0000.46,-0000.31,-0010.11
+1581208498.52,-0000.98,+0000.00,-0000.98,+0000.46,-0000.31,-0010.03
+1581208498.52,-0000.98,+0000.00,-0000.98,+0000.46,-0000.31,-0010.11
+1581208498.53,-0000.98,+0000.00,-0000.98,+0000.46,-0000.31,-0010.11
+1581208498.53,-0000.98,+0000.00,-0000.98,+0000.46,-0000.31,-0010.03
+1581208498.54,-0000.98,+0000.00,-0000.98,+0000.46,-0000.31,-0010.03
+1581208498.54,-0000.98,+0000.00,-0000.98,+0000.46,-0000.31,-0010.03
+1581208498.55,+0000.00,+0000.00,-0000.98,+0000.46,-0000.31,-0010.03
+1581208498.55,-0000.98,+0000.00,-0000.98,+0000.46,-0000.31,-0010.03
+1581208498.56,-0000.98,+0000.00,-0000.98,+0000.46,-0000.31,-0010.11
+1581208498.56,-0000.98,-0000.98,-0000.98,+0000.46,-0000.31,-0010.03
+1581208498.57,-0000.98,+0000.00,-0000.98,+0000.46,-0000.31,-0010.11
+1581208498.57,-0000.98,+0000.00,+0000.00,+0000.46,-0000.31,-0010.03
+1581208498.58,+0000.00,+0000.00,-0000.98,+0000.46,-0000.31,-0010.03
+1581208498.58,-0000.98,-0000.98,-0000.98,+0000.46,-0000.31,-0010.03
+1581208498.59,-0000.98,+0000.00,+0000.00,+0000.46,-0000.31,-0010.03
+1581208498.59,-0000.98,-0000.98,-0000.98,+0000.46,-0000.31,-0010.03
+1581208498.60,-0000.98,-0000.98,+0000.00,+0000.46,-0000.31,-0010.03
+1581208498.60,-0000.98,-0000.98,-0000.98,+0000.46,-0000.31,-0010.11
+1581208498.61,-0000.98,-0000.98,+0000.00,+0000.46,-0000.31,-0010.11
+1581208498.61,+0000.00,-0000.98,-0000.98,+0000.46,-0000.23,-0010.11
+1581208498.62,-0000.98,-0000.98,-0000.98,+0000.46,-0000.31,-0010.03
+1581208498.62,-0000.98,-0000.98,-0000.98,+0000.46,-0000.31,-0010.03
+1581208498.63,-0000.98,-0000.98,-0000.98,+0000.46,-0000.31,-0010.11
+1581208498.63,+0000.00,-0000.98,+0000.00,+0000.46,-0000.31,-0010.03
+1581208498.64,-0000.98,-0000.98,+0000.00,+0000.46,-0000.31,-0010.03
+1581208498.64,-0000.98,-0000.98,-0000.98,+0000.46,-0000.31,-0010.03
+1581208498.65,-0000.98,-0000.98,+0000.00,+0000.46,-0000.31,-0010.03
+1581208498.65,-0000.98,-0000.98,+0000.00,+0000.46,-0000.31,-0010.03
+1581208498.66,+0000.00,-0000.98,+0000.00,+0000.46,-0000.31,-0010.11
+1581208498.66,+0000.00,-0000.98,+0000.00,+0000.46,-0000.31,-0010.11
+1581208498.67,-0000.98,-0000.98,-0000.98,+0000.46,-0000.31,-0010.03
+1581208498.67,-0000.98,-0001.95,+0000.00,+0000.46,-0000.31,-0010.03
+1581208498.68,-0000.98,-0001.95,+0000.00,+0000.46,-0000.31,-0010.03
+1581208498.68,-0000.98,-0001.95,-0000.98,+0000.46,-0000.31,-0010.03
+1581208498.69,-0000.98,-0001.95,+0000.00,+0000.46,-0000.31,-0010.03
+1581208498.69,-0000.98,-0001.95,+0000.00,+0000.46,-0000.31,-0010.03
+1581208498.70,-0000.98,-0001.95,+0000.00,+0000.46,-0000.38,-0010.03
+1581208498.70,-0000.98,-0001.95,+0000.00,+0000.46,-0000.31,-0010.03
+1581208498.71,-0000.98,-0001.95,+0000.00,+0000.46,-0000.31,-0010.03
+1581208498.71,-0000.98,-0001.95,+0000.00,+0000.46,-0000.31,-0010.03
+1581208498.72,-0000.98,-0001.95,+0000.00,+0000.46,-0000.31,-0010.03
+1581208498.72,-0000.98,-0001.95,-0000.98,+0000.46,-0000.31,-0010.11
+1581208498.73,-0000.98,-0001.95,+0000.00,+0000.46,-0000.31,-0010.03
+1581208498.73,-0000.98,-0001.95,+0000.00,+0000.46,-0000.31,-0010.03
+1581208498.74,-0000.98,-0001.95,+0000.00,+0000.38,-0000.31,-0010.03
+1581208498.74,-0000.98,-0001.95,+0000.00,+0000.46,-0000.31,-0010.11
+1581208498.75,-0000.98,-0001.95,+0000.00,+0000.46,-0000.31,-0010.11
+1581208498.75,-0000.98,-0001.95,+0000.00,+0000.46,-0000.31,-0010.03
+1581208498.76,-0000.98,-0001.95,+0000.00,+0000.46,-0000.31,-0010.03
+1581208498.76,-0000.98,-0000.98,+0000.00,+0000.46,-0000.31,-0010.11
+1581208498.77,-0000.98,-0001.95,+0000.00,+0000.46,-0000.23,-0010.11
+1581208498.77,-0000.98,-0001.95,+0000.00,+0000.46,-0000.31,-0010.03
+1581208498.78,-0000.98,-0001.95,+0000.00,+0000.46,-0000.31,-0010.11
+1581208498.78,-0000.98,-0001.95,-0000.98,+0000.38,-0000.31,-0010.03
+1581208498.79,-0000.98,-0001.95,-0000.98,+0000.38,-0000.31,-0010.11
+1581208498.79,-0000.98,-0001.95,+0000.00,+0000.38,-0000.31,-0010.03
+1581208498.80,-0000.98,-0000.98,+0000.00,+0000.46,-0000.31,-0010.03
+1581208498.80,-0000.98,-0000.98,+0000.00,+0000.46,-0000.31,-0010.03
+1581208498.81,-0000.98,-0000.98,-0000.98,+0000.38,-0000.23,-0010.03
+1581208498.81,-0000.98,-0000.98,+0000.00,+0000.38,-0000.31,-0010.03
+1581208498.82,+0000.00,-0001.95,+0000.00,+0000.46,-0000.31,-0010.11
+1581208498.82,-0000.98,-0000.98,+0000.00,+0000.38,-0000.31,-0010.03
+1581208498.83,-0000.98,-0000.98,-0000.98,+0000.38,-0000.31,-0010.03
+1581208498.83,-0000.98,-0000.98,+0000.00,+0000.38,-0000.31,-0010.03
+1581208498.84,-0000.98,-0000.98,+0000.00,+0000.46,-0000.31,-0010.03
+1581208498.84,-0000.98,-0000.98,+0000.00,+0000.38,-0000.31,-0010.03
+1581208498.85,-0000.98,-0000.98,+0000.00,+0000.46,-0000.31,-0010.03
+1581208498.85,-0000.98,-0000.98,-0000.98,+0000.46,-0000.23,-0010.03
+1581208498.86,-0000.98,-0000.98,+0000.00,+0000.46,-0000.31,-0010.11
+1581208498.86,-0000.98,-0000.98,-0000.98,+0000.38,-0000.31,-0010.03
+1581208498.87,-0000.98,-0000.98,+0000.00,+0000.38,-0000.31,-0010.03
+1581208498.87,-0000.98,-0000.98,+0000.00,+0000.38,-0000.31,-0010.03
+1581208498.88,-0000.98,-0000.98,+0000.00,+0000.38,-0000.31,-0010.03
+1581208498.88,-0000.98,-0000.98,+0000.00,+0000.38,-0000.23,-0010.03
+1581208498.89,+0000.00,-0000.98,+0000.00,+0000.46,-0000.31,-0010.03
+1581208498.89,-0000.98,-0000.98,-0000.98,+0000.46,-0000.31,-0010.11
+1581208498.90,-0000.98,-0000.98,+0000.00,+0000.38,-0000.31,-0010.11
+1581208498.90,-0000.98,+0000.00,+0000.00,+0000.46,-0000.31,-0010.03
+1581208498.91,+0000.00,-0000.98,-0000.98,+0000.38,-0000.31,-0010.03
+1581208498.91,-0000.98,+0000.00,-0000.98,+0000.38,-0000.23,-0010.03
+1581208498.92,-0000.98,-0000.98,-0000.98,+0000.46,-0000.31,-0010.03
+1581208498.92,-0000.98,+0000.00,-0000.98,+0000.46,-0000.31,-0010.03
+1581208498.93,-0000.98,-0000.98,-0000.98,+0000.38,-0000.31,-0010.03
+1581208498.93,-0000.98,+0000.00,+0000.00,+0000.38,-0000.31,-0010.03
+1581208498.94,-0000.98,+0000.00,-0000.98,+0000.46,-0000.31,-0010.11
+1581208498.94,-0000.98,+0000.00,+0000.00,+0000.38,-0000.31,-0010.03
+1581208498.95,-0000.98,+0000.00,-0000.98,+0000.38,-0000.31,-0010.03
+1581208498.95,+0000.00,+0000.00,+0000.00,+0000.38,-0000.31,-0010.11
+1581208498.96,-0000.98,+0000.00,-0000.98,+0000.38,-0000.31,-0010.03
+1581208498.96,+0000.00,+0000.00,+0000.00,+0000.38,-0000.31,-0010.03
+1581208498.97,-0000.98,+0000.00,+0000.00,+0000.38,-0000.31,-0010.03
+1581208498.97,-0000.98,+0000.00,+0000.00,+0000.38,-0000.23,-0010.03
+1581208498.98,-0000.98,+0000.00,+0000.00,+0000.46,-0000.31,-0010.03
+1581208498.98,-0000.98,-0000.98,+0000.00,+0000.38,-0000.31,-0010.03
+1581208498.99,-0000.98,+0000.00,-0000.98,+0000.38,-0000.31,-0010.03
+1581208498.99,+0000.00,+0000.00,-0000.98,+0000.38,-0000.23,-0010.03
+1581208499.00,-0000.98,+0000.00,+0000.00,+0000.46,-0000.31,-0010.03
+1581208499.00,-0000.98,+0000.00,-0000.98,+0000.38,-0000.31,-0010.11
+1581208499.01,-0000.98,+0000.00,+0000.00,+0000.46,-0000.31,-0010.03
+1581208499.01,-0000.98,+0000.00,-0000.98,+0000.46,-0000.31,-0010.03
+1581208499.02,-0000.98,+0000.00,-0000.98,+0000.46,-0000.31,-0010.03
+1581208499.02,-0000.98,+0000.00,-0000.98,+0000.38,-0000.31,-0010.11
+1581208499.03,-0000.98,+0000.00,+0000.00,+0000.46,-0000.31,-0010.11
+1581208499.03,-0000.98,+0000.00,+0000.00,+0000.46,-0000.31,-0010.03
+1581208499.04,-0000.98,+0000.00,-0000.98,+0000.46,-0000.31,-0010.03
+1581208499.04,+0000.00,+0000.00,-0000.98,+0000.38,-0000.31,-0010.11
+1581208499.05,-0000.98,+0000.00,+0000.00,+0000.38,-0000.31,-0010.03
+1581208499.05,-0000.98,+0000.00,-0000.98,+0000.38,-0000.31,-0010.03
+1581208499.06,-0000.98,+0000.00,+0000.00,+0000.38,-0000.31,-0010.03
+1581208499.06,-0000.98,+0000.00,+0000.00,+0000.46,-0000.31,-0010.03
+1581208499.07,-0000.98,+0000.00,+0000.00,+0000.46,-0000.31,-0010.03
+1581208499.07,+0000.00,+0000.00,-0000.98,+0000.46,-0000.31,-0010.03
+1581208499.08,-0000.98,+0000.00,+0000.00,+0000.46,-0000.31,-0010.03
+1581208499.08,-0000.98,+0000.00,+0000.00,+0000.38,-0000.31,-0010.03
+1581208499.09,-0000.98,+0000.00,-0000.98,+0000.38,-0000.23,-0010.11
+1581208499.09,-0000.98,+0000.98,-0000.98,+0000.46,-0000.23,-0010.11
+1581208499.10,-0000.98,+0000.98,-0000.98,+0000.46,-0000.31,-0010.03
+1581208499.10,-0000.98,+0000.00,-0000.98,+0000.38,-0000.31,-0010.03
+1581208499.11,-0000.98,+0000.98,-0000.98,+0000.46,-0000.31,-0010.03
+1581208499.11,-0000.98,+0000.98,-0000.98,+0000.46,-0000.31,-0010.03
+1581208499.12,+0000.00,+0000.98,-0000.98,+0000.46,-0000.31,-0010.03
+1581208499.12,-0000.98,+0000.98,+0000.00,+0000.38,-0000.31,-0010.03
+1581208499.13,-0000.98,+0000.98,+0000.00,+0000.46,-0000.31,-0010.03
+1581208499.13,-0000.98,+0000.98,-0000.98,+0000.46,-0000.31,-0010.03
+1581208499.14,-0000.98,+0000.98,-0000.98,+0000.46,-0000.23,-0010.03
+1581208499.14,-0000.98,+0000.98,-0000.98,+0000.46,-0000.31,-0010.03
+1581208499.15,-0000.98,+0000.98,-0000.98,+0000.38,-0000.23,-0010.03
+1581208499.15,-0000.98,+0000.98,-0000.98,+0000.46,-0000.31,-0010.03
+1581208499.16,-0000.98,+0000.98,-0000.98,+0000.46,-0000.31,-0010.03
+1581208499.16,-0000.98,+0000.98,-0000.98,+0000.46,-0000.31,-0010.03
+1581208499.17,-0000.98,+0000.98,-0000.98,+0000.46,-0000.31,-0010.03
+1581208499.17,+0000.00,+0000.98,-0000.98,+0000.46,-0000.23,-0010.03
+1581208499.18,-0000.98,+0000.98,+0000.00,+0000.46,-0000.31,-0010.11
+1581208499.18,-0000.98,+0000.98,-0000.98,+0000.46,-0000.23,-0010.03
+1581208499.19,-0000.98,+0000.98,-0000.98,+0000.46,-0000.31,-0010.03
+1581208499.19,-0000.98,+0000.98,-0000.98,+0000.38,-0000.31,-0010.11
+1581208499.20,-0000.98,+0000.98,-0000.98,+0000.46,-0000.31,-0010.03
+1581208499.20,+0000.00,+0000.98,-0000.98,+0000.46,-0000.31,-0010.11
+1581208499.21,-0000.98,+0000.98,-0000.98,+0000.46,-0000.31,-0010.11
+1581208499.21,-0000.98,+0000.98,+0000.00,+0000.46,-0000.31,-0010.03
+1581208499.22,+0000.00,+0000.98,-0000.98,+0000.46,-0000.31,-0010.03
+1581208499.22,+0000.00,+0000.98,-0000.98,+0000.46,-0000.31,-0010.03
+1581208499.23,-0000.98,+0000.98,+0000.00,+0000.46,-0000.31,-0010.11
+1581208499.23,-0000.98,+0000.98,-0000.98,+0000.46,-0000.31,-0010.11
+1581208499.24,-0000.98,+0000.98,-0000.98,+0000.46,-0000.31,-0010.03
+1581208499.24,-0000.98,+0000.98,-0000.98,+0000.46,-0000.31,-0010.03
+1581208499.25,-0000.98,+0000.98,-0000.98,+0000.46,-0000.31,-0010.11
+1581208499.25,+0000.00,+0000.98,-0000.98,+0000.46,-0000.31,-0010.03
+1581208499.26,-0000.98,+0000.98,-0000.98,+0000.46,-0000.23,-0010.03
+1581208499.26,-0000.98,+0000.98,+0000.00,+0000.46,-0000.31,-0010.03
+1581208499.27,-0000.98,+0000.98,-0000.98,+0000.46,-0000.31,-0010.11
+1581208499.27,-0000.98,+0000.98,+0000.00,+0000.46,-0000.31,-0010.03
+1581208499.28,-0000.98,+0000.98,-0000.98,+0000.46,-0000.23,-0010.03
+1581208499.28,+0000.00,+0000.98,+0000.00,+0000.46,-0000.23,-0010.03
+1581208499.29,-0000.98,+0000.98,-0000.98,+0000.46,-0000.31,-0010.03
+1581208499.29,-0000.98,+0000.98,-0000.98,+0000.46,-0000.31,-0010.03
+1581208499.30,-0000.98,+0000.00,+0000.00,+0000.46,-0000.31,-0010.11
+1581208499.30,-0000.98,+0000.98,+0000.00,+0000.46,-0000.31,-0010.03
+1581208499.31,-0000.98,+0000.98,-0000.98,+0000.46,-0000.31,-0010.03
+1581208499.31,-0000.98,+0000.98,-0000.98,+0000.46,-0000.23,-0010.11
+1581208499.32,-0000.98,+0000.98,-0000.98,+0000.46,-0000.31,-0010.03
+1581208499.32,-0000.98,+0000.98,-0000.98,+0000.46,-0000.31,-0010.11
+1581208499.33,-0000.98,+0000.98,+0000.00,+0000.46,-0000.31,-0010.11
+1581208499.33,-0000.98,+0000.98,-0000.98,+0000.46,-0000.31,-0010.03
+1581208499.34,-0000.98,+0000.98,-0000.98,+0000.46,-0000.31,-0010.11
+1581208499.34,-0000.98,+0000.98,+0000.00,+0000.46,-0000.31,-0010.11
+1581208499.35,+0000.00,+0000.98,-0000.98,+0000.46,-0000.31,-0010.11
+1581208499.35,-0000.98,+0000.98,-0000.98,+0000.46,-0000.23,-0010.03
+1581208499.36,-0000.98,+0000.98,-0000.98,+0000.46,-0000.31,-0010.03
+1581208499.36,+0000.00,+0000.98,+0000.00,+0000.46,-0000.31,-0010.11
+1581208499.37,+0000.00,+0000.98,+0000.00,+0000.46,-0000.31,-0010.11
+1581208499.37,-0000.98,+0000.98,-0000.98,+0000.46,-0000.31,-0010.03
+1581208499.38,-0000.98,+0000.98,+0000.00,+0000.46,-0000.31,-0010.03
+1581208499.38,-0000.98,+0000.98,-0000.98,+0000.46,-0000.23,-0010.03
+1581208499.39,-0000.98,+0000.98,+0000.00,+0000.46,-0000.31,-0010.03
+1581208499.39,+0000.00,+0000.98,-0000.98,+0000.46,-0000.31,-0010.03
+1581208499.40,-0000.98,+0000.98,-0000.98,+0000.46,-0000.31,-0010.03
+1581208499.40,+0000.00,+0000.98,-0000.98,+0000.46,-0000.31,-0010.03
+1581208499.41,+0000.00,+0000.98,+0000.00,+0000.46,-0000.23,-0010.03
+1581208499.41,-0000.98,+0000.98,-0000.98,+0000.46,-0000.31,-0010.03
+1581208499.42,-0000.98,+0000.98,+0000.00,+0000.46,-0000.31,-0010.03
+1581208499.42,+0000.00,+0000.98,-0000.98,+0000.46,-0000.31,-0010.11
+1581208499.43,-0000.98,+0000.98,-0000.98,+0000.46,-0000.31,-0010.03
+1581208499.43,-0000.98,+0000.98,-0000.98,+0000.46,-0000.31,-0010.03
+1581208499.44,-0000.98,+0000.98,-0000.98,+0000.46,-0000.31,-0010.11
+1581208499.44,-0000.98,+0000.98,-0000.98,+0000.46,-0000.31,-0010.03
+1581208499.45,+0000.00,+0000.98,-0000.98,+0000.46,-0000.31,-0010.03
+1581208499.45,-0000.98,+0000.98,+0000.00,+0000.46,-0000.31,-0010.11
+1581208499.46,+0000.00,+0000.98,-0000.98,+0000.46,-0000.31,-0010.03
+1581208499.46,-0000.98,+0000.98,-0000.98,+0000.46,-0000.31,-0010.03
+1581208499.47,+0000.00,+0000.98,+0000.00,+0000.46,-0000.31,-0010.03
+1581208499.47,-0000.98,+0000.98,-0000.98,+0000.46,-0000.23,-0010.03
+1581208499.48,-0000.98,+0000.98,-0000.98,+0000.46,-0000.23,-0010.03
+1581208499.48,-0000.98,+0000.98,+0000.00,+0000.46,-0000.31,-0010.11
+1581208499.49,+0000.00,+0000.98,-0000.98,+0000.46,-0000.23,-0010.03
+1581208499.49,-0000.98,+0000.98,+0000.00,+0000.46,-0000.31,-0010.11
+1581208499.50,+0000.00,+0000.98,-0000.98,+0000.46,-0000.31,-0010.11
+1581208499.50,-0000.98,+0000.98,+0000.00,+0000.54,-0000.31,-0010.11
+1581208499.51,+0000.00,+0000.98,-0000.98,+0000.46,-0000.23,-0010.11
+1581208499.51,-0000.98,+0000.98,-0000.98,+0000.46,-0000.31,-0010.03
+1581208499.52,-0000.98,+0000.98,-0000.98,+0000.46,-0000.31,-0010.03
+1581208499.52,+0000.00,+0000.98,+0000.00,+0000.46,-0000.31,-0010.03
+1581208499.53,-0000.98,+0000.98,+0000.00,+0000.46,-0000.31,-0010.03
+1581208499.53,+0000.00,+0000.98,+0000.00,+0000.46,-0000.31,-0010.03
+1581208499.54,-0000.98,+0000.98,-0000.98,+0000.46,-0000.23,-0010.03
+1581208499.54,-0000.98,+0001.95,-0000.98,+0000.46,-0000.31,-0010.03
+1581208499.55,-0000.98,+0001.95,+0000.00,+0000.46,-0000.23,-0010.11
+1581208499.55,+0000.00,+0001.95,-0000.98,+0000.46,-0000.31,-0010.03
+1581208499.56,-0000.98,+0001.95,-0000.98,+0000.54,-0000.31,-0010.03
+1581208499.56,+0000.00,+0000.98,-0000.98,+0000.54,-0000.23,-0010.03
+1581208499.57,-0000.98,+0001.95,-0000.98,+0000.46,-0000.31,-0010.03
+1581208499.57,-0000.98,+0001.95,-0000.98,+0000.46,-0000.31,-0010.03
+1581208499.58,+0000.00,+0001.95,-0000.98,+0000.46,-0000.31,-0010.03
+1581208499.58,-0000.98,+0001.95,-0000.98,+0000.46,-0000.31,-0010.03
+1581208499.59,-0000.98,+0001.95,-0000.98,+0000.46,-0000.31,-0010.03
+1581208499.59,-0000.98,+0001.95,-0000.98,+0000.46,-0000.31,-0010.03
+1581208499.60,-0000.98,+0001.95,-0000.98,+0000.46,-0000.31,-0010.11
+1581208499.60,-0000.98,+0001.95,-0000.98,+0000.46,-0000.23,-0010.03
+1581208499.61,-0000.98,+0001.95,-0000.98,+0000.46,-0000.31,-0010.03
+1581208499.61,-0000.98,+0001.95,-0000.98,+0000.46,-0000.31,-0010.11
+1581208499.62,-0000.98,+0001.95,-0000.98,+0000.46,-0000.31,-0010.11
+1581208499.62,-0000.98,+0001.95,-0000.98,+0000.46,-0000.31,-0010.03
+1581208499.63,-0000.98,+0001.95,+0000.00,+0000.46,-0000.31,-0010.11
+1581208499.63,-0000.98,+0001.95,-0000.98,+0000.46,-0000.31,-0010.03
+1581208499.64,-0000.98,+0001.95,-0000.98,+0000.46,-0000.31,-0010.03
+1581208499.64,-0000.98,+0001.95,-0000.98,+0000.54,-0000.31,-0010.11
+1581208499.65,+0000.00,+0001.95,-0000.98,+0000.46,-0000.31,-0010.03
+1581208499.65,-0000.98,+0001.95,-0000.98,+0000.46,-0000.31,-0010.03
+1581208499.66,-0000.98,+0001.95,+0000.00,+0000.46,-0000.31,-0010.03
+1581208499.66,-0000.98,+0001.95,-0000.98,+0000.46,-0000.31,-0010.03
+1581208499.67,-0000.98,+0001.95,+0000.00,+0000.46,-0000.31,-0010.03
+1581208499.67,-0000.98,+0001.95,+0000.00,+0000.46,-0000.31,-0010.03
+1581208499.68,+0000.00,+0001.95,-0000.98,+0000.46,-0000.31,-0010.03
+1581208499.68,-0000.98,+0001.95,+0000.00,+0000.46,-0000.31,-0010.03
+1581208499.69,-0000.98,+0001.95,-0000.98,+0000.54,-0000.31,-0010.03
+1581208499.69,-0000.98,+0001.95,-0000.98,+0000.46,-0000.31,-0010.03
+1581208499.70,-0000.98,+0002.93,-0000.98,+0000.46,-0000.31,-0010.03
+1581208499.70,-0000.98,+0002.93,-0000.98,+0000.54,-0000.31,-0010.03
+1581208499.71,-0000.98,+0001.95,-0000.98,+0000.54,-0000.31,-0010.11
+1581208499.71,-0000.98,+0001.95,-0000.98,+0000.54,-0000.23,-0010.03
+1581208499.72,-0000.98,+0002.93,-0000.98,+0000.54,-0000.31,-0010.03
+1581208499.72,-0000.98,+0002.93,-0000.98,+0000.54,-0000.31,-0010.03
+1581208499.73,+0000.00,+0002.93,-0000.98,+0000.54,-0000.31,-0010.03
+1581208499.73,+0000.00,+0002.93,-0000.98,+0000.54,-0000.31,-0010.03
+1581208499.74,-0000.98,+0002.93,-0000.98,+0000.54,-0000.31,-0010.03
+1581208499.74,+0000.00,+0002.93,-0000.98,+0000.46,-0000.31,-0010.03
+1581208499.75,-0000.98,+0002.93,-0000.98,+0000.54,-0000.23,-0010.03
+1581208499.75,+0000.00,+0002.93,-0000.98,+0000.46,-0000.31,-0010.03
+1581208499.76,-0000.98,+0002.93,-0000.98,+0000.54,-0000.31,-0010.11
+1581208499.76,-0000.98,+0002.93,-0000.98,+0000.46,-0000.31,-0010.03
+1581208499.77,+0000.00,+0002.93,-0000.98,+0000.46,-0000.31,-0010.11
+1581208499.77,-0000.98,+0002.93,-0000.98,+0000.46,-0000.31,-0010.03
+1581208499.77,-0000.98,+0002.93,-0000.98,+0000.54,-0000.31,-0010.03
+1581208499.78,-0000.98,+0002.93,-0000.98,+0000.54,-0000.31,-0010.03
+1581208499.78,+0000.00,+0002.93,-0000.98,+0000.54,-0000.31,-0010.03
+1581208499.79,-0000.98,+0002.93,-0000.98,+0000.54,-0000.31,-0010.03
+1581208499.79,+0000.00,+0002.93,-0000.98,+0000.54,-0000.31,-0010.03
+1581208499.80,+0000.00,+0002.93,-0000.98,+0000.46,-0000.31,-0010.03
+1581208499.80,-0000.98,+0002.93,-0000.98,+0000.54,-0000.31,-0010.11
+1581208499.81,-0000.98,+0002.93,+0000.00,+0000.54,-0000.31,-0010.03
+1581208499.81,+0000.00,+0002.93,-0000.98,+0000.46,-0000.23,-0010.03
+1581208499.82,-0000.98,+0002.93,-0000.98,+0000.54,-0000.31,-0010.03
+1581208499.82,+0000.00,+0002.93,-0000.98,+0000.54,-0000.31,-0010.03
+1581208499.83,-0000.98,+0002.93,-0000.98,+0000.54,-0000.31,-0010.03
+1581208499.83,+0000.00,+0002.93,+0000.00,+0000.54,-0000.31,-0009.95
+1581208499.84,-0000.98,+0002.93,-0000.98,+0000.54,-0000.31,-0010.03
+1581208499.84,+0000.00,+0002.93,-0000.98,+0000.54,-0000.31,-0010.03
+1581208499.85,+0000.00,+0002.93,+0000.00,+0000.54,-0000.31,-0010.03
+1581208499.85,-0000.98,+0002.93,-0000.98,+0000.54,-0000.31,-0010.03
+1581208499.86,+0000.00,+0002.93,-0000.98,+0000.54,-0000.31,-0010.03
+1581208499.86,-0000.98,+0002.93,-0000.98,+0000.54,-0000.31,-0010.03
+1581208499.87,-0000.98,+0001.95,-0000.98,+0000.54,-0000.31,-0010.03
+1581208499.87,-0000.98,+0001.95,-0000.98,+0000.54,-0000.31,-0010.03
+1581208499.88,-0000.98,+0001.95,-0000.98,+0000.54,-0000.23,-0010.03
+1581208499.88,+0000.00,+0001.95,-0000.98,+0000.54,-0000.23,-0010.03
+1581208499.89,-0000.98,+0001.95,-0000.98,+0000.54,-0000.31,-0010.03
+1581208499.89,+0000.00,+0001.95,-0000.98,+0000.54,-0000.31,-0010.03
+1581208499.90,+0000.00,+0001.95,-0000.98,+0000.54,-0000.31,-0010.11
+1581208499.90,+0000.00,+0001.95,-0000.98,+0000.54,-0000.38,-0010.03
+1581208499.91,-0000.98,+0001.95,-0000.98,+0000.54,-0000.23,-0010.03
+1581208499.91,-0000.98,+0001.95,+0000.00,+0000.54,-0000.31,-0010.03
+1581208499.92,-0000.98,+0001.95,-0000.98,+0000.54,-0000.31,-0010.03
+1581208499.92,-0000.98,+0001.95,-0000.98,+0000.54,-0000.31,-0010.03
+1581208499.93,+0000.00,+0001.95,-0000.98,+0000.54,-0000.31,-0010.11
+1581208499.93,-0000.98,+0001.95,-0000.98,+0000.54,-0000.31,-0010.03
+1581208499.94,-0000.98,+0000.98,-0000.98,+0000.54,-0000.31,-0009.95
+1581208499.94,-0000.98,+0000.98,-0000.98,+0000.54,-0000.31,-0010.03
+1581208499.95,-0000.98,+0000.98,+0000.00,+0000.54,-0000.31,-0010.03
+1581208499.95,-0000.98,+0000.98,-0000.98,+0000.54,-0000.31,-0010.03
+1581208499.96,-0000.98,+0000.98,-0000.98,+0000.54,-0000.23,-0010.03
+1581208499.96,-0000.98,+0000.98,+0000.00,+0000.54,-0000.31,-0010.03
+1581208499.97,-0000.98,+0000.98,-0000.98,+0000.54,-0000.31,-0010.03
+1581208499.97,-0000.98,+0000.98,+0000.00,+0000.54,-0000.31,-0010.03
+1581208499.98,-0000.98,+0000.98,-0000.98,+0000.54,-0000.23,-0010.03
+1581208499.98,-0000.98,+0000.00,+0000.00,+0000.54,-0000.23,-0010.03
+1581208499.99,-0000.98,+0000.00,-0000.98,+0000.54,-0000.31,-0010.03
+1581208499.99,-0000.98,+0000.00,-0000.98,+0000.54,-0000.31,-0010.03
+1581208500.00,-0000.98,+0000.00,+0000.00,+0000.54,-0000.31,-0010.11
+1581208500.00,-0000.98,+0000.00,-0000.98,+0000.54,-0000.31,-0010.11
+1581208500.01,-0000.98,+0000.00,-0000.98,+0000.54,-0000.31,-0010.03
+1581208500.01,-0000.98,+0000.00,-0000.98,+0000.54,-0000.31,-0010.03
+1581208500.02,-0000.98,-0000.98,-0000.98,+0000.54,-0000.31,-0010.11
+1581208500.02,-0000.98,-0000.98,-0000.98,+0000.54,-0000.31,-0010.03
+1581208500.03,-0000.98,-0000.98,+0000.00,+0000.54,-0000.23,-0010.11
+1581208500.03,-0000.98,-0000.98,-0000.98,+0000.54,-0000.31,-0010.03
+1581208500.04,-0000.98,-0000.98,+0000.00,+0000.54,-0000.31,-0010.03
+1581208500.04,-0000.98,-0000.98,-0000.98,+0000.54,-0000.31,-0010.11
+1581208500.05,-0000.98,-0000.98,+0000.00,+0000.54,-0000.31,-0010.03
+1581208500.05,-0000.98,-0000.98,+0000.00,+0000.54,-0000.31,-0010.03
+1581208500.06,-0000.98,-0000.98,+0000.00,+0000.54,-0000.31,-0010.03
+1581208500.06,-0000.98,-0001.95,+0000.00,+0000.54,-0000.31,-0010.03
+1581208500.07,-0000.98,-0001.95,+0000.00,+0000.54,-0000.31,-0010.03
+1581208500.07,-0000.98,-0001.95,-0000.98,+0000.54,-0000.31,-0010.03
+1581208500.08,-0000.98,-0001.95,+0000.00,+0000.54,-0000.31,-0010.03
+1581208500.08,-0000.98,-0001.95,+0000.00,+0000.54,-0000.31,-0010.03
+1581208500.09,-0000.98,-0001.95,+0000.00,+0000.54,-0000.31,-0010.03
+1581208500.09,-0000.98,-0001.95,+0000.00,+0000.54,-0000.23,-0010.11
+1581208500.10,+0000.00,-0001.95,-0000.98,+0000.54,-0000.23,-0010.03
+1581208500.10,-0000.98,-0001.95,+0000.00,+0000.54,-0000.31,-0010.03
+1581208500.11,-0000.98,-0001.95,+0000.00,+0000.54,-0000.31,-0010.11
+1581208500.11,-0000.98,-0001.95,+0000.00,+0000.54,-0000.31,-0010.03
+1581208500.12,-0000.98,-0001.95,+0000.00,+0000.54,-0000.31,-0009.95
+1581208500.12,-0000.98,-0001.95,+0000.00,+0000.54,-0000.31,-0010.03
+1581208500.13,-0000.98,-0001.95,+0000.00,+0000.54,-0000.31,-0010.03
+1581208500.13,-0000.98,-0001.95,+0000.00,+0000.54,-0000.31,-0010.03
+1581208500.14,-0000.98,-0001.95,+0000.00,+0000.54,-0000.31,-0010.03
+1581208500.14,+0000.00,-0001.95,+0000.00,+0000.54,-0000.31,-0010.03
+1581208500.15,-0000.98,-0000.98,+0000.00,+0000.54,-0000.31,-0010.03
+1581208500.15,-0000.98,-0001.95,+0000.00,+0000.54,-0000.31,-0010.03
+1581208500.16,-0000.98,-0001.95,+0000.00,+0000.54,-0000.31,-0010.11
+1581208500.16,-0000.98,-0000.98,-0000.98,+0000.46,-0000.31,-0010.11
+1581208500.17,-0000.98,-0000.98,+0000.00,+0000.54,-0000.31,-0010.11
+1581208500.17,-0000.98,-0001.95,+0000.00,+0000.54,-0000.31,-0010.03
+1581208500.18,-0000.98,-0000.98,+0000.00,+0000.54,-0000.31,-0010.03
+1581208500.18,-0000.98,-0000.98,+0000.00,+0000.54,-0000.31,-0010.03
+1581208500.19,-0000.98,-0000.98,-0000.98,+0000.54,-0000.31,-0010.03
+1581208500.19,-0000.98,-0000.98,+0000.00,+0000.54,-0000.23,-0010.11
+1581208500.20,-0000.98,-0000.98,-0000.98,+0000.54,-0000.31,-0010.03
+1581208500.20,-0000.98,-0000.98,+0000.00,+0000.54,-0000.31,-0010.03
+1581208500.21,-0000.98,-0000.98,+0000.00,+0000.54,-0000.31,-0010.03
+1581208500.21,+0000.00,-0000.98,-0000.98,+0000.54,-0000.31,-0010.11
+1581208500.22,-0000.98,-0000.98,+0000.00,+0000.54,-0000.31,-0010.03
+1581208500.22,-0000.98,-0000.98,-0000.98,+0000.54,-0000.31,-0010.03
+1581208500.23,-0000.98,-0000.98,+0000.00,+0000.54,-0000.23,-0010.03
+1581208500.23,-0000.98,-0000.98,+0000.00,+0000.54,-0000.23,-0010.11
+1581208500.24,-0000.98,-0000.98,+0000.00,+0000.54,-0000.31,-0010.03
+1581208500.24,-0000.98,-0000.98,-0000.98,+0000.54,-0000.31,-0010.03
+1581208500.25,-0000.98,-0000.98,-0000.98,+0000.54,-0000.31,-0010.03
+1581208500.25,-0000.98,-0000.98,+0000.00,+0000.54,-0000.31,-0010.11
+1581208500.26,-0000.98,-0000.98,+0000.00,+0000.54,-0000.31,-0010.03
+1581208500.26,-0000.98,-0000.98,-0000.98,+0000.54,-0000.31,-0010.03
+1581208500.27,-0000.98,-0000.98,-0000.98,+0000.54,-0000.31,-0010.03
+1581208500.27,-0000.98,-0000.98,+0000.00,+0000.46,-0000.31,-0010.11
+1581208500.28,-0000.98,-0000.98,-0000.98,+0000.54,-0000.31,-0010.03
+1581208500.28,-0000.98,-0000.98,-0000.98,+0000.54,-0000.31,-0010.11
+1581208500.29,-0000.98,-0000.98,+0000.00,+0000.54,-0000.31,-0010.11
+1581208500.29,-0000.98,-0000.98,-0000.98,+0000.54,-0000.31,-0010.03
+1581208500.30,+0000.00,-0000.98,-0000.98,+0000.54,-0000.31,-0010.03
+1581208500.30,-0000.98,-0000.98,+0000.00,+0000.54,-0000.31,-0010.03
+1581208500.31,-0000.98,-0000.98,+0000.00,+0000.54,-0000.23,-0009.95
+1581208500.31,+0000.00,-0000.98,+0000.00,+0000.54,-0000.31,-0010.03
+1581208500.32,+0000.00,-0000.98,-0000.98,+0000.54,-0000.23,-0010.03
+1581208500.32,-0000.98,-0000.98,+0000.00,+0000.54,-0000.31,-0010.03
+1581208500.33,-0000.98,-0000.98,-0000.98,+0000.54,-0000.31,-0010.03
+1581208500.33,-0000.98,-0000.98,-0000.98,+0000.54,-0000.23,-0010.03
+1581208500.34,-0000.98,-0000.98,+0000.00,+0000.54,-0000.31,-0010.03
+1581208500.34,-0000.98,-0000.98,-0000.98,+0000.54,-0000.31,-0010.03
+1581208500.35,-0000.98,-0000.98,+0000.00,+0000.54,-0000.31,-0010.03
+1581208500.35,-0000.98,+0000.00,+0000.00,+0000.54,-0000.31,-0010.03
+1581208500.36,-0000.98,-0000.98,-0000.98,+0000.54,-0000.31,-0010.03
+1581208500.36,+0000.00,-0000.98,+0000.00,+0000.54,-0000.31,-0010.03
+1581208500.37,-0000.98,+0000.00,+0000.00,+0000.54,-0000.31,-0010.03
+1581208500.37,-0000.98,+0000.00,-0000.98,+0000.54,-0000.31,-0010.03
+1581208500.38,-0000.98,+0000.00,-0000.98,+0000.54,-0000.31,-0010.03
+1581208500.38,-0000.98,-0000.98,+0000.00,+0000.54,-0000.31,-0010.03
+1581208500.39,-0000.98,+0000.00,+0000.00,+0000.54,-0000.31,-0010.03
+1581208500.39,-0000.98,+0000.00,-0000.98,+0000.54,-0000.31,-0010.03
+1581208500.40,+0000.00,-0000.98,-0000.98,+0000.54,-0000.31,-0010.03
+1581208500.40,-0000.98,-0000.98,+0000.00,+0000.54,-0000.31,-0010.03
+1581208500.41,+0000.00,-0000.98,+0000.00,+0000.54,-0000.31,-0010.03
+1581208500.41,-0000.98,+0000.00,-0000.98,+0000.54,-0000.31,-0010.03
+1581208500.42,-0000.98,+0000.00,+0000.00,+0000.54,-0000.31,-0010.03
+1581208500.42,-0000.98,-0000.98,-0000.98,+0000.54,-0000.31,-0010.03
+1581208500.43,-0000.98,-0000.98,+0000.00,+0000.54,-0000.31,-0010.03
+1581208500.43,-0000.98,+0000.00,-0000.98,+0000.54,-0000.31,-0010.03
+1581208500.44,+0000.00,+0000.00,+0000.00,+0000.54,-0000.31,-0010.03
+1581208500.44,-0000.98,-0000.98,-0000.98,+0000.54,-0000.31,-0010.11
+1581208500.45,+0000.00,-0000.98,-0000.98,+0000.54,-0000.31,-0010.11
+1581208500.45,-0000.98,+0000.00,-0000.98,+0000.54,-0000.31,-0010.03
+1581208500.46,-0000.98,+0000.00,-0000.98,+0000.54,-0000.31,-0010.03
+1581208500.46,-0000.98,-0000.98,+0000.00,+0000.54,-0000.31,-0010.03
+1581208500.47,-0000.98,-0000.98,+0000.00,+0000.54,-0000.31,-0010.03
+1581208500.47,-0000.98,-0000.98,+0000.00,+0000.54,-0000.31,-0010.11
+1581208500.48,-0000.98,-0000.98,+0000.00,+0000.54,-0000.31,-0010.11
+1581208500.48,-0000.98,-0000.98,-0000.98,+0000.54,-0000.31,-0010.03
+1581208500.49,-0000.98,-0000.98,+0000.00,+0000.54,-0000.31,-0010.11
+1581208500.49,-0000.98,-0000.98,-0000.98,+0000.54,-0000.31,-0010.03
+1581208500.50,-0000.98,-0000.98,+0000.00,+0000.54,-0000.31,-0010.03
+1581208500.50,-0000.98,-0000.98,+0000.00,+0000.46,-0000.31,-0010.03
+1581208500.51,-0000.98,-0000.98,+0000.00,+0000.54,-0000.23,-0010.03
+1581208500.51,-0000.98,-0001.95,+0000.00,+0000.54,-0000.31,-0010.03
+1581208500.52,-0000.98,-0001.95,-0000.98,+0000.54,-0000.31,-0010.03
+1581208500.52,-0000.98,-0001.95,+0000.00,+0000.54,-0000.31,-0010.03
+1581208500.53,-0000.98,-0001.95,+0000.00,+0000.54,-0000.31,-0010.03
+1581208500.53,-0000.98,-0001.95,+0000.00,+0000.54,-0000.31,-0010.03
+1581208500.54,-0000.98,-0001.95,-0000.98,+0000.54,-0000.23,-0010.03
+1581208500.54,-0000.98,-0001.95,+0000.00,+0000.54,-0000.31,-0010.03
+1581208500.55,-0000.98,-0001.95,+0000.00,+0000.54,-0000.31,-0010.03
+1581208500.55,-0000.98,-0001.95,+0000.00,+0000.54,-0000.23,-0010.03
+1581208500.56,-0000.98,-0001.95,+0000.00,+0000.54,-0000.31,-0010.03
+1581208500.56,+0000.00,-0001.95,-0000.98,+0000.54,-0000.31,-0010.03
+1581208500.57,-0000.98,-0001.95,+0000.00,+0000.54,-0000.31,-0010.03
+1581208500.57,-0000.98,-0002.93,+0000.00,+0000.54,-0000.31,-0010.03
+1581208500.58,-0000.98,-0002.93,+0000.00,+0000.54,-0000.31,-0010.03
+1581208500.58,-0000.98,-0002.93,+0000.00,+0000.54,-0000.31,-0010.03
+1581208500.59,-0000.98,-0002.93,+0000.00,+0000.54,-0000.31,-0009.95
+1581208500.59,-0000.98,-0002.93,+0000.00,+0000.54,-0000.31,-0010.03
+1581208500.60,-0000.98,-0002.93,+0000.00,+0000.54,-0000.23,-0010.03
+1581208500.60,-0000.98,-0002.93,+0000.00,+0000.54,-0000.31,-0010.11
+1581208500.61,-0000.98,-0002.93,+0000.00,+0000.54,-0000.23,-0010.03
+1581208500.61,-0000.98,-0002.93,+0000.00,+0000.54,-0000.31,-0010.03
+1581208500.62,-0000.98,-0002.93,+0000.00,+0000.54,-0000.31,-0010.03
+1581208500.62,-0000.98,-0002.93,+0000.00,+0000.54,-0000.31,-0010.03
+1581208500.63,-0000.98,-0002.93,+0000.00,+0000.54,-0000.31,-0010.03
+1581208500.63,-0000.98,-0002.93,+0000.00,+0000.54,-0000.31,-0010.03
+1581208500.64,-0000.98,-0002.93,+0000.00,+0000.54,-0000.31,-0010.03
+1581208500.64,-0000.98,-0003.91,+0000.00,+0000.54,-0000.31,-0010.03
+1581208500.65,-0000.98,-0002.93,-0000.98,+0000.54,-0000.31,-0010.03
+1581208500.65,-0000.98,-0003.91,+0000.00,+0000.54,-0000.31,-0010.03
+1581208500.66,-0000.98,-0002.93,+0000.00,+0000.54,-0000.31,-0010.03
+1581208500.66,-0000.98,-0002.93,+0000.00,+0000.54,-0000.31,-0010.03
+1581208500.67,-0000.98,-0002.93,+0000.00,+0000.54,-0000.31,-0010.03
+1581208500.67,-0000.98,-0002.93,+0000.00,+0000.54,-0000.31,-0010.03
+1581208500.68,-0000.98,-0002.93,+0000.00,+0000.54,-0000.31,-0010.03
+1581208500.68,-0000.98,-0002.93,+0000.00,+0000.46,-0000.31,-0010.03
+1581208500.69,-0000.98,-0002.93,+0000.00,+0000.54,-0000.31,-0010.03
+1581208500.69,-0000.98,-0003.91,+0000.00,+0000.54,-0000.31,-0010.11
+1581208500.70,-0000.98,-0002.93,+0000.00,+0000.54,-0000.31,-0010.03
+1581208500.70,-0000.98,-0002.93,+0000.00,+0000.54,-0000.31,-0010.03
+1581208500.71,-0000.98,-0002.93,+0000.00,+0000.46,-0000.31,-0010.03
+1581208500.71,-0000.98,-0003.91,+0000.00,+0000.54,-0000.31,-0010.03
+1581208500.72,-0000.98,-0003.91,+0000.00,+0000.46,-0000.31,-0010.03
+1581208500.72,-0000.98,-0002.93,+0000.00,+0000.54,-0000.31,-0010.03
+1581208500.73,-0000.98,-0002.93,+0000.00,+0000.54,-0000.31,-0010.11
+1581208500.73,-0000.98,-0002.93,+0000.00,+0000.46,-0000.31,-0010.11
+1581208500.74,-0000.98,-0002.93,+0000.00,+0000.46,-0000.31,-0010.03
+1581208500.74,-0000.98,-0002.93,+0000.00,+0000.46,-0000.31,-0010.11
+1581208500.75,-0000.98,-0002.93,+0000.00,+0000.54,-0000.31,-0010.11
+1581208500.75,-0000.98,-0002.93,+0000.00,+0000.54,-0000.31,-0010.03
+1581208500.76,-0000.98,-0002.93,+0000.00,+0000.54,-0000.31,-0010.11
+1581208500.76,-0000.98,-0002.93,+0000.00,+0000.54,-0000.31,-0010.11
+1581208500.77,-0000.98,-0002.93,+0000.00,+0000.46,-0000.31,-0010.11
+1581208500.77,-0000.98,-0002.93,+0000.00,+0000.54,-0000.31,-0010.03
+1581208500.78,-0000.98,-0002.93,+0000.00,+0000.46,-0000.31,-0010.03
+1581208500.78,-0000.98,-0002.93,+0000.00,+0000.46,-0000.31,-0010.03
+1581208500.79,-0000.98,-0002.93,+0000.00,+0000.46,-0000.31,-0010.03
+1581208500.79,-0000.98,-0002.93,-0000.98,+0000.54,-0000.31,-0010.03
+1581208500.80,-0000.98,-0002.93,+0000.00,+0000.46,-0000.23,-0010.03
+1581208500.80,-0000.98,-0002.93,+0000.00,+0000.46,-0000.31,-0010.03
+1581208500.81,-0000.98,-0002.93,+0000.00,+0000.54,-0000.31,-0010.03
+1581208500.81,-0000.98,-0002.93,+0000.00,+0000.54,-0000.31,-0010.03
+1581208500.82,+0000.00,-0002.93,+0000.00,+0000.46,-0000.31,-0010.03
+1581208500.82,-0000.98,-0002.93,+0000.00,+0000.46,-0000.31,-0010.11
+1581208500.83,-0000.98,-0001.95,+0000.00,+0000.46,-0000.23,-0010.03
+1581208500.83,-0000.98,-0001.95,+0000.00,+0000.46,-0000.31,-0010.11
+1581208500.84,-0000.98,-0001.95,+0000.00,+0000.46,-0000.23,-0010.11
+1581208500.84,-0000.98,-0001.95,-0000.98,+0000.46,-0000.31,-0010.11
+1581208500.85,-0000.98,-0001.95,+0000.00,+0000.46,-0000.31,-0010.03
+1581208500.85,-0000.98,-0001.95,+0000.00,+0000.46,-0000.31,-0010.03
+1581208500.86,-0000.98,-0001.95,+0000.00,+0000.46,-0000.31,-0010.03
+1581208500.86,-0000.98,-0001.95,+0000.00,+0000.54,-0000.31,-0010.03
+1581208500.87,-0000.98,-0001.95,-0000.98,+0000.46,-0000.23,-0010.03
+1581208500.87,-0000.98,-0001.95,+0000.00,+0000.46,-0000.23,-0010.03
+1581208500.88,-0000.98,-0001.95,+0000.00,+0000.46,-0000.31,-0010.03
+1581208500.88,-0000.98,-0001.95,+0000.00,+0000.46,-0000.31,-0010.11
+1581208500.89,-0000.98,-0001.95,-0000.98,+0000.46,-0000.31,-0010.03
+1581208500.89,-0000.98,-0001.95,+0000.00,+0000.46,-0000.31,-0010.03
+1581208500.90,-0000.98,-0001.95,+0000.00,+0000.46,-0000.31,-0010.03
+1581208500.90,-0000.98,-0000.98,+0000.00,+0000.46,-0000.31,-0010.11
+1581208500.91,-0000.98,-0001.95,+0000.00,+0000.46,-0000.23,-0010.03
+1581208500.91,-0000.98,-0001.95,+0000.00,+0000.46,-0000.31,-0010.03
+1581208500.92,-0000.98,-0000.98,-0000.98,+0000.46,-0000.31,-0010.03
+1581208500.92,-0000.98,-0000.98,+0000.00,+0000.46,-0000.31,-0010.03
+1581208500.93,-0000.98,-0000.98,+0000.00,+0000.46,-0000.31,-0010.03
+1581208500.93,-0000.98,-0000.98,+0000.00,+0000.46,-0000.31,-0010.03
+1581208500.94,-0000.98,-0000.98,-0000.98,+0000.46,-0000.31,-0010.11
+1581208500.94,-0000.98,-0000.98,-0000.98,+0000.46,-0000.31,-0010.11
+1581208500.95,-0000.98,-0000.98,+0000.00,+0000.46,-0000.31,-0010.11
+1581208500.95,-0000.98,-0000.98,+0000.00,+0000.46,-0000.31,-0010.03
+1581208500.96,-0000.98,-0000.98,-0000.98,+0000.46,-0000.31,-0010.11
+1581208500.96,-0000.98,-0000.98,+0000.00,+0000.46,-0000.31,-0010.03
+1581208500.97,-0000.98,-0000.98,-0000.98,+0000.46,-0000.31,-0010.03
+1581208500.97,-0000.98,+0000.00,-0000.98,+0000.46,-0000.31,-0010.03
+1581208500.98,+0000.00,+0000.00,+0000.00,+0000.46,-0000.31,-0010.03
+1581208500.98,-0000.98,+0000.00,-0000.98,+0000.46,-0000.31,-0010.03
+1581208500.99,-0000.98,+0000.00,+0000.00,+0000.46,-0000.31,-0010.03
+1581208500.99,-0000.98,+0000.00,+0000.00,+0000.46,-0000.31,-0010.03
+1581208501.00,-0000.98,+0000.00,+0000.00,+0000.46,-0000.31,-0010.03
+1581208501.00,-0000.98,+0000.00,+0000.00,+0000.46,-0000.23,-0010.11
+1581208501.01,-0000.98,+0000.00,-0000.98,+0000.46,-0000.31,-0010.03
+1581208501.01,-0000.98,+0000.00,+0000.00,+0000.46,-0000.31,-0010.03
+1581208501.02,-0000.98,+0000.00,-0000.98,+0000.46,-0000.31,-0010.11
+1581208501.02,-0000.98,+0000.98,+0000.00,+0000.46,-0000.31,-0010.03
+1581208501.03,-0000.98,+0000.00,+0000.00,+0000.46,-0000.31,-0010.11
+1581208501.03,-0000.98,+0000.98,-0000.98,+0000.46,-0000.31,-0010.03
+1581208501.04,+0000.00,+0000.98,-0000.98,+0000.46,-0000.31,-0010.03
+1581208501.04,-0000.98,+0000.00,+0000.00,+0000.46,-0000.31,-0010.11
+1581208501.05,-0000.98,+0000.98,-0000.98,+0000.46,-0000.31,-0010.11
+1581208501.05,+0000.00,+0000.98,-0000.98,+0000.46,-0000.23,-0010.03
+1581208501.06,+0000.00,+0000.98,+0000.00,+0000.46,-0000.31,-0010.03
+1581208501.06,+0000.00,+0000.98,-0000.98,+0000.46,-0000.31,-0010.03
+1581208501.07,-0000.98,+0000.98,-0000.98,+0000.46,-0000.31,-0010.03
+1581208501.07,-0000.98,+0000.98,-0000.98,+0000.46,-0000.31,-0010.03
+1581208501.08,-0000.98,+0000.98,+0000.00,+0000.46,-0000.31,-0010.03
+1581208501.08,-0000.98,+0000.98,-0000.98,+0000.54,-0000.31,-0010.11
+1581208501.09,-0000.98,+0000.98,+0000.00,+0000.54,-0000.31,-0010.03
+1581208501.09,+0000.00,+0000.98,-0000.98,+0000.54,-0000.23,-0010.03
+1581208501.10,-0000.98,+0000.98,-0000.98,+0000.54,-0000.31,-0010.03
+1581208501.10,-0000.98,+0000.98,-0000.98,+0000.46,-0000.31,-0010.03
+1581208501.11,+0000.00,+0000.98,+0000.00,+0000.46,-0000.31,-0010.03
+1581208501.11,+0000.00,+0000.98,-0000.98,+0000.46,-0000.31,-0010.03
+1581208501.12,-0000.98,+0000.98,+0000.00,+0000.46,-0000.31,-0010.03
+1581208501.12,-0000.98,+0000.98,-0000.98,+0000.46,-0000.31,-0010.03
+1581208501.13,-0000.98,+0000.98,-0000.98,+0000.46,-0000.31,-0010.03
+1581208501.13,-0000.98,+0000.98,-0000.98,+0000.46,-0000.31,-0010.03
+1581208501.14,+0000.00,+0000.98,-0000.98,+0000.54,-0000.38,-0010.03
+1581208501.14,-0000.98,+0000.98,+0000.00,+0000.54,-0000.31,-0010.11
+1581208501.15,-0000.98,+0000.98,-0000.98,+0000.54,-0000.31,-0010.03
+1581208501.15,+0000.00,+0000.98,-0000.98,+0000.46,-0000.31,-0010.03
+1581208501.16,-0000.98,+0000.98,+0000.00,+0000.46,-0000.23,-0010.03
+1581208501.16,-0000.98,+0000.98,-0000.98,+0000.46,-0000.31,-0010.11
+1581208501.17,-0000.98,+0000.98,-0000.98,+0000.46,-0000.23,-0010.03
+1581208501.17,-0000.98,+0000.98,-0000.98,+0000.46,-0000.31,-0010.03
+1581208501.18,+0000.00,+0000.98,-0000.98,+0000.46,-0000.31,-0010.03
+1581208501.18,+0000.00,+0000.98,+0000.00,+0000.54,-0000.31,-0010.03
+1581208501.19,-0000.98,+0000.98,-0000.98,+0000.46,-0000.31,-0010.11
+1581208501.19,-0000.98,+0000.98,-0000.98,+0000.46,-0000.23,-0010.03
+1581208501.20,-0000.98,+0001.95,+0000.00,+0000.54,-0000.31,-0010.03
+1581208501.20,+0000.00,+0000.98,+0000.00,+0000.46,-0000.31,-0010.03
+1581208501.21,-0000.98,+0000.98,-0000.98,+0000.46,-0000.31,-0010.03
+1581208501.21,-0000.98,+0001.95,-0000.98,+0000.46,-0000.31,-0010.03
+1581208501.22,-0000.98,+0000.98,-0000.98,+0000.46,-0000.31,-0010.03
+1581208501.22,-0000.98,+0001.95,-0000.98,+0000.54,-0000.31,-0010.11
+1581208501.23,-0000.98,+0000.98,-0000.98,+0000.54,-0000.31,-0010.11
+1581208501.23,-0000.98,+0000.98,-0000.98,+0000.46,-0000.31,-0010.11
+1581208501.24,+0000.00,+0001.95,+0000.00,+0000.54,-0000.31,-0010.03
+1581208501.24,+0000.00,+0000.98,-0000.98,+0000.46,-0000.23,-0010.03
+1581208501.25,-0000.98,+0000.98,-0000.98,+0000.54,-0000.31,-0010.11
+1581208501.25,-0000.98,+0000.98,-0000.98,+0000.54,-0000.31,-0010.03
+1581208501.26,+0000.00,+0001.95,-0000.98,+0000.54,-0000.23,-0010.03
+1581208501.26,-0000.98,+0000.98,-0000.98,+0000.46,-0000.31,-0010.03
+1581208501.27,+0000.00,+0001.95,-0000.98,+0000.54,-0000.31,-0010.03
+1581208501.27,-0000.98,+0001.95,-0000.98,+0000.46,-0000.31,-0010.03
+1581208501.28,-0000.98,+0001.95,-0000.98,+0000.54,-0000.31,-0010.03
+1581208501.28,+0000.00,+0001.95,+0000.00,+0000.54,-0000.31,-0010.03
+1581208501.29,-0000.98,+0001.95,-0000.98,+0000.54,-0000.31,-0010.03
+1581208501.29,-0000.98,+0001.95,-0000.98,+0000.46,-0000.31,-0010.03
+1581208501.30,-0000.98,+0001.95,-0000.98,+0000.54,-0000.31,-0010.03
+1581208501.30,+0000.00,+0001.95,-0000.98,+0000.54,-0000.31,-0010.03
+1581208501.31,+0000.00,+0001.95,-0000.98,+0000.46,-0000.31,-0010.03
+1581208501.31,-0000.98,+0001.95,-0000.98,+0000.54,-0000.31,-0010.03
+1581208501.32,-0000.98,+0001.95,+0000.00,+0000.54,-0000.31,-0010.03
+1581208501.32,+0000.00,+0001.95,-0000.98,+0000.46,-0000.31,-0010.03
+1581208501.33,-0000.98,+0001.95,+0000.00,+0000.54,-0000.31,-0010.03
+1581208501.33,-0000.98,+0001.95,-0000.98,+0000.54,-0000.23,-0010.11
+1581208501.34,-0000.98,+0001.95,-0000.98,+0000.54,-0000.31,-0010.03
+1581208501.34,-0000.98,+0001.95,+0000.00,+0000.46,-0000.31,-0010.03
+1581208501.35,+0000.00,+0001.95,-0000.98,+0000.46,-0000.31,-0010.03
+1581208501.35,-0000.98,+0001.95,+0000.00,+0000.54,-0000.31,-0010.03
+1581208501.36,+0000.00,+0001.95,-0000.98,+0000.54,-0000.31,-0010.11
+1581208501.36,+0000.00,+0001.95,-0000.98,+0000.54,-0000.31,-0010.03
+1581208501.37,-0000.98,+0001.95,-0000.98,+0000.46,-0000.31,-0010.03
+1581208501.37,+0000.00,+0002.93,-0000.98,+0000.54,-0000.31,-0010.03
+1581208501.38,-0000.98,+0002.93,-0000.98,+0000.46,-0000.31,-0010.03
+1581208501.38,+0000.00,+0002.93,-0000.98,+0000.54,-0000.31,-0010.03
+1581208501.39,-0000.98,+0002.93,-0000.98,+0000.54,-0000.31,-0010.03
+1581208501.39,+0000.00,+0002.93,-0000.98,+0000.54,-0000.31,-0010.11
+1581208501.40,+0000.00,+0002.93,-0000.98,+0000.54,-0000.31,-0010.03
+1581208501.40,-0000.98,+0002.93,-0000.98,+0000.54,-0000.31,-0010.03
+1581208501.41,+0000.00,+0002.93,-0000.98,+0000.54,-0000.31,-0010.03
+1581208501.41,-0000.98,+0002.93,-0000.98,+0000.54,-0000.31,-0010.03
+1581208501.42,-0000.98,+0002.93,-0000.98,+0000.54,-0000.31,-0010.11
+1581208501.42,+0000.00,+0002.93,-0000.98,+0000.54,-0000.31,-0010.03
+1581208501.43,-0000.98,+0002.93,-0000.98,+0000.54,-0000.31,-0010.03
+1581208501.43,-0000.98,+0003.91,-0000.98,+0000.54,-0000.31,-0010.11
+1581208501.44,-0000.98,+0002.93,-0000.98,+0000.54,-0000.31,-0010.03
+1581208501.44,+0000.00,+0002.93,-0000.98,+0000.54,-0000.31,-0010.03
+1581208501.45,+0000.00,+0002.93,-0000.98,+0000.54,-0000.31,-0010.03
+1581208501.45,-0000.98,+0002.93,-0000.98,+0000.54,-0000.31,-0010.03
+1581208501.46,+0000.00,+0002.93,-0000.98,+0000.54,-0000.31,-0010.03
+1581208501.46,+0000.00,+0002.93,-0000.98,+0000.54,-0000.31,-0010.03
+1581208501.47,-0000.98,+0003.91,+0000.00,+0000.54,-0000.31,-0010.03
+1581208501.47,+0000.00,+0002.93,-0000.98,+0000.54,-0000.31,-0010.03
+1581208501.48,+0000.00,+0002.93,-0000.98,+0000.54,-0000.31,-0010.03
+1581208501.48,-0000.98,+0003.91,-0000.98,+0000.54,-0000.31,-0010.03
+1581208501.49,-0000.98,+0003.91,-0000.98,+0000.54,-0000.31,-0010.03
+1581208501.49,-0000.98,+0002.93,-0000.98,+0000.54,-0000.31,-0010.03
+1581208501.50,+0000.00,+0002.93,-0000.98,+0000.54,-0000.31,-0010.03
+1581208501.50,-0000.98,+0002.93,-0000.98,+0000.54,-0000.31,-0010.03
+1581208501.51,+0000.00,+0003.91,-0000.98,+0000.54,-0000.31,-0010.03
+1581208501.51,-0000.98,+0002.93,-0000.98,+0000.54,-0000.31,-0010.03
+1581208501.52,+0000.00,+0003.91,-0000.98,+0000.54,-0000.31,-0010.03
+1581208501.52,-0000.98,+0002.93,-0000.98,+0000.54,-0000.31,-0010.03
+1581208501.53,+0000.00,+0003.91,-0000.98,+0000.54,-0000.31,-0010.03
+1581208501.53,+0000.00,+0003.91,-0000.98,+0000.54,-0000.31,-0010.03
+1581208501.54,-0000.98,+0002.93,-0000.98,+0000.54,-0000.31,-0010.03
+1581208501.54,+0000.00,+0002.93,-0000.98,+0000.54,-0000.31,-0010.03
+1581208501.55,+0000.00,+0003.91,-0000.98,+0000.54,-0000.31,-0010.03
+1581208501.55,+0000.00,+0003.91,-0000.98,+0000.54,-0000.31,-0010.03
+1581208501.56,-0000.98,+0002.93,-0000.98,+0000.54,-0000.31,-0010.03
+1581208501.56,+0000.00,+0002.93,-0000.98,+0000.54,-0000.31,-0010.03
+1581208501.57,-0000.98,+0002.93,-0000.98,+0000.54,-0000.31,-0010.03
+1581208501.57,+0000.00,+0002.93,-0000.98,+0000.54,-0000.31,-0010.03
+1581208501.58,-0000.98,+0002.93,-0000.98,+0000.54,-0000.31,-0010.03
+1581208501.58,+0000.00,+0002.93,-0000.98,+0000.54,-0000.23,-0010.03
+1581208501.59,+0000.00,+0003.91,-0000.98,+0000.54,-0000.31,-0010.03
+1581208501.59,+0000.00,+0002.93,-0000.98,+0000.54,-0000.31,-0010.03
+1581208501.60,+0000.00,+0002.93,-0000.98,+0000.54,-0000.31,-0010.03
+1581208501.60,+0000.00,+0002.93,-0000.98,+0000.61,-0000.31,-0010.03
+1581208501.61,+0000.00,+0003.91,-0000.98,+0000.61,-0000.31,-0010.03
+1581208501.61,+0000.00,+0002.93,-0000.98,+0000.54,-0000.31,-0010.11
+1581208501.62,-0000.98,+0002.93,-0000.98,+0000.54,-0000.23,-0009.95
+1581208501.62,+0000.00,+0002.93,-0000.98,+0000.54,-0000.31,-0010.03
+1581208501.63,+0000.00,+0002.93,-0000.98,+0000.61,-0000.31,-0010.03
+1581208501.63,+0000.00,+0002.93,-0000.98,+0000.54,-0000.31,-0010.03
+1581208501.64,-0000.98,+0002.93,-0000.98,+0000.61,-0000.31,-0010.03
+1581208501.64,+0000.00,+0002.93,-0000.98,+0000.61,-0000.31,-0010.03
+1581208501.65,+0000.00,+0002.93,-0000.98,+0000.61,-0000.31,-0010.03
+1581208501.65,-0000.98,+0002.93,-0000.98,+0000.61,-0000.31,-0010.03
+1581208501.66,-0000.98,+0002.93,-0000.98,+0000.61,-0000.31,-0010.11
+1581208501.66,-0000.98,+0002.93,-0000.98,+0000.61,-0000.31,-0010.11
+1581208501.67,-0000.98,+0001.95,-0000.98,+0000.61,-0000.31,-0010.03
+1581208501.67,-0000.98,+0001.95,-0000.98,+0000.61,-0000.31,-0010.03
+1581208501.68,-0000.98,+0001.95,-0000.98,+0000.61,-0000.31,-0010.03
+1581208501.68,-0000.98,+0001.95,-0000.98,+0000.61,-0000.31,-0010.03
+1581208501.69,-0000.98,+0001.95,-0000.98,+0000.61,-0000.38,-0010.03
+1581208501.69,-0000.98,+0000.98,-0000.98,+0000.61,-0000.31,-0010.03
+1581208501.70,-0000.98,+0000.98,-0000.98,+0000.61,-0000.31,-0010.03
+1581208501.70,-0000.98,+0000.98,-0000.98,+0000.61,-0000.31,-0010.03
+1581208501.71,+0000.00,+0000.98,-0000.98,+0000.61,-0000.31,-0010.03
+1581208501.71,-0000.98,+0000.98,-0000.98,+0000.69,-0000.31,-0010.03
+1581208501.72,-0000.98,+0000.98,-0000.98,+0000.69,-0000.31,-0010.11
+1581208501.72,-0000.98,+0000.98,-0000.98,+0000.69,-0000.31,-0010.03
+1581208501.73,-0000.98,+0000.98,-0000.98,+0000.61,-0000.31,-0010.03
+1581208501.73,-0000.98,+0000.98,-0000.98,+0000.61,-0000.31,-0009.95
+1581208501.74,-0000.98,+0000.98,-0000.98,+0000.61,-0000.31,-0010.03
+1581208501.74,-0000.98,+0000.98,-0000.98,+0000.61,-0000.31,-0009.95
+1581208501.75,-0000.98,+0000.98,-0000.98,+0000.61,-0000.23,-0010.03
+1581208501.75,+0000.00,+0000.98,+0000.00,+0000.61,-0000.31,-0010.11
+1581208501.76,-0000.98,+0000.98,+0000.00,+0000.61,-0000.23,-0010.11
+1581208501.76,-0000.98,+0000.98,-0000.98,+0000.61,-0000.31,-0010.03
+1581208501.77,+0000.00,+0000.98,+0000.00,+0000.61,-0000.23,-0010.03
+1581208501.77,-0000.98,+0000.98,+0000.00,+0000.61,-0000.31,-0010.03
+1581208501.78,-0000.98,+0000.98,+0000.00,+0000.61,-0000.23,-0010.03
+1581208501.78,+0000.00,+0000.98,-0000.98,+0000.61,-0000.23,-0010.03
+1581208501.79,+0000.00,+0001.95,+0000.00,+0000.61,-0000.31,-0010.03
+1581208501.79,+0000.00,+0001.95,+0000.00,+0000.61,-0000.31,-0010.03
+1581208501.80,+0000.00,+0001.95,-0000.98,+0000.61,-0000.31,-0010.03
+1581208501.80,-0000.98,+0001.95,+0000.00,+0000.61,-0000.23,-0010.03
+1581208501.81,+0000.00,+0001.95,+0000.00,+0000.61,-0000.23,-0010.03
+1581208501.81,-0000.98,+0001.95,-0000.98,+0000.61,-0000.31,-0010.03
+1581208501.82,-0000.98,+0001.95,-0000.98,+0000.61,-0000.31,-0010.03
+1581208501.82,-0000.98,+0001.95,+0000.00,+0000.61,-0000.31,-0010.03
+1581208501.83,+0000.00,+0001.95,-0000.98,+0000.61,-0000.31,-0010.03
+1581208501.83,+0000.00,+0001.95,-0000.98,+0000.61,-0000.31,-0010.03
+1581208501.84,+0000.00,+0001.95,+0000.00,+0000.61,-0000.31,-0010.03
+1581208501.84,+0000.00,+0001.95,-0000.98,+0000.61,-0000.31,-0010.03
+1581208501.85,-0000.98,+0001.95,-0000.98,+0000.61,-0000.31,-0010.03
+1581208501.85,-0000.98,+0001.95,-0000.98,+0000.61,-0000.31,-0010.03
+1581208501.86,-0000.98,+0001.95,-0000.98,+0000.61,-0000.31,-0010.03
+1581208501.86,-0000.98,+0001.95,+0000.00,+0000.61,-0000.31,-0009.95
+1581208501.87,-0000.98,+0001.95,-0000.98,+0000.69,-0000.31,-0010.03
+1581208501.87,-0000.98,+0001.95,-0000.98,+0000.69,-0000.38,-0010.03
+1581208501.88,-0000.98,+0001.95,-0000.98,+0000.69,-0000.31,-0010.03
+1581208501.88,+0000.00,+0001.95,-0000.98,+0001.30,-0000.23,-0009.88
+1581208501.89,-0000.98,+0000.98,-0000.98,+0000.77,-0000.38,-0009.88
+1581208501.89,-0000.98,+0001.95,+0000.00,+0000.92,-0000.31,-0010.41
+1581208501.90,-0000.98,+0001.95,+0000.00,+0000.61,-0000.54,-0009.88
+1581208501.90,-0000.98,+0000.98,-0000.98,+0000.77,-0000.46,-0010.11
+1581208501.91,-0000.98,+0000.98,-0000.98,+0000.69,-0000.31,-0010.26
+1581208501.91,-0000.98,+0000.98,-0000.98,+0000.54,-0000.38,-0010.18
+1581208501.92,-0000.98,-0000.98,-0000.98,+0001.15,-0000.31,-0010.11
+1581208501.92,-0000.98,-0000.98,-0000.98,+0001.15,-0000.38,-0010.11
+1581208501.93,-0000.98,-0000.98,+0000.00,+0001.30,-0000.31,-0010.03
+1581208501.93,-0000.98,-0001.95,+0000.00,+0000.92,-0000.38,-0009.95
+1581208501.94,-0000.98,-0001.95,+0000.00,+0000.92,-0000.31,-0009.80
+1581208501.94,-0000.98,-0001.95,+0000.00,+0000.77,-0000.38,-0009.72
+1581208501.95,-0000.98,-0002.93,-0000.98,+0000.69,-0000.31,-0009.88
+1581208501.95,-0000.98,-0003.91,-0000.98,+0000.77,-0000.31,-0010.11
+1581208501.96,-0000.98,-0003.91,-0000.98,+0000.61,-0000.23,-0010.18
+1581208501.96,-0000.98,-0004.88,+0000.00,+0000.54,-0000.31,-0010.11
+1581208501.97,-0000.98,-0004.88,+0000.00,+0000.61,-0000.31,-0010.26
+1581208501.97,-0000.98,-0004.88,+0000.00,+0000.61,-0000.23,-0010.18
+1581208501.98,-0000.98,-0005.86,+0000.00,+0000.61,-0000.23,-0010.11
+1581208501.98,-0000.98,-0006.84,+0000.00,+0000.69,-0000.23,-0010.03
+1581208501.99,-0000.98,-0005.86,+0000.00,+0000.92,-0000.23,-0009.95
+1581208501.99,-0000.98,-0006.84,-0000.98,+0000.92,-0000.15,-0009.88
+1581208502.00,-0000.98,-0006.84,+0000.00,+0000.92,-0000.23,-0009.95
+1581208502.00,-0000.98,-0006.84,+0000.00,+0000.92,-0000.23,-0009.95
+1581208502.01,-0000.98,-0006.84,+0000.00,+0000.54,-0000.23,-0010.03
+1581208502.01,-0000.98,-0006.84,+0000.00,+0000.54,-0000.23,-0010.11
+1581208502.02,-0000.98,-0006.84,+0000.00,+0000.54,-0000.23,-0010.18
+1581208502.02,-0000.98,-0006.84,+0000.00,+0000.46,-0000.15,-0010.18
+1581208502.03,-0000.98,-0007.81,+0000.00,+0000.46,-0000.15,-0010.11
+1581208502.03,-0000.98,-0006.84,-0000.98,+0000.61,-0000.23,-0010.11
+1581208502.04,-0000.98,-0007.81,+0000.00,+0000.69,-0000.23,-0010.03
+1581208502.04,-0000.98,-0007.81,+0000.00,+0000.84,-0000.23,-0009.95
+1581208502.05,-0000.98,-0007.81,+0000.00,+0000.84,-0000.31,-0009.88
+1581208502.05,-0000.98,-0006.84,+0000.00,+0000.77,-0000.31,-0009.88
+1581208502.06,-0000.98,-0007.81,+0000.00,+0000.61,-0000.38,-0009.95
+1581208502.06,-0000.98,-0007.81,+0000.00,+0000.61,-0000.46,-0010.03
+1581208502.07,-0000.98,-0007.81,+0000.00,+0000.54,-0000.38,-0010.11
+1581208502.07,-0000.98,-0007.81,+0000.00,+0000.54,-0000.38,-0010.03
+1581208502.08,-0000.98,-0007.81,+0000.00,+0000.54,-0000.31,-0010.11
+1581208502.08,-0000.98,-0007.81,+0000.00,+0000.61,-0000.31,-0010.11
+1581208502.09,-0000.98,-0007.81,+0000.00,+0000.54,-0000.31,-0010.03
+1581208502.09,-0000.98,-0008.79,+0000.00,+0000.54,-0000.31,-0009.95
+1581208502.10,-0000.98,-0007.81,+0000.00,+0000.61,-0000.31,-0010.03
+1581208502.10,-0000.98,-0007.81,+0000.00,+0000.54,-0000.31,-0009.95
+1581208502.11,-0000.98,-0007.81,+0000.00,+0000.54,-0000.31,-0009.95
+1581208502.11,-0000.98,-0007.81,+0000.00,+0000.61,-0000.31,-0010.03
+1581208502.12,-0000.98,-0007.81,+0000.00,+0000.54,-0000.31,-0010.03
+1581208502.12,-0000.98,-0007.81,+0000.00,+0000.54,-0000.31,-0010.11
+1581208502.13,-0000.98,-0007.81,+0000.00,+0000.54,-0000.31,-0010.11
+1581208502.13,-0000.98,-0007.81,+0000.00,+0000.54,-0000.23,-0010.11
+1581208502.14,-0000.98,-0007.81,+0000.00,+0000.46,-0000.23,-0010.11
+1581208502.14,-0000.98,-0007.81,+0000.00,+0000.54,-0000.23,-0010.03
+1581208502.15,-0000.98,-0007.81,+0000.00,+0000.46,-0000.15,-0010.03
+1581208502.15,-0000.98,-0007.81,-0000.98,+0000.54,-0000.23,-0009.95
+1581208502.16,-0000.98,-0007.81,+0000.00,+0000.54,-0000.23,-0010.03
+1581208502.16,-0000.98,-0007.81,+0000.00,+0000.46,-0000.31,-0010.03
+1581208502.17,-0000.98,-0007.81,+0000.00,+0000.54,-0000.38,-0010.03
+1581208502.17,-0000.98,-0006.84,+0000.00,+0000.54,-0000.38,-0010.11
+1581208502.18,-0000.98,-0006.84,+0000.00,+0000.54,-0000.31,-0010.11
+1581208502.18,+0000.00,-0005.86,+0000.00,+0000.54,-0000.23,-0010.11
+1581208502.19,+0000.00,-0004.88,+0000.00,+0000.46,-0000.23,-0010.03
+1581208502.19,+0000.00,-0004.88,+0000.00,+0000.54,-0000.23,-0009.88
+1581208502.20,+0000.00,-0003.91,+0000.00,+0000.54,-0000.23,-0009.88
+1581208502.20,+0000.00,-0003.91,+0000.00,+0000.38,-0000.08,-0010.18
+1581208502.21,+0000.00,-0003.91,+0000.00,+0000.31,-0000.08,-0010.18
+1581208502.21,-0000.98,-0003.91,+0000.00,+0000.15,-0000.15,-0010.11
+1581208502.22,-0001.95,-0003.91,-0000.98,+0000.31,-0000.46,-0010.18
+1581208502.22,-0001.95,-0003.91,-0000.98,+0000.31,-0000.46,-0010.34
+1581208502.23,-0000.98,-0003.91,-0000.98,+0000.46,-0000.61,-0010.11
+1581208502.23,-0000.98,-0003.91,-0000.98,+0000.46,-0000.69,-0009.72
+1581208502.24,+0000.00,-0002.93,-0000.98,+0000.61,-0000.46,-0009.80
+1581208502.24,+0000.00,-0002.93,-0000.98,+0000.77,-0000.31,-0010.03
+1581208502.25,+0000.98,-0001.95,-0000.98,+0000.77,-0000.08,-0009.95
+1581208502.25,+0000.98,-0000.98,+0000.00,+0000.54,+0000.15,-0009.95
+1581208502.26,+0000.00,-0000.98,+0000.00,+0000.46,+0000.15,-0010.26
+1581208502.26,-0000.98,-0000.98,-0000.98,+0000.38,+0000.08,-0010.34
+1581208502.27,-0001.95,-0000.98,-0000.98,+0000.23,-0000.08,-0010.41
+1581208502.27,-0001.95,-0000.98,-0000.98,+0000.15,-0000.38,-0009.95
+1581208502.28,-0001.95,-0000.98,-0000.98,+0000.38,-0000.54,-0009.80
+1581208502.28,-0000.98,-0000.98,-0000.98,+0000.38,-0000.54,-0009.80
+1581208502.29,-0000.98,-0000.98,-0000.98,+0000.54,-0000.69,-0009.88
+1581208502.29,+0000.00,-0000.98,-0000.98,+0000.92,-0000.46,-0009.80
+1581208502.30,+0000.00,+0000.00,+0000.00,+0000.92,-0000.38,-0009.72
+1581208502.30,+0000.00,-0000.98,+0000.00,+0001.00,-0000.23,-0009.72
+1581208502.31,+0000.00,-0000.98,+0000.00,+0001.15,-0000.08,-0010.11
+1581208502.31,-0000.98,-0000.98,+0000.00,+0000.92,+0000.00,-0010.34
+1581208502.32,-0000.98,-0001.95,+0000.00,+0000.61,-0000.08,-0010.49
+1581208502.32,-0001.95,-0002.93,+0000.00,+0000.61,-0000.31,-0010.64
+1581208502.33,-0001.95,-0002.93,+0000.00,+0000.54,-0000.69,-0010.72
+1581208502.33,-0001.95,-0002.93,+0000.00,+0000.46,-0000.84,-0010.49
+1581208502.34,-0000.98,-0002.93,+0000.98,+0000.54,-0000.77,-0010.03
+1581208502.34,+0000.00,-0002.93,+0000.98,+0000.54,-0000.69,-0009.11
+1581208502.35,+0000.98,-0002.93,+0000.98,+0000.46,-0000.46,-0009.19
+1581208502.35,+0000.98,-0003.91,+0000.00,+0000.54,-0000.23,-0009.42
+1581208502.36,+0000.98,-0003.91,+0000.00,+0000.46,-0000.08,-0009.65
+1581208502.36,+0000.00,-0003.91,+0000.00,+0000.54,+0000.08,-0010.11
+1581208502.37,-0000.98,-0003.91,+0000.00,+0000.46,+0000.00,-0010.49
+1581208502.37,-0001.95,-0003.91,+0000.00,+0000.46,-0000.08,-0010.87
+1581208502.38,-0001.95,-0003.91,+0000.00,+0000.15,-0000.38,-0010.64
+1581208502.38,-0001.95,-0004.88,+0000.00,+0000.08,-0000.54,-0010.26
+1581208502.39,-0001.95,-0005.86,+0000.00,+0000.15,-0000.61,-0009.95
+1581208502.39,-0000.98,-0005.86,-0000.98,+0000.23,-0000.61,-0009.72
+1581208502.40,-0000.98,-0005.86,-0000.98,+0000.54,-0000.54,-0009.42
+1581208502.40,+0000.00,-0006.84,-0000.98,+0000.69,-0000.46,-0009.42
+1581208502.41,+0000.00,-0006.84,-0000.98,+0000.92,-0000.31,-0009.57
+1581208502.41,+0000.00,-0005.86,-0000.98,+0000.84,-0000.08,-0010.18
+1581208502.42,+0000.00,-0005.86,+0000.00,+0000.69,-0000.08,-0010.49
+1581208502.42,+0000.00,-0005.86,+0000.00,+0000.54,+0000.00,-0010.57
+1581208502.43,-0000.98,-0005.86,+0000.00,+0000.46,-0000.08,-0010.57
+1581208502.43,-0000.98,-0006.84,+0000.00,+0000.15,-0000.23,-0010.34
+1581208502.44,-0001.95,-0006.84,-0000.98,+0000.15,-0000.31,-0010.11
+1581208502.44,-0000.98,-0007.81,-0000.98,+0000.15,-0000.38,-0009.88
+1581208502.45,-0000.98,-0007.81,-0000.98,+0000.46,-0000.46,-0009.57
+1581208502.45,-0000.98,-0007.81,-0000.98,+0000.54,-0000.38,-0009.65
+1581208502.46,-0000.98,-0007.81,-0000.98,+0000.54,-0000.38,-0009.72
+1581208502.46,-0000.98,-0007.81,+0000.00,+0000.69,-0000.31,-0009.88
+1581208502.47,+0000.00,-0006.84,+0000.00,+0000.77,-0000.15,-0010.18
+1581208502.47,+0000.00,-0006.84,+0000.00,+0000.61,-0000.15,-0010.34
+1581208502.48,+0000.00,-0006.84,+0000.00,+0000.54,-0000.15,-0010.49
+1581208502.48,-0000.98,-0006.84,+0000.00,+0000.38,-0000.15,-0010.34
+1581208502.49,-0000.98,-0006.84,+0000.00,+0000.15,-0000.23,-0010.11
+1581208502.49,-0000.98,-0006.84,+0000.00,+0000.00,-0000.31,-0009.95
+1581208502.50,-0000.98,-0007.81,+0000.00,+0000.00,-0000.38,-0009.88
+1581208502.50,-0000.98,-0006.84,-0000.98,+0000.15,-0000.38,-0009.80
+1581208502.51,-0000.98,-0006.84,+0000.00,+0000.31,-0000.46,-0009.80
+1581208502.51,-0000.98,-0006.84,-0000.98,+0000.46,-0000.38,-0009.88
+1581208502.52,-0000.98,-0006.84,-0000.98,+0000.61,-0000.31,-0010.11
+1581208502.52,-0000.98,-0005.86,-0000.98,+0000.61,-0000.31,-0010.26
+1581208502.53,+0000.00,-0005.86,+0000.00,+0000.61,-0000.23,-0010.26
+1581208502.53,-0000.98,-0005.86,+0000.00,+0000.54,-0000.23,-0010.26
+1581208502.54,-0000.98,-0004.88,+0000.00,+0000.38,-0000.23,-0010.11
+1581208502.54,-0000.98,-0004.88,+0000.00,+0000.23,-0000.31,-0010.11
+1581208502.55,-0000.98,-0004.88,+0000.00,+0000.08,-0000.31,-0009.95
+1581208502.55,-0000.98,-0004.88,+0000.00,+0000.00,-0000.38,-0009.88
+1581208502.56,-0000.98,-0004.88,+0000.00,+0000.46,-0000.38,-0009.95
+1581208502.57,-0000.98,-0004.88,+0000.00,+0000.54,-0000.31,-0010.03
+1581208502.57,-0000.98,-0004.88,+0000.00,+0000.54,-0000.23,-0010.18
+1581208502.58,-0000.98,-0003.91,+0000.00,+0000.54,-0000.31,-0010.18
+1581208502.58,-0000.98,-0003.91,+0000.00,+0000.54,-0000.23,-0010.18
+1581208502.59,-0000.98,-0003.91,+0000.00,+0000.46,-0000.23,-0010.18
+1581208502.59,-0000.98,-0003.91,+0000.00,+0000.31,-0000.23,-0010.03
+1581208502.60,-0000.98,-0002.93,+0000.00,+0000.15,-0000.31,-0009.95
+1581208502.60,-0000.98,-0002.93,+0000.00,+0000.08,-0000.23,-0009.95
+1581208502.61,-0000.98,-0002.93,+0000.00,+0000.15,-0000.31,-0009.95
+1581208502.61,-0000.98,-0002.93,+0000.00,+0000.23,-0000.31,-0010.03
+1581208502.62,-0000.98,-0002.93,+0000.00,+0000.31,-0000.31,-0010.03
+1581208502.62,-0000.98,-0002.93,+0000.00,+0000.38,-0000.31,-0010.11
+1581208502.63,-0000.98,-0002.93,+0000.00,+0000.46,-0000.31,-0010.18
+1581208502.63,-0000.98,-0002.93,+0000.00,+0000.46,-0000.23,-0010.11
+1581208502.64,-0000.98,-0001.95,+0000.00,+0000.46,-0000.23,-0010.11
+1581208502.64,-0000.98,-0001.95,-0000.98,+0000.38,-0000.31,-0010.03
+1581208502.65,-0000.98,-0001.95,+0000.00,+0000.31,-0000.31,-0009.95
+1581208502.65,-0000.98,-0001.95,+0000.00,+0000.23,-0000.31,-0009.95
+1581208502.66,-0000.98,-0001.95,-0000.98,+0000.15,-0000.31,-0009.95
+1581208502.66,-0000.98,-0001.95,+0000.00,+0000.15,-0000.31,-0010.03
+1581208502.67,-0000.98,-0001.95,+0000.00,+0000.23,-0000.31,-0010.11
+1581208502.67,-0000.98,-0000.98,-0000.98,+0000.31,-0000.31,-0010.11
+1581208502.68,-0000.98,-0000.98,+0000.00,+0000.46,-0000.23,-0010.11
+1581208502.68,-0000.98,-0000.98,-0000.98,+0000.46,-0000.23,-0010.18
+1581208502.69,-0000.98,-0000.98,-0000.98,+0000.46,-0000.31,-0010.11
+1581208502.69,-0000.98,+0000.00,-0000.98,+0000.46,-0000.31,-0010.11
+1581208502.70,-0000.98,+0000.00,+0000.00,+0000.38,-0000.23,-0009.95
+1581208502.70,-0000.98,+0000.00,+0000.00,+0000.31,-0000.31,-0009.95
+1581208502.71,-0000.98,+0000.00,-0000.98,+0000.23,-0000.38,-0009.95
+1581208502.71,-0000.98,+0000.00,+0000.00,+0000.23,-0000.31,-0010.03
+1581208502.72,-0000.98,+0000.00,-0000.98,+0000.31,-0000.31,-0010.11
+1581208502.72,-0000.98,+0000.00,-0000.98,+0000.31,-0000.31,-0010.11
+1581208502.73,+0000.00,+0000.00,-0000.98,+0000.38,-0000.31,-0010.11
+1581208502.73,+0000.00,+0000.98,-0000.98,+0000.46,-0000.31,-0010.18
+1581208502.74,-0000.98,+0000.98,-0000.98,+0000.46,-0000.31,-0010.11
+1581208502.74,-0000.98,+0000.98,+0000.00,+0000.46,-0000.23,-0010.03
+1581208502.75,-0000.98,+0000.98,-0000.98,+0000.46,-0000.31,-0010.03
+1581208502.75,-0000.98,+0000.98,-0000.98,+0000.38,-0000.31,-0009.95
+1581208502.76,-0000.98,+0000.98,-0000.98,+0000.38,-0000.31,-0010.03
+1581208502.76,+0000.00,+0000.98,+0000.00,+0000.38,-0000.31,-0010.03
+1581208502.77,-0000.98,+0000.98,-0000.98,+0000.38,-0000.23,-0010.11
+1581208502.77,-0000.98,+0000.98,+0000.00,+0000.38,-0000.31,-0010.11
+1581208502.78,+0000.00,+0001.95,-0000.98,+0000.38,-0000.23,-0010.11
+1581208502.78,-0000.98,+0000.98,-0000.98,+0000.46,-0000.31,-0010.11
+1581208502.79,-0000.98,+0000.98,-0000.98,+0000.46,-0000.23,-0010.11
+1581208502.79,+0000.00,+0000.98,+0000.00,+0000.46,-0000.23,-0010.11
+1581208502.80,-0000.98,+0001.95,-0000.98,+0000.46,-0000.31,-0010.03
+1581208502.80,+0000.00,+0000.98,+0000.00,+0000.46,-0000.31,-0010.03
+1581208502.81,-0000.98,+0000.98,-0000.98,+0000.46,-0000.31,-0009.95
+1581208502.81,-0000.98,+0000.98,+0000.00,+0000.38,-0000.31,-0010.03
+1581208502.82,-0000.98,+0000.98,+0000.00,+0000.38,-0000.31,-0010.03
+1581208502.82,-0000.98,+0001.95,-0000.98,+0000.38,-0000.31,-0010.11
+1581208502.83,+0000.00,+0000.98,+0000.00,+0000.46,-0000.31,-0010.11
+1581208502.83,-0000.98,+0000.98,-0000.98,+0000.46,-0000.31,-0010.11
+1581208502.84,+0000.00,+0000.98,-0000.98,+0000.46,-0000.23,-0010.11
+1581208502.84,-0000.98,+0000.98,+0000.00,+0000.46,-0000.23,-0010.11
+1581208502.85,-0000.98,+0000.98,-0000.98,+0000.46,-0000.23,-0010.11
+1581208502.85,-0000.98,+0000.98,-0000.98,+0000.46,-0000.31,-0010.03
+1581208502.86,-0000.98,+0000.98,+0000.00,+0000.46,-0000.31,-0010.03
+1581208502.86,+0000.00,+0000.98,-0000.98,+0000.46,-0000.31,-0009.95
+1581208502.87,+0000.00,+0000.98,+0000.00,+0000.46,-0000.31,-0010.03
+1581208502.87,-0000.98,+0000.98,-0000.98,+0000.46,-0000.31,-0010.11
+1581208502.88,+0000.00,+0000.00,-0000.98,+0000.46,-0000.31,-0010.11
+1581208502.88,+0000.00,+0000.00,+0000.00,+0000.46,-0000.31,-0010.11
+1581208502.89,+0000.00,+0000.00,-0000.98,+0000.46,-0000.31,-0010.03
+1581208502.89,-0000.98,+0000.00,-0000.98,+0000.46,-0000.31,-0010.11
+1581208502.90,-0000.98,+0000.00,-0000.98,+0000.46,-0000.31,-0010.03
+1581208502.90,-0000.98,-0000.98,-0000.98,+0000.46,-0000.31,-0010.03
+1581208502.91,-0000.98,-0000.98,-0000.98,+0000.46,-0000.23,-0009.95
+1581208502.91,-0000.98,-0001.95,-0000.98,+0000.46,-0000.23,-0010.03
+1581208502.92,-0000.98,-0001.95,-0000.98,+0000.54,-0000.31,-0010.03
+1581208502.92,-0000.98,-0001.95,-0000.98,+0000.46,-0000.31,-0010.11
+1581208502.93,-0000.98,-0001.95,-0000.98,+0000.46,-0000.23,-0010.11
+1581208502.93,-0000.98,-0002.93,-0000.98,+0000.46,-0000.31,-0010.03
+1581208502.94,-0000.98,-0002.93,-0000.98,+0000.46,-0000.31,-0010.11
+1581208502.94,-0000.98,-0002.93,-0000.98,+0000.46,-0000.23,-0010.11
+1581208502.95,-0000.98,-0003.91,-0000.98,+0000.46,-0000.31,-0010.03
+1581208502.95,-0000.98,-0002.93,-0000.98,+0000.46,-0000.31,-0010.03
+1581208502.96,-0000.98,-0003.91,-0000.98,+0000.46,-0000.31,-0010.03
+1581208502.96,-0000.98,-0003.91,-0000.98,+0000.38,-0000.31,-0010.03
+1581208502.97,-0000.98,-0003.91,-0000.98,+0000.46,-0000.38,-0010.03
+1581208502.97,-0000.98,-0003.91,-0000.98,+0000.46,-0000.31,-0010.03
+1581208502.98,-0000.98,-0003.91,-0000.98,+0000.38,-0000.31,-0010.03
+1581208502.98,-0000.98,-0003.91,-0000.98,+0000.38,-0000.38,-0010.11
+1581208502.99,-0000.98,-0003.91,-0000.98,+0000.38,-0000.38,-0010.03
+1581208502.99,-0000.98,-0003.91,-0000.98,+0000.38,-0000.38,-0010.11
+1581208503.00,-0000.98,-0003.91,-0000.98,+0000.31,-0000.31,-0010.11
+1581208503.00,-0000.98,-0002.93,-0000.98,+0000.31,-0000.31,-0010.11
+1581208503.01,-0000.98,-0002.93,-0000.98,+0000.31,-0000.38,-0010.03
+1581208503.01,-0000.98,-0002.93,-0000.98,+0000.31,-0000.31,-0010.03
+1581208503.02,-0000.98,-0002.93,-0000.98,+0000.31,-0000.31,-0010.03
+1581208503.02,-0000.98,-0001.95,-0000.98,+0000.31,-0000.31,-0010.03
+1581208503.03,-0000.98,-0001.95,-0000.98,+0000.31,-0000.31,-0010.03
+1581208503.03,-0000.98,-0001.95,-0000.98,+0000.31,-0000.31,-0010.03
+1581208503.04,-0000.98,-0001.95,-0000.98,+0000.31,-0000.31,-0010.03
+1581208503.04,-0000.98,-0001.95,-0000.98,+0000.38,-0000.31,-0010.03
+1581208503.05,-0000.98,-0000.98,-0000.98,+0000.38,-0000.31,-0010.03
+1581208503.05,-0000.98,-0001.95,-0000.98,+0000.38,-0000.31,-0010.03
+1581208503.06,-0000.98,-0000.98,-0000.98,+0000.38,-0000.23,-0010.03
+1581208503.06,-0000.98,-0000.98,-0000.98,+0000.38,-0000.23,-0010.03
+1581208503.07,-0000.98,-0000.98,-0000.98,+0000.46,-0000.23,-0010.03
+1581208503.07,-0000.98,+0000.00,-0000.98,+0000.46,-0000.23,-0010.03
+1581208503.07,-0000.98,+0000.00,-0000.98,+0000.46,-0000.23,-0010.03
+1581208503.08,-0000.98,+0000.00,-0000.98,+0000.38,-0000.23,-0010.03
+1581208503.08,-0000.98,+0000.00,-0000.98,+0000.46,-0000.23,-0010.03
+1581208503.09,-0000.98,+0000.00,-0000.98,+0000.38,-0000.23,-0010.11
+1581208503.09,-0000.98,+0000.00,-0000.98,+0000.38,-0000.23,-0010.11
+1581208503.10,+0000.00,+0000.00,-0000.98,+0000.46,-0000.31,-0010.03
+1581208503.10,-0000.98,+0000.00,-0000.98,+0000.46,-0000.23,-0010.03
+1581208503.11,-0000.98,+0000.00,-0000.98,+0000.46,-0000.31,-0010.03
+1581208503.11,-0000.98,+0000.00,-0000.98,+0000.46,-0000.31,-0010.03
+1581208503.12,-0000.98,+0000.00,-0000.98,+0000.46,-0000.31,-0010.11
+1581208503.12,-0000.98,+0000.00,-0000.98,+0000.46,-0000.31,-0010.03
+1581208503.13,-0000.98,+0000.98,-0000.98,+0000.46,-0000.31,-0010.11
+1581208503.13,-0000.98,+0000.98,-0000.98,+0000.46,-0000.31,-0010.11
+1581208503.14,-0000.98,+0000.98,-0000.98,+0000.46,-0000.31,-0010.03
+1581208503.14,-0000.98,+0000.98,-0000.98,+0000.38,-0000.31,-0010.11
+1581208503.15,-0000.98,+0000.98,+0000.00,+0000.46,-0000.31,-0010.03
+1581208503.15,+0000.00,+0000.98,+0000.00,+0000.38,-0000.31,-0010.11
+1581208503.16,-0000.98,+0000.98,-0000.98,+0000.38,-0000.31,-0010.11
+1581208503.16,-0000.98,+0000.98,+0000.00,+0000.46,-0000.31,-0010.03
+1581208503.17,+0000.00,+0000.98,+0000.00,+0000.46,-0000.38,-0010.03
+1581208503.17,-0000.98,+0000.98,-0000.98,+0000.46,-0000.31,-0010.03
+1581208503.18,-0000.98,+0000.98,+0000.00,+0000.46,-0000.31,-0010.11
+1581208503.18,-0000.98,+0000.98,-0000.98,+0000.46,-0000.31,-0010.03
+1581208503.19,-0000.98,+0000.98,-0000.98,+0000.46,-0000.23,-0010.03
+1581208503.19,-0000.98,+0000.98,+0000.00,+0000.46,-0000.23,-0010.03
+1581208503.20,-0000.98,+0000.98,-0000.98,+0000.46,-0000.23,-0010.11
+1581208503.20,-0000.98,+0000.98,+0000.00,+0000.46,-0000.23,-0010.11
+1581208503.21,-0000.98,+0000.98,+0000.00,+0000.38,-0000.23,-0010.03
+1581208503.21,-0000.98,+0000.98,+0000.00,+0000.46,-0000.31,-0010.03
+1581208503.22,-0000.98,+0000.98,-0000.98,+0000.46,-0000.31,-0010.03
+1581208503.22,-0000.98,+0000.98,+0000.00,+0000.46,-0000.23,-0010.03
+1581208503.23,-0000.98,+0000.98,-0000.98,+0000.38,-0000.23,-0010.11
+1581208503.23,+0000.00,+0000.98,+0000.00,+0000.46,-0000.23,-0010.03
+1581208503.24,-0000.98,+0000.98,+0000.00,+0000.46,-0000.23,-0010.03
+1581208503.24,-0000.98,+0000.98,+0000.00,+0000.46,-0000.31,-0010.03
+1581208503.25,-0000.98,+0000.00,+0000.00,+0000.46,-0000.31,-0010.03
+1581208503.25,-0000.98,+0000.00,-0000.98,+0000.46,-0000.31,-0010.11
+1581208503.26,+0000.00,+0000.00,-0000.98,+0000.46,-0000.31,-0010.11
+1581208503.26,-0000.98,+0000.00,+0000.00,+0000.46,-0000.31,-0010.03
+1581208503.27,-0000.98,+0000.00,+0000.00,+0000.46,-0000.31,-0010.03
+1581208503.27,-0000.98,+0000.00,+0000.00,+0000.46,-0000.31,-0010.03
+1581208503.28,-0000.98,+0000.00,+0000.00,+0000.46,-0000.31,-0010.03
+1581208503.28,-0000.98,+0000.00,+0000.00,+0000.46,-0000.31,-0010.03
+1581208503.29,-0000.98,+0000.00,+0000.00,+0000.46,-0000.31,-0010.03
+1581208503.29,-0000.98,-0000.98,+0000.00,+0000.46,-0000.31,-0010.11
+1581208503.30,-0000.98,-0000.98,+0000.00,+0000.46,-0000.31,-0010.11
+1581208503.30,-0000.98,-0000.98,-0000.98,+0000.46,-0000.31,-0010.11
+1581208503.31,-0000.98,-0000.98,+0000.00,+0000.46,-0000.23,-0010.03
+1581208503.31,-0000.98,-0000.98,+0000.00,+0000.46,-0000.31,-0010.03
+1581208503.32,-0000.98,-0000.98,+0000.00,+0000.46,-0000.31,-0010.03
+1581208503.32,-0000.98,-0001.95,-0000.98,+0000.46,-0000.23,-0010.03
+1581208503.33,-0000.98,-0001.95,+0000.00,+0000.46,-0000.31,-0010.11
+1581208503.33,-0000.98,-0001.95,+0000.00,+0000.46,-0000.31,-0010.03
+1581208503.34,-0000.98,-0001.95,+0000.00,+0000.46,-0000.23,-0010.03
+1581208503.34,-0000.98,-0001.95,+0000.00,+0000.46,-0000.31,-0010.11
+1581208503.35,-0000.98,-0001.95,+0000.00,+0000.46,-0000.31,-0010.03
+1581208503.35,-0000.98,-0002.93,+0000.00,+0000.46,-0000.31,-0010.11
+1581208503.36,-0000.98,-0002.93,+0000.00,+0000.46,-0000.31,-0010.03
+1581208503.36,-0000.98,-0002.93,+0000.00,+0000.46,-0000.31,-0010.03
+1581208503.37,-0000.98,-0002.93,+0000.00,+0000.46,-0000.31,-0010.03
+1581208503.37,-0000.98,-0002.93,+0000.00,+0000.46,-0000.31,-0010.03
+1581208503.38,-0000.98,-0002.93,-0000.98,+0000.46,-0000.31,-0010.03
+1581208503.38,-0000.98,-0002.93,+0000.00,+0000.46,-0000.31,-0010.11
+1581208503.39,-0000.98,-0002.93,+0000.00,+0000.38,-0000.31,-0010.03
+1581208503.39,-0000.98,-0002.93,-0000.98,+0000.46,-0000.31,-0010.03
+1581208503.40,-0000.98,-0002.93,+0000.00,+0000.38,-0000.31,-0010.03
+1581208503.40,-0000.98,-0002.93,-0000.98,+0000.38,-0000.31,-0010.11
+1581208503.41,-0000.98,-0002.93,+0000.00,+0000.46,-0000.31,-0010.03
+1581208503.41,-0000.98,-0002.93,-0000.98,+0000.38,-0000.31,-0010.03
+1581208503.42,-0000.98,-0002.93,+0000.00,+0000.46,-0000.31,-0010.11
+1581208503.42,-0000.98,-0002.93,+0000.00,+0000.46,-0000.31,-0010.03
+1581208503.43,-0000.98,-0002.93,+0000.00,+0000.46,-0000.31,-0010.03
+1581208503.43,-0000.98,-0002.93,+0000.00,+0000.38,-0000.31,-0010.03
+1581208503.44,-0000.98,-0002.93,+0000.00,+0000.38,-0000.31,-0010.03
+1581208503.44,-0000.98,-0002.93,+0000.00,+0000.38,-0000.31,-0010.03
+1581208503.45,-0000.98,-0002.93,+0000.00,+0000.38,-0000.31,-0010.03
+1581208503.45,-0000.98,-0003.91,+0000.00,+0000.38,-0000.31,-0010.03
+1581208503.46,-0000.98,-0003.91,+0000.00,+0000.38,-0000.31,-0010.11
+1581208503.46,-0000.98,-0003.91,+0000.00,+0000.38,-0000.31,-0010.03
+1581208503.47,-0000.98,-0003.91,-0000.98,+0000.38,-0000.23,-0010.03
+1581208503.47,-0000.98,-0002.93,+0000.00,+0000.38,-0000.31,-0010.03
+1581208503.48,-0000.98,-0003.91,+0000.00,+0000.38,-0000.31,-0010.03
+1581208503.48,-0000.98,-0002.93,+0000.00,+0000.38,-0000.31,-0010.03
+1581208503.49,-0000.98,-0003.91,+0000.00,+0000.38,-0000.31,-0010.03
+1581208503.49,-0000.98,-0003.91,+0000.00,+0000.38,-0000.31,-0010.03
+1581208503.50,-0000.98,-0003.91,+0000.00,+0000.38,-0000.31,-0010.03
+1581208503.50,-0000.98,-0003.91,+0000.00,+0000.38,-0000.31,-0010.03
+1581208503.51,-0000.98,-0003.91,+0000.00,+0000.38,-0000.31,-0010.03
+1581208503.51,-0000.98,-0002.93,+0000.00,+0000.38,-0000.31,-0010.11
+1581208503.52,-0000.98,-0003.91,+0000.00,+0000.38,-0000.31,-0010.03
+1581208503.52,-0000.98,-0002.93,-0000.98,+0000.38,-0000.31,-0010.11
+1581208503.53,-0000.98,-0002.93,+0000.00,+0000.38,-0000.23,-0010.03
+1581208503.53,-0000.98,-0003.91,+0000.00,+0000.38,-0000.31,-0010.03
+1581208503.54,-0000.98,-0002.93,+0000.00,+0000.38,-0000.31,-0010.03
+1581208503.54,-0000.98,-0003.91,+0000.00,+0000.31,-0000.31,-0010.11
+1581208503.55,-0000.98,-0003.91,+0000.00,+0000.38,-0000.31,-0010.03
+1581208503.55,-0000.98,-0003.91,+0000.00,+0000.38,-0000.31,-0010.03
+1581208503.56,-0000.98,-0003.91,+0000.00,+0000.38,-0000.31,-0010.03
+1581208503.56,-0000.98,-0003.91,+0000.00,+0000.38,-0000.31,-0010.03
+1581208503.57,-0000.98,-0002.93,+0000.00,+0000.38,-0000.31,-0010.11
+1581208503.57,-0000.98,-0003.91,+0000.00,+0000.31,-0000.31,-0010.11
+1581208503.58,-0000.98,-0003.91,+0000.00,+0000.31,-0000.31,-0010.11
+1581208503.58,-0000.98,-0003.91,+0000.00,+0000.31,-0000.31,-0010.11
+1581208503.59,-0000.98,-0003.91,-0000.98,+0000.31,-0000.31,-0010.03
+1581208503.59,-0000.98,-0003.91,+0000.00,+0000.31,-0000.31,-0010.03
+1581208503.60,-0000.98,-0002.93,+0000.00,+0000.31,-0000.31,-0010.03
+1581208503.60,-0000.98,-0002.93,+0000.00,+0000.31,-0000.31,-0010.11
+1581208503.61,-0000.98,-0002.93,+0000.00,+0000.23,-0000.31,-0010.11
+1581208503.61,-0000.98,-0002.93,+0000.00,+0000.23,-0000.31,-0010.03
+1581208503.62,-0000.98,-0002.93,-0000.98,+0000.23,-0000.31,-0010.03
+1581208503.62,-0000.98,-0002.93,+0000.00,+0000.23,-0000.31,-0010.11
+1581208503.63,-0000.98,-0002.93,+0000.00,+0000.23,-0000.31,-0010.11
+1581208503.63,-0000.98,-0002.93,-0000.98,+0000.23,-0000.31,-0010.03
+1581208503.64,-0000.98,-0002.93,-0000.98,+0000.23,-0000.31,-0010.03
+1581208503.64,-0000.98,-0002.93,+0000.00,+0000.23,-0000.31,-0010.11
+1581208503.65,-0000.98,-0002.93,+0000.00,+0000.23,-0000.31,-0010.03
+1581208503.65,-0000.98,-0001.95,+0000.00,+0000.23,-0000.31,-0010.03
+1581208503.66,-0000.98,-0001.95,-0000.98,+0000.23,-0000.23,-0010.11
+1581208503.66,-0000.98,-0001.95,-0000.98,+0000.23,-0000.31,-0010.11
+1581208503.67,-0000.98,-0001.95,-0000.98,+0000.23,-0000.31,-0010.11
+1581208503.67,-0000.98,-0001.95,-0000.98,+0000.23,-0000.31,-0010.03
+1581208503.68,-0000.98,-0001.95,+0000.00,+0000.31,-0000.31,-0010.11
+1581208503.68,-0000.98,-0001.95,-0000.98,+0000.31,-0000.23,-0010.11
+1581208503.69,-0000.98,-0001.95,+0000.00,+0000.31,-0000.31,-0010.03
+1581208503.69,-0000.98,-0000.98,-0000.98,+0000.31,-0000.31,-0010.11
+1581208503.70,-0000.98,-0000.98,-0000.98,+0000.31,-0000.31,-0010.03
+1581208503.70,-0000.98,-0000.98,-0000.98,+0000.31,-0000.31,-0010.11
+1581208503.71,-0000.98,-0000.98,-0000.98,+0000.31,-0000.31,-0010.11
+1581208503.71,-0000.98,-0000.98,+0000.00,+0000.31,-0000.31,-0010.03
+1581208503.72,-0000.98,-0000.98,+0000.00,+0000.31,-0000.31,-0010.11
+1581208503.72,-0000.98,-0000.98,+0000.00,+0000.31,-0000.31,-0010.03
+1581208503.73,-0000.98,-0000.98,+0000.00,+0000.23,-0000.31,-0010.03
+1581208503.73,-0000.98,-0000.98,+0000.00,+0000.31,-0000.31,-0010.03
+1581208503.74,-0000.98,+0000.00,-0000.98,+0000.31,-0000.31,-0010.03
+1581208503.74,-0000.98,+0000.00,+0000.00,+0000.31,-0000.31,-0010.03
+1581208503.75,-0000.98,+0000.00,-0000.98,+0000.31,-0000.23,-0010.11
+1581208503.75,-0000.98,+0000.00,-0000.98,+0000.31,-0000.31,-0010.03
+1581208503.76,-0000.98,+0000.00,+0000.00,+0000.23,-0000.23,-0010.11
+1581208503.76,-0000.98,+0000.00,-0000.98,+0000.23,-0000.31,-0010.03
+1581208503.77,-0000.98,+0000.00,+0000.00,+0000.23,-0000.31,-0010.11
+1581208503.77,-0000.98,+0000.00,-0000.98,+0000.23,-0000.23,-0010.11
+1581208503.78,-0000.98,+0000.00,+0000.00,+0000.23,-0000.31,-0010.03
+1581208503.78,-0000.98,+0000.00,-0000.98,+0000.31,-0000.31,-0010.03
+1581208503.79,-0000.98,+0000.00,+0000.00,+0000.23,-0000.23,-0010.11
+1581208503.79,-0000.98,+0000.00,+0000.00,+0000.31,-0000.31,-0010.03
+1581208503.80,-0000.98,+0000.00,-0000.98,+0000.23,-0000.31,-0010.03
+1581208503.80,-0000.98,+0000.00,-0000.98,+0000.31,-0000.31,-0010.03
+1581208503.81,-0000.98,+0000.00,+0000.00,+0000.23,-0000.31,-0010.11
+1581208503.81,-0000.98,+0000.00,-0000.98,+0000.31,-0000.31,-0010.03
+1581208503.82,+0000.00,+0000.00,+0000.00,+0000.31,-0000.31,-0010.11
+1581208503.82,-0000.98,+0000.00,-0000.98,+0000.31,-0000.31,-0010.03
+1581208503.83,-0000.98,+0000.00,+0000.00,+0000.23,-0000.31,-0010.11
+1581208503.83,-0000.98,+0000.00,+0000.00,+0000.23,-0000.23,-0010.03
+1581208503.84,+0000.00,+0000.00,+0000.00,+0000.31,-0000.31,-0010.03
+1581208503.84,-0000.98,+0000.00,-0000.98,+0000.31,-0000.31,-0010.03
+1581208503.85,-0000.98,+0000.00,+0000.00,+0000.31,-0000.31,-0010.03
+1581208503.85,+0000.00,+0000.00,-0000.98,+0000.31,-0000.31,-0010.03
+1581208503.86,-0000.98,+0000.00,-0000.98,+0000.31,-0000.23,-0010.03
+1581208503.86,-0000.98,+0000.00,-0000.98,+0000.31,-0000.31,-0010.11
+1581208503.87,-0000.98,+0000.00,+0000.00,+0000.31,-0000.31,-0010.03
+1581208503.87,-0000.98,+0000.00,-0000.98,+0000.31,-0000.31,-0010.03
+1581208503.88,+0000.00,+0000.00,+0000.00,+0000.31,-0000.23,-0010.03
+1581208503.88,-0000.98,+0000.00,-0000.98,+0000.31,-0000.23,-0010.03
+1581208503.89,-0000.98,+0000.00,+0000.00,+0000.31,-0000.31,-0010.03
+1581208503.89,-0000.98,+0000.00,-0000.98,+0000.31,-0000.31,-0010.03
+1581208503.90,-0000.98,+0000.00,+0000.00,+0000.31,-0000.31,-0010.11
+1581208503.90,-0000.98,+0000.00,+0000.00,+0000.31,-0000.31,-0010.11
+1581208503.91,-0000.98,+0000.00,+0000.00,+0000.31,-0000.31,-0010.03
+1581208503.91,-0000.98,+0000.00,-0000.98,+0000.31,-0000.23,-0010.11
+1581208503.92,-0000.98,+0000.00,+0000.00,+0000.31,-0000.31,-0010.03
+1581208503.92,-0000.98,+0000.00,-0000.98,+0000.31,-0000.31,-0010.03
+1581208503.93,-0000.98,-0000.98,+0000.00,+0000.38,-0000.31,-0010.03
+1581208503.93,-0000.98,+0000.00,+0000.00,+0000.31,-0000.31,-0010.03
+1581208503.94,-0000.98,+0000.00,-0000.98,+0000.31,-0000.31,-0010.11
+1581208503.94,-0000.98,+0000.00,-0000.98,+0000.31,-0000.31,-0010.11
+1581208503.95,-0000.98,-0000.98,+0000.00,+0000.31,-0000.31,-0010.03
+1581208503.95,-0000.98,+0000.00,+0000.00,+0000.31,-0000.31,-0010.03
+1581208503.96,-0000.98,-0000.98,-0000.98,+0000.31,-0000.31,-0010.03
+1581208503.96,-0000.98,-0000.98,+0000.00,+0000.31,-0000.31,-0010.03
+1581208503.97,-0000.98,+0000.00,+0000.00,+0000.31,-0000.31,-0010.11
+1581208503.97,-0000.98,+0000.00,+0000.00,+0000.38,-0000.31,-0010.03
+1581208503.98,-0000.98,-0000.98,+0000.00,+0000.31,-0000.31,-0010.03
+1581208503.98,-0000.98,-0000.98,+0000.00,+0000.31,-0000.31,-0010.03
+1581208503.99,-0000.98,-0000.98,+0000.00,+0000.31,-0000.23,-0010.11
+1581208503.99,-0000.98,-0000.98,+0000.00,+0000.31,-0000.31,-0010.03
+1581208504.00,-0000.98,-0000.98,+0000.00,+0000.31,-0000.31,-0010.03
+1581208504.00,-0000.98,-0000.98,+0000.00,+0000.31,-0000.31,-0010.03
+1581208504.01,-0000.98,-0000.98,+0000.00,+0000.31,-0000.31,-0010.03
+1581208504.01,-0000.98,-0000.98,+0000.00,+0000.31,-0000.31,-0010.03
+1581208504.02,-0000.98,-0000.98,+0000.00,+0000.31,-0000.23,-0010.11
+1581208504.02,-0000.98,-0000.98,+0000.00,+0000.31,-0000.31,-0010.03
+1581208504.03,-0000.98,-0000.98,+0000.00,+0000.31,-0000.31,-0010.03
+1581208504.03,-0000.98,-0000.98,+0000.00,+0000.31,-0000.31,-0010.03
+1581208504.04,-0000.98,-0000.98,+0000.00,+0000.31,-0000.31,-0010.03
+1581208504.04,-0000.98,-0000.98,+0000.00,+0000.31,-0000.31,-0010.11
+1581208504.05,-0000.98,-0000.98,+0000.00,+0000.31,-0000.31,-0010.03
+1581208504.05,-0000.98,-0001.95,+0000.00,+0000.31,-0000.31,-0010.03
+1581208504.06,-0000.98,-0000.98,+0000.00,+0000.31,-0000.23,-0010.11
+1581208504.06,-0000.98,-0000.98,-0000.98,+0000.31,-0000.31,-0010.11
+1581208504.07,+0000.00,-0000.98,-0000.98,+0000.31,-0000.31,-0010.03
+1581208504.07,-0000.98,-0001.95,-0000.98,+0000.31,-0000.31,-0010.03
+1581208504.08,-0000.98,-0001.95,+0000.00,+0000.31,-0000.31,-0010.11
+1581208504.08,+0000.00,-0001.95,+0000.00,+0000.31,-0000.31,-0010.03
+1581208504.09,-0000.98,-0001.95,+0000.00,+0000.31,-0000.31,-0010.03
+1581208504.09,-0000.98,-0001.95,-0000.98,+0000.23,-0000.31,-0010.11
+1581208504.10,-0000.98,-0001.95,+0000.00,+0000.31,-0000.23,-0010.03
+1581208504.10,-0000.98,-0001.95,-0000.98,+0000.31,-0000.31,-0010.03
+1581208504.11,-0000.98,-0001.95,+0000.00,+0000.31,-0000.31,-0010.03
+1581208504.11,-0000.98,-0001.95,+0000.00,+0000.31,-0000.23,-0010.03
+1581208504.12,+0000.00,-0001.95,-0000.98,+0000.31,-0000.31,-0010.03
+1581208504.12,-0000.98,-0001.95,+0000.00,+0000.31,-0000.31,-0010.11
+1581208504.13,-0000.98,-0001.95,+0000.00,+0000.31,-0000.31,-0010.11
+1581208504.13,-0000.98,-0001.95,+0000.00,+0000.31,-0000.23,-0010.11
+1581208504.14,-0000.98,-0001.95,-0000.98,+0000.31,-0000.31,-0010.11
+1581208504.14,-0000.98,-0001.95,+0000.00,+0000.31,-0000.31,-0010.03
+1581208504.15,-0000.98,-0001.95,-0000.98,+0000.31,-0000.31,-0010.03
+1581208504.15,-0000.98,-0001.95,+0000.00,+0000.31,-0000.23,-0010.03
+1581208504.16,+0000.00,-0001.95,-0000.98,+0000.31,-0000.31,-0010.03
+1581208504.16,-0000.98,-0001.95,+0000.00,+0000.31,-0000.31,-0010.03
+1581208504.17,-0000.98,-0001.95,+0000.00,+0000.31,-0000.31,-0010.11
+1581208504.17,-0000.98,-0001.95,+0000.00,+0000.31,-0000.23,-0010.11
+1581208504.18,-0000.98,-0001.95,-0000.98,+0000.31,-0000.31,-0010.03
+1581208504.18,-0000.98,-0001.95,+0000.00,+0000.31,-0000.31,-0010.03
+1581208504.19,-0000.98,-0001.95,+0000.00,+0000.23,-0000.31,-0010.03
+1581208504.19,-0000.98,-0002.93,+0000.00,+0000.31,-0000.31,-0010.11
+1581208504.20,-0000.98,-0001.95,+0000.00,+0000.23,-0000.31,-0010.11
+1581208504.20,-0000.98,-0002.93,+0000.00,+0000.23,-0000.31,-0010.03
+1581208504.21,-0000.98,-0002.93,+0000.00,+0000.31,-0000.31,-0010.11
+1581208504.21,-0000.98,-0002.93,+0000.00,+0000.31,-0000.23,-0010.03
+1581208504.22,-0000.98,-0002.93,+0000.00,+0000.23,-0000.31,-0010.03
+1581208504.22,-0000.98,-0002.93,-0000.98,+0000.23,-0000.31,-0010.11
+1581208504.23,-0000.98,-0002.93,+0000.00,+0000.23,-0000.23,-0010.03
+1581208504.23,-0000.98,-0002.93,+0000.00,+0000.23,-0000.31,-0010.03
+1581208504.24,-0000.98,-0002.93,+0000.00,+0000.23,-0000.31,-0010.03
+1581208504.24,-0000.98,-0002.93,+0000.00,+0000.23,-0000.31,-0010.11
+1581208504.25,-0000.98,-0002.93,+0000.00,+0000.23,-0000.31,-0010.11
+1581208504.25,-0000.98,-0002.93,+0000.00,+0000.23,-0000.31,-0010.11
+1581208504.26,-0000.98,-0002.93,+0000.00,+0000.23,-0000.31,-0010.03
+1581208504.26,-0000.98,-0002.93,+0000.00,+0000.23,-0000.31,-0010.11
+1581208504.27,-0000.98,-0002.93,-0000.98,+0000.23,-0000.31,-0010.11
+1581208504.27,-0000.98,-0002.93,+0000.00,+0000.23,-0000.31,-0010.11
+1581208504.28,-0000.98,-0002.93,+0000.00,+0000.23,-0000.31,-0010.11
+1581208504.28,-0000.98,-0002.93,-0000.98,+0000.23,-0000.31,-0010.11
+1581208504.29,-0000.98,-0002.93,+0000.00,+0000.23,-0000.31,-0010.03
+1581208504.29,-0000.98,-0002.93,+0000.00,+0000.23,-0000.31,-0010.03
+1581208504.30,-0000.98,-0002.93,+0000.00,+0000.23,-0000.31,-0010.11
+1581208504.30,-0000.98,-0002.93,+0000.00,+0000.23,-0000.31,-0010.11
+1581208504.31,-0000.98,-0002.93,+0000.00,+0000.23,-0000.31,-0010.03
+1581208504.31,-0000.98,-0002.93,+0000.00,+0000.23,-0000.31,-0010.03
+1581208504.32,-0000.98,-0002.93,+0000.00,+0000.23,-0000.31,-0010.03
+1581208504.32,-0000.98,-0002.93,+0000.00,+0000.23,-0000.31,-0010.03
+1581208504.33,-0000.98,-0002.93,-0000.98,+0000.23,-0000.31,-0010.03
+1581208504.33,-0000.98,-0002.93,+0000.00,+0000.23,-0000.31,-0010.03
+1581208504.34,-0000.98,-0002.93,-0000.98,+0000.23,-0000.23,-0010.11
+1581208504.34,-0000.98,-0002.93,+0000.00,+0000.15,-0000.31,-0010.03
+1581208504.35,-0000.98,-0002.93,+0000.00,+0000.23,-0000.31,-0010.11
+1581208504.35,-0000.98,-0002.93,+0000.00,+0000.23,-0000.23,-0010.03
+1581208504.36,-0000.98,-0002.93,+0000.00,+0000.15,-0000.31,-0010.11
+1581208504.36,-0000.98,-0002.93,+0000.00,+0000.15,-0000.31,-0010.03
+1581208504.37,-0000.98,-0002.93,+0000.00,+0000.23,-0000.31,-0010.11
+1581208504.37,-0000.98,-0002.93,+0000.00,+0000.23,-0000.31,-0010.11
+1581208504.38,-0000.98,-0002.93,-0000.98,+0000.23,-0000.31,-0010.11
+1581208504.38,-0000.98,-0002.93,+0000.00,+0000.15,-0000.31,-0010.03
+1581208504.39,-0000.98,-0001.95,+0000.00,+0000.15,-0000.31,-0010.03
+1581208504.39,-0000.98,-0001.95,+0000.00,+0000.15,-0000.31,-0010.11
+1581208504.40,-0000.98,-0001.95,+0000.00,+0000.15,-0000.31,-0010.03
+1581208504.40,-0000.98,-0001.95,+0000.00,+0000.23,-0000.23,-0010.03
+1581208504.41,-0000.98,-0002.93,+0000.00,+0000.15,-0000.31,-0010.03
+1581208504.41,-0000.98,-0002.93,+0000.00,+0000.23,-0000.31,-0010.11
+1581208504.42,-0000.98,-0001.95,-0000.98,+0000.15,-0000.31,-0010.03
+1581208504.42,-0000.98,-0001.95,+0000.00,+0000.15,-0000.31,-0010.03
+1581208504.43,-0000.98,-0001.95,+0000.00,+0000.15,-0000.31,-0010.03
+1581208504.43,-0000.98,-0001.95,+0000.00,+0000.15,-0000.31,-0010.03
+1581208504.44,-0000.98,-0002.93,+0000.00,+0000.15,-0000.31,-0010.03
+1581208504.44,-0000.98,-0001.95,+0000.00,+0000.15,-0000.31,-0010.03
+1581208504.45,-0000.98,-0001.95,+0000.00,+0000.15,-0000.31,-0010.03
+1581208504.45,-0000.98,-0001.95,+0000.00,+0000.15,-0000.31,-0010.03
+1581208504.46,-0000.98,-0001.95,+0000.00,+0000.15,-0000.31,-0010.03
+1581208504.46,-0000.98,-0001.95,+0000.00,+0000.15,-0000.23,-0010.03
+1581208504.47,-0000.98,-0001.95,+0000.00,+0000.15,-0000.31,-0010.03
+1581208504.47,-0000.98,-0001.95,+0000.00,+0000.15,-0000.31,-0010.03
+1581208504.48,-0000.98,-0001.95,+0000.00,+0000.15,-0000.23,-0010.03
+1581208504.48,-0000.98,-0001.95,+0000.00,+0000.15,-0000.31,-0010.11
+1581208504.49,-0000.98,-0001.95,+0000.00,+0000.08,-0000.31,-0010.11
+1581208504.49,-0000.98,-0000.98,+0000.00,+0000.15,-0000.31,-0010.03
+1581208504.50,-0000.98,-0001.95,-0000.98,+0000.15,-0000.23,-0010.03
+1581208504.50,-0000.98,-0001.95,+0000.00,+0000.15,-0000.31,-0010.11
+1581208504.51,-0000.98,-0001.95,+0000.00,+0000.15,-0000.31,-0010.03
+1581208504.51,-0000.98,-0000.98,-0000.98,+0000.15,-0000.23,-0010.03
+1581208504.52,-0000.98,-0000.98,+0000.00,+0000.15,-0000.31,-0010.03
+1581208504.52,-0000.98,-0001.95,+0000.00,+0000.15,-0000.31,-0010.03
+1581208504.53,-0000.98,-0001.95,-0000.98,+0000.15,-0000.31,-0010.03
+1581208504.53,+0000.00,-0000.98,-0000.98,+0000.15,-0000.31,-0010.03
+1581208504.54,-0000.98,-0000.98,+0000.00,+0000.15,-0000.31,-0010.03
+1581208504.54,-0000.98,-0000.98,+0000.00,+0000.15,-0000.31,-0010.03
+1581208504.55,-0000.98,-0000.98,-0000.98,+0000.15,-0000.31,-0010.03
+1581208504.55,-0000.98,-0000.98,+0000.00,+0000.23,-0000.31,-0010.11
+1581208504.56,-0000.98,-0000.98,-0000.98,+0000.15,-0000.31,-0010.03
+1581208504.56,-0000.98,-0000.98,+0000.00,+0000.15,-0000.31,-0010.11
+1581208504.57,-0000.98,-0000.98,-0000.98,+0000.08,-0000.31,-0010.03
+1581208504.57,-0000.98,-0000.98,+0000.00,+0000.15,-0000.31,-0010.11
+1581208504.58,-0000.98,-0000.98,-0000.98,+0000.15,-0000.31,-0010.11
+1581208504.58,-0000.98,-0000.98,+0000.00,+0000.15,-0000.31,-0010.03
+1581208504.59,-0000.98,-0000.98,+0000.00,+0000.15,-0000.31,-0010.03
+1581208504.59,+0000.00,-0000.98,+0000.00,+0000.15,-0000.31,-0010.03
+1581208504.60,-0000.98,-0000.98,-0000.98,+0000.15,-0000.31,-0010.03
+1581208504.60,-0000.98,-0000.98,+0000.00,+0000.15,-0000.31,-0010.03
+1581208504.61,-0000.98,-0000.98,+0000.00,+0000.15,-0000.31,-0010.03
+1581208504.61,-0000.98,-0000.98,-0000.98,+0000.15,-0000.31,-0010.11
+1581208504.62,-0000.98,-0000.98,+0000.00,+0000.15,-0000.31,-0010.03
+1581208504.62,-0000.98,-0000.98,-0000.98,+0000.15,-0000.31,-0010.03
+1581208504.63,-0000.98,-0000.98,-0000.98,+0000.15,-0000.23,-0010.11
+1581208504.63,-0000.98,-0000.98,+0000.00,+0000.15,-0000.31,-0010.11
+1581208504.64,-0000.98,-0000.98,-0000.98,+0000.15,-0000.23,-0010.03
+1581208504.64,-0000.98,-0000.98,-0000.98,+0000.15,-0000.23,-0010.03
+1581208504.65,+0000.00,-0000.98,+0000.00,+0000.15,-0000.31,-0010.03
+1581208504.65,-0000.98,-0000.98,-0000.98,+0000.15,-0000.31,-0010.03
+1581208504.66,-0000.98,-0000.98,+0000.00,+0000.15,-0000.31,-0010.03
+1581208504.66,-0000.98,-0000.98,+0000.00,+0000.15,-0000.31,-0010.11
+1581208504.67,-0000.98,-0000.98,+0000.00,+0000.15,-0000.31,-0010.11
+1581208504.67,-0000.98,-0000.98,+0000.00,+0000.15,-0000.31,-0010.03
+1581208504.68,-0000.98,-0000.98,-0000.98,+0000.15,-0000.31,-0010.11
+1581208504.68,-0000.98,-0000.98,+0000.00,+0000.15,-0000.31,-0010.11
+1581208504.69,-0000.98,-0000.98,-0000.98,+0000.15,-0000.23,-0010.03
+1581208504.69,-0000.98,-0000.98,+0000.00,+0000.15,-0000.31,-0010.03
+1581208504.70,-0000.98,-0000.98,+0000.00,+0000.08,-0000.31,-0010.03
+1581208504.70,-0000.98,-0000.98,-0000.98,+0000.15,-0000.31,-0010.03
+1581208504.71,-0000.98,-0000.98,+0000.00,+0000.15,-0000.23,-0010.03
+1581208504.71,-0000.98,-0000.98,-0000.98,+0000.15,-0000.31,-0010.03
+1581208504.72,-0000.98,-0000.98,+0000.00,+0000.15,-0000.23,-0010.03
+1581208504.72,-0000.98,-0000.98,+0000.00,+0000.15,-0000.23,-0010.03
+1581208504.73,-0000.98,-0000.98,+0000.00,+0000.15,-0000.31,-0010.03
+1581208504.73,-0000.98,-0000.98,+0000.00,+0000.08,-0000.31,-0010.03
+1581208504.74,-0000.98,-0000.98,-0000.98,+0000.15,-0000.23,-0010.11
+1581208504.74,-0000.98,-0000.98,+0000.00,+0000.08,-0000.31,-0010.03
+1581208504.75,+0000.00,+0000.00,+0000.00,+0000.08,-0000.31,-0010.03
+1581208504.75,-0000.98,+0000.00,+0000.00,+0000.08,-0000.23,-0010.03
+1581208504.76,+0000.00,-0000.98,+0000.00,+0000.08,-0000.31,-0010.11
+1581208504.76,-0000.98,+0000.00,-0000.98,+0000.08,-0000.31,-0010.03
+1581208504.77,-0000.98,+0000.00,+0000.00,+0000.08,-0000.31,-0010.11
+1581208504.77,+0000.00,+0000.00,-0000.98,+0000.08,-0000.23,-0010.03
+1581208504.78,-0000.98,+0000.00,+0000.00,+0000.08,-0000.23,-0010.03
+1581208504.78,-0000.98,+0000.00,-0000.98,+0000.08,-0000.23,-0010.03
+1581208504.79,-0000.98,+0000.98,-0000.98,+0000.15,-0000.31,-0010.03
+1581208504.79,-0000.98,+0000.98,+0000.00,+0000.08,-0000.31,-0010.03
+1581208504.80,-0000.98,+0000.98,-0000.98,+0000.08,-0000.31,-0010.11
+1581208504.80,-0000.98,+0000.98,-0000.98,+0000.08,-0000.31,-0010.03
+1581208504.81,-0000.98,+0000.98,+0000.00,+0000.08,-0000.31,-0010.03
+1581208504.81,-0000.98,+0000.98,-0000.98,+0000.15,-0000.31,-0010.11
+1581208504.82,-0000.98,+0000.98,-0000.98,+0000.15,-0000.31,-0010.11
+1581208504.82,+0000.00,+0001.95,-0000.98,+0000.15,-0000.31,-0010.03
+1581208504.83,-0000.98,+0001.95,-0000.98,+0000.15,-0000.31,-0010.11
+1581208504.83,+0000.00,+0001.95,-0000.98,+0000.15,-0000.31,-0010.11
+1581208504.84,-0000.98,+0001.95,-0000.98,+0000.15,-0000.31,-0010.03
+1581208504.84,-0000.98,+0001.95,-0000.98,+0000.15,-0000.23,-0010.03
+1581208504.85,+0000.00,+0001.95,-0000.98,+0000.15,-0000.31,-0010.03
+1581208504.85,-0000.98,+0001.95,-0000.98,+0000.15,-0000.31,-0010.03
+1581208504.86,-0000.98,+0001.95,-0000.98,+0000.15,-0000.31,-0010.03
+1581208504.86,+0000.00,+0001.95,-0000.98,+0000.15,-0000.31,-0010.03
+1581208504.87,+0000.00,+0002.93,-0000.98,+0000.15,-0000.23,-0010.03
+1581208504.87,-0000.98,+0002.93,-0000.98,+0000.15,-0000.31,-0010.03
+1581208504.88,+0000.00,+0002.93,-0000.98,+0000.15,-0000.31,-0010.03
+1581208504.88,-0000.98,+0001.95,-0000.98,+0000.15,-0000.31,-0010.03
+1581208504.89,-0000.98,+0002.93,-0000.98,+0000.23,-0000.31,-0010.03
