+1581208563.32,-0000.98,-0001.95,+0000.00,+0000.46,-0000.31,-0010.11
+1581208563.32,-0000.98,-0001.95,-0000.98,+0000.46,-0000.31,-0010.03
+1581208563.33,-0000.98,-0001.95,-0000.98,+0000.46,-0000.31,-0010.03
+1581208563.33,-0000.98,-0001.95,+0000.00,+0000.46,-0000.31,-0010.03
+1581208563.34,-0000.98,-0001.95,-0000.98,+0000.54,-0000.31,-0010.03
+1581208563.34,+0000.00,-0001.95,+0000.00,+0000.54,-0000.31,-0010.11
+1581208563.35,-0000.98,-0002.93,-0000.98,+0000.46,-0000.31,-0010.11
+1581208563.35,-0000.98,-0001.95,+0000.00,+0000.46,-0000.23,-0010.11
+1581208563.36,-0000.98,-0001.95,+0000.00,+0000.46,-0000.23,-0010.03
+1581208563.36,-0000.98,-0001.95,-0000.98,+0000.46,-0000.31,-0010.03
+1581208563.37,-0000.98,-0001.95,+0000.00,+0000.46,-0000.31,-0010.03
+1581208563.37,-0000.98,-0001.95,-0000.98,+0000.46,-0000.31,-0010.03
+1581208563.38,-0000.98,-0001.95,-0000.98,+0000.46,-0000.23,-0010.03
+1581208563.38,-0000.98,-0001.95,-0000.98,+0000.46,-0000.31,-0010.11
+1581208563.39,-0000.98,-0001.95,-0000.98,+0000.46,-0000.31,-0010.03
+1581208563.39,-0000.98,-0001.95,-0000.98,+0000.54,-0000.31,-0010.03
+1581208563.40,-0000.98,-0001.95,-0000.98,+0000.46,-0000.31,-0010.11
+1581208563.40,-0000.98,-0001.95,-0000.98,+0000.46,-0000.31,-0010.11
+1581208563.41,-0000.98,-0001.95,-0000.98,+0000.46,-0000.31,-0010.03
+1581208563.41,-0000.98,-0001.95,+0000.00,+0000.46,-0000.23,-0010.03
+1581208563.42,-0000.98,-0001.95,-0000.98,+0000.46,-0000.31,-0010.03
+1581208563.42,-0000.98,-0001.95,+0000.00,+0000.46,-0000.31,-0010.03
+1581208563.43,-0000.98,-0001.95,+0000.00,+0000.46,-0000.31,-0010.11
+1581208563.43,-0000.98,-0001.95,-0000.98,+0000.46,-0000.31,-0010.03
+1581208563.44,-0000.98,-0001.95,+0000.00,+0000.46,-0000.31,-0010.11
+1581208563.44,-0000.98,-0001.95,-0000.98,+0000.46,-0000.31,-0010.11
+1581208563.45,-0000.98,-0001.95,-0000.98,+0000.46,-0000.23,-0010.03
+1581208563.45,-0000.98,-0001.95,+0000.00,+0000.46,-0000.23,-0010.03
+1581208563.46,-0000.98,-0001.95,+0000.00,+0000.46,-0000.31,-0010.11
+1581208563.46,-0000.98,-0001.95,+0000.00,+0000.46,-0000.31,-0010.11
+1581208563.47,-0000.98,-0001.95,+0000.00,+0000.46,-0000.31,-0010.03
+1581208563.47,-0000.98,-0001.95,+0000.00,+0000.46,-0000.31,-0010.11
+1581208563.48,-0000.98,-0001.95,-0000.98,+0000.46,-0000.31,-0010.11
+1581208563.48,-0000.98,-0001.95,+0000.00,+0000.46,-0000.31,-0010.11
+1581208563.49,+0000.00,-0001.95,+0000.00,+0000.46,-0000.31,-0010.11
+1581208563.49,-0000.98,-0001.95,+0000.00,+0000.46,-0000.31,-0010.03
+1581208563.50,-0000.98,-0001.95,+0000.00,+0000.46,-0000.23,-0010.03
+1581208563.50,-0000.98,-0001.95,-0000.98,+0000.46,-0000.31,-0010.11
+1581208563.51,-0000.98,-0001.95,-0000.98,+0000.46,-0000.31,-0010.03
+1581208563.51,-0000.98,-0000.98,+0000.00,+0000.46,-0000.31,-0010.03
+1581208563.52,-0000.98,-0001.95,+0000.00,+0000.46,-0000.31,-0010.03
+1581208563.52,-0000.98,-0001.95,+0000.00,+0000.46,-0000.31,-0010.03
+1581208563.53,-0000.98,-0001.95,-0000.98,+0000.46,-0000.31,-0010.11
+1581208563.53,-0000.98,-0000.98,+0000.00,+0000.46,-0000.31,-0010.03
+1581208563.54,+0000.00,-0000.98,+0000.00,+0000.46,-0000.31,-0010.03
+1581208563.54,-0000.98,-0000.98,+0000.00,+0000.46,-0000.31,-0010.03
+1581208563.55,-0000.98,-0000.98,+0000.00,+0000.46,-0000.31,-0010.03
+1581208563.55,-0000.98,-0001.95,+0000.00,+0000.46,-0000.31,-0010.03
+1581208563.56,-0000.98,-0000.98,+0000.00,+0000.46,-0000.31,-0010.03
+1581208563.56,-0000.98,-0000.98,+0000.00,+0000.46,-0000.31,-0010.03
+1581208563.57,-0000.98,-0000.98,+0000.00,+0000.46,-0000.31,-0010.11
+1581208563.57,-0000.98,-0000.98,+0000.00,+0000.46,-0000.31,-0010.11
+1581208563.58,-0000.98,-0000.98,+0000.00,+0000.46,-0000.31,-0010.03
+1581208563.58,-0000.98,-0000.98,+0000.00,+0000.46,-0000.31,-0010.11
+1581208563.59,-0000.98,-0000.98,+0000.00,+0000.46,-0000.31,-0010.11
+1581208563.59,-0000.98,-0001.95,+0000.00,+0000.46,-0000.23,-0010.11
+1581208563.60,-0000.98,-0001.95,+0000.00,+0000.46,-0000.31,-0010.11
+1581208563.60,-0000.98,-0000.98,+0000.00,+0000.46,-0000.31,-0010.03
+1581208563.61,-0000.98,-0001.95,+0000.00,+0000.46,-0000.31,-0010.11
+1581208563.61,-0000.98,-0000.98,+0000.00,+0000.46,-0000.23,-0010.03
+1581208563.62,-0000.98,-0000.98,-0000.98,+0000.46,-0000.31,-0010.03
+1581208563.62,-0000.98,-0000.98,+0000.00,+0000.46,-0000.31,-0010.11
+1581208563.63,-0000.98,-0001.95,+0000.00,+0000.46,-0000.23,-0010.11
+1581208563.63,-0000.98,-0000.98,+0000.00,+0000.46,-0000.31,-0010.03
+1581208563.64,-0000.98,-0000.98,-0000.98,+0000.46,-0000.31,-0010.03
+1581208563.64,-0000.98,-0000.98,+0000.00,+0000.46,-0000.31,-0010.11
+1581208563.65,-0000.98,-0000.98,-0000.98,+0000.46,-0000.31,-0010.03
+1581208563.65,-0000.98,-0001.95,-0000.98,+0000.46,-0000.31,-0010.03
+1581208563.66,-0000.98,-0000.98,+0000.00,+0000.46,-0000.31,-0010.03
+1581208563.66,-0000.98,-0000.98,+0000.00,+0000.46,-0000.31,-0010.11
+1581208563.67,-0000.98,-0000.98,+0000.00,+0000.46,-0000.31,-0010.03
+1581208563.67,-0000.98,-0000.98,+0000.00,+0000.46,-0000.31,-0010.11
+1581208563.68,-0000.98,-0000.98,-0000.98,+0000.46,-0000.31,-0010.11
+1581208563.68,-0000.98,-0000.98,+0000.00,+0000.46,-0000.31,-0010.03
+1581208563.69,-0000.98,-0000.98,+0000.00,+0000.46,-0000.31,-0010.11
+1581208563.69,-0000.98,-0000.98,+0000.00,+0000.46,-0000.31,-0010.11
+1581208563.70,-0000.98,-0000.98,+0000.00,+0000.46,-0000.31,-0010.03
+1581208563.70,-0000.98,-0000.98,+0000.00,+0000.46,-0000.31,-0010.03
+1581208563.71,-0000.98,-0000.98,+0000.00,+0000.38,-0000.31,-0010.03
+1581208563.71,-0000.98,-0000.98,-0000.98,+0000.46,-0000.31,-0010.11
+1581208563.72,-0000.98,-0000.98,+0000.00,+0000.46,-0000.31,-0010.03
+1581208563.72,-0000.98,-0000.98,+0000.00,+0000.46,-0000.31,-0010.11
+1581208563.73,-0000.98,-0000.98,+0000.00,+0000.46,-0000.31,-0010.11
+1581208563.73,-0000.98,-0000.98,+0000.00,+0000.46,-0000.31,-0010.11
+1581208563.74,-0000.98,-0000.98,+0000.00,+0000.46,-0000.31,-0010.11
+1581208563.74,-0000.98,-0000.98,+0000.00,+0000.38,-0000.31,-0010.11
+1581208563.75,-0000.98,-0000.98,+0000.00,+0000.46,-0000.31,-0010.11
+1581208563.75,-0000.98,-0000.98,+0000.00,+0000.46,-0000.31,-0010.11
+1581208563.76,-0000.98,-0000.98,+0000.00,+0000.46,-0000.31,-0010.03
+1581208563.76,-0000.98,-0000.98,-0000.98,+0000.38,-0000.31,-0010.03
+1581208563.77,-0000.98,-0000.98,+0000.00,+0000.46,-0000.31,-0010.03
+1581208563.77,-0000.98,-0000.98,+0000.00,+0000.46,-0000.31,-0010.11
+1581208563.78,-0000.98,-0000.98,+0000.00,+0000.46,-0000.31,-0010.03
+1581208563.78,+0000.00,-0000.98,+0000.00,+0000.38,-0000.31,-0010.03
+1581208563.79,-0000.98,-0000.98,-0000.98,+0000.46,-0000.31,-0010.11
+1581208563.79,+0000.00,-0000.98,+0000.00,+0000.46,-0000.31,-0010.03
+1581208563.80,-0000.98,-0000.98,+0000.00,+0000.46,-0000.31,-0010.11
+1581208563.80,-0000.98,-0000.98,-0000.98,+0000.46,-0000.31,-0010.03
+1581208563.81,-0000.98,-0000.98,+0000.00,+0000.46,-0000.23,-0010.11
+1581208563.81,-0000.98,-0000.98,+0000.00,+0000.46,-0000.31,-0010.03
+1581208563.82,-0000.98,-0000.98,+0000.00,+0000.46,-0000.23,-0010.11
+1581208563.82,-0000.98,-0000.98,-0000.98,+0000.46,-0000.31,-0010.11
+1581208563.83,-0000.98,-0000.98,+0000.00,+0000.46,-0000.31,-0010.11
+1581208563.83,-0000.98,-0000.98,+0000.00,+0000.46,-0000.23,-0010.03
+1581208563.84,-0000.98,-0000.98,+0000.00,+0000.38,-0000.31,-0010.03
+1581208563.84,-0000.98,-0000.98,+0000.00,+0000.46,-0000.31,-0010.03
+1581208563.85,-0000.98,-0000.98,-0000.98,+0000.46,-0000.31,-0010.11
+1581208563.85,-0000.98,-0000.98,-0000.98,+0000.38,-0000.31,-0010.03
+1581208563.86,-0000.98,-0000.98,+0000.00,+0000.46,-0000.31,-0010.03
+1581208563.86,-0000.98,-0000.98,+0000.00,+0000.46,-0000.31,-0010.03
+1581208563.87,-0000.98,-0000.98,-0000.98,+0000.38,-0000.23,-0010.03
+1581208563.87,-0000.98,-0000.98,+0000.00,+0000.46,-0000.31,-0010.11
+1581208563.88,-0000.98,-0000.98,+0000.00,+0000.46,-0000.23,-0010.11
+1581208563.88,-0000.98,-0000.98,+0000.00,+0000.46,-0000.31,-0010.11
+1581208563.89,-0000.98,-0000.98,-0000.98,+0000.38,-0000.23,-0010.11
+1581208563.89,-0000.98,-0000.98,-0000.98,+0000.46,-0000.31,-0010.03
+1581208563.90,-0000.98,-0000.98,+0000.00,+0000.46,-0000.31,-0010.11
+1581208563.90,-0000.98,-0000.98,-0000.98,+0000.46,-0000.31,-0010.11
+1581208563.91,-0000.98,-0000.98,+0000.00,+0000.38,-0000.31,-0010.11
+1581208563.91,-0000.98,-0000.98,-0000.98,+0000.46,-0000.31,-0010.03
+1581208563.92,-0000.98,-0000.98,+0000.00,+0000.46,-0000.31,-0010.11
+1581208563.92,-0000.98,-0000.98,+0000.00,+0000.46,-0000.31,-0010.03
+1581208563.93,-0000.98,-0000.98,-0000.98,+0000.46,-0000.31,-0010.03
+1581208563.93,-0000.98,-0000.98,+0000.00,+0000.46,-0000.31,-0010.11
+1581208563.94,-0000.98,-0000.98,+0000.00,+0000.46,-0000.31,-0010.03
+1581208563.94,-0000.98,-0000.98,+0000.00,+0000.46,-0000.31,-0010.11
+1581208563.95,-0000.98,-0001.95,-0000.98,+0000.46,-0000.23,-0010.03
+1581208563.95,-0000.98,-0001.95,+0000.00,+0000.46,-0000.31,-0010.11
+1581208563.96,-0000.98,-0000.98,+0000.00,+0000.46,-0000.31,-0010.11
+1581208563.96,-0000.98,-0001.95,-0000.98,+0000.46,-0000.23,-0010.03
+1581208563.97,-0000.98,-0001.95,+0000.00,+0000.46,-0000.23,-0010.03
+1581208563.97,-0000.98,-0001.95,+0000.00,+0000.38,-0000.23,-0010.03
+1581208563.98,-0000.98,-0001.95,+0000.00,+0000.46,-0000.31,-0010.03
+1581208563.98,-0000.98,-0001.95,-0000.98,+0000.46,-0000.31,-0010.03
+1581208563.99,-0000.98,-0001.95,+0000.00,+0000.46,-0000.31,-0010.11
+1581208563.99,-0000.98,-0001.95,+0000.00,+0000.38,-0000.31,-0010.03
+1581208564.00,-0000.98,-0001.95,+0000.00,+0000.38,-0000.31,-0010.03
+1581208564.00,-0000.98,-0001.95,+0000.00,+0000.46,-0000.31,-0010.03
+1581208564.01,-0000.98,-0001.95,+0000.00,+0000.46,-0000.31,-0010.03
+1581208564.01,-0000.98,-0001.95,-0000.98,+0000.46,-0000.23,-0010.11
+1581208564.02,-0000.98,-0001.95,+0000.00,+0000.46,-0000.31,-0010.03
+1581208564.02,-0000.98,-0001.95,+0000.00,+0000.46,-0000.31,-0010.03
+1581208564.03,-0000.98,-0001.95,+0000.00,+0000.46,-0000.31,-0010.03
+1581208564.03,-0000.98,-0001.95,+0000.00,+0000.46,-0000.31,-0010.11
+1581208564.04,-0000.98,-0001.95,+0000.00,+0000.38,-0000.31,-0010.11
+1581208564.04,-0000.98,-0001.95,+0000.00,+0000.38,-0000.31,-0010.11
+1581208564.05,-0000.98,-0001.95,+0000.00,+0000.38,-0000.31,-0010.03
+1581208564.05,-0000.98,-0001.95,+0000.00,+0000.46,-0000.23,-0010.11
+1581208564.06,+0000.00,-0002.93,-0000.98,+0000.38,-0000.23,-0010.11
+1581208564.06,-0000.98,-0002.93,+0000.00,+0000.38,-0000.23,-0010.11
+1581208564.07,-0000.98,-0002.93,+0000.00,+0000.38,-0000.23,-0010.11
+1581208564.07,-0000.98,-0002.93,-0000.98,+0000.38,-0000.31,-0010.03
+1581208564.08,-0000.98,-0002.93,+0000.00,+0000.46,-0000.23,-0010.03
+1581208564.08,-0000.98,-0002.93,+0000.00,+0000.38,-0000.31,-0010.11
+1581208564.09,-0000.98,-0002.93,+0000.00,+0000.46,-0000.23,-0010.11
+1581208564.09,-0000.98,-0002.93,-0000.98,+0000.46,-0000.31,-0010.11
+1581208564.10,-0000.98,-0002.93,+0000.00,+0000.46,-0000.31,-0010.03
+1581208564.10,-0000.98,-0002.93,+0000.00,+0000.38,-0000.31,-0010.03
+1581208564.11,-0000.98,-0002.93,+0000.00,+0000.38,-0000.31,-0010.11
+1581208564.11,-0000.98,-0002.93,-0000.98,+0000.46,-0000.31,-0010.11
+1581208564.12,-0000.98,-0002.93,+0000.00,+0000.38,-0000.31,-0010.03
+1581208564.12,-0000.98,-0002.93,+0000.00,+0000.38,-0000.31,-0010.11
+1581208564.13,-0000.98,-0002.93,+0000.00,+0000.38,-0000.31,-0010.03
+1581208564.13,-0000.98,-0002.93,+0000.00,+0000.38,-0000.31,-0010.11
+1581208564.14,-0000.98,-0002.93,+0000.00,+0000.38,-0000.31,-0010.11
+1581208564.14,-0000.98,-0002.93,-0000.98,+0000.38,-0000.31,-0010.03
+1581208564.15,-0000.98,-0002.93,+0000.00,+0000.38,-0000.31,-0010.03
+1581208564.15,-0000.98,-0002.93,-0000.98,+0000.38,-0000.23,-0010.11
+1581208564.16,-0000.98,-0002.93,-0000.98,+0000.38,-0000.31,-0010.11
+1581208564.16,-0000.98,-0003.91,+0000.00,+0000.38,-0000.23,-0010.03
+1581208564.17,-0000.98,-0002.93,+0000.00,+0000.38,-0000.31,-0010.03
+1581208564.17,-0000.98,-0002.93,+0000.00,+0000.38,-0000.31,-0010.03
+1581208564.18,-0000.98,-0002.93,+0000.00,+0000.38,-0000.31,-0010.11
+1581208564.18,+0000.00,-0002.93,+0000.00,+0000.38,-0000.31,-0010.11
+1581208564.19,-0000.98,-0002.93,+0000.00,+0000.38,-0000.31,-0010.03
+1581208564.19,-0000.98,-0002.93,+0000.00,+0000.31,-0000.31,-0010.11
+1581208564.20,-0000.98,-0002.93,+0000.00,+0000.38,-0000.31,-0010.03
+1581208564.20,-0000.98,-0002.93,+0000.00,+0000.31,-0000.31,-0010.11
+1581208564.21,-0000.98,-0002.93,+0000.00,+0000.31,-0000.31,-0010.03
+1581208564.21,-0000.98,-0002.93,+0000.00,+0000.31,-0000.31,-0010.03
+1581208564.22,-0000.98,-0002.93,+0000.00,+0000.38,-0000.31,-0010.03
+1581208564.22,-0000.98,-0002.93,+0000.00,+0000.38,-0000.23,-0010.11
+1581208564.23,-0000.98,-0002.93,+0000.00,+0000.38,-0000.23,-0010.11
+1581208564.23,-0000.98,-0002.93,+0000.00,+0000.38,-0000.31,-0010.03
+1581208564.24,-0000.98,-0002.93,+0000.00,+0000.31,-0000.31,-0010.03
+1581208564.24,-0000.98,-0002.93,+0000.00,+0000.38,-0000.23,-0010.11
+1581208564.25,-0000.98,-0002.93,-0000.98,+0000.31,-0000.23,-0010.11
+1581208564.25,-0000.98,-0002.93,+0000.00,+0000.38,-0000.31,-0010.11
+1581208564.26,-0000.98,-0002.93,+0000.00,+0000.31,-0000.23,-0010.11
+1581208564.26,-0000.98,-0002.93,+0000.00,+0000.31,-0000.23,-0010.11
+1581208564.27,-0000.98,-0002.93,+0000.00,+0000.31,-0000.31,-0010.11
+1581208564.27,-0000.98,-0001.95,+0000.00,+0000.31,-0000.31,-0010.11
+1581208564.28,-0000.98,-0001.95,+0000.00,+0000.38,-0000.31,-0010.03
+1581208564.28,-0000.98,-0002.93,+0000.00,+0000.31,-0000.31,-0010.11
+1581208564.29,-0000.98,-0002.93,+0000.00,+0000.31,-0000.23,-0010.11
+1581208564.29,-0000.98,-0002.93,+0000.00,+0000.31,-0000.31,-0010.11
+1581208564.30,-0000.98,-0002.93,+0000.00,+0000.31,-0000.31,-0010.11
+1581208564.30,-0000.98,-0001.95,+0000.00,+0000.31,-0000.31,-0010.11
+1581208564.31,-0000.98,-0001.95,+0000.00,+0000.23,-0000.31,-0010.03
+1581208564.31,-0000.98,-0001.95,+0000.00,+0000.23,-0000.31,-0010.03
+1581208564.32,-0000.98,-0001.95,+0000.00,+0000.31,-0000.31,-0010.03
+1581208564.32,-0000.98,-0001.95,-0000.98,+0000.31,-0000.31,-0010.03
+1581208564.33,-0000.98,-0001.95,+0000.00,+0000.31,-0000.31,-0010.03
+1581208564.33,-0000.98,-0001.95,+0000.00,+0000.31,-0000.31,-0010.11
+1581208564.34,-0000.98,-0001.95,+0000.00,+0000.31,-0000.31,-0010.11
+1581208564.34,-0000.98,-0001.95,+0000.00,+0000.31,-0000.23,-0010.11
+1581208564.35,-0000.98,-0001.95,-0000.98,+0000.31,-0000.31,-0010.03
+1581208564.35,-0000.98,-0001.95,+0000.00,+0000.31,-0000.31,-0010.11
+1581208564.36,-0000.98,-0001.95,+0000.00,+0000.31,-0000.31,-0010.11
+1581208564.36,-0000.98,-0001.95,+0000.00,+0000.23,-0000.31,-0010.11
+1581208564.37,-0000.98,-0001.95,-0000.98,+0000.31,-0000.31,-0010.03
+1581208564.37,-0000.98,-0001.95,+0000.00,+0000.23,-0000.31,-0010.03
+1581208564.38,-0000.98,-0001.95,+0000.00,+0000.23,-0000.31,-0010.03
+1581208564.38,-0000.98,-0001.95,+0000.00,+0000.31,-0000.31,-0010.03
+1581208564.39,+0000.00,-0001.95,+0000.00,+0000.31,-0000.31,-0010.11
+1581208564.39,-0000.98,-0001.95,+0000.00,+0000.23,-0000.31,-0010.03
+1581208564.40,-0000.98,-0001.95,+0000.00,+0000.23,-0000.31,-0010.11
+1581208564.40,-0000.98,-0001.95,+0000.00,+0000.23,-0000.31,-0010.11
+1581208564.41,-0000.98,-0001.95,+0000.00,+0000.31,-0000.31,-0010.11
+1581208564.41,-0000.98,-0001.95,+0000.00,+0000.31,-0000.31,-0010.03
+1581208564.42,-0000.98,-0001.95,-0000.98,+0000.31,-0000.31,-0010.03
+1581208564.42,-0000.98,-0001.95,+0000.00,+0000.31,-0000.31,-0010.11
+1581208564.43,-0000.98,-0001.95,+0000.00,+0000.31,-0000.31,-0010.11
+1581208564.43,-0000.98,-0001.95,+0000.00,+0000.31,-0000.31,-0010.03
+1581208564.44,-0000.98,-0001.95,-0000.98,+0000.23,-0000.31,-0010.03
+1581208564.44,-0000.98,-0001.95,+0000.00,+0000.31,-0000.31,-0010.11
+1581208564.45,-0000.98,-0001.95,-0000.98,+0000.23,-0000.31,-0010.11
+1581208564.45,-0000.98,-0001.95,+0000.00,+0000.23,-0000.31,-0010.11
+1581208564.46,-0000.98,-0001.95,+0000.00,+0000.23,-0000.31,-0010.03
+1581208564.46,-0000.98,-0001.95,-0000.98,+0000.23,-0000.31,-0010.03
+1581208564.47,-0000.98,-0001.95,+0000.00,+0000.31,-0000.31,-0010.03
+1581208564.47,-0000.98,-0001.95,+0000.00,+0000.31,-0000.23,-0010.03
+1581208564.48,-0000.98,-0001.95,+0000.00,+0000.23,-0000.23,-0010.03
+1581208564.48,-0000.98,-0001.95,+0000.00,+0000.31,-0000.31,-0010.11
+1581208564.49,-0000.98,-0001.95,+0000.00,+0000.23,-0000.23,-0010.11
+1581208564.49,-0000.98,-0001.95,+0000.00,+0000.23,-0000.31,-0010.03
+1581208564.50,-0000.98,-0000.98,+0000.00,+0000.23,-0000.31,-0010.03
+1581208564.50,-0000.98,-0001.95,+0000.00,+0000.23,-0000.31,-0010.03
+1581208564.51,-0000.98,-0000.98,+0000.00,+0000.31,-0000.23,-0010.03
+1581208564.51,-0000.98,-0001.95,+0000.00,+0000.23,-0000.31,-0010.03
+1581208564.52,-0000.98,-0000.98,+0000.00,+0000.31,-0000.23,-0010.11
+1581208564.52,-0000.98,-0001.95,+0000.00,+0000.31,-0000.31,-0010.03
+1581208564.53,+0000.00,-0001.95,+0000.00,+0000.23,-0000.31,-0010.11
+1581208564.53,-0000.98,-0001.95,+0000.00,+0000.23,-0000.31,-0010.11
+1581208564.54,-0000.98,-0000.98,+0000.00,+0000.23,-0000.23,-0010.11
+1581208564.54,-0000.98,-0001.95,-0000.98,+0000.23,-0000.31,-0010.11
+1581208564.55,-0000.98,-0000.98,+0000.00,+0000.23,-0000.31,-0010.03
+1581208564.55,-0000.98,-0000.98,+0000.00,+0000.31,-0000.31,-0010.11
+1581208564.56,-0000.98,-0000.98,+0000.00,+0000.23,-0000.31,-0010.11
+1581208564.56,-0000.98,-0000.98,+0000.00,+0000.23,-0000.31,-0010.03
+1581208564.57,-0000.98,-0000.98,+0000.00,+0000.23,-0000.23,-0010.03
+1581208564.57,-0000.98,-0000.98,+0000.00,+0000.23,-0000.31,-0010.03
+1581208564.57,-0000.98,-0000.98,+0000.00,+0000.23,-0000.31,-0010.11
+1581208564.58,-0000.98,-0000.98,+0000.00,+0000.23,-0000.23,-0010.11
+1581208564.58,-0000.98,-0000.98,+0000.00,+0000.23,-0000.31,-0010.11
+1581208564.59,+0000.00,-0000.98,+0000.00,+0000.23,-0000.31,-0010.11
+1581208564.59,-0000.98,-0000.98,+0000.00,+0000.23,-0000.31,-0010.03
+1581208564.60,-0000.98,-0000.98,+0000.00,+0000.23,-0000.23,-0010.03
+1581208564.60,-0000.98,-0000.98,+0000.00,+0000.23,-0000.31,-0010.11
+1581208564.61,-0000.98,-0000.98,+0000.00,+0000.23,-0000.31,-0010.03
+1581208564.61,-0000.98,-0000.98,+0000.00,+0000.23,-0000.31,-0010.03
+1581208564.62,-0000.98,-0000.98,+0000.00,+0000.23,-0000.23,-0010.11
+1581208564.62,-0000.98,-0000.98,+0000.00,+0000.31,-0000.31,-0010.03
+1581208564.63,-0000.98,-0000.98,+0000.00,+0000.23,-0000.31,-0010.11
+1581208564.63,-0000.98,-0000.98,+0000.00,+0000.23,-0000.31,-0010.11
+1581208564.64,-0000.98,-0000.98,+0000.00,+0000.23,-0000.31,-0010.03
+1581208564.64,-0000.98,-0000.98,+0000.00,+0000.23,-0000.31,-0010.11
+1581208564.65,-0000.98,-0000.98,+0000.00,+0000.31,-0000.23,-0010.03
+1581208564.65,-0000.98,-0000.98,+0000.00,+0000.23,-0000.31,-0010.03
+1581208564.66,-0000.98,-0000.98,+0000.00,+0000.23,-0000.31,-0010.11
+1581208564.66,-0000.98,-0000.98,+0000.00,+0000.23,-0000.31,-0010.03
+1581208564.67,-0000.98,-0000.98,+0000.00,+0000.31,-0000.31,-0010.11
+1581208564.67,-0000.98,-0000.98,+0000.00,+0000.23,-0000.31,-0010.03
+1581208564.68,-0000.98,-0000.98,+0000.00,+0000.23,-0000.23,-0010.03
+1581208564.68,-0000.98,-0000.98,+0000.00,+0000.23,-0000.31,-0010.11
+1581208564.69,-0000.98,-0000.98,+0000.00,+0000.23,-0000.31,-0010.11
+1581208564.69,-0000.98,-0000.98,+0000.00,+0000.23,-0000.31,-0010.03
+1581208564.70,-0000.98,-0000.98,+0000.00,+0000.23,-0000.31,-0010.03
+1581208564.70,-0000.98,-0000.98,+0000.00,+0000.23,-0000.31,-0010.11
+1581208564.71,-0000.98,-0000.98,+0000.00,+0000.23,-0000.31,-0010.03
+1581208564.71,-0000.98,-0000.98,+0000.00,+0000.23,-0000.31,-0010.11
+1581208564.72,-0000.98,-0000.98,+0000.00,+0000.23,-0000.31,-0010.11
+1581208564.72,-0000.98,-0000.98,+0000.00,+0000.23,-0000.31,-0010.11
+1581208564.73,-0000.98,-0000.98,+0000.00,+0000.23,-0000.31,-0010.11
+1581208564.73,-0000.98,-0000.98,+0000.00,+0000.23,-0000.38,-0010.03
+1581208564.74,-0000.98,-0000.98,+0000.00,+0000.23,-0000.31,-0010.11
+1581208564.74,-0000.98,-0000.98,+0000.00,+0000.23,-0000.31,-0010.03
+1581208564.75,-0000.98,-0000.98,+0000.00,+0000.23,-0000.31,-0010.03
+1581208564.75,-0000.98,-0000.98,-0000.98,+0000.23,-0000.31,-0010.03
+1581208564.76,-0000.98,-0001.95,+0000.00,+0000.23,-0000.23,-0010.11
+1581208564.76,-0000.98,-0001.95,+0000.00,+0000.23,-0000.31,-0010.11
+1581208564.77,-0000.98,-0001.95,+0000.00,+0000.23,-0000.23,-0010.11
+1581208564.77,-0000.98,-0000.98,-0000.98,+0000.23,-0000.23,-0010.03
+1581208564.78,-0000.98,-0001.95,-0000.98,+0000.23,-0000.31,-0010.03
+1581208564.78,-0000.98,-0001.95,+0000.00,+0000.23,-0000.31,-0010.03
+1581208564.79,-0000.98,-0001.95,+0000.00,+0000.23,-0000.31,-0010.11
+1581208564.79,-0000.98,-0001.95,+0000.00,+0000.23,-0000.31,-0010.03
+1581208564.80,-0000.98,-0001.95,+0000.00,+0000.23,-0000.31,-0010.11
+1581208564.80,-0000.98,-0001.95,-0000.98,+0000.23,-0000.23,-0010.03
+1581208564.81,-0000.98,-0001.95,+0000.00,+0000.23,-0000.23,-0010.11
+1581208564.81,-0000.98,-0001.95,+0000.00,+0000.23,-0000.31,-0010.11
+1581208564.82,-0000.98,-0001.95,-0000.98,+0000.23,-0000.23,-0010.03
+1581208564.82,-0000.98,-0001.95,-0000.98,+0000.23,-0000.31,-0010.11
+1581208564.83,-0000.98,-0001.95,+0000.00,+0000.23,-0000.23,-0010.03
+1581208564.83,-0000.98,-0001.95,-0000.98,+0000.23,-0000.31,-0010.03
+1581208564.84,-0000.98,-0001.95,-0000.98,+0000.23,-0000.23,-0010.03
+1581208564.84,-0000.98,-0001.95,+0000.00,+0000.23,-0000.31,-0010.03
+1581208564.85,-0000.98,-0001.95,+0000.00,+0000.23,-0000.23,-0010.11
+1581208564.85,-0000.98,-0001.95,+0000.00,+0000.23,-0000.31,-0010.11
+1581208564.86,-0000.98,-0001.95,+0000.00,+0000.23,-0000.31,-0010.11
+1581208564.86,-0000.98,-0001.95,+0000.00,+0000.23,-0000.31,-0010.11
+1581208564.87,-0000.98,-0001.95,-0000.98,+0000.23,-0000.31,-0010.03
+1581208564.87,-0000.98,-0001.95,+0000.00,+0000.23,-0000.31,-0010.03
+1581208564.88,-0000.98,-0001.95,+0000.00,+0000.23,-0000.31,-0010.11
+1581208564.88,-0000.98,-0001.95,+0000.00,+0000.15,-0000.31,-0010.11
+1581208564.89,-0000.98,-0001.95,+0000.00,+0000.23,-0000.23,-0010.11
+1581208564.89,-0000.98,-0001.95,+0000.00,+0000.23,-0000.31,-0010.03
+1581208564.90,-0000.98,-0001.95,-0000.98,+0000.23,-0000.23,-0010.03
+1581208564.90,-0000.98,-0001.95,+0000.00,+0000.15,-0000.31,-0010.03
+1581208564.91,-0000.98,-0001.95,+0000.00,+0000.15,-0000.31,-0010.03
+1581208564.91,-0000.98,-0001.95,-0000.98,+0000.15,-0000.31,-0010.03
+1581208564.92,-0000.98,-0001.95,+0000.00,+0000.23,-0000.31,-0010.11
+1581208564.92,-0000.98,-0001.95,-0000.98,+0000.15,-0000.31,-0010.03
+1581208564.93,-0000.98,-0001.95,+0000.00,+0000.15,-0000.31,-0010.03
+1581208564.93,-0000.98,-0000.98,+0000.00,+0000.23,-0000.23,-0010.11
+1581208564.94,-0000.98,-0000.98,+0000.00,+0000.23,-0000.23,-0010.11
+1581208564.94,-0000.98,-0000.98,+0000.00,+0000.15,-0000.31,-0010.03
+1581208564.95,-0000.98,-0000.98,-0000.98,+0000.15,-0000.31,-0010.03
+1581208564.95,-0000.98,-0000.98,+0000.00,+0000.15,-0000.31,-0010.03
+1581208564.96,-0000.98,-0000.98,+0000.00,+0000.15,-0000.31,-0010.11
+1581208564.96,-0000.98,-0000.98,+0000.00,+0000.23,-0000.31,-0010.03
+1581208564.97,-0000.98,-0000.98,-0000.98,+0000.15,-0000.31,-0010.03
+1581208564.97,-0000.98,-0000.98,-0000.98,+0000.15,-0000.31,-0010.03
+1581208564.98,-0000.98,-0000.98,+0000.00,+0000.15,-0000.31,-0010.11
+1581208564.98,-0000.98,-0000.98,+0000.00,+0000.15,-0000.31,-0010.11
+1581208564.99,-0000.98,-0000.98,+0000.00,+0000.15,-0000.31,-0010.11
+1581208564.99,-0000.98,-0000.98,+0000.00,+0000.15,-0000.31,-0010.11
+1581208565.00,-0000.98,-0000.98,-0000.98,+0000.15,-0000.31,-0010.03
+1581208565.00,-0000.98,-0000.98,+0000.00,+0000.15,-0000.23,-0010.03
+1581208565.01,-0000.98,+0000.00,+0000.00,+0000.15,-0000.31,-0010.11
+1581208565.01,-0000.98,-0000.98,+0000.00,+0000.15,-0000.31,-0010.03
+1581208565.02,-0000.98,+0000.00,-0000.98,+0000.15,-0000.23,-0010.03
+1581208565.02,-0000.98,+0000.00,+0000.00,+0000.15,-0000.31,-0010.11
+1581208565.03,+0000.00,+0000.00,-0000.98,+0000.15,-0000.23,-0010.03
+1581208565.03,-0000.98,+0000.00,-0000.98,+0000.23,-0000.31,-0010.11
+1581208565.04,-0000.98,+0000.00,-0000.98,+0000.15,-0000.31,-0010.03
+1581208565.04,-0000.98,+0000.00,-0000.98,+0000.15,-0000.31,-0010.03
+1581208565.05,-0000.98,+0000.00,-0000.98,+0000.15,-0000.31,-0010.11
+1581208565.05,-0000.98,+0000.00,+0000.00,+0000.15,-0000.31,-0010.03
+1581208565.06,-0000.98,+0000.98,-0000.98,+0000.15,-0000.23,-0010.03
+1581208565.06,-0000.98,+0000.98,-0000.98,+0000.15,-0000.23,-0010.03
+1581208565.07,+0000.00,+0000.98,-0000.98,+0000.15,-0000.31,-0010.11
+1581208565.07,-0000.98,+0000.98,+0000.00,+0000.23,-0000.31,-0010.11
+1581208565.08,-0000.98,+0000.98,+0000.00,+0000.23,-0000.31,-0010.11
+1581208565.08,-0000.98,+0000.98,-0000.98,+0000.15,-0000.31,-0010.03
+1581208565.09,-0000.98,+0000.98,-0000.98,+0000.23,-0000.31,-0010.11
+1581208565.09,-0000.98,+0000.98,-0000.98,+0000.15,-0000.31,-0010.03
+1581208565.10,-0000.98,+0000.98,-0000.98,+0000.15,-0000.31,-0010.11
+1581208565.10,-0000.98,+0000.98,-0000.98,+0000.15,-0000.31,-0010.03
+1581208565.11,-0000.98,+0000.98,+0000.00,+0000.23,-0000.31,-0010.11
+1581208565.11,-0000.98,+0000.98,-0000.98,+0000.23,-0000.31,-0010.03
+1581208565.12,-0000.98,+0000.98,-0000.98,+0000.23,-0000.31,-0010.11
+1581208565.12,+0000.00,+0000.98,-0000.98,+0000.23,-0000.31,-0010.03
+1581208565.13,+0000.00,+0000.98,-0000.98,+0000.23,-0000.31,-0010.03
+1581208565.13,-0000.98,+0000.98,-0000.98,+0000.23,-0000.23,-0010.03
+1581208565.14,-0000.98,+0000.98,+0000.00,+0000.23,-0000.23,-0010.03
+1581208565.14,-0000.98,+0000.98,-0000.98,+0000.23,-0000.31,-0010.03
+1581208565.15,-0000.98,+0000.98,+0000.00,+0000.23,-0000.31,-0010.03
+1581208565.15,-0000.98,+0000.98,-0000.98,+0000.23,-0000.31,-0010.03
+1581208565.16,-0000.98,+0000.98,-0000.98,+0000.23,-0000.23,-0010.03
+1581208565.16,-0000.98,+0000.98,-0000.98,+0000.23,-0000.23,-0010.11
+1581208565.17,-0000.98,+0000.98,-0000.98,+0000.23,-0000.31,-0010.11
+1581208565.17,-0000.98,+0000.98,-0000.98,+0000.23,-0000.23,-0010.03
+1581208565.18,+0000.00,+0000.98,+0000.00,+0000.31,-0000.31,-0010.11
+1581208565.18,-0000.98,+0000.98,-0000.98,+0000.23,-0000.23,-0010.03
+1581208565.19,-0000.98,+0000.98,+0000.00,+0000.23,-0000.31,-0010.03
+1581208565.19,-0000.98,+0000.98,-0000.98,+0000.23,-0000.31,-0010.11
+1581208565.20,-0000.98,+0000.98,+0000.00,+0000.23,-0000.23,-0010.11
+1581208565.20,-0000.98,+0000.98,-0000.98,+0000.23,-0000.31,-0010.03
+1581208565.21,-0000.98,+0000.98,+0000.00,+0000.23,-0000.31,-0010.11
+1581208565.21,+0000.00,+0000.98,-0000.98,+0000.23,-0000.31,-0010.03
+1581208565.22,-0000.98,+0000.98,-0000.98,+0000.23,-0000.31,-0010.03
+1581208565.22,+0000.00,+0000.00,-0000.98,+0000.23,-0000.31,-0010.03
+1581208565.23,-0000.98,+0000.98,-0000.98,+0000.23,-0000.31,-0010.03
+1581208565.23,-0000.98,+0000.00,-0000.98,+0000.31,-0000.31,-0010.03
+1581208565.24,+0000.00,+0000.00,-0000.98,+0000.23,-0000.31,-0010.03
+1581208565.24,-0000.98,+0000.00,-0000.98,+0000.23,-0000.31,-0010.03
+1581208565.25,-0000.98,+0000.00,-0000.98,+0000.31,-0000.31,-0010.11
+1581208565.25,-0000.98,+0000.00,-0000.98,+0000.23,-0000.31,-0010.03
+1581208565.26,-0000.98,+0000.00,+0000.00,+0000.23,-0000.23,-0010.03
+1581208565.26,-0000.98,+0000.00,+0000.00,+0000.23,-0000.31,-0010.11
+1581208565.27,-0000.98,+0000.00,-0000.98,+0000.31,-0000.31,-0010.03
+1581208565.27,-0000.98,+0000.00,-0000.98,+0000.31,-0000.31,-0010.03
+1581208565.28,-0000.98,+0000.00,+0000.00,+0000.31,-0000.31,-0010.03
+1581208565.28,+0000.00,+0000.00,-0000.98,+0000.31,-0000.23,-0010.03
+1581208565.29,-0000.98,+0000.00,+0000.00,+0000.31,-0000.31,-0010.11
+1581208565.29,-0000.98,-0000.98,-0000.98,+0000.31,-0000.31,-0010.11
+1581208565.30,-0000.98,+0000.00,+0000.00,+0000.23,-0000.31,-0010.11
+1581208565.30,-0000.98,-0000.98,-0000.98,+0000.31,-0000.23,-0010.11
+1581208565.31,-0000.98,-0000.98,+0000.00,+0000.31,-0000.23,-0010.03
+1581208565.31,-0000.98,-0000.98,+0000.00,+0000.23,-0000.31,-0010.03
+1581208565.32,-0000.98,-0000.98,-0000.98,+0000.31,-0000.23,-0010.11
+1581208565.32,-0000.98,-0000.98,+0000.00,+0000.31,-0000.23,-0010.03
+1581208565.33,-0000.98,-0000.98,+0000.00,+0000.31,-0000.23,-0010.11
+1581208565.33,-0000.98,-0000.98,+0000.00,+0000.23,-0000.23,-0010.03
+1581208565.34,-0000.98,-0000.98,+0000.00,+0000.31,-0000.23,-0010.03
+1581208565.34,-0000.98,-0000.98,+0000.00,+0000.31,-0000.31,-0010.03
+1581208565.35,-0000.98,-0000.98,+0000.00,+0000.31,-0000.23,-0010.11
+1581208565.35,-0000.98,-0000.98,-0000.98,+0000.31,-0000.31,-0010.11
+1581208565.36,-0000.98,-0000.98,-0000.98,+0000.23,-0000.31,-0010.11
+1581208565.36,-0000.98,-0000.98,+0000.00,+0000.23,-0000.23,-0010.03
+1581208565.37,-0000.98,-0000.98,-0000.98,+0000.23,-0000.31,-0010.11
+1581208565.37,-0000.98,-0001.95,+0000.00,+0000.23,-0000.23,-0010.03
+1581208565.38,-0000.98,-0001.95,+0000.00,+0000.31,-0000.23,-0010.11
+1581208565.38,-0000.98,-0000.98,-0000.98,+0000.31,-0000.38,-0010.03
+1581208565.39,-0000.98,-0000.98,+0000.00,+0000.31,-0000.23,-0010.03
+1581208565.39,-0000.98,-0001.95,+0000.00,+0000.23,-0000.31,-0010.03
+1581208565.40,-0000.98,-0001.95,+0000.00,+0000.23,-0000.31,-0010.03
+1581208565.40,-0000.98,-0001.95,+0000.00,+0000.31,-0000.31,-0010.11
+1581208565.41,-0000.98,-0001.95,+0000.00,+0000.23,-0000.31,-0010.11
+1581208565.41,-0000.98,-0001.95,+0000.00,+0000.31,-0000.31,-0010.03
+1581208565.42,-0000.98,-0001.95,+0000.00,+0000.23,-0000.31,-0010.03
+1581208565.42,-0000.98,-0001.95,+0000.00,+0000.23,-0000.23,-0010.11
+1581208565.43,-0000.98,-0001.95,-0000.98,+0000.23,-0000.31,-0010.11
+1581208565.43,-0000.98,-0001.95,+0000.00,+0000.23,-0000.31,-0010.03
+1581208565.44,-0000.98,-0001.95,-0000.98,+0000.23,-0000.31,-0010.11
+1581208565.44,-0000.98,-0001.95,+0000.00,+0000.23,-0000.31,-0010.11
+1581208565.45,-0000.98,-0001.95,+0000.00,+0000.23,-0000.23,-0010.11
+1581208565.45,-0000.98,-0002.93,+0000.00,+0000.23,-0000.31,-0010.11
+1581208565.46,-0000.98,-0001.95,-0000.98,+0000.23,-0000.31,-0010.03
+1581208565.46,-0000.98,-0001.95,+0000.00,+0000.23,-0000.23,-0010.11
+1581208565.47,-0000.98,-0001.95,+0000.00,+0000.23,-0000.31,-0010.03
+1581208565.47,-0000.98,-0001.95,+0000.00,+0000.15,-0000.31,-0010.03
+1581208565.48,-0000.98,-0001.95,+0000.00,+0000.23,-0000.23,-0010.03
+1581208565.48,-0000.98,-0002.93,+0000.00,+0000.23,-0000.23,-0010.11
+1581208565.49,-0000.98,-0001.95,+0000.00,+0000.23,-0000.31,-0010.03
+1581208565.49,-0000.98,-0001.95,+0000.00,+0000.23,-0000.23,-0010.03
+1581208565.50,-0000.98,-0002.93,+0000.00,+0000.23,-0000.31,-0010.11
+1581208565.50,-0000.98,-0001.95,-0000.98,+0000.15,-0000.23,-0010.11
+1581208565.51,-0000.98,-0001.95,+0000.00,+0000.23,-0000.31,-0010.03
+1581208565.51,-0000.98,-0001.95,+0000.00,+0000.23,-0000.23,-0010.11
+1581208565.52,-0000.98,-0001.95,+0000.00,+0000.15,-0000.31,-0010.11
+1581208565.52,-0000.98,-0002.93,+0000.00,+0000.15,-0000.23,-0010.11
+1581208565.53,-0000.98,-0001.95,+0000.00,+0000.15,-0000.31,-0010.03
+1581208565.53,-0000.98,-0001.95,+0000.00,+0000.15,-0000.23,-0010.11
+1581208565.54,-0000.98,-0001.95,-0000.98,+0000.15,-0000.31,-0010.11
+1581208565.54,-0000.98,-0001.95,+0000.00,+0000.23,-0000.31,-0010.03
+1581208565.55,-0000.98,-0001.95,+0000.00,+0000.23,-0000.31,-0010.03
+1581208565.55,-0000.98,-0001.95,-0000.98,+0000.15,-0000.31,-0010.03
+1581208565.56,-0000.98,-0001.95,+0000.00,+0000.15,-0000.31,-0010.11
+1581208565.56,-0000.98,-0001.95,+0000.00,+0000.15,-0000.31,-0010.03
+1581208565.57,-0000.98,-0001.95,+0000.00,+0000.15,-0000.31,-0010.11
+1581208565.57,-0000.98,-0001.95,+0000.00,+0000.23,-0000.31,-0010.03
+1581208565.58,-0000.98,-0001.95,+0000.00,+0000.15,-0000.31,-0010.03
+1581208565.58,-0000.98,-0001.95,+0000.00,+0000.15,-0000.31,-0010.03
+1581208565.59,-0000.98,-0000.98,+0000.00,+0000.15,-0000.31,-0010.03
+1581208565.59,-0000.98,-0001.95,+0000.00,+0000.15,-0000.23,-0010.11
+1581208565.60,-0000.98,-0000.98,-0000.98,+0000.15,-0000.31,-0010.03
+1581208565.60,-0000.98,-0001.95,-0000.98,+0000.15,-0000.23,-0010.03
+1581208565.61,-0000.98,-0001.95,+0000.00,+0000.15,-0000.31,-0010.11
+1581208565.61,-0000.98,-0000.98,+0000.00,+0000.15,-0000.31,-0010.11
+1581208565.62,-0000.98,-0000.98,-0000.98,+0000.15,-0000.31,-0010.11
+1581208565.62,-0000.98,-0000.98,-0000.98,+0000.15,-0000.23,-0010.11
+1581208565.63,-0000.98,-0000.98,-0000.98,+0000.15,-0000.23,-0010.11
+1581208565.63,-0000.98,-0000.98,-0000.98,+0000.15,-0000.23,-0010.11
+1581208565.64,-0000.98,-0000.98,+0000.00,+0000.15,-0000.23,-0010.11
+1581208565.64,-0000.98,-0000.98,-0000.98,+0000.15,-0000.31,-0010.03
+1581208565.65,-0000.98,-0000.98,+0000.00,+0000.15,-0000.31,-0010.11
+1581208565.65,-0000.98,-0000.98,-0000.98,+0000.15,-0000.23,-0010.03
+1581208565.66,+0000.00,-0000.98,+0000.00,+0000.23,-0000.23,-0010.03
+1581208565.66,-0000.98,-0000.98,+0000.00,+0000.15,-0000.31,-0010.11
+1581208565.67,-0000.98,-0000.98,+0000.00,+0000.15,-0000.31,-0010.03
+1581208565.67,-0000.98,-0000.98,-0000.98,+0000.15,-0000.31,-0010.03
+1581208565.68,-0000.98,-0000.98,+0000.00,+0000.15,-0000.31,-0010.03
+1581208565.68,-0000.98,-0000.98,-0000.98,+0000.15,-0000.31,-0010.11
+1581208565.69,-0000.98,-0000.98,+0000.00,+0000.15,-0000.31,-0010.03
+1581208565.69,-0000.98,+0000.00,+0000.00,+0000.15,-0000.31,-0010.11
+1581208565.70,-0000.98,+0000.00,-0000.98,+0000.15,-0000.23,-0010.03
+1581208565.70,-0000.98,+0000.00,+0000.00,+0000.15,-0000.31,-0010.03
+1581208565.71,-0000.98,+0000.00,+0000.00,+0000.15,-0000.31,-0010.03
+1581208565.71,-0000.98,+0000.00,-0000.98,+0000.15,-0000.31,-0010.03
+1581208565.72,-0000.98,+0000.00,+0000.00,+0000.23,-0000.31,-0010.11
+1581208565.72,-0000.98,+0000.00,-0000.98,+0000.23,-0000.31,-0010.11
+1581208565.73,-0000.98,-0000.98,+0000.00,+0000.15,-0000.31,-0010.03
+1581208565.73,-0000.98,+0000.00,+0000.00,+0000.15,-0000.31,-0010.03
+1581208565.74,-0000.98,+0000.00,-0000.98,+0000.15,-0000.31,-0010.11
+1581208565.74,-0000.98,+0000.00,-0000.98,+0000.23,-0000.31,-0010.03
+1581208565.75,-0000.98,+0000.00,+0000.00,+0000.15,-0000.31,-0010.03
+1581208565.75,-0000.98,+0000.00,-0000.98,+0000.23,-0000.23,-0010.11
+1581208565.76,-0000.98,+0000.00,+0000.00,+0000.15,-0000.23,-0010.11
+1581208565.76,-0000.98,+0000.00,-0000.98,+0000.15,-0000.23,-0010.11
+1581208565.77,-0000.98,+0000.00,-0000.98,+0000.23,-0000.23,-0010.11
+1581208565.77,+0000.00,+0000.00,+0000.00,+0000.15,-0000.31,-0010.11
+1581208565.78,-0000.98,+0000.00,-0000.98,+0000.15,-0000.23,-0010.11
+1581208565.78,-0000.98,+0000.00,-0000.98,+0000.15,-0000.23,-0010.03
+1581208565.79,-0000.98,+0000.00,-0000.98,+0000.15,-0000.31,-0010.11
+1581208565.79,-0000.98,+0000.00,-0000.98,+0000.15,-0000.31,-0010.03
+1581208565.80,-0000.98,+0000.00,+0000.00,+0000.15,-0000.31,-0010.03
+1581208565.80,-0000.98,+0000.00,-0000.98,+0000.23,-0000.23,-0010.03
+1581208565.81,-0000.98,+0000.00,-0000.98,+0000.15,-0000.31,-0010.11
+1581208565.81,+0000.00,-0000.98,-0000.98,+0000.15,-0000.31,-0010.03
+1581208565.82,-0000.98,-0000.98,+0000.00,+0000.23,-0000.23,-0010.11
+1581208565.82,-0000.98,+0000.00,-0000.98,+0000.15,-0000.23,-0010.11
+1581208565.83,-0000.98,-0000.98,+0000.00,+0000.23,-0000.38,-0010.11
+1581208565.83,-0000.98,-0000.98,+0000.00,+0000.23,-0000.23,-0010.03
+1581208565.84,+0000.00,+0000.00,-0000.98,+0000.15,-0000.31,-0010.03
+1581208565.84,-0000.98,+0000.00,-0000.98,+0000.15,-0000.23,-0010.03
+1581208565.85,-0000.98,+0000.00,-0000.98,+0000.23,-0000.23,-0010.03
+1581208565.85,-0000.98,-0000.98,-0000.98,+0000.23,-0000.31,-0010.03
+1581208565.86,-0000.98,-0000.98,+0000.00,+0000.15,-0000.31,-0010.03
+1581208565.86,+0000.00,-0000.98,+0000.00,+0000.15,-0000.31,-0010.11
+1581208565.87,-0000.98,-0000.98,-0000.98,+0000.23,-0000.31,-0010.11
+1581208565.87,-0000.98,-0000.98,-0000.98,+0000.15,-0000.31,-0010.11
+1581208565.88,-0000.98,-0000.98,+0000.00,+0000.15,-0000.23,-0010.03
+1581208565.88,-0000.98,-0000.98,-0000.98,+0000.15,-0000.23,-0010.03
+1581208565.89,-0000.98,-0000.98,+0000.00,+0000.23,-0000.23,-0010.11
+1581208565.89,-0000.98,-0000.98,-0000.98,+0000.23,-0000.23,-0010.11
+1581208565.90,-0000.98,-0000.98,-0000.98,+0000.15,-0000.23,-0010.11
+1581208565.90,-0000.98,-0000.98,+0000.00,+0000.23,-0000.31,-0010.03
+1581208565.91,+0000.00,-0000.98,+0000.00,+0000.15,-0000.31,-0010.03
+1581208565.91,-0000.98,-0000.98,+0000.00,+0000.15,-0000.23,-0010.11
+1581208565.92,-0000.98,-0000.98,-0000.98,+0000.15,-0000.31,-0010.03
+1581208565.92,-0000.98,-0000.98,-0000.98,+0000.23,-0000.31,-0010.03
+1581208565.93,-0000.98,-0000.98,-0000.98,+0000.23,-0000.23,-0010.03
+1581208565.93,-0000.98,-0000.98,-0000.98,+0000.23,-0000.31,-0010.03
+1581208565.94,+0000.00,-0000.98,-0000.98,+0000.23,-0000.31,-0010.03
+1581208565.94,-0000.98,-0000.98,+0000.00,+0000.15,-0000.31,-0010.03
+1581208565.95,-0000.98,-0000.98,+0000.00,+0000.15,-0000.31,-0010.03
+1581208565.95,-0000.98,-0001.95,+0000.00,+0000.23,-0000.31,-0010.11
+1581208565.96,-0000.98,-0000.98,-0000.98,+0000.23,-0000.23,-0010.11
+1581208565.96,-0000.98,-0001.95,+0000.00,+0000.15,-0000.31,-0010.11
+1581208565.97,-0000.98,-0001.95,+0000.00,+0000.23,-0000.31,-0010.03
+1581208565.97,-0000.98,-0001.95,+0000.00,+0000.23,-0000.31,-0010.11
+1581208565.98,-0000.98,-0001.95,+0000.00,+0000.15,-0000.31,-0010.11
+1581208565.98,-0000.98,-0001.95,+0000.00,+0000.15,-0000.31,-0010.03
+1581208565.99,-0000.98,-0001.95,+0000.00,+0000.23,-0000.23,-0010.03
+1581208565.99,-0000.98,-0001.95,+0000.00,+0000.15,-0000.31,-0010.11
+1581208566.00,-0000.98,-0001.95,+0000.00,+0000.15,-0000.23,-0010.11
+1581208566.00,-0000.98,-0001.95,+0000.00,+0000.15,-0000.23,-0010.11
+1581208566.01,-0000.98,-0001.95,+0000.00,+0000.15,-0000.31,-0010.11
+1581208566.01,-0000.98,-0001.95,+0000.00,+0000.23,-0000.31,-0010.03
+1581208566.02,-0000.98,-0001.95,+0000.00,+0000.15,-0000.31,-0010.03
+1581208566.02,-0000.98,-0001.95,-0000.98,+0000.23,-0000.31,-0010.11
+1581208566.03,-0000.98,-0001.95,+0000.00,+0000.23,-0000.31,-0010.03
+1581208566.03,-0000.98,-0001.95,+0000.00,+0000.15,-0000.31,-0010.03
+1581208566.04,-0000.98,-0001.95,+0000.00,+0000.15,-0000.23,-0010.03
+1581208566.04,-0000.98,-0002.93,+0000.00,+0000.23,-0000.31,-0010.11
+1581208566.05,-0000.98,-0002.93,+0000.00,+0000.15,-0000.31,-0010.03
+1581208566.05,-0000.98,-0002.93,+0000.00,+0000.15,-0000.31,-0010.03
+1581208566.06,-0000.98,-0002.93,+0000.00,+0000.15,-0000.31,-0010.03
+1581208566.06,-0000.98,-0002.93,+0000.00,+0000.15,-0000.31,-0010.11
+1581208566.07,-0000.98,-0002.93,+0000.00,+0000.15,-0000.23,-0010.11
+1581208566.07,-0000.98,-0002.93,+0000.00,+0000.15,-0000.31,-0010.11
+1581208566.08,-0000.98,-0002.93,+0000.00,+0000.15,-0000.31,-0010.03
+1581208566.08,-0000.98,-0002.93,+0000.00,+0000.15,-0000.31,-0010.03
+1581208566.09,-0000.98,-0002.93,+0000.00,+0000.15,-0000.23,-0010.03
+1581208566.09,-0000.98,-0002.93,+0000.00,+0000.15,-0000.23,-0010.03
+1581208566.10,-0000.98,-0002.93,+0000.00,+0000.15,-0000.31,-0010.03
+1581208566.10,-0000.98,-0002.93,+0000.00,+0000.08,-0000.31,-0010.03
+1581208566.11,-0000.98,-0002.93,+0000.00,+0000.15,-0000.23,-0010.03
+1581208566.11,-0000.98,-0002.93,+0000.00,+0000.08,-0000.23,-0010.03
+1581208566.12,-0000.98,-0002.93,+0000.00,+0000.15,-0000.31,-0010.03
+1581208566.12,-0000.98,-0002.93,+0000.00,+0000.08,-0000.31,-0010.03
+1581208566.13,-0000.98,-0002.93,+0000.00,+0000.15,-0000.23,-0010.11
+1581208566.13,-0000.98,-0002.93,+0000.00,+0000.15,-0000.23,-0010.11
+1581208566.14,-0000.98,-0001.95,+0000.00,+0000.08,-0000.31,-0010.11
+1581208566.14,-0000.98,-0001.95,+0000.00,+0000.08,-0000.23,-0010.03
+1581208566.15,-0000.98,-0001.95,+0000.00,+0000.08,-0000.23,-0010.11
+1581208566.15,-0000.98,-0001.95,+0000.00,+0000.08,-0000.23,-0010.11
+1581208566.16,-0000.98,-0001.95,+0000.00,+0000.08,-0000.23,-0010.11
+1581208566.16,-0000.98,-0001.95,+0000.00,+0000.08,-0000.31,-0010.11
+1581208566.17,-0000.98,-0001.95,+0000.00,+0000.08,-0000.31,-0010.11
+1581208566.17,-0000.98,-0001.95,+0000.00,+0000.08,-0000.31,-0010.11
+1581208566.18,-0000.98,-0000.98,+0000.00,+0000.08,-0000.31,-0010.11
+1581208566.18,-0000.98,-0000.98,+0000.00,+0000.08,-0000.31,-0010.03
+1581208566.19,-0000.98,-0000.98,+0000.00,+0000.08,-0000.31,-0010.03
+1581208566.19,-0000.98,-0000.98,+0000.00,+0000.08,-0000.31,-0010.03
+1581208566.20,-0000.98,-0000.98,+0000.00,+0000.08,-0000.31,-0010.11
+1581208566.20,-0000.98,-0000.98,+0000.00,+0000.00,-0000.31,-0010.11
+1581208566.21,-0000.98,+0000.00,+0000.00,+0000.00,-0000.31,-0010.11
+1581208566.21,-0000.98,+0000.00,+0000.00,+0000.00,-0000.23,-0010.11
+1581208566.22,-0000.98,+0000.00,+0000.00,+0000.08,-0000.31,-0010.11
+1581208566.22,+0000.00,+0000.00,+0000.00,+0000.08,-0000.23,-0010.11
+1581208566.23,+0000.00,+0000.00,+0000.00,+0000.15,-0000.23,-0010.11
+1581208566.23,-0000.98,+0000.00,+0000.00,+0000.15,-0000.23,-0010.11
+1581208566.24,+0000.00,+0000.00,+0000.00,+0000.23,-0000.23,-0010.11
+1581208566.24,+0000.00,+0000.00,+0000.00,+0000.15,-0000.23,-0010.11
+1581208566.25,+0000.00,+0000.00,+0000.00,+0000.15,-0000.23,-0010.11
+1581208566.25,+0000.00,+0000.00,+0000.00,+0000.15,-0000.23,-0010.11
+1581208566.26,-0000.98,+0000.00,+0000.00,+0000.08,-0000.23,-0010.11
+1581208566.26,+0000.00,+0000.00,+0000.00,+0000.00,-0000.23,-0010.03
+1581208566.27,+0000.00,+0000.00,+0000.00,+0000.08,-0000.23,-0010.11
+1581208566.27,-0000.98,+0000.00,+0000.00,+0000.00,-0000.23,-0010.03
+1581208566.28,+0000.00,+0000.00,+0000.00,+0000.00,-0000.23,-0010.03
+1581208566.28,+0000.00,+0000.00,+0000.00,+0000.00,-0000.31,-0010.03
+1581208566.29,+0000.00,+0000.00,+0000.00,+0000.00,-0000.23,-0010.03
+1581208566.29,+0000.00,+0000.00,+0000.00,+0000.08,-0000.31,-0010.03
+1581208566.30,+0000.00,+0000.00,+0000.00,+0000.15,-0000.31,-0010.03
+1581208566.30,-0000.98,+0000.00,+0000.00,+0000.15,-0000.31,-0010.11
+1581208566.31,-0000.98,+0000.00,+0000.00,+0000.15,-0000.38,-0010.03
+1581208566.31,-0000.98,+0000.00,+0000.00,+0000.15,-0000.38,-0010.03
+1581208566.32,-0000.98,+0000.00,+0000.00,+0000.15,-0000.38,-0010.03
+1581208566.32,-0000.98,-0000.98,+0000.00,+0000.15,-0000.38,-0010.03
+1581208566.33,-0000.98,-0000.98,+0000.00,+0000.15,-0000.38,-0010.03
+1581208566.33,-0000.98,-0000.98,+0000.00,+0000.08,-0000.38,-0010.03
+1581208566.34,-0000.98,-0000.98,-0000.98,+0000.15,-0000.38,-0010.03
+1581208566.34,-0000.98,-0000.98,+0000.00,+0000.15,-0000.38,-0010.03
+1581208566.35,-0000.98,-0000.98,+0000.00,+0000.15,-0000.31,-0010.11
+1581208566.35,-0000.98,-0001.95,+0000.00,+0000.15,-0000.31,-0010.03
+1581208566.36,-0000.98,-0001.95,+0000.00,+0000.15,-0000.31,-0010.11
+1581208566.36,-0000.98,-0001.95,+0000.00,+0000.15,-0000.31,-0010.11
+1581208566.37,-0000.98,-0001.95,+0000.00,+0000.15,-0000.23,-0010.03
+1581208566.37,-0000.98,-0001.95,+0000.00,+0000.15,-0000.23,-0010.11
+1581208566.38,-0000.98,-0002.93,+0000.00,+0000.15,-0000.15,-0010.11
+1581208566.38,+0000.00,-0002.93,-0000.98,+0000.08,-0000.15,-0010.11
+1581208566.39,-0000.98,-0002.93,+0000.00,+0000.08,-0000.15,-0010.11
+1581208566.39,-0000.98,-0002.93,+0000.00,+0000.08,-0000.15,-0010.11
+1581208566.40,-0000.98,-0002.93,+0000.00,+0000.08,-0000.15,-0010.03
+1581208566.40,-0000.98,-0002.93,+0000.00,+0000.08,-0000.15,-0010.11
+1581208566.41,-0000.98,-0002.93,-0000.98,+0000.08,-0000.15,-0010.03
+1581208566.41,-0000.98,-0002.93,+0000.00,+0000.08,-0000.23,-0010.11
+1581208566.42,-0000.98,-0002.93,+0000.00,+0000.08,-0000.23,-0010.11
+1581208566.42,-0000.98,-0002.93,-0000.98,+0000.08,-0000.23,-0010.11
+1581208566.43,-0000.98,-0002.93,+0000.00,+0000.08,-0000.31,-0010.03
+1581208566.43,-0000.98,-0002.93,-0000.98,+0000.08,-0000.31,-0010.11
+1581208566.44,-0000.98,-0001.95,-0000.98,+0000.08,-0000.31,-0010.03
+1581208566.44,+0000.00,-0002.93,-0000.98,+0000.08,-0000.31,-0010.11
+1581208566.45,-0000.98,-0002.93,+0000.00,+0000.08,-0000.38,-0010.03
+1581208566.45,-0000.98,-0002.93,+0000.00,+0000.08,-0000.38,-0010.03
+1581208566.46,-0000.98,-0001.95,+0000.00,+0000.00,-0000.38,-0010.11
+1581208566.46,-0000.98,-0001.95,-0000.98,+0000.08,-0000.38,-0010.03
+1581208566.47,-0000.98,-0001.95,-0000.98,+0000.08,-0000.38,-0010.11
+1581208566.47,-0000.98,-0001.95,+0000.00,+0000.08,-0000.38,-0010.03
+1581208566.48,-0000.98,-0001.95,+0000.00,+0000.08,-0000.38,-0010.03
+1581208566.48,-0000.98,-0000.98,+0000.00,+0000.08,-0000.38,-0010.03
+1581208566.49,-0000.98,-0000.98,+0000.00,+0000.08,-0000.38,-0010.03
+1581208566.49,-0000.98,-0000.98,+0000.00,+0000.08,-0000.38,-0010.03
+1581208566.50,-0000.98,-0000.98,+0000.00,+0000.08,-0000.38,-0010.11
+1581208566.50,-0000.98,-0000.98,-0000.98,+0000.08,-0000.31,-0010.11
+1581208566.51,-0000.98,-0000.98,+0000.00,+0000.00,-0000.31,-0010.03
+1581208566.51,-0000.98,-0000.98,+0000.00,+0000.08,-0000.31,-0010.03
+1581208566.52,-0000.98,-0000.98,+0000.00,+0000.00,-0000.23,-0010.11
+1581208566.52,-0000.98,+0000.00,+0000.00,+0000.08,-0000.23,-0010.11
+1581208566.53,-0000.98,+0000.00,+0000.00,+0000.00,-0000.23,-0010.03
+1581208566.53,-0000.98,+0000.00,+0000.00,+0000.08,-0000.23,-0010.11
+1581208566.54,-0000.98,+0000.00,+0000.00,+0000.00,-0000.23,-0010.03
+1581208566.54,-0000.98,+0000.00,+0000.00,+0000.08,-0000.23,-0010.03
+1581208566.55,-0000.98,+0000.00,+0000.00,+0000.00,-0000.15,-0010.11
+1581208566.55,-0000.98,+0000.00,+0000.00,+0000.00,-0000.15,-0010.11
+1581208566.56,-0000.98,+0000.00,+0000.00,+0000.00,-0000.23,-0010.11
+1581208566.56,-0000.98,+0000.98,+0000.00,+0000.00,-0000.23,-0010.03
+1581208566.57,+0000.00,+0000.98,+0000.00,+0000.00,-0000.23,-0010.03
+1581208566.57,-0000.98,+0000.98,+0000.00,+0000.08,-0000.31,-0010.11
+1581208566.58,-0000.98,+0000.98,+0000.00,+0000.08,-0000.23,-0010.11
+1581208566.58,+0000.00,+0000.98,+0000.00,+0000.08,-0000.23,-0010.11
+1581208566.59,-0000.98,+0000.98,+0000.00,+0000.08,-0000.31,-0010.11
+1581208566.59,+0000.00,+0000.98,+0000.00,+0000.08,-0000.31,-0010.03
+1581208566.60,-0000.98,+0001.95,-0000.98,+0000.08,-0000.31,-0010.11
+1581208566.60,-0000.98,+0001.95,+0000.00,+0000.08,-0000.31,-0010.03
+1581208566.61,-0000.98,+0000.98,+0000.00,+0000.08,-0000.31,-0010.11
+1581208566.61,-0000.98,+0001.95,-0000.98,+0000.08,-0000.31,-0010.03
+1581208566.62,-0000.98,+0001.95,+0000.00,+0000.00,-0000.38,-0010.11
+1581208566.62,-0000.98,+0001.95,+0000.00,+0000.00,-0000.38,-0010.11
+1581208566.63,+0000.00,+0001.95,+0000.00,+0000.08,-0000.31,-0010.11
+1581208566.63,+0000.00,+0001.95,+0000.00,+0000.08,-0000.31,-0010.11
+1581208566.64,-0000.98,+0001.95,+0000.00,+0000.08,-0000.31,-0010.11
+1581208566.64,-0000.98,+0001.95,+0000.00,+0000.08,-0000.31,-0010.11
+1581208566.65,-0000.98,+0001.95,+0000.00,+0000.08,-0000.31,-0010.03
+1581208566.65,+0000.00,+0001.95,+0000.00,+0000.08,-0000.31,-0010.03
+1581208566.66,-0000.98,+0001.95,+0000.00,+0000.08,-0000.31,-0010.03
+1581208566.66,+0000.00,+0001.95,+0000.00,+0000.08,-0000.23,-0010.03
+1581208566.67,+0000.00,+0001.95,+0000.00,+0000.08,-0000.23,-0010.03
+1581208566.67,-0000.98,+0001.95,+0000.00,+0000.08,-0000.31,-0010.11
+1581208566.68,-0000.98,+0001.95,+0000.00,+0000.08,-0000.31,-0010.03
+1581208566.68,-0000.98,+0001.95,+0000.00,+0000.08,-0000.23,-0010.03
+1581208566.69,-0000.98,+0001.95,+0000.00,+0000.08,-0000.31,-0010.11
+1581208566.69,-0000.98,+0001.95,+0000.00,+0000.08,-0000.31,-0010.03
+1581208566.70,+0000.00,+0001.95,-0000.98,+0000.15,-0000.31,-0010.03
+1581208566.70,-0000.98,+0001.95,-0000.98,+0000.15,-0000.31,-0010.03
+1581208566.71,-0000.98,+0001.95,+0000.00,+0000.15,-0000.31,-0010.03
+1581208566.71,+0000.00,+0001.95,-0000.98,+0000.15,-0000.31,-0010.03
+1581208566.72,-0000.98,+0001.95,+0000.00,+0000.15,-0000.31,-0010.03
+1581208566.72,+0000.00,+0001.95,-0000.98,+0000.15,-0000.31,-0010.11
+1581208566.73,-0000.98,+0001.95,+0000.00,+0000.08,-0000.23,-0010.11
+1581208566.73,-0000.98,+0001.95,+0000.00,+0000.15,-0000.31,-0010.11
+1581208566.74,-0000.98,+0001.95,-0000.98,+0000.15,-0000.23,-0010.03
+1581208566.74,+0000.00,+0001.95,+0000.00,+0000.15,-0000.31,-0010.03
+1581208566.75,-0000.98,+0001.95,+0000.00,+0000.08,-0000.23,-0010.11
+1581208566.75,+0000.00,+0001.95,-0000.98,+0000.08,-0000.23,-0010.03
+1581208566.76,+0000.00,+0001.95,+0000.00,+0000.15,-0000.31,-0010.03
+1581208566.76,+0000.00,+0001.95,+0000.00,+0000.08,-0000.31,-0010.11
+1581208566.77,+0000.00,+0001.95,-0000.98,+0000.08,-0000.23,-0010.11
+1581208566.77,+0000.00,+0001.95,-0000.98,+0000.08,-0000.31,-0010.03
+1581208566.78,-0000.98,+0002.93,+0000.00,+0000.08,-0000.23,-0010.11
+1581208566.78,-0000.98,+0002.93,-0000.98,+0000.08,-0000.23,-0010.03
+1581208566.79,-0000.98,+0002.93,-0000.98,+0000.08,-0000.23,-0010.03
+1581208566.79,-0000.98,+0002.93,-0000.98,+0000.08,-0000.31,-0010.03
+1581208566.80,-0000.98,+0002.93,-0000.98,+0000.08,-0000.31,-0010.03
+1581208566.80,-0000.98,+0002.93,-0000.98,+0000.08,-0000.31,-0010.11
+1581208566.81,-0000.98,+0002.93,-0000.98,+0000.08,-0000.38,-0010.11
+1581208566.81,-0000.98,+0003.91,-0000.98,+0000.15,-0000.31,-0010.03
+1581208566.82,+0000.00,+0003.91,-0000.98,+0000.15,-0000.31,-0010.03
+1581208566.82,-0000.98,+0003.91,-0000.98,+0000.15,-0000.38,-0010.11
+1581208566.83,-0000.98,+0003.91,-0000.98,+0000.15,-0000.31,-0010.11
+1581208566.83,-0000.98,+0003.91,-0000.98,+0000.08,-0000.38,-0010.03
+1581208566.84,+0000.00,+0003.91,-0000.98,+0000.15,-0000.31,-0010.03
+1581208566.84,-0000.98,+0003.91,-0000.98,+0000.15,-0000.38,-0010.03
+1581208566.85,-0000.98,+0003.91,-0000.98,+0000.15,-0000.38,-0010.03
+1581208566.85,-0000.98,+0003.91,-0000.98,+0000.23,-0000.31,-0010.11
+1581208566.86,+0000.00,+0003.91,-0000.98,+0000.23,-0000.38,-0010.11
+1581208566.86,-0000.98,+0003.91,-0000.98,+0000.23,-0000.38,-0010.11
+1581208566.87,+0000.00,+0003.91,-0000.98,+0000.23,-0000.38,-0010.03
+1581208566.87,-0000.98,+0002.93,-0000.98,+0000.23,-0000.31,-0010.03
+1581208566.88,+0000.00,+0002.93,-0000.98,+0000.23,-0000.38,-0010.11
+1581208566.88,+0000.00,+0003.91,-0000.98,+0000.23,-0000.31,-0010.11
+1581208566.89,+0000.00,+0002.93,-0000.98,+0000.23,-0000.31,-0010.11
+1581208566.89,+0000.00,+0003.91,-0000.98,+0000.23,-0000.23,-0010.11
+1581208566.90,+0000.00,+0002.93,-0000.98,+0000.23,-0000.31,-0010.03
+1581208566.90,+0000.00,+0003.91,-0000.98,+0000.15,-0000.31,-0010.03
+1581208566.91,+0000.00,+0003.91,-0000.98,+0000.15,-0000.23,-0010.11
+1581208566.91,+0000.00,+0003.91,-0000.98,+0000.15,-0000.23,-0010.03
+1581208566.92,+0000.00,+0003.91,-0000.98,+0000.15,-0000.23,-0010.11
+1581208566.92,+0000.00,+0003.91,-0000.98,+0000.15,-0000.15,-0010.11
+1581208566.93,+0000.00,+0003.91,-0000.98,+0000.23,-0000.15,-0010.11
+1581208566.93,+0000.00,+0003.91,-0000.98,+0000.23,-0000.15,-0010.03
+1581208566.94,+0000.00,+0003.91,-0001.95,+0000.23,-0000.08,-0010.11
+1581208566.94,-0000.98,+0003.91,-0000.98,+0000.23,-0000.15,-0010.03
+1581208566.95,+0000.00,+0003.91,-0000.98,+0000.31,-0000.15,-0010.03
+1581208566.95,-0000.98,+0003.91,-0001.95,+0000.31,-0000.15,-0010.11
+1581208566.96,+0000.00,+0003.91,-0001.95,+0000.31,-0000.23,-0010.03
+1581208566.96,-0000.98,+0003.91,-0000.98,+0000.31,-0000.23,-0010.03
+1581208566.97,-0000.98,+0003.91,-0001.95,+0000.31,-0000.23,-0010.03
+1581208566.97,+0000.00,+0003.91,-0001.95,+0000.31,-0000.31,-0010.03
+1581208566.98,-0000.98,+0002.93,-0000.98,+0000.31,-0000.31,-0010.03
+1581208566.98,-0000.98,+0002.93,-0000.98,+0000.38,-0000.38,-0010.03
+1581208566.99,-0000.98,+0002.93,-0000.98,+0000.38,-0000.31,-0010.03
+1581208566.99,+0000.00,+0002.93,-0001.95,+0000.31,-0000.38,-0010.03
+1581208567.00,-0000.98,+0001.95,-0000.98,+0000.38,-0000.38,-0010.11
+1581208567.00,+0000.00,+0001.95,-0000.98,+0000.38,-0000.31,-0010.11
+1581208567.01,-0000.98,+0001.95,-0001.95,+0000.38,-0000.38,-0010.03
+1581208567.01,-0000.98,+0000.98,-0001.95,+0000.38,-0000.31,-0010.03
+1581208567.02,+0000.00,+0000.98,-0000.98,+0000.38,-0000.23,-0010.03
+1581208567.02,-0000.98,+0000.98,-0001.95,+0000.38,-0000.31,-0010.03
+1581208567.03,+0000.00,+0000.98,-0000.98,+0000.46,-0000.31,-0010.11
+1581208567.03,-0000.98,+0000.98,-0000.98,+0000.38,-0000.23,-0010.11
+1581208567.04,-0000.98,+0000.98,-0000.98,+0000.38,-0000.23,-0010.11
+1581208567.04,-0000.98,+0000.98,-0000.98,+0000.38,-0000.31,-0010.11
+1581208567.05,-0000.98,+0000.00,-0000.98,+0000.38,-0000.31,-0010.11
+1581208567.05,-0000.98,+0000.00,-0000.98,+0000.38,-0000.31,-0010.11
+1581208567.06,-0000.98,+0000.00,-0000.98,+0000.38,-0000.31,-0010.03
+1581208567.06,-0000.98,+0000.00,-0001.95,+0000.38,-0000.31,-0010.03
+1581208567.07,-0000.98,+0000.00,-0000.98,+0000.38,-0000.23,-0010.03
+1581208567.07,-0000.98,-0000.98,-0000.98,+0000.38,-0000.31,-0010.03
+1581208567.08,-0000.98,-0000.98,-0000.98,+0000.38,-0000.31,-0010.03
+1581208567.08,-0000.98,-0000.98,-0000.98,+0000.38,-0000.31,-0010.11
+1581208567.09,-0000.98,-0000.98,-0000.98,+0000.38,-0000.31,-0010.11
+1581208567.09,-0000.98,-0000.98,-0000.98,+0000.38,-0000.31,-0010.11
+1581208567.10,-0000.98,-0000.98,-0000.98,+0000.38,-0000.38,-0010.03
+1581208567.10,-0000.98,-0000.98,-0000.98,+0000.38,-0000.38,-0010.11
+1581208567.11,-0000.98,-0000.98,-0000.98,+0000.38,-0000.38,-0010.11
+1581208567.11,-0000.98,-0000.98,-0000.98,+0000.46,-0000.38,-0010.03
+1581208567.12,-0000.98,-0000.98,-0000.98,+0000.38,-0000.38,-0010.03
+1581208567.12,-0000.98,-0000.98,-0000.98,+0000.46,-0000.31,-0010.03
+1581208567.13,-0000.98,-0000.98,-0000.98,+0000.38,-0000.31,-0010.03
+1581208567.13,-0000.98,-0000.98,-0000.98,+0000.38,-0000.38,-0010.11
+1581208567.14,-0000.98,-0000.98,-0000.98,+0000.38,-0000.31,-0010.11
+1581208567.14,-0000.98,+0000.00,-0000.98,+0000.38,-0000.31,-0010.11
+1581208567.15,-0000.98,+0000.00,-0000.98,+0000.38,-0000.31,-0010.11
+1581208567.15,-0000.98,+0000.00,-0000.98,+0000.38,-0000.31,-0010.11
+1581208567.16,-0000.98,+0000.00,-0000.98,+0000.38,-0000.31,-0010.03
+1581208567.16,-0000.98,+0000.00,-0000.98,+0000.38,-0000.31,-0010.03
+1581208567.17,-0000.98,+0000.00,-0000.98,+0000.38,-0000.31,-0010.03
+1581208567.17,+0000.00,+0000.00,-0000.98,+0000.31,-0000.23,-0010.03
+1581208567.18,+0000.00,+0000.00,-0000.98,+0000.38,-0000.23,-0010.11
+1581208567.18,+0000.00,+0000.00,+0000.00,+0000.38,-0000.31,-0010.03
+1581208567.19,-0000.98,+0000.00,-0000.98,+0000.38,-0000.23,-0010.03
+1581208567.19,+0000.00,+0000.98,-0000.98,+0000.38,-0000.23,-0010.11
+1581208567.20,-0000.98,+0000.98,+0000.00,+0000.38,-0000.23,-0010.11
+1581208567.20,+0000.00,+0000.98,+0000.00,+0000.38,-0000.23,-0010.11
+1581208567.21,-0000.98,+0000.98,+0000.00,+0000.38,-0000.23,-0010.03
+1581208567.21,-0000.98,+0000.98,+0000.00,+0000.38,-0000.15,-0010.11
+1581208567.22,+0000.00,+0000.98,+0000.00,+0000.38,-0000.15,-0010.11
+1581208567.22,+0000.00,+0001.95,+0000.00,+0000.38,-0000.15,-0010.11
+1581208567.23,+0000.00,+0001.95,+0000.00,+0000.38,-0000.23,-0010.11
+1581208567.23,+0000.00,+0001.95,+0000.00,+0000.31,-0000.23,-0010.11
+1581208567.24,-0000.98,+0000.98,+0000.00,+0000.31,-0000.15,-0010.11
+1581208567.24,-0000.98,+0001.95,+0000.00,+0000.31,-0000.23,-0010.03
+1581208567.25,+0000.00,+0001.95,+0000.00,+0000.31,-0000.23,-0010.11
+1581208567.25,-0000.98,+0001.95,+0000.00,+0000.38,-0000.23,-0010.03
+1581208567.26,-0000.98,+0001.95,+0000.00,+0000.38,-0000.23,-0010.11
+1581208567.26,-0000.98,+0001.95,+0000.00,+0000.38,-0000.31,-0010.03
+1581208567.27,+0000.00,+0001.95,+0000.00,+0000.38,-0000.23,-0010.11
+1581208567.27,+0000.00,+0001.95,+0000.00,+0000.38,-0000.31,-0010.03
+1581208567.28,-0000.98,+0001.95,+0000.00,+0000.38,-0000.31,-0010.03
+1581208567.28,+0000.00,+0001.95,+0000.00,+0000.31,-0000.31,-0010.11
+1581208567.29,+0000.00,+0001.95,+0000.00,+0000.31,-0000.31,-0010.11
+1581208567.29,+0000.00,+0001.95,+0000.00,+0000.38,-0000.31,-0010.11
+1581208567.30,-0000.98,+0001.95,+0000.00,+0000.38,-0000.31,-0010.03
+1581208567.30,+0000.00,+0001.95,-0000.98,+0000.38,-0000.31,-0010.03
+1581208567.31,-0000.98,+0001.95,+0000.00,+0000.38,-0000.31,-0010.11
+1581208567.31,+0000.00,+0001.95,+0000.00,+0000.38,-0000.31,-0010.03
+1581208567.32,+0000.00,+0001.95,-0000.98,+0000.38,-0000.31,-0010.03
+1581208567.32,+0000.00,+0001.95,-0000.98,+0000.38,-0000.31,-0010.11
+1581208567.33,+0000.00,+0001.95,+0000.00,+0000.38,-0000.31,-0010.11
+1581208567.33,+0000.00,+0001.95,+0000.00,+0000.38,-0000.31,-0010.03
+1581208567.34,-0000.98,+0001.95,-0000.98,+0000.38,-0000.31,-0010.03
+1581208567.34,-0000.98,+0001.95,+0000.00,+0000.38,-0000.31,-0010.03
+1581208567.35,-0000.98,+0001.95,-0000.98,+0000.38,-0000.23,-0010.03
+1581208567.35,+0000.00,+0000.98,-0000.98,+0000.38,-0000.31,-0010.11
+1581208567.36,-0000.98,+0001.95,-0000.98,+0000.38,-0000.31,-0010.11
+1581208567.36,-0000.98,+0000.98,+0000.00,+0000.38,-0000.23,-0010.11
+1581208567.37,-0000.98,+0000.98,-0000.98,+0000.38,-0000.31,-0010.11
+1581208567.37,-0000.98,+0000.98,-0000.98,+0000.38,-0000.31,-0010.03
+1581208567.38,+0000.00,+0001.95,-0000.98,+0000.38,-0000.23,-0010.11
+1581208567.38,-0000.98,+0001.95,-0000.98,+0000.38,-0000.23,-0010.11
+1581208567.39,-0000.98,+0000.98,-0000.98,+0000.38,-0000.31,-0010.03
+1581208567.39,+0000.00,+0000.98,-0000.98,+0000.38,-0000.31,-0010.11
+1581208567.40,+0000.00,+0000.98,-0000.98,+0000.38,-0000.23,-0010.11
+1581208567.40,-0000.98,+0001.95,-0000.98,+0000.38,-0000.23,-0010.03
+1581208567.41,-0000.98,+0000.98,-0000.98,+0000.46,-0000.31,-0010.11
+1581208567.41,+0000.00,+0000.98,-0000.98,+0000.38,-0000.23,-0010.11
+1581208567.42,-0000.98,+0001.95,-0000.98,+0000.38,-0000.23,-0010.11
+1581208567.42,-0000.98,+0001.95,-0000.98,+0000.38,-0000.31,-0010.03
+1581208567.43,+0000.00,+0000.98,-0000.98,+0000.38,-0000.31,-0010.03
+1581208567.43,-0000.98,+0000.98,+0000.00,+0000.38,-0000.31,-0010.03
+1581208567.44,-0000.98,+0000.98,-0000.98,+0000.38,-0000.31,-0010.11
+1581208567.44,-0000.98,+0000.98,-0000.98,+0000.38,-0000.31,-0010.11
+1581208567.45,-0000.98,+0000.98,-0000.98,+0000.46,-0000.31,-0010.11
+1581208567.45,-0000.98,+0000.98,-0000.98,+0000.46,-0000.31,-0010.11
+1581208567.46,-0000.98,+0001.95,-0000.98,+0000.46,-0000.31,-0010.11
+1581208567.46,-0000.98,+0000.98,-0000.98,+0000.46,-0000.31,-0010.03
+1581208567.47,-0000.98,+0000.98,-0000.98,+0000.46,-0000.31,-0010.03
+1581208567.47,-0000.98,+0000.98,+0000.00,+0000.46,-0000.31,-0010.11
+1581208567.48,-0000.98,+0000.98,-0000.98,+0000.46,-0000.23,-0010.03
+1581208567.48,-0000.98,+0000.98,-0000.98,+0000.46,-0000.31,-0010.11
+1581208567.49,+0000.00,+0000.98,-0000.98,+0000.46,-0000.31,-0010.03
+1581208567.49,-0000.98,+0000.98,-0000.98,+0000.46,-0000.31,-0010.03
+1581208567.50,+0000.00,+0000.98,-0000.98,+0000.46,-0000.31,-0010.11
+1581208567.50,-0000.98,+0000.98,+0000.00,+0000.46,-0000.23,-0010.11
+1581208567.51,-0000.98,+0000.98,-0000.98,+0000.46,-0000.23,-0010.11
+1581208567.51,+0000.00,+0000.98,-0000.98,+0000.46,-0000.31,-0010.11
+1581208567.52,-0000.98,+0000.98,-0000.98,+0000.46,-0000.23,-0010.11
+1581208567.52,-0000.98,+0000.98,-0000.98,+0000.46,-0000.23,-0010.03
+1581208567.53,-0000.98,+0000.98,-0000.98,+0000.46,-0000.31,-0010.11
+1581208567.53,-0000.98,+0000.98,-0000.98,+0000.46,-0000.23,-0010.11
+1581208567.54,-0000.98,+0000.98,-0000.98,+0000.46,-0000.23,-0010.03
+1581208567.54,-0000.98,+0000.98,-0000.98,+0000.46,-0000.31,-0010.03
+1581208567.55,+0000.00,+0000.98,-0000.98,+0000.46,-0000.31,-0010.11
+1581208567.55,-0000.98,+0000.98,-0000.98,+0000.46,-0000.31,-0010.11
+1581208567.56,-0000.98,+0000.98,+0000.00,+0000.46,-0000.31,-0010.11
+1581208567.56,-0000.98,+0000.00,+0000.00,+0000.46,-0000.31,-0010.03
+1581208567.57,-0000.98,+0000.00,-0000.98,+0000.46,-0000.31,-0010.03
+1581208567.57,+0000.00,+0000.00,-0000.98,+0000.46,-0000.31,-0010.03
+1581208567.58,-0000.98,+0000.98,-0000.98,+0000.46,-0000.31,-0010.11
+1581208567.58,+0000.00,+0000.00,-0000.98,+0000.46,-0000.31,-0010.03
+1581208567.59,-0000.98,+0000.00,-0000.98,+0000.46,-0000.31,-0010.11
+1581208567.59,-0000.98,+0000.00,+0000.00,+0000.46,-0000.31,-0010.11
+1581208567.60,-0000.98,+0000.00,+0000.00,+0000.46,-0000.31,-0010.11
+1581208567.60,+0000.00,+0000.00,-0000.98,+0000.46,-0000.31,-0010.11
+1581208567.61,-0000.98,+0000.00,-0000.98,+0000.46,-0000.31,-0010.11
+1581208567.61,-0000.98,+0000.00,-0000.98,+0000.46,-0000.23,-0010.11
+1581208567.62,-0000.98,+0000.00,+0000.00,+0000.46,-0000.31,-0010.11
+1581208567.62,-0000.98,+0000.00,-0000.98,+0000.46,-0000.31,-0010.03
+1581208567.63,-0000.98,+0000.00,+0000.00,+0000.46,-0000.31,-0010.03
+1581208567.63,-0000.98,+0000.00,-0000.98,+0000.46,-0000.23,-0010.03
+1581208567.64,-0000.98,+0000.00,+0000.00,+0000.46,-0000.23,-0010.11
+1581208567.64,+0000.00,+0000.00,+0000.00,+0000.46,-0000.31,-0010.11
+1581208567.65,-0000.98,+0000.00,-0000.98,+0000.46,-0000.31,-0010.03
+1581208567.65,+0000.00,+0000.00,-0000.98,+0000.46,-0000.31,-0010.03
+1581208567.66,+0000.00,+0000.00,+0000.00,+0000.46,-0000.31,-0010.11
+1581208567.66,-0000.98,+0000.00,+0000.00,+0000.46,-0000.23,-0010.11
+1581208567.67,-0000.98,+0000.00,-0000.98,+0000.46,-0000.31,-0010.11
+1581208567.67,-0000.98,+0000.00,-0000.98,+0000.46,-0000.31,-0010.11
+1581208567.68,-0000.98,-0000.98,-0000.98,+0000.46,-0000.31,-0010.03
+1581208567.68,-0000.98,+0000.00,+0000.00,+0000.46,-0000.31,-0010.03
+1581208567.69,+0000.00,-0000.98,+0000.00,+0000.46,-0000.31,-0010.11
+1581208567.69,-0000.98,-0000.98,-0000.98,+0000.46,-0000.23,-0010.11
+1581208567.70,-0000.98,-0000.98,+0000.00,+0000.46,-0000.23,-0010.03
+1581208567.70,-0000.98,-0000.98,-0000.98,+0000.46,-0000.31,-0010.11
+1581208567.71,-0000.98,-0000.98,+0000.00,+0000.46,-0000.23,-0010.03
+1581208567.71,-0000.98,-0000.98,+0000.00,+0000.46,-0000.23,-0010.11
+1581208567.72,-0000.98,-0000.98,+0000.00,+0000.46,-0000.31,-0010.11
+1581208567.72,+0000.00,-0000.98,+0000.00,+0000.46,-0000.23,-0010.11
+1581208567.73,-0000.98,-0000.98,+0000.00,+0000.46,-0000.31,-0010.11
+1581208567.73,+0000.00,-0000.98,+0000.00,+0000.46,-0000.23,-0010.11
+1581208567.74,-0000.98,-0000.98,+0000.00,+0000.46,-0000.31,-0010.03
+1581208567.74,-0000.98,-0000.98,-0000.98,+0000.46,-0000.31,-0010.03
+1581208567.75,-0000.98,-0000.98,+0000.00,+0000.46,-0000.31,-0010.11
+1581208567.75,-0000.98,-0000.98,+0000.00,+0000.46,-0000.31,-0010.03
+1581208567.76,-0000.98,-0000.98,+0000.00,+0000.46,-0000.31,-0010.03
+1581208567.76,+0000.00,-0000.98,-0000.98,+0000.46,-0000.31,-0010.11
+1581208567.77,-0000.98,-0000.98,+0000.00,+0000.46,-0000.23,-0010.03
+1581208567.77,-0000.98,-0000.98,+0000.00,+0000.46,-0000.31,-0010.11
+1581208567.78,-0000.98,-0000.98,+0000.00,+0000.46,-0000.31,-0010.11
+1581208567.78,-0000.98,-0000.98,+0000.00,+0000.46,-0000.31,-0010.11
+1581208567.79,-0000.98,-0001.95,+0000.00,+0000.46,-0000.31,-0010.03
+1581208567.79,+0000.00,-0000.98,-0000.98,+0000.46,-0000.23,-0010.11
+1581208567.80,-0000.98,-0000.98,-0000.98,+0000.46,-0000.23,-0010.11
+1581208567.80,-0000.98,-0000.98,-0000.98,+0000.38,-0000.23,-0010.03
+1581208567.81,-0000.98,-0000.98,-0000.98,+0000.46,-0000.23,-0010.03
+1581208567.81,-0000.98,-0000.98,+0000.00,+0000.46,-0000.23,-0010.03
+1581208567.82,-0000.98,-0000.98,-0000.98,+0000.46,-0000.31,-0010.03
+1581208567.82,-0000.98,-0000.98,-0000.98,+0000.46,-0000.31,-0010.11
+1581208567.83,-0000.98,-0000.98,-0000.98,+0000.46,-0000.31,-0010.03
+1581208567.83,-0000.98,-0000.98,+0000.00,+0000.46,-0000.31,-0010.03
+1581208567.84,-0000.98,-0000.98,+0000.00,+0000.46,-0000.31,-0010.03
+1581208567.84,-0000.98,-0000.98,-0000.98,+0000.46,-0000.31,-0010.11
+1581208567.85,-0000.98,-0000.98,+0000.00,+0000.46,-0000.31,-0010.11
+1581208567.85,-0000.98,-0000.98,+0000.00,+0000.38,-0000.31,-0010.03
+1581208567.86,-0000.98,-0000.98,-0000.98,+0000.46,-0000.31,-0010.11
+1581208567.86,-0000.98,-0000.98,+0000.00,+0000.46,-0000.23,-0010.11
+1581208567.87,-0000.98,-0000.98,-0000.98,+0000.46,-0000.31,-0010.11
+1581208567.87,-0000.98,-0000.98,+0000.00,+0000.46,-0000.31,-0010.11
+1581208567.88,-0000.98,-0000.98,+0000.00,+0000.46,-0000.31,-0010.11
+1581208567.88,-0000.98,-0000.98,-0000.98,+0000.46,-0000.31,-0010.11
+1581208567.89,-0000.98,-0000.98,-0000.98,+0000.46,-0000.31,-0010.03
+1581208567.89,-0000.98,-0000.98,+0000.00,+0000.46,-0000.31,-0010.11
+1581208567.90,-0000.98,-0000.98,-0000.98,+0000.38,-0000.31,-0010.11
+1581208567.90,-0000.98,-0000.98,+0000.00,+0000.46,-0000.31,-0010.11
+1581208567.91,-0000.98,-0000.98,-0000.98,+0000.46,-0000.31,-0010.11
+1581208567.91,-0000.98,-0000.98,+0000.00,+0000.46,-0000.31,-0010.11
+1581208567.92,-0000.98,-0000.98,+0000.00,+0000.46,-0000.23,-0010.11
+1581208567.92,-0000.98,-0000.98,-0000.98,+0000.46,-0000.31,-0010.11
+1581208567.93,-0000.98,-0000.98,-0000.98,+0000.46,-0000.31,-0010.11
+1581208567.93,-0000.98,+0000.00,+0000.00,+0000.46,-0000.31,-0010.03
+1581208567.94,-0000.98,+0000.00,+0000.00,+0000.46,-0000.31,-0010.11
+1581208567.94,-0000.98,-0000.98,+0000.00,+0000.46,-0000.31,-0010.03
+1581208567.95,-0000.98,-0000.98,-0000.98,+0000.46,-0000.31,-0010.11
+1581208567.95,-0000.98,-0000.98,+0000.00,+0000.46,-0000.31,-0010.03
+1581208567.96,-0000.98,-0000.98,+0000.00,+0000.46,-0000.23,-0010.03
+1581208567.96,-0000.98,-0000.98,-0000.98,+0000.46,-0000.23,-0010.03
+1581208567.97,-0000.98,-0000.98,+0000.00,+0000.46,-0000.31,-0010.11
+1581208567.97,-0000.98,-0000.98,+0000.00,+0000.46,-0000.31,-0010.11
+1581208567.98,-0000.98,-0000.98,-0000.98,+0000.46,-0000.31,-0010.03
+1581208567.98,-0000.98,-0000.98,+0000.00,+0000.46,-0000.31,-0010.11
+1581208567.98,-0000.98,-0000.98,+0000.00,+0000.46,-0000.23,-0010.11
+1581208567.99,-0000.98,-0000.98,+0000.00,+0000.46,-0000.31,-0010.11
+1581208567.99,-0000.98,-0000.98,+0000.00,+0000.46,-0000.31,-0010.11
+1581208568.00,-0000.98,-0000.98,+0000.00,+0000.46,-0000.23,-0010.11
+1581208568.00,+0000.00,-0000.98,+0000.00,+0000.46,-0000.31,-0010.11
+1581208568.01,-0000.98,-0000.98,+0000.00,+0000.46,-0000.23,-0010.11
+1581208568.01,-0000.98,-0000.98,+0000.00,+0000.46,-0000.31,-0010.11
+1581208568.02,+0000.00,-0000.98,+0000.00,+0000.46,-0000.31,-0010.03
+1581208568.02,-0000.98,-0000.98,+0000.00,+0000.46,-0000.31,-0010.11
+1581208568.03,-0000.98,-0000.98,+0000.00,+0000.46,-0000.31,-0010.03
+1581208568.03,+0000.00,-0000.98,+0000.00,+0000.46,-0000.31,-0010.03
+1581208568.04,-0000.98,-0000.98,+0000.00,+0000.46,-0000.31,-0010.03
+1581208568.04,-0000.98,-0000.98,+0000.00,+0000.46,-0000.31,-0010.11
+1581208568.05,-0000.98,-0000.98,+0000.00,+0000.46,-0000.31,-0010.03
+1581208568.05,-0000.98,-0000.98,+0000.00,+0000.46,-0000.31,-0010.11
+1581208568.06,-0000.98,-0000.98,+0000.00,+0000.46,-0000.31,-0010.11
+1581208568.06,-0000.98,-0000.98,+0000.00,+0000.46,-0000.31,-0010.03
+1581208568.07,-0000.98,-0000.98,+0000.00,+0000.46,-0000.31,-0010.03
+1581208568.07,-0000.98,-0000.98,+0000.00,+0000.46,-0000.31,-0010.11
+1581208568.08,-0000.98,-0000.98,+0000.00,+0000.38,-0000.31,-0010.11
+1581208568.08,-0000.98,-0000.98,+0000.00,+0000.46,-0000.23,-0010.11
+1581208568.09,-0000.98,-0000.98,+0000.00,+0000.46,-0000.31,-0010.03
+1581208568.09,-0000.98,-0000.98,+0000.00,+0000.38,-0000.23,-0010.11
+1581208568.10,-0000.98,-0000.98,+0000.00,+0000.46,-0000.31,-0010.11
+1581208568.10,-0000.98,-0000.98,+0000.00,+0000.46,-0000.31,-0010.11
+1581208568.11,-0000.98,-0000.98,+0000.00,+0000.46,-0000.23,-0010.11
+1581208568.11,-0000.98,-0000.98,+0000.00,+0000.46,-0000.31,-0010.11
+1581208568.12,-0000.98,-0000.98,+0000.00,+0000.46,-0000.31,-0010.11
+1581208568.12,+0000.00,-0000.98,+0000.00,+0000.38,-0000.31,-0010.11
+1581208568.13,-0000.98,-0000.98,+0000.00,+0000.38,-0000.23,-0010.11
+1581208568.13,-0000.98,-0000.98,+0000.00,+0000.46,-0000.31,-0010.03
+1581208568.14,+0000.00,-0000.98,+0000.00,+0000.38,-0000.23,-0010.03
+1581208568.14,-0000.98,-0000.98,+0000.00,+0000.38,-0000.31,-0010.11
+1581208568.15,-0000.98,-0000.98,+0000.00,+0000.38,-0000.23,-0010.11
+1581208568.15,+0000.00,-0000.98,+0000.00,+0000.38,-0000.31,-0010.11
+1581208568.16,-0000.98,+0000.00,+0000.00,+0000.38,-0000.31,-0010.11
+1581208568.16,-0000.98,-0000.98,+0000.00,+0000.38,-0000.23,-0010.03
+1581208568.17,-0000.98,+0000.00,+0000.00,+0000.38,-0000.23,-0010.11
+1581208568.17,+0000.00,+0000.00,+0000.00,+0000.38,-0000.23,-0010.11
+1581208568.18,-0000.98,+0000.00,+0000.00,+0000.31,-0000.23,-0010.11
+1581208568.18,-0000.98,+0000.00,-0000.98,+0000.31,-0000.31,-0010.03
+1581208568.19,-0000.98,+0000.00,+0000.00,+0000.38,-0000.31,-0010.11
+1581208568.19,-0000.98,+0000.00,-0000.98,+0000.31,-0000.31,-0010.03
+1581208568.20,-0000.98,+0000.00,-0000.98,+0000.38,-0000.31,-0010.03
+1581208568.20,-0000.98,+0000.98,-0000.98,+0000.38,-0000.31,-0010.11
+1581208568.21,-0000.98,+0000.98,-0000.98,+0000.38,-0000.31,-0010.03
+1581208568.21,-0000.98,+0000.98,-0000.98,+0000.38,-0000.31,-0010.03
+1581208568.22,-0000.98,+0000.98,-0000.98,+0000.38,-0000.31,-0010.11
+1581208568.22,-0000.98,+0000.98,-0000.98,+0000.38,-0000.31,-0010.11
+1581208568.23,-0000.98,+0000.98,-0000.98,+0000.46,-0000.31,-0010.11
+1581208568.23,-0000.98,+0000.98,-0000.98,+0000.46,-0000.38,-0010.03
+1581208568.24,-0000.98,+0000.98,-0000.98,+0000.38,-0000.38,-0010.11
+1581208568.24,+0000.00,+0001.95,-0000.98,+0000.46,-0000.38,-0010.03
+1581208568.25,-0000.98,+0000.98,-0000.98,+0000.46,-0000.31,-0010.03
+1581208568.25,-0000.98,+0000.98,-0000.98,+0000.46,-0000.31,-0010.11
+1581208568.26,+0000.00,+0000.98,-0000.98,+0000.46,-0000.31,-0010.11
+1581208568.26,-0000.98,+0000.98,-0000.98,+0000.46,-0000.23,-0010.03
+1581208568.27,+0000.00,+0000.98,-0000.98,+0000.54,-0000.23,-0010.11
+1581208568.27,+0000.00,+0000.98,-0000.98,+0000.46,-0000.23,-0010.11
+1581208568.28,-0000.98,+0000.98,-0000.98,+0000.46,-0000.23,-0010.11
+1581208568.28,+0000.00,+0000.98,-0000.98,+0000.46,-0000.15,-0010.03
+1581208568.29,+0000.00,+0000.98,-0000.98,+0000.46,-0000.23,-0010.03
+1581208568.29,+0000.00,+0000.00,-0000.98,+0000.46,-0000.15,-0010.03
+1581208568.30,+0000.00,+0000.00,-0000.98,+0000.46,-0000.15,-0010.11
+1581208568.30,+0000.00,+0000.00,-0000.98,+0000.46,-0000.23,-0010.11
+1581208568.31,-0000.98,+0000.00,-0000.98,+0000.46,-0000.23,-0010.11
+1581208568.31,-0000.98,+0000.00,-0000.98,+0000.46,-0000.23,-0010.11
+1581208568.32,-0000.98,+0000.00,-0000.98,+0000.46,-0000.23,-0010.11
+1581208568.32,-0000.98,+0000.00,-0000.98,+0000.46,-0000.31,-0010.11
+1581208568.33,+0000.00,+0000.00,-0000.98,+0000.46,-0000.31,-0010.03
+1581208568.33,-0000.98,+0000.00,-0000.98,+0000.46,-0000.31,-0010.03
+1581208568.34,+0000.00,+0000.00,-0000.98,+0000.46,-0000.31,-0010.03
+1581208568.34,-0000.98,+0000.00,-0000.98,+0000.46,-0000.31,-0010.03
+1581208568.35,-0000.98,+0000.00,-0000.98,+0000.46,-0000.31,-0010.03
+1581208568.35,-0000.98,+0000.00,-0000.98,+0000.46,-0000.38,-0010.11
+1581208568.36,-0000.98,+0000.00,+0000.00,+0000.46,-0000.38,-0010.11
+1581208568.36,-0000.98,+0000.00,-0000.98,+0000.46,-0000.38,-0010.03
+1581208568.37,-0000.98,+0000.00,-0000.98,+0000.46,-0000.38,-0010.11
+1581208568.37,-0000.98,+0000.00,-0000.98,+0000.46,-0000.38,-0010.03
+1581208568.38,-0000.98,+0000.00,+0000.00,+0000.46,-0000.38,-0010.03
+1581208568.38,-0000.98,+0000.00,+0000.00,+0000.46,-0000.46,-0010.03
+1581208568.39,-0000.98,+0000.00,-0000.98,+0000.46,-0000.38,-0010.03
+1581208568.39,-0000.98,+0000.00,+0000.00,+0000.46,-0000.38,-0010.03
+1581208568.40,-0000.98,-0000.98,+0000.00,+0000.46,-0000.38,-0010.11
+1581208568.40,-0000.98,+0000.00,+0000.00,+0000.46,-0000.38,-0010.11
+1581208568.41,-0000.98,-0000.98,+0000.00,+0000.46,-0000.31,-0010.11
+1581208568.41,-0000.98,+0000.00,-0000.98,+0000.46,-0000.31,-0010.11
+1581208568.42,-0000.98,-0000.98,+0000.00,+0000.46,-0000.31,-0010.03
+1581208568.42,-0000.98,-0000.98,+0000.00,+0000.46,-0000.23,-0010.03
+1581208568.43,-0000.98,-0000.98,+0000.00,+0000.46,-0000.23,-0010.11
+1581208568.43,-0000.98,-0000.98,+0000.00,+0000.46,-0000.23,-0010.03
+1581208568.44,-0000.98,-0000.98,+0000.00,+0000.46,-0000.23,-0010.11
+1581208568.44,-0000.98,-0000.98,+0000.00,+0000.46,-0000.23,-0010.11
+1581208568.45,-0000.98,-0000.98,-0000.98,+0000.46,-0000.23,-0010.11
+1581208568.45,-0000.98,-0000.98,+0000.00,+0000.46,-0000.23,-0010.03
+1581208568.46,-0000.98,-0001.95,+0000.00,+0000.46,-0000.23,-0010.11
+1581208568.46,-0000.98,-0001.95,+0000.00,+0000.46,-0000.23,-0010.11
+1581208568.47,-0000.98,-0001.95,+0000.00,+0000.46,-0000.23,-0010.11
+1581208568.47,-0000.98,-0001.95,+0000.00,+0000.46,-0000.23,-0010.03
+1581208568.48,-0000.98,-0001.95,-0000.98,+0000.46,-0000.31,-0010.11
+1581208568.48,-0000.98,-0001.95,+0000.00,+0000.46,-0000.31,-0010.11
+1581208568.49,-0000.98,-0001.95,+0000.00,+0000.46,-0000.31,-0010.11
+1581208568.49,-0000.98,-0001.95,+0000.00,+0000.46,-0000.23,-0010.03
+1581208568.50,-0000.98,-0001.95,+0000.00,+0000.46,-0000.31,-0010.03
+1581208568.50,-0000.98,-0001.95,+0000.00,+0000.46,-0000.31,-0010.11
+1581208568.51,-0000.98,-0001.95,+0000.00,+0000.46,-0000.31,-0010.11
+1581208568.51,-0000.98,-0002.93,+0000.00,+0000.46,-0000.31,-0010.11
+1581208568.52,-0000.98,-0002.93,+0000.00,+0000.46,-0000.31,-0010.03
+1581208568.52,-0000.98,-0002.93,+0000.00,+0000.46,-0000.31,-0010.03
+1581208568.53,-0000.98,-0002.93,+0000.00,+0000.46,-0000.31,-0010.03
+1581208568.53,-0000.98,-0002.93,-0000.98,+0000.46,-0000.31,-0010.11
+1581208568.54,-0000.98,-0002.93,+0000.00,+0000.46,-0000.31,-0010.11
+1581208568.54,-0000.98,-0002.93,+0000.00,+0000.46,-0000.31,-0010.03
+1581208568.55,-0000.98,-0003.91,+0000.00,+0000.46,-0000.23,-0010.03
+1581208568.55,-0000.98,-0003.91,+0000.00,+0000.46,-0000.23,-0010.03
+1581208568.56,-0000.98,-0003.91,+0000.00,+0000.46,-0000.31,-0010.03
+1581208568.56,-0000.98,-0003.91,+0000.00,+0000.46,-0000.31,-0010.11
+1581208568.57,-0000.98,-0002.93,+0000.00,+0000.46,-0000.31,-0010.11
+1581208568.57,-0000.98,-0003.91,+0000.00,+0000.38,-0000.23,-0010.11
+1581208568.58,-0000.98,-0003.91,+0000.00,+0000.38,-0000.31,-0010.11
+1581208568.58,-0000.98,-0003.91,+0000.00,+0000.38,-0000.31,-0010.03
+1581208568.59,-0000.98,-0003.91,+0000.00,+0000.38,-0000.23,-0010.11
+1581208568.59,-0000.98,-0002.93,+0000.00,+0000.46,-0000.31,-0010.11
+1581208568.60,-0000.98,-0003.91,+0000.00,+0000.46,-0000.31,-0010.11
+1581208568.60,-0000.98,-0003.91,+0000.00,+0000.38,-0000.31,-0010.11
+1581208568.61,-0000.98,-0002.93,+0000.00,+0000.38,-0000.31,-0010.11
+1581208568.61,-0000.98,-0002.93,+0000.00,+0000.38,-0000.31,-0010.03
+1581208568.62,-0000.98,-0002.93,+0000.00,+0000.38,-0000.31,-0010.03
+1581208568.62,-0000.98,-0002.93,+0000.00,+0000.38,-0000.31,-0010.11
+1581208568.63,-0000.98,-0002.93,+0000.00,+0000.31,-0000.31,-0010.03
+1581208568.63,-0000.98,-0002.93,+0000.00,+0000.38,-0000.31,-0010.11
+1581208568.64,-0000.98,-0002.93,+0000.00,+0000.31,-0000.31,-0010.03
+1581208568.64,-0000.98,-0002.93,+0000.00,+0000.38,-0000.23,-0010.11
+1581208568.65,-0000.98,-0002.93,+0000.00,+0000.38,-0000.31,-0010.11
+1581208568.65,-0000.98,-0002.93,+0000.00,+0000.38,-0000.23,-0010.11
+1581208568.66,-0000.98,-0002.93,+0000.00,+0000.38,-0000.23,-0010.03
+1581208568.66,-0000.98,-0002.93,+0000.00,+0000.38,-0000.31,-0010.11
+1581208568.67,-0000.98,-0002.93,+0000.00,+0000.38,-0000.31,-0010.03
+1581208568.67,-0000.98,-0001.95,+0000.00,+0000.38,-0000.31,-0010.11
+1581208568.68,-0000.98,-0001.95,+0000.00,+0000.38,-0000.23,-0010.11
+1581208568.68,-0000.98,-0001.95,+0000.00,+0000.38,-0000.31,-0010.11
+1581208568.69,-0000.98,-0001.95,+0000.00,+0000.38,-0000.23,-0010.03
+1581208568.69,-0000.98,-0001.95,+0000.00,+0000.38,-0000.31,-0010.03
+1581208568.70,-0000.98,-0001.95,-0000.98,+0000.31,-0000.31,-0010.11
+1581208568.70,-0000.98,-0001.95,+0000.00,+0000.31,-0000.31,-0010.11
+1581208568.71,-0000.98,-0001.95,+0000.00,+0000.38,-0000.31,-0010.11
+1581208568.71,-0000.98,-0000.98,+0000.00,+0000.38,-0000.31,-0010.11
+1581208568.72,-0000.98,-0000.98,+0000.00,+0000.38,-0000.23,-0010.11
+1581208568.72,-0000.98,-0000.98,+0000.00,+0000.38,-0000.31,-0010.11
+1581208568.73,-0000.98,-0000.98,-0000.98,+0000.31,-0000.23,-0010.03
+1581208568.73,+0000.00,-0000.98,+0000.00,+0000.31,-0000.31,-0010.03
+1581208568.74,-0000.98,-0000.98,+0000.00,+0000.31,-0000.31,-0010.03
+1581208568.74,-0000.98,-0000.98,-0000.98,+0000.38,-0000.31,-0010.11
+1581208568.75,-0000.98,+0000.00,-0000.98,+0000.31,-0000.31,-0010.11
+1581208568.75,-0000.98,+0000.00,+0000.00,+0000.38,-0000.31,-0010.11
+1581208568.76,-0000.98,+0000.00,-0000.98,+0000.31,-0000.31,-0010.03
+1581208568.76,-0000.98,+0000.00,-0000.98,+0000.38,-0000.31,-0010.11
+1581208568.77,-0000.98,+0000.00,-0000.98,+0000.31,-0000.31,-0010.11
+1581208568.77,-0000.98,+0000.00,-0000.98,+0000.31,-0000.38,-0010.11
+1581208568.78,-0000.98,+0000.00,+0000.00,+0000.31,-0000.31,-0010.11
+1581208568.78,+0000.00,+0000.00,-0000.98,+0000.38,-0000.31,-0010.03
+1581208568.79,-0000.98,+0000.00,-0000.98,+0000.38,-0000.23,-0010.11
+1581208568.79,-0000.98,+0000.00,-0000.98,+0000.31,-0000.31,-0010.03
+1581208568.80,-0000.98,+0000.00,-0000.98,+0000.38,-0000.31,-0010.11
+1581208568.80,-0000.98,+0000.98,-0000.98,+0000.38,-0000.23,-0010.03
+1581208568.81,-0000.98,+0000.00,-0000.98,+0000.38,-0000.31,-0010.11
+1581208568.81,-0000.98,+0000.98,-0000.98,+0000.38,-0000.23,-0010.11
+1581208568.82,-0000.98,+0000.00,-0000.98,+0000.38,-0000.23,-0010.03
+1581208568.82,-0000.98,+0000.00,-0000.98,+0000.38,-0000.31,-0010.11
+1581208568.83,+0000.00,+0000.00,-0000.98,+0000.38,-0000.23,-0010.11
+1581208568.83,+0000.00,+0000.00,-0000.98,+0000.38,-0000.23,-0010.03
+1581208568.84,-0000.98,+0000.98,-0000.98,+0000.38,-0000.23,-0010.03
+1581208568.84,-0000.98,+0000.00,-0000.98,+0000.38,-0000.23,-0010.11
+1581208568.85,-0000.98,+0000.00,-0000.98,+0000.38,-0000.23,-0010.11
+1581208568.85,+0000.00,+0000.00,-0000.98,+0000.38,-0000.23,-0010.03
+1581208568.86,-0000.98,+0000.98,-0000.98,+0000.46,-0000.23,-0010.11
+1581208568.86,+0000.00,+0000.98,-0000.98,+0000.46,-0000.23,-0010.11
+1581208568.87,-0000.98,+0000.00,-0000.98,+0000.46,-0000.23,-0010.11
+1581208568.87,-0000.98,+0000.00,-0000.98,+0000.38,-0000.31,-0010.11
+1581208568.88,+0000.00,+0000.98,-0000.98,+0000.46,-0000.31,-0010.03
+1581208568.88,-0000.98,+0000.98,-0000.98,+0000.46,-0000.31,-0010.03
+1581208568.89,+0000.00,+0000.98,-0000.98,+0000.38,-0000.31,-0010.03
+1581208568.89,+0000.00,+0000.98,-0000.98,+0000.46,-0000.31,-0010.11
+1581208568.90,-0000.98,+0000.98,+0000.00,+0000.38,-0000.31,-0010.11
+1581208568.90,-0000.98,+0000.98,+0000.00,+0000.38,-0000.38,-0010.11
+1581208568.91,-0000.98,+0000.98,-0000.98,+0000.38,-0000.31,-0010.11
+1581208568.91,-0000.98,+0000.98,-0000.98,+0000.46,-0000.31,-0010.11
+1581208568.92,-0000.98,+0000.98,-0000.98,+0000.46,-0000.31,-0010.11
+1581208568.92,-0000.98,+0000.98,+0000.00,+0000.46,-0000.31,-0010.11
+1581208568.93,-0000.98,+0000.98,-0000.98,+0000.46,-0000.31,-0010.11
+1581208568.93,+0000.00,+0000.98,-0000.98,+0000.38,-0000.31,-0010.11
+1581208568.94,-0000.98,+0000.98,-0000.98,+0000.38,-0000.31,-0010.11
+1581208568.94,-0000.98,+0000.98,+0000.00,+0000.46,-0000.31,-0010.11
+1581208568.95,-0000.98,+0000.98,+0000.00,+0000.46,-0000.23,-0010.11
+1581208568.95,-0000.98,+0000.98,+0000.00,+0000.46,-0000.23,-0010.11
+1581208568.96,+0000.00,+0000.98,+0000.00,+0000.46,-0000.23,-0010.03
+1581208568.96,-0000.98,+0000.98,+0000.00,+0000.46,-0000.23,-0010.11
+1581208568.97,+0000.00,+0000.98,+0000.00,+0000.46,-0000.23,-0010.11
+1581208568.97,-0000.98,+0001.95,+0000.00,+0000.46,-0000.23,-0010.11
+1581208568.98,-0000.98,+0001.95,-0000.98,+0000.46,-0000.23,-0010.11
+1581208568.98,-0000.98,+0000.98,+0000.00,+0000.46,-0000.23,-0010.03
+1581208568.99,+0000.00,+0000.98,+0000.00,+0000.46,-0000.31,-0010.11
+1581208568.99,-0000.98,+0000.98,+0000.00,+0000.46,-0000.23,-0010.03
+1581208569.00,-0000.98,+0001.95,+0000.00,+0000.46,-0000.31,-0010.03
+1581208569.00,+0000.00,+0000.98,+0000.00,+0000.46,-0000.31,-0010.11
+1581208569.01,-0000.98,+0000.98,+0000.00,+0000.46,-0000.31,-0010.11
+1581208569.01,-0000.98,+0000.98,+0000.00,+0000.46,-0000.31,-0010.11
+1581208569.02,-0000.98,+0000.98,+0000.00,+0000.46,-0000.31,-0010.11
+1581208569.02,-0000.98,+0000.98,+0000.00,+0000.46,-0000.31,-0010.03
+1581208569.03,-0000.98,+0000.98,+0000.00,+0000.46,-0000.38,-0010.11
+1581208569.03,-0000.98,+0000.98,-0000.98,+0000.46,-0000.31,-0010.03
+1581208569.04,-0000.98,+0000.98,+0000.00,+0000.38,-0000.31,-0010.03
+1581208569.04,-0000.98,+0000.98,+0000.00,+0000.38,-0000.31,-0010.03
+1581208569.05,-0000.98,+0000.98,+0000.00,+0000.38,-0000.31,-0010.03
+1581208569.05,-0000.98,+0000.98,+0000.00,+0000.38,-0000.31,-0010.11
+1581208569.06,-0000.98,+0000.98,-0000.98,+0000.46,-0000.38,-0010.03
+1581208569.06,-0000.98,+0000.98,+0000.00,+0000.38,-0000.38,-0010.03
+1581208569.07,-0000.98,+0000.98,-0000.98,+0000.46,-0000.31,-0010.11
+1581208569.07,+0000.00,+0000.98,+0000.00,+0000.46,-0000.31,-0010.11
+1581208569.08,-0000.98,+0000.98,+0000.00,+0000.46,-0000.31,-0010.03
+1581208569.08,-0000.98,+0000.98,-0000.98,+0000.46,-0000.23,-0010.11
+1581208569.09,-0000.98,+0000.98,+0000.00,+0000.46,-0000.31,-0010.11
+1581208569.09,-0000.98,+0000.98,+0000.00,+0000.38,-0000.23,-0010.03
+1581208569.10,-0000.98,+0000.98,-0000.98,+0000.46,-0000.31,-0010.11
+1581208569.10,-0000.98,+0000.98,-0000.98,+0000.46,-0000.31,-0010.11
+1581208569.11,-0000.98,+0000.98,+0000.00,+0000.46,-0000.23,-0010.11
+1581208569.11,-0000.98,+0000.98,-0000.98,+0000.46,-0000.31,-0010.11
+1581208569.12,-0000.98,+0000.98,+0000.00,+0000.46,-0000.23,-0010.11
+1581208569.12,-0000.98,+0000.98,+0000.00,+0000.46,-0000.23,-0010.11
+1581208569.13,+0000.00,+0000.98,+0000.00,+0000.46,-0000.23,-0010.11
+1581208569.13,+0000.00,+0000.98,-0000.98,+0000.46,-0000.31,-0010.03
+1581208569.14,-0000.98,+0000.98,+0000.00,+0000.38,-0000.23,-0010.11
+1581208569.14,+0000.00,+0000.98,-0000.98,+0000.46,-0000.23,-0010.03
+1581208569.15,+0000.00,+0001.95,-0000.98,+0000.46,-0000.31,-0010.11
+1581208569.15,-0000.98,+0001.95,+0000.00,+0000.46,-0000.31,-0010.03
+1581208569.16,-0000.98,+0001.95,-0000.98,+0000.46,-0000.31,-0010.03
+1581208569.16,-0000.98,+0001.95,+0000.00,+0000.46,-0000.31,-0010.03
+1581208569.17,-0000.98,+0001.95,-0000.98,+0000.46,-0000.31,-0010.03
+1581208569.17,-0000.98,+0001.95,-0000.98,+0000.38,-0000.31,-0010.03
+1581208569.18,-0000.98,+0001.95,-0000.98,+0000.46,-0000.31,-0010.03
+1581208569.18,+0000.00,+0001.95,+0000.00,+0000.46,-0000.31,-0010.11
+1581208569.19,+0000.00,+0001.95,-0000.98,+0000.46,-0000.31,-0010.11
+1581208569.19,+0000.00,+0001.95,-0000.98,+0000.46,-0000.31,-0010.11
+1581208569.20,+0000.00,+0001.95,-0000.98,+0000.46,-0000.31,-0010.11
+1581208569.20,+0000.00,+0002.93,-0000.98,+0000.46,-0000.31,-0010.11
+1581208569.21,-0000.98,+0002.93,-0000.98,+0000.46,-0000.31,-0010.03
+1581208569.21,+0000.00,+0002.93,-0000.98,+0000.46,-0000.31,-0010.03
+1581208569.22,+0000.00,+0002.93,-0000.98,+0000.46,-0000.31,-0010.03
+1581208569.22,-0000.98,+0002.93,-0000.98,+0000.46,-0000.31,-0010.03
+1581208569.23,+0000.00,+0002.93,-0000.98,+0000.46,-0000.31,-0010.11
+1581208569.23,-0000.98,+0002.93,-0000.98,+0000.46,-0000.31,-0010.03
+1581208569.24,+0000.00,+0002.93,-0000.98,+0000.46,-0000.23,-0010.03
+1581208569.24,+0000.00,+0002.93,-0000.98,+0000.46,-0000.31,-0010.03
+1581208569.25,-0000.98,+0002.93,-0000.98,+0000.46,-0000.23,-0010.03
+1581208569.25,+0000.00,+0001.95,-0000.98,+0000.46,-0000.31,-0010.03
+1581208569.26,+0000.00,+0002.93,-0000.98,+0000.46,-0000.23,-0010.03
+1581208569.26,+0000.00,+0001.95,-0000.98,+0000.46,-0000.23,-0010.11
+1581208569.27,-0000.98,+0001.95,-0000.98,+0000.46,-0000.31,-0010.11
+1581208569.27,+0000.00,+0002.93,-0000.98,+0000.46,-0000.31,-0010.03
+1581208569.28,+0000.00,+0001.95,-0000.98,+0000.46,-0000.31,-0010.03
+1581208569.28,+0000.00,+0001.95,-0000.98,+0000.54,-0000.23,-0010.03
+1581208569.29,-0000.98,+0001.95,-0000.98,+0000.54,-0000.31,-0010.03
+1581208569.29,-0000.98,+0001.95,-0000.98,+0000.54,-0000.31,-0010.11
+1581208569.30,-0000.98,+0001.95,-0000.98,+0000.46,-0000.31,-0010.11
+1581208569.30,+0000.00,+0000.98,-0000.98,+0000.54,-0000.31,-0010.03
+1581208569.31,-0000.98,+0001.95,-0000.98,+0000.54,-0000.31,-0010.03
+1581208569.31,-0000.98,+0000.98,-0000.98,+0000.54,-0000.31,-0010.11
+1581208569.32,-0000.98,+0000.98,-0000.98,+0000.46,-0000.31,-0010.03
+1581208569.32,-0000.98,+0000.98,-0000.98,+0000.46,-0000.31,-0010.11
+1581208569.33,-0000.98,+0000.98,-0000.98,+0000.54,-0000.38,-0010.03
+1581208569.33,-0000.98,+0000.98,-0000.98,+0000.54,-0000.31,-0010.11
+1581208569.34,-0000.98,+0000.98,-0000.98,+0000.46,-0000.31,-0010.03
+1581208569.34,-0000.98,+0000.98,-0000.98,+0000.46,-0000.31,-0010.11
+1581208569.35,-0000.98,+0000.98,-0000.98,+0000.46,-0000.31,-0010.11
+1581208569.35,-0000.98,+0000.98,-0000.98,+0000.46,-0000.31,-0010.11
+1581208569.36,-0000.98,+0000.00,+0000.00,+0000.46,-0000.31,-0010.03
+1581208569.36,-0000.98,+0000.98,+0000.00,+0000.46,-0000.31,-0010.11
+1581208569.37,-0000.98,+0000.00,-0000.98,+0000.46,-0000.31,-0010.11
+1581208569.37,-0000.98,+0000.00,+0000.00,+0000.46,-0000.31,-0010.03
+1581208569.38,-0000.98,+0000.00,+0000.00,+0000.46,-0000.31,-0010.03
+1581208569.38,-0000.98,+0000.00,-0000.98,+0000.46,-0000.23,-0010.03
+1581208569.39,-0000.98,+0000.00,+0000.00,+0000.46,-0000.23,-0010.11
+1581208569.39,-0000.98,+0000.00,+0000.00,+0000.46,-0000.23,-0010.11
+1581208569.40,-0000.98,+0000.00,-0000.98,+0000.46,-0000.23,-0010.11
+1581208569.40,+0000.00,+0000.00,-0000.98,+0000.46,-0000.31,-0010.11
+1581208569.41,-0000.98,+0000.00,-0000.98,+0000.46,-0000.31,-0010.11
+1581208569.41,+0000.00,+0000.00,-0000.98,+0000.54,-0000.31,-0010.03
+1581208569.42,-0000.98,+0000.00,+0000.00,+0000.46,-0000.23,-0010.11
+1581208569.42,-0000.98,+0000.98,-0000.98,+0000.46,-0000.31,-0010.11
+1581208569.43,-0000.98,+0000.00,+0000.00,+0000.46,-0000.31,-0010.03
+1581208569.43,-0000.98,+0000.00,-0000.98,+0000.46,-0000.31,-0010.11
+1581208569.44,-0000.98,+0000.00,-0000.98,+0000.46,-0000.31,-0010.03
+1581208569.44,-0000.98,+0000.00,+0000.00,+0000.46,-0000.31,-0010.11
+1581208569.45,-0000.98,+0000.00,+0000.00,+0000.46,-0000.31,-0010.03
+1581208569.45,-0000.98,+0000.00,-0000.98,+0000.46,-0000.31,-0010.03
+1581208569.46,-0000.98,+0000.00,-0000.98,+0000.46,-0000.31,-0010.11
+1581208569.46,-0000.98,+0000.00,+0000.00,+0000.46,-0000.31,-0010.03
+1581208569.47,-0000.98,+0000.00,+0000.00,+0000.46,-0000.23,-0010.03
+1581208569.47,-0000.98,+0000.00,-0000.98,+0000.46,-0000.23,-0010.11
+1581208569.48,-0000.98,+0000.00,-0000.98,+0000.46,-0000.31,-0010.03
+1581208569.48,-0000.98,+0000.00,+0000.00,+0000.46,-0000.31,-0010.03
+1581208569.49,+0000.00,+0000.00,-0000.98,+0000.46,-0000.31,-0010.11
+1581208569.49,-0000.98,+0000.00,+0000.00,+0000.54,-0000.31,-0010.03
+1581208569.50,-0000.98,+0000.00,+0000.00,+0000.54,-0000.31,-0010.03
+1581208569.50,-0000.98,-0000.98,-0000.98,+0000.46,-0000.23,-0010.03
+1581208569.51,-0000.98,-0000.98,+0000.00,+0000.46,-0000.31,-0010.03
+1581208569.51,-0000.98,-0000.98,+0000.00,+0000.54,-0000.31,-0010.03
+1581208569.52,-0000.98,-0000.98,-0000.98,+0000.54,-0000.23,-0010.03
+1581208569.52,-0000.98,-0000.98,+0000.00,+0000.54,-0000.31,-0010.03
+1581208569.53,-0000.98,-0000.98,-0000.98,+0000.54,-0000.31,-0010.03
+1581208569.53,+0000.00,-0001.95,+0000.00,+0000.46,-0000.31,-0010.03
+1581208569.54,-0000.98,-0001.95,+0000.00,+0000.54,-0000.31,-0010.03
+1581208569.54,-0000.98,-0001.95,-0000.98,+0000.54,-0000.31,-0010.03
+1581208569.55,-0000.98,-0001.95,-0000.98,+0000.46,-0000.23,-0010.03
+1581208569.55,-0000.98,-0002.93,+0000.00,+0000.46,-0000.31,-0010.03
+1581208569.56,-0000.98,-0002.93,+0000.00,+0000.46,-0000.31,-0010.03
+1581208569.56,-0000.98,-0002.93,-0000.98,+0000.46,-0000.31,-0010.11
+1581208569.57,-0000.98,-0002.93,-0000.98,+0000.54,-0000.23,-0010.03
+1581208569.57,-0000.98,-0003.91,-0000.98,+0000.46,-0000.31,-0010.03
+1581208569.58,-0000.98,-0003.91,+0000.00,+0000.46,-0000.31,-0010.03
+1581208569.58,-0000.98,-0003.91,+0000.00,+0000.46,-0000.31,-0010.03
+1581208569.59,-0000.98,-0003.91,+0000.00,+0000.46,-0000.31,-0010.03
+1581208569.59,-0000.98,-0004.88,-0000.98,+0000.46,-0000.31,-0010.03
+1581208569.60,-0000.98,-0004.88,-0000.98,+0000.46,-0000.31,-0010.11
+1581208569.60,-0000.98,-0004.88,+0000.00,+0000.46,-0000.31,-0010.11
+1581208569.61,-0000.98,-0004.88,+0000.00,+0000.54,-0000.31,-0010.11
+1581208569.61,-0000.98,-0005.86,+0000.00,+0000.54,-0000.31,-0010.03
+1581208569.62,-0000.98,-0005.86,+0000.00,+0000.54,-0000.23,-0010.03
+1581208569.62,-0000.98,-0005.86,+0000.00,+0000.46,-0000.31,-0010.03
+1581208569.63,-0000.98,-0005.86,+0000.00,+0000.46,-0000.31,-0010.03
+1581208569.63,-0000.98,-0005.86,+0000.00,+0000.54,-0000.31,-0010.11
+1581208569.64,-0000.98,-0006.84,+0000.00,+0000.46,-0000.31,-0010.03
+1581208569.64,-0000.98,-0006.84,+0000.00,+0000.46,-0000.31,-0010.03
+1581208569.65,-0000.98,-0006.84,+0000.00,+0000.46,-0000.31,-0010.03
+1581208569.65,-0000.98,-0006.84,+0000.00,+0000.46,-0000.31,-0010.11
+1581208569.66,-0000.98,-0006.84,+0000.00,+0000.46,-0000.31,-0010.11
+1581208569.66,-0000.98,-0006.84,+0000.00,+0000.46,-0000.31,-0010.11
+1581208569.67,-0000.98,-0006.84,+0000.00,+0000.46,-0000.31,-0010.11
+1581208569.67,-0000.98,-0006.84,+0000.00,+0000.46,-0000.31,-0010.11
+1581208569.68,-0000.98,-0006.84,+0000.00,+0000.46,-0000.31,-0010.03
+1581208569.68,-0000.98,-0006.84,+0000.00,+0000.46,-0000.31,-0010.11
+1581208569.69,-0000.98,-0006.84,+0000.00,+0000.46,-0000.31,-0010.03
+1581208569.69,-0000.98,-0006.84,+0000.00,+0000.46,-0000.31,-0010.03
+1581208569.70,-0000.98,-0006.84,+0000.00,+0000.46,-0000.31,-0010.03
+1581208569.70,-0000.98,-0006.84,+0000.00,+0000.38,-0000.31,-0010.11
+1581208569.71,-0000.98,-0006.84,+0000.00,+0000.46,-0000.31,-0010.03
+1581208569.71,-0000.98,-0006.84,+0000.00,+0000.38,-0000.31,-0010.11
+1581208569.72,-0000.98,-0006.84,+0000.00,+0000.38,-0000.31,-0010.11
+1581208569.72,-0000.98,-0006.84,+0000.00,+0000.46,-0000.23,-0010.03
+1581208569.73,-0000.98,-0006.84,+0000.00,+0000.38,-0000.31,-0010.11
+1581208569.73,-0000.98,-0006.84,+0000.00,+0000.38,-0000.31,-0010.11
+1581208569.74,-0000.98,-0006.84,+0000.00,+0000.38,-0000.31,-0010.11
+1581208569.74,-0000.98,-0006.84,+0000.00,+0000.38,-0000.23,-0010.11
+1581208569.75,-0000.98,-0006.84,+0000.00,+0000.38,-0000.23,-0010.11
+1581208569.75,-0000.98,-0005.86,+0000.00,+0000.31,-0000.23,-0010.11
+1581208569.76,-0000.98,-0006.84,+0000.00,+0000.31,-0000.31,-0010.11
+1581208569.76,-0000.98,-0005.86,+0000.00,+0000.31,-0000.31,-0010.11
+1581208569.77,-0000.98,-0005.86,+0000.00,+0000.31,-0000.23,-0010.11
+1581208569.77,-0000.98,-0005.86,+0000.00,+0000.31,-0000.23,-0010.11
+1581208569.78,-0000.98,-0005.86,+0000.00,+0000.31,-0000.23,-0010.03
+1581208569.78,-0000.98,-0005.86,+0000.00,+0000.31,-0000.31,-0010.03
+1581208569.79,-0000.98,-0004.88,+0000.00,+0000.31,-0000.23,-0010.03
+1581208569.79,-0000.98,-0004.88,+0000.00,+0000.23,-0000.23,-0010.03
+1581208569.80,-0000.98,-0004.88,+0000.00,+0000.31,-0000.23,-0010.11
+1581208569.80,-0000.98,-0004.88,+0000.00,+0000.31,-0000.23,-0010.03
