+1580343490.28,-0001.95,+0006.84,-0006.84,-0001.30,-0000.92,-0006.58
+1580343490.29,+0000.00,+0005.86,-0006.84,+0000.54,-0000.38,-0008.65
+1580343490.29,+0000.00,+0005.86,-0006.84,-0003.83,-0001.30,-0007.43
+1580343490.30,-0000.98,+0003.91,-0007.81,+0001.00,-0000.69,-0012.48
+1580343490.30,+0001.95,+0002.93,-0007.81,-0002.99,-0001.61,-0012.94
+1580343490.31,+0003.91,+0002.93,-0009.77,-0002.37,+0002.30,-0012.17
+1580343490.31,-0004.88,+0002.93,-0010.74,-0001.00,+0003.90,-0019.52
+1580343490.32,-0001.95,+0001.95,-0009.77,-0001.76,-0002.53,-0018.22
+1580343490.32,+0008.79,-0000.98,-0010.74,-0001.15,+0001.23,-0011.25
+1580343490.33,+0003.91,+0000.00,-0012.70,-0002.22,-0000.84,-0007.89
+1580343490.33,+0000.00,+0000.00,-0013.67,-0001.84,+0000.84,-0008.73
+1580343490.34,+0003.91,-0000.98,-0014.65,-0001.30,+0000.31,-0008.19
+1580343490.34,+0006.84,-0002.93,-0015.62,-0001.45,+0000.46,-0006.51
+1580343490.35,+0002.93,-0000.98,-0015.62,-0001.68,+0000.54,-0006.12
+1580343490.35,+0000.00,-0000.98,-0015.62,-0000.08,+0000.61,-0008.50
+1580343490.36,+0000.98,-0001.95,-0015.62,-0000.23,-0000.31,-0010.57
+1580343490.36,+0002.93,-0001.95,-0015.62,-0001.15,+0001.23,-0010.03
+1580343490.37,+0000.00,-0001.95,-0016.60,-0000.15,+0003.14,-0011.64
+1580343490.37,-0005.86,-0001.95,-0016.60,+0000.61,+0000.46,-0012.63
+1580343490.38,-0000.98,-0001.95,-0016.60,-0001.07,+0001.15,-0011.71
+1580343490.38,+0000.00,-0002.93,-0016.60,-0000.54,+0000.23,-0010.41
+1580343490.39,-0000.98,-0001.95,-0016.60,+0001.53,-0000.31,-0008.42
+1580343490.39,-0002.93,-0001.95,-0016.60,+0000.38,+0000.61,-0008.80
+1580343490.40,-0001.95,-0001.95,-0016.60,-0001.68,+0000.00,-0010.80
+1580343490.40,-0000.98,-0002.93,-0016.60,+0001.53,-0000.61,-0011.56
+1580343490.41,+0000.98,-0002.93,-0015.62,+0000.54,-0000.54,-0011.64
+1580343490.41,+0000.00,-0001.95,-0015.62,+0000.54,+0000.31,-0010.87
+1580343490.42,-0000.98,-0001.95,-0015.62,-0000.46,-0000.08,-0012.94
+1580343490.42,+0002.93,-0001.95,-0014.65,+0001.76,-0000.46,-0011.56
+1580343490.43,+0003.91,-0002.93,-0014.65,-0000.15,+0000.31,-0008.65
+1580343490.43,+0000.00,-0001.95,-0014.65,+0000.77,-0000.92,-0008.42
+1580343490.44,+0001.95,-0002.93,-0014.65,+0001.45,+0000.31,-0010.87
+1580343490.44,+0001.95,-0002.93,-0013.67,+0000.23,+0000.46,-0010.41
+1580343490.45,+0001.95,-0002.93,-0013.67,+0001.23,-0000.15,-0009.42
+1580343490.45,+0000.98,-0002.93,-0013.67,+0001.15,+0000.61,-0011.03
+1580343490.46,+0000.98,-0001.95,-0012.70,-0000.23,+0000.61,-0011.48
+1580343490.46,+0001.95,-0002.93,-0012.70,+0001.30,+0001.15,-0010.80
+1580343490.47,+0000.98,-0002.93,-0012.70,+0000.00,+0000.08,-0010.11
+1580343490.47,+0000.00,-0002.93,-0011.72,+0000.46,+0001.30,-0010.34
+1580343490.48,-0000.98,-0001.95,-0011.72,-0001.45,+0000.77,-0009.80
+1580343490.48,-0000.98,-0002.93,-0011.72,-0000.15,+0000.38,-0010.34
+1580343490.49,-0001.95,-0003.91,-0012.70,-0000.46,+0000.38,-0009.65
+1580343490.49,-0000.98,-0002.93,-0011.72,+0000.84,+0000.31,-0008.65
+1580343490.50,-0000.98,-0003.91,-0011.72,+0000.08,-0000.54,-0008.80
+1580343490.50,-0000.98,-0003.91,-0010.74,-0000.23,-0000.23,-0008.35
+1580343490.51,-0001.95,-0002.93,-0010.74,+0000.31,-0000.54,-0008.65
+1580343490.51,-0002.93,-0002.93,-0010.74,+0001.53,-0000.15,-0009.11
+1580343490.52,-0003.91,-0002.93,-0009.77,-0000.54,+0000.69,-0011.56
+1580343490.52,-0003.91,-0002.93,-0009.77,-0000.23,-0000.15,-0011.48
+1580343490.53,-0003.91,-0002.93,-0009.77,-0000.15,-0000.31,-0011.25
+1580343490.53,-0003.91,-0002.93,-0009.77,-0000.23,+0000.61,-0013.32
+1580343490.54,-0003.91,-0003.91,-0009.77,+0001.07,-0000.61,-0010.49
+1580343490.54,-0002.93,-0003.91,-0009.77,-0000.84,-0001.30,-0010.49
+1580343490.55,-0002.93,-0003.91,-0008.79,+0000.46,+0000.92,-0011.25
+1580343490.55,-0003.91,-0003.91,-0008.79,+0002.14,-0000.46,-0011.10
+1580343490.56,-0003.91,-0002.93,-0007.81,-0000.54,-0001.30,-0010.64
+1580343490.56,+0000.00,-0003.91,-0007.81,-0000.77,-0000.54,-0010.03
+1580343490.57,-0000.98,-0003.91,-0007.81,+0000.92,-0000.46,-0009.80
+1580343490.57,-0002.93,-0002.93,-0007.81,+0000.61,+0000.00,-0008.80
+1580343490.58,-0002.93,-0003.91,-0007.81,-0001.38,+0000.31,-0010.49
+1580343490.58,-0001.95,-0004.88,-0007.81,+0001.15,-0001.07,-0009.57
+1580343490.59,+0002.93,-0004.88,-0007.81,-0000.15,-0002.53,-0006.74
+1580343490.59,+0002.93,-0004.88,-0007.81,+0001.45,+0000.23,-0007.20
+1580343490.60,-0002.93,-0003.91,-0007.81,+0000.92,-0001.38,-0010.18
+1580343490.60,-0001.95,-0003.91,-0005.86,+0001.61,-0002.07,-0010.34
+1580343490.61,+0002.93,-0005.86,-0005.86,-0000.15,-0000.46,-0012.33
+1580343490.61,-0000.98,-0005.86,-0006.84,+0000.84,-0000.23,-0010.87
+1580343490.62,-0002.93,-0005.86,-0007.81,-0001.07,-0000.92,-0011.10
+1580343490.62,+0000.00,-0007.81,-0008.79,+0000.31,-0000.61,-0010.11
+1580343490.63,+0001.95,-0008.79,-0008.79,-0000.08,-0001.30,-0007.73
+1580343490.63,-0000.98,-0007.81,-0007.81,+0001.84,-0000.31,-0008.65
+1580343490.64,-0002.93,-0008.79,-0007.81,-0001.15,-0002.14,-0009.95
+1580343490.64,+0002.93,-0008.79,-0007.81,-0001.91,-0002.76,-0008.88
+1580343490.65,+0005.86,-0010.74,-0007.81,+0001.53,-0001.68,-0008.27
+1580343490.65,+0002.93,-0008.79,-0008.79,-0002.37,-0001.84,-0007.81
+1580343490.66,+0001.95,-0008.79,-0008.79,-0000.08,-0000.08,-0012.79
+1580343490.66,+0001.95,-0009.77,-0008.79,-0000.69,-0003.75,-0011.79
+1580343490.67,+0009.77,-0010.74,-0007.81,-0001.61,-0003.22,-0003.98
+1580343490.67,+0000.98,-0009.77,-0008.79,+0002.37,+0006.89,-0009.95
+1580343490.68,-0018.55,-0006.84,-0007.81,+0000.84,-0004.13,-0013.17
+1580343490.68,+0002.93,-0008.79,-0005.86,-0001.91,+0001.30,-0015.85
+1580343490.69,+0004.88,-0011.72,-0007.81,-0001.30,+0004.75,-0013.70
+1580343490.69,-0010.74,-0007.81,-0007.81,+0001.30,+0001.84,-0011.03
+1580343490.70,-0011.72,-0005.86,-0006.84,-0002.14,-0002.22,-0012.79
+1580343490.70,-0000.98,-0008.79,-0005.86,+0000.15,+0000.38,-0008.73
+1580343490.71,+0002.93,-0007.81,-0005.86,-0001.00,+0001.38,-0005.36
+1580343490.71,-0008.79,-0004.88,-0006.84,-0000.38,-0001.45,-0008.19
+1580343490.72,-0006.84,-0004.88,-0005.86,-0001.30,-0001.68,-0010.95
+1580343490.72,+0000.98,-0005.86,-0004.88,+0001.84,-0001.76,-0012.40
+1580343490.73,+0002.93,-0004.88,-0004.88,-0001.30,-0002.45,-0007.43
+1580343490.73,-0000.98,-0001.95,-0004.88,-0000.31,-0001.38,-0011.41
+1580343490.74,-0001.95,-0001.95,-0004.88,+0002.07,-0001.84,-0011.87
+1580343490.74,+0005.86,-0001.95,-0003.91,+0000.00,-0000.77,-0011.41
+1580343490.75,+0004.88,-0001.95,-0003.91,+0001.53,-0000.77,-0009.49
+1580343490.75,+0001.95,+0000.00,-0003.91,-0000.31,-0000.77,-0009.11
+1580343490.76,+0000.98,+0000.00,-0002.93,+0001.38,-0000.69,-0010.80
+1580343490.76,+0004.88,+0000.98,-0001.95,-0001.23,-0001.84,-0009.42
+1580343490.77,+0002.93,+0000.98,-0001.95,+0000.31,+0001.53,-0011.41
+1580343490.77,-0002.93,+0002.93,-0000.98,+0000.54,-0000.54,-0009.19
+1580343490.78,+0001.95,+0002.93,-0000.98,-0000.08,+0000.00,-0009.95
+1580343490.78,+0000.00,+0001.95,-0000.98,+0001.99,+0000.08,-0009.88
+1580343490.79,-0001.95,+0002.93,-0000.98,+0000.38,-0000.15,-0009.34
+1580343490.79,-0000.98,+0001.95,-0000.98,+0001.68,-0001.07,-0012.10
+1580343490.80,-0000.98,+0002.93,+0000.00,-0001.00,+0001.30,-0009.11
+1580343490.80,-0003.91,+0002.93,-0000.98,+0000.23,-0002.14,-0010.18
+1580343490.81,-0000.98,+0001.95,+0000.00,+0001.23,+0000.00,-0009.34
+1580343490.81,+0000.98,+0002.93,+0000.00,-0000.61,-0001.07,-0010.49
+1580343490.82,-0001.95,+0002.93,+0000.00,+0001.53,+0001.00,-0009.03
+1580343490.82,-0001.95,+0003.91,+0000.98,-0000.31,-0001.15,-0013.02
+1580343490.83,-0000.98,+0003.91,+0000.98,-0001.53,+0001.07,-0012.33
+1580343490.83,+0000.98,+0003.91,+0000.00,-0000.77,-0000.46,-0009.65
+1580343490.84,+0000.00,+0002.93,-0000.98,+0000.15,+0000.23,-0009.57
+1580343490.84,-0000.98,+0003.91,-0000.98,-0001.68,-0001.76,-0009.57
+1580343490.85,+0000.00,+0002.93,-0000.98,-0000.38,-0000.84,-0010.87
+1580343490.85,+0001.95,+0002.93,-0001.95,-0000.84,-0001.61,-0007.73
+1580343490.86,+0002.93,+0002.93,-0001.95,-0001.99,+0000.08,-0009.11
+1580343490.86,+0000.98,+0002.93,-0001.95,-0000.69,-0000.23,-0011.25
+1580343490.87,+0000.98,+0002.93,-0002.93,+0000.31,-0001.38,-0009.65
+1580343490.87,+0000.98,+0002.93,-0002.93,-0001.61,+0000.23,-0009.88
+1580343490.88,-0001.95,+0002.93,-0003.91,-0000.84,+0000.38,-0009.72
+1580343490.88,-0001.95,+0001.95,-0004.88,-0000.77,-0000.46,-0009.57
+1580343490.89,+0000.00,+0000.98,-0004.88,-0001.61,+0000.92,-0008.35
+1580343490.89,-0002.93,+0000.00,-0005.86,-0001.61,+0001.45,-0009.80
+1580343490.90,-0006.84,+0000.00,-0006.84,-0000.69,-0000.54,-0010.87
+1580343490.90,-0003.91,-0000.98,-0007.81,-0000.61,-0000.54,-0011.03
+1580343490.91,-0001.95,-0002.93,-0008.79,-0002.22,+0000.69,-0010.87
+1580343490.91,-0004.88,-0002.93,-0009.77,+0001.07,+0001.53,-0010.95
+1580343490.92,-0006.84,-0001.95,-0009.77,-0001.45,-0000.77,-0011.48
+1580343490.92,-0005.86,-0003.91,-0009.77,-0001.84,-0001.00,-0010.72
+1580343490.93,-0002.93,-0003.91,-0010.74,-0002.07,-0001.38,-0009.34
+1580343490.93,-0004.88,-0003.91,-0012.70,-0000.15,-0000.08,-0007.73
+1580343490.94,-0005.86,-0003.91,-0013.67,-0003.06,-0000.46,-0009.11
+1580343490.94,-0005.86,-0003.91,-0013.67,-0001.53,-0000.15,-0009.65
+1580343490.95,-0002.93,-0003.91,-0013.67,-0000.84,-0000.84,-0010.26
+1580343490.95,-0001.95,-0002.93,-0013.67,-0001.30,-0000.31,-0010.49
+1580343490.96,-0002.93,-0002.93,-0013.67,-0000.84,-0002.53,-0010.11
+1580343490.96,+0000.00,-0002.93,-0013.67,+0001.91,+0000.38,-0010.87
+1580343490.97,-0002.93,-0000.98,-0014.65,-0001.61,-0000.38,-0011.03
+1580343490.97,-0003.91,-0000.98,-0014.65,+0001.38,+0000.54,-0014.16
+1580343490.98,+0000.98,-0002.93,-0015.62,+0003.06,-0000.23,-0010.87
+1580343490.98,+0000.98,-0000.98,-0015.62,-0003.06,+0001.53,-0009.88
+1580343490.99,-0002.93,+0000.00,-0014.65,+0002.76,+0000.31,-0010.34
+1580343490.99,-0001.95,+0000.98,-0013.67,-0000.08,-0000.23,-0010.26
+1580343491.00,+0000.98,+0000.00,-0012.70,+0000.38,+0000.69,-0009.95
+1580343491.00,+0000.00,+0000.98,-0011.72,+0000.15,+0001.30,-0009.42
+1580343491.01,-0000.98,+0000.98,-0011.72,+0000.38,+0001.38,-0010.18
+1580343491.01,-0000.98,+0000.98,-0011.72,-0000.54,+0000.00,-0011.03
+1580343491.02,+0002.93,+0000.00,-0011.72,+0000.69,+0000.31,-0010.95
+1580343491.02,+0001.95,+0000.98,-0011.72,-0000.08,+0000.23,-0009.11
+1580343491.03,+0000.98,+0000.00,-0011.72,+0001.38,-0000.46,-0009.57
+1580343491.03,+0001.95,+0000.00,-0010.74,+0000.46,+0000.08,-0010.34
+1580343491.04,+0001.95,+0000.00,-0009.77,+0001.38,+0001.30,-0009.88
+1580343491.04,+0000.00,+0000.00,-0008.79,+0000.92,+0001.38,-0011.33
+1580343491.05,+0000.00,+0000.00,-0008.79,-0000.15,+0000.46,-0011.33
+1580343491.05,+0002.93,-0000.98,-0007.81,+0000.38,+0000.61,-0011.10
+1580343491.06,+0000.98,-0001.95,-0008.79,+0000.23,+0000.61,-0009.49
+1580343491.06,+0000.00,-0001.95,-0008.79,+0000.23,-0000.77,-0010.95
+1580343491.07,+0001.95,-0002.93,-0007.81,+0001.76,+0000.46,-0008.65
+1580343491.07,+0001.95,-0003.91,-0006.84,+0000.77,-0000.08,-0008.04
+1580343491.08,+0000.00,-0003.91,-0006.84,-0000.84,+0001.91,-0010.11
+1580343491.08,+0000.00,-0004.88,-0006.84,+0001.23,+0000.61,-0011.56
+1580343491.09,+0000.98,-0004.88,-0006.84,-0001.38,-0000.69,-0009.80
+1580343491.09,+0001.95,-0005.86,-0006.84,+0000.00,+0000.69,-0010.49
+1580343491.10,-0001.95,-0005.86,-0006.84,+0000.08,+0000.92,-0010.34
+1580343491.10,+0000.00,-0006.84,-0006.84,+0000.69,-0000.84,-0010.80
+1580343491.11,+0000.98,-0006.84,-0006.84,-0001.23,+0001.23,-0009.95
+1580343491.11,-0000.98,-0007.81,-0006.84,+0001.07,+0000.08,-0007.89
+1580343491.12,-0001.95,-0006.84,-0006.84,-0001.38,+0000.31,-0011.03
+1580343491.12,-0000.98,-0008.79,-0006.84,-0001.23,-0000.46,-0010.11
+1580343491.13,+0001.95,-0008.79,-0006.84,+0000.00,-0000.69,-0010.57
+1580343491.13,+0000.00,-0008.79,-0006.84,-0001.00,-0001.30,-0008.96
+1580343491.14,+0000.00,-0007.81,-0006.84,-0000.92,-0001.07,-0010.11
+1580343491.14,+0000.98,-0009.77,-0006.84,+0000.77,-0001.07,-0010.11
+1580343491.15,+0001.95,-0008.79,-0006.84,-0001.15,-0001.00,-0010.26
+1580343491.15,+0001.95,-0009.77,-0006.84,-0000.92,-0002.14,-0008.50
+1580343491.16,+0002.93,-0010.74,-0007.81,-0000.46,-0001.84,-0008.27
+1580343491.16,+0004.88,-0011.72,-0008.79,-0001.30,+0001.00,-0007.66
+1580343491.17,-0001.95,-0010.74,-0008.79,+0000.31,+0003.60,-0010.72
+1580343491.17,-0004.88,-0009.77,-0007.81,-0001.15,-0003.37,-0014.70
+1580343491.18,+0008.79,-0012.70,-0006.84,-0002.30,-0004.13,-0006.35
+1580343491.18,+0009.77,-0013.67,-0007.81,+0001.99,+0004.59,-0005.67
+1580343491.19,-0015.62,-0007.81,-0007.81,-0001.84,+0005.44,-0014.32
+1580343491.19,-0004.88,-0010.74,-0006.84,-0000.92,-0000.69,-0013.63
+1580343491.20,+0010.74,-0015.62,-0006.84,-0000.84,+0004.52,-0012.56
+1580343491.20,-0006.84,-0012.70,-0007.81,+0001.07,+0001.53,-0006.43
+1580343491.21,-0011.72,-0008.79,-0007.81,-0003.29,-0001.15,-0011.71
+1580343491.21,-0002.93,-0014.65,-0007.81,+0001.84,-0000.84,-0010.57
+1580343491.22,+0003.91,-0013.67,-0007.81,-0002.83,-0000.08,-0005.67
+1580343491.22,-0003.91,-0010.74,-0007.81,+0001.23,+0000.61,-0008.27
+1580343491.23,-0006.84,-0011.72,-0006.84,+0001.99,-0001.23,-0010.57
+1580343491.23,+0000.98,-0011.72,-0006.84,+0000.15,-0000.84,-0012.56
+1580343491.24,+0000.98,-0010.74,-0006.84,+0000.38,-0000.23,-0011.64
+1580343491.24,+0000.00,-0010.74,-0005.86,+0000.69,-0001.53,-0011.64
+1580343491.25,-0000.98,-0010.74,-0006.84,-0000.92,-0001.68,-0012.33
+1580343491.25,+0003.91,-0010.74,-0005.86,-0000.08,-0002.99,-0008.96
+1580343491.26,+0007.81,-0010.74,-0005.86,+0000.00,-0002.30,-0008.04
+1580343491.26,+0002.93,-0009.77,-0005.86,+0001.23,+0001.91,-0008.65
+1580343491.27,-0003.91,-0006.84,-0004.88,+0000.08,-0000.46,-0013.78
+1580343491.27,+0000.98,-0008.79,-0002.93,+0001.23,-0001.99,-0014.32
+1580343491.28,+0008.79,-0008.79,-0001.95,-0000.31,+0000.38,-0011.18
+1580343491.28,+0001.95,-0007.81,-0001.95,+0001.99,+0000.08,-0008.65
+1580343491.29,-0001.95,-0005.86,-0001.95,-0000.84,-0000.61,-0010.11
+1580343491.29,+0001.95,-0006.84,-0000.98,-0000.31,-0000.46,-0010.26
+1580343491.30,+0002.93,-0006.84,-0000.98,+0000.77,-0000.08,-0006.66
+1580343491.30,-0001.95,-0005.86,+0000.00,+0000.77,-0000.15,-0005.21
+1580343491.31,-0003.91,-0005.86,+0000.00,+0000.77,+0000.08,-0007.12
+1580343491.31,-0002.93,-0004.88,+0000.98,+0001.68,+0000.46,-0011.33
+1580343491.32,+0000.00,-0004.88,+0001.95,+0000.00,-0001.53,-0011.25
+1580343491.32,+0000.00,-0004.88,+0002.93,+0000.15,+0000.08,-0011.03
+1580343491.33,-0000.98,-0003.91,+0002.93,+0000.77,+0000.54,-0012.25
+1580343491.33,+0000.00,-0002.93,+0002.93,-0001.30,-0000.38,-0013.63
+1580343491.34,+0002.93,-0002.93,+0003.91,+0000.23,-0000.54,-0011.41
+1580343491.34,+0002.93,-0002.93,+0004.88,+0000.38,-0000.23,-0011.56
+1580343491.35,+0001.95,-0002.93,+0003.91,+0000.46,-0001.61,-0010.95
+1580343491.35,+0003.91,-0001.95,+0003.91,-0001.00,-0000.69,-0011.64
+1580343491.36,+0004.88,-0001.95,+0003.91,+0001.23,+0000.61,-0010.49
+1580343491.36,+0002.93,-0000.98,+0004.88,+0000.08,-0000.77,-0008.58
+1580343491.37,+0001.95,+0000.00,+0004.88,-0000.61,-0000.77,-0010.18
+1580343491.37,+0004.88,+0000.00,+0005.86,+0000.92,-0000.84,-0008.73
+1580343491.38,+0003.91,+0000.00,+0005.86,+0000.23,+0000.38,-0007.81
+1580343491.38,+0001.95,+0000.00,+0006.84,+0000.08,-0000.46,-0008.50
+1580343491.39,+0001.95,+0000.98,+0006.84,+0000.00,+0000.23,-0009.19
+1580343491.39,+0002.93,+0000.00,+0006.84,+0000.84,+0000.54,-0008.96
+1580343491.40,+0000.00,+0000.98,+0006.84,-0000.31,+0001.84,-0010.64
+1580343491.40,-0001.95,+0000.98,+0006.84,+0000.69,+0000.08,-0012.10
+1580343491.41,+0000.98,+0000.00,+0006.84,-0000.61,+0000.69,-0011.03
+1580343491.41,-0001.95,+0000.98,+0006.84,+0000.15,+0001.15,-0012.56
+1580343491.42,-0002.93,+0001.95,+0006.84,-0001.23,+0000.00,-0011.41
+1580343491.42,-0001.95,+0000.98,+0006.84,-0000.77,-0001.61,-0009.03
+1580343491.43,+0000.00,+0000.00,+0006.84,-0000.54,+0001.38,-0008.96
+1580343491.43,-0003.91,+0000.98,+0005.86,-0000.31,+0000.54,-0008.58
+1580343491.44,-0003.91,+0001.95,+0005.86,-0000.54,-0001.68,-0008.80
+1580343491.44,+0000.00,+0000.98,+0005.86,-0001.76,-0001.30,-0009.57
+1580343491.45,-0000.98,+0001.95,+0005.86,+0001.53,-0000.84,-0008.50
+1580343491.45,-0003.91,+0002.93,+0005.86,-0000.38,-0000.92,-0008.65
+1580343491.46,-0003.91,+0003.91,+0006.84,-0000.69,-0000.54,-0010.49
+1580343491.46,-0000.98,+0003.91,+0006.84,+0000.38,-0000.77,-0009.11
+1580343491.47,-0000.98,+0004.88,+0006.84,+0000.08,-0000.92,-0009.03
+1580343491.47,-0004.88,+0005.86,+0006.84,-0001.30,-0002.45,-0008.80
+1580343491.48,-0000.98,+0005.86,+0006.84,-0001.38,-0002.91,-0007.20
+1580343491.48,+0000.00,+0005.86,+0006.84,+0000.38,+0000.00,-0009.26
+1580343491.49,-0004.88,+0006.84,+0005.86,-0000.92,-0000.69,-0010.49
+1580343491.49,-0003.91,+0007.81,+0005.86,-0002.30,-0002.53,-0009.95
+1580343491.50,+0000.98,+0005.86,+0004.88,+0001.53,-0000.15,-0011.79
+1580343491.50,-0002.93,+0006.84,+0004.88,-0001.68,+0001.15,-0011.79
+1580343491.51,-0004.88,+0007.81,+0004.88,-0000.54,-0001.23,-0013.48
+1580343491.51,-0001.95,+0006.84,+0005.86,-0001.23,-0000.38,-0012.56
+1580343491.52,-0000.98,+0005.86,+0005.86,+0000.61,+0000.77,-0011.56
+1580343491.52,-0004.88,+0006.84,+0005.86,-0001.91,-0000.61,-0010.18
+1580343491.53,-0004.88,+0005.86,+0004.88,-0002.60,-0001.30,-0008.42
+1580343491.53,-0002.93,+0003.91,+0002.93,-0001.15,+0000.38,-0008.42
+1580343491.54,-0002.93,+0003.91,+0002.93,-0000.92,-0001.00,-0006.12
+1580343491.54,-0003.91,+0002.93,+0001.95,+0000.08,-0000.92,-0009.80
+1580343491.55,-0003.91,+0000.98,+0001.95,-0000.61,-0002.22,-0010.34
+1580343491.55,-0001.95,+0000.98,+0001.95,-0000.15,-0000.08,-0011.10
+1580343491.56,-0002.93,+0000.00,+0001.95,-0000.61,-0000.77,-0010.11
+1580343491.56,-0004.88,+0000.00,+0000.98,-0001.68,-0000.84,-0011.79
+1580343491.57,-0002.93,-0001.95,+0000.00,-0001.38,-0000.46,-0010.49
+1580343491.57,-0003.91,-0002.93,-0000.98,-0001.07,-0000.38,-0009.42
+1580343491.58,-0005.86,-0002.93,-0001.95,-0001.07,-0001.07,-0011.33
+1580343491.58,-0004.88,-0003.91,-0002.93,-0002.37,-0000.77,-0009.88
+1580343491.59,-0002.93,-0005.86,-0002.93,-0001.00,+0000.46,-0009.11
+1580343491.59,-0005.86,-0004.88,-0003.91,-0001.91,+0000.77,-0011.64
+1580343491.60,-0006.84,-0005.86,-0003.91,-0001.30,-0000.69,-0012.48
+1580343491.60,-0002.93,-0006.84,-0004.88,-0001.53,+0000.08,-0013.02
+1580343491.61,-0003.91,-0006.84,-0005.86,-0001.61,-0001.38,-0010.26
+1580343491.61,-0002.93,-0006.84,-0005.86,-0001.07,-0000.77,-0011.48
+1580343491.62,-0002.93,-0007.81,-0006.84,-0001.00,-0000.69,-0008.35
+1580343491.62,+0000.00,-0006.84,-0007.81,-0000.31,-0001.61,-0006.97
+1580343491.63,-0001.95,-0006.84,-0007.81,-0001.15,-0000.61,-0007.35
+1580343491.63,-0003.91,-0005.86,-0006.84,-0001.30,+0000.77,-0010.41
+1580343491.64,-0003.91,-0005.86,-0006.84,+0001.30,+0000.08,-0010.87
+1580343491.64,-0001.95,-0004.88,-0005.86,-0001.61,-0000.15,-0010.57
+1580343491.65,-0001.95,-0004.88,-0005.86,+0000.31,-0000.69,-0012.86
+1580343491.65,+0000.00,-0004.88,-0005.86,+0000.61,+0000.92,-0010.49
+1580343491.66,-0000.98,-0003.91,-0006.84,-0001.61,-0001.15,-0008.80
+1580343491.66,-0001.95,-0003.91,-0005.86,-0000.08,+0000.31,-0010.26
+1580343491.67,-0000.98,-0002.93,-0004.88,+0000.08,-0001.99,-0009.34
+1580343491.67,+0002.93,-0002.93,-0004.88,+0001.23,-0001.15,-0008.50
+1580343491.68,+0001.95,-0002.93,-0003.91,-0001.84,-0004.06,-0007.58
+1580343491.68,+0006.84,-0002.93,-0004.88,+0001.00,-0001.91,-0002.83
+1580343491.69,-0007.81,+0000.00,-0004.88,-0000.46,+0003.06,-0017.46
+1580343491.69,-0010.74,+0000.98,-0003.91,+0000.84,-0004.75,-0013.63
+1580343491.70,+0008.79,-0003.91,-0002.93,-0002.14,+0001.15,-0014.01
+1580343491.70,-0003.91,-0003.91,-0003.91,+0001.38,+0000.69,-0010.26
+1580343491.71,-0011.72,+0002.93,-0001.95,+0001.91,-0000.84,-0012.25
+1580343491.71,-0002.93,-0001.95,-0000.98,-0003.45,+0000.23,-0014.55
+1580343491.72,+0000.98,-0004.88,-0000.98,+0001.53,+0001.61,-0009.88
+1580343491.72,-0004.88,+0000.00,-0000.98,+0000.15,-0000.15,-0008.35
+1580343491.73,-0008.79,+0000.00,-0000.98,-0001.76,-0003.45,-0007.50
+1580343491.73,+0000.98,-0003.91,-0000.98,+0000.23,-0000.84,-0008.73
+1580343491.74,+0002.93,-0001.95,-0000.98,+0000.54,-0001.76,-0005.51
+1580343491.74,-0000.98,+0001.95,+0000.00,+0000.00,-0001.38,-0008.80
+1580343491.75,+0000.00,+0000.00,+0000.00,+0000.23,-0002.37,-0011.48
+1580343491.75,+0004.88,+0000.00,+0000.98,+0001.15,-0002.91,-0008.35
+1580343491.76,+0004.88,+0001.95,+0001.95,+0000.46,-0001.23,-0009.34
+1580343491.76,-0000.98,+0004.88,+0002.93,+0001.68,-0001.15,-0012.02
+1580343491.77,+0002.93,+0003.91,+0004.88,+0000.77,-0002.30,-0009.57
+1580343491.77,+0002.93,+0004.88,+0005.86,+0000.46,+0002.83,-0010.11
+1580343491.78,-0005.86,+0007.81,+0005.86,+0002.07,-0000.54,-0012.56
+1580343491.78,-0002.93,+0008.79,+0006.84,-0000.84,-0002.14,-0011.18
+1580343491.79,+0002.93,+0005.86,+0007.81,+0000.54,+0001.00,-0008.88
+1580343491.79,-0002.93,+0008.79,+0008.79,+0001.38,+0000.46,-0006.97
+1580343491.80,-0007.81,+0011.72,+0009.77,+0002.53,+0000.08,-0008.50
+1580343491.80,-0003.91,+0009.77,+0010.74,-0000.31,-0000.69,-0008.96
+1580343491.81,-0002.93,+0008.79,+0011.72,+0000.38,-0001.76,-0007.89
+1580343491.81,-0003.91,+0010.74,+0011.72,+0003.45,+0000.31,-0009.42
+1580343491.82,-0007.81,+0011.72,+0012.70,+0000.54,-0000.69,-0008.58
+1580343491.82,-0003.91,+0010.74,+0014.65,+0002.83,-0001.99,-0010.72
+1580343491.83,-0001.95,+0011.72,+0015.62,+0000.54,-0001.76,-0012.56
+1580343491.83,-0001.95,+0011.72,+0016.60,+0002.07,-0001.45,-0012.71
+1580343491.84,-0002.93,+0010.74,+0016.60,+0000.23,-0001.76,-0012.63
+1580343491.84,+0000.98,+0010.74,+0016.60,+0001.68,-0001.53,-0013.17
+1580343491.85,+0002.93,+0009.77,+0016.60,+0001.30,-0001.53,-0011.18
+1580343491.85,+0001.95,+0009.77,+0016.60,+0001.84,-0000.77,-0009.95
+1580343491.86,+0000.00,+0009.77,+0017.58,+0001.38,-0001.30,-0009.11
+1580343491.86,+0002.93,+0008.79,+0017.58,-0000.08,-0001.76,-0011.10
+1580343491.87,+0003.91,+0007.81,+0018.55,+0001.61,-0000.38,-0007.43
+1580343491.87,+0000.98,+0007.81,+0018.55,+0002.37,+0001.07,-0006.89
+1580343491.88,-0002.93,+0007.81,+0018.55,+0001.53,-0000.61,-0007.66
+1580343491.88,+0000.00,+0007.81,+0019.53,-0001.30,-0000.23,-0009.65
+1580343491.89,+0000.00,+0004.88,+0018.55,-0000.15,+0000.38,-0008.73
+1580343491.89,-0000.98,+0003.91,+0017.58,+0001.00,+0000.31,-0007.89
+1580343491.90,-0002.93,+0003.91,+0016.60,-0001.00,-0002.07,-0010.57
+1580343491.90,+0000.00,+0002.93,+0016.60,+0000.00,+0000.00,-0011.56
+1580343491.91,-0002.93,+0001.95,+0016.60,-0000.15,+0001.00,-0013.17
+1580343491.91,-0004.88,+0002.93,+0016.60,+0000.00,+0000.77,-0012.94
+1580343491.92,-0002.93,+0002.93,+0016.60,-0001.61,-0001.23,-0013.63
+1580343491.92,+0000.00,+0000.98,+0015.62,+0000.00,-0002.14,-0011.87
+1580343491.93,-0000.98,+0001.95,+0014.65,-0000.46,-0000.23,-0009.88
+1580343491.93,-0000.98,+0001.95,+0014.65,-0001.53,-0000.54,-0007.66
+1580343491.94,+0000.00,+0001.95,+0013.67,-0002.37,-0000.77,-0008.27
+1580343491.94,-0000.98,+0002.93,+0013.67,-0000.23,-0000.92,-0009.49
+1580343491.95,-0001.95,+0003.91,+0012.70,+0000.84,-0000.46,-0009.49
+1580343491.95,+0000.00,+0003.91,+0011.72,-0001.30,-0000.08,-0011.33
+1580343491.96,+0000.00,+0003.91,+0011.72,-0003.06,-0000.69,-0011.25
+1580343491.96,+0000.00,+0004.88,+0010.74,+0000.54,-0001.23,-0009.57
+1580343491.97,-0001.95,+0004.88,+0009.77,+0000.23,+0000.31,-0009.88
+1580343491.97,-0002.93,+0005.86,+0009.77,+0000.08,-0001.38,-0010.57
+1580343491.98,-0000.98,+0005.86,+0009.77,-0003.75,-0000.77,-0012.33
+1580343491.98,+0000.00,+0004.88,+0009.77,+0000.77,-0000.77,-0011.56
+1580343491.99,+0000.00,+0005.86,+0008.79,+0000.69,-0001.30,-0010.34
+1580343491.99,+0000.00,+0005.86,+0008.79,-0002.91,-0001.00,-0010.95
+1580343492.00,+0001.95,+0004.88,+0007.81,-0003.83,-0001.38,-0012.17
+1580343492.00,+0001.95,+0003.91,+0005.86,+0000.38,-0000.54,-0011.25
+1580343492.01,+0001.95,+0004.88,+0004.88,+0000.46,-0001.76,-0010.11
+1580343492.01,+0002.93,+0003.91,+0003.91,-0002.53,-0000.61,-0009.03
+1580343492.02,+0001.95,+0003.91,+0003.91,-0002.37,+0000.61,-0012.25
+1580343492.02,+0001.95,+0004.88,+0003.91,+0001.68,-0000.46,-0011.56
+1580343492.03,+0005.86,+0003.91,+0001.95,-0001.99,-0001.23,-0008.73
+1580343492.03,+0005.86,+0003.91,+0000.98,-0001.91,-0000.69,-0007.96
+1580343492.04,+0002.93,+0003.91,-0000.98,-0002.83,+0000.08,-0011.41
+1580343492.04,+0002.93,+0003.91,-0000.98,+0000.08,-0000.15,-0010.11
+1580343492.05,+0003.91,+0002.93,-0001.95,+0000.92,+0000.08,-0009.03
+1580343492.05,+0001.95,+0003.91,-0002.93,-0000.84,+0000.77,-0010.72
+1580343492.06,+0003.91,+0003.91,-0003.91,-0001.76,+0001.38,-0012.33
+1580343492.06,+0001.95,+0002.93,-0005.86,-0001.53,+0000.31,-0011.94
+1580343492.07,+0000.98,+0002.93,-0005.86,+0002.91,-0000.38,-0010.11
+1580343492.07,+0001.95,+0004.88,-0005.86,+0000.08,-0000.15,-0008.35
+1580343492.08,-0000.98,+0003.91,-0006.84,-0003.52,+0000.61,-0009.88
+1580343492.08,-0000.98,+0005.86,-0006.84,-0003.98,-0001.61,-0008.35
+1580343492.09,+0001.95,+0004.88,-0007.81,+0001.53,+0001.45,-0010.26
+1580343492.09,+0000.98,+0004.88,-0008.79,-0000.77,-0000.92,-0007.20
+1580343492.10,+0000.98,+0005.86,-0009.77,-0004.67,-0000.92,-0008.19
+1580343492.10,+0000.98,+0004.88,-0010.74,-0004.44,-0001.30,-0010.11
+1580343492.11,+0001.95,+0005.86,-0010.74,+0002.68,+0000.92,-0010.11
+1580343492.11,-0002.93,+0006.84,-0010.74,+0001.45,+0000.00,-0012.17
+1580343492.12,-0001.95,+0007.81,-0009.77,-0002.83,-0002.07,-0012.79
+1580343492.12,+0003.91,+0005.86,-0008.79,-0003.37,-0000.92,-0013.86
+1580343492.13,+0003.91,+0006.84,-0009.77,+0002.22,-0000.69,-0008.35
+1580343492.13,+0001.95,+0007.81,-0010.74,+0001.76,-0001.07,-0006.66
+1580343492.14,+0002.93,+0006.84,-0011.72,-0002.83,-0001.84,-0004.75
+1580343492.14,+0002.93,+0004.88,-0011.72,-0004.21,-0000.69,-0007.58
+1580343492.15,+0001.95,+0005.86,-0011.72,+0001.23,-0003.90,-0007.81
+1580343492.15,+0006.84,+0003.91,-0010.74,+0002.83,-0000.61,-0007.43
+1580343492.16,+0004.88,+0003.91,-0009.77,-0001.15,+0001.68,-0009.34
+1580343492.16,-0001.95,+0005.86,-0009.77,-0003.06,-0006.51,-0012.79
+1580343492.17,+0009.77,+0002.93,-0009.77,+0000.08,-0000.46,-0010.95
+1580343492.17,+0009.77,+0000.00,-0011.72,+0005.59,+0003.60,-0008.80
+1580343492.18,-0009.77,+0005.86,-0012.70,+0002.07,+0003.90,-0012.63
+1580343492.18,+0000.98,+0003.91,-0010.74,-0006.51,+0002.68,-0015.54
+1580343492.19,+0005.86,-0002.93,-0011.72,+0001.15,+0002.60,-0012.71
+1580343492.19,-0001.95,+0000.98,-0010.74,+0001.99,+0000.46,-0005.74
+1580343492.20,-0006.84,+0004.88,-0010.74,-0004.29,-0000.84,-0012.40
+1580343492.20,-0003.91,-0001.95,-0009.77,+0000.08,+0000.38,-0011.64
+1580343492.21,+0001.95,-0001.95,-0010.74,-0003.37,+0001.00,-0013.25
+1580343492.21,+0000.00,-0000.98,-0011.72,+0001.38,-0001.76,-0011.56
+1580343492.22,+0002.93,-0001.95,-0011.72,-0001.61,-0002.45,-0005.13
+1580343492.22,+0003.91,-0004.88,-0011.72,+0000.38,-0002.30,-0004.82
+1580343492.23,+0003.91,-0001.95,-0011.72,-0003.83,-0001.38,-0006.58
+1580343492.23,+0002.93,-0002.93,-0011.72,+0000.77,-0002.30,-0010.41
+1580343492.24,+0006.84,-0004.88,-0011.72,+0001.38,+0000.00,-0008.88
+1580343492.24,+0004.88,-0004.88,-0012.70,-0000.31,+0001.53,-0010.41
+1580343492.25,-0000.98,-0003.91,-0012.70,-0004.29,+0000.08,-0013.78
+1580343492.25,+0003.91,-0005.86,-0012.70,-0000.69,+0001.07,-0015.54
+1580343492.26,+0004.88,-0008.79,-0012.70,+0003.14,+0003.06,-0010.49
+1580343492.26,-0001.95,-0006.84,-0012.70,+0001.23,+0001.23,-0009.72
+1580343492.27,-0001.95,-0006.84,-0012.70,-0001.99,-0000.84,-0010.72
+1580343492.27,+0002.93,-0010.74,-0012.70,-0001.30,-0000.31,-0007.89
+1580343492.28,+0001.95,-0009.77,-0012.70,+0002.68,+0001.99,-0008.50
+1580343492.28,-0004.88,-0007.81,-0012.70,+0001.30,+0000.54,-0006.28
+1580343492.29,-0001.95,-0010.74,-0013.67,-0003.52,-0001.53,-0010.80
+1580343492.29,+0005.86,-0013.67,-0014.65,-0003.37,+0000.15,-0009.95
+1580343492.30,+0000.98,-0011.72,-0015.62,+0001.61,-0000.46,-0010.87
+1580343492.30,-0000.98,-0010.74,-0014.65,+0001.15,-0002.22,-0012.48
+1580343492.31,+0004.88,-0012.70,-0014.65,-0001.68,-0002.07,-0011.71
+1580343492.31,+0006.84,-0013.67,-0014.65,-0001.99,-0001.00,-0011.03
+1580343492.32,+0003.91,-0010.74,-0014.65,-0001.61,-0001.23,-0012.63
+1580343492.32,+0004.88,-0012.70,-0015.62,+0001.07,-0000.84,-0010.26
+1580343492.33,+0007.81,-0013.67,-0015.62,-0000.31,-0000.92,-0008.58
+1580343492.33,+0004.88,-0012.70,-0015.62,-0002.76,+0000.15,-0008.04
+1580343492.34,+0002.93,-0011.72,-0015.62,-0003.29,-0001.00,-0008.80
+1580343492.34,+0003.91,-0013.67,-0015.62,+0003.52,+0000.23,-0010.41
+1580343492.35,+0002.93,-0012.70,-0015.62,+0002.30,-0000.23,-0007.89
+1580343492.35,+0000.98,-0012.70,-0014.65,-0000.08,-0000.77,-0007.66
+1580343492.36,-0000.98,-0011.72,-0013.67,-0001.53,-0000.23,-0010.87
+1580343492.36,-0000.98,-0011.72,-0012.70,+0002.53,-0000.54,-0010.34
+1580343492.37,+0000.98,-0010.74,-0012.70,+0003.22,+0000.61,-0008.96
+1580343492.37,-0002.93,-0009.77,-0012.70,+0001.99,+0000.69,-0007.89
+1580343492.38,-0003.91,-0008.79,-0012.70,-0003.45,+0000.23,-0011.56
+1580343492.38,-0003.91,-0008.79,-0012.70,-0000.84,-0000.31,-0013.40
+1580343492.39,-0001.95,-0008.79,-0011.72,+0003.52,-0000.84,-0010.95
+1580343492.39,-0000.98,-0007.81,-0011.72,-0000.23,+0001.61,-0009.65
+1580343492.40,-0007.81,-0005.86,-0009.77,-0003.68,-0001.07,-0009.80
+1580343492.40,-0005.86,-0004.88,-0008.79,-0000.15,-0001.76,-0012.33
+1580343492.41,+0000.00,-0006.84,-0007.81,+0001.15,-0000.31,-0013.32
+1580343492.41,-0001.95,-0004.88,-0007.81,+0001.15,-0002.30,-0006.20
+1580343492.42,-0003.91,-0003.91,-0007.81,-0002.53,-0001.07,-0007.81
+1580343492.42,-0002.93,-0003.91,-0007.81,-0002.99,-0001.07,-0008.73
+1580343492.43,-0001.95,-0004.88,-0006.84,+0003.83,-0000.77,-0009.49
+1580343492.43,-0001.95,-0002.93,-0006.84,+0003.90,-0000.31,-0007.43
+1580343492.44,-0004.88,-0001.95,-0005.86,-0000.69,-0000.54,-0009.80
+1580343492.44,-0003.91,-0002.93,-0003.91,-0002.60,-0002.83,-0012.02
+1580343492.45,+0001.95,-0003.91,-0003.91,+0002.83,+0000.92,-0012.25
+1580343492.45,-0001.95,-0002.93,-0003.91,+0002.37,+0000.54,-0011.41
+1580343492.46,-0004.88,-0000.98,-0003.91,+0003.60,-0002.07,-0007.20
+1580343492.46,-0001.95,-0002.93,-0003.91,-0002.22,+0001.23,-0011.25
+1580343492.47,-0003.91,-0002.93,-0003.91,-0001.91,-0000.08,-0010.34
+1580343492.47,-0004.88,-0000.98,-0002.93,+0003.83,+0000.38,-0009.57
+1580343492.48,-0004.88,-0001.95,-0002.93,+0001.23,+0000.77,-0011.25
+1580343492.48,-0002.93,-0001.95,-0002.93,-0002.22,+0000.23,-0010.34
+1580343492.49,-0003.91,-0000.98,-0002.93,-0002.68,+0001.07,-0013.09
+1580343492.49,-0004.88,+0000.00,-0000.98,-0000.84,-0001.23,-0012.40
+1580343492.50,+0000.00,-0000.98,-0000.98,+0000.15,-0000.46,-0011.25
+1580343492.50,-0002.93,-0000.98,-0000.98,-0001.00,-0001.00,-0007.20
+1580343492.51,-0005.86,+0000.98,-0000.98,+0001.68,+0000.23,-0010.03
+1580343492.51,-0004.88,+0000.98,+0000.00,-0004.29,+0000.31,-0011.87
+1580343492.52,-0001.95,+0000.98,+0000.00,-0001.23,-0000.84,-0011.87
+1580343492.52,+0001.95,+0000.00,+0000.98,+0001.23,-0000.92,-0007.66
+1580343492.53,-0000.98,+0001.95,+0000.98,+0002.83,+0000.00,-0010.18
+1580343492.53,-0003.91,+0001.95,+0000.98,-0002.83,-0001.00,-0008.19
+1580343492.54,+0001.95,+0001.95,+0000.98,-0002.99,+0000.23,-0011.48
+1580343492.54,+0001.95,+0000.98,+0001.95,+0005.44,+0001.38,-0011.18
+1580343492.55,-0001.95,+0002.93,+0001.95,-0000.15,-0001.38,-0009.03
+1580343492.55,+0000.00,+0001.95,+0002.93,-0001.00,-0001.30,-0011.87
+1580343492.56,+0001.95,+0000.98,+0002.93,-0001.15,+0000.31,-0011.79
+1580343492.56,+0001.95,+0000.98,+0002.93,+0001.07,+0000.31,-0010.87
+1580343492.57,+0000.00,+0000.98,+0002.93,+0000.23,+0000.46,-0011.10
+1580343492.57,+0000.98,+0000.00,+0002.93,-0000.15,+0000.00,-0010.18
+1580343492.58,+0002.93,-0000.98,+0003.91,-0001.30,-0000.77,-0008.42
+1580343492.58,+0001.95,-0000.98,+0003.91,-0000.92,+0000.31,-0009.19
+1580343492.59,-0000.98,+0000.00,+0003.91,+0001.30,+0001.00,-0009.95
+1580343492.59,-0000.98,-0000.98,+0002.93,+0000.46,+0001.00,-0010.72
+1580343492.60,+0000.00,-0002.93,+0002.93,-0001.53,-0000.23,-0009.72
+1580343492.60,-0000.98,-0001.95,+0002.93,-0000.69,+0000.46,-0010.34
+1580343492.61,-0000.98,-0002.93,+0002.93,+0001.23,-0002.14,-0009.57
+1580343492.61,+0001.95,-0003.91,+0001.95,+0000.77,+0000.38,-0009.65
+1580343492.62,-0000.98,-0003.91,+0001.95,+0000.92,+0000.92,-0010.95
+1580343492.62,+0002.93,-0002.93,+0001.95,-0005.05,-0001.76,-0003.29
+1580343492.63,+0007.81,-0004.88,+0000.98,+0001.61,+0005.97,-0010.41
+1580343492.63,-0013.67,-0000.98,+0000.98,-0000.61,+0002.07,-0017.07
+1580343492.64,-0002.93,-0001.95,+0001.95,+0001.91,-0005.97,-0010.87
+1580343492.64,+0007.81,-0006.84,+0000.98,-0003.52,+0003.90,-0012.79
+1580343492.65,-0007.81,-0003.91,-0000.98,+0001.53,-0000.69,-0007.50
+1580343492.65,-0007.81,+0000.98,+0000.00,-0002.30,-0000.61,-0012.63
+1580343492.66,-0001.95,-0005.86,+0000.00,+0001.00,+0000.92,-0008.58
+1580343492.66,+0000.00,-0005.86,-0000.98,-0000.15,-0001.45,-0004.67
+1580343492.67,-0003.91,-0001.95,-0000.98,-0001.76,-0000.38,-0006.97
+1580343492.67,-0004.88,-0003.91,-0002.93,-0004.44,-0002.68,-0004.36
+1580343492.68,-0002.93,-0004.88,-0002.93,+0000.00,-0002.14,-0009.88
+1580343492.68,-0000.98,-0004.88,-0002.93,+0000.38,-0001.84,-0008.65
+1580343492.69,-0000.98,-0003.91,-0002.93,-0000.08,-0001.23,-0011.41
+1580343492.69,-0000.98,-0004.88,-0002.93,+0002.60,-0001.38,-0012.17
+1580343492.70,+0000.00,-0002.93,-0002.93,-0002.83,-0000.08,-0013.02
+1580343492.70,-0001.95,-0003.91,-0003.91,+0003.29,-0000.69,-0013.02
+1580343492.71,+0000.00,-0002.93,-0003.91,-0001.23,-0001.61,-0009.95
+1580343492.71,+0000.00,-0002.93,-0004.88,-0001.15,-0001.07,-0009.03
+1580343492.72,-0002.93,-0002.93,-0004.88,-0002.60,-0000.38,-0010.11
+1580343492.72,-0000.98,-0003.91,-0005.86,-0001.38,-0000.92,-0008.80
+1580343492.73,+0000.00,-0002.93,-0005.86,+0000.23,-0000.23,-0007.96
+1580343492.73,-0005.86,-0001.95,-0005.86,+0000.23,-0002.68,-0007.27
+1580343492.74,-0002.93,-0001.95,-0004.88,-0002.53,-0001.07,-0009.49
+1580343492.74,+0000.98,-0002.93,-0005.86,-0001.45,+0000.00,-0010.49
+1580343492.75,-0003.91,-0000.98,-0005.86,+0001.23,+0000.31,-0009.65
+1580343492.75,-0006.84,+0000.98,-0005.86,-0000.61,-0001.61,-0011.33
+1580343492.76,-0000.98,-0000.98,-0005.86,+0000.00,+0000.00,-0013.17
+1580343492.76,+0002.93,-0000.98,-0005.86,-0000.84,-0003.14,-0009.95
+1580343492.77,-0000.98,+0000.98,-0005.86,-0000.23,+0000.38,-0015.39
+1580343492.77,-0003.91,+0001.95,-0005.86,-0000.38,-0002.76,-0014.55
+1580343492.78,+0005.86,+0000.00,-0005.86,+0001.23,-0002.07,-0012.25
+1580343492.78,+0006.84,+0000.00,-0006.84,-0000.69,+0000.00,-0007.20
+1580343492.79,+0000.00,+0001.95,-0006.84,-0001.30,-0000.92,-0008.27
+1580343492.79,+0001.95,+0001.95,-0006.84,-0002.45,-0001.91,-0011.03
+1580343492.80,+0010.74,-0001.95,-0005.86,-0001.30,-0001.53,-0005.05
+1580343492.80,+0003.91,+0000.98,-0005.86,-0001.38,+0002.53,-0008.73
+1580343492.81,-0005.86,+0002.93,-0005.86,-0000.38,-0003.37,-0006.74
+1580343492.81,+0004.88,+0000.00,-0005.86,-0002.76,-0000.08,-0010.26
+1580343492.81,+0001.95,-0001.95,-0005.86,+0000.38,+0002.14,-0010.64
+1580343492.82,-0002.93,+0000.98,-0005.86,+0002.45,+0001.53,-0013.09
+1580343492.82,-0002.93,+0000.00,-0004.88,-0001.76,-0000.54,-0014.09
+1580343492.83,+0000.98,-0003.91,-0004.88,+0000.38,+0000.84,-0012.17
+1580343492.83,+0000.98,-0002.93,-0005.86,-0001.76,+0000.23,-0009.42
+1580343492.84,-0003.91,-0002.93,-0005.86,+0000.69,+0001.23,-0009.42
+1580343492.84,-0004.88,-0003.91,-0005.86,-0000.46,+0000.61,-0011.64
+1580343492.85,-0001.95,-0005.86,-0006.84,-0001.23,-0000.69,-0009.19
+1580343492.85,+0000.98,-0005.86,-0006.84,-0001.30,-0002.22,-0008.27
+1580343492.86,+0002.93,-0006.84,-0007.81,-0001.91,+0000.23,-0008.50
+1580343492.86,-0000.98,-0006.84,-0008.79,+0001.23,-0000.38,-0009.49
+1580343492.87,-0001.95,-0007.81,-0007.81,+0001.61,-0001.30,-0010.87
+1580343492.87,+0002.93,-0007.81,-0006.84,-0002.68,+0000.00,-0011.25
+1580343492.88,+0000.00,-0007.81,-0006.84,-0000.38,-0000.46,-0011.87
+1580343492.88,+0000.00,-0008.79,-0006.84,+0001.23,-0000.15,-0009.95
+1580343492.89,+0000.98,-0009.77,-0007.81,-0001.07,+0000.84,-0012.40
+1580343492.89,+0000.00,-0009.77,-0007.81,+0001.00,-0000.77,-0009.19
+1580343492.90,+0000.00,-0008.79,-0007.81,+0000.08,-0000.08,-0010.03
+1580343492.90,+0000.98,-0010.74,-0006.84,+0000.77,-0001.38,-0010.72
+1580343492.91,+0001.95,-0009.77,-0005.86,-0001.61,+0000.69,-0011.56
+1580343492.91,-0000.98,-0009.77,-0005.86,+0002.07,-0000.77,-0010.41
+1580343492.92,+0000.98,-0008.79,-0005.86,+0000.23,+0000.61,-0010.18
+1580343492.92,+0000.00,-0009.77,-0005.86,+0000.31,-0002.30,-0008.80
+1580343492.93,+0000.98,-0008.79,-0004.88,-0001.15,-0000.31,-0008.73
+1580343492.93,+0001.95,-0009.77,-0003.91,+0000.15,-0001.84,-0007.66
+1580343492.94,+0000.00,-0007.81,-0002.93,+0000.69,-0000.46,-0007.66
+1580343492.94,-0000.98,-0007.81,-0002.93,+0003.14,+0000.23,-0009.42
+1580343492.95,-0002.93,-0007.81,-0001.95,-0001.30,-0000.69,-0009.95
+1580343492.95,-0000.98,-0008.79,-0001.95,+0000.23,-0000.92,-0009.42
+1580343492.96,-0002.93,-0007.81,-0000.98,+0000.31,-0000.46,-0011.41
+1580343492.96,-0003.91,-0006.84,+0000.00,+0002.83,+0000.92,-0012.40
+1580343492.97,-0003.91,-0007.81,+0000.98,+0000.38,-0000.69,-0013.02
+1580343492.97,-0001.95,-0006.84,+0000.98,-0001.23,-0000.84,-0009.88
+1580343492.98,-0001.95,-0006.84,+0001.95,+0000.61,-0001.45,-0010.41
+1580343492.98,-0003.91,-0005.86,+0002.93,+0000.46,-0000.92,-0009.19
+1580343492.99,-0001.95,-0005.86,+0003.91,+0001.38,-0001.23,-0009.26
+1580343492.99,-0001.95,-0005.86,+0003.91,+0001.30,-0000.77,-0008.73
+1580343493.00,-0002.93,-0004.88,+0004.88,+0000.38,-0001.38,-0008.19
+1580343493.00,-0001.95,-0004.88,+0004.88,-0000.08,-0002.22,-0009.34
+1580343493.01,+0000.00,-0005.86,+0004.88,+0001.99,+0001.00,-0011.71
+1580343493.01,-0001.95,-0003.91,+0005.86,+0001.68,-0000.31,-0011.94
+1580343493.02,-0001.95,-0002.93,+0006.84,+0003.52,+0000.00,-0012.94
+1580343493.02,-0001.95,-0003.91,+0007.81,+0000.15,-0001.91,-0011.18
+1580343493.03,+0000.00,-0002.93,+0008.79,-0000.61,+0000.00,-0010.03
+1580343493.03,-0001.95,-0001.95,+0008.79,-0000.08,-0000.46,-0009.57
+1580343493.04,-0003.91,-0000.98,+0009.77,+0001.99,+0001.00,-0009.19
+1580343493.04,-0003.91,-0000.98,+0009.77,+0002.83,-0001.07,-0010.49
+1580343493.05,-0000.98,-0000.98,+0009.77,-0001.38,-0001.53,-0008.58
+1580343493.05,+0000.98,-0001.95,+0009.77,-0000.23,-0001.61,-0008.88
+1580343493.06,-0000.98,-0000.98,+0010.74,-0001.53,+0000.31,-0009.88
+1580343493.06,+0000.00,+0000.00,+0010.74,+0001.23,-0002.68,-0009.11
+1580343493.07,+0004.88,+0000.00,+0011.72,+0002.30,+0002.37,-0009.88
+1580343493.07,-0003.91,+0000.98,+0012.70,+0002.22,+0000.54,-0013.86
+1580343493.08,+0004.88,+0000.00,+0013.67,-0002.14,+0002.14,-0006.74
+1580343493.08,+0004.88,+0000.00,+0011.72,-0000.54,+0007.27,-0016.69
+1580343493.09,-0013.67,+0001.95,+0012.70,+0002.14,-0002.14,-0012.10
+1580343493.09,+0001.95,+0003.91,+0013.67,+0003.98,+0001.00,-0013.32
+1580343493.10,-0001.95,-0000.98,+0013.67,+0001.53,-0000.77,-0009.34
+1580343493.10,-0004.88,+0001.95,+0012.70,-0001.15,+0000.84,-0007.04
+1580343493.11,-0005.86,+0001.95,+0012.70,-0003.22,+0002.37,-0015.24
+1580343493.11,-0002.93,+0000.98,+0011.72,+0000.31,+0001.45,-0008.50
+1580343493.12,+0001.95,+0000.98,+0011.72,+0001.53,+0001.15,-0010.72
+1580343493.12,-0004.88,+0002.93,+0012.70,+0001.30,-0002.99,-0005.59
+1580343493.13,+0000.00,+0003.91,+0013.67,-0000.23,-0002.60,-0007.73
+1580343493.13,+0001.95,+0002.93,+0012.70,-0000.31,-0001.68,-0008.35
+1580343493.14,+0000.98,+0004.88,+0012.70,-0000.77,-0000.69,-0010.03
+1580343493.14,+0001.95,+0003.91,+0011.72,+0001.30,-0001.76,-0009.80
+1580343493.15,+0003.91,+0003.91,+0011.72,+0000.54,+0000.00,-0009.88
+1580343493.15,+0000.00,+0004.88,+0011.72,-0000.54,+0000.15,-0011.56
+1580343493.16,-0000.98,+0007.81,+0013.67,-0001.99,-0000.77,-0011.87
+1580343493.16,+0000.98,+0006.84,+0012.70,-0000.61,+0001.99,-0014.24
+1580343493.17,+0001.95,+0006.84,+0012.70,+0000.00,-0002.68,-0008.04
+1580343493.17,+0005.86,+0005.86,+0010.74,+0001.15,+0002.45,-0008.73
+1580343493.18,-0002.93,+0007.81,+0009.77,-0002.30,+0001.07,-0011.10
+1580343493.18,+0000.00,+0006.84,+0009.77,-0001.38,-0005.28,-0005.51
+1580343493.19,+0005.86,+0005.86,+0008.79,-0000.23,+0005.13,-0008.12
+1580343493.19,-0011.72,+0007.81,+0008.79,+0003.68,-0000.08,-0009.11
+1580343493.20,-0003.91,+0009.77,+0009.77,+0001.84,-0002.60,-0010.80
+1580343493.20,+0003.91,+0005.86,+0009.77,-0002.30,-0001.00,-0011.87
+1580343493.21,+0002.93,+0006.84,+0008.79,-0001.53,-0001.91,-0009.57
+1580343493.21,+0002.93,+0009.77,+0007.81,-0000.38,-0000.46,-0014.85
+1580343493.22,+0001.95,+0007.81,+0007.81,-0000.77,-0001.30,-0009.49
+1580343493.22,+0000.98,+0009.77,+0007.81,-0002.45,+0001.76,-0012.63
+1580343493.23,-0004.88,+0008.79,+0007.81,+0000.84,-0002.83,-0012.02
+1580343493.23,+0005.86,+0007.81,+0007.81,-0005.05,-0003.14,-0008.88
+1580343493.24,+0005.86,+0006.84,+0005.86,-0000.08,+0000.46,-0007.89
+1580343493.24,-0000.98,+0009.77,+0004.88,+0002.07,-0000.77,-0007.12
+1580343493.25,+0000.98,+0009.77,+0004.88,+0001.07,+0000.31,-0011.71
+1580343493.25,+0004.88,+0006.84,+0004.88,-0002.14,-0003.29,-0005.97
+1580343493.26,+0004.88,+0007.81,+0004.88,-0002.14,+0001.84,-0006.81
+1580343493.26,-0006.84,+0009.77,+0005.86,+0001.91,+0001.45,-0009.49
+1580343493.27,-0005.86,+0010.74,+0005.86,+0001.84,-0000.61,-0011.03
+1580343493.27,+0001.95,+0006.84,+0005.86,+0000.54,+0000.69,-0009.80
+1580343493.28,-0001.95,+0007.81,+0003.91,-0003.60,+0000.31,-0008.96
+1580343493.28,-0005.86,+0008.79,+0002.93,-0000.46,-0000.69,-0012.40
+1580343493.29,-0003.91,+0007.81,+0002.93,-0003.14,-0000.54,-0014.70
+1580343493.29,+0000.00,+0006.84,+0002.93,+0000.31,+0001.61,-0011.79
+1580343493.30,-0003.91,+0006.84,+0002.93,+0000.00,+0000.23,-0010.95
+1580343493.30,-0004.88,+0006.84,+0003.91,-0000.38,-0001.68,-0010.18
+1580343493.31,+0000.98,+0004.88,+0002.93,-0002.37,-0001.23,-0007.12
+1580343493.31,+0000.00,+0004.88,+0001.95,-0000.61,+0002.22,-0009.19
+1580343493.32,-0006.84,+0005.86,+0000.98,+0000.54,-0001.07,-0008.80
+1580343493.32,-0002.93,+0004.88,+0000.98,+0001.30,-0001.23,-0010.26
+1580343493.33,+0000.98,+0001.95,+0000.98,-0001.30,-0001.23,-0007.73
+1580343493.33,-0001.95,+0002.93,+0000.00,-0001.68,+0001.15,-0010.64
+1580343493.34,-0006.84,+0002.93,+0000.00,-0001.91,-0002.07,-0011.64
+1580343493.34,+0000.98,+0001.95,+0000.00,-0000.54,+0001.15,-0009.80
+1580343493.35,-0000.98,+0000.00,-0000.98,+0000.46,+0001.00,-0011.18
+1580343493.35,-0004.88,+0001.95,-0000.98,-0002.76,-0002.91,-0006.97
+1580343493.36,-0002.93,+0000.00,-0000.98,-0002.07,+0000.00,-0011.87
+1580343493.36,-0001.95,-0001.95,-0002.93,-0000.38,-0000.61,-0010.34
+1580343493.37,+0000.98,-0001.95,-0003.91,+0000.46,-0000.46,-0009.95
+1580343493.37,+0000.00,-0001.95,-0003.91,-0000.46,+0000.08,-0007.89
+1580343493.38,-0003.91,-0001.95,-0003.91,-0003.14,+0000.61,-0013.78
+1580343493.38,-0001.95,-0001.95,-0003.91,-0000.38,-0001.38,-0014.16
+1580343493.39,+0001.95,-0002.93,-0002.93,-0001.61,+0000.38,-0012.56
+1580343493.39,+0001.95,-0004.88,-0004.88,-0000.15,+0000.77,-0010.72
+1580343493.40,-0002.93,-0002.93,-0005.86,-0001.76,-0000.08,-0009.42
+1580343493.40,-0001.95,-0003.91,-0006.84,-0000.69,-0000.77,-0010.49
+1580343493.41,+0001.95,-0004.88,-0005.86,-0003.52,+0000.00,-0009.65
+1580343493.41,+0001.95,-0003.91,-0005.86,+0000.08,-0000.38,-0009.26
+1580343493.42,-0000.98,-0003.91,-0005.86,+0002.14,-0001.84,-0010.03
+1580343493.42,+0001.95,-0003.91,-0004.88,+0001.15,+0000.00,-0009.65
+1580343493.43,+0001.95,-0003.91,-0004.88,+0000.31,-0000.08,-0010.41
+1580343493.43,+0000.00,-0002.93,-0004.88,-0002.45,-0000.77,-0010.03
+1580343493.44,+0001.95,-0002.93,-0004.88,-0002.76,-0001.99,-0010.49
+1580343493.44,+0003.91,-0003.91,-0005.86,-0000.31,+0000.92,-0011.64
+1580343493.45,+0000.98,-0002.93,-0005.86,+0000.54,+0000.69,-0010.57
+1580343493.45,+0000.98,-0001.95,-0004.88,-0000.23,-0000.54,-0010.11
+1580343493.46,+0000.98,-0001.95,-0004.88,-0000.23,-0000.15,-0011.33
+1580343493.46,+0000.98,-0001.95,-0004.88,-0002.07,-0001.23,-0011.41
+1580343493.47,+0001.95,-0002.93,-0004.88,+0001.53,-0001.15,-0009.19
+1580343493.47,+0002.93,-0002.93,-0004.88,+0001.30,+0000.38,-0008.58
+1580343493.48,+0000.98,-0001.95,-0004.88,+0001.68,+0000.00,-0007.96
+1580343493.48,+0000.00,-0000.98,-0003.91,-0001.00,-0001.53,-0007.81
+1580343493.49,+0000.98,-0001.95,-0003.91,-0001.53,-0000.69,-0008.42
+1580343493.49,+0000.00,-0001.95,-0002.93,+0001.30,+0000.54,-0010.41
+1580343493.50,-0001.95,-0000.98,-0002.93,+0001.76,+0000.92,-0011.10
+1580343493.50,-0000.98,-0001.95,-0001.95,-0000.15,-0001.45,-0010.41
+1580343493.51,+0002.93,-0001.95,-0001.95,-0000.77,-0001.00,-0008.04
+1580343493.51,+0000.00,-0000.98,-0001.95,-0001.30,+0000.61,-0011.56
+1580343493.52,+0000.00,-0001.95,-0001.95,-0001.76,-0000.84,-0014.32
+1580343493.52,+0013.67,-0004.88,-0001.95,+0000.23,+0004.44,-0002.60
+1580343493.53,-0002.93,-0000.98,-0002.93,+0004.06,+0011.94,-0019.29
+1580343493.53,-0022.46,+0001.95,-0000.98,-0002.53,-0008.04,-0012.79
+1580343493.54,+0010.74,-0001.95,+0000.00,-0005.74,+0005.13,-0018.68
+1580343493.54,-0000.98,-0005.86,-0000.98,+0003.06,+0001.61,-0006.81
+1580343493.55,-0012.70,+0001.95,-0001.95,+0004.82,+0001.45,-0006.43
+1580343493.55,-0009.77,-0000.98,-0000.98,-0002.91,+0000.08,-0013.40
+1580343493.56,+0000.00,-0002.93,+0000.00,-0003.60,+0002.76,-0006.74
+1580343493.56,-0003.91,-0001.95,-0000.98,-0000.46,+0000.38,-0008.73
+1580343493.57,-0010.74,+0000.98,+0000.00,-0000.84,-0001.53,-0007.12
+1580343493.57,-0003.91,-0001.95,+0000.00,+0001.61,-0000.31,-0013.55
+1580343493.58,-0001.95,-0001.95,+0000.00,+0000.00,-0001.53,-0010.80
+1580343493.58,+0001.95,-0000.98,+0000.00,+0000.15,-0003.52,-0005.90
+1580343493.59,+0001.95,-0001.95,+0000.00,-0001.07,-0002.91,-0008.73
+1580343493.59,+0001.95,-0000.98,+0000.00,+0000.23,-0001.99,-0007.27
+1580343493.60,+0003.91,+0000.00,-0000.98,+0000.84,+0002.99,-0013.32
+1580343493.60,-0001.95,+0000.00,+0000.00,+0002.37,-0000.84,-0012.17
+1580343493.61,+0000.98,+0000.00,+0000.00,-0002.53,+0001.53,-0013.93
+1580343493.61,-0000.98,-0000.98,+0000.00,-0001.45,-0000.23,-0013.02
+1580343493.62,-0000.98,-0000.98,+0000.00,-0002.22,-0001.53,-0010.64
+1580343493.62,+0000.00,-0001.95,-0000.98,-0001.07,+0002.22,-0012.02
+1580343493.63,-0001.95,-0001.95,-0000.98,+0000.92,+0002.22,-0009.42
+1580343493.63,-0003.91,-0000.98,-0000.98,-0000.38,+0000.23,-0008.04
+1580343493.64,-0002.93,-0002.93,-0000.98,-0001.61,-0002.68,-0008.19
+1580343493.64,+0000.98,-0003.91,-0001.95,-0001.07,+0000.23,-0008.19
+1580343493.65,-0000.98,-0001.95,-0001.95,-0000.23,+0000.77,-0011.41
+1580343493.65,-0001.95,-0001.95,-0001.95,+0001.84,-0001.07,-0012.94
+1580343493.66,+0004.88,-0003.91,-0000.98,-0000.77,-0002.83,-0011.25
+1580343493.66,+0006.84,-0002.93,-0001.95,-0003.06,+0000.08,-0010.11
+1580343493.67,+0000.98,-0001.95,-0001.95,-0002.14,-0002.30,-0010.18
+1580343493.67,+0001.95,-0001.95,-0001.95,-0000.08,-0000.31,-0011.48
+1580343493.68,+0004.88,-0003.91,-0001.95,-0000.08,+0000.61,-0012.40
+1580343493.68,+0003.91,-0002.93,-0002.93,-0000.31,-0000.92,-0008.27
+1580343493.69,+0002.93,-0001.95,-0001.95,-0000.92,-0001.53,-0008.35
+1580343493.69,+0002.93,-0001.95,-0001.95,-0002.45,-0000.23,-0008.73
+1580343493.70,+0000.98,-0001.95,-0001.95,+0000.31,+0000.46,-0010.72
+1580343493.70,+0000.98,-0000.98,-0000.98,+0001.38,+0000.61,-0010.34
+1580343493.71,+0000.00,-0000.98,-0000.98,+0001.38,+0001.15,-0010.57
+1580343493.71,+0000.00,-0000.98,-0000.98,-0000.38,+0000.00,-0010.80
+1580343493.72,+0000.98,+0000.00,-0000.98,-0001.61,-0001.15,-0010.87
+1580343493.72,+0000.98,-0000.98,-0000.98,+0000.31,-0000.08,-0010.26
+1580343493.73,+0000.00,+0000.00,-0000.98,+0001.76,+0001.07,-0010.64
+1580343493.73,-0000.98,+0000.98,+0000.00,+0001.07,-0001.23,-0008.42
+1580343493.74,+0000.98,+0000.98,+0000.00,-0000.92,-0000.46,-0009.65
+1580343493.74,+0000.00,+0000.98,+0000.00,-0001.00,+0000.54,-0010.95
+1580343493.75,-0000.98,+0001.95,+0000.00,-0000.77,-0001.15,-0011.25
+1580343493.75,+0001.95,+0000.98,+0000.00,+0001.99,+0000.38,-0009.65
+1580343493.76,+0000.98,+0001.95,+0000.00,+0001.45,+0000.31,-0009.42
+1580343493.76,-0000.98,+0002.93,+0000.98,+0000.69,-0000.54,-0009.19
+1580343493.77,+0000.00,+0002.93,+0001.95,-0000.23,-0000.54,-0009.49
+1580343493.77,+0000.98,+0002.93,+0001.95,+0000.46,+0000.15,-0008.04
+1580343493.78,-0001.95,+0003.91,+0001.95,+0001.91,+0001.00,-0009.72
+1580343493.78,-0001.95,+0003.91,+0001.95,+0001.76,-0001.07,-0009.34
+1580343493.79,-0000.98,+0003.91,+0002.93,-0000.84,+0001.23,-0010.95
+1580343493.79,-0001.95,+0002.93,+0002.93,-0001.84,+0000.08,-0011.64
+1580343493.80,-0001.95,+0002.93,+0002.93,-0000.31,-0002.60,-0011.41
+1580343493.80,+0003.91,+0001.95,+0001.95,+0003.52,+0002.45,-0009.72
+1580343493.81,-0002.93,+0002.93,+0001.95,+0000.00,+0000.92,-0011.56
+1580343493.81,-0006.84,+0004.88,+0002.93,+0000.69,-0002.60,-0010.64
+1580343493.82,+0001.95,+0001.95,+0003.91,-0001.68,-0001.84,-0011.48
+1580343493.82,+0002.93,+0000.98,+0002.93,+0001.00,-0000.15,-0005.59
+1580343493.83,-0003.91,+0002.93,+0002.93,+0001.38,+0000.84,-0006.97
+1580343493.83,-0006.84,+0002.93,+0002.93,+0000.15,-0000.69,-0007.96
+1580343493.84,-0003.91,+0001.95,+0001.95,-0002.68,-0000.15,-0011.18
+1580343493.84,-0003.91,+0000.98,+0002.93,-0001.45,+0000.38,-0009.49
+1580343493.85,-0003.91,+0001.95,+0001.95,+0000.69,+0000.08,-0011.79
+1580343493.85,-0007.81,+0000.98,+0001.95,-0000.69,-0000.08,-0013.55
+1580343493.86,-0003.91,+0000.98,+0001.95,-0000.38,+0000.15,-0011.71
+1580343493.86,-0003.91,+0000.98,+0001.95,+0001.15,-0000.54,-0010.11
+1580343493.87,-0004.88,+0000.98,+0001.95,-0001.61,-0002.30,-0008.35
+1580343493.87,-0003.91,+0001.95,+0001.95,+0000.23,-0000.61,-0010.57
+1580343493.88,-0002.93,+0000.98,+0001.95,+0002.22,-0000.84,-0009.19
+1580343493.88,-0000.98,+0001.95,+0001.95,+0002.14,+0000.08,-0010.41
+1580343493.89,-0002.93,+0002.93,+0001.95,+0000.00,-0000.31,-0011.48
+1580343493.89,-0002.93,+0002.93,+0001.95,-0001.61,-0001.68,-0014.93
+1580343493.90,+0000.98,+0001.95,+0000.98,-0001.68,+0001.07,-0015.16
+1580343493.90,+0000.98,+0001.95,+0001.95,+0002.14,+0001.30,-0012.94
+1580343493.91,-0000.98,+0003.91,+0001.95,+0001.84,+0001.30,-0013.32
+1580343493.91,+0000.98,+0002.93,+0001.95,-0001.23,-0001.53,-0009.57
+1580343493.92,+0003.91,+0001.95,+0001.95,-0003.14,-0001.00,-0008.73
+1580343493.92,+0002.93,+0002.93,+0000.98,+0000.23,+0001.23,-0008.19
+1580343493.93,+0000.00,+0004.88,+0000.98,+0001.91,-0000.84,-0008.96
+1580343493.93,+0003.91,+0002.93,+0001.95,+0000.77,-0001.53,-0007.96
+1580343493.94,+0005.86,+0002.93,+0001.95,-0001.15,-0001.00,-0006.58
+1580343493.94,+0003.91,+0003.91,+0001.95,-0001.15,-0000.54,-0006.74
+1580343493.95,+0001.95,+0003.91,+0000.98,+0001.07,-0000.54,-0009.88
+1580343493.95,+0003.91,+0002.93,+0000.98,+0001.00,+0000.08,-0008.12
+1580343493.96,+0000.00,+0002.93,+0000.98,+0002.07,+0005.13,-0012.40
+1580343493.96,-0005.86,+0003.91,+0001.95,-0001.76,-0007.04,-0009.34
+1580343493.97,+0010.74,+0000.98,+0001.95,-0001.23,+0000.00,-0006.97
+1580343493.97,+0000.98,+0000.98,+0000.00,+0000.15,+0009.49,-0013.70
+1580343493.98,-0018.55,+0005.86,+0000.00,+0003.52,-0001.00,-0012.10
+1580343493.98,+0000.00,+0003.91,+0000.98,-0002.45,+0002.45,-0014.85
+1580343493.99,+0000.00,-0001.95,+0000.00,-0002.60,+0000.84,-0009.03
+1580343493.99,-0005.86,+0002.93,+0000.00,+0001.30,+0002.91,-0005.74
+1580343494.00,-0010.74,+0002.93,-0000.98,+0000.92,-0001.76,-0009.26
+1580343494.00,-0000.98,+0000.00,-0000.98,-0002.68,+0000.38,-0006.97
+1580343494.01,+0001.95,+0000.00,-0000.98,-0001.23,+0000.00,-0008.42
+1580343494.01,-0005.86,+0002.93,-0001.95,-0001.99,-0002.53,-0006.66
+1580343494.02,-0002.93,+0000.98,-0002.93,+0000.15,-0000.54,-0013.02
+1580343494.02,+0000.98,+0000.98,-0002.93,+0000.77,+0000.08,-0012.25
+1580343494.03,+0001.95,+0001.95,-0002.93,+0001.53,-0001.61,-0011.10
+1580343494.03,+0000.98,+0001.95,-0002.93,-0001.99,-0000.38,-0012.02
+1580343494.04,+0000.98,+0001.95,-0002.93,-0001.99,-0000.92,-0012.71
+1580343494.04,+0002.93,+0001.95,-0003.91,-0000.92,+0001.00,-0012.56
+1580343494.05,+0001.95,+0001.95,-0003.91,+0002.14,+0000.23,-0011.87
+1580343494.05,+0002.93,+0000.98,-0003.91,+0000.84,-0000.38,-0006.58
+1580343494.06,+0002.93,+0000.98,-0004.88,-0002.45,-0000.61,-0005.82
+1580343494.06,+0000.00,+0000.98,-0004.88,-0001.38,-0001.07,-0005.74
+1580343494.07,+0000.00,+0000.98,-0004.88,-0000.54,-0000.08,-0007.50
+1580343494.07,+0000.00,+0000.00,-0005.86,+0002.22,+0001.76,-0008.27
+1580343494.08,-0002.93,+0000.00,-0005.86,-0000.08,+0000.38,-0009.34
+1580343494.08,-0003.91,+0000.00,-0005.86,-0001.15,+0000.23,-0013.40
+1580343494.09,-0001.95,+0000.00,-0005.86,-0002.14,+0000.69,-0015.16
+1580343494.09,-0000.98,-0000.98,-0005.86,+0002.45,+0001.61,-0015.85
+1580343494.10,-0002.93,+0000.00,-0004.88,+0000.31,+0000.23,-0014.32
+1580343494.10,-0000.98,+0000.00,-0005.86,+0001.07,-0000.38,-0012.17
+1580343494.11,-0001.95,-0000.98,-0005.86,-0002.99,-0000.46,-0008.35
+1580343494.11,-0001.95,-0000.98,-0007.81,-0002.37,+0000.38,-0008.42
+1580343494.12,-0002.93,-0000.98,-0008.79,-0000.92,+0000.61,-0008.12
+1580343494.12,-0001.95,-0001.95,-0008.79,-0001.00,-0002.07,-0005.59
+1580343494.13,-0000.98,-0001.95,-0008.79,-0002.14,-0000.31,-0007.73
+1580343494.13,-0002.93,-0001.95,-0008.79,-0001.84,-0000.46,-0008.27
+1580343494.14,-0001.95,-0000.98,-0007.81,-0000.08,+0000.08,-0012.56
+1580343494.14,+0000.00,-0001.95,-0007.81,+0000.77,-0001.23,-0009.42
+1580343494.15,+0000.00,-0001.95,-0007.81,-0000.23,-0001.61,-0009.80
+1580343494.15,+0000.00,-0000.98,-0007.81,-0003.22,-0002.14,-0010.26
+1580343494.16,+0001.95,-0001.95,-0008.79,-0001.76,-0000.15,-0010.57
+1580343494.16,+0001.95,-0002.93,-0008.79,+0001.53,+0000.38,-0011.03
+1580343494.17,+0000.98,-0001.95,-0008.79,+0000.38,-0001.53,-0010.95
+1580343494.17,+0004.88,-0002.93,-0008.79,-0001.45,-0002.30,-0011.10
+1580343494.18,+0005.86,-0002.93,-0008.79,-0000.92,-0001.07,-0009.95
+1580343494.18,+0002.93,-0001.95,-0009.77,+0000.84,+0001.84,-0011.94
+1580343494.19,+0001.95,-0001.95,-0009.77,+0000.31,-0000.31,-0010.64
+1580343494.19,+0002.93,-0003.91,-0009.77,-0002.14,-0000.92,-0011.03
+1580343494.20,+0004.88,-0004.88,-0009.77,-0000.38,+0001.30,-0010.72
+1580343494.20,+0000.98,-0002.93,-0009.77,-0001.23,+0000.61,-0010.34
+1580343494.21,-0000.98,-0002.93,-0008.79,+0000.23,+0001.23,-0010.49
+1580343494.21,+0001.95,-0003.91,-0008.79,-0001.15,+0000.54,-0010.03
+1580343494.22,+0001.95,-0004.88,-0008.79,-0000.69,+0001.38,-0007.66
+1580343494.22,-0001.95,-0003.91,-0008.79,-0002.76,+0000.69,-0008.12
+1580343494.23,-0004.88,-0003.91,-0009.77,+0000.77,+0000.92,-0011.87
+1580343494.23,-0003.91,-0004.88,-0009.77,+0001.84,+0001.38,-0012.02
+1580343494.24,-0004.88,-0004.88,-0009.77,+0000.92,+0002.45,-0013.02
+1580343494.24,-0005.86,-0004.88,-0008.79,-0000.77,-0001.38,-0011.10
+1580343494.25,-0004.88,-0004.88,-0008.79,-0001.61,+0000.23,-0011.71
+1580343494.25,-0004.88,-0005.86,-0008.79,+0001.00,-0000.84,-0011.64
+1580343494.26,-0002.93,-0004.88,-0008.79,+0001.61,-0000.54,-0011.87
+1580343494.26,-0000.98,-0005.86,-0009.77,-0000.15,-0003.14,-0006.58
+1580343494.27,+0000.00,-0005.86,-0009.77,-0003.75,-0001.84,-0006.97
+1580343494.27,+0000.00,-0006.84,-0009.77,-0001.07,-0002.45,-0007.89
+1580343494.28,+0003.91,-0005.86,-0009.77,-0000.69,-0001.76,-0009.65
+1580343494.28,+0004.88,-0006.84,-0009.77,+0000.69,-0001.00,-0010.64
+1580343494.29,+0004.88,-0006.84,-0008.79,+0000.08,-0001.38,-0011.10
+1580343494.29,+0004.88,-0007.81,-0008.79,-0001.61,-0002.22,-0011.64
+1580343494.30,+0007.81,-0008.79,-0008.79,-0001.00,-0000.15,-0012.86
+1580343494.30,+0007.81,-0009.77,-0008.79,+0002.14,+0001.30,-0011.33
+1580343494.31,+0004.88,-0008.79,-0008.79,+0000.46,-0000.08,-0010.80
+1580343494.31,+0004.88,-0009.77,-0008.79,+0000.69,-0000.84,-0008.80
+1580343494.32,+0005.86,-0010.74,-0007.81,-0001.76,+0000.15,-0009.42
+1580343494.32,+0003.91,-0010.74,-0007.81,+0000.69,+0000.61,-0009.26
+1580343494.33,+0003.91,-0010.74,-0007.81,+0000.77,-0000.08,-0007.81
+1580343494.33,+0003.91,-0011.72,-0006.84,-0000.46,+0000.15,-0006.66
+1580343494.34,+0000.98,-0010.74,-0005.86,-0000.54,+0000.23,-0007.96
+1580343494.34,-0000.98,-0009.77,-0005.86,-0002.91,+0000.15,-0009.19
+1580343494.35,-0000.98,-0010.74,-0004.88,-0000.77,+0001.00,-0012.25
+1580343494.35,-0000.98,-0010.74,-0004.88,+0001.91,+0000.54,-0011.03
+1580343494.36,-0001.95,-0010.74,-0004.88,+0002.30,+0000.15,-0010.80
+1580343494.36,-0003.91,-0009.77,-0004.88,-0000.61,-0000.54,-0010.87
+1580343494.37,-0002.93,-0009.77,-0003.91,-0000.23,-0000.61,-0010.95
+1580343494.37,-0002.93,-0008.79,-0003.91,+0001.30,+0000.38,-0011.94
+1580343494.38,-0003.91,-0007.81,-0001.95,+0003.45,+0000.00,-0011.41
+1580343494.38,-0003.91,-0006.84,-0000.98,+0000.77,-0000.92,-0009.95
+1580343494.39,+0000.98,-0006.84,+0000.00,-0001.91,-0002.76,-0006.28
+1580343494.39,+0001.95,-0006.84,+0000.00,+0000.15,-0000.84,-0007.27
+1580343494.40,+0000.00,-0004.88,+0000.00,+0001.53,-0001.84,-0007.27
+1580343494.40,+0001.95,-0004.88,+0000.00,+0002.30,-0002.30,-0006.66
+1580343494.41,+0004.88,-0004.88,+0000.98,-0001.45,-0000.54,-0009.42
+1580343494.41,+0001.95,-0003.91,+0002.93,+0003.52,-0002.22,-0011.18
+1580343494.42,+0003.91,-0002.93,+0004.88,-0002.53,-0000.69,-0009.65
+1580343494.42,-0003.91,-0000.98,+0005.86,-0000.23,+0001.45,-0017.38
+1580343494.43,-0005.86,-0000.98,+0007.81,+0002.14,-0002.14,-0010.26
+1580343494.43,+0002.93,-0002.93,+0007.81,-0001.61,+0004.90,-0014.93
+1580343494.44,-0008.79,-0003.91,+0006.84,-0001.30,+0001.91,-0013.48
+1580343494.44,-0006.84,-0000.98,+0007.81,-0001.30,+0001.68,-0012.10
+1580343494.45,-0000.98,-0004.88,+0008.79,+0000.92,-0000.61,-0008.73
+1580343494.45,+0000.00,-0004.88,+0008.79,+0001.53,-0000.23,-0005.28
+1580343494.46,-0003.91,-0003.91,+0007.81,+0000.92,-0003.45,-0006.58
+1580343494.46,-0001.95,-0004.88,+0008.79,-0000.92,-0000.08,-0009.57
+1580343494.47,+0000.98,-0005.86,+0008.79,+0004.44,-0000.61,-0011.41
+1580343494.47,-0000.98,-0003.91,+0010.74,+0002.22,+0000.46,-0011.25
+1580343494.48,+0000.00,-0003.91,+0010.74,+0001.00,-0001.76,-0011.56
+1580343494.48,+0000.98,-0005.86,+0010.74,-0002.60,-0001.91,-0010.41
+1580343494.49,+0003.91,-0005.86,+0009.77,+0000.69,+0001.53,-0010.49
+1580343494.49,-0000.98,-0004.88,+0009.77,+0002.22,+0000.69,-0012.71
+1580343494.50,-0000.98,-0004.88,+0009.77,+0000.61,-0001.07,-0009.65
+1580343494.50,+0002.93,-0005.86,+0010.74,-0001.53,+0000.77,-0011.94
+1580343494.51,-0000.98,-0004.88,+0010.74,+0000.23,+0000.54,-0010.87
+1580343494.51,-0002.93,-0003.91,+0010.74,+0000.92,-0000.77,-0011.48
+1580343494.52,+0003.91,-0005.86,+0010.74,+0000.23,-0001.23,-0007.04
+1580343494.52,+0003.91,-0005.86,+0009.77,+0000.00,+0002.07,-0005.97
+1580343494.53,-0006.84,-0001.95,+0009.77,-0000.54,-0001.23,-0009.65
+1580343494.53,-0002.93,-0002.93,+0011.72,+0001.45,+0000.08,-0012.63
+1580343494.54,+0001.95,-0004.88,+0011.72,+0000.15,+0000.84,-0010.49
+1580343494.54,-0000.98,-0003.91,+0011.72,+0002.14,-0000.23,-0007.73
+1580343494.55,-0003.91,-0000.98,+0011.72,-0001.76,-0001.45,-0011.10
+1580343494.55,-0000.98,-0001.95,+0011.72,-0001.76,+0000.69,-0011.71
+1580343494.56,+0000.98,-0001.95,+0011.72,+0001.84,+0000.54,-0011.25
+1580343494.56,+0000.00,-0000.98,+0011.72,+0002.14,-0000.61,-0013.17
+1580343494.57,+0000.00,-0000.98,+0011.72,-0002.68,-0001.84,-0012.17
+1580343494.57,+0001.95,+0000.00,+0011.72,+0001.00,+0001.30,-0012.40
+1580343494.58,+0000.98,+0000.00,+0012.70,-0001.07,+0000.84,-0012.48
+1580343494.58,+0000.00,+0001.95,+0012.70,+0000.00,-0000.61,-0011.10
+1580343494.59,+0002.93,+0001.95,+0013.67,-0000.77,-0003.06,-0009.88
+1580343494.59,+0005.86,+0001.95,+0012.70,-0001.00,-0001.00,-0007.43
+1580343494.60,+0001.95,+0002.93,+0011.72,+0000.61,+0001.23,-0008.27
+1580343494.60,+0000.00,+0004.88,+0011.72,+0001.30,-0001.84,-0008.04
+1580343494.61,+0004.88,+0004.88,+0012.70,-0000.77,-0001.23,-0007.81
+1580343494.61,+0002.93,+0004.88,+0012.70,-0001.91,+0001.07,-0008.80
+1580343494.62,-0001.95,+0006.84,+0012.70,+0001.15,+0001.07,-0009.26
+1580343494.62,-0000.98,+0007.81,+0012.70,-0000.15,+0001.30,-0009.80
+1580343494.63,-0000.98,+0006.84,+0012.70,-0000.92,+0000.23,-0009.72
+1580343494.63,-0001.95,+0006.84,+0011.72,-0003.29,-0000.15,-0009.03
+1580343494.64,-0002.93,+0007.81,+0010.74,+0000.00,+0000.69,-0010.57
+1580343494.64,-0003.91,+0007.81,+0010.74,-0000.15,+0001.00,-0010.41
+1580343494.65,-0002.93,+0007.81,+0010.74,-0000.84,+0000.54,-0010.34
+1580343494.65,-0002.93,+0008.79,+0010.74,-0001.45,-0000.92,-0010.26
+1580343494.66,-0002.93,+0008.79,+0009.77,-0000.54,-0000.15,-0011.64
+1580343494.66,-0001.95,+0008.79,+0009.77,+0001.15,-0000.77,-0011.71
+1580343494.67,-0000.98,+0009.77,+0009.77,+0001.53,-0000.08,-0010.49
+1580343494.67,-0002.93,+0010.74,+0008.79,-0001.99,+0000.23,-0010.72
+1580343494.68,-0002.93,+0010.74,+0008.79,-0002.37,-0001.45,-0010.26
+1580343494.68,-0000.98,+0010.74,+0007.81,-0000.46,+0000.46,-0010.87
+1580343494.69,-0000.98,+0009.77,+0006.84,-0002.22,-0000.54,-0008.27
+1580343494.69,-0000.98,+0010.74,+0005.86,-0002.83,-0000.31,-0010.72
+1580343494.70,-0001.95,+0010.74,+0004.88,-0001.99,-0000.46,-0011.71
+1580343494.70,+0000.00,+0010.74,+0003.91,+0001.30,+0000.69,-0011.33
+1580343494.71,+0001.95,+0009.77,+0003.91,-0001.61,+0001.00,-0009.72
+1580343494.71,-0000.98,+0010.74,+0002.93,-0003.60,-0000.77,-0008.73
+1580343494.72,-0000.98,+0010.74,+0002.93,-0002.60,+0000.61,-0011.25
+1580343494.72,+0000.98,+0010.74,+0001.95,-0001.53,-0001.00,-0008.12
+1580343494.73,+0003.91,+0008.79,+0000.98,-0000.23,+0001.30,-0007.50
+1580343494.73,-0001.95,+0009.77,+0000.00,-0003.45,+0000.23,-0008.35
+1580343494.74,-0003.91,+0011.72,+0000.98,-0001.38,+0000.08,-0011.18
+1580343494.74,+0000.00,+0009.77,+0000.00,+0000.31,+0001.61,-0011.56
+1580343494.75,+0000.00,+0008.79,-0000.98,-0001.23,+0001.15,-0010.80
+1580343494.75,-0003.91,+0008.79,-0001.95,-0003.06,-0001.00,-0011.25
+1580343494.76,-0000.98,+0008.79,-0002.93,-0000.69,+0000.23,-0012.02
+1580343494.76,+0000.00,+0008.79,-0002.93,+0001.23,+0000.69,-0010.26
+1580343494.77,-0001.95,+0008.79,-0003.91,+0000.00,-0001.07,-0008.27
+1580343494.77,-0001.95,+0008.79,-0004.88,-0002.53,-0000.31,-0009.11
+1580343494.78,-0000.98,+0008.79,-0004.88,-0000.69,-0000.15,-0010.72
+1580343494.78,+0000.98,+0007.81,-0004.88,+0000.69,+0000.08,-0009.03
+1580343494.79,+0000.00,+0007.81,-0005.86,-0000.46,+0000.15,-0007.89
+1580343494.79,-0002.93,+0007.81,-0005.86,-0002.53,-0000.84,-0010.80
+1580343494.80,-0003.91,+0006.84,-0006.84,-0001.23,+0000.08,-0012.02
+1580343494.80,-0000.98,+0005.86,-0006.84,+0000.69,+0000.08,-0010.34
+1580343494.81,+0000.00,+0003.91,-0007.81,+0000.08,+0000.23,-0008.88
+1580343494.81,-0001.95,+0003.91,-0007.81,-0002.76,-0001.76,-0009.19
+1580343494.82,-0001.95,+0003.91,-0007.81,+0000.92,-0000.15,-0011.03
+1580343494.82,+0000.00,+0001.95,-0007.81,+0000.15,-0000.08,-0010.18
+1580343494.83,+0000.00,+0001.95,-0007.81,+0001.91,-0000.38,-0009.57
+1580343494.83,-0002.93,+0000.98,-0007.81,+0000.15,-0000.15,-0013.78
+1580343494.84,-0001.95,+0000.98,-0007.81,-0000.31,-0001.23,-0013.55
+1580343494.84,+0002.93,-0000.98,-0007.81,+0001.15,-0000.38,-0011.41
+1580343494.85,-0000.98,-0001.95,-0008.79,-0001.30,+0000.15,-0009.72
+1580343494.85,-0002.93,-0000.98,-0007.81,-0000.92,-0001.45,-0009.65
+1580343494.86,+0001.95,-0001.95,-0007.81,-0000.61,-0000.84,-0010.49
+1580343494.86,+0001.95,-0003.91,-0007.81,+0001.15,+0001.15,-0008.73
+1580343494.87,+0000.00,-0003.91,-0007.81,-0000.69,-0001.38,-0009.34
+1580343494.87,+0000.98,-0004.88,-0007.81,-0001.38,-0002.37,-0009.65
+1580343494.88,+0003.91,-0005.86,-0006.84,+0001.15,-0000.31,-0010.03
+1580343494.88,+0002.93,-0006.84,-0006.84,+0002.45,-0000.31,-0011.18
+1580343494.89,+0000.98,-0005.86,-0006.84,-0002.45,-0002.30,-0012.71
+1580343494.89,+0010.74,-0008.79,-0006.84,-0001.00,-0005.82,-0003.29
+1580343494.90,+0007.81,-0009.77,-0007.81,+0000.61,+0005.44,-0005.97
+1580343494.90,-0016.60,-0007.81,-0007.81,+0000.38,-0006.05,-0012.56
+1580343494.91,+0003.91,-0008.79,-0005.86,+0001.45,-0002.53,-0012.40
+1580343494.91,+0010.74,-0014.65,-0005.86,-0002.68,+0004.21,-0012.63
+1580343494.92,-0008.79,-0012.70,-0006.84,+0001.84,+0000.23,-0008.27
+1580343494.92,-0010.74,-0009.77,-0005.86,+0000.54,-0001.68,-0011.71
+1580343494.93,+0000.00,-0014.65,-0004.88,-0001.15,-0001.53,-0008.50
+1580343494.93,+0002.93,-0016.60,-0004.88,+0000.69,+0003.29,-0007.27
+1580343494.94,-0011.72,-0014.65,-0004.88,+0002.37,-0000.15,-0008.88
+1580343494.94,-0010.74,-0014.65,-0004.88,-0001.91,-0002.22,-0010.95
+1580343494.95,-0000.98,-0017.58,-0003.91,-0000.69,-0002.07,-0013.55
+1580343494.95,+0000.00,-0017.58,-0003.91,+0001.68,+0001.15,-0008.35
+1580343494.96,-0006.84,-0014.65,-0003.91,+0000.77,-0001.53,-0010.49
+1580343494.96,-0006.84,-0015.62,-0002.93,-0000.38,-0003.75,-0010.26
+1580343494.97,+0002.93,-0015.62,-0002.93,-0000.15,-0002.45,-0009.65
+1580343494.97,-0000.98,-0015.62,-0002.93,+0003.68,-0000.38,-0009.95
+1580343494.98,-0006.84,-0013.67,-0001.95,+0000.92,-0002.14,-0008.35
+1580343494.98,-0001.95,-0013.67,-0000.98,+0000.38,-0001.68,-0010.87
+1580343494.99,+0000.00,-0013.67,-0000.98,+0000.31,+0000.08,-0010.57
+1580343494.99,-0001.95,-0012.70,-0000.98,+0002.68,-0000.23,-0011.33
+1580343495.00,-0004.88,-0011.72,+0000.00,+0000.61,-0000.69,-0010.41
+1580343495.00,-0001.95,-0011.72,+0000.98,+0000.54,-0002.60,-0009.34
+1580343495.01,+0000.00,-0011.72,+0000.98,+0001.68,+0001.07,-0008.04
+1580343495.01,-0005.86,-0009.77,+0001.95,+0003.37,+0001.76,-0006.51
+1580343495.02,-0010.74,-0007.81,+0002.93,-0001.76,+0000.23,-0011.79
+1580343495.02,-0005.86,-0007.81,+0003.91,-0000.15,-0000.31,-0013.02
+1580343495.03,-0002.93,-0008.79,+0003.91,+0000.38,+0001.91,-0009.19
+1580343495.03,-0005.86,-0007.81,+0003.91,+0001.91,+0001.45,-0011.79
+1580343495.04,-0007.81,-0005.86,+0004.88,-0001.15,-0003.29,-0012.86
+1580343495.04,-0001.95,-0005.86,+0004.88,+0000.84,+0000.46,-0009.34
+1580343495.05,-0002.93,-0005.86,+0005.86,+0000.54,-0000.69,-0008.80
+1580343495.05,-0005.86,-0003.91,+0005.86,+0002.76,+0000.08,-0009.03
+1580343495.06,-0001.95,-0003.91,+0006.84,-0002.37,-0003.83,-0009.03
+1580343495.06,+0000.00,-0003.91,+0006.84,-0000.08,+0002.14,-0009.95
+1580343495.07,-0006.84,-0002.93,+0006.84,+0002.37,-0002.68,-0009.19
+1580343495.07,-0000.98,-0000.98,+0007.81,+0000.15,-0000.77,-0009.34
+1580343495.08,-0000.98,-0001.95,+0007.81,+0000.69,+0000.00,-0011.18
+1580343495.08,-0001.95,-0000.98,+0007.81,+0000.69,+0000.00,-0010.11
+1580343495.09,-0000.98,+0000.00,+0007.81,+0000.54,-0000.38,-0010.87
+1580343495.09,+0000.00,+0000.00,+0007.81,+0000.77,-0001.45,-0009.95
+1580343495.10,-0000.98,+0000.98,+0007.81,+0000.08,+0001.07,-0012.02
+1580343495.10,-0002.93,+0001.95,+0007.81,-0000.46,-0000.15,-0011.79
+1580343495.11,+0000.00,+0001.95,+0008.79,+0001.15,+0000.54,-0010.34
+1580343495.11,-0000.98,+0002.93,+0008.79,-0001.68,-0000.08,-0011.10
+1580343495.12,-0002.93,+0003.91,+0008.79,-0000.15,+0001.15,-0011.64
+1580343495.12,-0000.98,+0003.91,+0008.79,-0000.61,+0001.00,-0012.94
+1580343495.13,+0000.00,+0003.91,+0008.79,+0000.84,+0000.31,-0011.87
+1580343495.13,+0000.00,+0003.91,+0007.81,-0001.07,+0000.38,-0010.80
+1580343495.14,+0000.00,+0004.88,+0007.81,-0000.77,-0000.61,-0010.18
+1580343495.14,+0001.95,+0004.88,+0007.81,+0001.07,-0000.54,-0009.49
+1580343495.15,+0003.91,+0003.91,+0007.81,+0000.38,-0000.69,-0007.58
+1580343495.15,+0003.91,+0004.88,+0007.81,-0001.00,-0000.54,-0008.65
+1580343495.16,+0002.93,+0004.88,+0007.81,-0000.54,-0001.00,-0008.80
+1580343495.16,+0002.93,+0004.88,+0007.81,+0001.23,+0001.00,-0010.64
+1580343495.17,+0003.91,+0003.91,+0006.84,-0001.00,-0001.30,-0011.25
+1580343495.17,+0005.86,+0003.91,+0006.84,-0001.38,+0000.84,-0012.48
+1580343495.18,+0002.93,+0002.93,+0006.84,+0000.23,+0000.23,-0011.41
+1580343495.18,+0002.93,+0003.91,+0005.86,-0001.00,+0000.31,-0011.79
+1580343495.19,+0003.91,+0001.95,+0005.86,-0001.53,+0000.23,-0010.11
+1580343495.19,+0003.91,+0000.98,+0005.86,-0001.99,+0000.69,-0009.11
+1580343495.20,+0000.98,+0000.98,+0004.88,+0000.84,+0001.91,-0009.80
+1580343495.20,+0000.98,+0000.98,+0004.88,+0000.54,-0000.46,-0008.88
+1580343495.21,+0001.95,+0000.00,+0004.88,-0001.99,+0000.38,-0008.65
+1580343495.21,+0000.00,-0000.98,+0004.88,+0000.31,+0000.61,-0009.42
+1580343495.22,+0000.00,-0000.98,+0004.88,+0000.84,+0001.07,-0008.12
+1580343495.22,-0001.95,-0001.95,+0003.91,-0001.15,-0000.61,-0009.88
+1580343495.23,-0002.93,-0001.95,+0003.91,-0000.92,+0000.00,-0009.88
+1580343495.23,-0001.95,-0001.95,+0003.91,+0000.38,+0000.38,-0010.34
+1580343495.24,-0002.93,-0002.93,+0003.91,+0000.00,+0000.77,-0010.34
+1580343495.24,-0004.88,-0001.95,+0003.91,-0000.92,+0000.00,-0012.10
+1580343495.25,-0005.86,-0001.95,+0003.91,+0000.08,+0000.61,-0012.48
+1580343495.25,-0004.88,-0001.95,+0003.91,-0000.69,-0000.92,-0010.72
+1580343495.26,-0001.95,-0001.95,+0003.91,-0000.69,-0001.68,-0008.58
+1580343495.26,-0001.95,-0001.95,+0003.91,-0000.84,+0000.61,-0009.34
+1580343495.27,-0005.86,-0000.98,+0003.91,+0000.84,+0000.61,-0009.03
+1580343495.27,-0004.88,-0000.98,+0004.88,-0002.53,-0002.60,-0009.03
+1580343495.28,+0000.98,-0001.95,+0004.88,+0000.84,-0000.23,-0009.80
+1580343495.28,-0001.95,-0000.98,+0004.88,-0001.00,+0000.54,-0009.57
+1580343495.29,-0003.91,+0000.00,+0004.88,+0002.76,-0001.45,-0009.57
+1580343495.29,+0000.00,+0000.00,+0005.86,+0001.53,-0002.30,-0012.02
+1580343495.30,+0002.93,-0000.98,+0005.86,+0000.84,-0000.38,-0009.65
+1580343495.30,+0001.95,+0000.00,+0006.84,+0002.37,-0001.07,-0008.04
+1580343495.31,-0000.98,+0000.98,+0006.84,+0000.15,-0000.84,-0010.80
+1580343495.31,-0000.98,+0000.98,+0007.81,-0001.07,-0001.00,-0010.18
+1580343495.32,+0001.95,+0000.00,+0008.79,+0002.91,+0001.91,-0011.64
+1580343495.32,-0000.98,+0000.00,+0007.81,-0001.15,+0000.69,-0009.34
+1580343495.33,-0003.91,+0000.00,+0007.81,-0002.91,-0000.38,-0013.02
+1580343495.33,-0000.98,-0000.98,+0007.81,+0001.76,-0001.00,-0013.55
+1580343495.34,+0004.88,-0001.95,+0008.79,-0000.54,-0000.61,-0009.57
+1580343495.34,+0000.00,-0001.95,+0007.81,-0001.76,-0000.23,-0010.26
+1580343495.35,-0003.91,-0000.98,+0007.81,+0000.84,-0002.30,-0011.56
+1580343495.35,+0005.86,-0001.95,+0009.77,-0000.46,-0000.69,-0010.80
+1580343495.36,+0006.84,-0002.93,+0008.79,+0000.69,+0000.61,-0008.35
+1580343495.36,-0000.98,-0001.95,+0007.81,-0001.84,-0001.76,-0011.33
+1580343495.37,+0003.91,-0001.95,+0007.81,-0001.53,-0004.82,-0009.03
+1580343495.37,+0016.60,-0003.91,+0007.81,-0001.76,+0000.23,-0001.15
+1580343495.38,-0007.81,-0001.95,+0005.86,-0003.37,-0001.23,-0017.30
+1580343495.38,-0013.67,-0000.98,+0006.84,+0000.46,-0006.28,-0014.55
+1580343495.39,+0015.62,-0001.95,+0007.81,-0003.83,+0003.60,-0013.78
+1580343495.39,+0003.91,-0004.88,+0006.84,-0004.13,+0002.91,-0009.72
+1580343495.40,-0007.81,-0001.95,+0005.86,-0002.91,+0000.00,-0010.03
+1580343495.40,-0004.88,-0001.95,+0004.88,-0001.53,-0001.15,-0012.56
+1580343495.41,+0003.91,-0002.93,+0004.88,+0000.92,+0001.68,-0008.35
+1580343495.41,+0000.00,-0003.91,+0003.91,+0000.38,+0000.38,-0010.80
+1580343495.42,-0005.86,+0000.00,+0003.91,-0002.60,-0002.99,-0010.72
+1580343495.42,+0003.91,-0000.98,+0003.91,-0000.84,-0002.68,-0008.88
+1580343495.43,+0005.86,+0000.00,+0003.91,+0001.23,+0001.76,-0009.03
+1580343495.43,-0005.86,+0000.98,+0002.93,+0000.15,-0003.83,-0010.80
+1580343495.44,+0000.98,+0002.93,+0002.93,-0003.52,-0001.38,-0013.48
+1580343495.44,+0005.86,+0000.98,+0002.93,+0000.38,+0000.38,-0009.49
+1580343495.45,+0001.95,+0001.95,+0001.95,-0001.68,+0001.53,-0010.95
+1580343495.45,-0004.88,+0003.91,+0001.95,-0002.22,-0002.53,-0012.79
+1580343495.46,+0002.93,+0003.91,+0001.95,-0000.08,-0002.14,-0010.80
+1580343495.46,+0008.79,+0002.93,+0001.95,-0002.53,+0000.84,-0008.19
+1580343495.47,-0000.98,+0004.88,+0000.98,-0002.37,-0001.38,-0010.49
+1580343495.47,-0001.95,+0005.86,+0000.98,+0000.38,-0001.76,-0012.63
+1580343495.48,+0003.91,+0005.86,+0000.98,-0000.77,+0000.31,-0011.87
+1580343495.48,+0002.93,+0004.88,+0000.00,-0002.91,+0000.54,-0009.95
+1580343495.49,-0001.95,+0005.86,+0000.00,-0000.92,-0000.38,-0010.64
+1580343495.49,-0000.98,+0005.86,+0000.00,+0000.08,-0001.68,-0010.41
+1580343495.50,+0005.86,+0005.86,+0000.00,-0001.15,+0000.46,-0007.89
+1580343495.50,+0000.00,+0005.86,+0000.00,-0003.45,+0001.23,-0011.56
+1580343495.51,-0005.86,+0006.84,-0000.98,+0001.84,-0001.00,-0012.56
+1580343495.51,+0001.95,+0005.86,-0000.98,-0000.92,-0001.84,-0011.71
+1580343495.52,+0005.86,+0004.88,-0000.98,-0000.23,-0001.07,-0008.50
+1580343495.52,+0000.98,+0004.88,-0001.95,+0000.15,+0000.54,-0008.80
+1580343495.53,-0002.93,+0005.86,-0001.95,+0000.08,-0001.00,-0010.03
+1580343495.53,+0002.93,+0004.88,-0000.98,-0000.15,-0001.38,-0007.58
+1580343495.54,+0004.88,+0002.93,-0001.95,-0002.68,+0001.84,-0009.80
+1580343495.54,-0003.91,+0002.93,-0002.93,+0000.31,+0000.92,-0011.71
+1580343495.55,-0003.91,+0002.93,-0003.91,-0000.61,-0001.61,-0012.56
+1580343495.55,+0001.95,+0002.93,-0003.91,+0000.00,-0000.77,-0012.86
+1580343495.56,+0000.98,+0000.98,-0004.88,+0000.61,+0000.69,-0010.64
+1580343495.56,-0004.88,+0001.95,-0004.88,+0000.23,+0000.08,-0012.25
+1580343495.57,-0002.93,+0000.98,-0003.91,+0001.30,-0003.06,-0008.65
+1580343495.57,+0003.91,+0000.98,-0002.93,-0002.60,+0002.07,-0007.73
+1580343495.58,-0004.88,+0000.98,-0003.91,-0000.77,+0000.84,-0010.57
+1580343495.58,-0005.86,+0001.95,-0004.88,-0000.38,-0002.83,-0010.95
+1580343495.59,+0002.93,-0000.98,-0005.86,-0001.68,-0001.61,-0009.26
+1580343495.59,+0001.95,+0000.00,-0005.86,-0003.60,+0000.38,-0009.19
+1580343495.60,-0002.93,+0000.00,-0005.86,+0002.76,-0001.38,-0010.80
+1580343495.60,+0000.98,+0001.95,-0004.88,-0000.61,-0000.77,-0011.64
+1580343495.61,+0001.95,+0000.00,-0003.91,-0000.61,-0001.68,-0010.64
+1580343495.61,+0001.95,+0000.98,-0002.93,-0000.23,-0002.60,-0010.49
+1580343495.62,+0004.88,+0000.98,-0001.95,+0001.99,-0002.76,-0006.58
+1580343495.62,+0002.93,+0001.95,-0001.95,+0001.68,+0002.14,-0010.18
+1580343495.63,-0003.91,+0000.98,-0002.93,+0001.00,-0004.06,-0011.56
+1580343495.63,+0002.93,+0000.98,-0001.95,+0000.54,-0001.00,-0012.86
+1580343495.64,+0005.86,+0000.00,-0000.98,+0001.76,+0002.60,-0010.64
+1580343495.64,-0002.93,+0000.98,+0000.98,+0000.08,-0001.30,-0010.72
+1580343495.65,-0000.98,+0001.95,+0002.93,+0002.45,-0002.14,-0012.40
+1580343495.65,+0003.91,+0000.98,+0003.91,-0000.61,-0000.23,-0012.10
+1580343495.66,+0004.88,+0000.00,+0003.91,+0003.52,-0000.77,-0006.35
+1580343495.66,+0000.98,+0000.00,+0003.91,+0001.07,-0001.30,-0006.97
+1580343495.67,+0000.98,-0000.98,+0004.88,+0000.00,-0001.15,-0006.43
+1580343495.67,+0000.98,-0000.98,+0005.86,+0001.07,+0001.91,-0011.79
+1580343495.68,+0000.98,-0001.95,+0007.81,+0000.38,+0000.23,-0009.11
+1580343495.68,+0003.91,-0001.95,+0007.81,+0001.07,+0001.91,-0012.02
+1580343495.69,-0003.91,-0001.95,+0007.81,-0000.61,+0000.61,-0012.63
+1580343495.69,-0003.91,-0001.95,+0007.81,+0003.29,-0000.61,-0012.48
+1580343495.70,+0000.98,-0003.91,+0008.79,+0001.99,-0000.38,-0010.95
+1580343495.70,-0000.98,-0004.88,+0008.79,-0000.77,+0000.84,-0006.51
+1580343495.71,-0002.93,-0003.91,+0008.79,+0001.53,+0000.61,-0008.88
+1580343495.71,-0005.86,-0003.91,+0009.77,+0000.46,+0001.23,-0009.88
+1580343495.72,-0003.91,-0004.88,+0009.77,-0001.00,+0000.15,-0011.56
+1580343495.72,-0003.91,-0005.86,+0009.77,-0001.23,-0000.61,-0010.87
+1580343495.73,-0000.98,-0005.86,+0009.77,+0001.23,+0000.69,-0011.25
+1580343495.73,-0001.95,-0005.86,+0009.77,-0000.46,-0002.07,-0010.18
+1580343495.74,+0000.00,-0005.86,+0010.74,-0002.37,-0001.45,-0011.64
+1580343495.74,+0000.98,-0004.88,+0010.74,-0000.54,-0000.46,-0012.17
+1580343495.75,+0002.93,-0004.88,+0009.77,-0000.61,-0000.92,-0010.87
+1580343495.75,+0003.91,-0004.88,+0009.77,-0002.37,-0005.36,-0009.65
+1580343495.76,+0011.72,-0004.88,+0009.77,+0000.15,-0002.37,-0008.04
+1580343495.76,+0007.81,-0002.93,+0008.79,-0001.38,+0002.37,-0010.72
+1580343495.77,+0000.00,-0000.98,+0008.79,+0000.46,-0001.30,-0014.47
+1580343495.77,+0006.84,-0000.98,+0009.77,-0003.22,-0002.14,-0015.31
+1580343495.78,+0013.67,-0001.95,+0009.77,-0000.31,-0001.53,-0011.25
+1580343495.78,+0009.77,-0000.98,+0008.79,-0002.30,+0001.38,-0008.12
+1580343495.79,+0004.88,+0000.98,+0008.79,-0001.53,-0001.61,-0007.43
+1580343495.79,+0008.79,+0000.98,+0007.81,-0000.61,-0001.07,-0005.82
+1580343495.80,+0007.81,+0000.00,+0007.81,-0002.07,+0000.23,-0006.12
+1580343495.80,+0002.93,+0000.98,+0007.81,+0000.23,+0000.23,-0006.97
+1580343495.81,+0000.98,+0001.95,+0006.84,-0000.69,+0000.77,-0007.89
+1580343495.81,+0000.98,+0000.98,+0006.84,-0001.99,+0001.15,-0009.11
+1580343495.82,-0001.95,+0001.95,+0006.84,-0000.54,+0000.54,-0009.88
+1580343495.82,-0004.88,+0002.93,+0005.86,-0000.08,-0000.38,-0009.03
+1580343495.83,-0004.88,+0001.95,+0005.86,-0001.00,+0000.46,-0009.49
+1580343495.83,-0003.91,+0001.95,+0004.88,-0003.90,-0000.38,-0008.58
+1580343495.84,-0006.84,+0001.95,+0003.91,-0001.84,-0000.69,-0008.42
+1580343495.84,-0006.84,+0002.93,+0002.93,-0000.15,-0000.23,-0010.26
+1580343495.85,-0002.93,+0002.93,+0001.95,-0002.14,-0004.21,-0004.82
+1580343495.85,-0002.93,+0002.93,+0000.98,-0001.76,+0002.30,-0006.58
+1580343495.86,-0020.51,+0006.84,+0000.00,-0000.61,-0005.82,-0015.31
+1580343495.86,-0006.84,+0006.84,+0000.98,+0001.38,-0002.83,-0015.93
+1580343495.87,+0004.88,+0004.88,+0000.00,-0004.36,-0000.92,-0013.93
+1580343495.87,-0002.93,+0004.88,-0000.98,+0001.99,-0000.77,-0005.97
+1580343495.88,-0007.81,+0009.77,-0002.93,-0003.83,-0000.92,-0010.64
+1580343495.88,-0006.84,+0008.79,-0002.93,+0001.15,-0002.83,-0008.42
+1580343495.89,+0001.95,+0006.84,-0003.91,-0004.82,-0000.84,-0007.20
+1580343495.89,-0001.95,+0006.84,-0004.88,-0000.69,-0000.38,-0009.80
+1580343495.90,-0003.91,+0010.74,-0004.88,-0000.23,-0001.00,-0010.87
+1580343495.90,+0000.98,+0008.79,-0004.88,-0000.08,-0002.22,-0011.33
+1580343495.91,+0002.93,+0008.79,-0004.88,-0002.99,-0000.23,-0010.80
+1580343495.91,-0000.98,+0009.77,-0005.86,+0000.38,-0000.31,-0012.56
+1580343495.92,-0001.95,+0009.77,-0005.86,-0001.30,+0000.00,-0011.94
+1580343495.92,+0000.00,+0009.77,-0006.84,-0000.15,-0001.07,-0010.11
+1580343495.93,+0000.00,+0008.79,-0006.84,-0000.38,+0001.23,-0009.80
+1580343495.93,-0003.91,+0009.77,-0006.84,+0001.07,-0000.46,-0010.57
+1580343495.94,-0003.91,+0008.79,-0006.84,+0000.61,+0000.46,-0011.33
+1580343495.94,-0001.95,+0008.79,-0006.84,-0004.21,-0000.61,-0009.80
+1580343495.95,-0001.95,+0007.81,-0007.81,-0000.84,+0000.08,-0010.34
+1580343495.95,-0003.91,+0007.81,-0008.79,+0001.15,+0000.08,-0009.88
+1580343495.96,-0005.86,+0006.84,-0008.79,+0001.45,+0000.46,-0009.57
+1580343495.96,-0004.88,+0005.86,-0009.77,-0003.98,-0001.45,-0008.88
+1580343495.97,-0003.91,+0004.88,-0009.77,-0002.37,-0000.54,-0010.87
+1580343495.97,-0004.88,+0003.91,-0010.74,+0001.61,+0000.92,-0010.49
+1580343495.98,-0006.84,+0003.91,-0010.74,+0000.84,+0001.07,-0009.03
+1580343495.98,-0004.88,+0002.93,-0011.72,-0003.98,-0003.45,-0010.41
+1580343495.99,+0000.00,+0000.98,-0011.72,-0001.38,+0001.53,-0012.94
+1580343495.99,-0004.88,+0000.98,-0012.70,+0001.23,+0001.53,-0010.64
+1580343496.00,-0006.84,+0000.98,-0012.70,-0002.91,-0003.29,-0012.86
+1580343496.00,+0000.98,-0000.98,-0012.70,-0004.90,-0000.92,-0011.87
+1580343496.01,+0002.93,-0001.95,-0013.67,-0001.68,-0000.23,-0009.95
+1580343496.01,-0001.95,-0001.95,-0014.65,+0001.68,-0000.31,-0008.04
+1580343496.02,-0001.95,-0001.95,-0014.65,-0002.76,-0002.22,-0006.81
+1580343496.02,+0000.98,-0004.88,-0014.65,-0002.37,-0000.23,-0007.12
+1580343496.03,+0000.98,-0005.86,-0013.67,-0002.14,+0000.46,-0009.42
+1580343496.03,-0002.93,-0005.86,-0013.67,+0001.07,-0000.69,-0009.95
+1580343496.04,-0000.98,-0006.84,-0013.67,-0000.54,-0001.45,-0010.64
+1580343496.04,+0001.95,-0009.77,-0012.70,-0003.06,-0000.23,-0010.72
+1580343496.05,+0000.00,-0008.79,-0013.67,-0001.76,-0000.69,-0009.34
+1580343496.05,-0002.93,-0009.77,-0013.67,+0002.45,-0001.00,-0010.11
+1580343496.06,-0000.98,-0011.72,-0012.70,+0000.08,-0000.69,-0009.72
+1580343496.06,+0000.00,-0011.72,-0012.70,-0001.38,-0000.23,-0009.34
+1580343496.07,-0002.93,-0012.70,-0012.70,+0000.69,-0000.61,-0012.63
+1580343496.07,-0002.93,-0011.72,-0011.72,+0000.77,-0001.45,-0012.10
+1580343496.08,-0001.95,-0012.70,-0011.72,+0003.29,-0000.38,-0009.57
+1580343496.08,-0001.95,-0012.70,-0011.72,-0001.91,+0000.38,-0009.34
+1580343496.09,-0003.91,-0012.70,-0011.72,-0002.22,+0000.61,-0011.56
+1580343496.09,-0005.86,-0012.70,-0011.72,+0001.68,+0000.69,-0012.63
+1580343496.10,-0004.88,-0012.70,-0010.74,+0002.37,-0000.23,-0011.64
+1580343496.10,-0002.93,-0012.70,-0010.74,-0002.91,+0000.00,-0009.03
+1580343496.11,-0003.91,-0012.70,-0010.74,-0000.92,+0001.15,-0009.34
+1580343496.11,-0008.79,-0011.72,-0009.77,+0001.68,+0002.22,-0011.56
+1580343496.12,-0009.77,-0010.74,-0007.81,+0003.37,-0000.08,-0010.95
+1580343496.12,-0005.86,-0011.72,-0006.84,-0002.14,+0000.46,-0010.26
+1580343496.13,-0005.86,-0011.72,-0006.84,-0002.83,-0000.46,-0010.26
+1580343496.13,-0006.84,-0010.74,-0006.84,+0000.46,-0000.54,-0010.34
+1580343496.14,-0004.88,-0011.72,-0007.81,+0001.45,+0000.00,-0008.19
+1580343496.14,-0003.91,-0011.72,-0006.84,-0002.14,-0001.61,-0008.19
+1580343496.15,-0003.91,-0010.74,-0005.86,-0001.84,-0002.37,-0009.34
+1580343496.15,+0000.00,-0009.77,-0005.86,-0000.38,-0001.61,-0010.18
+1580343496.16,-0000.98,-0009.77,-0004.88,+0002.14,-0000.84,-0009.72
+1580343496.16,-0000.98,-0008.79,-0003.91,-0001.15,-0001.68,-0008.58
+1580343496.17,-0000.98,-0008.79,-0003.91,-0001.91,-0001.45,-0009.57
+1580343496.17,-0001.95,-0008.79,-0003.91,+0003.06,-0000.92,-0009.57
+1580343496.18,-0000.98,-0007.81,-0002.93,+0002.14,+0000.46,-0009.34
+1580343496.18,-0000.98,-0007.81,-0002.93,-0001.53,-0001.38,-0008.58
+1580343496.19,+0000.98,-0006.84,-0001.95,-0003.68,-0001.76,-0008.80
+1580343496.19,+0000.98,-0006.84,-0000.98,+0002.30,+0001.07,-0011.79
+1580343496.20,-0003.91,-0005.86,-0000.98,+0004.82,-0000.77,-0010.80
+1580343496.20,-0002.93,-0004.88,+0000.00,+0000.23,-0000.77,-0010.57
+1580343496.21,-0000.98,-0004.88,+0000.98,-0001.30,-0001.00,-0010.64
+1580343496.21,-0000.98,-0004.88,+0000.98,+0002.68,+0000.15,-0010.57
+1580343496.22,-0001.95,-0003.91,+0001.95,+0002.53,-0000.15,-0009.80
+1580343496.22,-0002.93,-0002.93,+0001.95,+0002.99,-0000.08,-0008.12
+1580343496.23,-0002.93,-0002.93,+0002.93,-0003.22,-0002.60,-0007.89
+1580343496.23,+0001.95,-0003.91,+0002.93,-0000.15,+0001.53,-0011.25
+1580343496.24,-0004.88,-0001.95,+0002.93,+0002.22,+0001.61,-0013.40
+1580343496.24,-0002.93,-0000.98,+0003.91,+0003.75,-0003.22,-0011.33
+1580343496.25,+0004.88,-0001.95,+0004.88,-0002.53,+0003.75,-0009.72
+1580343496.25,-0003.91,-0000.98,+0005.86,-0002.68,+0001.76,-0010.41
+1580343496.26,-0007.81,+0001.95,+0005.86,-0000.23,-0001.15,-0012.56
+1580343496.26,-0000.98,+0000.00,+0006.84,+0002.76,-0000.31,-0011.18
+1580343496.27,+0001.95,-0000.98,+0006.84,-0000.38,+0001.30,-0007.35
+1580343496.27,-0001.95,+0000.98,+0006.84,-0001.68,+0000.23,-0009.26
+1580343496.28,-0002.93,+0002.93,+0006.84,-0003.29,-0001.68,-0011.03
+1580343496.28,+0001.95,+0000.98,+0007.81,+0001.91,+0000.69,-0010.87
+1580343496.29,+0001.95,+0000.98,+0007.81,+0003.68,+0000.92,-0009.26
+1580343496.29,-0001.95,+0002.93,+0007.81,-0000.92,+0000.15,-0009.19
+1580343496.30,-0000.98,+0002.93,+0008.79,-0001.45,-0000.46,-0011.33
+1580343496.30,+0001.95,+0001.95,+0008.79,+0001.53,-0001.00,-0011.33
+1580343496.31,+0002.93,+0002.93,+0008.79,+0002.53,+0000.31,-0009.11
+1580343496.31,-0000.98,+0003.91,+0008.79,+0001.91,+0001.23,-0008.73
+1580343496.32,-0002.93,+0004.88,+0008.79,-0003.22,-0000.31,-0014.93
+1580343496.32,+0003.91,+0003.91,+0009.77,-0002.60,-0007.43,-0006.43
+1580343496.33,+0012.70,+0002.93,+0007.81,+0002.83,+0003.52,-0004.75
+1580343496.33,-0013.67,+0006.84,+0007.81,-0000.61,-0003.75,-0013.55
+1580343496.34,-0010.74,+0008.79,+0009.77,-0001.53,-0006.51,-0010.49
+1580343496.34,+0011.72,+0003.91,+0009.77,-0005.36,+0003.06,-0014.93
+1580343496.35,+0000.00,+0002.93,+0008.79,+0001.61,+0003.37,-0010.95
+1580343496.35,-0005.86,+0010.74,+0008.79,-0001.15,-0001.15,-0011.48
+1580343496.36,+0000.98,+0007.81,+0007.81,-0003.06,-0001.84,-0009.19
+1580343496.36,+0005.86,+0004.88,+0006.84,-0004.82,+0000.15,-0008.50
+1580343496.37,+0000.98,+0008.79,+0006.84,+0000.61,-0001.38,-0008.96
+1580343496.37,+0000.00,+0010.74,+0006.84,+0001.30,-0000.46,-0009.19
+1580343496.38,+0002.93,+0007.81,+0006.84,-0001.30,-0001.23,-0009.42
+1580343496.38,+0003.91,+0008.79,+0005.86,-0002.53,-0000.84,-0009.26
+1580343496.39,+0002.93,+0010.74,+0005.86,-0000.08,-0000.38,-0013.17
+1580343496.39,+0001.95,+0009.77,+0005.86,+0003.14,-0001.15,-0012.33
+1580343496.40,+0003.91,+0009.77,+0004.88,+0002.22,-0000.15,-0010.11
+1580343496.40,+0002.93,+0010.74,+0005.86,-0004.52,-0000.69,-0009.95
+1580343496.41,+0001.95,+0010.74,+0005.86,-0001.00,-0000.77,-0009.95
+1580343496.41,+0001.95,+0010.74,+0005.86,+0002.91,+0000.77,-0009.88
+1580343496.42,+0000.00,+0010.74,+0005.86,+0002.99,+0001.00,-0008.73
+1580343496.42,-0000.98,+0009.77,+0004.88,-0003.83,-0000.38,-0008.65
+1580343496.43,+0000.00,+0008.79,+0004.88,-0002.68,+0000.23,-0010.34
+1580343496.43,-0000.98,+0007.81,+0004.88,+0000.92,+0000.15,-0010.34
+1580343496.44,-0000.98,+0008.79,+0004.88,+0003.83,+0000.08,-0010.49
+1580343496.44,-0001.95,+0007.81,+0004.88,-0001.68,-0001.91,-0006.43
+1580343496.45,+0000.00,+0007.81,+0004.88,-0003.83,+0000.92,-0008.04
+1580343496.45,-0004.88,+0007.81,+0004.88,+0000.38,+0000.77,-0010.95
+1580343496.46,-0005.86,+0008.79,+0004.88,+0003.29,-0001.45,-0009.95
+1580343496.46,-0000.98,+0007.81,+0004.88,-0000.92,+0000.38,-0010.18
+1580343496.47,-0002.93,+0006.84,+0004.88,-0002.91,+0000.00,-0010.80
+1580343496.47,-0004.88,+0007.81,+0004.88,-0002.76,-0000.92,-0010.72
+1580343496.48,-0001.95,+0007.81,+0004.88,+0001.07,-0000.38,-0010.57
+1580343496.48,-0001.95,+0005.86,+0004.88,+0002.30,+0001.23,-0008.80
+1580343496.49,-0004.88,+0006.84,+0004.88,-0002.45,-0001.61,-0008.88
+1580343496.49,-0001.95,+0006.84,+0004.88,-0000.77,-0002.37,-0010.26
+1580343496.50,+0000.98,+0004.88,+0004.88,+0003.45,+0000.69,-0009.65
+1580343496.50,-0002.93,+0006.84,+0004.88,+0002.99,-0000.15,-0008.27
+1580343496.51,-0004.88,+0007.81,+0004.88,-0000.46,-0001.99,-0008.96
+1580343496.51,+0000.00,+0005.86,+0005.86,-0002.99,-0001.07,-0009.88
+1580343496.52,+0000.98,+0004.88,+0004.88,+0001.53,+0000.69,-0010.49
+1580343496.52,-0002.93,+0005.86,+0004.88,+0002.22,-0000.61,-0011.56
+1580343496.53,-0002.93,+0005.86,+0004.88,-0002.30,-0001.61,-0011.48
+1580343496.53,+0001.95,+0003.91,+0003.91,-0002.30,-0002.07,-0011.18
+1580343496.54,+0000.98,+0003.91,+0003.91,-0002.22,+0000.31,-0011.48
+1580343496.54,-0000.98,+0004.88,+0003.91,+0000.23,-0000.08,-0011.79
+1580343496.55,+0000.00,+0003.91,+0003.91,+0000.46,-0001.30,-0008.96
+1580343496.55,+0000.98,+0002.93,+0002.93,+0000.08,-0001.07,-0007.20
+1580343496.56,+0000.00,+0001.95,+0002.93,-0001.23,+0000.31,-0007.35
+1580343496.56,-0001.95,+0001.95,+0001.95,-0001.84,-0000.54,-0010.57
+1580343496.57,+0000.00,+0000.98,+0001.95,+0000.31,-0000.84,-0010.80
+1580343496.57,+0001.95,+0000.00,+0001.95,+0000.61,+0000.69,-0011.33
+1580343496.58,-0000.98,+0000.00,+0001.95,+0000.54,-0000.23,-0010.72
+1580343496.58,-0000.98,+0000.00,+0001.95,-0002.30,-0001.07,-0011.64
+1580343496.59,+0001.95,-0000.98,+0000.98,-0001.07,-0000.61,-0012.25
+1580343496.59,+0001.95,-0000.98,+0000.98,-0000.69,+0000.08,-0010.87
+1580343496.60,+0000.98,-0000.98,+0000.00,+0001.38,-0000.38,-0008.80
+1580343496.60,-0000.98,-0000.98,+0000.00,-0000.92,+0000.31,-0009.95
+1580343496.61,+0000.00,-0000.98,+0000.00,-0000.92,-0002.07,-0010.87
+1580343496.61,+0001.95,-0001.95,+0000.00,-0001.68,+0000.00,-0011.03
+1580343496.62,+0000.98,-0001.95,-0000.98,+0001.07,-0000.69,-0010.49
+1580343496.62,+0000.00,-0000.98,-0000.98,+0001.45,-0000.77,-0010.49
+1580343496.63,+0000.98,-0000.98,-0000.98,-0000.23,-0000.92,-0010.18
+1580343496.63,+0001.95,-0000.98,-0000.98,-0001.07,-0000.92,-0010.72
+1580343496.64,+0002.93,+0000.00,+0000.00,-0001.30,+0001.61,-0010.26
+1580343496.64,+0000.98,+0000.00,-0000.98,+0001.23,-0000.23,-0009.88
+1580343496.65,+0002.93,+0000.98,+0000.00,+0000.15,-0001.07,-0010.26
+1580343496.65,+0003.91,+0000.98,+0000.00,-0002.30,-0000.61,-0010.03
+1580343496.66,+0002.93,+0001.95,+0000.00,-0000.84,-0000.92,-0009.49
+1580343496.66,+0003.91,+0001.95,+0000.00,-0002.14,-0001.15,-0009.88
+1580343496.67,+0002.93,+0002.93,-0000.98,+0001.91,-0000.23,-0010.03
+1580343496.67,+0002.93,+0002.93,+0000.00,+0002.45,-0002.22,-0008.65
+1580343496.68,+0003.91,+0003.91,+0000.00,-0001.76,+0000.38,-0009.19
+1580343496.68,+0000.98,+0003.91,+0000.00,+0000.23,-0000.46,-0008.96
+1580343496.69,-0000.98,+0004.88,+0000.00,+0000.46,-0000.23,-0011.41
+1580343496.69,+0000.98,+0004.88,+0000.98,-0000.69,-0000.38,-0010.80
+1580343496.70,+0002.93,+0004.88,+0000.98,+0001.23,-0000.23,-0008.96
+1580343496.70,+0000.00,+0005.86,+0000.98,-0001.07,+0000.08,-0008.73
+1580343496.71,-0002.93,+0006.84,+0000.00,-0002.91,-0001.30,-0010.64
+1580343496.71,+0000.00,+0005.86,+0000.00,-0001.15,-0000.61,-0010.95
+1580343496.72,+0000.98,+0005.86,-0000.98,-0001.07,-0000.61,-0009.80
+1580343496.72,-0002.93,+0006.84,-0001.95,-0000.54,-0000.31,-0009.95
+1580343496.73,-0003.91,+0006.84,-0001.95,-0000.38,-0000.69,-0012.10
+1580343496.73,-0001.95,+0006.84,-0001.95,-0002.37,-0000.84,-0010.57
+1580343496.74,+0000.00,+0006.84,-0001.95,-0001.99,-0001.15,-0009.49
+1580343496.74,-0001.95,+0007.81,-0001.95,+0000.15,-0001.84,-0008.27
+1580343496.75,-0001.95,+0007.81,-0001.95,+0000.77,-0000.77,-0008.42
+1580343496.75,-0001.95,+0007.81,-0002.93,-0000.38,-0000.31,-0009.34
+1580343496.76,-0001.95,+0006.84,-0002.93,-0002.45,-0001.53,-0009.65
+1580343496.76,+0000.00,+0006.84,-0003.91,-0003.68,-0000.31,-0011.71
+1580343496.77,+0000.00,+0006.84,-0004.88,-0000.84,-0000.15,-0011.94
+1580343496.77,+0000.98,+0006.84,-0005.86,-0001.07,-0001.15,-0011.56
