+1580343715.91,-0010.74,+0018.55,-0001.95,-0003.75,-0003.75,-0012.33
+1580343715.92,+0014.65,+0016.60,-0002.93,-0006.51,+0003.22,-0010.49
+1580343715.92,+0003.91,+0019.53,-0003.91,+0000.08,+0006.12,-0009.26
+1580343715.93,-0015.62,+0023.44,-0005.86,+0000.54,-0000.31,-0006.97
+1580343715.93,-0004.88,+0019.53,-0006.84,-0001.15,-0000.38,-0011.64
+1580343715.94,+0005.86,+0017.58,-0006.84,-0003.22,-0000.31,-0006.81
+1580343715.94,+0002.93,+0023.44,-0007.81,-0004.13,-0000.08,-0005.21
+1580343715.95,-0004.88,+0024.41,-0008.79,-0000.46,-0002.76,-0008.12
+1580343715.95,-0001.95,+0021.48,-0009.77,+0004.13,+0000.77,-0011.25
+1580343715.96,+0000.98,+0024.41,-0010.74,+0001.00,+0000.23,-0011.71
+1580343715.96,+0000.98,+0026.37,-0010.74,-0003.98,-0001.53,-0010.34
+1580343715.97,+0002.93,+0024.41,-0013.67,-0005.67,+0001.53,-0013.63
+1580343715.97,+0000.00,+0024.41,-0014.65,-0000.38,+0000.31,-0013.78
+1580343715.98,+0000.98,+0026.37,-0015.62,+0001.07,+0000.23,-0014.01
+1580343715.98,+0003.91,+0025.39,-0016.60,+0000.15,+0001.38,-0009.57
+1580343715.99,-0000.98,+0026.37,-0017.58,-0003.06,+0002.37,-0011.56
+1580343715.99,-0007.81,+0027.34,-0017.58,-0002.83,-0001.07,-0012.48
+1580343716.00,+0000.98,+0025.39,-0016.60,-0002.45,-0000.61,-0010.11
+1580343716.00,+0003.91,+0024.41,-0018.55,+0000.00,+0000.38,-0006.12
+1580343716.01,-0004.88,+0026.37,-0019.53,-0001.07,-0000.31,-0005.59
+1580343716.01,-0006.84,+0024.41,-0021.48,-0002.14,-0001.00,-0009.72
+1580343716.02,-0001.95,+0020.51,-0021.48,-0003.45,-0001.23,-0012.40
+1580343716.02,+0002.93,+0021.48,-0022.46,-0001.76,+0000.54,-0009.11
+1580343716.03,-0001.95,+0020.51,-0024.41,+0000.15,+0001.38,-0011.56
+1580343716.03,-0008.79,+0017.58,-0025.39,-0001.91,-0000.38,-0014.24
+1580343716.04,-0000.98,+0015.62,-0025.39,-0002.30,-0000.38,-0014.85
+1580343716.04,+0003.91,+0014.65,-0026.37,-0003.22,+0000.46,-0010.87
+1580343716.05,-0000.98,+0012.70,-0028.32,-0001.15,-0000.08,-0008.96
+1580343716.05,-0001.95,+0009.77,-0030.27,-0002.30,-0000.92,-0008.27
+1580343716.06,+0000.98,+0006.84,-0031.25,-0001.61,-0002.14,-0006.89
+1580343716.06,+0002.93,+0004.88,-0033.20,-0004.98,+0000.23,-0007.20
+1580343716.07,+0003.91,+0002.93,-0034.18,-0003.29,-0000.61,-0008.88
+1580343716.07,+0003.91,+0000.00,-0035.16,-0000.77,-0002.37,-0009.34
+1580343716.08,+0005.86,-0001.95,-0037.11,-0001.76,-0000.84,-0010.95
+1580343716.08,+0004.88,-0003.91,-0039.06,-0002.53,+0000.38,-0011.79
+1580343716.09,+0003.91,-0005.86,-0040.04,-0003.14,-0000.15,-0015.16
+1580343716.09,+0012.70,-0008.79,-0041.02,-0003.68,-0002.22,-0002.76
+1580343716.10,+0009.77,-0008.79,-0043.95,+0001.30,+0011.03,-0016.23
+1580343716.10,-0019.53,-0009.77,-0044.92,-0002.45,+0000.69,-0019.14
+1580343716.11,+0003.91,-0013.67,-0043.95,-0003.37,+0002.91,-0015.01
+1580343716.11,+0011.72,-0014.65,-0043.95,-0004.98,+0006.43,-0014.93
+1580343716.12,-0005.86,-0009.77,-0043.95,-0001.61,-0003.14,-0001.61
+1580343716.12,-0004.88,-0013.67,-0045.90,-0004.06,-0000.15,-0008.73
+1580343716.13,-0007.81,-0016.60,-0045.90,+0001.91,-0002.91,-0007.89
+1580343716.13,+0001.95,-0012.70,-0044.92,-0001.00,-0003.14,-0002.99
+1580343716.14,+0006.84,-0014.65,-0044.92,-0006.35,-0000.84,-0003.83
+1580343716.14,-0001.95,-0016.60,-0046.88,-0000.77,-0003.37,-0005.90
+1580343716.15,+0001.95,-0015.62,-0047.85,+0000.38,-0002.60,-0012.63
+1580343716.15,+0004.88,-0017.58,-0048.83,+0000.46,-0002.37,-0012.94
+1580343716.16,+0008.79,-0018.55,-0048.83,+0000.08,-0003.14,-0012.56
+1580343716.16,+0010.74,-0019.53,-0049.80,-0003.14,-0001.30,-0010.11
+1580343716.17,+0007.81,-0018.55,-0049.80,-0003.22,+0000.92,-0013.63
+1580343716.17,+0002.93,-0021.48,-0050.78,-0002.07,-0000.15,-0015.85
+1580343716.18,+0007.81,-0022.46,-0049.80,+0001.84,+0000.84,-0012.02
+1580343716.18,+0009.77,-0022.46,-0047.85,+0003.22,-0000.54,-0009.26
+1580343716.19,+0003.91,-0022.46,-0047.85,+0001.30,-0000.38,-0007.43
+1580343716.19,+0002.93,-0023.44,-0046.88,+0001.84,-0000.77,-0008.27
+1580343716.20,+0009.77,-0025.39,-0045.90,+0001.76,+0003.29,-0001.07
+1580343716.20,-0002.93,-0023.44,-0045.90,-0001.91,+0005.05,-0012.94
+1580343716.21,-0008.79,-0026.37,-0042.97,+0001.23,-0006.81,-0008.50
+1580343716.21,+0012.70,-0026.37,-0040.04,+0001.00,+0004.21,-0014.32
+1580343716.22,-0003.91,-0024.41,-0038.09,+0004.29,-0000.61,-0012.40
+1580343716.22,-0007.81,-0024.41,-0036.13,+0005.28,-0002.30,-0012.86
+1580343716.23,+0001.95,-0028.32,-0034.18,-0001.00,-0001.07,-0016.84
+1580343716.23,+0004.88,-0024.41,-0032.23,-0000.23,-0000.46,-0005.67
+1580343716.24,+0000.98,-0023.44,-0031.25,-0001.45,+0001.00,-0011.33
+1580343716.24,-0006.84,-0025.39,-0030.27,+0000.61,-0001.68,-0010.34
+1580343716.25,+0003.91,-0024.41,-0027.34,+0002.91,-0004.21,-0012.10
+1580343716.25,+0009.77,-0022.46,-0024.41,+0004.13,-0001.00,-0007.12
+1580343716.26,+0001.95,-0021.48,-0022.46,+0004.90,-0001.07,-0007.89
+1580343716.26,+0000.00,-0020.51,-0020.51,+0003.75,-0001.84,-0009.80
+1580343716.27,+0005.86,-0018.55,-0017.58,+0001.99,-0000.23,-0006.05
+1580343716.27,+0005.86,-0017.58,-0015.62,+0000.61,+0001.00,-0005.74
+1580343716.28,-0002.93,-0016.60,-0013.67,+0000.69,+0001.07,-0006.51
+1580343716.28,-0003.91,-0014.65,-0011.72,+0001.00,+0000.84,-0010.87
+1580343716.29,+0000.98,-0014.65,-0008.79,+0002.68,-0000.46,-0011.18
+1580343716.29,+0001.95,-0012.70,-0007.81,+0003.60,+0000.54,-0010.49
+1580343716.30,-0008.79,-0011.72,-0007.81,+0003.14,+0001.07,-0012.94
+1580343716.30,-0009.77,-0010.74,-0006.84,+0002.76,-0001.15,-0012.33
+1580343716.31,-0001.95,-0011.72,-0005.86,+0001.23,+0000.92,-0010.57
+1580343716.31,-0004.88,-0009.77,-0004.88,-0000.54,-0000.38,-0006.74
+1580343716.32,-0008.79,-0006.84,-0003.91,-0001.45,-0000.77,-0006.81
+1580343716.32,-0004.88,-0007.81,-0003.91,-0000.31,-0001.23,-0010.49
+1580343716.33,-0000.98,-0006.84,-0002.93,+0002.53,-0000.54,-0009.95
+1580343716.33,-0002.93,-0004.88,-0002.93,+0002.14,-0000.54,-0011.56
+1580343716.34,-0001.95,-0003.91,-0001.95,+0002.99,-0002.37,-0012.10
+1580343716.34,+0001.95,-0003.91,-0000.98,+0003.68,-0000.77,-0011.56
+1580343716.35,+0001.95,-0001.95,+0000.00,+0000.23,-0000.69,-0011.87
+1580343716.35,+0001.95,-0000.98,+0000.98,-0000.38,-0001.38,-0012.63
+1580343716.36,+0008.79,-0001.95,+0000.98,-0002.37,-0001.61,-0004.82
+1580343716.36,+0007.81,-0000.98,+0001.95,+0000.31,+0003.14,-0007.81
+1580343716.37,-0004.88,+0001.95,+0001.95,-0000.23,+0000.46,-0010.95
+1580343716.37,+0003.91,+0000.98,+0002.93,+0002.60,-0000.23,-0013.55
+1580343716.38,+0010.74,+0000.00,+0002.93,+0004.21,+0001.76,-0011.71
+1580343716.38,+0002.93,+0003.91,+0003.91,+0002.91,-0003.14,-0004.36
+1580343716.39,+0003.91,+0004.88,+0002.93,-0000.54,-0000.54,-0007.04
+1580343716.39,-0002.93,+0004.88,+0002.93,-0003.06,+0000.08,-0012.56
+1580343716.40,+0000.98,+0006.84,+0003.91,-0000.15,-0000.31,-0012.56
+1580343716.40,+0004.88,+0007.81,+0004.88,-0006.20,+0002.22,-0014.47
+1580343716.41,+0000.00,+0008.79,+0003.91,-0001.84,+0000.38,-0009.95
+1580343716.41,+0000.00,+0010.74,+0003.91,-0001.76,+0000.54,-0010.57
+1580343716.42,+0000.00,+0009.77,+0003.91,+0001.76,+0000.54,-0010.26
+1580343716.42,+0000.00,+0010.74,+0002.93,+0002.53,+0000.61,-0008.42
+1580343716.43,-0001.95,+0010.74,+0002.93,+0002.07,-0002.45,-0007.50
+1580343716.43,+0001.95,+0010.74,+0003.91,+0000.84,-0000.23,-0008.19
+1580343716.44,+0002.93,+0010.74,+0004.88,-0001.91,-0003.06,-0005.28
+1580343716.44,+0003.91,+0011.72,+0004.88,-0002.53,+0003.37,-0008.42
+1580343716.45,-0004.88,+0011.72,+0004.88,-0003.98,+0000.23,-0009.65
+1580343716.45,-0000.98,+0010.74,+0004.88,+0000.69,-0001.68,-0012.33
+1580343716.46,+0007.81,+0009.77,+0003.91,+0000.54,+0000.84,-0012.33
+1580343716.46,+0001.95,+0009.77,+0001.95,+0003.68,+0002.07,-0010.57
+1580343716.47,-0006.84,+0011.72,+0001.95,+0002.22,+0000.15,-0014.39
+1580343716.47,-0006.84,+0008.79,+0001.95,+0002.68,+0000.61,-0016.92
+1580343716.48,+0001.95,+0007.81,+0002.93,-0002.60,+0003.14,-0012.10
+1580343716.48,-0001.95,+0007.81,+0001.95,-0002.76,+0002.07,-0009.11
+1580343716.49,-0009.77,+0008.79,+0000.98,-0004.21,+0000.15,-0007.89
+1580343716.49,-0003.91,+0005.86,+0000.00,-0002.91,-0002.14,-0007.73
+1580343716.50,+0000.98,+0003.91,+0000.00,+0002.53,+0000.92,-0005.90
+1580343716.50,-0005.86,+0004.88,-0000.98,+0001.84,-0002.53,-0006.20
+1580343716.51,-0003.91,+0002.93,-0001.95,+0001.76,-0004.59,-0007.50
+1580343716.51,+0003.91,+0000.00,-0002.93,-0000.61,-0003.45,-0008.04
+1580343716.52,+0000.00,+0000.98,-0004.88,-0003.83,+0001.00,-0015.24
+1580343716.52,-0001.95,+0001.95,-0005.86,-0006.97,-0006.20,-0010.80
+1580343716.53,+0010.74,-0002.93,-0007.81,-0003.98,+0000.92,-0010.34
+1580343716.53,-0010.74,-0000.98,-0009.77,-0001.23,-0004.67,-0012.40
+1580343716.54,-0003.91,+0000.00,-0009.77,+0006.43,-0001.15,-0014.39
+1580343716.54,+0004.88,-0005.86,-0011.72,-0002.14,+0005.36,-0013.70
+1580343716.55,-0007.81,-0005.86,-0012.70,-0000.54,+0000.23,-0008.50
+1580343716.55,-0000.98,-0002.93,-0014.65,-0008.73,+0002.14,-0007.81
+1580343716.56,-0007.81,-0007.81,-0016.60,-0004.90,+0001.15,-0008.88
+1580343716.56,-0003.91,-0008.79,-0017.58,-0004.52,-0002.45,-0004.13
+1580343716.57,+0000.00,-0007.81,-0017.58,-0001.00,-0000.38,-0010.72
+1580343716.57,-0004.88,-0009.77,-0019.53,-0000.31,-0004.36,-0007.58
+1580343716.58,+0002.93,-0011.72,-0020.51,+0000.00,-0003.14,-0008.42
+1580343716.58,+0001.95,-0012.70,-0022.46,-0002.99,-0000.54,-0008.96
+1580343716.59,-0000.98,-0013.67,-0024.41,-0003.75,-0000.77,-0010.57
+1580343716.59,+0001.95,-0015.62,-0025.39,-0005.51,+0001.68,-0015.24
+1580343716.60,+0000.98,-0015.62,-0026.37,-0001.68,-0000.46,-0014.93
+1580343716.60,+0003.91,-0016.60,-0026.37,+0000.46,-0000.31,-0013.63
+1580343716.61,+0002.93,-0016.60,-0026.37,-0001.07,-0000.84,-0010.34
+1580343716.61,+0001.95,-0017.58,-0026.37,+0001.99,-0000.84,-0007.81
+1580343716.62,-0001.95,-0016.60,-0027.34,+0002.68,+0000.61,-0010.72
+1580343716.62,-0002.93,-0017.58,-0027.34,+0001.07,-0004.98,-0004.98
+1580343716.63,+0006.84,-0019.53,-0026.37,-0002.37,+0002.07,-0005.36
+1580343716.63,-0003.91,-0017.58,-0027.34,-0002.76,+0003.83,-0009.42
+1580343716.64,-0008.79,-0017.58,-0026.37,+0000.15,-0001.00,-0014.93
+1580343716.64,+0003.91,-0019.53,-0026.37,-0002.37,+0000.77,-0017.30
+1580343716.65,+0003.91,-0017.58,-0025.39,+0002.91,-0001.15,-0014.32
+1580343716.65,-0000.98,-0015.62,-0024.41,+0001.53,-0000.38,-0014.01
+1580343716.66,-0000.98,-0017.58,-0023.44,+0002.83,-0002.37,-0013.86
+1580343716.66,+0006.84,-0016.60,-0022.46,+0002.37,-0001.99,-0009.95
+1580343716.67,+0009.77,-0015.62,-0021.48,+0001.00,-0001.76,-0005.44
+1580343716.67,+0004.88,-0015.62,-0021.48,-0001.30,+0000.08,-0005.13
+1580343716.68,+0001.95,-0015.62,-0020.51,-0000.92,-0000.46,-0006.74
+1580343716.68,+0005.86,-0015.62,-0018.55,+0000.08,-0001.84,-0007.04
+1580343716.69,+0010.74,-0014.65,-0016.60,+0001.30,-0000.69,-0007.20
+1580343716.69,+0005.86,-0014.65,-0015.62,+0005.13,-0000.08,-0006.81
+1580343716.70,-0001.95,-0012.70,-0013.67,+0003.52,+0001.53,-0011.87
+1580343716.70,-0003.91,-0012.70,-0011.72,+0004.59,-0000.69,-0012.86
+1580343716.71,+0000.00,-0011.72,-0010.74,+0003.60,+0002.91,-0012.71
+1580343716.71,-0003.91,-0011.72,-0008.79,+0001.15,+0000.31,-0010.11
+1580343716.72,-0006.84,-0010.74,-0007.81,+0000.23,-0000.46,-0009.26
+1580343716.72,-0007.81,-0010.74,-0007.81,-0002.53,+0002.68,-0011.10
+1580343716.73,-0009.77,-0011.72,-0007.81,-0001.15,-0000.38,-0011.41
+1580343716.73,-0006.84,-0011.72,-0006.84,-0000.77,+0000.31,-0012.17
+1580343716.74,-0004.88,-0012.70,-0006.84,+0002.76,-0003.06,-0010.26
+1580343716.74,-0005.86,-0012.70,-0005.86,+0002.99,-0000.77,-0010.80
+1580343716.75,-0002.93,-0012.70,-0005.86,+0003.68,-0002.60,-0008.96
+1580343716.75,+0000.98,-0012.70,-0004.88,-0000.31,-0001.23,-0007.20
+1580343716.76,+0001.95,-0012.70,-0003.91,+0000.15,-0002.53,-0006.97
+1580343716.76,+0000.98,-0011.72,-0003.91,-0002.07,-0001.23,-0006.20
+1580343716.77,+0003.91,-0011.72,-0003.91,-0000.31,-0000.23,-0008.96
+1580343716.77,+0001.95,-0011.72,-0002.93,-0000.31,+0001.23,-0011.25
+1580343716.78,+0000.00,-0010.74,-0001.95,+0001.45,+0000.38,-0012.63
+1580343716.78,+0000.98,-0009.77,-0000.98,+0002.53,+0001.07,-0014.55
+1580343716.79,+0000.00,-0009.77,-0000.98,+0002.68,+0000.69,-0012.63
+1580343716.79,-0001.95,-0007.81,+0000.00,+0002.76,+0000.38,-0011.48
+1580343716.80,-0002.93,-0006.84,+0000.00,-0000.23,+0000.31,-0007.27
+1580343716.80,-0002.93,-0005.86,+0000.98,-0002.22,+0002.14,-0006.28
+1580343716.81,-0005.86,-0004.88,+0000.98,-0001.30,+0000.92,-0007.81
+1580343716.81,-0005.86,-0003.91,+0001.95,-0002.45,-0000.23,-0009.11
+1580343716.82,-0001.95,-0002.93,+0001.95,+0000.77,-0001.07,-0009.19
+1580343716.82,-0001.95,-0001.95,+0002.93,+0002.99,-0000.92,-0011.33
+1580343716.83,-0004.88,+0000.00,+0002.93,+0002.22,-0001.07,-0011.25
+1580343716.83,-0002.93,+0000.00,+0002.93,+0002.07,+0001.15,-0013.93
+1580343716.84,-0002.93,+0000.98,+0003.91,+0000.92,-0001.61,-0010.57
+1580343716.84,+0000.98,+0000.98,+0003.91,+0000.00,-0001.53,-0009.19
+1580343716.85,+0000.98,+0000.98,+0003.91,-0001.53,+0001.76,-0009.49
+1580343716.85,-0003.91,+0000.98,+0004.88,-0000.46,-0001.76,-0009.03
+1580343716.86,+0000.00,+0000.98,+0004.88,-0000.31,+0000.69,-0010.72
+1580343716.86,+0001.95,+0000.98,+0005.86,+0000.84,+0000.54,-0011.48
+1580343716.87,+0000.00,+0000.98,+0005.86,+0002.37,+0000.84,-0011.64
+1580343716.87,-0002.93,+0001.95,+0006.84,+0002.14,+0000.23,-0014.39
+1580343716.88,-0001.95,+0000.98,+0006.84,+0002.91,-0000.92,-0012.33
+1580343716.88,+0003.91,+0000.00,+0007.81,+0001.84,+0000.77,-0011.18
+1580343716.89,+0000.00,+0000.98,+0008.79,+0000.84,-0000.31,-0009.95
+1580343716.89,-0000.98,+0000.98,+0009.77,+0000.23,-0000.54,-0010.26
+1580343716.90,+0000.98,+0000.00,+0009.77,+0000.23,-0000.15,-0011.41
+1580343716.90,+0001.95,+0000.00,+0010.74,+0002.14,-0000.15,-0008.88
+1580343716.91,+0000.98,+0000.00,+0011.72,+0003.06,-0001.53,-0008.58
+1580343716.91,+0002.93,+0000.98,+0012.70,+0003.60,-0001.07,-0007.66
+1580343716.92,+0003.91,+0000.00,+0014.65,+0004.98,-0001.45,-0008.12
+1580343716.92,+0003.91,+0000.98,+0015.62,+0001.23,-0001.68,-0006.58
+1580343716.93,+0004.88,+0001.95,+0016.60,+0000.46,-0001.23,-0007.96
+1580343716.93,+0003.91,+0002.93,+0017.58,-0000.46,+0001.07,-0009.57
+1580343716.94,+0000.98,+0004.88,+0018.55,-0001.30,-0006.43,-0006.35
+1580343716.94,+0013.67,+0003.91,+0020.51,+0000.69,+0002.91,-0005.21
+1580343716.95,-0001.95,+0006.84,+0019.53,+0004.82,+0010.26,-0019.29
+1580343716.95,-0020.51,+0008.79,+0021.48,+0000.84,-0003.29,-0013.55
+1580343716.96,+0001.95,+0009.77,+0023.44,-0002.07,+0003.83,-0018.22
+1580343716.96,-0000.98,+0004.88,+0022.46,+0001.68,+0000.69,-0005.82
+1580343716.97,-0005.86,+0011.72,+0022.46,+0000.61,+0002.14,-0005.44
+1580343716.97,-0013.67,+0010.74,+0021.48,-0005.28,-0000.08,-0007.96
+1580343716.98,-0004.88,+0009.77,+0021.48,-0002.37,+0001.00,-0006.81
+1580343716.98,-0002.93,+0010.74,+0022.46,+0003.68,+0001.30,-0008.88
+1580343716.99,-0004.88,+0014.65,+0023.44,+0003.75,-0003.14,-0006.66
+1580343716.99,+0010.74,+0011.72,+0023.44,+0000.54,+0002.76,-0005.82
+1580343717.00,+0000.98,+0012.70,+0022.46,+0002.53,+0003.45,-0015.93
+1580343717.00,-0009.77,+0016.60,+0023.44,-0000.69,-0006.12,-0012.71
+1580343717.01,+0012.70,+0017.58,+0024.41,+0002.53,-0002.37,-0019.45
+1580343717.01,+0011.72,+0012.70,+0024.41,+0005.28,-0000.31,-0007.66
+1580343717.02,+0001.95,+0018.55,+0022.46,-0001.30,+0002.68,-0011.41
+1580343717.02,-0007.81,+0019.53,+0022.46,-0000.77,+0000.92,-0015.39
+1580343717.03,+0001.95,+0016.60,+0021.48,-0001.84,+0001.53,-0009.49
+1580343717.03,+0003.91,+0014.65,+0020.51,+0001.68,+0001.84,-0006.12
+1580343717.04,-0006.84,+0017.58,+0018.55,-0001.23,+0000.15,-0002.37
+1580343717.04,-0007.81,+0016.60,+0018.55,-0001.91,+0000.38,-0008.58
+1580343717.05,-0003.91,+0014.65,+0018.55,-0003.52,+0001.76,-0004.98
+1580343717.05,-0003.91,+0016.60,+0017.58,-0001.84,+0000.46,-0008.04
+1580343717.06,-0010.74,+0017.58,+0016.60,-0001.61,-0000.08,-0013.09
+1580343717.06,-0005.86,+0017.58,+0016.60,+0000.84,-0003.60,-0013.55
+1580343717.07,+0002.93,+0016.60,+0015.62,+0000.77,+0000.08,-0015.01
+1580343717.07,-0000.98,+0018.55,+0014.65,+0000.61,-0001.84,-0012.79
+1580343717.08,-0001.95,+0020.51,+0013.67,-0000.15,-0001.23,-0013.55
+1580343717.08,+0000.00,+0019.53,+0012.70,-0001.84,-0001.99,-0012.79
+1580343717.09,+0006.84,+0019.53,+0011.72,-0002.91,+0000.00,-0010.57
+1580343717.09,+0006.84,+0020.51,+0010.74,-0001.91,-0001.15,-0008.04
+1580343717.10,+0003.91,+0020.51,+0009.77,-0001.30,-0001.30,-0006.81
+1580343717.10,+0003.91,+0020.51,+0008.79,-0001.38,-0001.15,-0006.89
+1580343717.11,+0005.86,+0019.53,+0007.81,-0000.08,-0000.08,-0005.97
+1580343717.11,+0004.88,+0019.53,+0006.84,-0000.92,-0000.23,-0007.27
+1580343717.12,+0000.00,+0019.53,+0005.86,-0000.23,+0001.00,-0010.57
+1580343717.12,-0000.98,+0018.55,+0003.91,-0001.68,+0000.69,-0011.71
+1580343717.13,+0000.00,+0016.60,+0001.95,-0002.76,+0000.46,-0012.33
+1580343717.13,-0000.98,+0015.62,+0000.00,-0003.29,+0002.45,-0011.03
+1580343717.14,-0004.88,+0015.62,-0001.95,-0003.60,+0000.23,-0013.09
+1580343717.14,-0006.84,+0014.65,-0002.93,-0001.76,-0000.08,-0013.48
+1580343717.15,-0002.93,+0013.67,-0003.91,-0000.77,-0002.30,-0012.17
+1580343717.15,-0000.98,+0012.70,-0004.88,-0001.23,-0001.68,-0009.88
+1580343717.16,-0001.95,+0011.72,-0005.86,-0001.15,-0001.91,-0009.72
+1580343717.16,+0000.00,+0010.74,-0007.81,-0001.07,-0001.07,-0010.26
+1580343717.17,+0002.93,+0009.77,-0009.77,-0002.60,-0001.99,-0009.95
+1580343717.17,+0006.84,+0008.79,-0010.74,-0003.29,-0000.08,-0009.34
+1580343717.18,+0006.84,+0008.79,-0011.72,-0002.53,-0001.45,-0009.26
+1580343717.18,+0005.86,+0008.79,-0012.70,-0001.84,+0001.07,-0011.79
+1580343717.19,+0004.88,+0007.81,-0012.70,-0001.68,-0002.30,-0012.48
+1580343717.19,+0010.74,+0006.84,-0012.70,+0000.54,-0001.00,-0008.96
+1580343717.20,+0008.79,+0005.86,-0014.65,-0001.23,+0001.53,-0009.19
+1580343717.20,+0000.00,+0005.86,-0015.62,+0000.15,+0000.92,-0007.89
+1580343717.21,-0000.98,+0005.86,-0014.65,-0001.30,+0000.61,-0010.49
+1580343717.21,+0003.91,+0004.88,-0014.65,-0000.69,+0000.84,-0006.81
+1580343717.22,+0003.91,+0003.91,-0014.65,-0001.68,+0001.38,-0003.60
+1580343717.22,-0008.79,+0004.88,-0015.62,-0002.76,-0001.38,-0008.19
+1580343717.23,-0008.79,+0004.88,-0015.62,-0000.92,-0001.91,-0009.88
+1580343717.23,-0000.98,+0003.91,-0015.62,-0001.76,+0001.30,-0011.79
+1580343717.24,-0001.95,+0002.93,-0016.60,-0000.15,-0003.37,-0009.42
+1580343717.24,+0000.00,+0003.91,-0017.58,-0001.84,+0000.84,-0008.88
+1580343717.25,-0009.77,+0001.95,-0018.55,+0000.00,-0002.07,-0013.25
+1580343717.25,-0008.79,+0002.93,-0019.53,+0000.69,-0002.30,-0013.93
+1580343717.26,+0002.93,+0000.98,-0018.55,-0001.61,-0001.30,-0012.17
+1580343717.26,+0001.95,+0000.00,-0019.53,+0000.08,+0000.08,-0009.19
+1580343717.27,-0001.95,+0001.95,-0020.51,-0003.29,-0001.00,-0010.64
+1580343717.27,+0000.00,+0000.00,-0021.48,-0001.53,-0001.91,-0012.25
+1580343717.28,+0003.91,-0000.98,-0022.46,-0001.68,-0000.54,-0009.11
+1580343717.28,+0003.91,-0001.95,-0023.44,-0002.14,-0000.77,-0009.34
+1580343717.29,+0001.95,-0001.95,-0024.41,-0002.45,+0000.69,-0010.80
+1580343717.29,+0000.00,-0003.91,-0026.37,-0001.23,-0000.69,-0014.78
+1580343717.30,+0003.91,-0004.88,-0025.39,+0000.92,+0000.08,-0013.09
+1580343717.30,+0004.88,-0005.86,-0026.37,-0001.38,+0000.84,-0012.25
+1580343717.31,+0000.98,-0005.86,-0026.37,-0001.30,+0000.38,-0010.26
+1580343717.31,-0002.93,-0006.84,-0027.34,-0003.22,+0000.38,-0011.18
+1580343717.32,+0000.98,-0007.81,-0028.32,-0001.99,-0001.07,-0005.82
+1580343717.32,+0002.93,-0008.79,-0030.27,-0002.45,+0001.07,-0005.44
+1580343717.33,-0001.95,-0008.79,-0030.27,-0001.30,-0001.84,-0004.75
+1580343717.33,+0000.00,-0008.79,-0031.25,-0001.84,-0001.76,-0007.66
+1580343717.34,+0003.91,-0010.74,-0031.25,-0001.45,-0004.06,-0006.51
+1580343717.34,+0001.95,-0011.72,-0032.23,-0001.23,-0002.07,-0007.12
+1580343717.35,-0007.81,-0009.77,-0033.20,-0000.31,+0001.07,-0021.51
+1580343717.35,-0007.81,-0010.74,-0033.20,-0003.83,-0007.12,-0014.55
+1580343717.36,+0018.55,-0014.65,-0033.20,+0000.23,-0005.28,-0001.30
+1580343717.36,-0005.86,-0013.67,-0037.11,-0002.37,-0001.07,-0011.03
+1580343717.37,-0028.32,-0013.67,-0037.11,-0000.54,-0004.06,-0011.71
+1580343717.37,+0001.95,-0014.65,-0034.18,+0000.69,+0000.84,-0018.22
+1580343717.38,+0002.93,-0020.51,-0034.18,-0005.05,+0001.53,-0007.20
+1580343717.38,-0009.77,-0017.58,-0035.16,-0006.12,+0003.83,-0013.55
+1580343717.39,-0020.51,-0017.58,-0035.16,+0000.08,-0002.14,-0015.93
+1580343717.39,-0002.93,-0020.51,-0034.18,+0001.07,-0004.21,-0012.56
+1580343717.40,+0009.77,-0024.41,-0034.18,+0001.45,+0001.23,-0005.44
+1580343717.40,-0001.95,-0021.48,-0035.16,-0000.54,-0000.38,-0007.20
+1580343717.41,-0009.77,-0022.46,-0035.16,+0000.00,-0003.22,-0014.70
+1580343717.41,+0003.91,-0027.34,-0033.20,+0002.30,-0002.37,-0015.70
+1580343717.42,+0012.70,-0028.32,-0032.23,+0001.91,+0001.61,-0009.65
+1580343717.42,+0002.93,-0027.34,-0032.23,+0000.69,-0000.08,-0011.25
+1580343717.43,-0002.93,-0029.30,-0030.27,+0002.07,-0001.84,-0014.32
+1580343717.43,+0009.77,-0031.25,-0028.32,+0000.77,-0000.61,-0011.87
+1580343717.44,+0008.79,-0031.25,-0027.34,-0000.23,+0002.60,-0010.49
+1580343717.44,+0000.00,-0033.20,-0026.37,-0000.54,-0000.15,-0011.41
+1580343717.45,+0001.95,-0034.18,-0024.41,+0003.06,+0000.84,-0016.61
+1580343717.45,+0007.81,-0034.18,-0021.48,+0002.22,+0000.38,-0010.64
+1580343717.46,+0008.79,-0035.16,-0019.53,+0002.99,+0002.83,-0014.01
+1580343717.46,+0001.95,-0036.13,-0017.58,-0000.38,+0000.31,-0014.85
+1580343717.47,+0006.84,-0036.13,-0016.60,+0004.75,-0002.07,-0011.03
+1580343717.47,+0012.70,-0038.09,-0015.62,+0003.83,-0001.23,-0006.58
+1580343717.48,+0007.81,-0040.04,-0014.65,+0003.06,-0000.38,-0003.14
+1580343717.48,+0002.93,-0040.04,-0012.70,+0005.82,-0001.45,-0001.91
+1580343717.49,+0003.91,-0040.04,-0009.77,+0004.75,+0000.69,+0007.27
+1580343717.49,+0000.00,-0041.02,-0006.84,+0000.84,+0002.99,+0004.52
+1580343717.50,-0006.84,-0041.99,-0005.86,+0000.84,+0000.00,-0001.23
+1580343717.50,-0000.98,-0041.99,-0003.91,+0001.61,+0000.23,-0006.43
+1580343717.51,-0008.79,-0039.06,-0000.98,+0002.22,+0001.76,-0017.53
+1580343717.51,-0012.70,-0038.09,+0002.93,+0004.13,-0000.54,-0019.75
+1580343717.52,-0009.77,-0034.18,+0005.86,+0003.37,+0001.53,-0024.35
+1580343717.52,-0009.77,-0031.25,+0008.79,+0006.20,-0000.31,-0019.14
+1580343717.53,-0007.81,-0028.32,+0009.77,+0000.77,-0000.08,-0017.69
+1580343717.53,-0006.84,-0026.37,+0010.74,+0005.51,-0002.60,-0014.24
+1580343717.54,-0002.93,-0024.41,+0010.74,+0001.45,-0002.83,-0010.18
+1580343717.54,+0000.98,-0021.48,+0010.74,+0002.60,-0001.91,-0006.74
+1580343717.55,+0001.95,-0019.53,+0012.70,+0002.22,-0004.29,-0006.05
+1580343717.55,+0007.81,-0015.62,+0015.62,+0001.84,-0003.22,-0004.44
+1580343717.56,+0010.74,-0012.70,+0019.53,+0001.38,-0000.54,-0005.97
+1580343717.56,+0007.81,-0009.77,+0023.44,+0002.37,+0000.08,-0006.66
+1580343717.57,+0007.81,-0004.88,+0027.34,+0002.83,+0000.54,-0008.50
+1580343717.57,+0008.79,-0001.95,+0030.27,+0005.21,+0001.23,-0010.03
+1580343717.58,+0006.84,+0001.95,+0033.20,+0005.05,+0003.22,-0012.40
+1580343717.58,+0001.95,+0003.91,+0035.16,+0005.36,+0003.06,-0014.78
+1580343717.59,+0001.95,+0005.86,+0036.13,+0003.60,+0001.45,-0012.25
+1580343717.59,+0000.00,+0007.81,+0036.13,+0003.37,+0003.06,-0012.48
+1580343717.60,-0005.86,+0008.79,+0037.11,+0002.99,+0001.53,-0013.09
+1580343717.60,-0002.93,+0010.74,+0037.11,+0001.23,-0000.92,-0008.27
+1580343717.61,+0000.00,+0009.77,+0037.11,-0000.08,+0002.37,-0008.96
+1580343717.61,-0005.86,+0010.74,+0037.11,-0001.07,-0000.38,-0006.05
+1580343717.62,-0004.88,+0012.70,+0037.11,-0001.61,-0000.54,-0008.04
+1580343717.62,+0000.00,+0011.72,+0038.09,-0002.07,-0000.61,-0010.64
+1580343717.63,+0002.93,+0011.72,+0038.09,+0002.07,+0001.76,-0013.02
+1580343717.63,+0001.95,+0013.67,+0040.04,+0003.83,-0000.61,-0013.17
+1580343717.64,+0003.91,+0013.67,+0040.04,+0003.68,-0000.84,-0013.48
+1580343717.64,+0006.84,+0011.72,+0040.04,+0004.36,-0000.31,-0014.78
+1580343717.65,+0008.79,+0012.70,+0041.02,+0003.37,-0000.31,-0010.87
+1580343717.65,+0008.79,+0011.72,+0041.02,-0001.30,+0001.00,-0010.41
+1580343717.66,+0008.79,+0010.74,+0041.02,+0000.46,-0001.45,-0010.57
+1580343717.66,+0010.74,+0009.77,+0041.02,-0001.84,+0000.46,-0009.65
+1580343717.67,+0010.74,+0008.79,+0041.99,-0000.92,-0000.69,-0006.97
+1580343717.67,+0010.74,+0007.81,+0041.02,+0001.45,+0000.69,-0007.73
+1580343717.68,+0005.86,+0006.84,+0040.04,+0001.30,+0001.76,-0008.88
+1580343717.68,+0004.88,+0006.84,+0039.06,+0002.07,+0000.61,-0010.03
+1580343717.69,+0004.88,+0004.88,+0039.06,+0003.14,+0001.15,-0011.18
+1580343717.69,+0002.93,+0005.86,+0039.06,+0001.68,-0000.15,-0009.80
+1580343717.70,+0001.95,+0006.84,+0039.06,+0000.00,+0000.46,-0010.18
+1580343717.70,-0000.98,+0005.86,+0039.06,-0001.30,-0000.15,-0009.80
+1580343717.71,-0001.95,+0005.86,+0038.09,-0000.92,+0000.31,-0011.03
+1580343717.71,-0000.98,+0006.84,+0038.09,+0000.54,-0000.61,-0010.49
+1580343717.72,-0001.95,+0007.81,+0038.09,+0002.99,+0000.08,-0007.35
+1580343717.72,-0004.88,+0007.81,+0038.09,+0001.07,-0000.31,-0006.81
+1580343717.73,-0005.86,+0009.77,+0038.09,+0001.76,-0001.07,-0008.50
+1580343717.73,-0002.93,+0010.74,+0038.09,-0002.07,-0001.15,-0010.41
+1580343717.74,-0000.98,+0010.74,+0038.09,-0003.29,-0000.54,-0014.62
+1580343717.74,-0000.98,+0011.72,+0038.09,-0002.07,-0002.37,-0013.17
+1580343717.75,-0000.98,+0012.70,+0036.13,-0000.69,-0000.23,-0012.40
+1580343717.75,-0001.95,+0012.70,+0035.16,+0001.99,+0000.69,-0013.55
+1580343717.76,-0001.95,+0011.72,+0034.18,+0001.07,-0002.22,-0014.55
+1580343717.76,+0004.88,+0010.74,+0033.20,+0000.84,-0004.29,-0005.51
+1580343717.77,+0003.91,+0010.74,+0033.20,+0000.15,+0002.91,-0010.72
+1580343717.77,-0011.72,+0013.67,+0033.20,-0004.98,-0010.57,-0006.66
+1580343717.78,+0014.65,+0011.72,+0032.23,-0003.29,-0002.60,-0009.42
+1580343717.78,+0014.65,+0007.81,+0029.30,-0001.07,+0003.60,-0005.28
+1580343717.79,-0003.91,+0013.67,+0028.32,+0001.91,-0000.84,-0002.76
+1580343717.79,-0001.95,+0014.65,+0028.32,-0001.91,-0000.15,-0010.95
+1580343717.80,+0003.91,+0008.79,+0027.34,+0005.05,-0003.68,-0007.58
+1580343717.80,+0011.72,+0010.74,+0026.37,+0000.92,-0000.69,-0006.35
+1580343717.81,-0001.95,+0011.72,+0025.39,-0000.92,-0000.77,-0010.57
+1580343717.81,-0007.81,+0009.77,+0024.41,-0000.31,-0000.77,-0014.62
+1580343717.82,-0000.98,+0008.79,+0023.44,-0000.61,+0000.46,-0016.00
+1580343717.82,+0000.00,+0008.79,+0021.48,-0003.22,+0001.30,-0012.63
+1580343717.83,-0006.84,+0006.84,+0020.51,-0003.60,+0000.54,-0013.17
+1580343717.83,-0008.79,+0006.84,+0019.53,-0001.99,-0000.15,-0011.71
+1580343717.84,-0007.81,+0006.84,+0018.55,-0002.76,+0000.84,-0012.33
+1580343717.84,-0006.84,+0005.86,+0017.58,-0002.14,-0001.76,-0010.26
+1580343717.85,-0004.88,+0005.86,+0016.60,-0000.46,-0000.92,-0008.19
+1580343717.85,-0004.88,+0004.88,+0015.62,+0000.54,-0001.76,-0008.50
+1580343717.86,-0003.91,+0003.91,+0014.65,+0001.07,-0002.91,-0007.89
+1580343717.86,+0000.00,+0002.93,+0013.67,+0001.00,-0004.98,-0003.37
+1580343717.87,+0002.93,+0002.93,+0012.70,+0001.15,+0001.76,-0007.50
+1580343717.87,-0008.79,+0004.88,+0012.70,-0000.23,+0001.61,-0013.78
+1580343717.88,+0001.95,+0002.93,+0011.72,-0001.45,-0000.61,-0012.63
+1580343717.88,+0008.79,+0000.98,+0009.77,-0006.20,+0002.14,-0010.64
+1580343717.89,+0001.95,+0001.95,+0008.79,-0001.00,+0000.84,-0010.03
+1580343717.89,+0001.95,+0001.95,+0007.81,-0005.05,+0000.15,-0008.58
+1580343717.90,+0000.98,-0000.98,+0006.84,+0000.61,+0002.45,-0016.84
+1580343717.90,-0002.93,+0000.98,+0008.79,-0001.53,-0000.23,-0014.01
+1580343717.91,+0002.93,+0000.98,+0007.81,+0002.76,+0000.84,-0013.93
+1580343717.91,-0001.95,-0001.95,+0006.84,+0004.06,+0000.31,-0008.96
+1580343717.92,-0003.91,-0000.98,+0005.86,+0001.15,+0000.00,-0007.58
+1580343717.92,-0001.95,-0002.93,+0004.88,-0000.15,+0000.46,-0007.89
+1580343717.93,-0002.93,-0003.91,+0004.88,+0000.31,+0000.46,-0004.59
+1580343717.93,-0003.91,-0003.91,+0004.88,-0002.07,-0001.30,-0006.66
+1580343717.94,-0001.95,-0004.88,+0004.88,-0002.45,-0001.07,-0006.12
+1580343717.94,-0001.95,-0004.88,+0004.88,-0001.00,+0001.38,-0008.19
+1580343717.95,-0003.91,-0003.91,+0004.88,+0001.53,-0001.30,-0011.64
+1580343717.95,-0000.98,-0003.91,+0004.88,+0002.07,+0000.69,-0014.16
+1580343717.96,+0000.00,-0004.88,+0004.88,+0002.07,-0000.69,-0013.48
+1580343717.96,+0000.98,-0003.91,+0004.88,+0001.84,-0001.68,-0013.86
+1580343717.97,+0000.00,-0002.93,+0005.86,+0000.08,+0001.38,-0013.78
+1580343717.97,-0003.91,-0001.95,+0005.86,-0002.14,-0001.30,-0013.40
+1580343717.98,+0000.00,-0000.98,+0005.86,-0002.30,-0001.61,-0011.18
+1580343717.98,+0002.93,+0000.00,+0005.86,-0001.00,+0000.46,-0009.88
+1580343717.99,-0000.98,+0001.95,+0006.84,+0000.77,-0002.60,-0008.12
+1580343717.99,+0002.93,+0003.91,+0007.81,+0001.15,-0003.29,-0003.98
+1580343718.00,+0002.93,+0005.86,+0007.81,+0003.83,+0000.31,-0006.43
+1580343718.00,-0004.88,+0009.77,+0008.79,+0002.14,-0004.82,-0004.75
+1580343718.01,+0002.93,+0010.74,+0010.74,+0001.61,-0000.15,-0007.58
+1580343718.01,+0000.98,+0011.72,+0009.77,+0000.84,+0002.14,-0009.26
+1580343718.02,-0003.91,+0015.62,+0010.74,-0000.92,-0000.46,-0008.27
+1580343718.02,-0001.95,+0016.60,+0009.77,-0002.53,+0003.37,-0015.47
+1580343718.03,-0006.84,+0017.58,+0010.74,+0000.15,+0000.92,-0017.46
+1580343718.03,+0000.00,+0021.48,+0011.72,-0001.61,-0001.99,-0015.08
+1580343718.04,+0006.84,+0020.51,+0012.70,+0001.00,+0001.76,-0009.49
+1580343718.04,-0005.86,+0022.46,+0012.70,+0002.07,+0003.45,-0010.64
+1580343718.05,-0011.72,+0025.39,+0012.70,+0001.07,-0003.14,-0009.72
+1580343718.05,+0000.00,+0022.46,+0011.72,+0000.46,-0000.15,-0010.41
+1580343718.06,+0002.93,+0020.51,+0011.72,-0000.69,-0004.13,-0002.60
+1580343718.06,+0002.93,+0023.44,+0010.74,-0000.69,+0000.08,-0002.76
+1580343718.07,-0008.79,+0022.46,+0009.77,-0002.68,+0002.30,-0009.03
+1580343718.07,-0006.84,+0021.48,+0009.77,-0001.76,-0001.38,-0011.71
+1580343718.08,+0005.86,+0020.51,+0010.74,-0002.60,+0001.53,-0015.16
+1580343718.08,+0001.95,+0019.53,+0009.77,+0000.54,-0003.22,-0006.89
+1580343718.09,-0000.98,+0018.55,+0007.81,+0000.69,+0002.68,-0014.09
+1580343718.09,-0007.81,+0017.58,+0007.81,+0002.22,-0004.59,-0011.03
+1580343718.10,+0002.93,+0015.62,+0006.84,+0002.60,-0002.22,-0009.42
+1580343718.10,+0002.93,+0013.67,+0005.86,+0000.23,+0001.23,-0011.25
+1580343718.11,-0006.84,+0014.65,+0003.91,+0000.31,-0000.92,-0011.64
+1580343718.11,-0003.91,+0012.70,+0003.91,-0004.36,-0000.92,-0014.24
+1580343718.12,+0001.95,+0009.77,+0001.95,-0003.37,-0001.23,-0012.94
+1580343718.12,+0000.00,+0011.72,+0001.95,-0004.59,+0001.53,-0010.49
+1580343718.13,-0006.84,+0010.74,+0000.00,-0003.14,-0001.99,-0009.49
+1580343718.13,-0002.93,+0008.79,-0000.98,-0002.76,-0001.38,-0009.95
+1580343718.14,+0000.98,+0009.77,-0001.95,+0001.76,+0000.38,-0010.03
+1580343718.14,-0000.98,+0010.74,-0001.95,+0002.91,-0001.00,-0008.04
+1580343718.15,-0003.91,+0011.72,-0002.93,+0000.61,-0001.84,-0008.65
+1580343718.15,-0000.98,+0011.72,-0002.93,-0000.77,-0001.99,-0010.03
+1580343718.16,+0002.93,+0012.70,-0003.91,-0003.37,-0001.61,-0008.80
+1580343718.16,+0001.95,+0013.67,-0004.88,-0004.75,+0001.38,-0009.34
+1580343718.17,-0001.95,+0015.62,-0006.84,-0006.89,-0000.08,-0009.72
+1580343718.17,+0000.00,+0015.62,-0007.81,-0004.06,-0001.61,-0011.41
+1580343718.18,+0002.93,+0016.60,-0007.81,-0001.07,+0001.76,-0013.93
+1580343718.18,+0001.95,+0018.55,-0007.81,-0000.23,-0003.37,-0014.62
+1580343718.19,+0009.77,+0018.55,-0007.81,+0000.46,-0004.59,-0005.74
+1580343718.19,+0000.00,+0020.51,-0010.74,+0003.83,+0007.73,-0014.85
+1580343718.20,-0012.70,+0021.48,-0009.77,+0003.60,-0004.44,-0011.71
+1580343718.20,+0010.74,+0020.51,-0009.77,+0000.92,+0000.84,-0014.24
+1580343718.21,+0003.91,+0017.58,-0010.74,-0002.68,+0002.22,-0009.19
+1580343718.21,-0005.86,+0023.44,-0010.74,-0005.13,-0001.61,-0006.97
+1580343718.22,-0000.98,+0018.55,-0011.72,-0004.21,-0001.23,-0009.34
+1580343718.22,+0003.91,+0015.62,-0011.72,-0002.45,+0000.08,-0006.05
+1580343718.23,+0005.86,+0017.58,-0011.72,-0003.22,-0000.31,-0003.45
+1580343718.23,-0001.95,+0016.60,-0012.70,-0001.38,-0001.30,-0007.89
+1580343718.24,-0000.98,+0011.72,-0013.67,+0000.77,-0001.84,-0010.80
+1580343718.24,+0006.84,+0011.72,-0013.67,+0000.92,-0001.23,-0012.56
+1580343718.25,+0003.91,+0010.74,-0014.65,+0001.38,-0001.53,-0010.34
+1580343718.25,+0000.98,+0007.81,-0014.65,+0002.91,+0000.54,-0013.48
+1580343718.26,-0002.93,+0005.86,-0015.62,+0002.22,+0000.84,-0016.69
+1580343718.26,+0001.95,+0003.91,-0015.62,+0002.53,-0002.30,-0014.24
+1580343718.27,+0004.88,+0000.98,-0015.62,+0000.92,+0002.30,-0008.27
+1580343718.27,-0005.86,+0000.00,-0016.60,-0000.31,+0000.77,-0007.35
+1580343718.28,-0005.86,-0001.95,-0016.60,+0000.54,-0001.45,-0007.81
+1580343718.28,+0000.98,-0004.88,-0015.62,-0003.83,-0000.38,-0004.36
+1580343718.29,+0002.93,-0007.81,-0016.60,-0003.29,+0002.60,-0002.53
+1580343718.29,-0009.77,-0007.81,-0017.58,-0002.99,+0000.69,-0009.11
+1580343718.30,-0009.77,-0010.74,-0016.60,-0001.99,-0001.23,-0010.57
+1580343718.30,+0000.98,-0013.67,-0016.60,-0001.30,-0000.46,-0015.16
+1580343718.31,+0000.98,-0015.62,-0015.62,+0001.61,-0003.22,-0009.19
+1580343718.31,-0004.88,-0015.62,-0016.60,+0002.07,+0001.23,-0010.18
+1580343718.32,-0009.77,-0017.58,-0017.58,+0004.29,-0001.45,-0016.00
+1580343718.32,-0002.93,-0018.55,-0017.58,+0003.06,-0001.38,-0012.48
+1580343718.33,+0001.95,-0019.53,-0017.58,+0003.06,+0000.54,-0011.03
+1580343718.33,-0008.79,-0018.55,-0017.58,+0001.68,+0001.23,-0010.95
+1580343718.34,-0006.84,-0018.55,-0017.58,-0001.45,-0001.91,-0008.50
+1580343718.34,-0000.98,-0019.53,-0016.60,-0002.99,+0001.99,-0007.73
+1580343718.35,-0002.93,-0018.55,-0015.62,-0003.52,-0000.08,-0004.06
+1580343718.35,-0003.91,-0017.58,-0015.62,-0002.53,+0002.60,-0007.66
+1580343718.36,-0006.84,-0017.58,-0014.65,-0001.76,-0002.60,-0008.42
+1580343718.36,+0000.00,-0016.60,-0013.67,+0001.61,-0000.61,-0009.72
+1580343718.37,-0000.98,-0016.60,-0013.67,+0001.38,+0001.00,-0012.79
+1580343718.37,-0004.88,-0015.62,-0013.67,+0005.36,-0002.14,-0014.39
+1580343718.38,-0000.98,-0014.65,-0011.72,+0003.29,-0001.15,-0014.85
+1580343718.38,+0000.00,-0014.65,-0010.74,+0005.67,-0000.84,-0012.86
+1580343718.39,-0001.95,-0012.70,-0009.77,+0002.68,+0000.38,-0011.48
+1580343718.39,-0001.95,-0012.70,-0008.79,+0000.84,-0002.14,-0011.18
+1580343718.40,+0003.91,-0012.70,-0007.81,-0000.23,-0001.45,-0007.73
+1580343718.40,+0001.95,-0011.72,-0007.81,-0000.38,+0002.07,-0009.72
+1580343718.41,-0002.93,-0011.72,-0006.84,-0001.99,-0001.53,-0009.03
+1580343718.41,+0002.93,-0012.70,-0005.86,-0001.23,+0001.91,-0010.49
+1580343718.42,+0000.98,-0012.70,-0004.88,-0002.37,+0000.46,-0009.03
+1580343718.42,+0000.00,-0012.70,-0004.88,+0000.77,-0000.77,-0008.65
+1580343718.43,-0000.98,-0013.67,-0004.88,+0001.15,-0000.61,-0009.72
+1580343718.43,-0000.98,-0013.67,-0004.88,+0004.52,-0000.92,-0012.10
+1580343718.44,+0000.98,-0013.67,-0002.93,+0001.45,+0000.92,-0012.56
+1580343718.44,+0001.95,-0012.70,-0002.93,+0002.99,+0000.77,-0010.87
+1580343718.45,-0002.93,-0012.70,-0001.95,+0002.22,+0001.84,-0015.70
+1580343718.45,-0003.91,-0012.70,-0001.95,+0001.30,-0005.74,-0010.11
+1580343718.46,+0006.84,-0013.67,-0001.95,+0002.22,-0001.45,-0009.11
+1580343718.46,-0000.98,-0013.67,-0002.93,+0000.84,-0002.60,-0008.88
+1580343718.47,+0000.00,-0012.70,-0002.93,+0000.84,-0001.61,-0006.74
+1580343718.47,+0002.93,-0012.70,-0002.93,-0000.92,+0000.38,-0011.79
+1580343718.48,+0000.00,-0011.72,-0002.93,-0000.08,+0000.15,-0007.58
+1580343718.48,+0001.95,-0010.74,-0001.95,-0000.69,+0000.77,-0010.87
+1580343718.49,-0000.98,-0010.74,-0000.98,-0001.45,-0000.15,-0008.73
+1580343718.49,+0000.98,-0010.74,-0000.98,-0001.61,+0001.07,-0007.81
+1580343718.50,-0000.98,-0010.74,-0000.98,-0001.68,-0001.76,-0007.50
+1580343718.50,+0000.98,-0010.74,-0001.95,+0000.31,+0001.07,-0008.65
+1580343718.51,-0002.93,-0010.74,-0001.95,+0000.61,+0001.00,-0012.02
+1580343718.51,-0002.93,-0010.74,-0001.95,+0002.14,-0001.76,-0008.27
+1580343718.52,+0000.98,-0010.74,-0000.98,+0001.99,+0000.61,-0010.26
+1580343718.52,-0004.88,-0011.72,-0001.95,+0001.91,-0000.61,-0009.80
+1580343718.53,-0004.88,-0011.72,-0001.95,+0001.38,-0002.60,-0009.65
+1580343718.53,-0001.95,-0012.70,-0001.95,-0000.69,-0001.15,-0011.25
+1580343718.54,-0001.95,-0012.70,-0002.93,-0001.38,-0000.15,-0010.03
+1580343718.54,-0002.93,-0012.70,-0002.93,-0001.61,+0000.23,-0012.02
+1580343718.55,-0003.91,-0012.70,-0002.93,-0001.30,-0000.54,-0012.94
+1580343718.55,+0000.00,-0013.67,-0002.93,-0002.14,-0000.46,-0012.33
+1580343718.56,+0002.93,-0013.67,-0002.93,+0000.23,-0001.76,-0008.96
+1580343718.56,+0002.93,-0012.70,-0003.91,-0000.08,-0000.46,-0007.89
+1580343718.57,+0000.00,-0011.72,-0003.91,+0000.46,-0002.45,-0008.35
+1580343718.57,+0004.88,-0011.72,-0003.91,+0001.00,-0000.92,-0008.27
+1580343718.58,+0005.86,-0011.72,-0002.93,-0000.08,+0000.61,-0010.11
+1580343718.58,+0002.93,-0008.79,-0001.95,-0000.77,-0007.73,-0004.59
+1580343718.59,+0014.65,-0008.79,-0001.95,-0001.53,+0000.15,-0002.22
+1580343718.59,+0000.00,-0005.86,-0002.93,+0002.53,+0011.71,-0020.29
+1580343718.60,-0014.65,-0003.91,-0000.98,-0002.22,-0006.05,-0011.25
+1580343718.60,+0015.62,-0002.93,+0000.98,-0004.21,+0006.51,-0015.47
+1580343718.61,+0001.95,-0004.88,+0000.98,+0004.13,+0002.14,-0006.81
+1580343718.61,-0009.77,+0002.93,+0000.98,+0002.83,+0002.30,-0007.73
+1580343718.62,-0008.79,+0000.00,+0000.98,+0002.76,-0001.53,-0011.48
+1580343718.62,+0000.98,+0000.00,+0001.95,-0000.08,+0000.00,-0006.43
+1580343718.63,+0001.95,+0001.95,+0001.95,-0001.99,+0003.60,-0006.81
+1580343718.63,-0007.81,+0003.91,+0003.91,+0002.22,-0002.76,-0003.90
+1580343718.64,-0004.88,+0003.91,+0003.91,+0002.91,+0001.23,-0011.94
+1580343718.64,-0005.86,+0003.91,+0003.91,-0001.91,-0002.30,-0010.87
+1580343718.65,+0002.93,+0004.88,+0004.88,+0003.22,-0000.84,-0010.49
+1580343718.65,+0001.95,+0003.91,+0004.88,-0001.23,+0001.00,-0012.71
+1580343718.66,-0002.93,+0003.91,+0004.88,+0002.14,-0001.23,-0012.94
+1580343718.66,+0000.98,+0003.91,+0003.91,-0000.69,+0000.92,-0016.77
+1580343718.67,+0001.95,+0002.93,+0004.88,+0002.45,-0000.61,-0013.25
+1580343718.67,+0004.88,+0002.93,+0004.88,-0000.38,+0001.23,-0010.80
+1580343718.68,+0000.98,+0001.95,+0004.88,+0002.83,+0000.23,-0009.72
+1580343718.68,-0000.98,+0001.95,+0004.88,-0000.08,+0000.38,-0008.35
+1580343718.69,+0001.95,+0000.00,+0004.88,+0000.92,-0001.45,-0007.89
+1580343718.69,+0000.98,-0000.98,+0004.88,-0000.38,+0001.91,-0008.88
+1580343718.70,-0000.98,-0001.95,+0004.88,-0000.77,+0001.38,-0012.86
+1580343718.70,+0000.00,-0001.95,+0003.91,+0000.08,-0001.00,-0013.93
+1580343718.71,+0003.91,-0002.93,+0003.91,+0000.69,+0000.77,-0012.25
+1580343718.71,+0000.98,-0002.93,+0003.91,+0001.76,+0000.38,-0011.48
+1580343718.72,-0000.98,-0001.95,+0004.88,+0000.08,-0001.00,-0009.57
+1580343718.72,+0001.95,-0002.93,+0004.88,+0001.23,+0000.08,-0011.18
+1580343718.73,+0003.91,-0002.93,+0004.88,+0000.38,+0000.61,-0006.28
+1580343718.73,+0000.00,-0001.95,+0003.91,-0000.38,+0001.99,-0010.64
+1580343718.74,-0002.93,-0001.95,+0003.91,-0002.60,-0002.83,-0008.50
+1580343718.74,+0004.88,-0001.95,+0002.93,-0002.60,+0003.29,-0012.40
+1580343718.75,-0001.95,-0000.98,+0002.93,-0001.76,-0000.31,-0011.33
+1580343718.75,+0000.98,+0000.00,+0003.91,-0000.77,-0003.75,-0008.42
+1580343718.76,+0009.77,-0000.98,+0003.91,-0003.83,+0000.61,-0005.59
+1580343718.76,-0006.84,+0002.93,+0002.93,-0001.99,-0001.53,-0010.03
+1580343718.77,-0004.88,+0002.93,+0002.93,+0001.84,-0002.45,-0010.87
+1580343718.77,+0009.77,+0001.95,+0001.95,-0001.45,-0000.46,-0010.80
+1580343718.78,+0004.88,+0001.95,+0000.98,+0002.76,+0001.38,-0007.50
+1580343718.78,-0004.88,+0005.86,+0000.98,-0002.22,-0002.14,-0009.42
+1580343718.79,-0000.98,+0002.93,+0000.98,+0000.92,-0001.61,-0010.49
+1580343718.79,+0005.86,+0001.95,+0000.98,-0002.53,+0000.31,-0012.02
+1580343718.80,+0000.00,+0002.93,+0000.98,-0001.15,+0000.15,-0009.95
+1580343718.80,-0001.95,+0002.93,+0000.98,-0001.53,+0001.00,-0014.24
+1580343718.81,-0001.95,+0000.00,+0000.98,-0001.00,-0001.23,-0015.24
+1580343718.81,+0008.79,-0001.95,+0000.00,+0001.99,+0006.05,-0010.64
+1580343718.82,-0004.88,-0000.98,-0001.95,-0001.61,+0001.53,-0013.32
+1580343718.82,-0010.74,-0002.93,-0000.98,+0000.31,-0004.29,-0008.04
+1580343718.83,+0008.79,-0004.88,+0000.00,+0001.91,+0001.23,-0014.47
+1580343718.83,+0001.95,-0006.84,+0000.00,+0004.67,-0000.23,-0005.28
+1580343718.84,-0003.91,-0004.88,+0000.00,-0000.08,+0000.69,-0010.18
+1580343718.84,-0005.86,-0008.79,+0000.00,+0001.15,-0002.14,-0012.56
+1580343718.85,+0000.98,-0009.77,+0000.00,-0002.76,+0001.15,-0009.95
+1580343718.85,+0000.00,-0009.77,+0000.00,+0002.83,+0000.31,-0009.03
+1580343718.86,-0005.86,-0010.74,+0000.00,-0000.61,+0000.31,-0009.72
+1580343718.86,-0005.86,-0012.70,+0000.98,+0000.54,-0001.30,-0011.10
+1580343718.87,+0000.00,-0012.70,+0001.95,+0001.38,+0001.68,-0010.41
+1580343718.87,-0003.91,-0012.70,+0002.93,+0002.30,+0000.31,-0009.95
+1580343718.88,-0005.86,-0013.67,+0002.93,+0001.23,-0002.14,-0010.57
+1580343718.88,-0001.95,-0014.65,+0003.91,+0003.29,-0000.77,-0010.18
+1580343718.89,+0000.00,-0014.65,+0004.88,+0000.15,-0002.60,-0005.59
+1580343718.89,-0000.98,-0014.65,+0005.86,+0001.00,-0000.84,-0006.43
+1580343718.90,-0004.88,-0014.65,+0006.84,-0000.77,+0000.54,-0009.88
+1580343718.90,-0002.93,-0013.67,+0006.84,+0000.61,-0003.29,-0013.17
+1580343718.91,+0006.84,-0013.67,+0008.79,-0001.00,-0000.77,-0011.64
+1580343718.91,+0002.93,-0013.67,+0008.79,+0002.83,+0002.07,-0014.24
+1580343718.92,-0006.84,-0011.72,+0009.77,+0001.53,-0000.46,-0016.00
+1580343718.92,+0004.88,-0011.72,+0010.74,+0000.77,-0000.23,-0015.54
+1580343718.93,+0009.77,-0012.70,+0010.74,+0001.61,-0001.53,-0009.34
+1580343718.93,+0005.86,-0009.77,+0011.72,+0004.06,-0000.84,-0006.20
+1580343718.94,+0000.98,-0008.79,+0011.72,+0001.84,-0002.22,-0006.51
+1580343718.94,+0004.88,-0007.81,+0012.70,-0001.61,+0000.84,-0009.72
+1580343718.95,+0006.84,-0006.84,+0013.67,-0000.92,-0000.84,-0007.35
+1580343718.95,+0009.77,-0003.91,+0014.65,+0000.38,-0000.31,-0006.35
+1580343718.96,+0002.93,-0002.93,+0014.65,+0001.84,-0001.07,-0007.73
+1580343718.96,+0001.95,+0000.00,+0014.65,+0001.61,-0001.30,-0010.41
+1580343718.97,+0002.93,+0000.98,+0015.62,+0002.14,+0000.38,-0011.94
+1580343718.97,+0003.91,+0001.95,+0015.62,+0001.00,-0001.07,-0008.19
+1580343718.98,+0002.93,+0003.91,+0015.62,+0000.92,+0000.54,-0009.19
+1580343718.98,-0001.95,+0005.86,+0015.62,+0001.30,+0000.15,-0011.87
+1580343718.99,+0000.98,+0006.84,+0015.62,-0000.77,-0004.06,-0006.97
+1580343718.99,+0005.86,+0006.84,+0014.65,+0000.54,+0009.65,-0015.85
+1580343719.00,-0017.58,+0010.74,+0014.65,-0001.61,-0003.29,-0010.18
+1580343719.00,-0004.88,+0011.72,+0014.65,-0000.23,-0001.07,-0014.70
+1580343719.01,+0000.98,+0010.74,+0013.67,-0002.53,-0005.13,-0006.66
+1580343719.01,+0003.91,+0012.70,+0012.70,+0002.99,+0001.68,-0004.29
+1580343719.02,-0009.77,+0016.60,+0012.70,-0004.44,+0003.52,-0013.02
+1580343719.02,-0012.70,+0016.60,+0012.70,+0002.30,-0004.67,-0008.88
+1580343719.03,+0007.81,+0017.58,+0012.70,-0001.53,-0000.15,-0008.96
+1580343719.03,+0003.91,+0018.55,+0013.67,+0003.37,-0002.99,-0001.99
+1580343719.04,-0003.91,+0024.41,+0012.70,-0001.23,+0000.92,-0005.44
+1580343719.04,-0007.81,+0024.41,+0012.70,+0000.08,-0003.68,-0012.79
+1580343719.05,+0004.88,+0023.44,+0012.70,-0000.61,+0000.84,-0012.02
+1580343719.05,+0006.84,+0026.37,+0012.70,+0000.46,+0002.60,-0012.94
+1580343719.06,-0003.91,+0029.30,+0011.72,-0001.53,+0000.08,-0011.03
+1580343719.06,-0003.91,+0030.27,+0011.72,-0002.99,+0002.07,-0014.09
+1580343719.07,-0000.98,+0028.32,+0011.72,+0000.84,-0000.69,-0010.26
+1580343719.07,+0000.98,+0031.25,+0012.70,-0001.68,+0002.60,-0007.20
+1580343719.08,-0006.84,+0030.27,+0010.74,-0000.38,+0000.38,-0006.28
+1580343719.08,-0006.84,+0029.30,+0010.74,-0001.00,-0000.31,-0005.82
+1580343719.09,-0004.88,+0027.34,+0009.77,+0001.61,+0000.84,-0006.43
+1580343719.09,-0008.79,+0027.34,+0009.77,+0000.92,-0000.31,-0007.04
+1580343719.10,-0009.77,+0026.37,+0008.79,-0001.15,-0000.61,-0009.19
+1580343719.10,-0009.77,+0024.41,+0008.79,-0000.84,-0000.92,-0009.26
+1580343719.11,-0008.79,+0023.44,+0007.81,-0001.45,+0000.61,-0012.79
+1580343719.11,-0009.77,+0021.48,+0006.84,-0002.07,-0000.54,-0016.08
+1580343719.12,-0008.79,+0020.51,+0005.86,-0001.76,-0000.84,-0018.68
+1580343719.12,-0006.84,+0017.58,+0004.88,-0000.15,-0000.08,-0016.77
+1580343719.13,-0004.88,+0016.60,+0003.91,+0001.45,-0001.76,-0012.94
+1580343719.13,-0003.91,+0014.65,+0001.95,+0000.69,-0002.22,-0007.58
+1580343719.14,-0003.91,+0013.67,+0000.98,-0000.38,-0001.68,-0006.81
+1580343719.14,-0001.95,+0011.72,-0000.98,-0001.45,-0001.00,-0006.74
+1580343719.15,+0000.00,+0009.77,-0001.95,-0001.15,-0002.53,-0004.29
+1580343719.15,+0001.95,+0007.81,-0002.93,-0002.22,-0000.77,-0004.36
+1580343719.16,+0000.00,+0005.86,-0003.91,-0001.84,-0001.68,-0005.05
+1580343719.16,+0000.00,+0004.88,-0005.86,-0001.68,-0000.77,-0006.97
+1580343719.17,-0002.93,+0002.93,-0006.84,-0000.46,+0000.38,-0014.01
+1580343719.17,-0003.91,+0001.95,-0007.81,+0000.31,-0000.77,-0014.78
+1580343719.18,-0000.98,+0000.00,-0008.79,-0001.68,+0001.30,-0016.15
+1580343719.18,-0003.91,-0000.98,-0009.77,-0001.07,+0000.38,-0013.40
+1580343719.19,-0005.86,-0001.95,-0011.72,-0001.61,+0000.84,-0013.02
+1580343719.19,-0006.84,-0002.93,-0012.70,-0001.76,+0001.68,-0012.40
+1580343719.20,-0008.79,-0002.93,-0013.67,-0002.14,+0001.91,-0011.56
+1580343719.20,-0008.79,-0003.91,-0014.65,-0003.37,+0000.38,-0009.26
+1580343719.21,-0006.84,-0004.88,-0015.62,-0003.45,+0001.07,-0009.11
+1580343719.21,-0007.81,-0005.86,-0016.60,-0003.14,+0000.61,-0009.57
+1580343719.22,-0008.79,-0005.86,-0017.58,-0002.83,+0000.61,-0009.34
+1580343719.22,-0005.86,-0005.86,-0017.58,-0001.15,-0001.91,-0010.72
+1580343719.23,-0002.93,-0006.84,-0018.55,-0000.38,+0000.08,-0010.57
+1580343719.23,-0001.95,-0007.81,-0019.53,-0000.84,-0001.07,-0008.65
+1580343719.24,-0001.95,-0008.79,-0020.51,-0001.61,-0000.15,-0011.71
+1580343719.24,-0003.91,-0009.77,-0021.48,-0001.23,-0000.92,-0012.56
+1580343719.24,+0001.95,-0010.74,-0022.46,-0001.99,+0000.08,-0011.25
+1580343719.25,+0003.91,-0011.72,-0023.44,-0001.91,-0000.31,-0010.41
+1580343719.25,+0001.95,-0011.72,-0023.44,-0002.45,-0001.30,-0008.35
+1580343719.26,+0002.93,-0013.67,-0024.41,-0001.84,-0000.54,-0008.27
+1580343719.26,+0005.86,-0014.65,-0024.41,-0000.08,+0000.23,-0006.97
+1580343719.27,+0002.93,-0015.62,-0024.41,+0002.22,+0000.31,-0008.58
+1580343719.27,+0000.98,-0016.60,-0024.41,+0000.38,-0000.54,-0010.87
+1580343719.28,+0001.95,-0017.58,-0024.41,+0001.61,-0000.77,-0010.49
+1580343719.28,+0003.91,-0019.53,-0023.44,+0001.68,+0000.23,-0009.03
+1580343719.29,-0000.98,-0020.51,-0023.44,-0000.23,+0000.46,-0009.72
+1580343719.29,-0003.91,-0021.48,-0024.41,-0000.69,-0000.23,-0010.72
+1580343719.30,-0002.93,-0022.46,-0023.44,-0002.45,+0000.92,-0012.63
+1580343719.30,-0000.98,-0024.41,-0023.44,-0000.69,-0000.31,-0012.02
+1580343719.31,-0001.95,-0025.39,-0022.46,+0000.38,+0000.69,-0011.25
+1580343719.31,-0003.91,-0024.41,-0021.48,+0001.53,-0001.23,-0010.26
+1580343719.32,-0004.88,-0025.39,-0020.51,+0003.14,-0000.15,-0010.95
+1580343719.32,-0002.93,-0026.37,-0019.53,+0003.22,-0001.53,-0009.11
+1580343719.33,-0002.93,-0026.37,-0018.55,+0001.38,+0000.15,-0009.19
+1580343719.33,-0003.91,-0027.34,-0017.58,-0000.23,-0000.84,-0008.27
+1580343719.34,-0001.95,-0028.32,-0016.60,-0001.99,-0000.46,-0010.57
+1580343719.34,+0000.98,-0028.32,-0015.62,-0001.15,-0001.15,-0009.34
+1580343719.35,+0000.98,-0028.32,-0014.65,-0000.46,-0000.54,-0010.41
+1580343719.35,-0001.95,-0028.32,-0013.67,-0000.54,+0000.46,-0010.41
+1580343719.36,-0001.95,-0028.32,-0011.72,+0003.29,-0000.15,-0012.56
+1580343719.36,-0000.98,-0029.30,-0010.74,+0003.22,+0000.08,-0010.57
+1580343719.37,-0000.98,-0029.30,-0008.79,+0005.28,-0000.46,-0008.27
+1580343719.37,-0003.91,-0029.30,-0008.79,+0002.99,+0000.46,-0008.12
+1580343719.38,-0005.86,-0029.30,-0006.84,+0001.23,-0001.91,-0008.96
+1580343719.38,+0001.95,-0030.27,-0005.86,+0000.61,-0003.90,-0006.12
+1580343719.39,+0005.86,-0030.27,-0005.86,-0002.30,-0000.38,-0001.99
+1580343719.39,-0010.74,-0029.30,-0005.86,-0002.07,-0001.07,-0013.78
+1580343719.40,-0007.81,-0029.30,-0003.91,-0002.22,-0008.96,-0006.28
+1580343719.40,+0014.65,-0032.23,-0003.91,-0000.23,+0005.44,-0006.74
+1580343719.41,-0022.46,-0026.37,-0003.91,+0001.38,+0013.40,-0021.67
+1580343719.41,-0016.60,-0026.37,-0000.98,+0004.21,-0000.46,-0022.66
+1580343719.42,+0008.79,-0029.30,+0000.00,-0001.76,+0002.37,-0018.91
+1580343719.42,-0002.93,-0027.34,+0000.00,+0003.90,+0000.15,-0006.74
+1580343719.43,-0009.77,-0020.51,+0000.98,-0002.60,-0001.38,-0010.72
+1580343719.43,-0009.77,-0025.39,+0000.00,+0004.90,-0002.30,-0006.81
+1580343719.44,+0002.93,-0024.41,+0000.98,+0000.84,-0001.53,-0006.35
+1580343719.44,+0000.98,-0020.51,+0001.95,-0000.31,-0000.54,-0006.35
+1580343719.45,+0000.00,-0018.55,+0003.91,-0002.83,-0002.22,-0009.42
+1580343719.45,+0003.91,-0019.53,+0004.88,+0000.54,-0001.53,-0013.02
+1580343719.46,+0008.79,-0016.60,+0005.86,-0001.99,-0002.22,-0011.10
+1580343719.46,+0006.84,-0012.70,+0006.84,+0000.31,-0001.15,-0016.00
+1580343719.47,+0003.91,-0012.70,+0008.79,+0000.84,-0001.53,-0014.78
+1580343719.47,+0008.79,-0011.72,+0009.77,+0002.60,-0000.31,-0012.40
+1580343719.48,+0008.79,-0009.77,+0010.74,+0001.00,-0000.15,-0012.63
+1580343719.48,+0001.95,-0007.81,+0011.72,+0002.60,+0000.08,-0010.11
+1580343719.49,+0001.95,-0007.81,+0012.70,+0004.13,+0000.00,-0011.64
+1580343719.49,+0003.91,-0005.86,+0013.67,+0004.06,-0000.77,-0009.95
+1580343719.50,+0003.91,-0003.91,+0014.65,+0002.14,-0001.00,-0005.90
+1580343719.50,+0000.00,-0001.95,+0014.65,+0000.15,+0000.31,-0006.35
+1580343719.51,-0001.95,-0000.98,+0015.62,-0000.77,-0002.53,-0003.06
+1580343719.51,+0000.98,+0000.98,+0015.62,-0001.30,-0000.46,-0008.04
+1580343719.52,+0000.00,+0001.95,+0016.60,-0003.22,-0001.45,-0007.27
+1580343719.52,+0001.95,+0004.88,+0017.58,-0001.76,+0000.92,-0011.71
+1580343719.53,-0005.86,+0005.86,+0017.58,-0003.60,+0001.07,-0015.24
+1580343719.53,-0001.95,+0007.81,+0019.53,-0001.07,+0000.15,-0012.79
+1580343719.54,+0001.95,+0007.81,+0019.53,-0000.23,+0001.61,-0011.64
+1580343719.54,-0004.88,+0010.74,+0019.53,+0001.84,-0000.92,-0009.80
+1580343719.55,-0003.91,+0011.72,+0018.55,+0001.00,-0000.38,-0010.95
+1580343719.55,-0000.98,+0010.74,+0017.58,+0002.91,-0002.53,-0010.18
+1580343719.56,+0001.95,+0012.70,+0017.58,+0002.83,-0001.76,-0007.50
+1580343719.56,+0001.95,+0014.65,+0018.55,+0002.68,+0000.23,-0007.73
+1580343719.57,-0002.93,+0015.62,+0018.55,+0001.68,-0000.23,-0008.19
+1580343719.57,-0000.98,+0017.58,+0019.53,-0001.38,+0001.30,-0012.02
+1580343719.58,+0000.98,+0017.58,+0019.53,-0001.45,-0002.53,-0009.19
+1580343719.58,+0003.91,+0016.60,+0018.55,-0002.91,-0000.23,-0006.35
+1580343719.59,-0002.93,+0017.58,+0017.58,-0002.14,-0001.15,-0009.95
+1580343719.59,-0003.91,+0017.58,+0016.60,-0002.22,-0001.84,-0008.50
+1580343719.60,+0000.98,+0016.60,+0015.62,-0003.52,+0003.14,-0012.25
+1580343719.60,-0005.86,+0016.60,+0015.62,-0002.30,+0001.99,-0012.33
+1580343719.61,-0005.86,+0017.58,+0015.62,-0002.45,-0000.92,-0013.93
+1580343719.61,-0001.95,+0015.62,+0014.65,-0001.30,+0000.46,-0013.48
+1580343719.62,-0000.98,+0014.65,+0013.67,-0000.31,-0001.76,-0008.04
+1580343719.62,-0004.88,+0015.62,+0012.70,+0000.08,+0001.91,-0010.80
+1580343719.63,-0010.74,+0014.65,+0011.72,+0000.00,-0001.45,-0012.33
+1580343719.63,-0003.91,+0012.70,+0011.72,+0000.54,-0000.77,-0013.17
+1580343719.64,+0002.93,+0010.74,+0010.74,+0000.38,-0000.92,-0012.33
+1580343719.64,+0000.00,+0011.72,+0009.77,+0000.23,-0002.22,-0007.66
+1580343719.65,-0000.98,+0010.74,+0008.79,-0001.76,-0001.38,-0009.65
+1580343719.65,+0002.93,+0008.79,+0008.79,-0000.15,-0001.76,-0008.65
+1580343719.66,+0005.86,+0007.81,+0007.81,-0000.92,-0000.31,-0007.96
+1580343719.66,+0003.91,+0007.81,+0007.81,-0004.13,-0000.54,-0008.65
+1580343719.67,+0004.88,+0005.86,+0006.84,-0001.53,-0001.23,-0010.72
+1580343719.67,+0007.81,+0003.91,+0006.84,-0001.99,-0001.61,-0010.49
+1580343719.68,+0006.84,+0002.93,+0005.86,-0000.38,-0000.31,-0010.72
+1580343719.68,+0003.91,+0002.93,+0006.84,-0000.08,+0000.15,-0012.86
+1580343719.69,+0002.93,+0000.98,+0005.86,+0000.69,+0000.61,-0014.62
+1580343719.69,+0004.88,+0000.00,+0005.86,+0001.91,+0001.53,-0012.17
+1580343719.70,+0004.88,-0000.98,+0005.86,+0001.30,-0000.69,-0010.87
+1580343719.70,+0004.88,-0002.93,+0005.86,+0001.84,-0001.99,-0005.74
+1580343719.71,+0000.00,-0002.93,+0004.88,+0003.37,+0002.45,-0008.88
+1580343719.71,-0004.88,-0002.93,+0004.88,+0002.37,-0002.83,-0010.03
+1580343719.72,+0006.84,-0004.88,+0005.86,+0000.77,-0001.23,-0010.87
+1580343719.72,+0006.84,-0006.84,+0005.86,+0000.00,-0001.61,-0006.97
+1580343719.73,+0000.98,-0004.88,+0004.88,-0000.38,-0001.84,-0008.42
+1580343719.73,+0000.00,-0005.86,+0004.88,+0000.54,-0000.46,-0011.87
+1580343719.74,+0001.95,-0006.84,+0005.86,-0001.07,-0000.77,-0012.33
+1580343719.74,+0005.86,-0005.86,+0005.86,-0001.30,+0000.00,-0012.71
+1580343719.75,+0001.95,-0004.88,+0005.86,-0000.92,+0000.23,-0012.10
+1580343719.75,-0000.98,-0005.86,+0005.86,-0001.38,+0001.07,-0013.70
+1580343719.76,+0000.00,-0005.86,+0006.84,-0004.44,-0000.31,-0014.70
+1580343719.76,+0002.93,-0004.88,+0006.84,-0003.22,+0001.07,-0010.72
+1580343719.77,+0001.95,-0004.88,+0006.84,-0000.54,-0000.46,-0008.27
+1580343719.77,+0000.98,-0004.88,+0006.84,-0000.46,-0000.61,-0004.13
+1580343719.78,+0001.95,-0003.91,+0007.81,-0001.00,-0000.77,-0004.59
+1580343719.78,+0000.98,-0002.93,+0007.81,+0002.07,+0000.61,-0004.52
+1580343719.79,+0000.00,-0001.95,+0007.81,+0002.45,-0000.84,-0006.35
+1580343719.79,+0001.95,-0001.95,+0008.79,+0002.37,-0000.69,-0007.73
+1580343719.80,+0001.95,+0000.00,+0008.79,+0000.54,-0005.90,-0005.97
+1580343719.80,+0011.72,+0000.00,+0009.77,+0001.53,-0001.00,-0003.60
+1580343719.81,-0002.93,+0002.93,+0007.81,+0002.99,+0010.49,-0021.74
+1580343719.81,-0014.65,+0003.91,+0009.77,-0000.84,-0006.51,-0013.48
+1580343719.82,+0009.77,+0002.93,+0009.77,-0003.14,+0001.53,-0020.06
+1580343719.82,+0002.93,+0000.98,+0009.77,+0004.36,+0003.22,-0013.25
+1580343719.83,-0003.91,+0009.77,+0009.77,+0000.23,-0001.53,-0006.35
+1580343719.83,-0001.95,+0003.91,+0007.81,-0003.60,-0000.61,-0010.95
+1580343719.84,-0002.93,+0003.91,+0007.81,-0000.69,-0001.30,-0006.28
+1580343719.84,+0002.93,+0007.81,+0009.77,+0001.61,-0001.45,-0006.74
+1580343719.85,+0001.95,+0007.81,+0010.74,-0001.61,-0001.91,-0006.12
+1580343719.85,+0002.93,+0005.86,+0010.74,+0000.08,-0001.61,-0006.51
+1580343719.86,+0004.88,+0008.79,+0011.72,-0003.90,-0001.30,-0007.12
+1580343719.86,+0004.88,+0008.79,+0012.70,-0002.53,-0002.22,-0007.96
+1580343719.87,+0005.86,+0008.79,+0012.70,-0001.91,+0000.00,-0009.65
+1580343719.87,+0003.91,+0009.77,+0012.70,-0000.31,-0000.46,-0012.63
+1580343719.88,+0004.88,+0010.74,+0012.70,-0001.68,+0000.31,-0015.01
+1580343719.88,+0004.88,+0009.77,+0012.70,+0001.07,+0001.07,-0016.38
+1580343719.89,+0003.91,+0010.74,+0012.70,+0002.14,+0001.07,-0015.31
+1580343719.89,+0002.93,+0010.74,+0013.67,+0002.91,-0001.68,-0013.63
+1580343719.90,+0002.93,+0009.77,+0013.67,+0002.91,+0000.69,-0010.80
+1580343719.90,+0000.00,+0009.77,+0013.67,+0005.67,+0000.92,-0008.96
+1580343719.91,-0001.95,+0009.77,+0013.67,+0003.52,-0001.61,-0005.59
+1580343719.91,+0000.00,+0009.77,+0013.67,+0004.06,+0001.99,-0009.95
+1580343719.92,-0001.95,+0008.79,+0013.67,+0002.68,-0002.68,-0009.19
+1580343719.92,+0006.84,+0008.79,+0012.70,+0000.08,+0002.45,-0009.80
+1580343719.93,-0000.98,+0008.79,+0012.70,-0000.31,-0001.68,-0009.19
+1580343719.93,-0001.95,+0010.74,+0013.67,-0000.31,-0002.45,-0008.27
+1580343719.94,+0002.93,+0009.77,+0013.67,-0003.06,-0000.31,-0013.55
+1580343719.94,+0000.98,+0008.79,+0013.67,-0000.69,-0001.61,-0009.11
+1580343719.95,+0002.93,+0011.72,+0013.67,-0003.98,+0001.38,-0009.57
+1580343719.95,-0000.98,+0011.72,+0012.70,-0001.84,-0000.08,-0011.87
+1580343719.96,-0000.98,+0010.74,+0012.70,-0003.22,-0001.38,-0009.80
+1580343719.96,+0002.93,+0011.72,+0012.70,-0003.29,+0001.91,-0011.10
+1580343719.97,-0001.95,+0012.70,+0011.72,-0003.45,-0000.31,-0009.03
+1580343719.97,-0000.98,+0012.70,+0012.70,-0002.91,-0000.23,-0008.27
+1580343719.98,+0000.00,+0012.70,+0011.72,-0001.91,-0000.77,-0009.88
+1580343719.98,+0000.98,+0013.67,+0011.72,+0000.46,-0000.46,-0008.58
+1580343719.99,+0000.98,+0014.65,+0010.74,-0001.23,-0000.23,-0010.87
+1580343719.99,+0000.00,+0014.65,+0010.74,+0002.22,-0000.92,-0009.72
+1580343720.00,+0001.95,+0014.65,+0010.74,+0001.53,+0000.00,-0011.56
+1580343720.00,+0001.95,+0015.62,+0009.77,+0001.76,+0000.08,-0010.41
+1580343720.01,+0000.00,+0015.62,+0008.79,+0001.99,-0001.15,-0010.11
+1580343720.01,+0000.98,+0015.62,+0008.79,+0001.99,-0001.00,-0012.10
+1580343720.02,+0001.95,+0015.62,+0007.81,+0003.29,-0000.08,-0009.80
+1580343720.02,+0001.95,+0015.62,+0007.81,+0001.76,+0000.31,-0009.26
+1580343720.03,-0000.98,+0016.60,+0005.86,+0001.53,-0000.92,-0008.50
+1580343720.03,-0000.98,+0015.62,+0005.86,+0001.76,-0000.69,-0007.81
+1580343720.04,-0000.98,+0014.65,+0003.91,+0000.54,+0001.61,-0009.03
+1580343720.04,-0004.88,+0015.62,+0002.93,+0000.77,+0000.00,-0009.88
+1580343720.05,-0005.86,+0015.62,+0001.95,-0000.77,+0000.38,-0012.25
+1580343720.05,-0003.91,+0014.65,+0000.98,-0002.60,-0000.92,-0010.80
+1580343720.06,-0003.91,+0015.62,+0000.00,-0001.99,+0000.38,-0010.18
+1580343720.06,-0004.88,+0015.62,-0000.98,-0003.52,-0001.45,-0009.88
+1580343720.07,-0004.88,+0015.62,-0001.95,-0003.06,-0001.00,-0009.11
+1580343720.07,-0000.98,+0016.60,-0001.95,-0005.28,-0001.23,-0007.89
+1580343720.08,-0001.95,+0016.60,-0003.91,-0004.59,-0000.77,-0006.35
+1580343720.08,-0003.91,+0017.58,-0005.86,-0004.82,-0000.08,-0009.49
+1580343720.09,-0002.93,+0017.58,-0006.84,-0004.13,+0000.38,-0012.25
+1580343720.09,+0000.00,+0017.58,-0007.81,-0003.29,+0000.00,-0011.56
+1580343720.10,+0000.98,+0017.58,-0007.81,-0001.99,+0000.23,-0013.78
+1580343720.10,-0000.98,+0018.55,-0008.79,-0000.38,+0000.00,-0012.48
+1580343720.11,-0000.98,+0018.55,-0009.77,+0001.07,+0000.77,-0012.86
+1580343720.11,-0000.98,+0017.58,-0010.74,+0000.23,-0000.08,-0009.72
+1580343720.12,-0002.93,+0017.58,-0011.72,+0001.53,+0000.15,-0009.65
+1580343720.12,-0003.91,+0016.60,-0012.70,+0002.30,-0001.00,-0009.03
+1580343720.13,-0000.98,+0016.60,-0012.70,+0001.23,-0001.07,-0007.96
+1580343720.13,-0001.95,+0015.62,-0013.67,-0000.15,-0000.69,-0007.20
+1580343720.14,-0005.86,+0015.62,-0014.65,-0002.91,+0000.08,-0010.64
+1580343720.14,-0005.86,+0014.65,-0014.65,-0002.60,-0001.30,-0011.64
+1580343720.15,-0002.93,+0013.67,-0015.62,-0004.06,-0000.77,-0010.87
+1580343720.15,-0002.93,+0013.67,-0017.58,-0005.36,-0000.84,-0009.42
+1580343720.16,-0003.91,+0012.70,-0018.55,-0003.90,+0000.31,-0008.88
+1580343720.16,-0004.88,+0011.72,-0019.53,-0004.59,+0000.69,-0010.49
+1580343720.17,-0005.86,+0011.72,-0020.51,-0003.60,-0000.31,-0012.02
+1580343720.17,-0002.93,+0009.77,-0020.51,-0002.14,+0000.15,-0011.79
+1580343720.18,-0000.98,+0008.79,-0021.48,-0001.84,+0001.76,-0012.10
+1580343720.18,-0005.86,+0008.79,-0022.46,-0000.54,-0001.00,-0012.56
+1580343720.19,-0002.93,+0007.81,-0023.44,+0000.31,+0000.61,-0013.17
+1580343720.19,+0000.00,+0005.86,-0024.41,+0000.61,-0001.38,-0012.33
+1580343720.20,+0006.84,+0003.91,-0024.41,+0000.46,-0006.58,+0000.61
+1580343720.20,+0004.88,+0004.88,-0027.34,+0001.68,+0005.13,-0004.44
+1580343720.21,-0020.51,+0003.91,-0029.30,-0000.61,-0008.42,-0009.42
+1580343720.21,+0008.79,+0000.98,-0028.32,+0002.30,+0000.00,-0018.22
+1580343720.22,+0011.72,-0000.98,-0029.30,-0007.73,+0001.84,-0011.18
+1580343720.22,-0002.93,+0000.98,-0030.27,-0002.60,+0000.31,-0007.27
+1580343720.23,-0002.93,-0000.98,-0031.25,-0005.51,-0000.23,-0015.93
+1580343720.23,+0000.00,-0005.86,-0032.23,+0001.61,-0001.45,-0011.71
+1580343720.24,+0009.77,-0004.88,-0033.20,-0004.21,-0000.08,-0007.12
+1580343720.24,+0000.98,-0006.84,-0034.18,-0004.21,-0001.76,-0007.12
+1580343720.25,-0000.98,-0009.77,-0035.16,-0002.45,-0001.91,-0008.65
+1580343720.25,+0006.84,-0011.72,-0036.13,-0004.59,-0000.15,-0011.25
+1580343720.26,+0003.91,-0011.72,-0037.11,-0005.05,+0000.23,-0009.80
+1580343720.26,+0000.98,-0014.65,-0038.09,-0007.20,-0001.45,-0010.72
+1580343720.27,+0003.91,-0017.58,-0040.04,-0002.99,+0000.92,-0011.56
+1580343720.27,+0002.93,-0016.60,-0040.04,-0004.75,+0001.68,-0011.79
+1580343720.28,+0000.00,-0018.55,-0040.04,-0001.15,+0000.77,-0011.18
+1580343720.28,+0000.98,-0020.51,-0040.04,-0003.90,-0000.23,-0010.03
+1580343720.29,+0000.98,-0022.46,-0040.04,-0000.46,-0000.69,-0006.97
+1580343720.29,-0000.98,-0022.46,-0041.02,-0000.77,+0000.69,-0010.26
+1580343720.30,-0003.91,-0025.39,-0040.04,+0002.53,-0005.90,-0004.82
+1580343720.30,+0006.84,-0026.37,-0039.06,+0001.23,-0001.99,-0005.28
+1580343720.31,-0002.93,-0025.39,-0039.06,+0003.68,+0002.91,-0013.09
+1580343720.31,-0006.84,-0026.37,-0038.09,+0005.74,-0003.60,-0016.08
+1580343720.32,+0005.86,-0028.32,-0037.11,+0000.84,+0000.54,-0017.76
+1580343720.32,+0000.98,-0029.30,-0036.13,+0002.60,-0001.38,-0011.79
+1580343720.33,-0001.95,-0026.37,-0036.13,+0003.83,-0000.92,-0010.57
+1580343720.33,-0003.91,-0030.27,-0036.13,+0005.05,-0002.07,-0013.17
+1580343720.34,+0002.93,-0029.30,-0035.16,+0003.14,-0001.23,-0010.26
+1580343720.34,+0004.88,-0028.32,-0033.20,+0001.91,-0001.99,-0006.66
+1580343720.35,-0000.98,-0026.37,-0032.23,+0002.53,-0001.76,-0006.35
+1580343720.35,-0004.88,-0026.37,-0031.25,+0003.98,-0001.07,-0010.03
+1580343720.36,+0000.00,-0026.37,-0029.30,+0002.99,-0002.76,-0008.65
+1580343720.36,+0004.88,-0024.41,-0026.37,+0004.29,-0001.23,-0008.19
+1580343720.37,-0001.95,-0023.44,-0025.39,+0003.75,-0001.68,-0007.20
+1580343720.37,-0003.91,-0021.48,-0023.44,+0004.21,-0001.15,-0010.18
+1580343720.38,-0004.88,-0021.48,-0021.48,+0002.68,+0000.38,-0013.25
+1580343720.38,-0003.91,-0019.53,-0018.55,+0003.06,+0000.08,-0014.39
+1580343720.39,-0003.91,-0017.58,-0017.58,+0004.29,-0000.15,-0014.16
+1580343720.39,-0005.86,-0017.58,-0014.65,+0004.21,-0001.45,-0012.79
+1580343720.40,-0003.91,-0015.62,-0013.67,+0003.83,-0001.76,-0011.33
+1580343720.40,-0005.86,-0013.67,-0011.72,+0003.98,-0001.38,-0008.96
+1580343720.41,-0005.86,-0012.70,-0010.74,+0002.76,-0001.15,-0010.80
+1580343720.41,-0002.93,-0011.72,-0007.81,+0003.29,-0003.14,-0008.96
+1580343720.42,+0002.93,-0010.74,-0005.86,+0002.60,-0002.37,-0004.29
+1580343720.42,+0001.95,-0009.77,-0003.91,+0002.22,-0000.92,-0005.82
+1580343720.43,-0002.93,-0006.84,-0002.93,+0003.14,-0002.68,-0008.80
+1580343720.43,+0000.98,-0006.84,-0000.98,+0002.14,-0002.76,-0011.94
+1580343720.44,+0004.88,-0006.84,+0000.98,+0002.45,-0001.99,-0012.25
+1580343720.44,+0005.86,-0004.88,+0001.95,+0002.99,-0001.84,-0009.42
+1580343720.45,+0002.93,-0003.91,+0002.93,+0003.68,+0000.38,-0010.95
+1580343720.45,-0001.95,-0002.93,+0003.91,+0004.29,-0000.15,-0014.39
+1580343720.46,-0000.98,-0001.95,+0005.86,+0003.52,-0001.00,-0014.39
+1580343720.46,+0003.91,-0001.95,+0007.81,+0002.91,-0000.15,-0011.10
+1580343720.47,+0002.93,-0000.98,+0008.79,+0003.29,-0001.15,-0008.80
+1580343720.47,-0003.91,+0000.00,+0008.79,+0002.14,-0002.60,-0008.73
+1580343720.48,-0000.98,+0000.00,+0008.79,+0003.52,-0001.76,-0009.57
+1580343720.48,+0000.98,+0000.00,+0009.77,+0002.60,-0000.31,-0010.57
+1580343720.49,+0000.00,+0000.98,+0010.74,+0002.76,-0003.98,-0007.27
+1580343720.49,+0004.88,+0000.98,+0010.74,+0003.98,-0002.22,-0008.04
+1580343720.50,+0002.93,+0000.98,+0011.72,+0003.68,-0001.68,-0007.96
+1580343720.50,+0000.00,+0002.93,+0011.72,+0004.98,-0000.61,-0011.56
+1580343720.51,+0002.93,+0002.93,+0012.70,+0004.06,-0005.28,-0008.88
+1580343720.51,+0011.72,+0001.95,+0012.70,+0004.13,+0000.77,-0009.72
+1580343720.52,+0001.95,+0003.91,+0012.70,+0003.45,+0000.46,-0010.41
+1580343720.52,-0000.98,+0004.88,+0013.67,+0002.76,+0000.31,-0012.25
+1580343720.53,+0002.93,+0003.91,+0013.67,+0001.45,+0001.07,-0011.64
+1580343720.53,-0000.98,+0003.91,+0013.67,+0004.98,+0002.37,-0012.79
+1580343720.54,-0004.88,+0005.86,+0014.65,+0000.08,+0000.61,-0012.79
+1580343720.54,-0003.91,+0004.88,+0014.65,+0002.37,+0003.14,-0013.93
+1580343720.55,-0002.93,+0004.88,+0014.65,+0001.15,+0001.23,-0012.10
+1580343720.55,-0004.88,+0006.84,+0014.65,+0002.07,-0000.15,-0009.26
+1580343720.56,-0002.93,+0006.84,+0014.65,-0000.84,-0001.84,-0006.51
+1580343720.56,-0003.91,+0006.84,+0014.65,-0001.00,+0002.37,-0006.81
+1580343720.57,-0005.86,+0008.79,+0014.65,-0000.23,-0002.37,-0007.20
+1580343720.57,+0000.98,+0009.77,+0015.62,-0001.45,-0001.91,-0008.58
+1580343720.58,+0003.91,+0009.77,+0015.62,+0000.08,-0007.04,-0001.91
+1580343720.58,+0011.72,+0010.74,+0014.65,-0001.07,+0003.29,-0003.37
+1580343720.59,-0010.74,+0015.62,+0014.65,+0001.15,+0008.12,-0021.59
+1580343720.59,-0010.74,+0014.65,+0016.60,-0005.74,-0005.21,-0015.24
+1580343720.60,+0012.70,+0013.67,+0016.60,-0005.74,+0002.07,-0017.30
+1580343720.60,+0007.81,+0013.67,+0015.62,+0002.53,+0002.83,-0007.89
+1580343720.61,-0005.86,+0021.48,+0014.65,-0003.75,+0001.38,-0009.42
+1580343720.61,-0005.86,+0015.62,+0013.67,+0000.77,-0001.23,-0008.58
+1580343720.62,+0007.81,+0016.60,+0013.67,-0003.90,+0000.38,-0005.36
+1580343720.62,+0004.88,+0018.55,+0012.70,-0001.00,+0001.07,-0002.07
+1580343720.63,-0004.88,+0021.48,+0012.70,-0001.07,+0000.08,-0002.22
+1580343720.63,-0003.91,+0018.55,+0012.70,+0000.92,-0003.60,-0007.50
+1580343720.64,+0005.86,+0020.51,+0011.72,-0001.99,+0001.30,-0009.65
+1580343720.64,+0000.98,+0021.48,+0011.72,-0000.77,-0001.53,-0010.87
+1580343720.65,+0001.95,+0022.46,+0010.74,-0000.08,-0000.77,-0015.01
+1580343720.65,+0001.95,+0022.46,+0009.77,-0001.23,-0000.38,-0014.55
+1580343720.66,+0003.91,+0023.44,+0008.79,-0000.61,-0001.30,-0012.56
+1580343720.66,+0001.95,+0023.44,+0006.84,-0001.84,+0001.99,-0015.77
+1580343720.67,+0000.98,+0022.46,+0005.86,+0000.31,-0002.37,-0010.95
+1580343720.67,+0005.86,+0023.44,+0003.91,-0002.37,+0000.46,-0011.18
+1580343720.68,+0002.93,+0022.46,+0001.95,-0000.15,-0002.22,-0004.52
+1580343720.68,+0001.95,+0023.44,+0000.98,-0001.30,+0000.15,-0010.26
+1580343720.69,+0002.93,+0022.46,+0000.98,+0002.30,-0004.52,-0008.50
+1580343720.69,+0007.81,+0024.41,+0000.98,+0000.61,-0000.54,-0011.33
+1580343720.70,+0003.91,+0023.44,+0000.00,-0000.46,+0000.23,-0011.03
+1580343720.70,+0003.91,+0024.41,-0000.98,-0001.99,-0000.15,-0012.02
+1580343720.71,+0006.84,+0022.46,-0002.93,+0000.31,+0000.15,-0010.03
+1580343720.71,+0004.88,+0023.44,-0003.91,+0000.77,-0000.38,-0008.80
+1580343720.72,+0001.95,+0023.44,-0004.88,+0000.00,-0001.07,-0011.48
+1580343720.72,+0004.88,+0022.46,-0005.86,-0000.08,-0000.84,-0010.72
+1580343720.73,+0006.84,+0021.48,-0006.84,-0001.07,+0000.54,-0008.35
+1580343720.73,+0001.95,+0022.46,-0007.81,-0002.45,+0001.91,-0008.80
+1580343720.74,-0001.95,+0021.48,-0009.77,-0002.37,+0000.77,-0011.33
+1580343720.74,+0000.00,+0020.51,-0010.74,-0002.14,+0002.07,-0011.94
+1580343720.75,+0002.93,+0019.53,-0010.74,-0003.83,+0001.07,-0010.41
+1580343720.75,+0000.98,+0020.51,-0012.70,-0002.53,-0000.08,-0009.19
+1580343720.76,-0000.98,+0018.55,-0013.67,-0003.06,-0000.23,-0011.03
+1580343720.76,+0000.98,+0017.58,-0013.67,-0004.06,-0002.68,-0006.81
+1580343720.77,+0002.93,+0018.55,-0015.62,-0001.07,+0002.45,-0008.88
+1580343720.77,-0004.88,+0017.58,-0016.60,-0003.60,-0002.68,-0008.35
+1580343720.78,+0002.93,+0015.62,-0017.58,-0003.29,+0000.31,-0011.64
+1580343720.78,+0003.91,+0014.65,-0018.55,-0005.44,+0000.46,-0010.49
+1580343720.79,+0004.88,+0013.67,-0019.53,-0002.30,-0003.06,-0002.30
+1580343720.79,-0005.86,+0013.67,-0021.48,-0004.59,+0000.08,-0010.41
+1580343720.80,-0001.95,+0011.72,-0022.46,-0001.61,-0004.06,-0008.73
+1580343720.80,+0007.81,+0009.77,-0023.44,-0004.67,+0001.84,-0011.79
+1580343720.81,-0000.98,+0008.79,-0025.39,-0000.15,-0000.31,-0008.50
+1580343720.81,-0001.95,+0008.79,-0026.37,-0003.06,+0000.00,-0012.94
+1580343720.82,-0002.93,+0004.88,-0027.34,-0001.84,-0000.77,-0014.16
+1580343720.82,+0000.98,+0003.91,-0028.32,-0001.53,+0000.31,-0011.87
+1580343720.83,-0001.95,+0002.93,-0030.27,-0001.91,-0000.77,-0010.18
+1580343720.83,-0003.91,+0000.98,-0031.25,-0002.22,+0000.23,-0009.03
+1580343720.84,-0002.93,-0001.95,-0032.23,-0001.30,-0001.15,-0011.03
+1580343720.84,-0000.98,-0003.91,-0034.18,-0001.68,-0002.37,-0008.35
+1580343720.85,+0000.98,-0005.86,-0035.16,-0002.45,-0000.69,-0010.34
+1580343720.85,-0001.95,-0008.79,-0037.11,-0000.61,-0001.99,-0009.95
+1580343720.86,-0001.95,-0010.74,-0039.06,-0001.15,-0001.45,-0010.80
+1580343720.86,-0001.95,-0013.67,-0040.04,-0000.92,-0002.76,-0011.41
+1580343720.87,+0001.95,-0017.58,-0041.02,-0001.38,-0002.22,-0010.57
+1580343720.87,+0003.91,-0020.51,-0042.97,-0001.15,-0001.84,-0010.57
+1580343720.88,-0000.98,-0021.48,-0044.92,-0000.54,-0002.30,-0011.64
+1580343720.88,+0002.93,-0025.39,-0045.90,-0001.61,-0000.46,-0012.02
+1580343720.89,+0003.91,-0027.34,-0045.90,-0001.68,+0001.76,-0014.78
+1580343720.89,+0002.93,-0030.27,-0046.88,-0003.45,-0002.76,-0007.96
+1580343720.90,+0003.91,-0031.25,-0048.83,-0005.90,+0002.53,-0013.78
+1580343720.90,-0001.95,-0034.18,-0049.80,-0000.92,+0000.08,-0011.18
+1580343720.91,+0002.93,-0035.16,-0049.80,-0000.31,+0000.61,-0013.63
+1580343720.91,+0006.84,-0038.09,-0048.83,+0001.53,+0000.69,-0006.97
+1580343720.92,+0003.91,-0038.09,-0048.83,-0003.83,+0001.68,-0007.89
+1580343720.92,-0002.93,-0040.04,-0047.85,-0001.91,+0001.38,-0009.11
+1580343720.93,-0001.95,-0040.04,-0047.85,-0000.77,+0001.30,-0011.33
+1580343720.93,+0003.91,-0042.97,-0045.90,-0000.08,+0000.08,-0009.49
+1580343720.94,+0004.88,-0042.97,-0045.90,-0004.90,+0000.69,-0004.82
+1580343720.94,+0000.00,-0043.95,-0045.90,+0000.84,+0001.00,-0007.81
+1580343720.95,-0003.91,-0042.97,-0044.92,-0001.23,-0009.11,-0004.98
+1580343720.95,+0016.60,-0045.90,-0042.97,+0000.77,+0000.31,+0002.60
+1580343720.96,-0000.98,-0041.99,-0043.95,+0000.31,+0010.34,-0017.38
+1580343720.96,-0016.60,-0043.95,-0041.02,-0004.29,-0007.66,-0007.20
+1580343720.97,+0010.74,-0042.97,-0037.11,-0002.91,+0003.45,-0019.06
+1580343720.97,+0000.98,-0041.99,-0034.18,+0004.82,-0000.92,-0011.10
+1580343720.98,-0001.95,-0040.04,-0033.20,+0003.83,-0003.45,-0005.05
+1580343720.98,-0002.93,-0041.99,-0032.23,+0006.74,-0001.99,-0011.56
+1580343720.99,-0000.98,-0038.09,-0031.25,+0003.98,-0003.83,-0008.27
+1580343720.99,+0004.88,-0038.09,-0029.30,+0002.99,+0000.08,-0009.49
+1580343721.00,-0002.93,-0037.11,-0026.37,+0004.06,-0001.84,-0008.88
+1580343721.00,-0000.98,-0035.16,-0024.41,+0004.29,-0002.22,-0011.41
+1580343721.01,+0001.95,-0033.20,-0022.46,+0002.53,-0000.46,-0009.34
+1580343721.01,+0000.98,-0031.25,-0019.53,+0004.52,-0000.38,-0006.28
+1580343721.02,-0002.93,-0030.27,-0016.60,+0003.75,-0001.84,-0005.90
+1580343721.02,-0001.95,-0027.34,-0013.67,+0003.37,+0001.07,-0005.44
+1580343721.03,-0003.91,-0026.37,-0012.70,+0002.30,+0003.37,-0006.74
+1580343721.03,-0009.77,-0024.41,-0010.74,+0003.90,+0001.84,-0009.19
+1580343721.04,-0007.81,-0023.44,-0007.81,+0000.69,-0001.07,-0015.08
+1580343721.04,+0000.98,-0022.46,-0005.86,+0002.22,-0001.45,-0008.73
+1580343721.05,-0005.86,-0020.51,-0004.88,+0000.77,+0006.12,-0012.17
+1580343721.05,-0016.60,-0018.55,-0001.95,+0000.08,-0002.60,-0014.55
+1580343721.06,+0002.93,-0019.53,+0000.00,+0000.00,+0002.30,-0018.60
+1580343721.06,+0000.98,-0018.55,+0000.00,-0000.23,+0000.38,-0017.99
+1580343721.07,+0000.00,-0015.62,+0001.95,+0003.14,-0003.98,-0010.72
+1580343721.07,+0002.93,-0016.60,+0002.93,+0001.76,-0002.30,-0005.90
+1580343721.08,+0002.93,-0016.60,+0003.91,+0004.29,+0000.23,-0005.67
+1580343721.08,+0003.91,-0013.67,+0005.86,+0001.23,-0004.13,+0000.38
+1580343721.09,+0002.93,-0012.70,+0007.81,+0004.52,-0000.38,-0000.84
+1580343721.09,+0000.00,-0012.70,+0009.77,+0002.91,-0002.22,-0002.14
+1580343721.10,+0002.93,-0010.74,+0010.74,+0005.51,-0000.46,-0004.59
+1580343721.10,+0001.95,-0010.74,+0011.72,-0000.31,+0000.61,-0005.90
+1580343721.11,-0004.88,-0008.79,+0012.70,+0002.37,+0001.68,-0013.32
+1580343721.11,-0008.79,-0007.81,+0013.67,+0002.68,+0001.45,-0018.45
+1580343721.12,-0007.81,-0006.84,+0014.65,+0001.91,+0001.61,-0019.06
+1580343721.12,-0006.84,-0005.86,+0015.62,-0000.15,+0000.92,-0016.31
+1580343721.13,-0009.77,-0002.93,+0015.62,-0001.07,+0000.46,-0015.70
+1580343721.13,-0009.77,-0002.93,+0015.62,-0000.31,-0002.60,-0011.41
+1580343721.14,-0004.88,-0002.93,+0015.62,-0001.00,+0000.38,-0010.11
+1580343721.14,-0008.79,-0000.98,+0016.60,-0000.61,-0003.06,-0007.27
+1580343721.15,-0004.88,+0000.98,+0017.58,-0001.30,-0003.83,-0007.35
+1580343721.15,+0000.00,+0000.00,+0018.55,-0000.23,-0000.84,-0007.27
+1580343721.16,+0001.95,+0001.95,+0019.53,+0000.92,-0002.37,-0006.05
+1580343721.16,+0004.88,+0003.91,+0021.48,+0001.91,-0000.38,-0010.72
+1580343721.17,+0000.98,+0004.88,+0022.46,+0001.07,+0000.15,-0013.55
+1580343721.17,+0002.93,+0005.86,+0022.46,+0003.37,-0002.14,-0016.00
+1580343721.18,+0007.81,+0004.88,+0022.46,+0001.15,+0001.61,-0015.47
+1580343721.18,+0003.91,+0005.86,+0023.44,+0001.38,+0001.45,-0012.94
+1580343721.19,+0000.00,+0005.86,+0023.44,-0001.23,+0000.69,-0013.55
+1580343721.19,+0003.91,+0004.88,+0022.46,+0000.77,-0000.23,-0009.72
+1580343721.20,+0007.81,+0002.93,+0020.51,+0002.22,+0003.68,-0003.52
+1580343721.20,-0007.81,+0004.88,+0020.51,+0000.54,+0001.15,-0005.74
+1580343721.21,-0010.74,+0004.88,+0021.48,+0001.07,-0003.98,-0004.06
+1580343721.21,+0003.91,+0001.95,+0021.48,+0000.00,+0001.53,-0005.36
+1580343721.22,-0000.98,+0001.95,+0020.51,+0003.22,+0001.23,-0006.20
+1580343721.22,-0012.70,+0004.88,+0020.51,-0000.54,+0002.22,-0014.32
+1580343721.23,-0009.77,+0000.98,+0020.51,-0000.46,-0003.14,-0017.00
+1580343721.23,+0003.91,-0000.98,+0019.53,-0001.84,+0003.60,-0016.84
+1580343721.24,-0003.91,+0000.98,+0018.55,+0000.61,-0000.38,-0012.63
+1580343721.24,-0008.79,+0001.95,+0019.53,-0001.23,-0001.38,-0011.48
+1580343721.25,-0005.86,-0001.95,+0018.55,-0002.37,-0002.37,-0009.80
+1580343721.25,-0000.98,-0001.95,+0018.55,-0002.91,-0001.68,-0002.14
+1580343721.26,+0000.98,-0001.95,+0016.60,-0001.07,+0006.51,-0008.42
+1580343721.26,-0014.65,-0003.91,+0015.62,-0002.30,-0001.15,-0008.35
+1580343721.27,-0002.93,-0004.88,+0016.60,+0000.31,+0001.15,-0015.08
+1580343721.27,+0000.00,-0005.86,+0016.60,-0002.91,-0003.29,-0008.58
+1580343721.28,+0001.95,-0005.86,+0016.60,+0003.29,-0000.54,-0003.68
+1580343721.28,-0002.93,-0007.81,+0015.62,-0002.68,+0000.15,-0005.59
+1580343721.29,-0002.93,-0005.86,+0015.62,+0000.61,-0001.15,-0008.58
+1580343721.29,+0001.95,-0006.84,+0015.62,+0001.00,-0001.68,-0011.03
+1580343721.30,+0005.86,-0006.84,+0016.60,+0004.06,-0002.68,-0008.73
+1580343721.30,+0001.95,-0006.84,+0015.62,+0003.45,+0004.59,-0016.31
+1580343721.31,-0011.72,-0004.88,+0015.62,+0001.00,-0001.45,-0019.60
+1580343721.31,-0003.91,-0005.86,+0016.60,+0000.69,+0000.77,-0022.74
+1580343721.32,+0009.77,-0007.81,+0016.60,+0000.84,-0000.08,-0011.33
+1580343721.32,-0013.67,-0003.91,+0015.62,+0001.99,+0010.41,-0021.05
+1580343721.33,-0034.18,-0000.98,+0016.60,-0007.96,-0005.82,-0015.54
+1580343721.33,+0000.98,-0006.84,+0015.62,+0003.83,-0000.69,-0020.67
+1580343721.34,+0008.79,-0009.77,+0014.65,+0000.77,+0001.76,+0000.84
+1580343721.34,-0007.81,+0000.00,+0013.67,-0003.06,-0004.59,+0003.98
+1580343721.35,-0005.86,-0002.93,+0013.67,-0003.37,-0005.44,-0002.76
+1580343721.35,+0004.88,-0006.84,+0014.65,+0000.84,-0002.53,-0003.90
+1580343721.36,+0009.77,-0000.98,+0015.62,+0001.84,-0002.53,-0003.90
+1580343721.36,+0008.79,+0001.95,+0017.58,-0000.23,-0001.45,-0008.73
+1580343721.37,+0007.81,-0001.95,+0017.58,-0001.53,-0003.90,-0014.70
+1580343721.37,+0017.58,+0000.00,+0017.58,+0000.61,+0000.61,-0018.83
+1580343721.38,+0015.62,+0002.93,+0017.58,-0001.30,-0002.60,-0014.78
+1580343721.38,+0016.60,+0001.95,+0017.58,+0000.61,-0001.23,-0011.48
+1580343721.39,+0005.86,+0001.95,+0016.60,+0002.07,+0004.67,-0017.38
+1580343721.39,+0000.98,+0004.88,+0017.58,+0001.91,+0000.00,-0014.24
+1580343721.40,+0010.74,+0002.93,+0017.58,+0000.69,-0001.00,-0009.80
+1580343721.40,+0010.74,+0000.98,+0016.60,+0000.38,-0001.23,-0002.07
+1580343721.41,-0001.95,+0005.86,+0017.58,-0001.45,-0001.76,-0004.13
+1580343721.41,-0004.88,+0004.88,+0017.58,+0000.54,-0001.84,-0001.76
+1580343721.42,+0000.00,+0003.91,+0017.58,+0001.61,+0005.97,-0009.80
+1580343721.42,-0008.79,+0006.84,+0018.55,+0002.68,-0001.61,-0008.80
+1580343721.43,+0001.95,+0008.79,+0018.55,+0000.15,+0000.69,-0013.32
+1580343721.43,+0002.93,+0004.88,+0017.58,-0000.23,-0002.07,-0013.25
+1580343721.44,-0000.98,+0008.79,+0019.53,+0004.67,+0000.15,-0013.55
+1580343721.44,-0004.88,+0011.72,+0020.51,+0001.91,-0003.22,-0016.61
+1580343721.45,+0003.91,+0010.74,+0022.46,+0000.38,-0001.84,-0015.93
+1580343721.45,+0005.86,+0010.74,+0022.46,+0001.00,-0001.07,-0011.64
+1580343721.46,+0004.88,+0012.70,+0021.48,+0001.15,-0004.29,-0005.82
+1580343721.46,+0002.93,+0010.74,+0021.48,+0003.29,-0001.99,-0007.43
+1580343721.47,+0001.95,+0010.74,+0021.48,+0001.53,-0002.83,-0005.67
+1580343721.47,+0007.81,+0012.70,+0022.46,+0003.75,-0000.54,-0004.67
+1580343721.48,+0005.86,+0012.70,+0023.44,+0002.30,+0000.46,-0002.83
+1580343721.48,+0000.00,+0012.70,+0023.44,+0000.00,+0002.45,-0007.12
+1580343721.49,-0001.95,+0013.67,+0023.44,-0000.15,+0001.45,-0009.49
+1580343721.49,+0000.00,+0013.67,+0024.41,+0001.23,+0002.76,-0012.79
+1580343721.50,-0001.95,+0012.70,+0024.41,-0000.46,+0000.77,-0015.24
+1580343721.50,-0001.95,+0013.67,+0025.39,+0000.15,+0000.69,-0015.54
+1580343721.51,-0005.86,+0012.70,+0024.41,-0001.30,+0001.07,-0016.23
+1580343721.51,-0006.84,+0011.72,+0023.44,+0001.30,-0000.46,-0013.02
+1580343721.52,-0007.81,+0011.72,+0022.46,+0001.15,-0000.38,-0013.63
+1580343721.52,-0006.84,+0010.74,+0022.46,+0001.23,-0001.53,-0010.72
+1580343721.53,-0000.98,+0008.79,+0022.46,+0000.31,-0001.84,-0008.96
+1580343721.53,+0000.00,+0008.79,+0021.48,+0000.00,-0003.06,-0003.83
+1580343721.54,-0000.98,+0009.77,+0021.48,+0000.69,-0001.30,-0005.28
+1580343721.54,-0000.98,+0009.77,+0021.48,+0000.92,-0000.46,-0009.57
+1580343721.55,+0008.79,+0008.79,+0021.48,+0001.07,-0006.43,-0005.28
+1580343721.55,+0011.72,+0008.79,+0020.51,+0001.84,+0005.67,-0015.70
+1580343721.56,-0003.91,+0011.72,+0020.51,-0001.23,-0005.97,-0011.41
+1580343721.56,+0012.70,+0011.72,+0021.48,+0002.83,-0003.75,-0013.17
+1580343721.57,+0006.84,+0009.77,+0020.51,+0002.22,+0002.99,-0013.86
+1580343721.57,-0004.88,+0014.65,+0021.48,-0001.30,+0001.38,-0013.40
+1580343721.58,-0004.88,+0013.67,+0020.51,-0001.84,+0004.13,-0022.66
+1580343721.58,-0006.84,+0011.72,+0019.53,+0002.76,+0000.84,-0019.45
+1580343721.59,+0004.88,+0013.67,+0019.53,+0000.69,+0000.84,-0007.20
+1580343721.59,-0001.95,+0014.65,+0018.55,+0000.15,-0002.76,-0001.61
+1580343721.60,-0005.86,+0014.65,+0019.53,+0000.38,-0004.52,+0003.06
+1580343721.60,-0000.98,+0015.62,+0019.53,+0000.61,+0001.53,-0005.90
+1580343721.61,-0008.79,+0018.55,+0019.53,-0001.07,-0001.61,-0006.74
+1580343721.61,+0000.00,+0019.53,+0019.53,-0000.69,-0000.92,-0008.58
+1580343721.62,-0001.95,+0019.53,+0019.53,+0000.46,+0003.06,-0020.06
+1580343721.62,-0000.98,+0021.48,+0019.53,+0000.31,-0001.23,-0015.01
+1580343721.63,+0002.93,+0023.44,+0018.55,-0000.92,+0003.75,-0023.12
+1580343721.63,-0006.84,+0023.44,+0018.55,-0001.61,-0002.07,-0018.68
+1580343721.64,+0006.84,+0024.41,+0016.60,-0003.37,+0001.53,-0013.48
+1580343721.64,+0005.86,+0022.46,+0014.65,+0001.53,-0002.83,-0005.51
+1580343721.65,+0001.95,+0024.41,+0013.67,-0001.45,-0003.29,+0001.45
+1580343721.65,+0003.91,+0026.37,+0013.67,-0001.00,+0002.45,-0004.98
+1580343721.66,+0000.98,+0025.39,+0013.67,-0001.38,-0004.13,+0001.00
+1580343721.66,+0012.70,+0025.39,+0012.70,-0000.92,+0002.14,-0003.37
+1580343721.67,+0005.86,+0026.37,+0012.70,-0002.91,-0001.00,-0006.28
+1580343721.67,+0003.91,+0027.34,+0010.74,+0000.92,+0003.22,-0017.92
+1580343721.68,+0001.95,+0027.34,+0009.77,-0001.23,-0001.38,-0021.13
+1580343721.68,+0010.74,+0023.44,+0008.79,-0000.92,-0012.63,+0001.84
+1580343721.69,+0003.91,+0026.37,+0004.88,+0003.22,+0020.06,-0027.95
+1580343721.69,-0035.16,+0027.34,+0004.88,+0002.07,-0008.19,-0012.63
+1580343721.70,+0007.81,+0026.37,+0004.88,-0004.13,+0002.76,-0024.88
+1580343721.70,+0001.95,+0017.58,+0001.95,-0005.59,+0004.44,-0010.18
+1580343721.71,-0008.79,+0025.39,+0000.98,-0009.65,-0001.99,-0002.14
+1580343721.71,-0008.79,+0022.46,-0001.95,-0000.69,-0001.84,-0003.90
+1580343721.72,-0004.88,+0020.51,-0000.98,+0000.61,-0000.46,-0005.28
+1580343721.72,-0001.95,+0020.51,-0001.95,-0002.68,-0006.51,-0003.83
+1580343721.73,+0008.79,+0020.51,-0001.95,-0002.53,-0002.53,-0004.98
+1580343721.73,+0005.86,+0018.55,-0004.88,-0003.83,-0004.21,-0006.05
+1580343721.74,+0001.95,+0019.53,-0006.84,+0001.91,-0002.91,-0012.79
+1580343721.74,+0009.77,+0019.53,-0006.84,-0002.76,-0003.29,-0016.08
+1580343721.75,+0013.67,+0017.58,-0008.79,-0001.84,+0002.30,-0017.38
+1580343721.75,+0006.84,+0018.55,-0009.77,-0001.00,+0003.68,-0019.14
+1580343721.76,+0001.95,+0018.55,-0010.74,-0001.00,+0001.76,-0017.84
+1580343721.76,+0003.91,+0016.60,-0011.72,-0001.00,+0002.99,-0012.86
+1580343721.77,+0001.95,+0015.62,-0011.72,-0001.99,+0000.08,-0008.27
+1580343721.77,-0002.93,+0015.62,-0013.67,-0000.61,-0000.23,-0003.22
+1580343721.78,-0002.93,+0013.67,-0014.65,-0001.61,+0001.45,-0004.75
+1580343721.78,-0003.91,+0012.70,-0013.67,-0000.69,-0003.37,-0008.04
+1580343721.79,+0004.88,+0011.72,-0013.67,-0002.68,-0002.99,-0002.53
+1580343721.79,+0002.93,+0011.72,-0015.62,-0001.45,+0003.29,-0006.20
+1580343721.80,-0006.84,+0010.74,-0016.60,+0000.31,-0001.61,-0010.64
+1580343721.80,+0000.98,+0011.72,-0018.55,-0003.52,-0001.00,-0012.79
+1580343721.81,+0005.86,+0007.81,-0019.53,-0002.99,-0003.37,-0011.48
+1580343721.81,+0003.91,+0007.81,-0022.46,+0000.00,-0000.46,-0013.48
+1580343721.82,-0001.95,+0005.86,-0024.41,+0001.23,-0000.69,-0015.39
+1580343721.82,+0000.98,+0004.88,-0025.39,-0004.75,-0002.22,-0014.39
+1580343721.83,+0008.79,+0001.95,-0025.39,-0001.00,-0000.15,-0008.27
+1580343721.83,+0000.00,+0002.93,-0026.37,-0006.05,-0001.53,-0009.34
+1580343721.84,-0000.98,+0000.98,-0026.37,+0001.91,-0002.30,-0009.19
+1580343721.84,+0007.81,-0000.98,-0027.34,-0001.07,+0001.00,-0012.17
+1580343721.85,+0000.98,-0003.91,-0028.32,-0000.92,-0001.91,-0009.19
+1580343721.85,+0000.98,-0002.93,-0029.30,-0004.90,-0003.06,-0009.95
+1580343721.86,+0001.95,-0006.84,-0030.27,+0000.31,-0002.07,-0009.72
+1580343721.86,+0004.88,-0008.79,-0031.25,-0002.53,+0000.31,-0006.81
+1580343721.87,+0000.98,-0009.77,-0031.25,-0002.45,+0001.99,-0010.18
+1580343721.87,-0004.88,-0011.72,-0031.25,-0002.22,-0002.22,-0006.66
+1580343721.88,+0002.93,-0013.67,-0031.25,+0002.14,+0003.98,-0011.41
+1580343721.88,-0007.81,-0014.65,-0031.25,-0001.61,+0001.07,-0013.32
+1580343721.89,-0001.95,-0016.60,-0030.27,+0001.30,-0000.46,-0010.57
+1580343721.89,+0000.00,-0019.53,-0030.27,-0000.46,+0000.08,-0013.25
+1580343721.90,-0007.81,-0020.51,-0029.30,+0001.76,-0003.45,-0009.34
+1580343721.90,-0000.98,-0020.51,-0029.30,-0000.38,+0002.14,-0014.47
+1580343721.91,-0005.86,-0022.46,-0029.30,-0001.15,-0000.92,-0009.65
+1580343721.91,-0000.98,-0024.41,-0029.30,-0001.38,+0000.69,-0009.34
+1580343721.92,-0001.95,-0025.39,-0028.32,-0000.38,-0000.23,-0010.57
+1580343721.92,-0003.91,-0027.34,-0028.32,+0002.07,-0002.07,-0010.34
+1580343721.93,+0000.98,-0028.32,-0027.34,-0001.53,-0006.66,-0006.58
+1580343721.93,+0004.88,-0030.27,-0028.32,+0001.68,-0000.08,-0004.44
+1580343721.94,-0009.77,-0028.32,-0027.34,-0002.83,-0004.90,-0014.09
+1580343721.94,-0002.93,-0031.25,-0025.39,+0004.52,-0003.37,-0011.18
+1580343721.95,+0014.65,-0031.25,-0024.41,-0003.29,+0003.29,-0008.19
+1580343721.95,-0004.88,-0031.25,-0024.41,+0002.14,+0003.52,-0007.73
+1580343721.96,-0014.65,-0030.27,-0023.44,-0000.23,-0002.83,-0019.68
+1580343721.96,+0000.00,-0031.25,-0020.51,+0002.68,-0005.90,-0013.93
+1580343721.97,+0012.70,-0031.25,-0019.53,-0000.61,+0001.45,-0005.97
+1580343721.97,-0006.84,-0029.30,-0020.51,-0001.45,-0001.30,-0004.52
+1580343721.98,-0015.62,-0030.27,-0019.53,+0003.68,+0002.76,-0013.09
+1580343721.98,-0002.93,-0029.30,-0017.58,-0002.07,-0001.99,-0013.78
+1580343721.99,+0007.81,-0029.30,-0015.62,+0002.30,-0004.21,+0000.69
+1580343721.99,-0008.79,-0025.39,-0015.62,-0002.14,-0000.69,-0011.18
+1580343722.00,-0019.53,-0025.39,-0013.67,+0004.06,-0006.81,-0012.25
+1580343722.00,+0004.88,-0024.41,-0012.70,-0000.77,-0000.08,-0016.69
+1580343722.01,+0003.91,-0024.41,-0011.72,-0002.68,+0003.45,-0011.03
+1580343722.01,-0008.79,-0020.51,-0011.72,-0001.91,-0000.23,-0010.34
+1580343722.02,-0004.88,-0020.51,-0010.74,+0003.06,-0000.92,-0016.15
+1580343722.02,+0003.91,-0018.55,-0008.79,+0002.53,-0004.52,-0013.02
+1580343722.03,+0013.67,-0016.60,-0006.84,+0004.52,+0008.04,-0009.42
+1580343722.03,-0014.65,-0010.74,-0005.86,-0000.54,+0003.37,-0023.43
+1580343722.04,-0011.72,-0011.72,-0003.91,+0002.76,-0014.32,-0011.03
+1580343722.04,+0028.32,-0010.74,-0001.95,+0004.29,+0001.84,-0015.70
+1580343722.05,-0002.93,-0008.79,-0000.98,+0004.36,-0004.36,-0003.06
+1580343722.05,-0003.91,-0002.93,+0000.98,+0001.30,-0002.30,-0009.57
+1580343722.06,+0007.81,-0004.88,+0001.95,+0000.38,-0000.92,-0014.78
+1580343722.06,+0006.84,-0004.88,+0001.95,+0002.68,-0002.99,-0003.14
+1580343722.07,+0009.77,+0000.00,+0002.93,+0000.84,-0001.84,-0008.27
+1580343722.07,+0003.91,+0000.98,+0003.91,-0001.76,-0000.77,-0006.28
+1580343722.08,+0010.74,+0000.00,+0004.88,-0001.23,-0002.14,-0002.83
+1580343722.08,+0007.81,+0002.93,+0005.86,+0001.53,+0002.60,-0010.72
+1580343722.09,-0000.98,+0005.86,+0007.81,+0001.91,+0000.38,-0011.41
+1580343722.09,+0001.95,+0005.86,+0007.81,+0001.38,+0000.08,-0017.46
+1580343722.10,+0008.79,+0004.88,+0008.79,+0001.61,-0001.38,-0007.35
+1580343722.10,+0006.84,+0006.84,+0008.79,-0000.92,+0002.99,-0009.42
+1580343722.11,-0006.84,+0007.81,+0008.79,+0000.08,-0002.22,-0007.50
+1580343722.11,+0000.00,+0007.81,+0008.79,-0000.31,+0000.38,-0005.74
+1580343722.12,-0000.98,+0005.86,+0007.81,+0001.23,+0000.54,-0006.35
+1580343722.12,-0003.91,+0007.81,+0008.79,-0000.38,+0001.53,-0008.80
+1580343722.13,-0005.86,+0007.81,+0008.79,+0000.77,-0001.45,-0015.08
+1580343722.13,+0000.98,+0005.86,+0008.79,-0001.15,+0000.84,-0011.94
+1580343722.14,+0001.95,+0005.86,+0007.81,+0001.30,+0001.99,-0016.23
+1580343722.14,-0006.84,+0007.81,+0007.81,-0002.53,+0000.54,-0016.92
+1580343722.15,-0000.98,+0006.84,+0007.81,+0001.45,-0001.91,-0012.79
+1580343722.15,+0005.86,+0002.93,+0006.84,+0001.23,-0000.61,-0010.49
+1580343722.16,+0000.00,+0004.88,+0006.84,+0001.84,-0001.45,-0005.21
+1580343722.16,-0001.95,+0003.91,+0005.86,-0000.92,-0002.91,-0005.05
+1580343722.17,+0003.91,+0001.95,+0005.86,-0002.30,+0000.69,-0008.27
+1580343722.17,+0001.95,+0001.95,+0005.86,+0002.14,+0000.08,-0007.04
+1580343722.18,+0002.93,+0002.93,+0005.86,-0000.69,+0002.60,-0010.26
+1580343722.18,-0000.98,+0000.00,+0004.88,+0000.00,-0002.07,-0009.34
+1580343722.19,+0001.95,+0000.00,+0004.88,-0001.30,+0002.22,-0011.87
+1580343722.19,+0000.00,-0000.98,+0004.88,-0000.15,-0001.61,-0008.80
+1580343722.20,-0004.88,+0000.00,+0003.91,+0000.15,+0002.99,-0011.41
+1580343722.20,-0007.81,-0001.95,+0003.91,+0003.37,+0000.15,-0009.03
+1580343722.21,-0002.93,-0001.95,+0002.93,-0004.06,+0003.14,-0009.80
+1580343722.21,-0002.93,-0002.93,+0002.93,-0000.92,-0000.08,-0008.80
+1580343722.22,-0005.86,-0001.95,+0002.93,-0000.15,-0000.69,-0006.05
+1580343722.22,-0004.88,-0001.95,+0001.95,-0000.54,-0003.45,-0008.80
+1580343722.23,-0003.91,-0001.95,+0001.95,-0000.31,-0000.15,-0010.87
+1580343722.23,-0002.93,-0001.95,+0001.95,+0000.08,-0001.15,-0011.79
+1580343722.24,+0002.93,-0000.98,+0001.95,-0001.00,-0000.92,-0012.79
+1580343722.24,+0000.00,-0000.98,+0000.98,-0000.54,-0000.31,-0014.55
+1580343722.25,+0004.88,+0000.00,+0001.95,+0001.38,-0002.68,-0013.55
+1580343722.25,+0004.88,+0000.00,+0000.98,-0001.68,+0000.84,-0016.77
+1580343722.26,+0004.88,+0000.00,+0001.95,+0000.38,+0001.38,-0012.10
+1580343722.26,+0005.86,+0000.00,+0000.98,-0001.53,+0000.69,-0011.56
+1580343722.27,+0003.91,-0001.95,+0000.00,-0001.00,+0000.61,-0009.11
+1580343722.27,+0006.84,-0000.98,+0000.00,+0000.54,+0001.15,-0008.27
+1580343722.28,+0004.88,-0002.93,+0000.00,+0002.07,+0001.38,-0005.90
+1580343722.28,+0004.88,-0000.98,+0000.00,-0002.30,-0000.61,-0005.36
+1580343722.29,-0000.98,-0002.93,-0000.98,+0002.37,+0001.91,-0008.35
+1580343722.29,-0000.98,-0002.93,-0000.98,+0001.38,-0000.23,-0008.96
+1580343722.30,+0000.00,-0003.91,-0000.98,-0000.46,+0000.08,-0006.12
+1580343722.30,-0000.98,-0003.91,-0001.95,-0001.45,+0003.52,-0004.67
+1580343722.31,-0013.67,-0002.93,-0001.95,+0000.15,+0005.67,-0009.57
+1580343722.31,-0011.72,-0003.91,-0001.95,+0001.15,-0002.22,-0011.87
+1580343722.32,+0000.00,-0005.86,-0001.95,-0000.69,+0001.00,-0011.56
+1580343722.32,-0010.74,-0005.86,-0002.93,+0001.53,+0001.38,-0011.41
+1580343722.33,-0017.58,-0003.91,-0001.95,-0002.30,-0001.53,-0018.07
+1580343722.33,-0008.79,-0005.86,-0000.98,+0001.00,-0001.99,-0016.00
+1580343722.34,+0000.00,-0006.84,-0001.95,-0002.30,+0002.30,-0012.56
+1580343722.34,-0005.86,-0004.88,-0001.95,+0001.23,-0000.77,-0007.96
+1580343722.35,-0006.84,-0004.88,-0002.93,-0000.08,-0000.84,-0009.11
+1580343722.35,+0000.00,-0007.81,-0002.93,-0000.92,-0001.30,-0010.18
+1580343722.36,+0006.84,-0006.84,-0002.93,+0001.30,-0006.51,-0003.98
+1580343722.36,+0011.72,-0006.84,-0001.95,+0000.92,-0008.96,+0002.30
+1580343722.37,+0009.77,-0009.77,-0001.95,+0001.07,+0003.60,-0002.14
+1580343722.37,-0007.81,-0004.88,-0001.95,+0003.06,+0004.52,-0016.38
+1580343722.38,-0005.86,-0006.84,+0000.00,-0004.13,-0002.30,-0017.07
+1580343722.38,+0011.72,-0007.81,+0000.98,-0006.97,+0004.36,-0017.00
+1580343722.39,+0001.95,-0010.74,+0000.00,+0005.51,+0002.99,-0010.49
+1580343722.39,-0011.72,-0005.86,-0000.98,-0002.99,+0003.45,-0011.48
+1580343722.40,-0013.67,-0009.77,-0000.98,+0003.45,-0002.45,-0011.10
+1580343722.40,+0000.98,-0009.77,+0000.98,-0002.60,-0002.91,-0002.30
