+1580343768.91,-0000.98,-0008.79,+0001.95,+0000.84,+0000.00,-0008.04
+1580343768.91,-0000.98,-0008.79,+0002.93,-0001.00,-0000.77,-0010.41
+1580343768.92,+0001.95,-0007.81,+0002.93,+0001.38,-0000.23,-0008.96
+1580343768.92,+0000.98,-0007.81,+0003.91,-0000.54,+0000.46,-0010.87
+1580343768.93,-0000.98,-0007.81,+0002.93,+0000.77,+0000.61,-0009.80
+1580343768.93,+0000.00,-0007.81,+0003.91,+0000.23,+0000.15,-0011.94
+1580343768.94,+0000.98,-0007.81,+0003.91,+0000.23,-0000.77,-0009.88
+1580343768.94,+0000.00,-0007.81,+0003.91,+0000.54,-0000.61,-0010.18
+1580343768.95,+0000.00,-0006.84,+0004.88,-0000.08,-0001.84,-0009.26
+1580343768.95,+0000.98,-0006.84,+0005.86,+0002.07,+0001.30,-0010.49
+1580343768.96,+0000.98,-0006.84,+0005.86,-0000.15,-0000.38,-0008.88
+1580343768.96,-0000.98,-0007.81,+0006.84,+0000.31,+0000.92,-0010.41
+1580343768.97,-0000.98,-0006.84,+0006.84,-0000.08,+0001.07,-0011.56
+1580343768.97,-0000.98,-0007.81,+0006.84,+0001.00,+0000.46,-0012.17
+1580343768.98,+0000.00,-0007.81,+0006.84,+0000.08,-0000.31,-0010.11
+1580343768.98,+0000.00,-0007.81,+0007.81,+0001.23,+0000.23,-0011.71
+1580343768.99,+0000.98,-0008.79,+0007.81,+0001.84,+0001.38,-0009.19
+1580343768.99,+0000.00,-0007.81,+0008.79,-0000.08,-0000.61,-0009.95
+1580343769.00,+0000.00,-0007.81,+0008.79,+0000.77,+0000.92,-0008.80
+1580343769.00,-0000.98,-0007.81,+0009.77,+0000.23,-0000.46,-0010.11
+1580343769.01,+0000.00,-0008.79,+0009.77,+0001.53,+0000.69,-0009.34
+1580343769.01,-0000.98,-0008.79,+0009.77,-0001.00,-0000.54,-0010.95
+1580343769.02,-0000.98,-0007.81,+0009.77,+0001.61,+0000.15,-0010.26
+1580343769.02,-0000.98,-0007.81,+0010.74,+0001.53,-0000.54,-0010.57
+1580343769.03,-0000.98,-0007.81,+0011.72,+0000.31,-0000.84,-0008.50
+1580343769.03,-0000.98,-0007.81,+0011.72,-0000.08,-0000.08,-0009.26
+1580343769.04,-0002.93,-0006.84,+0012.70,-0000.15,-0000.38,-0009.34
+1580343769.04,-0002.93,-0006.84,+0012.70,+0001.68,+0000.15,-0011.25
+1580343769.05,-0003.91,-0005.86,+0012.70,+0000.38,-0000.15,-0010.57
+1580343769.05,-0004.88,-0005.86,+0013.67,+0001.45,+0000.61,-0012.25
+1580343769.06,-0001.95,-0004.88,+0014.65,+0000.00,-0000.69,-0009.49
+1580343769.06,-0002.93,-0004.88,+0014.65,+0000.54,-0000.54,-0011.41
+1580343769.07,-0003.91,-0003.91,+0014.65,+0000.31,-0001.45,-0007.89
+1580343769.07,-0003.91,-0002.93,+0015.62,-0001.15,-0001.68,-0010.80
+1580343769.08,-0002.93,-0003.91,+0015.62,+0002.76,-0001.15,-0010.64
+1580343769.08,+0000.98,-0000.98,+0015.62,-0001.45,-0000.54,-0010.34
+1580343769.09,-0001.95,-0001.95,+0016.60,+0001.45,+0001.45,-0010.11
+1580343769.09,-0004.88,-0001.95,+0015.62,-0000.38,+0000.46,-0010.26
+1580343769.10,-0004.88,-0000.98,+0016.60,+0004.67,+0001.91,-0015.39
+1580343769.10,-0002.93,-0000.98,+0017.58,-0002.76,-0004.06,-0009.57
+1580343769.11,+0003.91,-0001.95,+0018.55,-0001.91,+0001.07,-0010.18
+1580343769.11,-0003.91,-0001.95,+0017.58,+0000.84,-0003.06,-0005.82
+1580343769.12,+0000.00,-0000.98,+0017.58,+0000.00,-0002.53,-0004.44
+1580343769.12,+0000.00,-0002.93,+0016.60,-0001.61,+0001.99,-0010.80
+1580343769.13,-0002.93,-0002.93,+0016.60,-0000.46,+0000.23,-0010.11
+1580343769.13,-0002.93,-0001.95,+0016.60,+0001.76,+0000.92,-0017.00
+1580343769.14,-0002.93,-0002.93,+0017.58,-0001.91,-0004.21,-0011.94
+1580343769.14,+0006.84,-0002.93,+0017.58,-0003.06,-0003.14,-0004.13
+1580343769.15,+0004.88,-0003.91,+0016.60,+0004.36,+0003.98,-0008.04
+1580343769.15,-0007.81,-0001.95,+0015.62,-0004.82,+0001.23,-0010.41
+1580343769.16,-0009.77,-0001.95,+0016.60,+0005.51,-0000.38,-0017.46
+1580343769.16,+0006.84,-0002.93,+0017.58,+0000.15,+0001.45,-0008.12
+1580343769.17,+0003.91,-0003.91,+0016.60,-0002.91,+0002.53,-0007.73
+1580343769.17,-0010.74,-0002.93,+0015.62,+0000.54,+0000.00,-0009.57
+1580343769.18,-0004.88,-0002.93,+0015.62,-0000.84,-0000.54,-0012.02
+1580343769.18,+0004.88,-0002.93,+0016.60,-0000.92,+0001.00,-0007.35
+1580343769.19,-0000.98,-0002.93,+0015.62,-0000.77,+0000.08,-0006.43
+1580343769.19,-0008.79,-0001.95,+0015.62,-0000.31,+0001.23,-0011.79
+1580343769.20,-0003.91,-0001.95,+0015.62,+0000.31,-0001.23,-0013.09
+1580343769.20,+0003.91,-0001.95,+0015.62,-0000.77,-0000.46,-0010.72
+1580343769.21,+0000.98,-0001.95,+0015.62,-0001.15,-0001.68,-0010.18
+1580343769.21,+0000.00,-0000.98,+0014.65,+0000.84,-0002.37,-0010.03
+1580343769.22,+0001.95,+0000.00,+0014.65,+0000.61,-0001.07,-0009.72
+1580343769.22,+0002.93,+0000.98,+0015.62,+0000.08,-0000.61,-0008.04
+1580343769.23,+0000.98,+0000.00,+0016.60,+0000.08,-0001.76,-0009.72
+1580343769.23,+0002.93,+0001.95,+0016.60,+0000.38,-0000.77,-0011.10
+1580343769.24,+0002.93,+0001.95,+0015.62,-0000.15,-0001.45,-0011.48
+1580343769.24,+0003.91,+0002.93,+0015.62,-0000.08,-0000.77,-0010.49
+1580343769.25,+0003.91,+0002.93,+0015.62,-0000.31,-0001.68,-0010.11
+1580343769.25,+0003.91,+0003.91,+0016.60,-0000.84,-0000.77,-0009.26
+1580343769.26,+0002.93,+0003.91,+0016.60,+0000.23,-0000.15,-0010.41
+1580343769.26,+0000.98,+0005.86,+0016.60,-0000.46,+0000.31,-0011.25
+1580343769.27,+0001.95,+0004.88,+0016.60,-0000.08,-0000.08,-0011.64
+1580343769.27,+0000.98,+0005.86,+0016.60,-0001.84,-0000.15,-0008.96
+1580343769.28,+0000.00,+0006.84,+0015.62,+0001.15,-0000.08,-0008.19
+1580343769.28,-0001.95,+0006.84,+0015.62,-0001.99,+0000.00,-0010.18
+1580343769.29,-0000.98,+0007.81,+0015.62,+0000.08,-0000.15,-0010.18
+1580343769.29,-0000.98,+0008.79,+0015.62,+0000.54,-0000.77,-0012.10
+1580343769.30,+0000.98,+0009.77,+0016.60,+0000.46,-0001.07,-0007.96
+1580343769.30,-0001.95,+0010.74,+0016.60,-0000.77,-0001.84,-0010.18
+1580343769.31,-0000.98,+0011.72,+0016.60,+0000.69,+0001.99,-0009.26
+1580343769.31,-0002.93,+0012.70,+0016.60,-0002.14,-0001.38,-0010.64
+1580343769.32,+0000.98,+0011.72,+0016.60,+0000.38,-0001.53,-0008.50
+1580343769.32,+0000.98,+0011.72,+0015.62,-0001.68,-0000.77,-0012.71
+1580343769.33,-0000.98,+0012.70,+0015.62,+0001.23,-0001.38,-0010.80
+1580343769.33,+0000.98,+0012.70,+0015.62,-0001.45,+0000.00,-0010.64
+1580343769.34,+0000.00,+0012.70,+0015.62,-0000.69,-0001.99,-0008.04
+1580343769.34,+0001.95,+0011.72,+0015.62,-0000.08,+0000.08,-0010.34
+1580343769.35,+0000.98,+0012.70,+0015.62,+0000.15,-0001.07,-0010.03
+1580343769.35,+0000.00,+0012.70,+0015.62,-0000.77,-0000.77,-0007.96
+1580343769.36,+0001.95,+0012.70,+0015.62,-0002.45,-0002.22,-0009.26
+1580343769.36,+0001.95,+0009.77,+0014.65,+0001.61,+0001.00,-0008.65
+1580343769.37,-0000.98,+0009.77,+0013.67,-0003.37,-0000.31,-0010.87
+1580343769.37,-0000.98,+0007.81,+0011.72,-0001.07,-0000.46,-0009.88
+1580343769.38,+0000.00,+0006.84,+0010.74,-0001.91,+0000.38,-0011.41
+1580343769.38,-0000.98,+0005.86,+0010.74,+0000.77,+0000.00,-0009.49
+1580343769.39,-0001.95,+0004.88,+0010.74,-0002.53,+0000.08,-0010.41
+1580343769.39,-0003.91,+0003.91,+0010.74,-0003.06,+0000.23,-0010.95
+1580343769.40,-0002.93,+0002.93,+0009.77,+0000.23,-0001.07,-0011.03
+1580343769.40,+0000.00,+0001.95,+0008.79,-0000.61,+0000.54,-0008.42
+1580343769.41,-0003.91,+0000.98,+0006.84,-0000.61,-0001.68,-0009.19
+1580343769.41,-0003.91,+0000.98,+0006.84,-0000.31,-0001.30,-0007.96
+1580343769.42,-0000.98,-0000.98,+0007.81,-0001.07,+0000.23,-0009.42
+1580343769.42,-0000.98,-0000.98,+0007.81,-0001.30,-0000.77,-0007.43
+1580343769.43,-0005.86,-0000.98,+0006.84,-0001.45,-0000.69,-0014.47
+1580343769.43,-0004.88,-0001.95,+0005.86,-0000.61,-0001.53,-0011.25
+1580343769.44,+0000.98,-0002.93,+0004.88,-0001.38,+0001.45,-0012.02
+1580343769.44,-0002.93,-0002.93,+0003.91,-0001.91,-0000.08,-0013.02
+1580343769.45,+0000.00,-0002.93,+0003.91,+0000.61,+0001.76,-0010.87
+1580343769.45,-0000.98,-0002.93,+0003.91,-0001.61,-0001.00,-0010.72
+1580343769.46,-0001.95,-0001.95,+0004.88,+0002.45,+0001.07,-0008.65
+1580343769.46,-0002.93,-0000.98,+0005.86,+0000.15,-0001.53,-0010.34
+1580343769.47,+0001.95,-0000.98,+0006.84,+0001.53,+0000.38,-0008.58
+1580343769.47,+0000.98,-0000.98,+0005.86,-0002.07,-0000.69,-0009.88
+1580343769.48,-0001.95,+0000.00,+0005.86,+0002.37,-0000.38,-0007.20
+1580343769.48,-0000.98,+0000.00,+0005.86,+0001.38,+0001.45,-0011.64
+1580343769.49,-0000.98,+0000.98,+0006.84,-0000.08,-0001.84,-0008.12
+1580343769.49,+0000.98,+0000.98,+0007.81,-0000.38,+0001.38,-0010.11
+1580343769.50,-0001.95,+0001.95,+0007.81,+0000.46,+0000.08,-0008.04
+1580343769.50,-0001.95,+0001.95,+0007.81,+0002.53,+0002.99,-0013.93
+1580343769.51,-0003.91,+0001.95,+0007.81,-0002.07,-0000.23,-0012.02
+1580343769.51,-0000.98,+0002.93,+0008.79,+0003.75,+0000.77,-0013.09
+1580343769.52,+0000.00,+0003.91,+0010.74,+0001.84,+0000.31,-0009.95
+1580343769.52,-0000.98,+0004.88,+0010.74,-0000.77,+0001.00,-0009.65
+1580343769.53,-0000.98,+0004.88,+0010.74,+0000.54,+0000.38,-0009.88
+1580343769.53,-0001.95,+0004.88,+0010.74,-0000.84,+0001.38,-0010.26
+1580343769.54,-0001.95,+0003.91,+0010.74,+0000.69,-0000.23,-0008.58
+1580343769.54,+0000.00,+0004.88,+0010.74,-0000.77,+0000.08,-0009.65
+1580343769.55,-0000.98,+0004.88,+0010.74,-0000.15,+0001.61,-0010.64
+1580343769.55,-0000.98,+0005.86,+0010.74,-0000.38,+0001.84,-0010.49
+1580343769.56,-0001.95,+0004.88,+0009.77,-0000.61,+0000.00,-0008.80
+1580343769.56,-0000.98,+0004.88,+0009.77,+0000.00,+0000.46,-0008.19
+1580343769.57,-0002.93,+0005.86,+0009.77,-0001.15,-0001.99,-0009.57
+1580343769.57,+0000.98,+0005.86,+0010.74,+0001.00,+0000.69,-0012.33
+1580343769.58,+0000.00,+0006.84,+0010.74,-0001.68,+0000.00,-0013.40
+1580343769.58,+0000.00,+0006.84,+0009.77,+0001.38,-0001.99,-0009.80
+1580343769.59,+0000.98,+0006.84,+0009.77,-0000.77,+0000.00,-0010.41
+1580343769.59,-0000.98,+0006.84,+0008.79,+0000.38,-0001.15,-0007.66
+1580343769.60,+0000.98,+0006.84,+0008.79,-0001.91,+0000.84,-0009.34
+1580343769.60,-0000.98,+0005.86,+0008.79,-0001.23,-0000.61,-0008.35
+1580343769.61,+0001.95,+0005.86,+0007.81,-0000.69,+0000.69,-0009.65
+1580343769.61,-0000.98,+0005.86,+0007.81,-0001.15,-0000.84,-0010.49
+1580343769.62,+0000.98,+0005.86,+0006.84,-0001.68,-0000.08,-0010.57
+1580343769.62,+0000.98,+0004.88,+0006.84,-0002.37,-0000.92,-0011.25
+1580343769.63,+0000.98,+0003.91,+0005.86,-0001.15,+0000.38,-0008.12
+1580343769.63,+0000.98,+0002.93,+0003.91,-0001.91,-0000.23,-0009.80
+1580343769.64,-0000.98,+0002.93,+0002.93,-0000.77,+0001.07,-0009.42
+1580343769.64,-0000.98,+0001.95,+0001.95,-0001.76,+0001.15,-0012.94
+1580343769.65,-0001.95,+0000.98,+0001.95,-0000.61,+0000.38,-0011.56
+1580343769.65,-0000.98,+0000.98,+0000.98,-0001.30,+0000.46,-0010.57
+1580343769.66,-0000.98,+0000.00,+0000.98,-0000.54,+0000.69,-0009.03
+1580343769.66,-0001.95,+0000.00,+0000.98,-0001.23,+0001.23,-0010.26
+1580343769.67,-0003.91,-0000.98,+0000.00,-0001.68,+0000.69,-0009.80
+1580343769.67,-0002.93,-0001.95,-0001.95,-0000.38,-0000.08,-0009.57
+1580343769.68,-0000.98,-0002.93,-0002.93,-0000.31,+0000.61,-0010.34
+1580343769.68,-0002.93,-0002.93,-0002.93,-0000.92,-0000.15,-0010.72
+1580343769.69,-0001.95,-0002.93,-0002.93,-0000.61,+0000.77,-0010.87
+1580343769.69,-0002.93,-0002.93,-0002.93,-0000.77,-0000.31,-0010.80
+1580343769.70,-0001.95,-0002.93,-0002.93,-0001.15,+0000.38,-0010.34
+1580343769.70,-0001.95,-0002.93,-0003.91,-0001.61,+0000.08,-0011.18
+1580343769.71,-0001.95,-0003.91,-0004.88,-0000.54,-0001.15,-0008.50
+1580343769.71,-0000.98,-0002.93,-0004.88,-0000.38,-0001.30,-0009.65
+1580343769.72,+0000.00,-0002.93,-0004.88,-0000.15,-0002.45,-0009.03
+1580343769.72,+0001.95,-0001.95,-0004.88,+0000.00,-0000.23,-0009.80
+1580343769.73,+0000.98,-0000.98,-0003.91,+0000.08,-0000.77,-0010.18
+1580343769.73,+0001.95,+0000.00,-0003.91,-0001.00,-0001.53,-0010.72
+1580343769.74,+0002.93,+0000.00,-0003.91,-0000.23,-0001.91,-0011.64
+1580343769.74,+0004.88,+0000.98,-0004.88,-0000.31,-0000.92,-0011.25
+1580343769.75,+0003.91,+0000.98,-0004.88,-0001.15,-0000.38,-0008.80
+1580343769.75,+0000.98,+0001.95,-0004.88,+0000.84,+0003.90,-0012.02
+1580343769.76,-0004.88,+0003.91,-0002.93,+0000.00,-0000.38,-0014.93
+1580343769.76,+0003.91,+0003.91,-0000.98,+0000.54,-0001.30,-0010.41
+1580343769.77,+0009.77,+0003.91,-0001.95,-0003.45,-0002.68,-0003.68
+1580343769.77,+0004.88,+0004.88,-0002.93,+0004.52,+0003.14,-0004.29
+1580343769.78,-0007.81,+0006.84,-0002.93,-0003.75,+0001.68,-0008.50
+1580343769.78,-0006.84,+0007.81,-0001.95,-0002.68,-0004.75,-0010.26
+1580343769.79,+0012.70,+0005.86,+0000.00,+0003.29,+0000.69,-0007.81
+1580343769.79,+0004.88,+0008.79,+0000.98,-0000.61,+0001.23,-0007.89
+1580343769.80,-0007.81,+0010.74,+0000.98,+0000.92,-0001.38,-0012.33
+1580343769.80,+0000.98,+0009.77,+0001.95,-0001.45,-0001.68,-0012.48
+1580343769.81,+0009.77,+0009.77,+0002.93,+0000.84,-0000.31,-0007.66
+1580343769.81,+0003.91,+0010.74,+0000.98,-0001.84,+0000.08,-0007.20
+1580343769.82,-0003.91,+0009.77,+0000.98,-0000.23,-0002.30,-0011.71
+1580343769.82,+0003.91,+0009.77,+0000.98,-0000.08,-0000.61,-0011.33
+1580343769.83,+0006.84,+0010.74,+0001.95,+0000.46,+0000.54,-0010.95
+1580343769.83,+0000.00,+0010.74,+0000.98,+0000.84,+0000.00,-0010.11
+1580343769.84,-0001.95,+0010.74,+0001.95,+0000.08,-0001.30,-0012.71
+1580343769.84,+0003.91,+0010.74,+0000.98,+0000.46,-0001.07,-0008.80
+1580343769.85,+0005.86,+0010.74,+0001.95,+0000.15,+0000.00,-0008.65
+1580343769.85,-0001.95,+0011.72,+0000.98,+0001.30,-0000.46,-0009.03
+1580343769.86,-0002.93,+0011.72,+0001.95,-0001.00,-0002.07,-0011.03
+1580343769.86,+0003.91,+0010.74,+0001.95,-0000.08,+0000.31,-0009.11
+1580343769.87,+0001.95,+0010.74,+0000.00,-0001.38,-0000.84,-0008.19
+1580343769.87,-0000.98,+0009.77,-0000.98,-0000.15,+0000.61,-0010.87
+1580343769.88,-0001.95,+0009.77,-0001.95,-0001.91,-0001.15,-0013.40
+1580343769.88,+0003.91,+0008.79,-0001.95,+0000.00,-0000.61,-0009.88
+1580343769.89,+0003.91,+0009.77,-0002.93,-0001.15,-0001.23,-0010.95
+1580343769.89,+0000.98,+0009.77,-0003.91,+0001.53,-0002.30,-0009.11
+1580343769.90,+0004.88,+0009.77,-0004.88,-0001.84,-0001.23,-0011.25
+1580343769.90,+0006.84,+0008.79,-0003.91,+0001.45,-0002.53,-0009.03
+1580343769.91,+0004.88,+0008.79,-0000.98,+0001.45,+0001.84,-0011.87
+1580343769.91,-0001.95,+0010.74,+0004.88,-0002.53,+0001.15,-0012.56
+1580343769.92,+0000.98,+0010.74,+0007.81,-0002.99,+0000.00,-0010.03
+1580343769.92,+0000.98,+0007.81,+0004.88,-0004.36,+0003.06,-0009.42
+1580343769.93,-0007.81,+0005.86,-0002.93,-0004.67,+0000.15,-0011.03
+1580343769.93,-0004.88,+0003.91,-0008.79,-0000.31,+0001.76,-0013.55
+1580343769.94,-0002.93,+0002.93,-0011.72,-0000.69,+0000.61,-0012.94
+1580343769.94,-0004.88,+0005.86,-0008.79,+0003.14,+0001.76,-0007.73
+1580343769.95,-0007.81,+0007.81,-0004.88,+0003.14,+0000.92,-0009.72
+1580343769.95,-0006.84,+0009.77,-0000.98,+0001.53,+0000.00,-0011.94
+1580343769.96,-0003.91,+0009.77,-0000.98,-0001.91,+0000.15,-0010.26
+1580343769.96,-0003.91,+0008.79,-0003.91,-0003.37,-0000.15,-0009.49
+1580343769.97,-0004.88,+0007.81,-0007.81,-0002.68,-0000.84,-0010.41
+1580343769.97,-0002.93,+0005.86,-0010.74,-0003.98,-0001.23,-0009.11
+1580343769.98,-0001.95,+0004.88,-0012.70,-0002.45,-0000.31,-0009.49
+1580343769.98,-0002.93,+0004.88,-0011.72,-0000.15,+0000.00,-0009.11
+1580343769.99,-0002.93,+0005.86,-0010.74,-0000.92,-0001.07,-0010.34
+1580343769.99,-0000.98,+0004.88,-0010.74,+0000.15,+0000.15,-0010.87
+1580343770.00,-0000.98,+0004.88,-0010.74,-0000.84,-0001.30,-0011.25
+1580343770.00,+0000.98,+0004.88,-0011.72,+0000.00,-0000.84,-0008.50
+1580343770.01,-0000.98,+0004.88,-0012.70,+0000.08,+0000.69,-0011.64
+1580343770.01,-0001.95,+0003.91,-0012.70,+0000.23,+0000.00,-0010.80
+1580343770.02,-0000.98,+0003.91,-0013.67,-0001.07,-0001.23,-0013.09
+1580343770.02,+0002.93,+0002.93,-0013.67,-0001.15,-0002.37,-0008.88
+1580343770.03,+0002.93,+0002.93,-0014.65,-0002.99,-0001.07,-0008.65
+1580343770.03,+0000.00,+0001.95,-0015.62,+0000.38,-0001.30,-0009.57
+1580343770.04,+0002.93,+0000.98,-0016.60,-0002.22,+0000.00,-0010.64
+1580343770.04,+0002.93,+0000.00,-0016.60,-0000.92,-0000.15,-0010.95
+1580343770.05,+0001.95,+0000.00,-0016.60,+0000.23,+0001.23,-0011.25
+1580343770.05,-0000.98,-0000.98,-0016.60,-0000.61,-0000.08,-0011.25
+1580343770.06,+0000.98,-0000.98,-0016.60,+0000.69,+0000.08,-0009.88
+1580343770.06,+0001.95,-0000.98,-0016.60,-0000.69,-0000.38,-0010.26
+1580343770.07,+0000.00,-0001.95,-0016.60,+0000.69,+0000.31,-0008.58
+1580343770.07,+0000.98,-0001.95,-0016.60,-0001.23,+0000.08,-0010.80
+1580343770.08,+0000.00,-0002.93,-0016.60,-0000.61,-0000.23,-0009.19
+1580343770.08,+0001.95,-0002.93,-0016.60,-0000.84,+0000.15,-0010.64
+1580343770.09,+0000.00,-0003.91,-0016.60,-0000.15,-0000.08,-0009.03
+1580343770.09,+0000.00,-0003.91,-0016.60,-0001.00,+0000.46,-0010.18
+1580343770.10,+0000.98,-0003.91,-0016.60,-0000.61,-0000.08,-0010.34
+1580343770.10,+0000.98,-0003.91,-0016.60,+0000.61,+0000.77,-0011.33
+1580343770.11,-0000.98,-0003.91,-0016.60,+0000.84,+0000.46,-0011.56
+1580343770.11,+0000.00,-0003.91,-0015.62,-0000.61,+0000.23,-0011.25
+1580343770.12,+0000.00,-0003.91,-0015.62,-0000.46,+0000.08,-0010.72
+1580343770.12,+0000.00,-0003.91,-0014.65,+0000.69,-0000.15,-0009.95
+1580343770.13,+0000.00,-0002.93,-0014.65,-0000.31,+0000.38,-0009.42
+1580343770.13,+0000.00,-0002.93,-0014.65,-0000.23,-0000.15,-0008.19
+1580343770.14,+0000.98,-0002.93,-0014.65,-0000.92,+0000.08,-0009.03
+1580343770.14,+0000.00,-0003.91,-0014.65,-0000.61,-0000.38,-0008.58
+1580343770.15,-0000.98,-0002.93,-0014.65,+0000.61,+0001.61,-0008.42
+1580343770.15,-0002.93,-0002.93,-0013.67,-0000.46,-0001.76,-0008.80
+1580343770.16,+0001.95,-0002.93,-0013.67,+0000.15,+0000.92,-0010.18
+1580343770.16,+0000.00,-0002.93,-0013.67,-0001.00,-0000.08,-0010.49
+1580343770.17,-0001.95,-0002.93,-0013.67,+0000.61,-0000.38,-0007.58
+1580343770.17,-0001.95,-0002.93,-0013.67,-0001.00,-0000.46,-0009.34
+1580343770.18,-0000.98,-0002.93,-0012.70,+0001.00,+0000.46,-0008.42
+1580343770.18,-0001.95,-0002.93,-0012.70,-0001.00,+0000.84,-0009.49
+1580343770.19,-0004.88,-0002.93,-0013.67,-0001.76,+0000.46,-0010.41
+1580343770.19,-0004.88,-0002.93,-0013.67,+0000.00,-0000.15,-0011.56
+1580343770.20,-0002.93,-0004.88,-0014.65,-0001.61,-0000.46,-0010.49
+1580343770.20,-0003.91,-0004.88,-0015.62,+0000.69,+0001.15,-0010.87
+1580343770.21,-0004.88,-0004.88,-0015.62,+0001.45,+0000.61,-0011.18
+1580343770.21,-0004.88,-0004.88,-0014.65,-0001.68,+0000.23,-0011.10
+1580343770.22,-0002.93,-0004.88,-0014.65,-0000.08,+0000.31,-0011.41
+1580343770.22,-0003.91,-0004.88,-0015.62,-0001.99,-0000.77,-0011.10
+1580343770.23,-0002.93,-0005.86,-0015.62,+0001.00,+0000.31,-0011.48
+1580343770.23,-0001.95,-0005.86,-0015.62,-0001.84,-0001.30,-0009.72
+1580343770.24,-0000.98,-0005.86,-0015.62,+0001.15,+0000.92,-0011.10
+1580343770.24,-0001.95,-0005.86,-0015.62,-0000.77,-0001.53,-0009.11
+1580343770.25,+0000.00,-0005.86,-0016.60,-0001.07,+0000.00,-0009.19
+1580343770.25,-0001.95,-0005.86,-0018.55,-0002.30,-0000.15,-0009.49
+1580343770.26,-0001.95,-0005.86,-0018.55,-0001.68,-0000.31,-0011.25
+1580343770.26,-0000.98,-0005.86,-0017.58,-0000.61,-0001.07,-0012.33
+1580343770.27,+0000.98,-0004.88,-0016.60,-0000.38,-0000.54,-0008.65
+1580343770.27,-0000.98,-0004.88,-0017.58,-0000.61,+0001.23,-0011.64
+1580343770.28,-0002.93,-0004.88,-0017.58,-0000.08,+0000.23,-0011.10
+1580343770.28,-0000.98,-0004.88,-0017.58,-0000.69,+0000.00,-0012.48
+1580343770.29,+0000.98,-0004.88,-0017.58,+0001.15,-0000.84,-0010.49
+1580343770.29,+0000.98,-0003.91,-0017.58,+0000.23,+0001.00,-0008.80
+1580343770.30,-0001.95,-0002.93,-0016.60,-0001.00,-0000.77,-0009.65
+1580343770.30,-0000.98,-0002.93,-0016.60,+0000.92,-0000.08,-0008.88
+1580343770.31,+0000.98,-0002.93,-0016.60,-0000.54,-0000.61,-0010.18
+1580343770.31,-0000.98,-0002.93,-0016.60,-0000.46,-0000.38,-0009.11
+1580343770.32,-0000.98,-0002.93,-0017.58,-0000.15,+0000.54,-0012.25
+1580343770.32,-0000.98,-0002.93,-0016.60,+0000.31,-0000.46,-0010.57
+1580343770.33,+0000.98,-0002.93,-0016.60,+0000.08,+0001.23,-0010.41
+1580343770.33,-0000.98,-0001.95,-0015.62,+0000.84,-0000.08,-0009.49
+1580343770.34,-0002.93,-0002.93,-0015.62,+0000.69,+0001.15,-0010.72
+1580343770.34,-0001.95,-0001.95,-0014.65,+0000.23,+0000.61,-0011.03
+1580343770.35,-0001.95,-0001.95,-0015.62,+0000.84,+0000.92,-0010.41
+1580343770.35,-0001.95,-0001.95,-0015.62,-0000.46,-0000.31,-0010.87
+1580343770.36,-0002.93,-0002.93,-0014.65,+0000.84,+0000.31,-0010.41
+1580343770.36,-0001.95,-0001.95,-0014.65,+0000.31,+0000.54,-0010.41
+1580343770.37,-0001.95,-0002.93,-0013.67,+0000.54,+0000.23,-0009.95
+1580343770.37,-0001.95,-0002.93,-0013.67,-0000.23,-0000.69,-0009.34
+1580343770.38,-0001.95,-0002.93,-0013.67,+0000.61,+0000.08,-0007.04
+1580343770.38,-0003.91,-0002.93,-0013.67,+0000.00,+0001.53,-0009.57
+1580343770.39,-0006.84,-0001.95,-0012.70,+0001.45,-0000.15,-0010.57
+1580343770.39,-0003.91,-0002.93,-0011.72,-0000.38,+0000.08,-0012.63
+1580343770.40,+0001.95,-0003.91,-0010.74,-0000.23,-0003.90,-0010.57
+1580343770.40,+0008.79,-0004.88,-0011.72,+0001.68,+0005.21,-0007.12
+1580343770.41,-0005.86,-0002.93,-0012.70,-0004.44,+0000.00,-0011.56
+1580343770.41,-0008.79,-0002.93,-0013.67,+0002.99,+0000.77,-0017.38
+1580343770.42,+0004.88,-0004.88,-0011.72,+0000.69,+0000.15,-0012.56
+1580343770.42,+0008.79,-0005.86,-0011.72,+0001.84,+0002.99,-0009.19
+1580343770.43,-0003.91,-0003.91,-0010.74,-0000.92,+0000.08,-0011.33
+1580343770.43,-0002.93,-0002.93,-0009.77,+0003.75,-0001.45,-0009.42
+1580343770.44,+0007.81,-0004.88,-0008.79,+0000.15,+0002.37,-0006.66
+1580343770.44,+0001.95,-0004.88,-0008.79,+0000.08,+0000.23,-0005.21
+1580343770.45,-0002.93,-0004.88,-0009.77,-0000.31,+0000.69,-0007.66
+1580343770.45,+0000.00,-0005.86,-0009.77,-0001.68,+0000.00,-0009.95
+1580343770.46,+0004.88,-0007.81,-0010.74,+0001.00,+0002.07,-0009.49
+1580343770.46,+0000.00,-0007.81,-0009.77,-0001.53,+0001.00,-0011.87
+1580343770.47,-0001.95,-0007.81,-0009.77,+0000.15,+0000.61,-0012.25
+1580343770.47,+0002.93,-0009.77,-0009.77,-0000.77,+0000.92,-0012.56
+1580343770.48,+0002.93,-0010.74,-0010.74,-0000.15,+0000.69,-0010.95
+1580343770.48,+0000.00,-0010.74,-0010.74,-0000.54,+0000.61,-0009.95
+1580343770.49,+0000.00,-0011.72,-0010.74,-0000.69,-0000.84,-0008.12
+1580343770.49,+0002.93,-0012.70,-0010.74,+0000.31,+0000.77,-0008.58
+1580343770.50,+0001.95,-0012.70,-0010.74,-0000.61,+0000.15,-0008.65
+1580343770.50,+0000.98,-0011.72,-0011.72,+0000.31,-0000.31,-0007.12
+1580343770.51,+0000.98,-0012.70,-0010.74,-0001.23,-0000.23,-0009.49
+1580343770.51,+0000.98,-0012.70,-0010.74,+0001.61,+0001.61,-0011.87
+1580343770.52,-0000.98,-0011.72,-0009.77,-0001.53,+0000.69,-0013.32
+1580343770.52,+0000.98,-0012.70,-0010.74,-0001.23,+0001.91,-0011.79
+1580343770.53,+0000.98,-0012.70,-0010.74,-0000.54,+0000.92,-0012.33
+1580343770.53,-0000.98,-0012.70,-0011.72,+0000.61,-0000.08,-0009.95
+1580343770.54,+0000.98,-0012.70,-0010.74,+0000.38,+0000.69,-0011.25
+1580343770.54,+0000.98,-0012.70,-0009.77,+0001.15,-0000.38,-0008.35
+1580343770.55,+0001.95,-0011.72,-0008.79,-0000.54,+0000.69,-0009.95
+1580343770.55,+0000.98,-0011.72,-0007.81,+0000.15,-0000.92,-0009.34
+1580343770.56,+0003.91,-0011.72,-0007.81,+0000.77,+0001.15,-0010.03
+1580343770.56,+0001.95,-0011.72,-0008.79,-0002.37,-0000.92,-0009.95
+1580343770.57,+0001.95,-0011.72,-0008.79,+0001.45,+0000.84,-0009.19
+1580343770.57,+0000.00,-0011.72,-0009.77,+0000.00,+0000.54,-0012.71
+1580343770.58,+0000.98,-0011.72,-0008.79,+0001.68,-0000.31,-0009.26
+1580343770.58,+0001.95,-0010.74,-0007.81,-0000.15,+0000.46,-0011.41
+1580343770.59,+0000.00,-0009.77,-0006.84,+0002.45,-0000.15,-0010.34
+1580343770.59,+0001.95,-0008.79,-0005.86,+0000.92,+0000.84,-0010.34
+1580343770.60,+0000.00,-0008.79,-0004.88,-0000.46,-0000.46,-0008.73
+1580343770.60,-0000.98,-0008.79,-0004.88,+0000.38,+0000.92,-0008.88
+1580343770.61,-0000.98,-0007.81,-0004.88,-0000.69,+0001.30,-0009.95
+1580343770.61,+0000.98,-0007.81,-0004.88,+0001.30,+0000.15,-0012.40
+1580343770.62,+0000.98,-0007.81,-0003.91,-0000.54,-0000.15,-0010.49
+1580343770.62,+0000.98,-0006.84,-0003.91,+0001.76,-0000.15,-0010.57
+1580343770.63,+0000.00,-0005.86,-0002.93,+0001.00,+0000.38,-0010.11
+1580343770.63,+0000.98,-0005.86,-0000.98,+0000.38,+0000.92,-0008.96
+1580343770.64,+0000.98,-0005.86,-0000.98,+0000.23,+0000.69,-0010.41
+1580343770.64,+0000.98,-0005.86,-0000.98,+0000.77,-0000.23,-0010.03
+1580343770.65,+0001.95,-0004.88,+0000.00,+0000.46,+0000.31,-0009.65
+1580343770.65,+0001.95,-0004.88,+0000.98,+0000.77,+0000.23,-0010.18
+1580343770.66,+0001.95,-0003.91,+0001.95,+0000.31,-0000.08,-0009.34
+1580343770.66,+0002.93,-0003.91,+0001.95,+0001.00,-0000.46,-0009.95
+1580343770.67,+0002.93,-0003.91,+0002.93,+0001.30,-0001.00,-0010.95
+1580343770.67,+0003.91,-0003.91,+0003.91,-0000.23,-0001.00,-0009.11
+1580343770.68,+0004.88,-0003.91,+0004.88,+0001.00,-0000.69,-0009.11
+1580343770.68,+0003.91,-0002.93,+0005.86,+0000.00,+0000.69,-0008.96
+1580343770.69,+0002.93,-0002.93,+0005.86,-0000.38,+0000.46,-0009.49
+1580343770.69,+0003.91,-0003.91,+0006.84,-0000.08,+0000.15,-0010.72
+1580343770.70,+0003.91,-0002.93,+0006.84,+0000.46,+0000.38,-0010.64
+1580343770.70,+0001.95,-0002.93,+0006.84,+0000.00,+0000.23,-0012.10
+1580343770.71,+0002.93,-0002.93,+0006.84,+0000.23,-0001.61,-0010.64
+1580343770.71,+0005.86,-0002.93,+0007.81,+0001.23,+0001.30,-0010.95
+1580343770.72,+0002.93,-0001.95,+0009.77,+0000.92,-0000.77,-0009.19
+1580343770.72,+0003.91,-0000.98,+0009.77,-0001.53,-0000.38,-0008.50
+1580343770.73,+0003.91,-0001.95,+0006.84,-0000.23,+0002.83,-0010.18
+1580343770.73,-0000.98,-0001.95,+0001.95,+0000.69,+0001.45,-0011.41
+1580343770.74,+0000.98,-0002.93,+0000.00,+0003.60,+0001.99,-0014.16
+1580343770.74,+0000.98,-0002.93,+0000.98,+0000.31,+0000.00,-0011.25
+1580343770.75,+0000.98,-0000.98,+0003.91,+0004.90,+0000.77,-0010.57
+1580343770.75,+0000.00,+0000.00,+0006.84,+0001.91,+0000.54,-0008.50
+1580343770.76,+0000.00,+0000.98,+0006.84,-0001.53,+0001.07,-0008.96
+1580343770.76,-0001.95,-0000.98,+0004.88,-0001.30,+0001.53,-0008.96
+1580343770.77,-0001.95,-0001.95,+0001.95,-0000.23,+0001.00,-0008.96
+1580343770.77,-0001.95,-0003.91,+0000.98,-0000.54,+0000.61,-0010.80
+1580343770.78,-0000.98,-0003.91,+0000.98,+0000.08,+0001.45,-0010.49
+1580343770.78,-0001.95,-0003.91,+0002.93,+0000.46,+0001.76,-0012.33
+1580343770.79,-0002.93,-0002.93,+0004.88,+0000.15,+0001.61,-0011.18
+1580343770.79,-0001.95,-0003.91,+0006.84,-0000.61,+0000.84,-0010.41
+1580343770.80,-0000.98,-0004.88,+0005.86,-0000.61,+0001.30,-0008.27
+1580343770.80,-0003.91,-0004.88,+0004.88,-0000.61,+0002.07,-0010.95
+1580343770.81,-0002.93,-0005.86,+0003.91,+0001.00,+0000.31,-0009.95
+1580343770.81,-0000.98,-0005.86,+0003.91,-0000.46,+0001.45,-0009.65
+1580343770.82,-0001.95,-0005.86,+0004.88,+0000.38,+0000.77,-0008.80
+1580343770.82,-0003.91,-0005.86,+0005.86,-0000.77,+0000.92,-0010.57
+1580343770.83,-0002.93,-0006.84,+0005.86,+0000.54,+0001.00,-0011.64
+1580343770.83,-0001.95,-0006.84,+0006.84,-0001.30,+0000.08,-0009.95
+1580343770.84,-0000.98,-0006.84,+0005.86,-0000.08,+0000.92,-0009.49
+1580343770.84,-0004.88,-0006.84,+0005.86,+0000.15,+0000.31,-0009.72
+1580343770.85,-0003.91,-0006.84,+0005.86,+0000.15,+0001.84,-0010.49
+1580343770.85,-0002.93,-0006.84,+0005.86,-0000.38,+0001.38,-0012.25
+1580343770.86,-0002.93,-0005.86,+0006.84,+0000.92,+0001.07,-0013.09
+1580343770.86,-0003.91,-0005.86,+0006.84,-0000.23,-0000.23,-0011.87
+1580343770.87,-0001.95,-0004.88,+0007.81,+0001.38,+0000.69,-0010.72
+1580343770.87,-0000.98,-0004.88,+0007.81,-0001.84,-0000.15,-0010.03
+1580343770.88,-0001.95,-0004.88,+0007.81,-0000.84,+0000.15,-0008.58
+1580343770.88,-0001.95,-0004.88,+0007.81,-0000.23,+0000.08,-0008.73
+1580343770.89,+0000.00,-0003.91,+0007.81,+0000.38,-0000.31,-0009.65
+1580343770.89,+0000.98,-0003.91,+0007.81,-0000.92,+0000.08,-0009.57
+1580343770.90,+0000.00,-0001.95,+0008.79,-0000.31,-0000.15,-0011.41
+1580343770.90,-0000.98,-0001.95,+0009.77,+0000.61,+0000.77,-0011.25
+1580343770.91,+0000.00,+0000.00,+0010.74,+0000.61,-0000.54,-0011.94
+1580343770.91,+0000.00,+0000.00,+0011.72,+0001.38,+0000.00,-0011.56
+1580343770.92,+0000.00,+0001.95,+0011.72,-0001.15,-0001.00,-0010.64
+1580343770.92,+0000.98,+0001.95,+0011.72,+0001.15,+0000.15,-0010.18
+1580343770.93,+0002.93,+0002.93,+0011.72,-0000.92,-0002.07,-0009.11
+1580343770.93,+0003.91,+0002.93,+0011.72,+0000.46,-0002.68,-0007.50
+1580343770.94,+0005.86,+0003.91,+0011.72,+0000.31,-0002.45,-0006.97
+1580343770.94,+0005.86,+0004.88,+0012.70,+0002.07,-0001.99,-0007.20
+1580343770.95,+0003.91,+0006.84,+0014.65,+0001.84,-0000.08,-0011.25
+1580343770.95,+0002.93,+0007.81,+0015.62,+0000.38,-0001.07,-0012.02
+1580343770.96,+0003.91,+0007.81,+0016.60,+0000.00,+0001.15,-0014.09
+1580343770.96,+0001.95,+0007.81,+0015.62,-0000.54,-0000.84,-0012.94
+1580343770.97,+0001.95,+0007.81,+0014.65,+0000.31,+0000.46,-0012.10
+1580343770.97,+0000.00,+0007.81,+0013.67,-0000.54,-0000.23,-0009.65
+1580343770.98,+0000.00,+0007.81,+0014.65,+0000.61,+0001.07,-0008.50
+1580343770.98,-0001.95,+0006.84,+0015.62,+0000.23,+0001.00,-0008.04
+1580343770.99,-0002.93,+0006.84,+0015.62,-0000.23,-0000.54,-0008.35
+1580343770.99,-0001.95,+0006.84,+0016.60,-0000.69,-0000.23,-0009.03
+1580343771.00,-0001.95,+0005.86,+0015.62,-0000.08,-0000.46,-0009.19
+1580343771.00,-0002.93,+0004.88,+0014.65,+0000.38,-0000.77,-0010.87
+1580343771.01,-0001.95,+0004.88,+0014.65,-0000.54,-0001.15,-0010.57
+1580343771.01,-0000.98,+0003.91,+0013.67,-0000.23,-0001.00,-0010.49
+1580343771.02,-0001.95,+0003.91,+0014.65,+0000.00,-0001.30,-0010.57
+1580343771.02,+0000.00,+0002.93,+0015.62,+0000.31,-0001.45,-0010.80
+1580343771.03,+0000.98,+0002.93,+0015.62,-0000.77,-0001.53,-0010.34
+1580343771.03,+0000.00,+0001.95,+0014.65,-0000.69,-0001.38,-0009.95
+1580343771.04,+0000.00,+0000.98,+0013.67,-0001.45,-0000.69,-0009.80
+1580343771.04,+0000.00,+0000.00,+0012.70,-0001.53,-0001.91,-0010.11
+1580343771.05,+0000.98,-0001.95,+0011.72,-0002.07,-0001.61,-0009.42
+1580343771.05,+0000.00,-0002.93,+0010.74,-0001.99,-0002.07,-0009.57
+1580343771.06,+0000.98,-0003.91,+0010.74,+0000.77,-0001.15,-0010.11
+1580343771.06,+0000.00,-0003.91,+0010.74,-0002.07,-0001.45,-0009.95
+1580343771.07,+0000.00,-0004.88,+0009.77,-0000.08,-0000.84,-0009.95
+1580343771.07,+0000.00,-0004.88,+0009.77,-0001.53,-0001.15,-0010.18
+1580343771.08,+0000.00,-0005.86,+0009.77,-0000.08,-0001.53,-0010.87
+1580343771.08,-0000.98,-0005.86,+0008.79,-0001.99,-0000.77,-0009.65
+1580343771.09,-0000.98,-0005.86,+0008.79,-0002.53,-0001.68,-0008.19
+1580343771.09,-0001.95,-0006.84,+0007.81,-0000.77,-0001.07,-0008.65
+1580343771.10,-0001.95,-0007.81,+0006.84,-0002.45,-0002.14,-0007.73
+1580343771.10,-0000.98,-0008.79,+0005.86,-0001.15,-0001.45,-0009.19
+1580343771.11,-0001.95,-0008.79,+0004.88,-0001.23,-0001.91,-0010.18
+1580343771.11,-0002.93,-0008.79,+0003.91,-0001.30,-0002.22,-0011.18
+1580343771.12,-0001.95,-0009.77,+0003.91,-0001.99,-0002.53,-0009.57
+1580343771.12,-0001.95,-0008.79,+0003.91,-0000.46,-0000.92,-0010.95
+1580343771.13,-0004.88,-0007.81,+0003.91,-0000.08,-0002.53,-0011.56
+1580343771.13,-0002.93,-0006.84,+0002.93,-0001.30,-0000.92,-0012.25
+1580343771.14,-0003.91,-0005.86,+0002.93,-0000.84,-0002.07,-0011.87
+1580343771.14,-0001.95,-0004.88,+0002.93,-0000.08,-0002.30,-0009.95
+1580343771.15,-0001.95,-0003.91,+0002.93,-0001.84,-0002.14,-0009.95
+1580343771.15,-0000.98,-0001.95,+0002.93,-0000.15,-0003.29,-0008.58
+1580343771.16,-0000.98,-0000.98,+0004.88,-0001.76,-0000.92,-0009.95
+1580343771.16,-0002.93,+0000.98,+0004.88,-0001.76,-0002.45,-0010.72
+1580343771.17,+0001.95,+0001.95,+0004.88,-0000.92,-0002.83,-0012.56
+1580343771.17,+0006.84,+0001.95,+0003.91,-0002.76,-0006.51,-0008.50
+1580343771.18,+0009.77,+0002.93,+0001.95,+0001.84,+0003.75,-0010.95
+1580343771.18,-0008.79,+0005.86,+0001.95,-0002.91,-0000.38,-0014.62
+1580343771.19,-0006.84,+0008.79,+0004.88,+0003.75,-0002.60,-0015.47
+1580343771.19,+0008.79,+0008.79,+0006.84,-0002.30,-0001.45,-0015.39
+1580343771.20,+0003.91,+0009.77,+0006.84,-0002.07,-0000.38,-0005.05
+1580343771.20,-0005.86,+0012.70,+0004.88,+0000.84,-0000.54,-0011.41
+1580343771.21,-0003.91,+0012.70,+0003.91,-0000.92,-0002.37,-0009.88
+1580343771.21,+0006.84,+0011.72,+0003.91,+0000.84,+0001.91,-0007.73
+1580343771.22,+0000.00,+0013.67,+0004.88,-0000.38,-0000.08,-0008.65
+1580343771.22,-0005.86,+0015.62,+0006.84,+0002.30,-0000.92,-0010.41
+1580343771.23,+0000.00,+0015.62,+0007.81,-0000.69,-0001.53,-0013.78
+1580343771.23,+0002.93,+0015.62,+0007.81,-0000.54,-0000.38,-0009.42
+1580343771.24,+0000.00,+0015.62,+0006.84,-0000.92,-0000.08,-0011.25
+1580343771.24,-0001.95,+0015.62,+0005.86,-0000.23,-0000.92,-0011.41
+1580343771.25,+0000.98,+0015.62,+0004.88,-0000.38,+0000.15,-0009.03
+1580343771.25,+0000.98,+0015.62,+0005.86,-0000.15,-0000.08,-0007.81
+1580343771.26,-0001.95,+0015.62,+0005.86,+0000.23,+0000.61,-0009.80
+1580343771.26,-0000.98,+0016.60,+0006.84,-0001.15,-0001.15,-0012.02
+1580343771.27,+0001.95,+0016.60,+0005.86,-0000.54,-0000.15,-0010.41
+1580343771.27,+0000.00,+0016.60,+0005.86,-0000.77,+0000.23,-0008.50
+1580343771.28,-0001.95,+0016.60,+0004.88,-0000.23,-0000.15,-0009.19
+1580343771.28,-0000.98,+0016.60,+0003.91,+0000.69,-0000.46,-0011.64
+1580343771.29,+0000.98,+0016.60,+0004.88,-0001.07,+0000.23,-0009.80
+1580343771.29,+0000.00,+0016.60,+0004.88,+0000.23,+0000.46,-0011.10
+1580343771.30,-0001.95,+0016.60,+0004.88,-0001.23,+0000.08,-0011.56
+1580343771.30,+0000.00,+0015.62,+0003.91,-0001.38,-0000.31,-0010.57
+1580343771.31,+0001.95,+0014.65,+0002.93,-0001.30,+0000.77,-0010.11
+1580343771.31,+0000.00,+0014.65,+0002.93,-0000.84,-0000.38,-0009.19
+1580343771.32,+0000.00,+0014.65,+0002.93,-0001.00,+0000.00,-0011.03
+1580343771.32,+0000.00,+0013.67,+0001.95,-0000.77,-0000.92,-0009.34
+1580343771.33,+0001.95,+0012.70,+0001.95,-0000.69,+0000.31,-0010.95
+1580343771.33,+0000.00,+0011.72,+0000.98,-0000.92,+0000.77,-0010.64
+1580343771.34,+0000.98,+0010.74,+0000.98,-0001.15,-0000.08,-0010.03
+1580343771.34,+0003.91,+0009.77,+0000.00,-0000.31,-0000.31,-0010.34
+1580343771.35,+0002.93,+0009.77,+0000.00,-0000.92,+0000.92,-0009.95
+1580343771.35,+0000.00,+0008.79,-0000.98,-0000.38,+0000.08,-0009.19
+1580343771.36,-0000.98,+0007.81,-0000.98,-0001.23,-0000.54,-0009.72
+1580343771.36,+0000.98,+0005.86,-0002.93,-0001.45,+0000.38,-0010.95
+1580343771.37,+0001.95,+0004.88,-0003.91,-0001.76,+0000.08,-0010.80
+1580343771.37,-0000.98,+0003.91,-0004.88,-0001.07,+0000.00,-0009.95
+1580343771.38,-0000.98,+0002.93,-0005.86,-0001.61,-0000.54,-0009.26
+1580343771.38,+0000.00,+0001.95,-0006.84,-0001.15,-0000.54,-0008.35
+1580343771.39,+0000.00,+0000.98,-0006.84,-0000.46,+0000.31,-0007.96
+1580343771.39,-0000.98,+0000.98,-0006.84,-0001.76,-0000.31,-0011.25
+1580343771.40,+0000.00,+0000.00,-0007.81,-0001.30,-0001.23,-0010.87
+1580343771.40,+0000.00,-0000.98,-0008.79,-0001.99,-0000.77,-0010.34
+1580343771.41,-0001.95,-0001.95,-0009.77,-0001.45,+0000.15,-0010.11
+1580343771.41,-0001.95,-0002.93,-0010.74,-0001.38,-0000.31,-0011.56
+1580343771.42,-0000.98,-0002.93,-0010.74,-0001.53,-0001.00,-0012.40
+1580343771.42,+0001.95,-0002.93,-0011.72,-0001.00,-0000.77,-0009.95
+1580343771.43,-0001.95,-0003.91,-0012.70,-0001.61,+0000.08,-0010.26
+1580343771.43,-0003.91,-0003.91,-0013.67,-0001.30,+0000.00,-0010.34
+1580343771.44,-0001.95,-0004.88,-0014.65,-0001.38,+0000.77,-0011.79
+1580343771.44,-0000.98,-0005.86,-0014.65,-0000.54,-0000.08,-0009.65
+1580343771.45,-0000.98,-0005.86,-0015.62,-0001.30,-0000.46,-0011.71
+1580343771.45,-0003.91,-0006.84,-0016.60,-0002.07,-0001.15,-0009.88
+1580343771.46,-0000.98,-0006.84,-0017.58,-0000.84,-0000.23,-0009.42
+1580343771.46,-0001.95,-0007.81,-0018.55,-0000.69,-0001.15,-0009.65
+1580343771.47,-0001.95,-0006.84,-0019.53,-0001.38,-0000.92,-0007.89
+1580343771.47,-0001.95,-0007.81,-0020.51,-0000.77,-0000.46,-0010.26
+1580343771.48,-0003.91,-0007.81,-0020.51,-0000.77,-0001.07,-0009.57
+1580343771.48,-0001.95,-0007.81,-0020.51,-0000.54,+0000.38,-0011.48
+1580343771.49,-0003.91,-0007.81,-0019.53,-0000.31,-0000.77,-0010.72
+1580343771.49,-0002.93,-0006.84,-0019.53,-0000.46,-0001.76,-0007.89
+1580343771.50,-0002.93,-0006.84,-0019.53,-0001.15,-0002.37,-0008.73
+1580343771.50,-0002.93,-0006.84,-0019.53,+0000.08,-0001.76,-0007.73
+1580343771.51,-0000.98,-0006.84,-0020.51,-0001.23,-0002.53,-0007.81
+1580343771.51,-0000.98,-0006.84,-0020.51,-0000.31,-0002.83,-0009.57
+1580343771.52,+0000.00,-0006.84,-0021.48,-0002.22,-0002.53,-0011.48
+1580343771.52,+0000.98,-0006.84,-0021.48,-0000.77,-0003.14,-0011.41
+1580343771.53,+0001.95,-0005.86,-0021.48,-0002.60,-0001.38,-0011.33
+1580343771.53,+0000.98,-0004.88,-0022.46,-0002.14,-0001.00,-0013.25
+1580343771.54,+0000.00,-0004.88,-0022.46,-0000.38,-0002.07,-0012.79
+1580343771.54,+0000.98,-0003.91,-0022.46,-0001.15,-0000.46,-0013.40
+1580343771.55,+0000.98,-0001.95,-0021.48,-0000.31,-0001.53,-0010.95
+1580343771.55,+0001.95,-0000.98,-0021.48,-0000.23,-0001.53,-0009.72
+1580343771.56,+0001.95,+0000.00,-0020.51,-0000.23,-0001.68,-0009.03
+1580343771.56,+0001.95,+0001.95,-0020.51,+0000.46,-0002.07,-0007.50
+1580343771.57,+0002.93,+0002.93,-0019.53,+0000.15,-0001.07,-0007.35
+1580343771.57,+0000.98,+0003.91,-0019.53,-0000.38,-0002.07,-0007.43
+1580343771.58,+0000.98,+0005.86,-0018.55,+0001.00,-0002.22,-0008.96
+1580343771.58,+0001.95,+0007.81,-0017.58,-0000.31,-0001.53,-0009.26
+1580343771.59,+0000.98,+0008.79,-0016.60,+0000.77,-0001.61,-0009.88
+1580343771.59,+0000.98,+0010.74,-0015.62,-0000.23,-0000.92,-0011.10
+1580343771.60,-0000.98,+0011.72,-0014.65,+0000.54,-0001.38,-0011.56
+1580343771.60,+0000.00,+0011.72,-0014.65,+0000.69,-0001.15,-0012.79
+1580343771.61,+0000.00,+0012.70,-0013.67,-0000.31,-0001.61,-0010.95
+1580343771.61,+0000.98,+0012.70,-0013.67,+0000.15,-0001.45,-0010.18
+1580343771.62,+0000.98,+0012.70,-0012.70,+0000.08,-0001.68,-0008.80
+1580343771.62,+0001.95,+0012.70,-0012.70,+0000.38,-0001.76,-0007.66
+1580343771.63,+0002.93,+0012.70,-0012.70,-0000.23,-0001.38,-0006.43
+1580343771.63,+0001.95,+0012.70,-0011.72,-0000.38,-0000.69,-0007.50
+1580343771.64,+0000.00,+0012.70,-0011.72,-0000.31,-0000.77,-0010.34
+1580343771.64,+0000.98,+0011.72,-0011.72,+0001.76,-0000.31,-0011.03
+1580343771.65,+0000.00,+0011.72,-0010.74,-0000.54,+0000.23,-0011.33
+1580343771.65,-0000.98,+0010.74,-0010.74,-0000.08,+0000.08,-0011.87
+1580343771.66,+0000.00,+0010.74,-0010.74,-0001.23,-0000.38,-0010.87
+1580343771.66,+0000.00,+0009.77,-0010.74,+0001.45,-0000.23,-0011.10
+1580343771.67,+0000.00,+0008.79,-0010.74,-0001.23,-0001.23,-0008.80
+1580343771.67,+0000.98,+0008.79,-0011.72,-0001.15,-0001.23,-0007.50
+1580343771.68,+0000.98,+0006.84,-0011.72,-0001.99,-0000.23,-0006.51
+1580343771.68,+0000.00,+0005.86,-0012.70,-0000.84,+0000.31,-0008.96
+1580343771.69,-0000.98,+0003.91,-0013.67,-0002.30,-0001.15,-0008.50
+1580343771.69,+0001.95,+0002.93,-0014.65,-0002.14,+0000.15,-0011.03
+1580343771.70,+0000.00,+0000.00,-0015.62,+0000.00,-0001.15,-0009.49
+1580343771.70,+0000.98,+0000.00,-0015.62,-0000.23,-0000.08,-0011.25
+1580343771.71,+0000.00,-0001.95,-0016.60,-0001.07,-0001.61,-0010.95
+1580343771.71,+0002.93,-0003.91,-0016.60,-0001.53,+0000.08,-0011.18
+1580343771.72,+0001.95,-0004.88,-0017.58,-0001.23,+0001.45,-0011.56
+1580343771.72,+0000.00,-0006.84,-0018.55,-0001.84,-0000.38,-0010.34
+1580343771.73,+0000.98,-0006.84,-0019.53,-0001.84,+0001.15,-0011.41
+1580343771.73,+0000.00,-0008.79,-0019.53,-0000.61,+0000.00,-0010.26
+1580343771.74,+0000.98,-0007.81,-0019.53,-0001.45,+0001.30,-0009.49
+1580343771.74,-0000.98,-0008.79,-0020.51,-0000.61,+0000.23,-0009.03
+1580343771.75,-0000.98,-0008.79,-0021.48,-0001.99,+0001.23,-0008.04
+1580343771.75,-0001.95,-0010.74,-0022.46,-0001.68,+0000.92,-0009.34
+1580343771.76,-0001.95,-0010.74,-0023.44,-0001.07,+0001.15,-0009.11
+1580343771.76,-0002.93,-0010.74,-0023.44,-0000.77,+0001.30,-0010.72
+1580343771.77,-0002.93,-0010.74,-0024.41,-0000.38,+0000.61,-0009.95
+1580343771.77,-0003.91,-0009.77,-0023.44,-0000.69,+0001.38,-0011.94
+1580343771.78,-0003.91,-0009.77,-0023.44,-0001.07,+0001.30,-0011.48
+1580343771.78,-0003.91,-0009.77,-0024.41,-0000.69,+0001.30,-0010.64
+1580343771.79,-0005.86,-0008.79,-0024.41,-0000.15,+0002.22,-0011.79
+1580343771.79,-0006.84,-0009.77,-0024.41,-0001.61,+0000.77,-0011.56
+1580343771.80,-0003.91,-0009.77,-0024.41,-0000.77,+0001.76,-0011.71
+1580343771.80,-0005.86,-0009.77,-0024.41,+0000.15,+0000.46,-0008.80
+1580343771.81,-0005.86,-0008.79,-0024.41,-0000.08,+0000.84,-0007.96
+1580343771.81,-0006.84,-0009.77,-0023.44,+0000.00,+0000.00,-0009.57
+1580343771.82,-0004.88,-0009.77,-0022.46,+0001.30,+0000.69,-0010.49
+1580343771.82,-0005.86,-0009.77,-0022.46,-0000.54,+0001.00,-0011.18
+1580343771.83,-0005.86,-0009.77,-0022.46,+0000.08,+0000.00,-0011.10
+1580343771.83,-0004.88,-0010.74,-0022.46,+0000.15,+0000.46,-0012.17
+1580343771.84,-0004.88,-0010.74,-0021.48,-0000.08,+0000.54,-0012.40
+1580343771.84,-0004.88,-0010.74,-0021.48,-0000.38,-0001.15,-0011.71
+1580343771.85,+0000.98,-0011.72,-0021.48,-0000.15,-0003.45,-0011.03
+1580343771.85,+0008.79,-0011.72,-0020.51,-0000.38,+0002.99,-0002.53
+1580343771.86,-0003.91,-0007.81,-0020.51,+0000.08,+0003.37,-0006.97
+1580343771.86,-0011.72,-0009.77,-0019.53,-0001.30,+0001.00,-0012.48
+1580343771.87,+0000.00,-0010.74,-0019.53,-0003.52,+0000.61,-0017.30
+1580343771.87,+0002.93,-0010.74,-0020.51,+0004.06,+0000.00,-0013.17
+1580343771.88,-0003.91,-0006.84,-0020.51,-0002.37,+0000.92,-0010.34
+1580343771.88,-0007.81,-0007.81,-0019.53,+0001.99,+0000.92,-0013.48
+1580343771.89,-0002.93,-0006.84,-0017.58,+0001.45,+0000.69,-0011.41
+1580343771.89,-0000.98,-0005.86,-0015.62,+0000.00,+0000.54,-0009.57
+1580343771.90,-0004.88,-0004.88,-0016.60,-0000.38,+0001.30,-0008.19
+1580343771.90,-0005.86,-0005.86,-0016.60,-0000.31,-0001.07,-0008.42
+1580343771.91,-0000.98,-0005.86,-0016.60,+0000.23,+0000.69,-0008.35
+1580343771.91,-0001.95,-0004.88,-0016.60,-0001.00,+0000.00,-0008.58
+1580343771.92,-0003.91,-0004.88,-0015.62,+0000.23,-0000.38,-0009.03
+1580343771.92,-0001.95,-0004.88,-0015.62,-0000.38,-0000.31,-0011.94
+1580343771.93,+0000.00,-0004.88,-0014.65,+0001.23,-0000.69,-0010.18
+1580343771.93,+0000.98,-0004.88,-0014.65,+0000.08,+0000.15,-0010.57
+1580343771.94,-0002.93,-0004.88,-0013.67,+0000.46,-0000.92,-0010.18
+1580343771.94,-0000.98,-0004.88,-0012.70,+0001.30,+0000.77,-0011.87
+1580343771.95,-0000.98,-0004.88,-0012.70,-0000.61,+0000.31,-0010.87
+1580343771.95,-0000.98,-0005.86,-0012.70,+0000.92,-0000.23,-0008.58
+1580343771.96,-0001.95,-0006.84,-0012.70,+0000.00,+0000.08,-0010.72
+1580343771.96,-0001.95,-0006.84,-0011.72,+0000.92,-0000.38,-0008.19
+1580343771.97,-0000.98,-0007.81,-0011.72,+0000.08,+0000.69,-0010.26
+1580343771.97,-0002.93,-0008.79,-0010.74,+0000.69,-0001.23,-0008.80
+1580343771.98,-0000.98,-0008.79,-0010.74,+0000.00,+0000.00,-0008.96
+1580343771.98,-0000.98,-0009.77,-0010.74,+0001.07,+0000.00,-0010.49
+1580343771.99,-0001.95,-0009.77,-0010.74,-0000.69,-0000.61,-0008.58
+1580343771.99,+0000.00,-0010.74,-0009.77,-0000.38,+0000.08,-0011.25
+1580343772.00,-0000.98,-0010.74,-0009.77,+0001.07,-0000.38,-0009.49
+1580343772.00,-0000.98,-0011.72,-0008.79,+0000.77,-0000.08,-0011.25
+1580343772.01,-0002.93,-0011.72,-0008.79,+0001.76,-0000.46,-0012.10
+1580343772.01,-0001.95,-0011.72,-0007.81,-0000.46,-0001.61,-0008.88
+1580343772.02,+0000.00,-0012.70,-0007.81,+0001.84,+0002.14,-0011.03
+1580343772.02,-0004.88,-0012.70,-0007.81,-0001.30,-0000.46,-0008.65
+1580343772.03,-0004.88,-0012.70,-0006.84,-0000.77,+0001.00,-0010.72
+1580343772.03,-0004.88,-0012.70,-0005.86,-0000.38,-0001.38,-0008.12
+1580343772.04,-0001.95,-0013.67,-0005.86,+0001.38,+0000.38,-0007.73
+1580343772.04,-0006.84,-0013.67,-0005.86,+0001.07,-0000.31,-0006.74
+1580343772.05,-0009.77,-0013.67,-0005.86,-0000.46,-0000.61,-0008.27
+1580343772.05,-0005.86,-0014.65,-0004.88,+0001.00,+0000.08,-0012.63
+1580343772.06,-0004.88,-0013.67,-0003.91,+0001.07,-0000.08,-0012.10
+1580343772.06,-0005.86,-0013.67,-0003.91,+0001.76,-0000.38,-0014.32
+1580343772.07,-0005.86,-0013.67,-0002.93,-0000.54,-0000.69,-0014.01
+1580343772.07,-0001.95,-0013.67,-0002.93,+0000.92,-0000.69,-0013.09
+1580343772.08,+0000.00,-0013.67,-0002.93,-0000.54,-0000.69,-0013.70
+1580343772.08,+0000.00,-0013.67,-0001.95,+0000.69,-0001.45,-0009.95
+1580343772.09,+0000.00,-0013.67,-0001.95,-0000.31,-0000.84,-0011.10
+1580343772.09,+0001.95,-0013.67,-0000.98,+0000.77,-0001.00,-0009.11
+1580343772.10,+0003.91,-0013.67,-0000.98,+0000.54,-0000.84,-0008.50
+1580343772.10,+0001.95,-0013.67,+0000.00,+0000.46,-0000.54,-0008.19
+1580343772.11,+0000.98,-0012.70,+0000.98,+0001.30,-0000.31,-0007.89
+1580343772.11,+0001.95,-0012.70,+0001.95,+0000.61,-0000.31,-0009.72
+1580343772.12,+0001.95,-0012.70,+0002.93,+0000.84,+0000.54,-0010.11
+1580343772.12,-0000.98,-0011.72,+0002.93,-0000.38,+0000.54,-0010.03
+1580343772.13,-0001.95,-0011.72,+0003.91,+0001.38,+0000.54,-0011.64
+1580343772.13,-0000.98,-0010.74,+0004.88,+0001.15,+0001.23,-0011.25
+1580343772.14,-0001.95,-0010.74,+0005.86,-0000.69,+0000.84,-0010.95
+1580343772.14,-0003.91,-0009.77,+0005.86,+0001.15,-0000.54,-0010.49
+1580343772.15,-0000.98,-0008.79,+0006.84,+0001.23,-0001.38,-0010.72
+1580343772.15,+0000.00,-0006.84,+0008.79,+0001.45,+0000.69,-0008.19
+1580343772.16,-0002.93,-0005.86,+0009.77,+0000.61,-0000.08,-0007.96
+1580343772.16,-0004.88,-0003.91,+0009.77,+0001.23,-0000.23,-0009.95
+1580343772.17,-0001.95,-0001.95,+0009.77,+0000.38,-0001.61,-0009.49
+1580343772.17,+0000.00,-0000.98,+0010.74,+0001.91,+0000.77,-0009.57
+1580343772.18,-0002.93,+0000.00,+0011.72,+0000.00,-0000.38,-0010.11
+1580343772.18,-0004.88,+0002.93,+0012.70,+0001.68,+0000.61,-0011.87
+1580343772.19,-0002.93,+0003.91,+0014.65,+0000.69,+0000.08,-0013.02
+1580343772.19,-0000.98,+0004.88,+0014.65,-0000.23,+0000.23,-0010.87
+1580343772.20,-0003.91,+0005.86,+0014.65,+0000.08,+0001.07,-0012.40
+1580343772.20,-0003.91,+0006.84,+0014.65,+0000.23,-0001.00,-0010.64
+1580343772.20,-0001.95,+0006.84,+0014.65,+0001.07,-0000.08,-0009.95
+1580343772.21,-0000.98,+0007.81,+0014.65,+0000.08,-0001.61,-0009.19
+1580343772.21,-0001.95,+0007.81,+0015.62,+0001.30,-0000.38,-0008.96
+1580343772.22,+0000.00,+0008.79,+0016.60,+0000.92,-0001.45,-0009.88
+1580343772.22,+0001.95,+0008.79,+0017.58,+0000.77,-0001.61,-0009.11
+1580343772.23,+0002.93,+0009.77,+0018.55,+0000.08,-0001.15,-0009.57
+1580343772.23,+0000.98,+0010.74,+0018.55,-0000.23,-0001.15,-0011.48
+1580343772.24,+0001.95,+0009.77,+0018.55,+0001.00,+0000.46,-0012.71
+1580343772.24,+0002.93,+0009.77,+0018.55,-0001.76,-0001.00,-0011.87
+1580343772.25,+0003.91,+0008.79,+0018.55,+0000.84,-0000.23,-0010.80
+1580343772.25,+0002.93,+0007.81,+0017.58,-0000.46,-0000.08,-0010.87
+1580343772.26,+0002.93,+0007.81,+0017.58,-0000.77,-0000.31,-0010.11
+1580343772.26,+0003.91,+0006.84,+0017.58,-0001.00,-0000.77,-0010.11
+1580343772.27,+0003.91,+0006.84,+0016.60,-0001.30,-0001.00,-0009.95
+1580343772.27,+0002.93,+0005.86,+0016.60,+0000.38,-0000.38,-0009.19
+1580343772.28,+0002.93,+0004.88,+0016.60,-0000.38,+0000.15,-0010.18
+1580343772.28,+0002.93,+0004.88,+0016.60,-0000.31,-0000.61,-0009.03
+1580343772.29,+0002.93,+0003.91,+0015.62,-0001.30,-0000.15,-0011.64
+1580343772.29,+0001.95,+0002.93,+0014.65,-0000.54,-0000.54,-0010.11
+1580343772.30,+0002.93,+0001.95,+0014.65,-0000.69,-0000.23,-0011.25
+1580343772.30,+0002.93,+0000.00,+0013.67,-0001.68,-0000.69,-0010.95
+1580343772.31,+0002.93,-0000.98,+0013.67,-0001.38,-0000.08,-0010.57
+1580343772.31,+0002.93,-0000.98,+0012.70,-0000.54,-0000.38,-0010.64
+1580343772.32,+0001.95,-0002.93,+0012.70,-0000.54,-0000.38,-0010.26
+1580343772.32,+0001.95,-0002.93,+0012.70,-0001.76,+0000.31,-0010.03
+1580343772.33,+0001.95,-0003.91,+0011.72,-0000.38,-0000.23,-0009.26
+1580343772.33,+0002.93,-0004.88,+0010.74,-0001.53,-0001.23,-0009.95
+1580343772.34,+0001.95,-0005.86,+0009.77,-0000.23,+0000.08,-0009.95
+1580343772.34,+0001.95,-0005.86,+0009.77,-0000.69,-0003.45,-0007.04
+1580343772.35,+0004.88,-0006.84,+0009.77,-0000.08,+0002.45,-0009.57
+1580343772.35,+0000.00,-0005.86,+0009.77,-0002.45,-0001.07,-0010.26
+1580343772.36,+0000.00,-0006.84,+0009.77,+0000.38,+0001.45,-0014.62
+1580343772.36,-0000.98,-0005.86,+0009.77,-0002.45,-0003.68,-0009.03
+1580343772.37,+0002.93,-0005.86,+0008.79,+0002.45,+0001.30,-0009.03
+1580343772.37,-0000.98,-0006.84,+0008.79,-0003.52,+0000.23,-0009.80
+1580343772.38,-0002.93,-0005.86,+0008.79,-0003.06,-0001.23,-0009.72
+1580343772.38,+0001.95,-0006.84,+0008.79,+0000.08,-0001.61,-0009.19
+1580343772.39,+0000.98,-0005.86,+0009.77,+0001.38,+0000.46,-0008.88
+1580343772.39,-0002.93,-0004.88,+0008.79,+0000.92,-0001.30,-0012.25
+1580343772.40,-0001.95,-0005.86,+0009.77,+0000.00,-0000.92,-0012.71
+1580343772.40,+0000.98,-0004.88,+0009.77,+0001.07,-0002.07,-0011.48
+1580343772.41,+0002.93,-0003.91,+0010.74,-0000.92,-0001.30,-0008.96
+1580343772.41,-0000.98,-0004.88,+0010.74,-0000.23,-0001.00,-0010.57
+1580343772.42,-0001.95,-0002.93,+0010.74,+0000.54,+0000.00,-0012.17
+1580343772.42,+0000.00,-0001.95,+0011.72,-0000.31,-0002.07,-0011.10
+1580343772.43,+0000.98,-0001.95,+0011.72,-0002.30,-0001.00,-0009.72
+1580343772.43,-0001.95,-0001.95,+0010.74,+0001.23,-0000.92,-0009.72
+1580343772.44,-0001.95,-0000.98,+0010.74,+0000.08,+0000.31,-0011.03
+1580343772.44,-0000.98,-0000.98,+0010.74,-0000.38,-0002.30,-0009.95
+1580343772.45,+0000.98,+0000.00,+0011.72,-0000.69,-0001.00,-0008.96
+1580343772.45,-0000.98,+0000.00,+0012.70,+0002.07,-0002.07,-0008.19
+1580343772.46,-0001.95,+0001.95,+0013.67,-0000.84,+0000.08,-0009.11
+1580343772.46,-0003.91,+0000.98,+0012.70,-0000.23,-0002.68,-0009.65
+1580343772.47,+0001.95,+0001.95,+0012.70,-0000.08,+0000.08,-0011.94
+1580343772.47,+0000.98,+0002.93,+0012.70,+0001.53,-0002.45,-0011.64
+1580343772.48,+0000.98,+0002.93,+0012.70,-0001.68,-0001.84,-0008.35
+1580343772.48,-0000.98,+0003.91,+0013.67,-0002.14,-0003.06,-0008.88
+1580343772.49,+0002.93,+0003.91,+0015.62,+0001.99,-0000.38,-0009.49
+1580343772.49,+0002.93,+0004.88,+0015.62,-0001.61,-0002.45,-0008.65
+1580343772.50,+0000.98,+0004.88,+0014.65,-0001.76,-0001.76,-0010.49
+1580343772.50,+0000.98,+0004.88,+0014.65,-0000.38,-0001.76,-0010.03
+1580343772.51,+0003.91,+0005.86,+0014.65,+0001.00,-0002.22,-0011.41
+1580343772.51,+0004.88,+0004.88,+0014.65,-0001.53,-0002.99,-0009.19
+1580343772.52,+0004.88,+0005.86,+0014.65,-0002.07,-0001.99,-0009.88
+1580343772.52,+0003.91,+0005.86,+0014.65,+0001.76,-0002.14,-0010.03
+1580343772.53,+0006.84,+0006.84,+0015.62,+0000.38,-0005.59,-0010.49
+1580343772.53,+0011.72,+0005.86,+0015.62,+0004.59,+0002.22,-0009.42
+1580343772.54,-0001.95,+0008.79,+0015.62,-0004.13,+0002.37,-0016.08
+1580343772.54,-0009.77,+0008.79,+0016.60,+0004.21,-0002.30,-0018.22
+1580343772.55,+0007.81,+0007.81,+0016.60,-0003.52,-0002.99,-0013.86
+1580343772.55,+0004.88,+0006.84,+0015.62,-0003.22,+0000.46,-0004.90
+1580343772.56,-0009.77,+0006.84,+0013.67,+0000.31,-0000.08,-0007.58
+1580343772.56,-0007.81,+0007.81,+0013.67,-0001.53,-0001.30,-0009.95
+1580343772.57,+0001.95,+0005.86,+0013.67,+0000.08,-0000.92,-0007.58
+1580343772.57,-0001.95,+0005.86,+0013.67,-0000.46,+0000.46,-0008.73
+1580343772.58,-0008.79,+0005.86,+0012.70,+0000.69,-0001.84,-0011.64
+1580343772.58,-0000.98,+0006.84,+0013.67,-0001.00,-0002.14,-0014.55
+1580343772.59,+0004.88,+0004.88,+0012.70,+0000.54,-0000.92,-0010.95
+1580343772.59,+0001.95,+0005.86,+0012.70,-0001.38,-0000.77,-0012.40
+1580343772.60,+0000.00,+0005.86,+0011.72,+0000.46,-0002.45,-0012.86
+1580343772.60,+0006.84,+0005.86,+0011.72,-0000.38,-0002.22,-0012.48
+1580343772.61,+0009.77,+0004.88,+0011.72,-0001.30,-0003.52,-0006.97
+1580343772.61,+0008.79,+0004.88,+0010.74,+0000.00,-0000.77,-0007.27
+1580343772.62,+0005.86,+0004.88,+0008.79,-0001.61,-0001.68,-0007.04
+1580343772.62,+0003.91,+0004.88,+0009.77,-0001.23,-0001.45,-0009.57
+1580343772.63,+0006.84,+0003.91,+0009.77,-0001.30,-0000.23,-0009.57
+1580343772.63,+0005.86,+0003.91,+0009.77,-0000.92,+0000.54,-0009.95
+1580343772.64,+0000.98,+0002.93,+0008.79,-0002.14,+0000.38,-0009.72
+1580343772.64,+0001.95,+0002.93,+0006.84,-0002.07,+0000.77,-0010.80
+1580343772.65,+0001.95,+0000.98,+0006.84,-0000.31,+0000.77,-0010.95
+1580343772.65,+0000.00,+0001.95,+0005.86,-0001.53,+0000.15,-0010.34
+1580343772.66,-0001.95,+0000.98,+0004.88,-0000.61,+0000.15,-0010.41
+1580343772.66,-0000.98,+0000.98,+0005.86,-0000.84,-0001.15,-0009.03
+1580343772.67,+0000.00,+0000.00,+0004.88,-0000.84,-0000.61,-0007.43
+1580343772.67,-0000.98,+0000.00,+0004.88,-0000.92,-0001.07,-0008.12
+1580343772.68,-0002.93,-0000.98,+0003.91,-0000.84,-0000.92,-0006.51
+1580343772.68,-0003.91,-0000.98,+0002.93,-0002.37,-0000.38,-0009.11
+1580343772.69,-0001.95,-0001.95,+0001.95,-0000.61,-0002.83,-0010.34
+1580343772.69,+0001.95,-0002.93,+0000.98,+0000.46,+0000.08,-0010.72
+1580343772.70,-0002.93,-0001.95,+0000.00,-0001.91,-0000.46,-0013.78
+1580343772.70,-0004.88,-0000.98,+0000.98,+0000.69,-0002.14,-0017.00
+1580343772.71,+0002.93,-0001.95,+0001.95,-0002.37,-0002.53,-0016.38
+1580343772.71,+0001.95,-0000.98,+0000.98,-0002.83,-0001.15,-0011.79
+1580343772.72,-0000.98,+0000.00,+0000.00,+0000.31,-0002.22,-0011.10
+1580343772.72,+0000.00,-0000.98,-0000.98,-0002.45,-0002.37,-0010.57
+1580343772.73,+0003.91,-0000.98,-0000.98,-0002.14,-0001.76,-0007.35
+1580343772.73,+0003.91,-0000.98,-0001.95,-0000.77,-0002.99,-0005.67
+1580343772.74,+0003.91,-0000.98,-0001.95,-0002.37,-0002.14,-0005.21
+1580343772.74,+0002.93,-0000.98,-0002.93,-0000.23,-0002.45,-0006.12
+1580343772.75,+0001.95,+0000.00,-0001.95,-0001.00,-0001.68,-0008.35
+1580343772.75,+0001.95,-0000.98,-0002.93,-0001.45,-0002.14,-0008.42
+1580343772.76,+0000.00,-0000.98,-0003.91,-0000.84,-0001.38,-0009.57
+1580343772.76,-0003.91,-0000.98,-0003.91,-0000.92,-0002.07,-0012.25
+1580343772.77,-0003.91,-0000.98,-0004.88,-0001.00,-0002.83,-0011.41
+1580343772.77,-0000.98,-0002.93,-0004.88,-0001.15,-0001.99,-0010.64
+1580343772.78,-0002.93,-0002.93,-0005.86,-0001.61,-0000.69,-0010.49
+1580343772.78,-0005.86,-0003.91,-0005.86,-0000.46,-0002.37,-0008.65
+1580343772.79,-0005.86,-0003.91,-0006.84,-0001.76,-0001.30,-0009.26
+1580343772.79,-0003.91,-0004.88,-0006.84,-0000.69,-0001.30,-0008.35
+1580343772.80,-0001.95,-0006.84,-0006.84,-0000.61,-0001.91,-0006.51
+1580343772.80,-0004.88,-0006.84,-0006.84,-0000.15,-0000.08,-0009.11
+1580343772.81,-0007.81,-0006.84,-0007.81,-0000.54,-0001.38,-0010.72
+1580343772.81,-0006.84,-0007.81,-0006.84,-0000.23,-0001.15,-0012.17
+1580343772.82,-0003.91,-0007.81,-0006.84,+0000.54,-0000.15,-0011.33
+1580343772.82,-0004.88,-0007.81,-0006.84,-0000.77,-0000.23,-0011.25
+1580343772.83,-0008.79,-0006.84,-0006.84,-0000.31,-0001.00,-0011.64
+1580343772.83,-0005.86,-0006.84,-0005.86,+0000.23,-0000.61,-0013.02
+1580343772.84,-0002.93,-0005.86,-0004.88,+0000.61,-0001.84,-0009.88
+1580343772.84,-0001.95,-0005.86,-0004.88,-0000.15,-0001.76,-0008.42
+1580343772.85,-0002.93,-0004.88,-0004.88,+0000.46,-0001.30,-0007.27
+1580343772.85,-0004.88,-0002.93,-0003.91,+0000.15,-0000.77,-0009.19
+1580343772.86,-0004.88,-0001.95,-0002.93,+0000.69,-0001.99,-0008.50
+1580343772.86,+0000.98,-0000.98,-0001.95,+0001.30,-0001.00,-0008.65
+1580343772.87,+0000.98,+0000.00,+0000.00,+0001.00,+0000.08,-0008.42
+1580343772.87,-0001.95,+0001.95,+0000.00,+0001.15,+0000.15,-0010.34
+1580343772.88,-0003.91,+0004.88,+0001.95,+0001.07,+0001.07,-0014.24
+1580343772.88,-0000.98,+0005.86,+0002.93,+0001.30,-0001.76,-0011.48
+1580343772.89,+0006.84,+0005.86,+0003.91,-0000.08,+0004.36,-0008.96
+1580343772.89,+0000.00,+0007.81,+0003.91,+0001.84,+0003.83,-0009.95
+1580343772.90,-0003.91,+0008.79,+0003.91,+0001.30,+0002.14,-0011.56
+1580343772.90,+0002.93,+0009.77,+0004.88,+0001.45,+0001.68,-0013.25
+1580343772.91,+0003.91,+0009.77,+0005.86,+0002.37,+0002.53,-0010.72
+1580343772.91,+0000.00,+0010.74,+0006.84,+0001.23,+0002.83,-0010.41
+1580343772.92,-0001.95,+0011.72,+0008.79,+0001.23,+0002.37,-0012.56
+1580343772.92,+0001.95,+0010.74,+0009.77,+0001.30,+0001.76,-0010.57
+1580343772.93,+0002.93,+0010.74,+0010.74,-0000.54,+0002.07,-0009.03
+1580343772.93,+0000.00,+0010.74,+0010.74,+0000.08,+0001.84,-0008.80
+1580343772.94,-0000.98,+0009.77,+0010.74,-0000.15,+0000.54,-0009.65
+1580343772.94,+0001.95,+0008.79,+0009.77,+0000.69,+0001.61,-0010.87
+1580343772.95,+0001.95,+0008.79,+0009.77,-0000.61,-0000.61,-0009.72
+1580343772.95,+0001.95,+0007.81,+0009.77,+0000.92,+0000.54,-0010.64
+1580343772.96,+0002.93,+0007.81,+0009.77,+0000.08,-0000.15,-0012.25
+1580343772.96,+0003.91,+0006.84,+0009.77,+0000.69,-0000.15,-0012.56
+1580343772.97,+0004.88,+0006.84,+0009.77,-0000.77,+0000.08,-0012.25
+1580343772.97,+0005.86,+0005.86,+0009.77,+0001.00,+0000.31,-0010.41
+1580343772.98,+0002.93,+0005.86,+0009.77,+0000.00,+0002.60,-0011.64
+1580343772.98,+0000.00,+0004.88,+0008.79,-0001.76,+0002.37,-0012.33
+1580343772.99,-0000.98,+0003.91,+0008.79,-0000.92,+0001.30,-0011.87
+1580343772.99,-0000.98,+0001.95,+0006.84,-0002.22,+0002.60,-0013.25
+1580343773.00,-0002.93,+0000.98,+0005.86,-0001.68,-0000.54,-0008.96
+1580343773.00,-0001.95,+0000.00,+0005.86,-0000.54,+0002.83,-0010.64
+1580343773.01,-0004.88,-0000.98,+0004.88,-0002.45,+0000.38,-0009.80
+1580343773.01,-0001.95,-0001.95,+0003.91,-0002.07,+0000.38,-0008.35
+1580343773.02,-0000.98,-0002.93,+0002.93,-0001.07,-0001.07,-0009.34
+1580343773.02,-0000.98,-0002.93,+0002.93,-0000.69,-0000.54,-0007.20
+1580343773.03,+0000.00,-0002.93,+0002.93,+0000.08,+0000.08,-0012.17
+1580343773.03,+0001.95,-0003.91,+0002.93,+0000.69,-0000.69,-0010.95
+1580343773.04,+0003.91,-0003.91,+0001.95,-0001.45,+0000.23,-0013.02
+1580343773.04,+0001.95,-0004.88,+0000.98,-0000.46,-0000.38,-0011.25
+1580343773.05,+0002.93,-0005.86,+0000.98,-0001.00,-0000.54,-0014.01
+1580343773.05,+0004.88,-0006.84,+0000.00,-0001.07,-0002.37,-0009.72
+1580343773.06,+0006.84,-0007.81,-0000.98,-0000.15,-0000.38,-0008.35
+1580343773.06,+0003.91,-0007.81,-0001.95,-0001.38,-0000.84,-0009.49
+1580343773.07,+0004.88,-0008.79,-0001.95,+0002.07,+0000.15,-0010.11
+1580343773.07,+0004.88,-0007.81,+0000.00,-0003.06,-0001.76,-0008.88
+1580343773.08,+0006.84,-0007.81,+0000.98,+0002.68,-0000.84,-0007.58
+1580343773.08,+0007.81,-0008.79,+0000.98,-0001.30,-0003.68,+0000.46
+1580343773.09,+0009.77,-0008.79,+0000.00,+0002.53,+0003.68,-0005.51
+1580343773.09,-0009.77,-0007.81,+0000.00,-0003.68,+0004.67,-0015.93
+1580343773.10,-0008.79,-0007.81,+0000.00,+0002.14,-0003.45,-0016.00
+1580343773.10,+0007.81,-0009.77,+0000.98,+0001.68,+0003.83,-0015.85
+1580343773.11,-0004.88,-0007.81,+0000.98,-0000.38,+0001.61,-0009.72
+1580343773.11,-0014.65,-0005.86,+0000.00,+0001.23,+0000.61,-0011.33
+1580343773.12,-0007.81,-0007.81,+0001.95,+0002.68,-0000.31,-0010.80
+1580343773.12,+0001.95,-0006.84,+0002.93,-0001.45,-0002.07,-0002.14
+1580343773.13,-0001.95,-0006.84,+0001.95,+0000.00,+0002.91,-0005.05
+1580343773.13,-0013.67,-0005.86,+0001.95,+0000.92,-0002.45,-0007.35
+1580343773.14,-0002.93,-0004.88,+0003.91,+0003.37,-0000.54,-0013.40
+1580343773.14,+0001.95,-0003.91,+0005.86,-0001.53,-0003.45,-0007.66
+1580343773.15,+0000.98,-0003.91,+0005.86,+0004.75,+0000.61,-0006.51
+1580343773.15,-0006.84,-0002.93,+0006.84,+0002.83,-0001.76,-0013.48
+1580343773.16,-0001.95,-0001.95,+0007.81,-0001.45,-0002.07,-0011.48
+1580343773.16,+0004.88,-0002.93,+0007.81,-0000.38,-0000.54,-0012.56
+1580343773.17,+0000.98,-0002.93,+0006.84,-0000.61,-0000.69,-0008.58
+1580343773.17,-0001.95,-0002.93,+0006.84,+0001.99,-0001.91,-0012.25
+1580343773.18,+0001.95,-0002.93,+0007.81,-0000.46,-0001.84,-0010.18
+1580343773.18,+0003.91,-0002.93,+0007.81,+0001.30,-0001.53,-0009.19
+1580343773.19,+0002.93,-0003.91,+0008.79,+0000.92,-0001.68,-0007.73
+1580343773.19,+0002.93,-0003.91,+0009.77,+0000.00,-0003.75,-0005.74
+1580343773.20,+0003.91,-0003.91,+0009.77,+0000.46,+0001.23,-0009.42
+1580343773.20,+0000.00,-0003.91,+0009.77,-0000.23,-0001.07,-0011.41
+1580343773.21,+0002.93,-0004.88,+0009.77,+0001.15,+0000.31,-0013.86
+1580343773.21,+0001.95,-0005.86,+0008.79,-0002.22,-0001.15,-0011.94
+1580343773.22,+0000.98,-0005.86,+0008.79,+0000.92,+0000.84,-0010.41
+1580343773.22,-0000.98,-0006.84,+0007.81,+0000.38,-0000.69,-0010.95
+1580343773.23,+0000.00,-0006.84,+0007.81,-0001.45,-0000.69,-0006.74
+1580343773.23,+0000.00,-0007.81,+0007.81,-0000.46,+0001.30,-0006.97
+1580343773.24,-0002.93,-0007.81,+0006.84,-0000.61,+0000.23,-0010.26
+1580343773.24,+0000.00,-0007.81,+0006.84,+0000.77,-0000.38,-0012.94
+1580343773.25,+0000.98,-0007.81,+0006.84,-0001.53,+0000.54,-0011.41
+1580343773.25,+0000.98,-0007.81,+0005.86,-0000.77,+0000.15,-0011.10
+1580343773.26,+0000.00,-0006.84,+0005.86,-0000.69,+0000.00,-0011.10
+1580343773.26,+0000.98,-0007.81,+0005.86,-0001.30,-0000.61,-0008.80
+1580343773.27,+0000.98,-0007.81,+0005.86,-0001.76,-0000.46,-0008.35
+1580343773.27,+0000.00,-0007.81,+0004.88,+0000.15,+0000.61,-0009.42
+1580343773.28,-0000.98,-0007.81,+0003.91,-0001.07,-0001.53,-0008.73
+1580343773.28,-0000.98,-0008.79,+0003.91,-0001.45,+0000.84,-0009.11
+1580343773.29,-0000.98,-0008.79,+0002.93,-0001.76,+0000.38,-0010.41
+1580343773.29,-0002.93,-0008.79,+0002.93,-0001.07,+0000.23,-0009.80
+1580343773.30,-0003.91,-0008.79,+0001.95,-0001.53,-0000.61,-0011.48
+1580343773.30,-0003.91,-0008.79,+0001.95,+0000.08,-0000.08,-0010.87
+1580343773.31,-0002.93,-0008.79,+0001.95,-0001.00,+0000.31,-0011.25
+1580343773.31,-0003.91,-0008.79,+0000.98,-0001.61,+0000.08,-0010.57
+1580343773.32,-0003.91,-0007.81,+0000.98,+0000.61,-0001.23,-0010.26
+1580343773.32,-0001.95,-0008.79,+0000.98,-0001.76,-0000.61,-0009.72
+1580343773.33,-0001.95,-0007.81,+0000.98,-0001.15,-0000.38,-0009.19
+1580343773.33,-0002.93,-0007.81,+0000.98,-0000.46,-0000.54,-0011.64
+1580343773.34,+0000.00,-0007.81,+0000.98,-0002.07,-0000.92,-0011.41
+1580343773.34,+0000.98,-0007.81,+0000.00,-0000.46,-0001.23,-0010.64
+1580343773.35,+0001.95,-0006.84,+0000.98,-0001.68,-0001.84,-0009.65
+1580343773.35,+0001.95,-0006.84,+0000.98,+0000.38,-0000.31,-0008.65
+1580343773.36,+0001.95,-0005.86,+0000.98,-0001.30,+0000.54,-0010.72
+1580343773.36,+0000.00,-0004.88,+0000.98,-0001.38,+0000.23,-0011.10
+1580343773.37,+0000.98,-0003.91,+0000.98,+0000.31,+0001.45,-0010.87
+1580343773.37,+0000.00,-0003.91,+0000.00,-0000.84,+0001.53,-0011.94
+1580343773.38,-0001.95,-0002.93,+0000.00,-0000.15,+0000.92,-0011.48
+1580343773.38,+0000.00,-0001.95,+0000.98,+0000.46,+0001.15,-0012.40
+1580343773.39,+0000.00,-0000.98,+0001.95,-0000.92,-0000.08,-0008.27
+1580343773.39,+0000.00,+0000.00,+0002.93,+0000.46,+0000.61,-0007.73
+1580343773.40,-0000.98,+0000.98,+0002.93,-0001.07,+0000.38,-0010.11
+1580343773.40,+0000.98,+0000.98,+0001.95,+0000.38,+0000.00,-0008.65
+1580343773.41,+0001.95,+0000.98,+0001.95,-0002.14,+0000.23,-0010.41
+1580343773.41,+0000.98,+0001.95,+0002.93,+0001.38,-0001.38,-0008.96
+1580343773.42,+0001.95,+0002.93,+0003.91,+0000.61,-0000.84,-0011.71
+1580343773.42,+0002.93,+0002.93,+0004.88,+0000.92,-0000.84,-0008.73
+1580343773.43,+0001.95,+0003.91,+0004.88,+0000.84,+0001.23,-0010.72
+1580343773.43,-0000.98,+0004.88,+0004.88,-0000.46,-0000.77,-0010.57
+1580343773.44,+0000.00,+0004.88,+0005.86,-0000.08,+0000.00,-0010.26
+1580343773.44,+0000.00,+0004.88,+0006.84,+0000.69,-0000.46,-0010.26
+1580343773.45,-0000.98,+0005.86,+0006.84,-0000.23,+0000.15,-0009.42
+1580343773.45,-0002.93,+0005.86,+0005.86,+0000.69,+0000.84,-0010.80
+1580343773.46,-0001.95,+0006.84,+0006.84,+0000.08,+0001.38,-0010.11
+1580343773.46,-0003.91,+0006.84,+0007.81,+0000.92,+0000.61,-0010.34
+1580343773.47,-0004.88,+0006.84,+0007.81,+0000.54,+0001.84,-0011.56
+1580343773.47,-0003.91,+0007.81,+0008.79,+0000.61,+0000.23,-0010.72
+1580343773.48,-0002.93,+0008.79,+0008.79,+0000.38,+0000.61,-0011.71
+1580343773.48,-0002.93,+0008.79,+0009.77,+0001.07,-0000.54,-0010.80
+1580343773.49,-0001.95,+0009.77,+0010.74,+0001.15,+0000.08,-0010.34
+1580343773.49,-0000.98,+0010.74,+0010.74,-0000.38,+0000.00,-0008.73
+1580343773.50,-0000.98,+0010.74,+0011.72,+0000.77,-0000.61,-0007.66
+1580343773.50,-0000.98,+0011.72,+0011.72,+0000.08,+0000.61,-0009.72
+1580343773.51,+0000.00,+0011.72,+0011.72,-0000.15,-0000.31,-0008.88
+1580343773.51,+0000.98,+0012.70,+0012.70,+0000.92,+0000.46,-0011.79
+1580343773.52,+0000.00,+0013.67,+0012.70,+0000.46,-0000.54,-0010.64
+1580343773.52,+0000.98,+0014.65,+0013.67,+0000.69,+0000.23,-0010.49
+1580343773.53,+0001.95,+0014.65,+0014.65,+0001.07,-0000.77,-0009.26
+1580343773.53,+0001.95,+0015.62,+0014.65,+0000.31,+0000.84,-0009.72
+1580343773.54,+0000.00,+0015.62,+0014.65,-0000.23,+0000.46,-0011.33
+1580343773.54,+0000.98,+0015.62,+0014.65,+0001.23,+0000.23,-0011.41
+1580343773.55,+0001.95,+0014.65,+0015.62,-0001.45,-0000.46,-0010.80
+1580343773.55,+0002.93,+0014.65,+0015.62,+0001.00,-0000.15,-0008.42
+1580343773.56,+0000.98,+0015.62,+0015.62,-0000.46,+0000.38,-0010.64
+1580343773.56,+0000.98,+0015.62,+0015.62,+0000.23,+0000.23,-0009.42
+1580343773.57,+0001.95,+0014.65,+0014.65,-0000.46,+0001.07,-0011.87
+1580343773.57,+0000.98,+0014.65,+0014.65,+0000.23,+0000.69,-0011.03
+1580343773.58,+0000.00,+0013.67,+0013.67,+0000.08,+0000.61,-0014.55
+1580343773.58,+0000.00,+0012.70,+0013.67,-0001.38,-0001.45,-0010.03
+1580343773.59,+0003.91,+0011.72,+0013.67,+0000.46,+0001.15,-0011.03
+1580343773.59,+0000.98,+0011.72,+0012.70,-0001.91,-0000.31,-0010.64
+1580343773.60,+0001.95,+0010.74,+0012.70,-0000.92,+0000.38,-0009.19
+1580343773.60,+0001.95,+0009.77,+0011.72,-0002.22,-0000.77,-0009.26
+1580343773.61,+0003.91,+0008.79,+0010.74,-0000.08,+0000.69,-0007.12
+1580343773.61,+0000.98,+0006.84,+0009.77,-0001.00,-0000.77,-0009.26
+1580343773.62,+0000.98,+0006.84,+0008.79,-0002.30,+0000.69,-0008.73
+1580343773.62,+0000.98,+0004.88,+0007.81,-0001.15,+0000.15,-0011.18
+1580343773.63,+0000.98,+0003.91,+0006.84,-0002.22,+0000.00,-0010.87
+1580343773.63,+0000.00,+0002.93,+0005.86,-0001.07,-0000.31,-0012.02
+1580343773.64,+0000.00,+0000.98,+0003.91,-0002.07,-0000.38,-0010.80
+1580343773.64,+0001.95,+0000.00,+0002.93,-0002.14,-0000.61,-0008.96
+1580343773.65,+0002.93,-0001.95,+0001.95,-0003.29,-0003.98,+0000.08
+1580343773.65,+0006.84,-0003.91,+0000.00,+0002.07,+0004.21,-0006.74
+1580343773.66,-0008.79,-0003.91,-0001.95,-0006.97,+0003.52,-0013.63
+1580343773.66,-0011.72,-0004.88,-0001.95,+0003.68,-0000.92,-0017.53
+1580343773.67,+0006.84,-0008.79,-0001.95,+0000.69,+0003.06,-0013.25
+1580343773.67,+0000.98,-0007.81,-0003.91,-0002.76,+0001.15,-0007.20
+1580343773.68,-0012.70,-0006.84,-0004.88,-0001.00,+0000.61,-0008.42
+1580343773.68,-0008.79,-0008.79,-0005.86,-0002.07,-0001.61,-0009.42
+1580343773.69,+0002.93,-0010.74,-0004.88,-0000.92,+0000.08,-0007.81
+1580343773.69,-0000.98,-0008.79,-0005.86,-0002.83,+0000.46,-0007.12
+1580343773.70,-0009.77,-0009.77,-0007.81,-0002.53,-0001.38,-0007.96
+1580343773.70,-0002.93,-0010.74,-0008.79,-0001.61,-0001.68,-0011.10
+1580343773.71,+0002.93,-0010.74,-0008.79,-0000.61,+0000.00,-0009.11
+1580343773.71,-0002.93,-0008.79,-0008.79,-0002.30,-0000.08,-0010.11
+1580343773.72,-0006.84,-0009.77,-0008.79,-0001.84,-0002.37,-0012.56
+1580343773.72,+0000.00,-0009.77,-0008.79,+0000.46,-0001.61,-0012.40
+1580343773.73,+0003.91,-0008.79,-0008.79,-0001.76,-0000.84,-0008.35
+1580343773.73,-0001.95,-0007.81,-0009.77,-0000.77,-0000.54,-0010.49
+1580343773.74,-0002.93,-0007.81,-0009.77,-0000.23,-0002.83,-0010.18
+1580343773.74,+0002.93,-0007.81,-0009.77,-0000.23,-0000.46,-0011.25
+1580343773.75,+0002.93,-0005.86,-0009.77,-0001.07,-0001.30,-0007.58
+1580343773.75,-0001.95,-0005.86,-0009.77,-0001.38,-0000.46,-0011.03
+1580343773.76,-0001.95,-0005.86,-0008.79,+0000.08,-0001.61,-0009.95
+1580343773.76,+0001.95,-0005.86,-0008.79,-0000.08,-0000.69,-0010.18
+1580343773.77,+0001.95,-0004.88,-0007.81,-0000.23,-0000.38,-0009.72
+1580343773.77,-0002.93,-0003.91,-0007.81,+0000.15,-0000.54,-0011.10
+1580343773.78,-0003.91,-0003.91,-0007.81,+0000.61,+0000.38,-0011.87
+1580343773.78,-0000.98,-0003.91,-0006.84,+0001.23,+0000.08,-0010.41
+1580343773.79,+0000.00,-0002.93,-0005.86,-0001.15,-0000.92,-0008.19
+1580343773.79,-0003.91,-0001.95,-0005.86,-0002.14,-0001.61,-0007.81
+1580343773.80,-0003.91,-0001.95,-0004.88,+0001.61,+0000.77,-0011.03
+1580343773.80,-0000.98,-0001.95,-0004.88,+0000.08,-0000.77,-0009.11
+1580343773.81,-0000.98,-0001.95,-0003.91,+0000.46,+0001.38,-0012.71
+1580343773.81,-0002.93,-0001.95,-0003.91,-0001.30,+0000.00,-0012.86
+1580343773.82,-0001.95,-0001.95,-0003.91,+0001.15,-0000.23,-0012.40
+1580343773.82,-0000.98,-0001.95,-0003.91,-0001.61,+0001.61,-0014.47
+1580343773.83,-0000.98,-0002.93,-0003.91,-0000.84,-0000.54,-0012.56
+1580343773.83,+0000.00,-0002.93,-0003.91,+0000.61,+0000.92,-0015.62
+1580343773.84,+0000.98,-0002.93,-0003.91,-0000.08,-0000.54,-0010.57
+1580343773.84,+0001.95,-0002.93,-0002.93,+0000.84,+0000.38,-0009.95
+1580343773.85,+0000.00,-0002.93,-0002.93,-0001.07,-0000.54,-0005.90
+1580343773.85,+0000.98,-0002.93,-0002.93,+0001.45,+0000.84,-0006.97
+1580343773.86,+0000.98,-0002.93,-0001.95,-0001.23,-0000.54,-0006.43
+1580343773.86,+0000.00,-0002.93,-0001.95,-0001.00,-0000.08,-0009.11
+1580343773.87,+0000.00,-0003.91,-0001.95,-0001.15,+0000.38,-0010.03
+1580343773.87,+0000.00,-0002.93,-0001.95,-0000.31,-0000.46,-0009.42
+1580343773.88,+0000.00,-0003.91,-0002.93,+0000.00,+0000.31,-0011.33
+1580343773.88,+0000.00,-0002.93,-0002.93,-0001.45,-0000.61,-0011.87
+1580343773.89,+0000.00,-0003.91,-0002.93,-0001.30,-0000.46,-0012.63
+1580343773.89,+0000.98,-0002.93,-0001.95,-0000.23,+0000.08,-0010.34
+1580343773.90,-0000.98,-0002.93,-0002.93,-0000.84,-0000.92,-0009.42
+1580343773.90,-0000.98,-0001.95,-0001.95,-0000.15,+0000.31,-0008.50
+1580343773.91,-0000.98,-0001.95,-0001.95,+0000.46,+0000.31,-0010.11
+1580343773.91,-0000.98,-0000.98,-0001.95,+0000.38,+0000.92,-0007.96
+1580343773.92,-0002.93,+0000.00,-0000.98,-0000.08,+0000.23,-0012.25
+1580343773.92,-0002.93,+0000.98,+0000.00,-0000.15,+0001.00,-0010.41
+1580343773.93,-0002.93,+0001.95,+0000.00,+0000.84,+0001.30,-0011.41
+1580343773.93,-0004.88,+0002.93,+0000.00,+0000.15,+0000.54,-0009.11
+1580343773.94,-0003.91,+0002.93,+0000.00,-0001.76,-0000.46,-0008.88
+1580343773.94,-0001.95,+0002.93,+0000.00,+0000.38,+0000.08,-0010.03
+1580343773.95,-0003.91,+0003.91,+0000.00,-0000.08,+0000.31,-0009.95
+1580343773.95,-0004.88,+0004.88,+0000.00,+0000.84,-0000.15,-0010.80
+1580343773.96,-0003.91,+0005.86,+0000.98,+0000.23,-0000.77,-0010.03
+1580343773.96,-0001.95,+0006.84,+0001.95,+0001.38,+0000.23,-0012.25
+1580343773.97,-0002.93,+0007.81,+0002.93,+0000.46,+0000.08,-0010.64
+1580343773.97,-0002.93,+0008.79,+0003.91,-0000.08,+0000.23,-0011.94
+1580343773.98,-0001.95,+0008.79,+0003.91,+0000.00,-0000.23,-0010.57
+1580343773.98,-0000.98,+0008.79,+0003.91,-0000.46,+0000.54,-0012.33
+1580343773.99,-0000.98,+0009.77,+0003.91,-0000.08,-0000.08,-0010.87
+1580343773.99,-0000.98,+0009.77,+0003.91,+0000.46,-0000.23,-0012.56
+1580343774.00,+0000.98,+0010.74,+0003.91,+0000.31,-0000.08,-0010.57
+1580343774.00,+0000.00,+0009.77,+0004.88,+0000.38,+0000.15,-0009.72
+1580343774.01,+0000.00,+0010.74,+0005.86,+0000.77,+0000.00,-0008.35
+1580343774.01,+0000.00,+0010.74,+0005.86,-0000.69,+0000.61,-0009.57
+1580343774.02,+0000.00,+0010.74,+0004.88,-0000.23,+0000.84,-0009.34
+1580343774.02,-0001.95,+0010.74,+0004.88,+0000.31,+0001.15,-0010.72
+1580343774.03,-0001.95,+0011.72,+0004.88,-0000.38,+0001.15,-0009.34
+1580343774.03,-0002.93,+0010.74,+0005.86,+0000.00,+0001.45,-0012.17
+1580343774.04,-0001.95,+0010.74,+0005.86,-0000.15,+0001.00,-0009.65
+1580343774.04,-0002.93,+0010.74,+0005.86,+0000.00,+0001.07,-0011.25
+1580343774.05,-0003.91,+0010.74,+0005.86,-0000.23,-0000.15,-0008.42
+1580343774.05,-0002.93,+0010.74,+0004.88,+0000.46,+0001.00,-0010.18
+1580343774.06,-0001.95,+0010.74,+0004.88,+0000.15,-0000.08,-0008.96
+1580343774.06,-0000.98,+0010.74,+0004.88,-0000.46,+0000.15,-0010.57
+1580343774.07,-0001.95,+0010.74,+0004.88,-0000.77,-0000.15,-0008.65
+1580343774.07,-0001.95,+0010.74,+0004.88,-0001.30,-0000.31,-0011.03
+1580343774.08,-0000.98,+0010.74,+0005.86,+0000.54,-0000.15,-0010.57
+1580343774.08,+0000.00,+0010.74,+0004.88,-0001.30,-0000.31,-0011.94
+1580343774.09,+0000.00,+0009.77,+0004.88,-0000.77,-0000.31,-0010.72
+1580343774.09,+0000.98,+0009.77,+0002.93,-0000.46,-0000.77,-0010.41
+1580343774.10,+0001.95,+0008.79,+0002.93,-0000.31,-0000.77,-0009.26
+1580343774.10,+0001.95,+0009.77,+0002.93,+0000.23,-0000.23,-0010.41
+1580343774.11,+0001.95,+0009.77,+0002.93,+0000.15,-0001.00,-0011.18
+1580343774.11,+0002.93,+0009.77,+0003.91,-0000.61,-0001.15,-0010.57
+1580343774.12,+0003.91,+0009.77,+0003.91,-0000.69,-0000.84,-0009.34
+1580343774.12,+0002.93,+0008.79,+0002.93,-0001.00,-0000.84,-0008.96
+1580343774.13,+0001.95,+0008.79,+0001.95,-0001.53,-0000.38,-0010.11
+1580343774.13,+0001.95,+0007.81,+0000.98,-0001.38,+0000.23,-0010.26
+1580343774.14,+0001.95,+0007.81,+0000.00,-0000.84,-0000.38,-0010.18
+1580343774.14,+0001.95,+0006.84,+0000.00,+0000.00,+0001.23,-0009.65
+1580343774.15,+0000.00,+0006.84,+0000.00,-0001.45,-0000.23,-0010.64
+1580343774.15,+0000.98,+0006.84,+0000.00,-0000.08,+0000.23,-0010.11
+1580343774.16,+0000.98,+0006.84,+0000.00,-0000.15,+0000.46,-0010.26
+1580343774.16,+0000.98,+0006.84,-0000.98,-0000.15,+0000.46,-0008.73
+1580343774.17,+0000.00,+0006.84,-0000.98,-0001.45,-0000.54,-0009.49
+1580343774.17,+0000.00,+0006.84,-0000.98,-0000.23,+0000.15,-0008.73
+1580343774.18,-0000.98,+0006.84,-0001.95,-0000.84,-0000.08,-0010.26
+1580343774.18,-0000.98,+0006.84,-0002.93,-0000.84,+0000.61,-0009.80
+1580343774.19,-0000.98,+0005.86,-0002.93,-0001.61,+0000.08,-0012.10
+1580343774.19,-0000.98,+0005.86,-0003.91,-0001.07,-0000.23,-0010.87
+1580343774.20,-0001.95,+0004.88,-0003.91,-0001.38,-0000.77,-0010.11
+1580343774.20,-0000.98,+0004.88,-0004.88,-0001.07,-0001.23,-0009.72
+1580343774.21,+0000.98,+0003.91,-0005.86,-0000.61,+0000.00,-0011.41
+1580343774.21,+0000.98,+0003.91,-0005.86,+0000.23,+0000.15,-0009.88
+1580343774.22,-0000.98,+0004.88,-0005.86,-0001.15,-0000.69,-0011.33
+1580343774.22,+0000.00,+0003.91,-0005.86,-0000.31,-0001.30,-0009.26
+1580343774.23,+0001.95,+0003.91,-0005.86,-0000.54,+0000.69,-0011.48
+1580343774.23,+0000.98,+0003.91,-0006.84,-0000.38,-0000.31,-0009.49
+1580343774.24,+0000.00,+0002.93,-0007.81,-0001.84,+0000.08,-0011.48
+1580343774.24,+0000.98,+0001.95,-0008.79,-0001.00,-0003.29,-0007.43
+1580343774.25,+0003.91,+0001.95,-0008.79,-0003.06,-0000.15,-0011.48
+1580343774.25,-0000.98,+0000.98,-0009.77,+0000.69,-0002.99,-0010.03
+1580343774.26,+0004.88,+0000.98,-0010.74,-0002.30,-0001.45,-0005.21
+1580343774.26,+0001.95,+0000.98,-0011.72,+0000.54,+0004.06,-0007.96
+1580343774.27,-0012.70,+0001.95,-0011.72,+0001.99,+0002.76,-0020.06
+1580343774.27,-0009.77,+0001.95,-0010.74,-0001.38,-0002.60,-0016.92
+1580343774.28,+0004.88,+0000.98,-0008.79,+0002.91,+0003.06,-0013.78
+1580343774.28,-0004.88,+0003.91,-0009.77,-0002.14,+0001.99,-0007.73
+1580343774.29,-0010.74,+0003.91,-0011.72,-0001.45,+0000.23,-0007.89
+1580343774.29,-0002.93,+0000.98,-0011.72,-0000.77,-0001.23,-0007.96
+1580343774.30,+0001.95,+0002.93,-0010.74,+0001.45,+0000.38,-0007.66
+1580343774.30,-0003.91,+0004.88,-0011.72,+0000.31,-0000.15,-0011.48
+1580343774.31,-0005.86,+0004.88,-0010.74,-0000.84,-0001.38,-0011.79
+1580343774.31,+0001.95,+0004.88,-0009.77,-0000.15,-0000.84,-0012.56
+1580343774.32,+0003.91,+0006.84,-0009.77,-0000.84,-0000.15,-0010.64
+1580343774.32,-0001.95,+0006.84,-0011.72,+0000.08,-0000.84,-0011.33
+1580343774.33,-0000.98,+0006.84,-0012.70,-0000.61,-0000.77,-0011.10
+1580343774.33,+0002.93,+0007.81,-0011.72,+0000.54,+0000.77,-0012.17
+1580343774.34,+0000.98,+0009.77,-0010.74,+0000.46,-0000.38,-0008.88
+1580343774.34,+0000.00,+0009.77,-0009.77,+0000.15,+0000.46,-0009.42
+1580343774.35,+0000.00,+0010.74,-0009.77,+0000.23,+0000.31,-0009.95
+1580343774.35,+0000.98,+0010.74,-0009.77,-0000.46,-0000.38,-0007.96
+1580343774.36,-0000.98,+0010.74,-0009.77,-0001.07,-0001.45,-0010.95
+1580343774.36,+0000.00,+0010.74,-0009.77,+0001.53,+0000.23,-0008.80
+1580343774.37,+0000.98,+0011.72,-0009.77,-0000.08,+0000.69,-0010.34
+1580343774.37,-0001.95,+0011.72,-0009.77,+0001.30,-0000.31,-0009.11
+1580343774.38,+0000.00,+0011.72,-0008.79,-0000.84,-0000.61,-0009.42
+1580343774.38,+0000.98,+0010.74,-0007.81,+0001.07,+0000.08,-0009.11
+1580343774.39,+0000.00,+0010.74,-0007.81,-0001.61,-0000.61,-0009.34
+1580343774.39,+0000.00,+0009.77,-0009.77,+0000.00,+0001.23,-0014.55
+1580343774.40,-0000.98,+0009.77,-0010.74,-0000.31,-0001.45,-0011.56
+1580343774.40,+0002.93,+0008.79,-0009.77,+0000.69,+0000.92,-0009.49
+1580343774.41,+0000.98,+0008.79,-0010.74,+0000.84,-0001.00,-0006.74
+1580343774.41,+0000.98,+0007.81,-0010.74,-0000.15,+0000.23,-0010.34
+1580343774.42,+0002.93,+0007.81,-0009.77,-0000.61,-0001.15,-0010.95
+1580343774.42,+0003.91,+0006.84,-0009.77,+0000.92,-0001.38,-0009.19
+1580343774.43,+0001.95,+0005.86,-0010.74,-0000.38,+0000.00,-0007.12
+1580343774.43,-0001.95,+0004.88,-0011.72,-0000.31,+0000.92,-0009.80
+1580343774.44,-0000.98,+0003.91,-0012.70,-0000.77,+0001.76,-0012.02
+1580343774.44,-0001.95,+0003.91,-0011.72,-0000.38,+0001.45,-0012.48
+1580343774.45,-0001.95,+0003.91,-0011.72,-0000.08,+0001.53,-0013.17
+1580343774.45,-0003.91,+0002.93,-0011.72,-0001.00,+0000.61,-0012.02
+1580343774.46,-0002.93,+0001.95,-0012.70,+0000.15,+0001.68,-0011.41
+1580343774.46,-0000.98,+0000.98,-0012.70,-0000.61,-0000.23,-0009.95
+1580343774.47,-0000.98,+0000.98,-0012.70,-0000.69,-0001.00,-0008.19
+1580343774.47,+0000.00,+0000.98,-0013.67,-0000.23,-0000.84,-0009.42
+1580343774.48,+0000.98,+0000.00,-0013.67,-0000.46,-0001.53,-0005.97
+1580343774.48,+0003.91,-0000.98,-0013.67,-0000.31,-0000.46,-0009.95
+1580343774.49,+0001.95,-0000.98,-0013.67,-0002.07,-0001.07,-0008.80
+1580343774.49,+0003.91,-0001.95,-0014.65,+0000.23,-0001.15,-0009.49
+1580343774.50,+0003.91,-0002.93,-0015.62,-0001.00,-0000.84,-0010.03
+1580343774.50,+0003.91,-0002.93,-0016.60,-0000.61,-0000.38,-0011.10
+1580343774.51,+0002.93,-0003.91,-0017.58,-0001.30,+0000.77,-0011.64
+1580343774.51,+0001.95,-0003.91,-0017.58,-0000.23,-0000.15,-0011.41
+1580343774.52,+0002.93,-0003.91,-0016.60,-0000.54,+0000.31,-0010.49
+1580343774.52,+0001.95,-0004.88,-0016.60,-0000.54,-0001.45,-0008.88
+1580343774.53,+0002.93,-0004.88,-0017.58,+0000.00,+0000.23,-0008.58
+1580343774.53,+0000.98,-0006.84,-0017.58,-0000.23,-0000.54,-0008.65
+1580343774.54,+0001.95,-0006.84,-0018.55,+0000.69,+0000.61,-0011.03
+1580343774.54,+0000.98,-0006.84,-0017.58,-0001.07,-0000.23,-0011.10
+1580343774.55,+0000.98,-0007.81,-0017.58,+0000.84,+0000.15,-0009.95
+1580343774.55,+0000.00,-0008.79,-0018.55,-0000.23,+0000.38,-0010.11
+1580343774.56,-0000.98,-0008.79,-0018.55,+0000.69,+0000.46,-0010.49
+1580343774.56,-0000.98,-0009.77,-0019.53,-0000.15,+0000.84,-0010.57
+1580343774.57,-0001.95,-0009.77,-0018.55,+0000.08,+0000.00,-0010.34
+1580343774.57,-0000.98,-0010.74,-0017.58,+0000.23,-0000.23,-0010.26
+1580343774.58,-0001.95,-0010.74,-0016.60,-0000.54,-0000.54,-0010.26
+1580343774.58,-0000.98,-0011.72,-0016.60,-0000.46,-0000.46,-0007.43
+1580343774.59,-0001.95,-0011.72,-0017.58,-0000.92,-0000.08,-0009.19
+1580343774.59,-0002.93,-0012.70,-0018.55,+0000.15,-0000.69,-0010.03
+1580343774.60,-0001.95,-0012.70,-0018.55,-0000.69,-0001.00,-0010.18
+1580343774.60,-0001.95,-0013.67,-0018.55,+0000.00,-0000.92,-0009.03
+1580343774.61,-0001.95,-0012.70,-0017.58,+0000.77,-0000.08,-0009.80
+1580343774.61,-0002.93,-0012.70,-0016.60,+0000.23,-0000.69,-0010.87
+1580343774.62,-0001.95,-0012.70,-0015.62,+0000.54,-0000.92,-0010.34
+1580343774.62,-0000.98,-0012.70,-0015.62,+0000.31,-0000.92,-0010.18
+1580343774.63,-0000.98,-0011.72,-0015.62,+0000.84,-0001.00,-0010.26
+1580343774.63,-0001.95,-0012.70,-0015.62,+0000.31,-0000.84,-0010.26
+1580343774.64,-0001.95,-0012.70,-0014.65,+0001.38,-0000.46,-0009.57
+1580343774.64,-0000.98,-0011.72,-0013.67,-0000.08,-0000.61,-0008.65
+1580343774.65,-0001.95,-0011.72,-0012.70,+0000.54,-0000.46,-0009.03
+1580343774.65,-0002.93,-0010.74,-0012.70,+0000.61,-0000.31,-0009.65
+1580343774.66,-0002.93,-0011.72,-0011.72,+0000.61,-0000.31,-0010.26
+1580343774.66,-0002.93,-0010.74,-0011.72,+0000.15,-0001.00,-0009.72
+1580343774.67,-0002.93,-0011.72,-0011.72,+0001.23,-0000.08,-0009.49
+1580343774.67,-0004.88,-0009.77,-0010.74,+0001.38,-0000.69,-0010.95
+1580343774.68,-0003.91,-0009.77,-0009.77,+0002.14,-0000.31,-0010.72
+1580343774.68,-0002.93,-0008.79,-0007.81,+0000.61,-0000.08,-0011.87
+1580343774.69,-0004.88,-0008.79,-0006.84,+0001.76,-0000.15,-0010.03
+1580343774.69,-0004.88,-0008.79,-0006.84,+0000.77,-0000.15,-0011.03
+1580343774.70,-0004.88,-0008.79,-0006.84,+0000.54,-0000.38,-0010.80
+1580343774.70,-0002.93,-0008.79,-0006.84,-0000.54,+0000.54,-0011.56
+1580343774.71,-0002.93,-0008.79,-0006.84,+0000.54,-0000.31,-0010.49
+1580343774.71,-0002.93,-0008.79,-0006.84,+0000.77,+0000.38,-0010.57
+1580343774.72,-0002.93,-0008.79,-0004.88,+0000.38,-0000.84,-0011.41
+1580343774.72,-0000.98,-0007.81,-0004.88,+0001.30,-0000.77,-0009.34
+1580343774.73,-0000.98,-0007.81,-0003.91,-0000.31,+0000.31,-0010.87
+1580343774.73,-0000.98,-0008.79,-0003.91,+0001.00,-0001.07,-0008.88
+1580343774.74,+0000.98,-0008.79,-0003.91,+0000.38,+0000.46,-0011.48
+1580343774.74,+0000.00,-0008.79,-0003.91,+0001.38,+0000.15,-0010.41
+1580343774.75,+0000.00,-0008.79,-0002.93,-0001.07,+0000.84,-0011.10
+1580343774.75,-0000.98,-0008.79,-0002.93,+0000.84,+0000.69,-0011.18
+1580343774.76,+0000.00,-0008.79,-0002.93,+0000.23,+0000.69,-0010.80
+1580343774.76,+0000.00,-0008.79,-0002.93,+0000.77,+0000.69,-0009.19
+1580343774.77,-0000.98,-0008.79,-0002.93,-0000.08,+0001.91,-0009.03
+1580343774.77,-0002.93,-0008.79,-0002.93,-0000.46,+0001.00,-0009.88
+1580343774.78,-0002.93,-0008.79,-0001.95,+0000.61,+0001.38,-0009.03
+1580343774.78,-0001.95,-0009.77,-0001.95,+0000.15,+0000.84,-0010.34
+1580343774.79,-0001.95,-0009.77,-0001.95,+0000.00,+0000.54,-0009.95
+1580343774.79,-0002.93,-0009.77,-0001.95,+0000.31,+0001.30,-0011.64
+1580343774.80,-0001.95,-0009.77,-0001.95,-0000.54,+0000.31,-0009.26
+1580343774.80,-0000.98,-0009.77,-0001.95,+0000.77,+0000.38,-0009.49
+1580343774.81,-0002.93,-0009.77,-0001.95,-0000.61,+0000.15,-0008.96
+1580343774.81,-0002.93,-0009.77,-0001.95,-0000.38,+0000.69,-0008.80
+1580343774.82,-0001.95,-0009.77,-0001.95,-0000.54,-0000.15,-0010.49
+1580343774.82,-0000.98,-0009.77,-0001.95,-0000.46,+0000.23,-0011.25
+1580343774.83,-0001.95,-0009.77,-0002.93,-0000.54,+0000.31,-0011.25
+1580343774.83,-0001.95,-0009.77,-0002.93,-0000.31,+0001.07,-0009.03
+1580343774.84,-0000.98,-0009.77,-0002.93,-0000.08,-0000.23,-0010.26
+1580343774.84,-0000.98,-0008.79,-0001.95,+0000.00,-0000.38,-0009.49
+1580343774.85,-0000.98,-0008.79,-0001.95,+0000.92,-0000.23,-0010.26
+1580343774.85,-0001.95,-0008.79,-0001.95,+0000.46,+0000.31,-0009.80
+1580343774.86,-0001.95,-0007.81,-0000.98,-0000.54,+0000.15,-0011.33
+1580343774.86,-0000.98,-0007.81,-0000.98,-0000.15,+0000.23,-0010.41
+1580343774.87,-0000.98,-0007.81,-0001.95,-0000.38,+0000.31,-0010.41
+1580343774.87,-0000.98,-0007.81,-0001.95,+0001.15,+0000.54,-0011.18
+1580343774.88,-0001.95,-0006.84,-0000.98,-0000.46,+0000.92,-0011.94
+1580343774.88,-0000.98,-0006.84,-0000.98,+0000.38,-0000.23,-0011.79
+1580343774.89,+0001.95,-0005.86,+0000.00,-0000.15,+0000.23,-0011.71
+1580343774.89,+0000.98,-0005.86,+0000.00,+0001.00,-0000.31,-0009.80
+1580343774.90,+0000.98,-0004.88,+0000.00,-0000.31,-0000.23,-0009.80
+1580343774.90,+0001.95,-0003.91,+0000.00,+0000.69,-0001.07,-0009.42
+1580343774.91,+0003.91,-0003.91,+0000.98,+0001.00,+0000.23,-0010.95
+1580343774.91,+0003.91,-0002.93,+0000.98,+0000.69,-0001.30,-0009.19
+1580343774.92,+0005.86,-0001.95,+0001.95,+0000.38,-0000.31,-0009.65
+1580343774.92,+0003.91,-0000.98,+0002.93,-0000.38,-0002.68,-0009.19
+1580343774.93,+0007.81,-0000.98,+0003.91,+0002.07,-0001.45,-0009.42
+1580343774.93,+0010.74,+0000.00,+0004.88,-0001.30,-0003.98,-0006.58
+1580343774.94,+0008.79,+0000.98,+0003.91,+0000.38,+0003.22,-0007.43
+1580343774.94,-0003.91,+0001.95,+0004.88,+0001.84,+0004.75,-0016.84
+1580343774.95,-0006.84,+0003.91,+0005.86,+0000.61,-0000.92,-0015.85
+1580343774.95,+0006.84,+0002.93,+0007.81,+0000.61,+0000.46,-0013.93
+1580343774.96,+0000.00,+0003.91,+0007.81,-0002.07,+0000.69,-0007.50
+1580343774.96,-0007.81,+0004.88,+0007.81,+0001.53,+0000.46,-0008.96
+1580343774.97,-0003.91,+0004.88,+0007.81,-0000.38,+0000.46,-0010.64
+1580343774.97,+0000.98,+0004.88,+0008.79,+0000.84,+0001.30,-0007.73
+1580343774.98,-0003.91,+0006.84,+0007.81,+0000.92,+0000.84,-0009.88
+1580343774.98,-0006.84,+0006.84,+0008.79,+0003.06,-0001.30,-0009.57
+1580343774.99,-0000.98,+0007.81,+0010.74,+0000.84,-0000.69,-0010.57
+1580343774.99,-0000.98,+0008.79,+0011.72,+0000.92,-0001.38,-0006.58
+1580343775.00,-0001.95,+0008.79,+0011.72,+0000.69,+0000.08,-0010.80
+1580343775.00,-0002.93,+0009.77,+0012.70,+0000.54,-0000.38,-0012.71
+1580343775.01,+0001.95,+0009.77,+0012.70,+0000.38,-0000.15,-0011.25
+1580343775.01,+0001.95,+0009.77,+0012.70,-0001.15,-0000.08,-0011.87
+1580343775.02,+0000.00,+0009.77,+0011.72,+0000.54,-0001.00,-0010.34
+1580343775.02,+0000.98,+0009.77,+0012.70,+0000.61,-0000.69,-0011.79
+1580343775.03,+0002.93,+0009.77,+0013.67,+0001.30,-0000.54,-0010.03
+1580343775.03,+0001.95,+0010.74,+0013.67,-0000.08,-0000.23,-0009.80
+1580343775.04,+0000.00,+0010.74,+0014.65,+0002.07,-0000.84,-0010.41
+1580343775.04,+0001.95,+0010.74,+0013.67,-0000.69,+0000.00,-0010.64
+1580343775.05,+0000.98,+0009.77,+0013.67,+0000.46,-0000.69,-0009.95
+1580343775.05,+0001.95,+0009.77,+0013.67,+0001.45,+0000.77,-0011.71
+1580343775.06,+0000.00,+0009.77,+0013.67,-0000.54,+0000.23,-0010.72
+1580343775.06,+0000.98,+0009.77,+0013.67,-0000.38,+0000.08,-0010.34
+1580343775.07,+0000.98,+0008.79,+0014.65,+0000.77,-0001.61,-0009.26
+1580343775.07,+0001.95,+0008.79,+0013.67,-0001.15,+0000.38,-0007.96
+1580343775.08,-0000.98,+0007.81,+0012.70,+0000.69,-0000.61,-0009.34
+1580343775.08,+0000.98,+0006.84,+0012.70,+0000.15,+0000.31,-0009.34
+1580343775.09,-0000.98,+0005.86,+0012.70,-0001.00,-0000.38,-0009.80
+1580343775.09,-0000.98,+0004.88,+0011.72,+0000.38,-0000.38,-0009.42
+1580343775.10,-0000.98,+0002.93,+0011.72,-0000.23,-0000.69,-0010.49
+1580343775.10,-0001.95,+0002.93,+0011.72,-0000.77,-0001.30,-0009.03
+1580343775.11,-0000.98,+0001.95,+0011.72,-0000.31,-0001.38,-0008.96
+1580343775.11,-0000.98,+0000.98,+0010.74,-0000.15,-0001.38,-0011.03
+1580343775.12,-0000.98,+0000.00,+0010.74,+0000.15,-0001.76,-0008.73
+1580343775.12,-0001.95,+0000.00,+0010.74,-0000.61,-0001.30,-0009.19
+1580343775.13,-0001.95,-0001.95,+0009.77,-0000.84,-0001.38,-0009.95
+1580343775.13,-0000.98,-0002.93,+0008.79,-0001.15,+0000.23,-0011.48
+1580343775.14,-0002.93,-0003.91,+0007.81,+0000.15,-0000.08,-0012.25
+1580343775.14,-0001.95,-0004.88,+0007.81,-0000.77,-0001.76,-0013.09
+1580343775.15,-0000.98,-0005.86,+0007.81,-0000.54,+0000.77,-0012.02
+1580343775.15,+0000.00,-0006.84,+0007.81,-0000.54,-0000.84,-0012.48
+1580343775.16,+0000.00,-0007.81,+0006.84,-0000.23,-0000.15,-0012.17
+1580343775.16,+0000.00,-0007.81,+0005.86,-0001.00,-0001.53,-0010.03
+1580343775.17,+0002.93,-0008.79,+0005.86,-0000.92,+0000.38,-0009.49
+1580343775.17,+0001.95,-0008.79,+0004.88,-0000.46,-0002.07,-0007.81
+1580343775.18,+0002.93,-0009.77,+0004.88,-0000.08,-0000.61,-0008.27
+1580343775.18,+0002.93,-0008.79,+0004.88,-0000.31,-0001.38,-0009.26
+1580343775.19,+0004.88,-0008.79,+0004.88,-0000.31,-0001.07,-0007.89
+1580343775.19,+0004.88,-0009.77,+0003.91,-0000.92,-0000.92,-0009.95
+1580343775.20,+0002.93,-0009.77,+0002.93,-0000.38,-0000.61,-0010.87
+1580343775.20,+0001.95,-0008.79,+0002.93,-0000.54,+0000.31,-0012.33
+1580343775.21,+0000.98,-0008.79,+0002.93,-0000.61,+0000.08,-0011.03
+1580343775.21,+0000.00,-0008.79,+0002.93,-0000.54,+0001.15,-0010.49
+1580343775.22,-0001.95,-0008.79,+0002.93,-0000.61,+0000.31,-0009.34
+1580343775.22,-0002.93,-0008.79,+0001.95,+0000.23,+0000.54,-0010.18
+1580343775.23,-0001.95,-0008.79,+0001.95,-0000.46,+0000.08,-0010.18
+1580343775.23,-0002.93,-0007.81,+0001.95,+0000.38,+0002.30,-0009.88
+1580343775.24,-0005.86,-0006.84,+0002.93,+0000.00,-0000.15,-0009.65
+1580343775.24,-0004.88,-0005.86,+0002.93,+0000.46,+0001.07,-0010.49
+1580343775.25,-0004.88,-0005.86,+0002.93,-0001.23,-0000.31,-0010.34
+1580343775.25,-0003.91,-0004.88,+0002.93,+0000.77,-0000.38,-0011.18
+1580343775.26,-0001.95,-0004.88,+0002.93,-0000.23,-0000.92,-0011.10
+1580343775.26,-0002.93,-0003.91,+0001.95,-0000.69,-0000.38,-0011.18
+1580343775.27,-0001.95,-0003.91,+0001.95,-0000.38,-0000.77,-0010.18
+1580343775.27,-0001.95,-0002.93,+0002.93,-0001.07,-0000.92,-0011.03
+1580343775.28,-0000.98,-0002.93,+0002.93,+0000.46,-0001.61,-0011.10
+1580343775.28,+0000.00,-0000.98,+0003.91,+0001.23,+0000.00,-0013.09
+1580343775.29,+0000.00,-0000.98,+0003.91,-0000.92,-0003.22,-0010.80
+1580343775.29,+0004.88,+0000.00,+0003.91,-0000.15,+0001.07,-0012.17
+1580343775.30,-0000.98,+0000.98,+0003.91,-0000.84,-0002.45,-0008.58
+1580343775.30,+0002.93,+0000.98,+0002.93,+0000.84,-0001.07,-0008.88
+1580343775.31,+0000.98,+0001.95,+0002.93,-0000.77,+0000.46,-0013.70
+1580343775.31,+0002.93,+0001.95,+0002.93,+0000.23,-0000.15,-0009.57
+1580343775.32,+0002.93,+0002.93,+0002.93,-0000.92,-0001.07,-0012.02
+1580343775.32,+0001.95,+0002.93,+0002.93,-0000.46,-0002.14,-0009.42
+1580343775.33,+0003.91,+0003.91,+0002.93,-0001.15,-0000.84,-0010.49
+1580343775.33,+0002.93,+0003.91,+0002.93,-0000.61,+0000.46,-0007.58
+1580343775.34,+0002.93,+0004.88,+0002.93,-0000.69,+0000.23,-0009.49
+1580343775.34,+0001.95,+0003.91,+0002.93,-0000.69,+0000.31,-0010.26
+1580343775.35,+0002.93,+0004.88,+0001.95,-0000.92,+0000.31,-0010.72
+1580343775.35,+0001.95,+0003.91,+0000.98,+0000.31,-0001.00,-0009.42
+1580343775.36,+0004.88,+0004.88,+0001.95,-0000.84,+0000.54,-0007.73
+1580343775.36,+0000.98,+0005.86,+0001.95,-0001.68,+0000.31,-0010.64
+1580343775.37,+0000.00,+0005.86,+0001.95,+0001.38,+0002.14,-0011.48
+1580343775.37,+0000.00,+0006.84,+0001.95,-0001.91,-0000.38,-0013.32
+1580343775.38,+0002.93,+0006.84,+0000.98,+0000.00,-0000.92,-0010.41
+1580343775.38,+0000.98,+0006.84,-0000.98,-0001.84,-0000.77,-0010.72
+1580343775.39,+0000.98,+0006.84,-0000.98,+0000.92,-0003.06,-0008.42
+1580343775.39,+0003.91,+0007.81,-0000.98,-0002.22,+0000.00,-0008.50
+1580343775.40,-0001.95,+0008.79,-0000.98,-0002.37,+0000.92,-0009.65
