+1580343898.81,-0002.93,+0000.00,-0001.95,-0000.61,-0001.23,-0010.26
+1580343898.82,-0000.98,+0000.00,-0001.95,+0001.76,+0001.15,-0010.41
+1580343898.82,-0004.88,-0000.98,-0001.95,+0001.99,+0001.61,-0009.11
+1580343898.83,-0006.84,+0000.00,-0001.95,+0000.15,-0000.54,-0009.11
+1580343898.83,-0004.88,+0000.00,-0000.98,+0001.00,+0000.92,-0010.57
+1580343898.84,-0004.88,+0000.00,+0000.00,+0002.07,+0001.45,-0009.57
+1580343898.84,-0006.84,-0000.98,+0000.00,+0000.00,-0000.77,-0009.65
+1580343898.85,-0003.91,-0000.98,+0000.00,-0001.99,-0002.14,-0009.72
+1580343898.85,-0001.95,-0000.98,-0000.98,+0001.84,+0000.23,-0010.41
+1580343898.86,-0002.93,-0000.98,+0000.00,+0000.15,+0000.15,-0009.72
+1580343898.86,-0003.91,-0000.98,+0000.00,-0001.45,-0001.68,-0009.57
+1580343898.87,-0001.95,-0000.98,+0000.98,+0001.07,+0000.23,-0010.87
+1580343898.87,-0001.95,-0000.98,+0000.98,+0001.45,+0000.92,-0010.03
+1580343898.88,-0002.93,-0001.95,+0000.98,-0000.61,-0001.45,-0009.80
+1580343898.88,-0001.95,-0001.95,+0000.00,-0001.23,-0001.23,-0008.35
+1580343898.89,-0000.98,-0001.95,+0000.00,+0000.46,+0001.99,-0010.57
+1580343898.89,-0003.91,-0002.93,+0000.00,+0001.45,-0000.61,-0010.41
+1580343898.90,-0003.91,-0001.95,+0000.98,-0000.84,-0001.23,-0010.72
+1580343898.90,-0001.95,-0002.93,+0001.95,-0000.46,+0001.53,-0010.57
+1580343898.91,-0004.88,-0003.91,+0000.98,+0000.84,+0000.69,-0010.80
+1580343898.91,-0005.86,-0003.91,+0001.95,-0000.31,-0001.23,-0011.18
+1580343898.92,-0003.91,-0004.88,+0000.98,-0000.77,-0000.77,-0011.18
+1580343898.92,-0001.95,-0004.88,+0000.98,+0001.00,+0001.30,-0010.18
+1580343898.93,-0005.86,-0004.88,+0000.98,+0000.54,-0000.61,-0009.65
+1580343898.93,-0003.91,-0004.88,+0000.98,-0000.92,-0001.23,-0009.57
+1580343898.94,-0001.95,-0004.88,+0001.95,+0001.45,-0000.15,-0010.72
+1580343898.94,-0000.98,-0004.88,+0001.95,+0000.84,-0000.84,-0008.42
+1580343898.95,-0001.95,-0004.88,+0002.93,+0000.00,-0000.15,-0010.03
+1580343898.95,-0003.91,-0005.86,+0001.95,-0001.68,+0000.92,-0010.80
+1580343898.96,-0001.95,-0004.88,+0000.98,-0000.84,-0000.92,-0010.95
+1580343898.96,+0000.98,-0005.86,+0001.95,+0000.46,+0001.00,-0009.65
+1580343898.97,-0002.93,-0004.88,+0001.95,-0000.61,-0000.84,-0008.96
+1580343898.97,-0003.91,-0004.88,+0001.95,+0001.30,+0000.15,-0008.88
+1580343898.98,-0001.95,-0003.91,+0002.93,-0000.61,-0000.38,-0008.04
+1580343898.98,-0001.95,-0003.91,+0002.93,+0000.92,+0002.60,-0011.48
+1580343898.99,-0004.88,-0003.91,+0003.91,-0000.61,-0000.54,-0010.34
+1580343898.99,-0003.91,-0002.93,+0003.91,-0001.61,-0000.38,-0011.94
+1580343899.00,-0002.93,-0002.93,+0003.91,-0000.38,-0000.31,-0011.64
+1580343899.00,-0002.93,-0002.93,+0003.91,+0000.69,+0000.84,-0010.80
+1580343899.01,-0003.91,-0003.91,+0003.91,+0000.00,+0001.07,-0010.57
+1580343899.01,-0003.91,-0001.95,+0003.91,-0002.37,+0000.15,-0011.03
+1580343899.02,-0000.98,-0001.95,+0003.91,+0002.07,-0001.38,-0010.87
+1580343899.02,+0000.00,-0000.98,+0004.88,+0000.15,+0000.00,-0009.26
+1580343899.03,+0000.00,+0000.00,+0004.88,-0000.84,-0000.84,-0008.42
+1580343899.03,+0000.00,+0000.98,+0005.86,+0000.31,-0001.07,-0009.34
+1580343899.04,+0000.98,+0000.98,+0005.86,+0000.23,+0000.15,-0008.96
+1580343899.04,+0000.98,+0001.95,+0004.88,+0000.46,+0000.54,-0010.49
+1580343899.05,-0003.91,+0001.95,+0004.88,+0000.84,-0003.68,-0012.10
+1580343899.05,+0003.91,+0001.95,+0004.88,-0001.38,+0000.54,-0011.56
+1580343899.06,+0001.95,+0001.95,+0004.88,+0001.00,+0000.38,-0009.34
+1580343899.06,-0003.91,+0001.95,+0004.88,+0001.15,+0000.38,-0011.41
+1580343899.07,-0002.93,+0003.91,+0005.86,-0000.23,-0000.69,-0011.10
+1580343899.07,+0001.95,+0003.91,+0005.86,+0001.00,-0000.38,-0009.80
+1580343899.08,+0000.00,+0002.93,+0005.86,-0002.99,+0000.08,-0008.42
+1580343899.08,-0002.93,+0002.93,+0004.88,+0000.38,-0000.84,-0010.57
+1580343899.09,-0002.93,+0003.91,+0004.88,+0000.31,-0002.30,-0010.18
+1580343899.09,+0001.95,+0003.91,+0004.88,-0000.54,-0000.08,-0011.18
+1580343899.10,+0001.95,+0003.91,+0004.88,+0000.77,-0004.90,-0004.98
+1580343899.10,+0008.79,+0003.91,+0003.91,-0001.00,+0001.45,-0004.06
+1580343899.11,-0000.98,+0003.91,+0002.93,-0002.14,+0004.44,-0014.55
+1580343899.11,-0010.74,+0002.93,+0003.91,-0000.46,-0003.60,-0016.38
+1580343899.12,+0014.65,+0005.86,+0003.91,-0001.99,+0001.00,-0008.35
+1580343899.12,+0011.72,+0002.93,+0002.93,-0001.45,+0001.99,-0006.66
+1580343899.13,-0006.84,+0002.93,+0002.93,+0000.38,-0001.84,-0003.68
+1580343899.13,-0001.95,+0005.86,+0003.91,+0001.84,-0001.84,-0013.17
+1580343899.14,+0008.79,+0005.86,+0003.91,-0001.15,-0001.23,-0007.50
+1580343899.14,+0009.77,+0002.93,+0002.93,-0002.68,+0000.00,-0006.97
+1580343899.15,-0002.93,+0002.93,+0001.95,+0000.38,+0000.77,-0009.72
+1580343899.15,-0000.98,+0004.88,+0001.95,-0000.77,-0002.14,-0012.33
+1580343899.16,+0008.79,+0004.88,+0001.95,-0002.07,-0000.84,-0009.95
+1580343899.16,+0004.88,+0002.93,+0001.95,-0001.23,+0001.76,-0009.57
+1580343899.17,-0002.93,+0002.93,+0001.95,+0001.30,-0000.84,-0009.49
+1580343899.17,-0000.98,+0003.91,+0002.93,+0000.92,-0002.37,-0010.26
+1580343899.18,+0005.86,+0004.88,+0002.93,-0002.22,+0000.00,-0008.12
+1580343899.18,+0001.95,+0002.93,+0002.93,+0000.38,+0001.30,-0009.03
+1580343899.19,-0002.93,+0002.93,+0002.93,+0002.45,-0001.00,-0008.58
+1580343899.19,+0000.00,+0003.91,+0003.91,-0001.07,+0000.00,-0010.11
+1580343899.20,+0000.98,+0002.93,+0002.93,-0000.84,+0000.69,-0011.18
+1580343899.20,+0000.98,+0001.95,+0002.93,-0000.38,-0001.23,-0010.57
+1580343899.21,-0000.98,+0001.95,+0003.91,+0001.45,-0000.61,-0011.87
+1580343899.21,+0000.00,+0001.95,+0003.91,-0000.46,-0001.23,-0010.87
+1580343899.22,+0002.93,+0001.95,+0003.91,-0000.31,-0000.15,-0011.25
+1580343899.22,+0000.00,+0000.98,+0003.91,+0002.53,-0000.38,-0008.65
+1580343899.23,-0000.98,+0001.95,+0004.88,+0000.00,-0000.77,-0010.11
+1580343899.23,+0000.98,+0000.98,+0004.88,+0001.07,-0001.23,-0011.25
+1580343899.24,+0002.93,+0000.98,+0004.88,-0001.07,+0001.30,-0010.03
+1580343899.24,-0000.98,+0000.00,+0005.86,+0001.15,-0001.53,-0009.88
+1580343899.25,+0001.95,+0000.00,+0005.86,+0000.84,-0001.23,-0010.41
+1580343899.25,+0002.93,+0000.00,+0005.86,+0000.46,-0001.00,-0010.18
+1580343899.26,+0000.98,-0000.98,+0005.86,+0001.38,+0000.46,-0010.64
+1580343899.26,+0000.98,-0000.98,+0005.86,+0000.15,+0000.38,-0010.57
+1580343899.27,+0001.95,-0001.95,+0005.86,-0000.23,-0000.31,-0008.50
+1580343899.27,+0000.98,-0001.95,+0005.86,-0000.15,-0000.38,-0008.65
+1580343899.28,+0000.00,-0001.95,+0005.86,+0001.23,+0000.31,-0009.11
+1580343899.28,-0000.98,-0002.93,+0006.84,+0000.31,+0000.46,-0009.80
+1580343899.29,-0000.98,-0002.93,+0006.84,-0000.38,+0001.53,-0011.10
+1580343899.29,-0002.93,-0003.91,+0006.84,+0001.15,-0000.08,-0011.79
+1580343899.30,+0000.00,-0003.91,+0006.84,+0000.84,+0000.08,-0010.57
+1580343899.30,-0001.95,-0004.88,+0006.84,-0000.69,-0000.31,-0010.34
+1580343899.31,-0000.98,-0004.88,+0006.84,-0001.07,+0000.69,-0010.57
+1580343899.31,-0001.95,-0004.88,+0006.84,+0000.31,-0000.61,-0011.33
+1580343899.32,+0000.98,-0004.88,+0006.84,+0000.92,-0001.23,-0009.03
+1580343899.32,+0001.95,-0004.88,+0006.84,-0000.61,-0000.84,-0010.72
+1580343899.33,+0000.00,-0003.91,+0006.84,+0000.46,-0000.31,-0010.11
+1580343899.33,+0001.95,-0003.91,+0006.84,+0000.92,-0000.23,-0011.25
+1580343899.34,+0002.93,-0002.93,+0007.81,-0000.61,-0000.46,-0010.49
+1580343899.34,+0002.93,-0003.91,+0006.84,-0000.38,-0001.23,-0009.95
+1580343899.35,+0002.93,-0003.91,+0006.84,+0001.84,-0000.38,-0010.11
+1580343899.35,+0001.95,-0003.91,+0006.84,+0000.23,+0000.61,-0010.03
+1580343899.36,+0000.98,-0002.93,+0007.81,-0000.69,+0000.69,-0009.95
+1580343899.36,-0000.98,-0002.93,+0006.84,-0000.15,+0000.92,-0011.25
+1580343899.37,+0000.00,-0002.93,+0006.84,+0001.61,+0001.15,-0012.25
+1580343899.37,-0000.98,-0002.93,+0006.84,-0000.54,-0001.00,-0010.41
+1580343899.38,+0000.98,-0002.93,+0006.84,-0001.15,-0000.08,-0009.95
+1580343899.38,+0000.00,-0001.95,+0006.84,+0000.77,-0000.69,-0009.49
+1580343899.39,+0000.98,-0001.95,+0007.81,+0001.23,-0001.23,-0008.50
+1580343899.39,+0000.98,-0000.98,+0007.81,-0002.14,-0001.68,-0008.96
+1580343899.40,+0002.93,+0000.00,+0007.81,-0000.92,-0000.38,-0009.57
+1580343899.40,+0001.95,-0000.98,+0006.84,+0001.61,-0000.46,-0010.80
+1580343899.41,+0001.95,+0000.00,+0006.84,-0000.61,-0001.15,-0010.41
+1580343899.41,+0002.93,+0000.00,+0006.84,-0000.23,-0002.22,-0010.87
+1580343899.42,+0004.88,+0000.98,+0006.84,+0000.84,+0000.08,-0008.58
+1580343899.42,+0000.98,+0000.98,+0006.84,+0001.30,-0000.38,-0008.80
+1580343899.43,+0000.00,+0001.95,+0007.81,+0000.23,-0000.84,-0008.73
+1580343899.43,+0000.00,+0002.93,+0007.81,+0000.92,-0001.45,-0009.88
+1580343899.44,+0001.95,+0002.93,+0007.81,+0001.76,-0000.31,-0009.65
+1580343899.44,-0000.98,+0002.93,+0007.81,-0000.23,-0000.46,-0009.95
+1580343899.45,-0001.95,+0002.93,+0007.81,-0000.77,-0000.31,-0008.96
+1580343899.45,-0001.95,+0002.93,+0007.81,+0001.15,-0000.31,-0012.25
+1580343899.46,-0000.98,+0002.93,+0007.81,+0001.23,+0000.23,-0011.25
+1580343899.46,-0001.95,+0001.95,+0007.81,-0000.23,-0000.31,-0010.41
+1580343899.47,-0002.93,+0002.93,+0008.79,-0000.61,-0000.23,-0010.57
+1580343899.47,-0002.93,+0002.93,+0008.79,+0001.76,-0000.31,-0010.18
+1580343899.48,-0002.93,+0002.93,+0008.79,+0001.07,-0000.08,-0009.19
+1580343899.48,-0003.91,+0002.93,+0009.77,-0000.23,-0001.68,-0009.72
+1580343899.49,-0000.98,+0002.93,+0009.77,+0001.07,-0000.46,-0009.42
+1580343899.49,+0000.00,+0002.93,+0009.77,+0000.00,+0000.77,-0009.03
+1580343899.50,-0001.95,+0002.93,+0009.77,+0000.69,-0000.69,-0009.42
+1580343899.50,-0003.91,+0001.95,+0010.74,-0000.84,-0000.31,-0012.94
+1580343899.51,+0000.00,+0002.93,+0011.72,+0001.15,-0001.23,-0010.80
+1580343899.51,+0002.93,+0002.93,+0011.72,+0001.53,+0000.69,-0009.34
+1580343899.52,-0000.98,+0001.95,+0011.72,-0001.45,-0000.23,-0008.96
+1580343899.52,-0002.93,+0001.95,+0011.72,+0000.69,+0000.31,-0011.25
+1580343899.53,+0000.00,+0001.95,+0012.70,+0002.22,-0000.38,-0010.57
+1580343899.53,+0000.98,+0001.95,+0012.70,+0000.23,+0000.77,-0009.95
+1580343899.54,+0000.00,+0000.98,+0012.70,-0000.38,-0000.15,-0008.96
+1580343899.54,-0000.98,+0000.98,+0012.70,+0002.14,-0000.38,-0010.80
+1580343899.55,+0000.00,+0000.98,+0013.67,+0001.23,+0000.15,-0011.10
+1580343899.55,+0000.00,+0000.98,+0013.67,+0000.15,+0000.46,-0010.41
+1580343899.56,-0000.98,+0000.00,+0013.67,+0001.68,+0000.69,-0013.09
+1580343899.56,-0002.93,+0000.00,+0012.70,+0001.45,-0001.23,-0010.11
+1580343899.57,-0000.98,+0000.00,+0012.70,+0002.53,+0001.68,-0008.88
+1580343899.57,-0003.91,-0000.98,+0013.67,-0000.38,+0001.53,-0009.26
+1580343899.58,-0006.84,+0000.00,+0014.65,+0001.07,-0000.23,-0012.79
+1580343899.58,+0000.98,+0000.98,+0014.65,+0001.53,-0003.60,-0009.49
+1580343899.59,+0008.79,-0000.98,+0013.67,+0000.31,-0002.14,+0000.84
+1580343899.59,-0007.81,-0000.98,+0012.70,+0000.08,-0000.38,-0014.78
+1580343899.60,-0015.62,-0000.98,+0014.65,+0003.06,-0004.13,-0016.38
+1580343899.60,+0009.77,+0002.93,+0015.62,+0000.00,-0002.60,-0014.62
+1580343899.61,+0010.74,-0001.95,+0014.65,-0002.22,+0001.23,-0006.74
+1580343899.61,-0005.86,-0001.95,+0012.70,-0000.92,-0000.23,-0012.48
+1580343899.62,-0008.79,+0000.00,+0012.70,+0002.99,-0001.07,-0016.15
+1580343899.62,+0006.84,+0001.95,+0013.67,-0000.08,-0001.84,-0012.71
+1580343899.63,+0009.77,+0000.00,+0013.67,-0000.23,+0000.15,-0008.19
+1580343899.63,-0001.95,+0000.00,+0012.70,+0000.31,+0000.00,-0008.73
+1580343899.64,-0001.95,+0000.98,+0013.67,+0001.53,-0002.22,-0011.41
+1580343899.64,+0008.79,+0002.93,+0013.67,-0000.77,-0000.92,-0010.80
+1580343899.65,+0006.84,+0001.95,+0013.67,-0000.69,+0000.92,-0010.03
+1580343899.65,+0000.00,+0000.98,+0012.70,+0000.08,+0000.46,-0011.71
+1580343899.66,+0001.95,+0001.95,+0012.70,+0000.61,-0000.46,-0011.64
+1580343899.66,+0005.86,+0001.95,+0012.70,-0001.76,-0000.84,-0011.48
+1580343899.67,+0003.91,+0000.98,+0012.70,-0000.38,+0001.76,-0010.80
+1580343899.67,+0000.00,+0000.98,+0011.72,+0001.15,+0000.84,-0011.25
+1580343899.68,+0001.95,+0001.95,+0011.72,-0001.91,-0001.00,-0011.25
+1580343899.68,+0004.88,+0001.95,+0011.72,-0000.08,+0002.45,-0009.95
+1580343899.69,+0000.98,+0001.95,+0011.72,+0001.15,+0001.38,-0009.57
+1580343899.69,-0001.95,+0002.93,+0011.72,-0001.15,+0000.46,-0009.65
+1580343899.70,+0001.95,+0002.93,+0011.72,-0002.14,-0000.61,-0010.18
+1580343899.70,+0003.91,+0002.93,+0011.72,+0000.08,+0000.69,-0008.96
+1580343899.71,+0001.95,+0002.93,+0010.74,-0000.46,+0000.31,-0007.20
+1580343899.71,-0000.98,+0002.93,+0010.74,-0000.54,-0002.37,-0004.98
+1580343899.72,+0000.00,+0004.88,+0010.74,+0001.00,+0000.84,-0010.41
+1580343899.72,+0000.98,+0003.91,+0011.72,-0000.08,-0000.23,-0009.19
+1580343899.73,+0000.00,+0002.93,+0010.74,+0000.15,-0000.84,-0008.12
+1580343899.73,-0002.93,+0002.93,+0010.74,-0000.23,+0000.69,-0008.73
+1580343899.74,-0003.91,+0002.93,+0009.77,+0000.31,-0000.69,-0013.09
+1580343899.74,-0001.95,+0002.93,+0009.77,-0000.77,-0000.46,-0012.33
+1580343899.75,-0000.98,+0002.93,+0009.77,-0001.38,-0001.00,-0010.34
+1580343899.75,-0003.91,+0002.93,+0008.79,+0000.61,-0000.77,-0009.11
+1580343899.76,-0003.91,+0001.95,+0008.79,-0000.23,-0001.30,-0009.03
+1580343899.76,-0000.98,+0001.95,+0008.79,-0000.31,-0000.61,-0009.88
+1580343899.77,-0000.98,+0001.95,+0008.79,-0000.84,-0001.45,-0008.65
+1580343899.77,-0000.98,+0001.95,+0008.79,-0001.30,-0000.92,-0008.35
+1580343899.78,-0001.95,+0001.95,+0008.79,-0000.54,-0001.84,-0007.73
+1580343899.78,-0000.98,+0002.93,+0007.81,-0000.84,-0000.38,-0010.03
+1580343899.79,-0000.98,+0000.98,+0007.81,-0000.23,+0000.31,-0010.64
+1580343899.79,-0001.95,+0001.95,+0006.84,-0002.53,-0000.31,-0010.87
+1580343899.80,-0002.93,+0000.98,+0006.84,+0001.07,-0001.15,-0013.17
+1580343899.80,-0000.98,+0000.98,+0005.86,-0000.69,-0000.23,-0012.86
+1580343899.81,-0000.98,+0000.00,+0005.86,-0000.31,-0000.54,-0009.72
+1580343899.81,-0002.93,+0000.00,+0006.84,+0000.38,-0000.92,-0008.80
+1580343899.82,-0002.93,+0000.98,+0006.84,+0000.77,+0000.23,-0010.34
+1580343899.82,-0001.95,+0000.98,+0006.84,+0000.00,-0000.15,-0008.58
+1580343899.83,-0000.98,+0000.00,+0006.84,-0001.00,-0000.92,-0009.26
+1580343899.83,-0002.93,+0000.00,+0005.86,+0000.46,-0000.77,-0010.72
+1580343899.84,-0000.98,+0000.00,+0005.86,+0000.38,+0001.15,-0011.94
+1580343899.84,-0000.98,+0000.00,+0005.86,-0000.23,-0000.54,-0012.17
+1580343899.85,-0000.98,-0000.98,+0004.88,+0000.00,+0000.08,-0011.64
+1580343899.85,-0000.98,-0000.98,+0004.88,+0001.23,+0000.69,-0012.71
+1580343899.86,-0000.98,-0000.98,+0004.88,+0000.00,+0000.08,-0010.49
+1580343899.86,+0000.00,-0000.98,+0004.88,+0000.38,-0000.69,-0010.95
+1580343899.87,-0000.98,+0000.00,+0004.88,-0000.15,+0000.46,-0010.26
+1580343899.87,+0000.00,+0000.00,+0004.88,+0001.61,-0000.15,-0008.27
+1580343899.88,+0000.00,+0000.00,+0004.88,-0000.15,-0000.61,-0008.35
+1580343899.88,+0000.00,+0000.98,+0004.88,-0001.61,+0000.54,-0008.73
+1580343899.89,+0000.00,+0000.98,+0003.91,+0000.77,+0001.07,-0012.25
+1580343899.89,+0000.98,+0000.98,+0004.88,-0000.54,-0000.46,-0009.95
+1580343899.90,+0000.00,+0000.98,+0004.88,-0000.77,+0000.54,-0011.71
+1580343899.90,-0001.95,+0000.98,+0004.88,+0001.45,+0001.84,-0012.33
+1580343899.91,-0000.98,+0001.95,+0003.91,+0000.00,+0000.23,-0011.64
+1580343899.91,+0000.98,+0001.95,+0002.93,-0000.08,+0000.69,-0008.58
+1580343899.92,-0000.98,+0001.95,+0002.93,+0000.08,+0000.92,-0008.27
+1580343899.92,-0002.93,+0002.93,+0002.93,+0001.45,-0000.46,-0007.50
+1580343899.93,-0000.98,+0003.91,+0002.93,-0000.38,-0000.69,-0006.97
+1580343899.93,-0002.93,+0003.91,+0003.91,+0000.54,+0000.61,-0007.96
+1580343899.94,-0004.88,+0003.91,+0002.93,+0000.15,-0000.61,-0008.65
+1580343899.94,-0003.91,+0003.91,+0002.93,-0000.69,-0000.38,-0009.42
+1580343899.95,-0002.93,+0003.91,+0002.93,-0000.31,+0000.38,-0010.18
+1580343899.95,-0003.91,+0003.91,+0001.95,+0000.61,+0000.77,-0010.72
+1580343899.96,-0005.86,+0002.93,+0001.95,-0001.23,-0000.92,-0011.48
+1580343899.96,-0005.86,+0003.91,+0001.95,+0000.00,-0000.31,-0012.63
+1580343899.97,-0002.93,+0003.91,+0001.95,+0001.76,-0000.08,-0011.03
+1580343899.97,-0001.95,+0003.91,+0001.95,-0000.77,-0000.23,-0009.65
+1580343899.98,-0004.88,+0002.93,+0000.98,-0000.84,-0000.23,-0010.87
+1580343899.98,-0003.91,+0003.91,+0000.98,-0000.15,-0000.23,-0011.48
+1580343899.99,+0000.00,+0003.91,+0000.00,+0000.00,-0000.46,-0010.64
+1580343899.99,+0000.00,+0002.93,+0000.00,-0001.53,+0000.54,-0010.41
+1580343900.00,-0002.93,+0002.93,+0000.00,+0000.15,+0000.69,-0011.87
+1580343900.00,+0000.98,+0002.93,+0000.00,-0001.53,-0000.54,-0009.95
+1580343900.01,+0002.93,+0002.93,+0000.00,-0000.38,+0001.07,-0011.33
+1580343900.01,-0000.98,+0001.95,-0000.98,-0001.15,+0001.38,-0010.11
+1580343900.02,-0000.98,+0001.95,-0000.98,-0001.99,-0000.69,-0010.11
+1580343900.02,+0000.98,+0001.95,-0001.95,+0001.00,+0003.45,-0012.02
+1580343900.03,-0000.98,+0002.93,-0000.98,-0001.00,-0000.84,-0008.50
+1580343900.03,+0000.00,+0001.95,-0000.98,+0003.22,+0001.99,-0008.96
+1580343900.04,-0002.93,+0002.93,-0000.98,+0000.61,+0002.91,-0010.41
+1580343900.04,-0006.84,+0002.93,-0000.98,+0002.14,+0001.15,-0010.03
+1580343900.05,-0003.91,+0002.93,-0000.98,-0001.23,+0001.61,-0010.26
+1580343900.05,-0005.86,+0002.93,-0000.98,-0002.14,+0000.46,-0009.72
+1580343900.06,-0007.81,+0001.95,+0000.00,+0003.22,+0002.07,-0010.57
+1580343900.06,-0007.81,+0002.93,+0000.00,-0001.61,-0001.00,-0009.11
+1580343900.07,-0004.88,+0001.95,+0000.00,+0000.08,-0001.68,-0008.58
+1580343900.07,-0005.86,+0002.93,-0000.98,+0001.91,+0002.83,-0010.95
+1580343900.08,-0012.70,+0002.93,+0000.00,+0001.53,-0002.60,-0011.41
+1580343900.08,-0002.93,+0003.91,+0000.98,-0000.23,-0005.05,-0012.17
+1580343900.09,+0010.74,+0004.88,+0001.95,+0000.84,+0007.20,-0002.22
+1580343900.09,-0009.77,+0003.91,+0000.00,-0002.53,+0002.53,-0012.79
+1580343900.10,-0020.51,+0004.88,+0000.98,-0002.07,-0006.58,-0011.18
+1580343900.10,+0005.86,+0006.84,+0001.95,+0002.53,-0000.23,-0021.90
+1580343900.11,+0006.84,+0002.93,+0000.98,+0000.69,+0001.30,-0008.42
+1580343900.11,-0007.81,+0002.93,-0000.98,-0001.07,+0000.77,-0007.81
+1580343900.12,-0013.67,+0003.91,+0000.00,+0003.22,-0000.31,-0016.77
+1580343900.12,-0001.95,+0005.86,+0001.95,+0001.61,-0002.76,-0012.63
+1580343900.13,+0002.93,+0004.88,+0001.95,+0000.61,+0002.37,-0007.43
+1580343900.13,-0005.86,+0003.91,+0001.95,+0000.46,-0001.00,-0005.67
+1580343900.14,-0006.84,+0004.88,+0000.98,+0000.54,-0003.90,-0006.97
+1580343900.14,+0000.00,+0005.86,+0001.95,+0000.00,+0000.69,-0009.80
+1580343900.15,+0000.98,+0005.86,+0001.95,+0000.92,-0000.61,-0008.19
+1580343900.15,-0002.93,+0004.88,+0000.98,-0001.61,+0000.08,-0010.41
+1580343900.16,-0003.91,+0004.88,+0000.98,+0001.00,-0001.15,-0012.63
+1580343900.16,+0000.98,+0004.88,+0000.00,-0000.46,+0000.92,-0014.01
+1580343900.17,+0000.00,+0003.91,+0000.00,-0000.84,+0000.31,-0011.94
+1580343900.17,-0003.91,+0002.93,+0000.00,-0000.15,+0000.69,-0012.56
+1580343900.18,-0001.95,+0002.93,+0000.00,+0001.23,+0000.00,-0010.80
+1580343900.18,-0000.98,+0003.91,+0000.00,-0001.15,-0000.31,-0008.58
+1580343900.19,-0001.95,+0002.93,+0000.00,+0001.53,+0001.53,-0009.65
+1580343900.19,-0002.93,+0002.93,+0000.00,-0000.15,-0000.31,-0007.50
+1580343900.20,-0002.93,+0002.93,+0000.00,-0001.61,-0000.46,-0008.19
+1580343900.20,-0002.93,+0002.93,+0000.00,-0000.15,+0000.84,-0010.80
+1580343900.21,-0001.95,+0002.93,+0000.00,+0000.23,-0000.31,-0009.80
+1580343900.21,-0002.93,+0001.95,+0000.00,-0000.31,+0000.31,-0011.79
+1580343900.22,-0004.88,+0001.95,-0000.98,-0001.38,+0000.46,-0011.10
+1580343900.22,-0003.91,+0001.95,-0000.98,+0000.38,-0000.92,-0009.80
+1580343900.23,-0001.95,+0000.98,-0001.95,-0002.53,-0000.54,-0010.87
+1580343900.23,-0001.95,+0000.98,-0001.95,-0000.54,+0000.38,-0009.72
+1580343900.24,-0004.88,+0000.98,-0001.95,-0000.15,+0000.08,-0011.33
+1580343900.24,-0004.88,+0001.95,-0001.95,-0001.15,-0001.23,-0010.11
+1580343900.25,+0000.00,+0001.95,-0001.95,+0000.38,+0000.31,-0012.33
+1580343900.25,+0000.00,+0000.98,-0000.98,-0001.00,-0001.45,-0009.26
+1580343900.26,-0000.98,+0001.95,-0001.95,-0000.08,-0001.23,-0010.87
+1580343900.26,+0000.00,+0001.95,-0002.93,-0000.92,-0000.46,-0010.41
+1580343900.27,+0000.98,+0002.93,-0002.93,-0002.07,-0000.31,-0009.26
+1580343900.27,+0000.00,+0001.95,-0003.91,-0000.54,-0000.38,-0010.26
+1580343900.28,+0001.95,+0002.93,-0003.91,-0000.84,-0000.77,-0009.72
+1580343900.28,+0001.95,+0002.93,-0003.91,-0000.23,-0001.07,-0009.80
+1580343900.29,+0000.98,+0002.93,-0002.93,+0000.54,+0000.38,-0010.26
+1580343900.29,+0001.95,+0003.91,-0002.93,-0000.38,-0001.07,-0010.72
+1580343900.30,+0002.93,+0003.91,-0002.93,-0000.23,-0001.23,-0010.03
+1580343900.30,+0002.93,+0004.88,-0002.93,+0000.00,-0001.91,-0009.11
+1580343900.31,+0003.91,+0004.88,-0003.91,+0000.92,-0001.76,-0009.03
+1580343900.31,+0004.88,+0004.88,-0003.91,-0001.30,-0003.83,-0007.96
+1580343900.32,+0007.81,+0004.88,-0003.91,-0001.53,-0000.84,-0006.97
+1580343900.32,+0005.86,+0004.88,-0004.88,-0000.31,-0000.23,-0008.80
+1580343900.33,+0001.95,+0004.88,-0005.86,-0000.84,-0001.76,-0011.48
+1580343900.33,+0004.88,+0004.88,-0005.86,-0001.45,-0001.61,-0012.71
+1580343900.34,+0004.88,+0004.88,-0006.84,-0000.69,-0000.08,-0012.10
+1580343900.34,+0001.95,+0003.91,-0007.81,+0000.77,-0000.54,-0009.88
+1580343900.35,+0000.98,+0004.88,-0007.81,-0000.69,-0001.38,-0010.64
+1580343900.35,+0000.00,+0004.88,-0006.84,+0000.84,-0000.38,-0007.96
+1580343900.36,+0000.00,+0004.88,-0006.84,-0001.84,+0000.38,-0007.35
+1580343900.36,-0001.95,+0003.91,-0007.81,-0000.84,-0000.61,-0007.58
+1580343900.37,-0003.91,+0003.91,-0008.79,-0002.60,+0000.61,-0010.26
+1580343900.37,-0001.95,+0002.93,-0009.77,-0001.99,-0000.23,-0010.03
+1580343900.38,-0001.95,+0001.95,-0010.74,-0002.07,-0000.92,-0009.95
+1580343900.38,-0003.91,+0000.98,-0010.74,-0001.38,+0000.15,-0011.10
+1580343900.39,-0003.91,+0000.00,-0011.72,-0000.84,+0000.77,-0011.87
+1580343900.39,-0002.93,-0000.98,-0011.72,-0002.45,-0001.84,-0011.10
+1580343900.40,-0001.95,-0000.98,-0011.72,-0000.23,+0000.23,-0010.34
+1580343900.40,-0002.93,-0001.95,-0011.72,+0000.46,+0001.53,-0010.57
+1580343900.41,-0002.93,-0001.95,-0012.70,-0001.23,-0000.84,-0009.42
+1580343900.41,-0000.98,-0002.93,-0012.70,-0002.07,-0000.31,-0010.18
+1580343900.42,+0000.00,-0004.88,-0013.67,+0000.31,+0000.38,-0010.72
+1580343900.42,-0000.98,-0005.86,-0014.65,-0000.92,+0000.46,-0011.18
+1580343900.43,+0000.00,-0005.86,-0014.65,-0001.15,-0001.38,-0011.71
+1580343900.43,+0002.93,-0006.84,-0014.65,+0000.54,+0000.23,-0009.72
+1580343900.44,+0002.93,-0006.84,-0014.65,+0000.61,+0000.61,-0008.27
+1580343900.44,+0001.95,-0007.81,-0015.62,-0001.38,-0000.92,-0011.87
+1580343900.45,+0003.91,-0007.81,-0015.62,+0000.69,-0001.91,-0010.34
+1580343900.45,+0007.81,-0007.81,-0015.62,+0000.38,-0000.84,-0009.34
+1580343900.46,+0005.86,-0007.81,-0015.62,-0001.15,-0000.31,-0006.97
+1580343900.46,+0002.93,-0008.79,-0016.60,-0000.38,+0000.61,-0010.72
+1580343900.47,+0002.93,-0008.79,-0016.60,+0000.15,+0000.00,-0010.03
+1580343900.47,+0004.88,-0008.79,-0016.60,+0000.08,+0000.38,-0010.34
+1580343900.48,+0000.98,-0009.77,-0016.60,-0000.15,-0000.92,-0011.18
+1580343900.48,-0000.98,-0009.77,-0016.60,+0002.14,+0000.15,-0012.02
+1580343900.49,+0000.98,-0008.79,-0015.62,+0000.69,+0000.69,-0010.87
+1580343900.49,+0000.98,-0008.79,-0014.65,+0000.15,-0000.31,-0009.03
+1580343900.50,-0002.93,-0008.79,-0014.65,+0000.38,-0000.15,-0010.34
+1580343900.50,-0000.98,-0008.79,-0014.65,+0001.30,-0000.84,-0009.34
+1580343900.51,+0000.98,-0007.81,-0013.67,+0000.08,-0001.15,-0007.89
+1580343900.51,-0000.98,-0007.81,-0013.67,+0000.38,+0000.08,-0008.80
+1580343900.52,-0000.98,-0007.81,-0013.67,+0000.38,+0000.69,-0011.48
+1580343900.52,+0000.00,-0007.81,-0012.70,+0000.46,-0000.61,-0012.33
+1580343900.53,+0000.98,-0006.84,-0012.70,-0001.00,-0001.15,-0010.49
+1580343900.53,+0000.00,-0006.84,-0012.70,-0000.92,+0000.31,-0009.65
+1580343900.54,+0000.00,-0007.81,-0012.70,+0000.69,-0000.08,-0009.26
+1580343900.54,-0000.98,-0006.84,-0011.72,-0001.23,+0000.46,-0009.72
+1580343900.55,-0001.95,-0006.84,-0010.74,+0000.54,+0001.61,-0010.49
+1580343900.55,-0000.98,-0006.84,-0010.74,-0000.61,+0000.15,-0010.11
+1580343900.56,-0001.95,-0006.84,-0009.77,+0000.00,+0000.61,-0011.03
+1580343900.56,-0001.95,-0005.86,-0008.79,+0000.54,-0000.23,-0010.80
+1580343900.57,+0000.98,-0005.86,-0008.79,+0000.00,-0000.69,-0009.42
+1580343900.57,+0000.98,-0005.86,-0007.81,-0001.07,+0000.38,-0009.95
+1580343900.58,-0000.98,-0005.86,-0008.79,-0000.92,-0001.30,-0010.26
+1580343900.58,+0001.95,-0005.86,-0008.79,+0001.61,-0000.08,-0011.64
+1580343900.59,+0002.93,-0004.88,-0008.79,-0000.15,+0000.08,-0012.02
+1580343900.59,+0003.91,-0004.88,-0007.81,-0000.23,-0005.44,-0008.27
+1580343900.60,+0012.70,-0004.88,-0007.81,-0000.23,-0001.53,-0003.60
+1580343900.60,-0002.93,-0003.91,-0008.79,-0002.14,-0000.15,-0015.16
+1580343900.61,-0004.88,-0004.88,-0007.81,+0000.46,-0004.13,-0012.56
+1580343900.61,+0012.70,-0002.93,-0007.81,-0000.84,+0000.54,-0015.77
+1580343900.62,+0004.88,-0004.88,-0007.81,-0000.77,+0000.00,-0004.75
+1580343900.62,-0004.88,-0004.88,-0007.81,-0001.68,-0000.77,-0010.80
+1580343900.63,-0003.91,-0003.91,-0007.81,+0002.22,-0001.07,-0012.71
+1580343900.63,+0004.88,-0001.95,-0005.86,+0001.68,-0000.54,-0008.42
+1580343900.64,+0002.93,-0002.93,-0004.88,-0001.61,-0000.46,-0006.89
+1580343900.64,-0007.81,-0003.91,-0005.86,+0000.61,+0000.23,-0009.26
+1580343900.65,-0003.91,-0000.98,-0005.86,+0003.45,-0000.77,-0011.87
+1580343900.65,+0000.98,-0001.95,-0004.88,-0000.15,-0000.38,-0008.50
+1580343900.66,-0000.98,-0002.93,-0004.88,-0000.92,+0000.61,-0009.80
+1580343900.66,-0005.86,-0002.93,-0003.91,+0003.06,-0000.23,-0011.03
+1580343900.67,-0003.91,-0000.98,-0003.91,+0000.15,-0001.23,-0010.57
+1580343900.67,+0001.95,-0000.98,-0002.93,-0000.77,-0000.31,-0009.49
+1580343900.68,+0000.00,-0002.93,-0003.91,+0001.84,+0001.23,-0009.19
+1580343900.68,-0003.91,-0001.95,-0002.93,+0000.08,-0002.45,-0008.04
+1580343900.69,+0000.00,-0000.98,-0002.93,-0000.46,-0002.30,-0009.42
+1580343900.69,+0003.91,-0000.98,-0002.93,+0000.54,+0000.08,-0010.95
+1580343900.70,+0000.98,-0001.95,-0002.93,+0002.76,-0000.84,-0010.34
+1580343900.70,+0000.00,-0000.98,-0001.95,-0000.15,-0001.99,-0010.80
+1580343900.71,+0000.98,+0000.00,-0001.95,+0000.84,-0000.38,-0010.49
+1580343900.71,+0002.93,-0000.98,-0000.98,+0001.15,+0000.15,-0008.80
+1580343900.72,+0000.00,+0000.00,-0000.98,-0000.46,-0001.23,-0006.51
+1580343900.72,-0000.98,+0000.00,-0000.98,-0000.08,-0001.61,-0006.28
+1580343900.73,+0000.98,-0000.98,-0000.98,+0000.08,+0000.00,-0008.65
+1580343900.73,+0000.00,-0000.98,-0000.98,-0000.61,-0000.92,-0010.64
+1580343900.74,-0001.95,-0000.98,-0000.98,-0001.30,+0001.38,-0012.02
+1580343900.74,-0000.98,-0000.98,-0000.98,+0001.38,-0000.61,-0013.78
+1580343900.75,+0000.98,-0000.98,-0000.98,+0000.00,+0000.46,-0012.94
+1580343900.75,-0000.98,-0001.95,+0000.00,+0000.92,-0002.07,-0011.18
+1580343900.76,+0000.98,-0000.98,+0000.98,+0001.00,-0000.54,-0012.10
+1580343900.76,+0001.95,-0001.95,+0000.98,-0000.15,-0001.07,-0007.43
+1580343900.77,+0002.93,-0000.98,+0000.98,-0001.30,+0000.69,-0009.11
+1580343900.77,+0001.95,-0000.98,+0000.00,-0000.23,-0001.30,-0008.19
+1580343900.78,+0003.91,-0000.98,+0000.00,-0000.15,+0000.54,-0009.49
+1580343900.78,+0001.95,-0001.95,+0000.00,-0002.37,+0001.45,-0012.86
+1580343900.79,-0000.98,-0001.95,+0000.98,-0000.08,-0001.07,-0012.40
+1580343900.79,+0002.93,-0001.95,+0000.98,+0000.08,+0001.91,-0011.10
+1580343900.80,+0000.00,-0001.95,+0000.00,-0002.68,+0000.23,-0010.34
+1580343900.80,-0000.98,-0002.93,+0000.00,+0002.07,-0000.08,-0011.10
+1580343900.81,-0000.98,-0002.93,+0000.98,+0000.08,+0000.54,-0010.11
+1580343900.81,-0001.95,-0001.95,+0000.98,-0000.69,+0000.69,-0008.96
+1580343900.82,-0002.93,-0001.95,+0000.98,-0000.92,+0001.61,-0011.33
+1580343900.82,-0001.95,-0001.95,+0000.98,+0001.99,-0000.38,-0010.11
+1580343900.83,+0000.00,-0001.95,+0000.98,+0000.15,+0000.61,-0010.26
+1580343900.83,-0001.95,-0001.95,+0001.95,-0001.07,-0002.45,-0010.80
+1580343900.84,+0000.00,-0001.95,+0002.93,+0001.30,-0001.07,-0010.95
+1580343900.84,+0002.93,-0000.98,+0002.93,-0001.07,-0000.92,-0006.20
+1580343900.85,+0000.98,-0001.95,+0001.95,-0002.60,+0000.54,-0008.58
+1580343900.85,-0002.93,-0001.95,+0000.00,-0001.53,+0000.77,-0013.40
+1580343900.86,+0000.98,-0001.95,-0000.98,+0000.84,-0002.91,-0010.26
+1580343900.86,+0004.88,-0002.93,-0001.95,-0001.38,+0001.53,-0009.49
+1580343900.87,-0002.93,-0002.93,-0000.98,+0000.69,-0001.15,-0009.80
+1580343900.87,-0002.93,-0001.95,+0000.00,+0002.68,+0000.00,-0011.18
+1580343900.88,+0000.00,-0000.98,+0000.98,-0001.00,-0000.92,-0011.03
+1580343900.88,+0000.00,-0000.98,+0000.98,-0000.46,+0001.76,-0010.64
+1580343900.89,-0003.91,-0000.98,+0000.00,-0000.61,-0003.75,-0008.58
+1580343900.89,+0000.98,-0000.98,+0000.00,-0000.38,-0000.46,-0008.96
+1580343900.90,+0000.00,+0000.00,+0000.00,-0001.76,+0000.00,-0009.57
+1580343900.90,-0001.95,+0000.00,-0000.98,+0001.30,-0002.37,-0008.04
+1580343900.91,+0002.93,+0000.00,-0000.98,-0002.22,-0000.15,-0010.64
+1580343900.91,+0000.00,+0000.00,-0001.95,+0001.15,+0000.54,-0011.94
+1580343900.92,+0000.98,+0000.00,-0000.98,-0001.07,-0001.38,-0010.26
+1580343900.92,+0002.93,+0000.98,-0000.98,-0001.99,-0000.46,-0010.49
+1580343900.93,+0001.95,+0000.98,-0001.95,+0000.31,-0000.54,-0010.26
+1580343900.93,+0001.95,+0001.95,-0000.98,-0000.08,-0000.77,-0009.95
+1580343900.94,+0000.98,+0001.95,-0000.98,-0001.07,-0000.08,-0011.03
+1580343900.94,+0000.98,+0001.95,-0001.95,-0000.38,+0000.08,-0010.18
+1580343900.95,+0000.98,+0001.95,-0002.93,+0000.15,+0001.15,-0010.57
+1580343900.95,+0000.00,+0001.95,-0002.93,-0000.31,-0000.38,-0010.18
+1580343900.96,+0000.00,+0001.95,-0002.93,+0000.15,-0000.77,-0010.11
+1580343900.96,+0000.98,+0002.93,-0001.95,+0001.15,-0000.15,-0008.73
+1580343900.97,-0000.98,+0002.93,-0001.95,+0000.61,-0000.15,-0008.42
+1580343900.97,-0001.95,+0002.93,-0001.95,+0000.38,+0000.15,-0010.87
+1580343900.98,-0000.98,+0002.93,-0001.95,-0000.38,-0000.15,-0010.49
+1580343900.98,+0000.98,+0002.93,-0001.95,+0000.38,+0000.15,-0010.03
+1580343900.99,+0000.98,+0002.93,-0002.93,-0002.68,-0001.30,-0007.73
+1580343900.99,-0000.98,+0001.95,-0002.93,-0000.84,+0000.08,-0009.95
+1580343901.00,-0003.91,+0001.95,-0002.93,-0000.23,+0000.00,-0012.40
+1580343901.00,-0000.98,+0001.95,-0002.93,-0000.31,-0001.45,-0012.48
+1580343901.01,+0001.95,+0001.95,-0002.93,+0001.45,+0000.92,-0010.18
+1580343901.01,-0001.95,+0001.95,-0003.91,-0000.77,-0000.84,-0009.26
+1580343901.02,+0000.00,+0001.95,-0003.91,-0000.31,-0001.15,-0009.26
+1580343901.02,+0000.98,+0001.95,-0002.93,+0000.00,-0000.54,-0010.18
+1580343901.03,+0000.98,+0001.95,-0002.93,-0000.23,+0000.46,-0006.89
+1580343901.03,-0001.95,+0001.95,-0002.93,-0002.30,-0001.68,-0007.81
+1580343901.04,-0002.93,+0001.95,-0003.91,-0000.84,+0000.31,-0010.87
+1580343901.04,+0000.00,+0000.98,-0005.86,-0001.15,+0001.84,-0011.25
+1580343901.05,-0003.91,+0000.00,-0005.86,-0000.38,-0000.08,-0011.33
+1580343901.05,-0003.91,-0000.98,-0005.86,+0000.08,-0000.46,-0011.18
+1580343901.06,-0002.93,+0000.00,-0004.88,+0001.91,-0001.07,-0010.26
+1580343901.06,-0005.86,-0000.98,-0004.88,+0000.54,+0000.61,-0009.42
+1580343901.07,-0009.77,-0000.98,-0004.88,-0001.45,+0000.69,-0011.03
+1580343901.07,-0006.84,-0000.98,-0004.88,+0001.91,-0000.54,-0010.49
+1580343901.08,-0003.91,-0000.98,-0004.88,-0000.69,-0000.46,-0007.12
+1580343901.08,-0002.93,-0001.95,-0005.86,+0000.08,+0000.61,-0009.26
+1580343901.09,-0006.84,-0001.95,-0004.88,+0000.38,-0002.30,-0010.03
+1580343901.09,-0000.98,-0000.98,-0003.91,+0000.23,-0005.82,-0009.49
+1580343901.10,+0008.79,-0001.95,-0003.91,+0000.54,+0007.12,-0010.49
+1580343901.10,-0011.72,-0002.93,-0005.86,-0001.30,+0001.30,-0016.23
+1580343901.11,-0008.79,-0003.91,-0005.86,-0001.07,-0005.13,-0013.48
+1580343901.11,+0007.81,-0002.93,-0005.86,-0001.61,+0004.98,-0014.55
+1580343901.12,-0001.95,-0005.86,-0007.81,+0002.22,-0000.08,-0004.75
+1580343901.12,-0008.79,-0005.86,-0007.81,+0000.46,+0001.53,-0009.80
+1580343901.13,-0007.81,-0005.86,-0005.86,+0001.68,-0001.84,-0010.26
+1580343901.13,-0000.98,-0003.91,-0003.91,+0000.54,+0002.83,-0007.12
+1580343901.14,-0005.86,-0005.86,-0003.91,-0001.68,+0001.23,-0009.03
+1580343901.14,-0009.77,-0005.86,-0003.91,+0000.15,-0000.46,-0010.80
+1580343901.15,-0002.93,-0004.88,-0003.91,+0000.61,-0001.00,-0009.49
+1580343901.15,+0002.93,-0005.86,-0003.91,-0001.68,+0003.22,-0008.50
+1580343901.16,-0006.84,-0007.81,-0004.88,-0001.84,+0000.92,-0011.94
+1580343901.16,-0007.81,-0007.81,-0003.91,+0002.53,-0001.68,-0015.16
+1580343901.17,+0005.86,-0006.84,-0003.91,-0000.54,+0000.15,-0009.42
+1580343901.17,+0004.88,-0006.84,-0004.88,-0001.53,+0001.68,-0005.82
+1580343901.18,-0005.86,-0007.81,-0004.88,+0002.07,+0000.61,-0007.81
+1580343901.18,-0003.91,-0005.86,-0003.91,+0001.00,-0002.14,-0010.34
+1580343901.19,+0004.88,-0004.88,-0002.93,+0000.69,+0002.22,-0010.26
+1580343901.19,+0000.00,-0005.86,-0002.93,+0000.31,+0002.22,-0009.19
+1580343901.20,-0007.81,-0006.84,-0003.91,+0000.92,+0001.23,-0011.25
+1580343901.20,-0003.91,-0003.91,-0002.93,-0000.31,+0001.23,-0012.86
+1580343901.21,+0000.98,-0003.91,-0001.95,+0001.38,-0000.46,-0008.88
+1580343901.21,-0000.98,-0004.88,-0001.95,-0000.92,+0000.38,-0007.96
+1580343901.22,-0004.88,-0003.91,-0000.98,+0001.00,-0000.46,-0007.04
+1580343901.22,-0002.93,-0001.95,-0000.98,+0001.45,-0003.06,-0009.19
+1580343901.23,+0000.98,-0001.95,-0000.98,-0002.14,-0000.15,-0010.49
+1580343901.23,+0000.00,-0003.91,-0000.98,+0000.15,-0000.61,-0011.48
+1580343901.24,-0001.95,-0001.95,-0000.98,+0001.30,-0001.15,-0012.10
+1580343901.24,+0000.98,-0000.98,-0000.98,-0001.30,-0001.76,-0012.94
+1580343901.25,+0005.86,-0000.98,-0000.98,-0000.69,-0001.15,-0011.41
+1580343901.25,+0001.95,-0000.98,-0000.98,-0000.08,+0001.45,-0010.57
+1580343901.26,+0000.00,+0000.98,-0000.98,-0000.54,-0002.45,-0009.72
+1580343901.26,+0004.88,+0001.95,-0000.98,-0000.23,-0001.38,-0009.65
+1580343901.27,+0004.88,+0000.98,-0000.98,+0000.00,-0000.69,-0008.35
+1580343901.27,+0002.93,+0001.95,+0000.00,-0000.38,-0001.23,-0006.58
+1580343901.28,+0000.98,+0002.93,+0000.00,-0000.54,+0000.54,-0008.04
+1580343901.28,+0000.00,+0003.91,+0000.00,+0000.15,+0000.15,-0009.19
+1580343901.29,+0000.00,+0003.91,+0000.00,+0000.92,-0000.15,-0009.65
+1580343901.29,+0000.00,+0003.91,+0000.00,-0000.46,-0000.84,-0009.65
+1580343901.30,-0001.95,+0003.91,+0000.00,+0000.38,+0000.15,-0010.03
+1580343901.30,-0004.88,+0003.91,+0000.00,+0000.61,+0000.08,-0010.64
+1580343901.31,-0003.91,+0003.91,+0000.00,-0001.91,+0000.54,-0009.49
+1580343901.31,-0004.88,+0003.91,+0000.00,-0000.54,+0000.08,-0010.26
+1580343901.32,-0006.84,+0002.93,+0000.00,+0000.61,+0000.08,-0011.71
+1580343901.32,-0006.84,+0001.95,-0000.98,-0000.69,-0001.76,-0011.33
+1580343901.33,-0002.93,+0001.95,-0000.98,-0000.31,+0000.08,-0011.25
+1580343901.33,-0003.91,+0001.95,-0000.98,+0001.00,-0000.46,-0010.49
+1580343901.34,-0003.91,+0001.95,-0000.98,-0000.38,+0000.00,-0011.18
+1580343901.34,-0002.93,+0001.95,-0000.98,-0000.31,-0002.30,-0009.19
+1580343901.35,+0000.98,+0000.98,-0000.98,+0000.08,+0000.84,-0008.96
+1580343901.35,-0001.95,+0000.98,-0001.95,-0000.15,-0001.99,-0008.80
+1580343901.36,-0000.98,+0000.00,-0001.95,-0002.07,-0001.53,-0009.03
+1580343901.36,+0000.00,-0000.98,-0002.93,+0000.00,+0000.31,-0011.56
+1580343901.37,-0000.98,-0001.95,-0003.91,+0001.00,+0000.77,-0010.64
+1580343901.37,-0001.95,-0002.93,-0003.91,-0001.99,+0000.31,-0011.25
+1580343901.38,-0002.93,-0002.93,-0003.91,+0000.23,-0000.46,-0010.87
+1580343901.38,-0000.98,-0002.93,-0003.91,+0000.61,+0001.61,-0010.11
+1580343901.39,-0002.93,-0003.91,-0003.91,-0001.30,+0000.46,-0008.42
+1580343901.39,-0003.91,-0003.91,-0003.91,-0000.77,+0000.69,-0008.12
+1580343901.40,-0003.91,-0004.88,-0003.91,-0000.31,-0000.08,-0010.72
+1580343901.40,-0001.95,-0004.88,-0002.93,+0000.00,-0001.84,-0009.19
+1580343901.41,+0001.95,-0004.88,-0002.93,-0001.30,-0002.83,-0008.58
+1580343901.41,+0000.00,-0005.86,-0003.91,-0000.23,+0002.22,-0010.49
+1580343901.42,-0006.84,-0006.84,-0004.88,-0000.38,-0001.76,-0013.70
+1580343901.42,+0000.00,-0006.84,-0002.93,-0001.23,-0002.30,-0012.94
+1580343901.43,+0005.86,-0006.84,-0003.91,+0000.23,+0000.54,-0012.56
+1580343901.43,+0001.95,-0007.81,-0003.91,+0000.92,-0001.45,-0005.67
+1580343901.44,+0000.00,-0006.84,-0003.91,-0000.61,-0001.30,-0009.49
+1580343901.44,+0000.98,-0006.84,-0002.93,+0000.08,-0001.61,-0008.80
+1580343901.45,+0004.88,-0005.86,-0002.93,+0000.92,+0000.69,-0006.58
+1580343901.45,+0000.98,-0007.81,-0002.93,-0000.61,-0000.77,-0010.26
+1580343901.46,-0000.98,-0006.84,-0002.93,+0000.08,-0001.61,-0010.80
+1580343901.46,+0000.98,-0006.84,-0002.93,+0000.38,+0000.69,-0012.71
+1580343901.47,+0000.00,-0006.84,-0002.93,-0000.23,+0001.45,-0010.87
+1580343901.47,-0002.93,-0007.81,-0001.95,-0000.69,-0000.84,-0011.48
+1580343901.48,-0000.98,-0007.81,-0001.95,+0000.38,-0000.38,-0010.95
+1580343901.48,-0000.98,-0006.84,-0001.95,+0001.61,+0000.77,-0009.72
+1580343901.49,-0000.98,-0006.84,-0000.98,+0000.46,-0001.30,-0008.88
+1580343901.49,-0001.95,-0006.84,-0000.98,-0000.54,+0001.23,-0009.42
+1580343901.50,-0001.95,-0005.86,+0000.00,+0001.45,+0001.15,-0012.02
+1580343901.50,-0001.95,-0005.86,+0000.00,+0000.69,-0000.38,-0010.49
+1580343901.51,+0000.98,-0004.88,+0000.00,-0000.69,-0001.00,-0011.71
+1580343901.51,-0001.95,-0005.86,+0000.00,+0000.31,+0001.00,-0011.33
+1580343901.52,+0000.00,-0004.88,+0000.98,+0001.00,+0000.77,-0011.33
+1580343901.52,-0000.98,-0004.88,+0000.98,-0000.84,+0000.84,-0009.95
+1580343901.53,+0000.98,-0003.91,+0001.95,-0000.23,-0000.31,-0009.88
+1580343901.53,-0000.98,-0004.88,+0001.95,+0000.54,+0000.69,-0010.26
+1580343901.54,+0000.00,-0003.91,+0001.95,-0001.61,+0000.38,-0009.95
+1580343901.54,-0000.98,-0003.91,+0001.95,+0000.15,+0000.31,-0011.41
+1580343901.55,+0000.98,-0002.93,+0002.93,+0000.23,-0000.08,-0011.10
+1580343901.55,+0000.98,-0002.93,+0002.93,+0001.07,+0000.00,-0011.71
+1580343901.56,+0002.93,-0002.93,+0002.93,-0000.31,+0000.31,-0008.88
+1580343901.56,+0001.95,-0002.93,+0001.95,+0000.23,+0000.84,-0010.57
+1580343901.57,-0000.98,-0002.93,+0002.93,+0001.00,+0000.00,-0011.33
+1580343901.57,+0004.88,-0001.95,+0003.91,-0001.00,+0001.07,-0009.95
+1580343901.58,+0004.88,-0001.95,+0003.91,+0000.08,+0001.15,-0009.57
+1580343901.58,-0001.95,-0000.98,+0003.91,+0001.61,+0000.38,-0010.64
+1580343901.59,-0000.98,-0000.98,+0004.88,+0001.30,-0001.84,-0012.86
+1580343901.59,+0010.74,+0000.00,+0004.88,-0000.31,+0002.37,-0000.31
+1580343901.60,+0000.00,-0000.98,+0003.91,-0000.84,+0010.41,-0011.25
+1580343901.60,-0019.53,-0000.98,+0003.91,-0000.38,-0004.44,-0009.80
+1580343901.61,+0000.98,+0001.95,+0004.88,-0002.22,+0001.53,-0014.93
+1580343901.61,+0002.93,+0000.00,+0003.91,-0000.69,+0003.98,-0010.57
+1580343901.62,-0009.77,-0000.98,+0002.93,+0001.68,-0000.38,-0004.82
+1580343901.62,-0010.74,+0000.00,+0003.91,-0000.23,-0001.91,-0012.02
+1580343901.63,-0004.88,+0001.95,+0004.88,+0000.69,+0000.00,-0008.96
+1580343901.63,-0000.98,+0000.98,+0004.88,+0000.15,-0000.31,-0008.12
+1580343901.64,-0007.81,-0000.98,+0004.88,+0000.15,-0001.15,-0009.65
+1580343901.64,-0004.88,+0000.98,+0004.88,+0000.54,-0001.84,-0010.95
+1580343901.65,+0001.95,+0001.95,+0005.86,+0000.61,-0000.77,-0009.42
+1580343901.65,-0000.98,+0000.98,+0004.88,-0001.61,-0001.45,-0008.96
+1580343901.66,+0000.00,+0000.98,+0003.91,+0000.23,-0001.53,-0010.72
+1580343901.66,+0001.95,+0000.98,+0003.91,+0001.23,-0002.07,-0011.56
+1580343901.67,+0005.86,+0000.98,+0003.91,-0001.99,-0002.45,-0009.34
+1580343901.67,+0005.86,+0000.00,+0003.91,+0000.23,-0000.54,-0011.41
+1580343901.68,+0000.98,+0000.98,+0003.91,+0001.84,-0000.69,-0010.26
+1580343901.68,+0001.95,+0000.98,+0003.91,-0000.46,-0000.31,-0011.03
+1580343901.69,+0004.88,+0000.98,+0003.91,-0000.69,-0001.45,-0008.42
+1580343901.69,+0003.91,+0000.00,+0003.91,-0000.77,+0000.23,-0009.57
+1580343901.70,-0000.98,+0000.98,+0003.91,+0000.23,+0001.23,-0011.41
+1580343901.70,-0002.93,+0000.00,+0003.91,-0000.38,-0000.31,-0009.49
+1580343901.71,+0000.00,+0000.00,+0003.91,-0002.14,+0001.53,-0009.95
+1580343901.71,-0000.98,+0000.00,+0003.91,+0000.54,+0000.54,-0009.03
+1580343901.72,-0003.91,+0000.00,+0002.93,+0001.30,-0000.08,-0010.41
+1580343901.72,-0004.88,+0000.00,+0003.91,-0000.84,-0001.00,-0009.19
+1580343901.73,-0002.93,+0000.98,+0004.88,+0000.23,+0000.61,-0009.65
+1580343901.73,-0002.93,+0000.98,+0004.88,+0001.45,+0000.38,-0011.25
+1580343901.74,-0001.95,+0000.98,+0004.88,+0000.00,-0001.23,-0009.95
+1580343901.74,-0001.95,+0000.98,+0004.88,-0001.30,-0000.69,-0010.18
+1580343901.75,-0002.93,+0001.95,+0003.91,-0000.23,+0002.37,-0011.33
+1580343901.75,-0001.95,+0000.98,+0003.91,+0001.30,-0001.30,-0013.86
+1580343901.76,+0002.93,+0001.95,+0004.88,-0000.31,-0000.31,-0011.56
+1580343901.76,+0002.93,+0001.95,+0004.88,+0001.07,-0002.07,-0010.11
+1580343901.77,+0000.00,+0002.93,+0005.86,+0001.53,-0000.54,-0008.88
+1580343901.77,+0000.98,+0003.91,+0005.86,-0000.38,-0000.54,-0010.03
+1580343901.78,+0005.86,+0003.91,+0005.86,-0001.38,+0000.46,-0009.42
+1580343901.78,+0002.93,+0003.91,+0005.86,-0000.23,+0000.15,-0008.04
+1580343901.79,+0000.98,+0003.91,+0005.86,+0000.77,-0000.31,-0011.41
+1580343901.79,+0000.98,+0004.88,+0005.86,-0001.30,-0003.90,-0008.80
+1580343901.80,+0008.79,+0004.88,+0005.86,-0002.14,+0001.99,-0008.35
+1580343901.80,-0000.98,+0003.91,+0005.86,+0000.77,+0000.31,-0012.33
+1580343901.81,-0002.93,+0004.88,+0005.86,+0001.07,-0003.22,-0011.25
+1580343901.81,+0005.86,+0005.86,+0005.86,-0001.99,+0000.15,-0012.71
+1580343901.82,+0003.91,+0004.88,+0006.84,+0000.84,+0002.53,-0010.80
+1580343901.82,-0001.95,+0004.88,+0005.86,+0001.23,-0001.30,-0011.10
+1580343901.83,+0001.95,+0005.86,+0006.84,-0001.15,-0001.61,-0010.18
+1580343901.83,+0004.88,+0005.86,+0006.84,-0000.77,-0001.68,-0008.50
+1580343901.84,+0003.91,+0005.86,+0006.84,+0000.15,+0000.23,-0008.65
+1580343901.84,-0000.98,+0004.88,+0005.86,-0000.23,-0000.84,-0010.11
+1580343901.85,+0002.93,+0006.84,+0005.86,-0002.45,-0001.99,-0010.57
+1580343901.85,+0006.84,+0005.86,+0005.86,-0000.61,-0000.69,-0010.49
+1580343901.86,+0002.93,+0004.88,+0004.88,+0000.00,+0000.54,-0010.49
+1580343901.86,-0000.98,+0004.88,+0004.88,-0000.31,-0001.68,-0011.56
+1580343901.87,+0003.91,+0005.86,+0004.88,-0002.45,+0000.08,-0012.33
+1580343901.87,+0003.91,+0004.88,+0004.88,+0000.46,+0001.00,-0008.65
+1580343901.88,+0000.00,+0004.88,+0003.91,+0000.08,-0001.07,-0007.66
+1580343901.88,-0000.98,+0004.88,+0003.91,+0000.00,-0001.61,-0009.34
+1580343901.89,+0000.98,+0004.88,+0004.88,-0000.15,+0000.31,-0010.18
+1580343901.89,+0000.98,+0003.91,+0003.91,-0000.15,+0001.00,-0008.50
+1580343901.90,-0001.95,+0003.91,+0003.91,-0001.38,-0001.61,-0008.19
+1580343901.90,-0002.93,+0003.91,+0003.91,-0000.15,-0001.91,-0008.96
+1580343901.91,+0000.00,+0003.91,+0003.91,+0000.38,-0000.69,-0009.11
+1580343901.91,+0000.00,+0002.93,+0002.93,-0001.15,-0000.92,-0008.42
+1580343901.92,-0001.95,+0001.95,+0001.95,-0001.76,+0000.61,-0009.65
+1580343901.92,-0005.86,+0001.95,+0001.95,+0000.31,-0000.69,-0010.95
+1580343901.93,-0001.95,+0000.98,+0001.95,+0000.84,-0000.69,-0012.71
+1580343901.93,+0000.00,+0000.98,+0001.95,-0000.92,+0000.08,-0011.94
+1580343901.94,-0002.93,+0000.00,+0001.95,+0000.08,-0000.23,-0010.64
+1580343901.94,-0002.93,+0000.00,+0000.98,+0001.99,-0001.53,-0009.57
+1580343901.95,+0000.00,-0000.98,+0001.95,-0000.23,-0000.84,-0007.04
+1580343901.95,-0000.98,-0000.98,+0000.98,-0001.15,-0000.61,-0007.35
+1580343901.96,-0002.93,-0001.95,+0000.98,-0000.69,+0000.08,-0009.88
+1580343901.96,-0000.98,-0002.93,+0000.98,+0001.00,-0000.77,-0010.64
+1580343901.97,+0002.93,-0002.93,+0000.00,-0001.99,+0000.00,-0011.03
+1580343901.97,+0000.00,-0004.88,-0000.98,-0000.54,-0001.38,-0011.79
+1580343901.98,-0000.98,-0004.88,-0000.98,+0000.31,+0000.38,-0014.09
+1580343901.98,+0000.98,-0004.88,+0000.00,+0000.61,-0001.07,-0011.33
+1580343901.99,+0005.86,-0004.88,+0000.00,-0000.54,-0000.69,-0008.96
+1580343901.99,+0000.98,-0005.86,+0000.00,-0001.00,-0000.38,-0009.80
+1580343902.00,+0000.00,-0005.86,+0000.00,+0000.77,-0000.31,-0010.87
+1580343902.00,+0002.93,-0005.86,-0000.98,-0000.46,+0000.38,-0009.72
+1580343902.01,+0004.88,-0006.84,-0000.98,-0001.91,+0001.91,-0009.34
+1580343902.01,+0000.00,-0007.81,-0000.98,-0000.69,+0000.15,-0010.11
+1580343902.02,+0000.98,-0006.84,-0000.98,+0000.69,+0000.00,-0011.64
+1580343902.02,+0001.95,-0006.84,-0000.98,-0000.31,+0000.61,-0009.95
+1580343902.03,+0001.95,-0006.84,-0000.98,-0001.99,+0001.68,-0008.04
+1580343902.03,-0001.95,-0006.84,-0001.95,+0001.45,-0001.23,-0010.26
+1580343902.04,-0000.98,-0005.86,-0000.98,+0001.68,+0000.00,-0007.66
+1580343902.04,+0000.00,-0005.86,+0000.00,-0000.77,+0000.69,-0007.50
+1580343902.05,-0003.91,-0005.86,+0000.98,-0001.84,+0000.84,-0006.66
+1580343902.05,-0004.88,-0004.88,+0000.98,+0000.69,-0000.92,-0009.88
+1580343902.06,-0002.93,-0004.88,+0000.98,+0000.23,-0000.84,-0008.50
+1580343902.06,-0002.93,-0004.88,+0000.00,-0001.00,-0000.23,-0008.80
+1580343902.07,-0005.86,-0004.88,-0000.98,+0001.07,-0000.46,-0012.10
+1580343902.07,-0004.88,-0003.91,+0000.00,+0001.00,-0002.45,-0012.33
+1580343902.08,+0000.00,-0002.93,+0000.00,+0000.23,-0002.37,-0011.33
+1580343902.08,+0000.98,-0002.93,+0000.98,-0001.07,-0000.69,-0012.25
+1580343902.09,+0000.98,-0002.93,+0000.00,+0000.61,-0004.90,-0005.36
+1580343902.09,+0008.79,-0001.95,+0000.00,+0000.46,+0003.68,-0008.12
+1580343902.10,-0007.81,-0000.98,-0000.98,-0001.99,+0002.22,-0015.31
+1580343902.10,-0002.93,-0000.98,-0000.98,+0002.76,+0000.46,-0018.15
+1580343902.11,+0007.81,+0000.00,+0000.00,-0000.15,+0001.99,-0013.93
+1580343902.11,+0001.95,-0000.98,+0000.00,+0001.91,+0001.23,-0005.82
+1580343902.12,-0002.93,-0000.98,-0000.98,-0001.99,+0000.61,-0006.97
+1580343902.12,-0002.93,+0000.98,+0000.00,+0001.15,-0000.77,-0008.27
+1580343902.13,+0003.91,+0000.98,+0000.00,-0000.08,+0003.29,-0007.66
+1580343902.13,-0001.95,+0000.00,+0000.98,-0000.15,+0000.54,-0008.42
+1580343902.14,-0004.88,+0000.00,+0000.98,+0000.08,-0001.53,-0012.02
+1580343902.14,+0002.93,+0001.95,+0000.98,-0000.61,+0000.46,-0014.32
+1580343902.15,+0002.93,+0000.98,+0000.98,+0000.31,-0000.54,-0011.03
+1580343902.15,+0003.91,+0000.00,+0000.98,-0000.08,-0001.30,-0010.18
+1580343902.16,+0000.98,+0000.00,+0000.98,+0001.23,-0001.45,-0011.03
+1580343902.16,+0004.88,+0001.95,+0000.98,+0000.84,+0000.08,-0011.48
+1580343902.17,+0003.91,+0000.98,+0000.00,+0000.46,+0001.30,-0011.48
+1580343902.17,+0001.95,+0000.98,+0000.00,-0000.15,+0001.30,-0009.26
+1580343902.18,+0000.98,+0000.98,-0000.98,+0000.00,+0000.00,-0010.34
+1580343902.18,+0001.95,+0001.95,+0000.00,+0001.07,+0000.38,-0008.42
+1580343902.19,+0000.98,+0001.95,+0000.00,+0001.38,-0000.38,-0007.81
+1580343902.19,+0000.00,+0001.95,+0000.98,+0000.31,+0001.61,-0007.58
+1580343902.20,-0002.93,+0001.95,+0000.98,-0000.69,+0000.38,-0006.35
+1580343902.20,-0004.88,+0001.95,+0000.98,+0001.91,+0000.23,-0008.42
+1580343902.21,-0004.88,+0001.95,+0000.98,+0000.00,-0001.84,-0010.18
+1580343902.21,-0002.93,+0001.95,+0000.00,-0000.08,-0000.46,-0013.17
+1580343902.22,-0002.93,+0000.00,-0000.98,+0001.23,+0001.00,-0011.41
+1580343902.22,-0005.86,+0000.98,-0000.98,+0000.54,-0000.92,-0011.41
+1580343902.23,-0007.81,+0000.98,+0000.00,-0000.46,-0003.37,-0014.24
+1580343902.23,-0000.98,+0000.98,+0000.00,+0000.15,-0001.30,-0013.78
+1580343902.24,+0000.00,+0000.00,+0000.00,+0000.08,+0001.45,-0010.72
+1580343902.24,-0001.95,+0000.98,+0000.00,+0000.61,-0001.61,-0008.19
+1580343902.25,-0001.95,+0000.98,+0000.00,+0000.08,-0001.53,-0010.03
+1580343902.25,+0001.95,+0001.95,-0000.98,+0000.15,-0002.14,-0009.95
+1580343902.26,+0005.86,+0000.98,-0000.98,+0000.77,-0001.76,-0006.51
+1580343902.26,+0004.88,+0000.98,-0000.98,-0001.38,+0001.00,-0007.12
+1580343902.27,-0000.98,+0000.98,-0000.98,-0000.31,-0000.31,-0009.34
+1580343902.27,+0000.98,+0001.95,-0000.98,+0002.22,-0001.15,-0013.25
+1580343902.28,+0004.88,+0001.95,-0000.98,+0000.23,+0000.15,-0012.10
+1580343902.28,+0000.98,+0000.98,+0000.00,-0001.91,+0002.30,-0011.64
+1580343902.29,-0002.93,+0000.98,+0000.00,+0000.92,+0000.23,-0012.02
+1580343902.29,-0001.95,+0000.98,+0000.00,+0002.14,-0000.08,-0011.41
+1580343902.30,-0000.98,+0001.95,+0000.00,-0000.31,+0000.23,-0008.27
+1580343902.30,-0002.93,+0000.98,+0000.00,-0000.31,+0002.07,-0007.96
+1580343902.31,-0005.86,+0000.98,+0000.00,+0001.91,-0000.46,-0009.65
+1580343902.31,-0003.91,+0001.95,+0000.00,+0001.61,+0000.61,-0010.57
+1580343902.32,-0000.98,+0001.95,+0000.98,-0001.00,-0000.46,-0010.87
+1580343902.32,-0004.88,+0000.98,+0000.98,+0001.15,+0001.84,-0012.02
+1580343902.33,-0004.88,+0000.98,+0000.98,+0000.46,+0001.30,-0014.47
+1580343902.33,-0002.93,+0000.98,+0000.98,-0000.61,+0000.69,-0011.87
+1580343902.34,-0001.95,+0001.95,+0000.98,+0000.84,-0000.77,-0010.49
+1580343902.34,-0003.91,+0000.98,+0000.98,+0001.07,+0001.23,-0008.04
+1580343902.35,-0004.88,+0000.98,+0000.98,+0001.84,+0001.84,-0009.34
+1580343902.35,-0005.86,+0001.95,+0002.93,+0000.08,+0001.68,-0008.35
+1580343902.36,-0003.91,+0002.93,+0003.91,+0000.31,+0001.38,-0009.95
+1580343902.36,-0006.84,+0001.95,+0003.91,+0000.54,+0000.84,-0011.10
+1580343902.37,-0004.88,+0001.95,+0003.91,-0001.15,-0000.08,-0011.94
+1580343902.37,-0002.93,+0001.95,+0003.91,+0000.77,+0000.61,-0012.02
+1580343902.38,-0001.95,+0001.95,+0002.93,+0000.46,-0000.15,-0011.10
+1580343902.38,-0000.98,+0001.95,+0002.93,+0000.08,-0000.92,-0010.03
+1580343902.39,+0000.00,+0001.95,+0003.91,+0000.38,-0001.23,-0009.49
+1580343902.39,+0002.93,+0002.93,+0003.91,+0001.61,-0001.76,-0009.03
+1580343902.40,+0003.91,+0002.93,+0003.91,+0001.15,-0002.07,-0008.88
+1580343902.40,+0005.86,+0003.91,+0004.88,+0000.38,-0001.07,-0008.58
+1580343902.41,+0005.86,+0003.91,+0004.88,+0001.38,-0000.23,-0009.88
+1580343902.41,+0004.88,+0004.88,+0004.88,-0000.08,-0001.00,-0009.49
+1580343902.42,+0005.86,+0004.88,+0004.88,-0000.84,-0002.30,-0009.88
+1580343902.42,+0007.81,+0004.88,+0003.91,+0000.77,-0001.23,-0010.11
+1580343902.43,+0005.86,+0003.91,+0003.91,-0000.84,+0000.15,-0008.96
+1580343902.43,+0002.93,+0003.91,+0003.91,-0000.84,+0000.92,-0010.03
+1580343902.44,-0000.98,+0003.91,+0003.91,+0000.54,+0001.00,-0011.71
+1580343902.44,+0000.98,+0004.88,+0002.93,+0000.84,+0000.77,-0012.33
+1580343902.45,-0001.95,+0003.91,+0002.93,+0000.31,+0000.46,-0010.11
+1580343902.45,-0002.93,+0003.91,+0002.93,+0000.00,+0000.31,-0010.41
+1580343902.46,-0002.93,+0003.91,+0002.93,+0001.99,+0000.54,-0007.89
+1580343902.46,-0002.93,+0003.91,+0002.93,+0000.15,-0000.08,-0008.12
+1580343902.47,-0004.88,+0003.91,+0002.93,-0001.00,-0000.84,-0009.80
+1580343902.47,-0001.95,+0003.91,+0002.93,-0001.30,+0000.15,-0010.72
+1580343902.48,+0000.98,+0003.91,+0002.93,+0000.00,+0000.15,-0009.49
+1580343902.48,-0000.98,+0002.93,+0001.95,-0001.76,-0000.84,-0008.88
+1580343902.49,-0001.95,+0002.93,+0000.98,-0000.84,-0000.69,-0012.10
+1580343902.49,+0000.00,+0002.93,+0000.98,+0000.84,-0002.30,-0010.41
+1580343902.50,+0004.88,+0003.91,+0000.98,+0000.15,+0000.92,-0008.80
+1580343902.50,+0000.00,+0002.93,+0000.98,-0001.91,+0000.08,-0008.35
+1580343902.51,-0003.91,+0003.91,+0000.00,+0000.08,-0000.54,-0009.72
+1580343902.51,-0000.98,+0003.91,+0000.00,+0001.76,+0000.92,-0013.02
+1580343902.52,+0000.98,+0002.93,-0000.98,-0001.91,-0000.69,-0010.41
+1580343902.52,-0000.98,+0001.95,-0000.98,-0000.77,+0000.23,-0009.88
+1580343902.53,-0004.88,+0000.98,-0001.95,+0001.30,+0000.08,-0013.02
+1580343902.53,-0001.95,+0001.95,-0000.98,-0000.15,-0001.30,-0011.41
+1580343902.54,+0001.95,+0000.98,-0000.98,-0000.69,-0000.92,-0010.34
+1580343902.54,+0000.00,+0000.98,-0001.95,-0000.61,-0002.45,-0008.35
+1580343902.55,-0000.98,+0000.98,-0002.93,+0000.69,-0001.53,-0008.19
+1580343902.55,+0003.91,+0000.98,-0001.95,-0002.30,-0002.14,-0006.12
+1580343902.56,+0003.91,+0000.98,-0003.91,-0001.53,+0000.54,-0009.26
+1580343902.56,+0001.95,+0000.00,-0003.91,+0002.37,-0000.84,-0011.41
+1580343902.57,+0004.88,+0000.00,-0004.88,-0002.22,-0002.37,-0009.57
+1580343902.57,+0007.81,+0000.00,-0005.86,-0001.99,-0001.07,-0006.05
+1580343902.58,-0003.91,-0000.98,-0005.86,-0001.53,+0006.35,-0014.09
+1580343902.58,-0007.81,-0001.95,-0005.86,+0002.30,-0003.52,-0011.41
+1580343902.59,+0008.79,+0000.00,-0005.86,-0001.38,+0003.37,-0009.57
+1580343902.59,-0002.93,-0001.95,-0005.86,-0002.37,+0002.30,-0009.88
+1580343902.60,-0010.74,-0001.95,-0006.84,+0001.07,+0001.23,-0012.02
+1580343902.60,-0006.84,-0001.95,-0005.86,+0000.00,-0000.46,-0010.80
+1580343902.61,-0001.95,-0000.98,-0005.86,-0000.69,-0000.77,-0006.81
+1580343902.61,-0001.95,-0002.93,-0005.86,-0001.23,+0000.15,-0007.66
+1580343902.62,-0006.84,-0002.93,-0005.86,+0000.08,-0000.69,-0011.25
+1580343902.62,-0001.95,-0001.95,-0005.86,-0001.68,-0002.37,-0013.17
+1580343902.63,+0002.93,-0001.95,-0005.86,-0001.23,-0001.76,-0013.25
+1580343902.63,+0003.91,-0002.93,-0006.84,+0000.38,-0000.54,-0012.25
+1580343902.64,+0000.98,-0002.93,-0006.84,-0001.23,-0000.77,-0012.02
+1580343902.64,+0002.93,-0002.93,-0007.81,-0000.23,-0002.14,-0009.65
+1580343902.65,+0006.84,-0001.95,-0007.81,-0001.53,-0001.23,-0008.96
+1580343902.65,+0003.91,-0002.93,-0007.81,+0000.84,+0001.76,-0005.28
+1580343902.66,+0000.00,-0001.95,-0007.81,+0000.31,+0000.54,-0008.58
+1580343902.66,+0000.98,-0001.95,-0006.84,+0000.15,-0002.53,-0007.89
+1580343902.67,+0002.93,-0001.95,-0006.84,+0000.54,+0003.90,-0010.80
+1580343902.67,-0006.84,-0002.93,-0005.86,+0000.54,+0002.45,-0014.01
+1580343902.68,-0005.86,-0002.93,-0005.86,+0001.68,-0001.91,-0012.48
+1580343902.68,+0000.98,-0002.93,-0005.86,-0000.23,-0000.46,-0011.03
+1580343902.69,-0005.86,-0003.91,-0005.86,+0000.31,+0002.14,-0007.50
+1580343902.69,-0010.74,-0004.88,-0006.84,+0000.77,-0000.54,-0013.32
+1580343902.70,-0001.95,-0004.88,-0006.84,+0001.00,-0004.59,-0010.95
+1580343902.70,+0003.91,-0003.91,-0005.86,-0000.61,+0003.37,-0008.50
+1580343902.71,-0009.77,-0005.86,-0005.86,+0000.08,-0000.54,-0011.56
+1580343902.71,-0003.91,-0004.88,-0004.88,+0002.07,-0003.83,-0014.85
+1580343902.72,+0007.81,-0003.91,-0003.91,-0002.53,-0000.15,-0014.70
+1580343902.72,+0002.93,-0003.91,-0004.88,-0002.22,+0000.54,-0008.58
+1580343902.73,-0001.95,-0005.86,-0006.84,+0000.38,+0001.23,-0014.32
+1580343902.73,+0001.95,-0004.88,-0006.84,-0000.77,-0001.91,-0010.26
+1580343902.74,+0007.81,-0003.91,-0005.86,+0000.31,+0000.15,-0011.10
+1580343902.74,+0002.93,-0005.86,-0006.84,+0000.31,+0001.91,-0009.80
+1580343902.75,+0000.00,-0004.88,-0006.84,+0000.77,+0000.08,-0010.64
+1580343902.75,+0003.91,-0003.91,-0005.86,-0000.61,-0000.23,-0012.48
+1580343902.76,+0005.86,-0003.91,-0004.88,-0000.38,+0001.68,-0009.42
+1580343902.76,+0001.95,-0004.88,-0004.88,+0001.23,+0001.38,-0009.49
+1580343902.77,+0000.00,-0003.91,-0005.86,-0001.00,-0000.92,-0007.89
+1580343902.77,+0003.91,-0003.91,-0004.88,-0000.23,-0001.07,-0008.58
+1580343902.78,+0001.95,-0003.91,-0004.88,+0001.00,+0000.92,-0008.50
+1580343902.78,-0000.98,-0004.88,-0004.88,+0000.77,+0001.53,-0009.42
+1580343902.79,-0001.95,-0003.91,-0004.88,-0001.00,-0000.38,-0011.48
+1580343902.79,+0000.00,-0002.93,-0004.88,+0001.30,+0000.92,-0009.80
+1580343902.80,+0000.00,-0002.93,-0003.91,+0000.84,+0001.15,-0009.88
+1580343902.80,-0002.93,-0002.93,-0003.91,-0000.61,-0000.08,-0007.96
+1580343902.81,-0002.93,-0001.95,-0003.91,-0001.45,-0000.77,-0009.19
+1580343902.81,-0001.95,-0001.95,-0003.91,+0000.77,-0000.15,-0009.19
+1580343902.82,-0001.95,-0000.98,-0003.91,-0000.38,-0000.31,-0008.19
+1580343902.82,-0002.93,-0000.98,-0003.91,-0000.92,-0001.91,-0008.12
+1580343902.83,-0001.95,-0000.98,-0003.91,+0000.69,+0001.23,-0010.72
+1580343902.83,-0002.93,-0000.98,-0003.91,+0000.38,-0001.45,-0010.95
+1580343902.84,-0000.98,+0000.00,-0003.91,-0000.15,-0001.30,-0010.64
+1580343902.84,-0000.98,+0000.00,-0003.91,-0000.15,-0001.61,-0010.57
+1580343902.85,+0000.00,+0000.00,-0003.91,+0000.23,+0000.38,-0009.88
+1580343902.85,-0001.95,+0000.98,-0003.91,-0001.23,-0001.84,-0009.03
+1580343902.86,-0000.98,+0000.98,-0003.91,+0000.46,-0001.45,-0009.26
+1580343902.86,+0000.00,+0000.98,-0003.91,-0000.38,-0000.77,-0009.19
+1580343902.87,+0000.00,+0000.98,-0003.91,-0000.23,-0000.77,-0009.11
+1580343902.87,-0000.98,+0000.98,-0003.91,-0001.53,-0000.31,-0011.10
+1580343902.88,-0001.95,+0000.98,-0003.91,+0000.69,-0000.15,-0012.71
+1580343902.88,+0000.00,+0000.98,-0003.91,-0001.15,+0001.45,-0011.25
+1580343902.89,-0001.95,+0000.98,-0003.91,+0000.08,-0000.77,-0010.34
+1580343902.89,-0002.93,+0000.00,-0003.91,-0000.38,+0000.54,-0010.72
+1580343902.90,-0001.95,+0000.98,-0003.91,-0000.61,+0000.54,-0010.11
+1580343902.90,-0001.95,+0000.98,-0002.93,-0000.08,-0001.00,-0008.88
+1580343902.91,-0000.98,+0000.98,-0002.93,-0000.08,-0000.15,-0008.58
+1580343902.91,-0003.91,+0000.00,-0002.93,+0000.61,+0001.99,-0010.03
+1580343902.92,-0003.91,+0000.00,-0002.93,-0000.61,-0000.31,-0011.94
+1580343902.92,-0000.98,+0000.00,-0002.93,-0000.23,-0000.77,-0011.87
+1580343902.93,+0000.00,-0000.98,-0002.93,+0000.31,+0001.07,-0011.41
+1580343902.93,-0002.93,-0000.98,-0002.93,-0001.07,-0000.77,-0010.41
+1580343902.94,-0002.93,-0000.98,-0002.93,-0000.61,-0000.61,-0010.49
+1580343902.94,-0000.98,-0000.98,-0002.93,+0000.61,+0000.61,-0011.03
+1580343902.95,+0000.00,-0000.98,-0002.93,-0000.38,+0000.84,-0009.19
+1580343902.95,-0000.98,-0001.95,-0002.93,-0000.77,-0001.07,-0008.73
+1580343902.96,-0001.95,-0001.95,-0001.95,-0000.15,+0000.31,-0010.80
+1580343902.96,-0000.98,-0000.98,-0001.95,+0001.38,+0000.00,-0011.56
+1580343902.97,+0001.95,-0001.95,-0002.93,+0000.77,-0000.77,-0009.88
+1580343902.97,-0000.98,-0001.95,-0002.93,-0001.84,+0000.46,-0010.18
+1580343902.98,-0002.93,-0002.93,-0002.93,+0001.45,+0000.61,-0012.33
+1580343902.98,+0000.00,-0001.95,-0002.93,-0000.38,-0000.23,-0010.57
+1580343902.99,+0000.00,-0002.93,-0003.91,-0000.23,+0000.46,-0009.42
+1580343902.99,-0003.91,-0003.91,-0002.93,+0000.38,+0000.92,-0011.25
+1580343903.00,-0002.93,-0002.93,-0002.93,+0001.23,-0000.54,-0010.72
+1580343903.00,-0001.95,-0002.93,-0002.93,-0001.15,+0000.31,-0011.48
+1580343903.01,+0000.00,-0003.91,-0003.91,+0000.08,+0000.84,-0009.34
+1580343903.01,-0000.98,-0002.93,-0002.93,+0001.45,-0000.31,-0009.49
+1580343903.01,-0001.95,-0003.91,-0002.93,+0000.00,-0000.61,-0011.33
+1580343903.02,+0002.93,-0001.95,-0001.95,-0000.77,-0002.07,-0010.95
+1580343903.02,+0005.86,-0002.93,-0001.95,-0000.15,+0000.69,-0009.57
+1580343903.03,+0001.95,-0002.93,-0002.93,-0001.99,+0000.31,-0010.18
+1580343903.03,+0001.95,-0002.93,-0002.93,-0001.07,-0002.99,-0010.87
+1580343903.04,+0007.81,-0001.95,-0002.93,+0000.61,+0000.31,-0009.03
+1580343903.04,+0007.81,-0002.93,-0003.91,-0000.92,+0002.30,-0010.95
+1580343903.05,+0000.98,-0002.93,-0003.91,-0000.77,-0001.84,-0011.71
+1580343903.05,+0012.70,-0001.95,-0002.93,+0000.92,+0004.21,-0005.36
+1580343903.06,+0003.91,-0001.95,-0002.93,-0001.91,+0008.04,-0013.78
+1580343903.06,-0013.67,-0002.93,-0002.93,-0001.45,-0003.29,-0012.63
+1580343903.07,+0007.81,-0000.98,-0001.95,+0002.14,-0004.06,-0014.47
+1580343903.07,+0008.79,-0001.95,-0001.95,-0000.77,+0004.82,-0006.58
+1580343903.08,-0008.79,-0002.93,-0003.91,-0001.45,-0000.38,-0004.13
+1580343903.08,-0009.77,-0003.91,-0002.93,+0001.38,-0001.61,-0012.17
+1580343903.09,+0000.98,-0000.98,-0000.98,+0000.46,+0001.68,-0006.51
+1580343903.09,+0001.95,-0001.95,-0000.98,-0001.45,+0003.68,-0007.96
+1580343903.10,-0011.72,-0003.91,-0000.98,-0000.84,-0001.53,-0008.65
+1580343903.10,-0007.81,-0001.95,-0000.98,+0000.77,-0001.68,-0011.48
+1580343903.11,+0000.00,-0000.98,+0000.00,-0001.07,+0000.00,-0010.11
+1580343903.11,-0000.98,-0002.93,-0000.98,-0002.07,+0000.00,-0007.50
+1580343903.12,-0006.84,-0003.91,-0001.95,+0000.23,+0000.31,-0012.17
+1580343903.12,-0005.86,-0002.93,-0000.98,-0000.23,-0002.30,-0010.49
+1580343903.13,+0002.93,-0000.98,-0000.98,-0001.84,-0001.84,-0010.64
+1580343903.13,+0001.95,-0003.91,-0000.98,+0000.54,-0001.30,-0007.58
+1580343903.14,+0000.00,-0003.91,-0001.95,+0001.53,-0000.61,-0006.74
+1580343903.14,-0002.93,-0002.93,-0000.98,-0001.07,-0000.84,-0011.18
+1580343903.15,+0000.00,-0002.93,-0000.98,-0000.15,-0001.61,-0010.72
+1580343903.15,+0004.88,-0002.93,-0000.98,+0001.07,+0000.00,-0009.49
+1580343903.16,+0000.00,-0002.93,-0000.98,-0000.38,-0001.84,-0006.66
+1580343903.16,-0001.95,-0002.93,-0000.98,+0001.30,-0001.45,-0008.19
+1580343903.17,-0002.93,-0002.93,-0000.98,+0000.46,+0003.37,-0010.64
+1580343903.17,-0006.84,-0003.91,+0000.00,+0001.07,+0000.15,-0009.03
+1580343903.18,-0003.91,-0003.91,+0000.00,+0000.61,-0000.77,-0013.09
+1580343903.18,-0003.91,-0004.88,+0000.00,+0000.15,+0001.23,-0012.63
+1580343903.19,-0005.86,-0004.88,+0000.00,+0002.14,+0000.84,-0009.80
+1580343903.19,-0005.86,-0004.88,+0000.00,+0000.31,-0000.61,-0011.41
+1580343903.20,-0004.88,-0004.88,+0000.00,+0000.69,-0000.77,-0013.02
+1580343903.20,-0000.98,-0004.88,+0000.98,+0001.38,+0000.08,-0013.48
+1580343903.21,-0001.95,-0004.88,+0000.98,+0001.00,+0000.23,-0011.25
+1580343903.21,-0000.98,-0004.88,+0000.98,+0001.68,+0000.23,-0011.41
+1580343903.22,+0000.00,-0003.91,+0001.95,+0000.92,-0000.54,-0010.49
+1580343903.22,+0002.93,-0004.88,+0001.95,+0000.92,+0000.15,-0009.19
+1580343903.23,+0001.95,-0004.88,+0001.95,-0000.77,+0000.84,-0009.57
+1580343903.23,-0001.95,-0004.88,+0001.95,+0001.30,+0000.69,-0009.95
+1580343903.24,+0000.98,-0004.88,+0002.93,+0000.46,+0001.30,-0012.86
+1580343903.24,+0001.95,-0003.91,+0002.93,+0000.69,+0000.15,-0011.03
+1580343903.25,+0000.98,-0004.88,+0003.91,+0001.99,+0002.30,-0009.34
+1580343903.25,-0003.91,-0004.88,+0003.91,+0000.46,+0000.92,-0008.35
+1580343903.26,-0003.91,-0003.91,+0004.88,+0000.46,+0000.08,-0008.73
+1580343903.26,-0000.98,-0004.88,+0004.88,-0001.00,-0000.08,-0010.41
+1580343903.27,-0002.93,-0004.88,+0004.88,+0001.68,+0001.68,-0011.94
+1580343903.27,-0004.88,-0004.88,+0004.88,+0000.84,-0000.38,-0011.41
+1580343903.28,-0002.93,-0003.91,+0005.86,-0001.61,-0001.00,-0010.34
+1580343903.28,+0000.00,-0004.88,+0005.86,+0000.38,+0001.45,-0010.64
+1580343903.29,-0000.98,-0003.91,+0005.86,+0000.61,-0000.31,-0009.80
+1580343903.29,-0001.95,-0003.91,+0006.84,-0000.77,-0003.14,-0009.42
+1580343903.30,+0002.93,-0002.93,+0006.84,+0000.77,-0000.46,-0007.50
+1580343903.30,+0000.00,-0002.93,+0006.84,-0000.61,+0000.31,-0010.95
+1580343903.31,-0001.95,-0003.91,+0006.84,-0000.31,-0001.99,-0010.72
+1580343903.31,+0002.93,-0001.95,+0006.84,-0000.08,-0000.31,-0012.10
+1580343903.32,+0001.95,-0001.95,+0007.81,-0000.46,-0000.54,-0009.42
+1580343903.32,+0000.00,-0002.93,+0006.84,-0000.46,-0000.69,-0009.26
+1580343903.33,+0000.00,-0001.95,+0006.84,-0000.31,+0000.08,-0011.03
+1580343903.33,+0000.98,-0000.98,+0007.81,+0000.61,-0000.69,-0010.41
+1580343903.34,+0001.95,-0000.98,+0007.81,+0000.08,-0000.38,-0009.49
+1580343903.34,-0000.98,-0000.98,+0008.79,-0000.69,+0000.15,-0010.18
+1580343903.35,+0000.00,+0000.00,+0008.79,+0001.45,+0000.23,-0011.87
+1580343903.35,+0001.95,+0000.00,+0009.77,+0000.08,-0000.84,-0009.80
+1580343903.36,+0002.93,+0000.00,+0008.79,-0001.45,-0000.08,-0010.72
+1580343903.36,+0000.98,+0000.00,+0007.81,+0000.54,-0001.00,-0010.34
+1580343903.37,+0002.93,+0000.98,+0007.81,+0000.46,+0000.08,-0010.41
+1580343903.37,+0001.95,+0000.98,+0007.81,-0001.23,+0001.91,-0011.10
+1580343903.38,+0000.00,+0001.95,+0008.79,+0001.07,-0000.23,-0010.87
+1580343903.38,+0001.95,+0001.95,+0007.81,-0000.31,+0000.46,-0010.57
+1580343903.39,+0000.98,+0001.95,+0008.79,-0002.68,+0000.00,-0008.96
+1580343903.39,+0000.00,+0000.98,+0008.79,+0002.45,+0001.61,-0009.11
+1580343903.40,-0002.93,+0001.95,+0008.79,-0001.38,+0001.91,-0011.33
+1580343903.40,-0002.93,+0002.93,+0008.79,+0000.46,-0001.23,-0009.95
+1580343903.41,-0000.98,+0002.93,+0008.79,+0001.15,+0001.61,-0011.10
+1580343903.41,-0001.95,+0001.95,+0008.79,+0001.15,-0000.92,-0008.12
+1580343903.42,-0001.95,+0002.93,+0008.79,-0000.61,-0000.61,-0007.96
+1580343903.42,-0001.95,+0002.93,+0009.77,+0000.54,-0001.00,-0009.26
+1580343903.43,+0000.98,+0003.91,+0008.79,+0000.31,+0000.00,-0010.34
+1580343903.43,-0000.98,+0002.93,+0008.79,-0001.07,-0001.53,-0010.41
+1580343903.44,-0001.95,+0003.91,+0008.79,-0001.68,-0001.00,-0009.80
+1580343903.44,+0000.00,+0003.91,+0007.81,-0000.31,-0001.07,-0010.72
+1580343903.45,+0001.95,+0003.91,+0007.81,-0000.15,-0001.00,-0010.95
+1580343903.45,+0002.93,+0002.93,+0007.81,-0001.15,-0001.23,-0008.80
+1580343903.46,-0000.98,+0002.93,+0007.81,-0000.23,-0001.68,-0008.65
+1580343903.46,-0000.98,+0003.91,+0007.81,+0000.77,+0000.00,-0009.42
+1580343903.47,+0000.98,+0004.88,+0007.81,-0001.00,-0001.53,-0009.95
+1580343903.47,+0000.98,+0002.93,+0006.84,-0000.23,+0001.30,-0009.80
+1580343903.48,-0003.91,+0003.91,+0006.84,-0001.15,-0000.08,-0010.03
+1580343903.48,-0003.91,+0002.93,+0006.84,+0000.69,-0001.68,-0011.18
+1580343903.49,+0000.00,+0002.93,+0006.84,-0001.00,+0000.15,-0011.71
+1580343903.49,-0000.98,+0001.95,+0006.84,+0001.76,+0001.91,-0011.18
+1580343903.50,-0002.93,+0001.95,+0006.84,+0000.08,-0000.23,-0010.03
+1580343903.50,-0001.95,+0002.93,+0006.84,+0000.15,-0001.00,-0011.56
+1580343903.51,+0000.00,+0001.95,+0007.81,+0000.54,-0000.23,-0010.95
+1580343903.51,+0000.98,+0001.95,+0006.84,-0000.92,-0001.30,-0009.34
+1580343903.52,+0000.98,+0000.98,+0006.84,-0000.31,-0001.38,-0011.25
+1580343903.52,+0002.93,+0001.95,+0006.84,+0001.07,-0001.76,-0010.64
+1580343903.53,+0005.86,+0001.95,+0006.84,-0000.54,-0000.38,-0008.50
+1580343903.53,+0002.93,+0000.98,+0006.84,-0000.38,+0000.08,-0010.34
+1580343903.54,+0002.93,+0001.95,+0007.81,+0001.61,-0000.69,-0010.80
+1580343903.54,+0005.86,+0001.95,+0007.81,+0000.77,-0000.15,-0013.63
+1580343903.55,+0007.81,+0000.98,+0006.84,+0001.00,+0000.69,-0006.05
+1580343903.55,+0002.93,+0000.98,+0005.86,+0000.23,+0004.29,-0012.48
+1580343903.56,-0009.77,+0000.00,+0005.86,+0002.30,+0000.31,-0015.77
+1580343903.56,+0005.86,+0000.98,+0006.84,+0000.46,-0005.13,-0007.89
+1580343903.57,+0005.86,+0000.00,+0005.86,+0001.38,+0005.44,-0008.65
+1580343903.57,-0011.72,-0001.95,+0005.86,+0001.07,+0000.77,-0007.20
+1580343903.58,-0007.81,+0000.00,+0006.84,+0000.69,-0001.07,-0013.55
+1580343903.58,+0000.00,+0000.00,+0007.81,+0001.91,+0001.91,-0009.95
+1580343903.59,-0000.98,+0000.00,+0006.84,+0000.23,+0001.23,-0007.27
+1580343903.59,-0007.81,-0000.98,+0006.84,+0000.31,-0001.53,-0009.34
+1580343903.60,-0000.98,+0000.00,+0005.86,-0000.08,-0005.67,-0005.51
+1580343903.60,+0002.93,+0000.00,+0006.84,-0000.15,+0002.14,-0011.64
+1580343903.61,-0005.86,-0001.95,+0005.86,-0000.46,-0001.99,-0011.48
+1580343903.61,+0001.95,-0000.98,+0005.86,+0000.15,-0004.82,-0011.25
+1580343903.62,+0005.86,+0000.00,+0004.88,+0000.92,+0001.07,-0010.87
+1580343903.62,+0000.00,-0000.98,+0004.88,-0000.61,-0000.84,-0008.73
+1580343903.63,+0000.00,-0000.98,+0004.88,+0000.54,-0001.00,-0012.94
+1580343903.63,+0002.93,+0000.00,+0005.86,-0000.31,-0001.23,-0011.94
+1580343903.64,+0004.88,+0000.00,+0005.86,-0000.77,+0001.45,-0008.88
+1580343903.64,-0000.98,+0000.00,+0004.88,+0000.08,-0000.92,-0009.80
+1580343903.65,-0000.98,+0000.98,+0004.88,-0001.00,-0001.84,-0009.11
+1580343903.65,+0003.91,+0000.98,+0004.88,-0000.31,+0001.15,-0008.12
+1580343903.66,+0000.00,+0000.98,+0004.88,-0000.69,-0000.38,-0007.58
+1580343903.66,-0001.95,+0000.98,+0004.88,-0000.54,-0001.61,-0009.34
+1580343903.67,-0000.98,+0000.98,+0004.88,+0000.23,+0001.23,-0011.79
+1580343903.67,+0000.00,+0000.98,+0004.88,-0000.69,+0000.31,-0009.65
+1580343903.68,-0001.95,+0000.98,+0004.88,-0001.15,+0000.23,-0010.34
+1580343903.68,-0004.88,+0000.98,+0003.91,-0000.46,-0000.69,-0009.57
+1580343903.69,+0000.00,+0001.95,+0003.91,-0000.46,+0000.23,-0011.10
+1580343903.69,+0000.00,+0000.98,+0003.91,-0000.54,-0000.69,-0010.49
+1580343903.70,-0001.95,+0000.98,+0002.93,-0001.00,+0000.92,-0011.10
+1580343903.70,-0002.93,+0001.95,+0002.93,+0001.38,-0000.69,-0010.87
+1580343903.71,+0001.95,+0001.95,+0002.93,-0000.46,+0000.46,-0011.03
+1580343903.71,-0000.98,+0001.95,+0003.91,-0000.92,-0000.08,-0008.88
+1580343903.72,-0001.95,+0002.93,+0002.93,+0002.07,+0000.15,-0009.49
+1580343903.72,-0000.98,+0003.91,+0003.91,+0000.15,-0000.31,-0008.65
+1580343903.73,+0000.98,+0003.91,+0002.93,-0001.91,-0000.54,-0007.96
+1580343903.73,+0000.00,+0003.91,+0002.93,+0001.45,+0001.38,-0010.18
+1580343903.74,-0002.93,+0003.91,+0002.93,-0000.38,+0000.00,-0009.57
+1580343903.74,-0000.98,+0003.91,+0002.93,-0001.07,+0000.54,-0011.64
+1580343903.75,+0000.00,+0003.91,+0001.95,-0000.38,+0000.15,-0010.72
+1580343903.75,+0000.00,+0004.88,+0002.93,+0001.23,+0000.46,-0011.25
+1580343903.76,-0000.98,+0003.91,+0002.93,-0001.61,-0000.84,-0009.72
+1580343903.76,-0000.98,+0005.86,+0002.93,+0000.92,+0000.08,-0009.65
+1580343903.77,-0001.95,+0005.86,+0002.93,+0000.38,+0002.07,-0009.95
+1580343903.77,-0002.93,+0005.86,+0001.95,-0000.46,-0001.61,-0009.11
+1580343903.78,-0000.98,+0005.86,+0001.95,+0002.22,+0001.07,-0008.73
+1580343903.78,-0001.95,+0006.84,+0001.95,-0001.61,-0000.38,-0008.88
+1580343903.79,-0003.91,+0006.84,+0001.95,-0000.38,+0000.31,-0008.65
+1580343903.79,-0002.93,+0006.84,+0001.95,-0002.30,-0000.77,-0010.41
+1580343903.80,-0001.95,+0006.84,+0001.95,-0000.15,+0000.08,-0009.88
+1580343903.80,-0002.93,+0005.86,+0001.95,-0001.15,-0000.38,-0011.56
+1580343903.81,-0003.91,+0005.86,+0000.98,-0000.38,-0000.15,-0011.25
+1580343903.81,-0000.98,+0005.86,+0000.98,+0001.15,-0000.77,-0009.34
+1580343903.82,-0000.98,+0005.86,+0001.95,-0002.14,-0000.61,-0007.96
+1580343903.82,-0001.95,+0005.86,+0000.98,+0000.00,-0000.61,-0009.19
+1580343903.83,-0002.93,+0005.86,+0000.98,+0000.38,+0000.23,-0011.56
+1580343903.83,+0000.00,+0005.86,+0000.00,-0000.38,-0000.38,-0009.34
+1580343903.84,-0000.98,+0005.86,+0000.00,-0001.38,+0001.99,-0010.41
+1580343903.84,-0003.91,+0004.88,+0000.00,+0001.23,-0000.38,-0010.49
+1580343903.85,-0000.98,+0005.86,+0000.00,-0001.15,+0001.07,-0012.25
+1580343903.85,-0000.98,+0004.88,+0000.00,-0000.84,-0000.08,-0011.41
+1580343903.86,-0000.98,+0004.88,+0000.00,+0000.54,+0000.15,-0010.49
+1580343903.86,-0002.93,+0003.91,+0000.00,-0000.92,+0000.69,-0011.64
+1580343903.87,-0001.95,+0003.91,-0000.98,-0000.08,+0001.61,-0010.80
+1580343903.87,-0002.93,+0002.93,-0001.95,-0000.08,+0001.15,-0010.64
+1580343903.88,-0003.91,+0001.95,-0001.95,-0000.15,-0000.77,-0008.65
+1580343903.88,-0001.95,+0002.93,-0001.95,-0000.46,+0001.53,-0009.80
+1580343903.89,-0003.91,+0001.95,-0001.95,+0001.30,+0000.54,-0009.11
+1580343903.89,-0004.88,+0001.95,-0001.95,-0000.23,+0000.46,-0010.95
+1580343903.90,-0002.93,+0001.95,-0001.95,-0001.68,+0000.00,-0013.93
+1580343903.90,-0000.98,+0000.98,-0001.95,+0000.08,+0000.69,-0009.80
+1580343903.91,-0000.98,+0000.98,-0002.93,-0001.00,+0000.00,-0008.35
+1580343903.91,-0005.86,+0000.00,-0002.93,-0001.84,+0000.23,-0009.65
+1580343903.92,-0002.93,+0000.00,-0003.91,+0000.31,-0002.07,-0008.88
+1580343903.92,+0002.93,+0000.00,-0003.91,-0000.23,+0000.08,-0007.96
+1580343903.93,-0000.98,+0000.00,-0004.88,-0001.99,-0000.54,-0004.75
+1580343903.93,-0004.88,+0000.00,-0004.88,+0001.84,+0001.45,-0009.65
+1580343903.94,-0004.88,+0000.00,-0003.91,+0000.84,-0001.76,-0015.01
+1580343903.94,+0002.93,+0000.98,-0002.93,-0000.92,-0001.07,-0012.33
+1580343903.95,+0001.95,-0000.98,-0003.91,-0000.31,+0001.99,-0009.11
+1580343903.95,-0005.86,-0000.98,-0005.86,-0001.68,-0001.61,-0012.25
+1580343903.96,-0003.91,-0000.98,-0005.86,+0000.38,-0002.53,-0011.10
+1580343903.96,+0003.91,+0000.00,-0004.88,-0000.08,-0000.31,-0009.26
+1580343903.97,+0001.95,-0000.98,-0005.86,-0000.61,-0000.38,-0005.28
+1580343903.97,-0002.93,+0000.00,-0005.86,-0000.23,-0001.30,-0012.02
+1580343903.98,-0000.98,+0000.98,-0005.86,+0000.54,-0001.23,-0012.56
+1580343903.98,+0005.86,+0001.95,-0004.88,-0001.15,-0000.23,-0012.02
+1580343903.99,+0003.91,+0000.98,-0005.86,-0002.30,-0000.08,-0010.34
+1580343903.99,-0001.95,+0000.98,-0006.84,-0000.69,-0002.30,-0010.87
+1580343904.00,+0000.98,+0000.98,-0006.84,-0000.15,+0000.31,-0013.63
+1580343904.00,+0003.91,+0001.95,-0006.84,-0001.07,-0001.45,-0009.65
+1580343904.01,+0002.93,+0001.95,-0006.84,+0000.92,+0000.23,-0007.43
+1580343904.01,-0001.95,+0001.95,-0006.84,-0000.77,-0000.84,-0008.80
+1580343904.02,+0000.00,+0002.93,-0006.84,+0002.68,-0000.61,-0010.41
+1580343904.02,+0002.93,+0002.93,-0005.86,-0000.77,+0000.69,-0010.34
+1580343904.03,+0000.98,+0003.91,-0005.86,-0001.15,+0000.00,-0009.19
+1580343904.03,+0000.00,+0003.91,-0005.86,+0000.38,-0001.76,-0010.80
+1580343904.04,+0002.93,+0004.88,-0004.88,+0000.23,-0001.91,-0009.57
+1580343904.04,+0003.91,+0004.88,-0005.86,-0001.91,-0001.15,-0008.42
+1580343904.05,+0001.95,+0004.88,-0005.86,+0000.15,-0000.38,-0010.57
+1580343904.05,+0000.98,+0004.88,-0006.84,-0000.08,-0000.38,-0011.79
+1580343904.06,+0004.88,+0005.86,-0005.86,-0000.31,-0002.45,-0013.32
+1580343904.06,+0010.74,+0004.88,-0006.84,+0000.61,+0005.21,-0005.97
+1580343904.07,-0005.86,+0004.88,-0008.79,-0002.30,+0003.90,-0015.70
+1580343904.07,-0009.77,+0002.93,-0008.79,-0001.30,-0005.28,-0011.87
+1580343904.08,+0011.72,+0005.86,-0007.81,-0002.14,+0003.75,-0010.57
+1580343904.08,+0000.98,+0003.91,-0007.81,+0000.38,+0000.46,-0006.05
+1580343904.09,-0007.81,+0004.88,-0007.81,-0001.45,-0001.15,-0005.59
+1580343904.09,-0003.91,+0004.88,-0006.84,+0000.61,-0001.23,-0011.79
+1580343904.10,+0003.91,+0005.86,-0005.86,-0001.53,+0001.00,-0004.29
+1580343904.10,-0001.95,+0003.91,-0006.84,-0002.91,+0000.23,-0008.27
+1580343904.11,-0008.79,+0002.93,-0008.79,-0000.61,-0001.45,-0010.57
+1580343904.11,-0000.98,+0002.93,-0008.79,-0001.99,-0000.31,-0014.70
+1580343904.12,+0002.93,+0002.93,-0008.79,-0001.15,+0000.84,-0012.63
+1580343904.12,-0000.98,+0000.98,-0009.77,+0000.00,-0000.46,-0011.18
+1580343904.13,-0001.95,+0000.98,-0008.79,+0000.61,-0000.31,-0012.10
+1580343904.13,+0000.98,+0001.95,-0008.79,-0001.76,-0000.92,-0010.34
+1580343904.14,+0003.91,+0001.95,-0008.79,-0000.54,+0000.69,-0010.26
+1580343904.14,+0000.98,+0000.00,-0008.79,+0000.08,-0000.08,-0010.64
+1580343904.15,+0001.95,+0000.98,-0009.77,-0001.07,-0001.30,-0009.42
+1580343904.15,+0002.93,+0000.98,-0009.77,+0000.08,-0000.46,-0010.26
+1580343904.16,+0005.86,+0000.00,-0009.77,+0000.15,-0000.46,-0007.50
+1580343904.16,+0003.91,-0000.98,-0009.77,+0000.15,+0000.69,-0009.72
+1580343904.17,+0000.00,-0000.98,-0010.74,-0000.23,-0001.45,-0010.11
+1580343904.17,+0002.93,-0000.98,-0010.74,-0000.38,-0000.54,-0011.41
+1580343904.18,+0004.88,-0001.95,-0010.74,-0000.15,+0001.38,-0009.95
+1580343904.18,+0000.00,-0002.93,-0011.72,-0000.92,-0000.77,-0008.12
+1580343904.19,-0002.93,-0002.93,-0011.72,+0001.07,+0001.15,-0011.03
+1580343904.19,-0000.98,-0002.93,-0011.72,+0000.38,+0000.54,-0011.48
+1580343904.20,+0000.98,-0002.93,-0010.74,-0000.77,-0001.07,-0010.72
+1580343904.20,-0000.98,-0003.91,-0011.72,+0000.38,-0000.15,-0012.56
+1580343904.21,+0000.00,-0003.91,-0011.72,+0001.30,-0002.68,-0013.17
+1580343904.21,+0003.91,-0003.91,-0011.72,-0001.53,-0000.23,-0011.33
+1580343904.22,+0003.91,-0003.91,-0011.72,-0001.30,+0000.08,-0010.64
+1580343904.22,+0002.93,-0004.88,-0011.72,-0000.69,+0000.15,-0010.95
+1580343904.23,+0004.88,-0005.86,-0012.70,-0002.45,-0001.45,-0010.49
+1580343904.23,+0006.84,-0005.86,-0013.67,-0001.23,-0000.61,-0010.26
+1580343904.24,+0007.81,-0005.86,-0014.65,+0001.15,+0001.53,-0008.80
+1580343904.24,+0004.88,-0005.86,-0013.67,-0000.38,+0000.08,-0009.26
+1580343904.25,+0003.91,-0005.86,-0013.67,+0000.23,-0001.23,-0009.42
+1580343904.25,+0005.86,-0004.88,-0012.70,+0000.00,+0001.15,-0010.87
+1580343904.26,+0003.91,-0005.86,-0012.70,+0000.61,+0000.23,-0009.26
+1580343904.26,+0001.95,-0005.86,-0012.70,-0001.84,+0001.61,-0008.19
+1580343904.27,-0001.95,-0005.86,-0012.70,+0000.00,+0003.06,-0012.86
+1580343904.27,+0000.00,-0005.86,-0011.72,+0001.07,-0002.22,-0008.12
+1580343904.28,+0005.86,-0005.86,-0010.74,+0000.08,+0001.45,-0010.64
+1580343904.28,-0001.95,-0004.88,-0011.72,-0001.91,-0002.37,-0007.81
+1580343904.29,+0003.91,-0004.88,-0012.70,+0001.84,-0000.61,-0007.43
+1580343904.29,+0001.95,-0005.86,-0012.70,-0002.07,-0001.99,-0010.95
+1580343904.30,+0003.91,-0004.88,-0011.72,+0001.23,-0001.61,-0008.58
+1580343904.30,+0004.88,-0004.88,-0011.72,-0000.84,+0000.77,-0013.02
+1580343904.31,+0002.93,-0004.88,-0011.72,-0001.45,-0002.14,-0008.04
+1580343904.31,+0005.86,-0004.88,-0011.72,-0001.99,+0000.77,-0011.87
+1580343904.32,+0003.91,-0004.88,-0012.70,-0000.46,+0000.00,-0009.88
+1580343904.32,+0003.91,-0004.88,-0012.70,+0000.15,-0000.77,-0008.88
+1580343904.33,+0003.91,-0003.91,-0012.70,-0000.46,-0000.69,-0009.72
+1580343904.33,+0002.93,-0003.91,-0011.72,+0000.38,-0001.00,-0007.96
+1580343904.34,+0001.95,-0003.91,-0011.72,+0001.53,+0001.84,-0010.41
+1580343904.34,+0000.00,-0003.91,-0010.74,-0000.31,+0000.54,-0009.11
+1580343904.35,+0000.00,-0003.91,-0010.74,-0000.92,+0000.00,-0010.11
+1580343904.35,-0000.98,-0004.88,-0010.74,+0001.23,+0001.45,-0010.57
+1580343904.36,-0002.93,-0003.91,-0011.72,-0000.61,-0000.61,-0010.18
+1580343904.36,-0000.98,-0004.88,-0010.74,+0001.00,-0000.38,-0010.87
+1580343904.37,-0001.95,-0004.88,-0010.74,-0000.61,+0000.84,-0009.03
+1580343904.37,-0002.93,-0003.91,-0010.74,+0000.46,+0000.15,-0008.96
+1580343904.38,-0002.93,-0004.88,-0010.74,+0001.00,-0001.99,-0009.95
+1580343904.38,+0000.98,-0004.88,-0010.74,+0000.38,+0000.77,-0011.64
+1580343904.39,-0000.98,-0004.88,-0010.74,-0000.92,-0000.77,-0010.49
+1580343904.39,+0000.00,-0004.88,-0010.74,-0001.23,-0002.60,-0010.49
+1580343904.40,+0000.98,-0004.88,-0010.74,+0000.84,+0000.69,-0009.42
+1580343904.40,+0000.98,-0004.88,-0010.74,-0000.92,+0000.08,-0007.73
+1580343904.41,-0001.95,-0005.86,-0011.72,-0002.30,+0001.07,-0010.18
+1580343904.41,-0003.91,-0006.84,-0011.72,+0001.00,-0000.08,-0011.79
+1580343904.42,-0000.98,-0005.86,-0010.74,+0000.69,-0001.07,-0009.34
+1580343904.42,+0000.00,-0005.86,-0010.74,-0000.77,+0001.45,-0009.95
+1580343904.43,-0004.88,-0005.86,-0010.74,-0000.31,+0000.46,-0009.26
+1580343904.43,-0004.88,-0005.86,-0010.74,+0000.84,-0001.00,-0010.80
+1580343904.44,-0000.98,-0005.86,-0009.77,-0001.91,-0000.23,-0010.49
+1580343904.44,-0000.98,-0005.86,-0009.77,+0001.07,+0000.38,-0010.26
+1580343904.45,-0004.88,-0006.84,-0009.77,+0001.30,-0001.53,-0011.03
+1580343904.45,-0001.95,-0005.86,-0009.77,-0001.91,-0002.37,-0010.95
+1580343904.46,+0002.93,-0004.88,-0008.79,+0000.92,+0000.23,-0010.41
+1580343904.46,+0002.93,-0004.88,-0008.79,+0000.00,-0000.46,-0007.50
+1580343904.47,-0000.98,-0005.86,-0008.79,-0000.31,-0000.69,-0011.25
+1580343904.47,-0000.98,-0004.88,-0008.79,-0000.84,-0000.54,-0014.32
+1580343904.48,+0003.91,-0004.88,-0008.79,+0001.91,-0001.23,-0011.64
+1580343904.48,+0004.88,-0004.88,-0008.79,-0001.00,+0000.31,-0008.96
+1580343904.49,-0001.95,-0004.88,-0008.79,+0000.31,+0001.76,-0011.03
+1580343904.49,-0004.88,-0003.91,-0008.79,+0001.91,+0001.38,-0012.40
+1580343904.50,-0000.98,-0002.93,-0006.84,+0001.23,+0000.54,-0011.25
+1580343904.50,-0001.95,-0002.93,-0006.84,+0001.00,+0002.07,-0008.88
+1580343904.51,-0004.88,-0002.93,-0006.84,+0001.30,+0000.00,-0006.81
+1580343904.51,-0004.88,-0001.95,-0005.86,+0001.30,+0002.30,-0009.26
+1580343904.52,-0007.81,-0001.95,-0004.88,-0000.38,+0001.07,-0010.95
+1580343904.52,-0005.86,-0000.98,-0003.91,+0001.61,-0000.92,-0011.94
+1580343904.53,-0001.95,-0000.98,-0002.93,+0000.46,-0001.07,-0011.56
+1580343904.53,-0000.98,-0000.98,-0002.93,+0000.54,-0000.46,-0010.26
+1580343904.54,+0000.00,-0000.98,-0002.93,+0000.00,-0001.38,-0011.03
+1580343904.54,+0001.95,+0000.00,-0002.93,-0000.46,-0002.91,-0009.49
+1580343904.55,+0007.81,+0000.98,-0001.95,-0000.54,-0001.45,-0008.50
+1580343904.55,+0005.86,+0001.95,-0001.95,+0000.15,+0001.07,-0010.64
+1580343904.56,+0005.86,+0001.95,-0001.95,-0000.15,-0003.37,-0005.21
+1580343904.56,+0011.72,+0002.93,-0001.95,+0001.23,+0005.05,-0009.65
+1580343904.57,-0003.91,+0002.93,-0002.93,-0001.23,+0004.75,-0016.54
+1580343904.57,-0000.98,+0002.93,-0001.95,+0001.61,-0000.84,-0014.93
+1580343904.58,+0010.74,+0003.91,-0001.95,+0000.31,+0006.66,-0011.33
+1580343904.58,-0003.91,+0002.93,-0001.95,-0000.31,+0001.91,-0006.43
+1580343904.59,-0008.79,+0002.93,-0001.95,-0000.54,+0001.07,-0007.43
+1580343904.59,-0005.86,+0003.91,+0000.00,+0001.00,-0000.84,-0008.88
+1580343904.60,+0000.00,+0003.91,+0001.95,+0001.61,+0002.68,-0005.28
+1580343904.60,-0007.81,+0002.93,+0000.98,-0002.22,+0001.53,-0009.49
+1580343904.61,-0010.74,+0000.98,+0000.98,+0000.31,-0002.37,-0010.26
+1580343904.61,-0000.98,+0001.95,+0000.98,-0001.68,-0000.92,-0011.56
+1580343904.62,+0000.00,+0001.95,+0000.00,+0000.31,+0000.08,-0008.88
+1580343904.62,-0004.88,+0000.00,+0000.00,-0000.84,+0000.38,-0009.88
+1580343904.63,-0002.93,+0000.98,-0000.98,-0000.54,-0003.29,-0012.33
+1580343904.63,+0005.86,+0001.95,-0001.95,-0000.15,-0001.30,-0007.66
+1580343904.64,+0004.88,+0000.98,-0002.93,+0000.00,+0002.37,-0009.88
+1580343904.64,-0004.88,+0000.00,-0001.95,+0000.46,-0001.91,-0011.41
+1580343904.65,+0001.95,+0000.98,+0000.00,-0000.77,-0001.00,-0011.79
+1580343904.65,+0003.91,+0000.98,+0000.00,-0001.68,+0001.53,-0010.49
+1580343904.66,+0000.00,+0000.00,-0001.95,-0001.23,-0000.46,-0007.73
+1580343904.66,-0002.93,-0001.95,-0003.91,+0000.84,-0001.30,-0007.35
+1580343904.67,-0000.98,-0000.98,-0003.91,-0001.23,-0001.30,-0006.97
+1580343904.67,-0001.95,-0001.95,-0003.91,+0000.77,+0001.00,-0007.73
+1580343904.68,-0005.86,-0002.93,-0002.93,+0000.31,-0001.99,-0007.12
+1580343904.68,-0004.88,-0002.93,-0002.93,-0001.15,-0000.84,-0008.65
+1580343904.69,-0003.91,-0002.93,-0003.91,-0001.23,-0000.38,-0009.42
+1580343904.69,-0005.86,-0003.91,-0004.88,+0000.31,+0000.23,-0011.33
+1580343904.70,-0005.86,-0004.88,-0004.88,+0000.08,-0001.53,-0011.25
+1580343904.70,-0003.91,-0004.88,-0005.86,-0001.00,-0001.38,-0010.18
+1580343904.71,-0003.91,-0005.86,-0005.86,+0000.69,+0000.77,-0011.71
+1580343904.71,-0007.81,-0006.84,-0005.86,-0000.61,+0000.00,-0012.79
+1580343904.72,-0004.88,-0006.84,-0005.86,+0001.30,+0000.31,-0012.17
+1580343904.72,-0002.93,-0006.84,-0005.86,-0000.84,-0000.15,-0011.18
+1580343904.73,-0001.95,-0007.81,-0005.86,-0000.84,-0001.00,-0010.72
+1580343904.73,-0001.95,-0007.81,-0006.84,-0000.46,-0001.91,-0008.12
+1580343904.74,-0000.98,-0007.81,-0006.84,-0001.15,-0000.54,-0006.58
+1580343904.74,-0000.98,-0007.81,-0007.81,-0001.30,+0000.77,-0009.26
+1580343904.75,-0001.95,-0008.79,-0006.84,-0000.61,-0000.38,-0009.80
+1580343904.75,-0000.98,-0008.79,-0007.81,-0001.15,+0000.31,-0010.95
+1580343904.76,-0001.95,-0008.79,-0006.84,+0001.00,+0000.38,-0010.41
+1580343904.76,-0002.93,-0009.77,-0006.84,+0000.31,+0001.23,-0010.34
+1580343904.77,-0003.91,-0009.77,-0006.84,-0000.23,+0000.23,-0010.41
+1580343904.77,-0004.88,-0009.77,-0005.86,-0000.23,+0001.07,-0010.03
+1580343904.78,-0003.91,-0009.77,-0005.86,-0000.08,+0000.77,-0010.34
+1580343904.78,-0004.88,-0010.74,-0005.86,-0000.61,-0000.54,-0009.11
+1580343904.79,-0003.91,-0010.74,-0005.86,+0000.84,+0000.46,-0009.95
+1580343904.79,-0004.88,-0009.77,-0004.88,-0000.08,-0000.92,-0008.73
+1580343904.80,-0003.91,-0009.77,-0004.88,+0000.08,-0000.84,-0009.80
+1580343904.80,-0002.93,-0009.77,-0003.91,+0000.84,-0000.84,-0010.26
+1580343904.81,-0001.95,-0009.77,-0004.88,+0000.08,-0000.61,-0011.03
+1580343904.81,-0002.93,-0009.77,-0004.88,-0000.31,-0000.31,-0012.02
+1580343904.82,-0001.95,-0009.77,-0004.88,+0001.15,-0000.77,-0010.41
+1580343904.82,-0001.95,-0008.79,-0003.91,+0000.38,-0000.23,-0009.34
+1580343904.83,-0003.91,-0008.79,-0003.91,+0000.00,+0000.84,-0009.95
+1580343904.83,-0003.91,-0007.81,-0002.93,+0001.45,+0000.31,-0009.49
+1580343904.84,-0002.93,-0007.81,-0002.93,+0000.46,+0000.46,-0010.41
+1580343904.84,-0003.91,-0006.84,-0001.95,+0000.46,+0000.46,-0010.41
+1580343904.85,-0003.91,-0006.84,-0000.98,+0002.07,-0000.08,-0010.03
+1580343904.85,-0003.91,-0005.86,-0000.98,+0000.46,-0000.77,-0010.41
+1580343904.86,-0003.91,-0004.88,-0000.98,+0000.38,+0000.46,-0010.87
+1580343904.86,-0004.88,-0005.86,-0000.98,+0000.23,+0000.23,-0010.95
+1580343904.87,-0003.91,-0004.88,+0000.00,-0000.46,+0000.46,-0011.48
+1580343904.87,-0002.93,-0004.88,+0000.00,+0000.69,+0000.92,-0010.18
+1580343904.88,-0003.91,-0003.91,+0000.00,+0000.00,-0000.69,-0009.88
+1580343904.88,-0002.93,-0003.91,+0000.98,+0000.23,-0000.08,-0010.41
+1580343904.89,-0000.98,-0001.95,+0001.95,+0001.68,-0000.15,-0009.65
+1580343904.89,-0000.98,-0001.95,+0001.95,+0000.08,-0000.69,-0009.42
+1580343904.90,-0001.95,-0000.98,+0002.93,+0000.15,+0000.31,-0010.49
+1580343904.90,-0001.95,-0000.98,+0002.93,+0000.92,-0000.08,-0009.95
+1580343904.91,-0000.98,-0000.98,+0003.91,-0000.61,-0000.15,-0011.33
+1580343904.91,-0000.98,-0000.98,+0003.91,+0000.54,+0001.45,-0011.25
+1580343904.92,-0001.95,-0000.98,+0003.91,+0000.38,+0001.38,-0011.33
+1580343904.92,-0003.91,-0000.98,+0003.91,-0000.31,+0001.30,-0011.56
+1580343904.93,-0001.95,-0000.98,+0002.93,+0000.77,+0000.92,-0012.17
+1580343904.93,-0001.95,-0000.98,+0002.93,+0000.31,+0000.15,-0009.72
+1580343904.94,-0002.93,+0000.00,+0003.91,+0001.00,+0001.15,-0010.64
+1580343904.94,-0001.95,+0000.00,+0004.88,+0001.45,+0000.00,-0008.04
+1580343904.95,+0000.98,+0000.98,+0005.86,+0000.23,+0000.38,-0009.11
+1580343904.95,-0002.93,+0000.98,+0005.86,-0001.38,-0000.54,-0008.96
+1580343904.96,-0001.95,+0000.98,+0004.88,+0001.38,-0000.69,-0008.50
+1580343904.96,+0000.98,+0000.98,+0004.88,+0000.61,+0000.84,-0010.03
+1580343904.97,-0000.98,+0000.98,+0003.91,-0001.15,+0000.38,-0009.65
+1580343904.97,-0001.95,+0000.00,+0003.91,+0000.54,-0001.15,-0010.64
+1580343904.98,-0000.98,+0000.98,+0004.88,-0000.38,+0000.08,-0011.18
+1580343904.98,+0000.00,+0000.98,+0004.88,+0000.54,-0000.54,-0008.27
+1580343904.99,-0001.95,+0001.95,+0004.88,-0000.46,+0000.23,-0008.88
+1580343904.99,-0002.93,+0001.95,+0004.88,-0000.38,-0000.69,-0008.73
+1580343905.00,-0001.95,+0001.95,+0004.88,-0001.00,-0001.23,-0007.73
+1580343905.00,+0000.00,+0000.98,+0004.88,+0000.46,-0000.54,-0008.88
+1580343905.01,-0001.95,+0000.98,+0003.91,-0000.92,-0001.00,-0008.80
+1580343905.01,-0003.91,+0000.98,+0003.91,+0000.38,-0000.46,-0009.80
+1580343905.02,-0003.91,+0000.98,+0003.91,-0000.31,+0000.54,-0012.71
+1580343905.02,-0004.88,+0000.00,+0003.91,+0000.08,-0001.15,-0010.95
+1580343905.03,-0001.95,+0000.00,+0002.93,-0001.07,-0000.31,-0012.02
+1580343905.03,-0002.93,+0000.00,+0002.93,+0000.08,-0002.45,-0009.57
+1580343905.04,-0000.98,-0000.98,+0002.93,+0000.46,-0001.00,-0008.65
+1580343905.04,-0001.95,+0000.00,+0002.93,-0000.15,-0000.08,-0008.73
+1580343905.05,-0003.91,+0000.00,+0003.91,+0000.00,+0000.08,-0010.26
+1580343905.05,+0000.98,+0000.00,+0002.93,-0001.61,-0002.22,-0009.72
+1580343905.06,+0003.91,+0000.00,+0002.93,+0000.38,-0000.15,-0009.57
+1580343905.06,+0001.95,-0000.98,+0002.93,-0001.68,-0001.91,-0008.27
+1580343905.07,+0002.93,+0000.00,+0002.93,-0001.76,-0001.00,-0011.94
+1580343905.07,+0004.88,+0000.00,+0002.93,+0000.23,-0000.84,-0014.32
+1580343905.08,+0006.84,+0000.00,+0001.95,+0000.23,-0002.30,-0009.03
+1580343905.08,+0003.91,-0000.98,+0001.95,+0000.61,+0003.83,-0013.02
+1580343905.09,-0001.95,-0000.98,+0001.95,+0000.92,-0004.06,-0012.10
+1580343905.09,+0012.70,+0000.00,+0002.93,+0002.14,-0004.29,-0003.06
+1580343905.10,+0008.79,-0000.98,+0003.91,-0000.23,+0006.74,-0005.90
+1580343905.10,-0015.62,-0001.95,+0002.93,+0000.69,-0002.91,-0013.48
+1580343905.11,-0002.93,+0000.00,+0003.91,+0002.45,-0002.07,-0016.38
+1580343905.11,+0009.77,+0000.00,+0002.93,-0000.38,+0003.75,-0010.80
+1580343905.12,-0003.91,-0003.91,+0001.95,+0001.68,+0004.44,-0007.81
+1580343905.12,-0010.74,-0002.93,+0002.93,+0001.38,-0002.99,-0014.55
+1580343905.13,-0000.98,-0000.98,+0004.88,+0002.22,-0000.61,-0012.10
+1580343905.13,+0004.88,+0000.00,+0005.86,+0001.61,+0002.68,-0007.81
+1580343905.14,-0004.88,-0002.93,+0005.86,-0000.46,-0003.68,-0008.58
+1580343905.14,-0002.93,-0001.95,+0005.86,+0001.61,-0001.99,-0012.17
+1580343905.15,+0004.88,-0000.98,+0005.86,+0000.08,-0000.31,-0010.87
+1580343905.15,+0004.88,-0001.95,+0005.86,-0001.53,-0000.69,-0007.20
+1580343905.16,-0000.98,-0002.93,+0004.88,+0000.84,-0001.00,-0012.10
+1580343905.16,+0000.98,-0000.98,+0005.86,+0001.07,-0001.68,-0012.48
+1580343905.17,+0007.81,-0000.98,+0005.86,-0000.38,-0001.15,-0012.25
+1580343905.17,+0005.86,-0001.95,+0005.86,+0001.38,+0001.23,-0008.35
+1580343905.18,+0000.00,-0001.95,+0005.86,-0000.15,-0000.54,-0009.65
+1580343905.18,-0000.98,-0000.98,+0005.86,-0000.61,-0001.38,-0012.02
+1580343905.19,+0006.84,-0000.98,+0005.86,-0000.61,-0002.07,-0009.11
+1580343905.19,+0003.91,-0002.93,+0004.88,-0001.00,+0001.00,-0007.66
+1580343905.20,-0003.91,-0002.93,+0003.91,+0000.00,-0002.07,-0009.65
+1580343905.20,-0000.98,-0001.95,+0005.86,+0000.46,-0000.92,-0012.10
+1580343905.21,+0003.91,-0001.95,+0005.86,+0000.54,-0000.61,-0010.80
+1580343905.21,+0002.93,-0002.93,+0005.86,-0000.31,+0000.84,-0010.26
+1580343905.22,-0002.93,-0002.93,+0005.86,+0000.46,-0001.76,-0009.26
+1580343905.22,+0000.98,-0001.95,+0005.86,+0000.31,-0003.52,-0006.43
+1580343905.23,+0003.91,-0002.93,+0004.88,-0001.61,+0002.37,-0012.25
+1580343905.23,-0000.98,-0003.91,+0004.88,+0001.45,-0002.07,-0012.33
+1580343905.24,+0000.00,-0002.93,+0004.88,+0000.15,-0001.30,-0012.17
+1580343905.24,+0002.93,-0002.93,+0004.88,-0000.08,+0000.08,-0012.48
+1580343905.25,+0002.93,-0002.93,+0004.88,+0000.61,+0001.76,-0011.48
+1580343905.25,+0000.98,-0003.91,+0004.88,-0000.38,+0000.15,-0012.63
+1580343905.26,+0001.95,-0002.93,+0004.88,-0000.38,-0001.91,-0011.18
+1580343905.26,+0006.84,-0002.93,+0004.88,+0001.30,-0000.08,-0010.11
+1580343905.27,+0003.91,-0003.91,+0005.86,-0001.00,-0001.23,-0007.96
+1580343905.27,+0003.91,-0002.93,+0005.86,+0001.00,-0000.15,-0009.95
+1580343905.28,+0004.88,-0001.95,+0005.86,-0000.69,-0001.07,-0010.57
+1580343905.28,+0008.79,-0001.95,+0005.86,-0002.22,+0000.46,-0009.80
+1580343905.29,+0005.86,-0002.93,+0004.88,-0001.00,-0000.46,-0008.73
+1580343905.29,+0004.88,-0001.95,+0004.88,+0001.23,+0001.53,-0009.03
+1580343905.30,+0001.95,-0001.95,+0004.88,+0000.08,+0000.15,-0010.87
+1580343905.30,+0001.95,-0001.95,+0004.88,-0000.54,+0000.46,-0010.18
