+1580603445.80,+0000.98,+0002.93,+0003.91,-0000.38,-0000.84,-0013.86
+1580603445.80,+0002.93,+0000.98,+0003.91,-0000.23,+0001.30,-0012.17
+1580603445.81,+0000.00,+0001.95,+0003.91,-0000.46,-0000.61,-0010.64
+1580603445.81,+0000.00,+0001.95,+0003.91,-0000.15,+0001.45,-0010.72
+1580603445.82,+0000.98,+0001.95,+0004.88,-0001.07,-0002.68,-0005.90
+1580603445.82,+0005.86,+0000.00,+0003.91,+0001.00,+0003.68,-0010.18
+1580603445.83,+0001.95,+0000.00,+0003.91,-0000.38,+0000.00,-0014.24
+1580603445.83,+0005.86,+0000.98,+0003.91,-0000.46,+0001.45,-0017.30
+1580603445.84,+0008.79,+0000.98,+0004.88,-0000.46,-0000.54,-0015.39
+1580603445.84,+0011.72,+0000.00,+0003.91,-0000.31,-0003.52,-0014.09
+1580603445.85,+0013.67,-0000.98,+0003.91,-0001.91,-0000.15,-0013.17
+1580603445.85,+0014.65,-0000.98,+0002.93,-0002.68,-0002.53,-0008.50
+1580603445.86,+0017.58,-0001.95,+0002.93,-0001.00,-0000.84,-0008.27
+1580603445.86,+0017.58,-0002.93,+0002.93,-0000.31,-0002.22,-0004.06
+1580603445.87,+0015.62,-0002.93,+0001.95,-0000.08,+0000.61,-0006.28
+1580603445.87,+0007.81,-0002.93,+0001.95,-0000.15,-0000.23,-0007.89
+1580603445.88,+0008.79,-0002.93,+0002.93,-0000.15,-0001.07,-0009.34
+1580603445.88,+0012.70,-0004.88,+0002.93,-0000.69,+0000.84,-0010.34
+1580603445.89,+0005.86,-0004.88,+0002.93,-0000.46,+0000.54,-0010.72
+1580603445.89,+0000.98,-0003.91,+0002.93,-0000.23,+0000.31,-0010.03
+1580603445.90,+0002.93,-0004.88,+0003.91,-0001.30,+0001.84,-0009.72
+1580603445.90,+0000.98,-0006.84,+0001.95,-0001.45,+0000.08,-0005.82
+1580603445.91,-0007.81,-0005.86,+0001.95,-0000.84,+0001.99,-0011.10
+1580603445.91,-0007.81,-0005.86,+0001.95,-0000.84,-0003.22,-0010.11
+1580603445.92,-0000.98,-0007.81,+0000.98,-0001.30,+0000.69,-0009.57
+1580603445.92,-0005.86,-0007.81,+0000.00,-0001.00,-0000.84,-0007.81
+1580603445.93,-0006.84,-0005.86,+0000.00,+0000.46,-0002.30,-0007.12
+1580603445.93,-0002.93,-0006.84,-0000.98,-0002.91,-0001.84,-0008.58
+1580603445.94,-0003.91,-0007.81,-0000.98,-0001.00,-0000.38,-0010.87
+1580603445.94,-0003.91,-0006.84,-0000.98,-0000.23,-0000.15,-0012.40
+1580603445.95,-0004.88,-0004.88,-0000.98,-0000.61,+0001.00,-0016.84
+1580603445.95,-0001.95,-0005.86,+0000.00,-0000.84,-0006.20,-0010.87
+1580603445.96,+0004.88,-0004.88,+0000.00,-0001.00,+0004.13,-0017.15
+1580603445.96,-0005.86,-0004.88,+0000.00,+0000.31,-0006.81,-0011.10
+1580603445.97,+0007.81,-0002.93,+0000.98,+0002.60,-0004.29,-0011.33
+1580603445.97,+0011.72,-0005.86,+0000.00,-0002.76,-0000.31,-0010.72
+1580603445.98,+0009.77,-0003.91,+0000.00,+0000.84,-0003.45,-0004.29
+1580603445.98,+0009.77,-0001.95,+0000.00,-0000.84,-0000.31,-0011.03
+1580603445.99,+0012.70,-0002.93,+0000.98,+0000.00,-0008.12,-0003.68
+1580603445.99,+0013.67,-0001.95,+0000.98,+0000.15,+0003.83,-0017.53
+1580603446.00,-0001.95,-0001.95,+0001.95,+0001.15,-0006.66,-0013.02
+1580603446.00,+0014.65,+0001.95,+0003.91,+0004.21,+0000.23,-0013.78
+1580603446.01,+0012.70,-0000.98,+0003.91,-0002.37,+0004.29,-0017.69
+1580603446.01,+0007.81,+0001.95,+0004.88,+0000.31,+0001.53,-0008.35
+1580603446.02,+0004.88,+0002.93,+0004.88,+0000.84,+0005.59,-0020.21
+1580603446.02,+0006.84,+0000.98,+0005.86,-0001.23,-0009.11,-0010.11
+1580603446.03,+0036.13,+0000.00,+0004.88,+0005.13,+0025.34,-0030.85
+1580603446.03,-0029.30,+0001.95,+0002.93,-0022.13,-0015.16,+0005.36
+1580603446.04,-0002.93,+0006.84,+0005.86,+0020.67,+0008.73,-0016.69
+1580603446.04,+0013.67,+0003.91,+0003.91,-0025.57,-0008.12,-0011.10
+1580603446.05,-0005.86,-0009.77,+0002.93,-0001.84,+0006.74,+0001.84
+1580603446.05,-0016.60,+0007.81,+0002.93,-0002.68,-0003.22,-0019.91
+1580603446.06,-0005.86,+0004.88,+0003.91,-0005.67,-0000.08,-0013.70
+1580603446.06,+0001.95,-0003.91,+0000.98,+0002.37,-0000.46,-0015.24
+1580603446.07,-0004.88,+0000.98,+0000.98,+0002.30,+0002.37,-0011.18
+1580603446.07,-0012.70,+0006.84,+0000.00,-0007.12,-0006.97,-0007.50
+1580603446.08,+0000.00,-0000.98,-0000.98,+0001.45,-0001.00,-0009.80
+1580603446.08,+0001.95,-0000.98,-0002.93,+0000.69,-0001.99,-0005.67
+1580603446.09,-0001.95,+0002.93,-0002.93,-0001.38,+0000.31,-0009.42
+1580603446.09,-0002.93,+0002.93,-0003.91,-0003.60,-0002.83,-0011.79
+1580603446.10,+0003.91,+0000.00,-0003.91,-0000.23,-0003.60,-0010.11
+1580603446.10,+0006.84,+0000.98,-0005.86,-0001.53,+0001.84,-0010.64
+1580603446.11,-0000.98,+0001.95,-0005.86,-0001.68,-0003.75,-0007.81
+1580603446.11,+0002.93,+0002.93,-0006.84,-0000.08,-0000.08,-0012.25
+1580603446.12,+0005.86,+0001.95,-0006.84,-0002.37,-0000.15,-0011.18
+1580603446.12,+0006.84,+0002.93,-0005.86,+0000.23,+0000.08,-0009.34
+1580603446.13,+0002.93,+0001.95,-0006.84,-0003.98,-0000.54,-0005.05
+1580603446.13,-0000.98,+0002.93,-0007.81,+0001.53,+0002.60,-0010.95
+1580603446.14,+0003.91,+0001.95,-0007.81,+0001.45,-0002.99,-0007.73
+1580603446.14,+0006.84,+0000.98,-0008.79,-0001.30,+0003.06,-0010.18
+1580603446.15,-0001.95,+0000.98,-0008.79,-0001.23,+0002.22,-0011.03
+1580603446.15,+0000.00,+0002.93,-0007.81,-0003.29,+0000.23,-0010.41
+1580603446.16,+0005.86,+0000.00,-0008.79,+0000.00,+0001.30,-0011.87
+1580603446.16,-0000.98,-0000.98,-0008.79,-0002.91,+0001.45,-0009.11
+1580603446.17,-0002.93,+0000.00,-0008.79,-0001.00,+0001.38,-0010.11
+1580603446.17,-0001.95,-0001.95,-0008.79,-0000.92,+0000.84,-0011.03
+1580603446.18,-0000.98,-0003.91,-0008.79,-0000.15,+0001.45,-0011.25
+1580603446.18,-0002.93,-0002.93,-0008.79,-0000.46,+0000.23,-0011.48
+1580603446.19,-0001.95,-0003.91,-0008.79,-0001.45,-0000.54,-0010.87
+1580603446.19,+0000.00,-0004.88,-0008.79,-0000.08,+0001.00,-0010.03
+1580603446.20,-0000.98,-0004.88,-0008.79,-0001.61,-0000.69,-0009.57
+1580603446.20,+0000.98,-0004.88,-0008.79,-0001.15,-0001.91,-0008.27
+1580603446.21,+0000.98,-0006.84,-0009.77,-0001.53,+0000.08,-0009.11
+1580603446.21,-0001.95,-0006.84,-0009.77,-0000.23,-0001.38,-0009.65
+1580603446.22,+0000.00,-0005.86,-0008.79,-0000.84,+0000.08,-0009.72
+1580603446.22,+0001.95,-0006.84,-0007.81,+0000.15,-0000.77,-0010.03
+1580603446.23,+0000.98,-0006.84,-0007.81,+0000.31,+0001.23,-0009.65
+1580603446.23,-0005.86,-0005.86,-0006.84,-0000.31,+0001.76,-0014.62
+1580603446.24,+0000.00,-0005.86,-0005.86,+0001.38,-0002.60,-0013.32
+1580603446.24,+0005.86,-0005.86,-0004.88,+0000.00,+0000.46,-0011.03
+1580603446.25,-0001.95,-0005.86,-0003.91,+0000.08,+0000.31,-0007.96
+1580603446.25,-0001.95,-0003.91,-0003.91,+0000.08,-0001.76,-0006.81
+1580603446.26,-0000.98,-0004.88,-0002.93,+0000.15,+0001.84,-0011.18
+1580603446.26,-0000.98,-0003.91,-0001.95,+0000.15,+0001.30,-0008.04
+1580603446.27,-0002.93,-0002.93,-0001.95,+0001.38,+0002.30,-0011.33
+1580603446.27,-0006.84,-0002.93,-0000.98,+0000.08,-0000.77,-0011.25
+1580603446.28,-0001.95,-0001.95,+0000.00,+0000.77,+0001.99,-0012.71
+1580603446.28,-0002.93,-0001.95,+0000.98,+0000.23,-0000.31,-0010.41
+1580603446.29,-0003.91,-0000.98,+0001.95,+0001.23,+0000.84,-0010.03
+1580603446.29,-0007.81,+0000.00,+0002.93,+0000.61,+0003.06,-0013.25
+1580603446.30,-0001.95,+0000.00,+0003.91,+0003.06,-0001.99,-0010.64
+1580603446.30,+0000.00,+0000.00,+0004.88,-0000.92,+0003.37,-0008.65
+1580603446.31,-0007.81,+0000.98,+0005.86,+0001.68,-0000.31,-0007.04
+1580603446.31,-0004.88,+0001.95,+0006.84,+0000.77,-0000.08,-0010.18
+1580603446.32,-0002.93,+0000.98,+0006.84,+0001.15,+0000.92,-0011.87
+1580603446.32,-0003.91,+0001.95,+0006.84,+0000.15,-0000.31,-0011.79
+1580603446.33,-0001.95,+0002.93,+0007.81,+0000.92,-0001.38,-0013.25
+1580603446.33,+0000.00,+0002.93,+0007.81,+0001.23,+0000.00,-0009.42
+1580603446.34,+0000.00,+0004.88,+0007.81,+0000.84,-0002.53,-0003.22
+1580603446.34,+0000.00,+0004.88,+0008.79,+0001.23,-0003.29,-0000.84
+1580603446.35,-0004.88,+0003.91,+0008.79,+0000.15,+0000.15,-0004.13
+1580603446.35,-0008.79,+0005.86,+0009.77,+0001.00,-0002.30,-0000.92
+1580603446.36,-0008.79,+0005.86,+0010.74,+0000.00,+0003.98,+0000.84
+1580603446.36,-0018.55,+0005.86,+0009.77,+0000.69,+0003.98,-0000.54
+1580603446.37,-0020.51,+0005.86,+0009.77,+0000.46,+0002.37,-0009.03
+1580603446.37,-0018.55,+0005.86,+0010.74,-0001.30,+0002.60,-0011.94
+1580603446.38,-0020.51,+0004.88,+0009.77,-0000.69,-0000.46,-0013.48
+1580603446.38,-0020.51,+0006.84,+0008.79,-0001.15,+0001.45,-0015.08
+1580603446.39,-0021.48,+0006.84,+0007.81,-0001.15,+0001.61,-0015.39
+1580603446.39,-0023.44,+0006.84,+0006.84,-0001.30,+0000.46,-0015.16
+1580603446.40,-0018.55,+0006.84,+0006.84,-0001.68,-0001.99,-0009.80
+1580603446.40,-0014.65,+0007.81,+0005.86,-0001.68,+0004.06,-0007.58
+1580603446.41,-0026.37,+0006.84,+0004.88,-0002.83,-0001.99,-0005.28
+1580603446.41,-0017.58,+0007.81,+0004.88,-0000.38,-0001.68,-0007.73
+1580603446.42,-0014.65,+0006.84,+0003.91,-0002.37,+0001.15,-0007.58
+1580603446.42,-0022.46,+0006.84,+0002.93,-0000.15,-0001.91,-0010.64
+1580603446.43,-0018.55,+0007.81,+0001.95,-0001.00,-0001.00,-0011.10
+1580603446.43,-0017.58,+0006.84,+0000.98,-0001.30,+0001.38,-0012.10
+1580603446.44,-0021.48,+0006.84,+0000.98,-0001.00,+0000.77,-0010.49
+1580603446.44,-0017.58,+0008.79,+0000.98,-0000.84,+0001.00,-0011.56
+1580603446.45,-0017.58,+0007.81,+0000.00,-0001.23,-0000.77,-0010.11
+1580603446.45,-0020.51,+0007.81,-0000.98,+0000.00,+0004.44,-0011.03
+1580603446.46,-0025.39,+0008.79,-0001.95,-0001.30,-0002.07,-0012.48
+1580603446.46,-0017.58,+0008.79,-0000.98,-0001.23,+0002.22,-0010.18
+1580603446.47,-0019.53,+0008.79,-0001.95,-0002.76,+0005.82,-0012.10
+1580603446.47,-0025.39,+0009.77,-0001.95,-0002.68,-0001.30,-0008.96
+1580603446.48,-0017.58,+0009.77,-0002.93,-0002.45,+0002.45,-0012.10
+1580603446.48,-0019.53,+0007.81,-0003.91,-0003.52,-0000.54,-0009.11
+1580603446.49,-0018.55,+0009.77,-0004.88,+0001.53,+0000.15,-0008.19
+1580603446.49,-0019.53,+0010.74,-0004.88,+0000.84,+0000.46,-0009.57
+1580603446.50,-0018.55,+0010.74,-0004.88,-0000.23,+0002.14,-0011.48
+1580603446.50,-0017.58,+0009.77,-0004.88,-0000.84,-0000.69,-0012.02
+1580603446.51,-0014.65,+0010.74,-0004.88,-0002.22,+0001.99,-0010.03
+1580603446.51,-0016.60,+0010.74,-0004.88,-0000.23,+0000.31,-0009.42
+1580603446.52,-0016.60,+0011.72,-0005.86,-0001.53,+0000.08,-0007.66
+1580603446.52,-0016.60,+0010.74,-0005.86,-0000.61,+0001.07,-0009.49
+1580603446.53,-0012.70,+0010.74,-0005.86,+0000.38,+0001.91,-0010.18
+1580603446.53,-0015.62,+0010.74,-0005.86,-0000.92,+0002.07,-0013.32
+1580603446.54,-0016.60,+0010.74,-0005.86,-0000.46,-0001.00,-0013.32
+1580603446.54,-0012.70,+0010.74,-0006.84,-0002.53,+0003.45,-0013.55
+1580603446.55,-0017.58,+0009.77,-0006.84,-0001.00,+0002.14,-0011.79
+1580603446.55,-0018.55,+0010.74,-0005.86,-0000.69,+0002.91,-0015.70
+1580603446.56,-0014.65,+0009.77,-0005.86,-0001.53,-0002.14,-0018.45
+1580603446.56,+0014.65,+0006.84,-0005.86,+0003.22,+0010.11,+0000.38
+1580603446.57,-0005.86,+0007.81,-0009.77,-0005.90,+0004.21,-0020.90
+1580603446.57,-0018.55,+0003.91,-0007.81,+0011.25,-0014.70,+0007.89
+1580603446.58,+0020.51,+0016.60,-0005.86,-0000.84,+0004.36,-0022.66
+1580603446.58,+0027.34,-0000.98,-0008.79,+0004.06,+0005.74,+0007.50
+1580603446.59,+0008.79,+0003.91,-0009.77,-0002.68,-0001.61,-0003.90
+1580603446.59,-0009.77,+0005.86,-0008.79,-0001.30,-0005.21,-0009.80
+1580603446.60,+0007.81,+0008.79,-0006.84,-0001.61,-0003.60,-0020.67
+1580603446.60,+0018.55,+0002.93,-0005.86,-0002.37,-0000.77,-0007.89
+1580603446.61,+0008.79,+0002.93,-0007.81,+0002.83,+0003.68,-0015.24
+1580603446.61,-0007.81,+0004.88,-0007.81,-0002.68,+0000.46,-0012.10
+1580603446.62,-0002.93,+0002.93,-0005.86,-0000.69,-0002.30,-0012.63
+1580603446.62,+0013.67,+0000.98,-0003.91,+0000.31,+0001.38,-0006.58
+1580603446.63,+0005.86,+0000.98,-0004.88,+0000.77,+0003.83,-0003.98
+1580603446.63,-0005.86,+0000.00,-0004.88,+0000.54,-0000.38,-0011.18
+1580603446.64,-0003.91,-0000.98,-0004.88,-0001.30,-0001.53,-0011.03
+1580603446.64,+0007.81,-0001.95,-0003.91,+0000.46,-0001.61,-0006.97
+1580603446.64,+0003.91,-0003.91,-0004.88,-0002.91,+0000.77,-0007.58
+1580603446.65,-0009.77,-0004.88,-0005.86,+0001.30,-0004.52,-0010.64
+1580603446.65,-0000.98,-0005.86,-0005.86,-0001.07,-0002.45,-0011.94
+1580603446.66,+0002.93,-0005.86,-0005.86,+0002.37,+0001.00,-0014.70
+1580603446.66,+0000.98,-0007.81,-0004.88,+0001.45,-0000.46,-0010.80
+1580603446.67,-0001.95,-0006.84,-0004.88,-0001.38,-0000.77,-0014.24
+1580603446.67,-0002.93,-0006.84,-0004.88,+0000.77,-0002.45,-0011.87
+1580603446.68,+0003.91,-0005.86,-0003.91,+0001.45,-0002.14,-0010.34
+1580603446.68,+0000.98,-0008.79,-0003.91,+0001.91,-0003.90,-0008.27
+1580603446.69,+0000.98,-0006.84,-0002.93,+0000.61,-0001.45,-0009.88
+1580603446.69,+0000.98,-0006.84,-0002.93,-0001.45,+0001.68,-0015.39
+1580603446.70,+0004.88,-0006.84,-0001.95,-0000.08,-0001.61,-0012.02
+1580603446.70,+0009.77,-0007.81,-0002.93,-0000.38,+0000.38,-0017.15
+1580603446.71,+0004.88,-0007.81,-0001.95,-0001.84,-0006.28,-0007.35
+1580603446.71,+0008.79,-0004.88,-0001.95,+0003.75,+0001.15,-0016.00
+1580603446.72,+0008.79,-0005.86,+0000.00,+0004.67,-0000.77,-0011.03
+1580603446.72,+0010.74,-0002.93,+0000.98,+0000.38,-0003.68,-0010.18
+1580603446.73,+0013.67,-0003.91,+0002.93,+0001.23,-0002.14,-0008.58
+1580603446.73,+0014.65,-0000.98,+0003.91,+0003.98,-0003.29,-0006.81
+1580603446.74,+0011.72,-0000.98,+0004.88,+0005.36,+0003.29,-0011.25
+1580603446.74,+0002.93,+0002.93,+0005.86,-0001.99,-0000.61,-0012.79
+1580603446.75,+0007.81,+0002.93,+0007.81,+0002.37,-0002.14,-0012.40
+1580603446.75,+0012.70,+0002.93,+0008.79,-0000.15,+0003.22,-0010.95
+1580603446.76,+0001.95,+0003.91,+0008.79,+0003.52,-0001.61,-0006.12
+1580603446.76,-0000.98,+0006.84,+0010.74,+0002.07,+0000.08,-0007.81
+1580603446.77,+0000.00,+0006.84,+0011.72,+0001.53,-0001.99,-0004.67
+1580603446.77,+0002.93,+0006.84,+0011.72,+0000.69,+0003.14,+0003.14
+1580603446.78,-0012.70,+0006.84,+0011.72,+0000.84,+0003.14,-0001.91
+1580603446.78,-0018.55,+0009.77,+0012.70,+0001.76,-0001.00,-0003.22
+1580603446.79,-0012.70,+0009.77,+0013.67,-0000.38,+0000.38,-0007.20
+1580603446.79,-0015.62,+0008.79,+0013.67,+0000.92,+0001.84,-0005.82
+1580603446.80,-0023.44,+0010.74,+0012.70,-0000.38,+0003.60,-0007.66
+1580603446.80,-0028.32,+0010.74,+0012.70,-0000.31,+0001.07,-0011.64
+1580603446.81,-0024.41,+0009.77,+0012.70,+0000.00,-0000.54,-0008.65
+1580603446.81,-0021.48,+0009.77,+0011.72,+0000.31,+0004.13,-0010.64
+1580603446.82,-0033.20,+0010.74,+0010.74,-0000.69,+0000.46,-0010.18
+1580603446.82,-0028.32,+0011.72,+0010.74,-0002.07,-0001.68,-0010.72
+1580603446.83,-0020.51,+0009.77,+0009.77,-0000.23,+0000.38,-0009.26
+1580603446.83,-0026.37,+0010.74,+0007.81,-0000.61,+0002.30,-0005.05
+1580603446.84,-0028.32,+0011.72,+0005.86,-0001.91,-0004.13,-0008.42
+1580603446.84,-0018.55,+0009.77,+0004.88,-0001.99,-0001.30,-0028.56
+1580603446.85,-0004.88,+0007.81,+0004.88,-0001.00,-0006.66,-0027.26
+1580603446.85,+0003.91,+0009.77,+0003.91,-0000.61,-0001.15,-0025.88
+1580603446.86,+0000.00,+0010.74,+0002.93,-0000.77,-0005.59,-0022.43
+1580603446.86,+0009.77,+0010.74,+0001.95,-0004.29,-0004.21,-0014.01
+1580603446.87,+0023.44,+0009.77,+0000.00,-0001.99,-0001.38,-0009.11
+1580603446.87,+0015.62,+0008.79,-0002.93,-0005.28,+0000.46,-0010.95
+1580603446.88,+0013.67,+0009.77,-0004.88,-0002.30,-0001.23,-0010.34
+1580603446.88,+0020.51,+0007.81,-0007.81,-0003.29,-0001.76,-0010.18
+1580603446.89,+0020.51,+0006.84,-0008.79,-0002.14,+0000.54,-0009.57
+1580603446.89,+0017.58,+0008.79,-0009.77,-0002.68,-0002.53,-0006.20
+1580603446.90,+0020.51,+0006.84,-0010.74,+0002.60,+0004.36,-0009.65
+1580603446.90,+0013.67,+0006.84,-0010.74,-0003.60,-0001.76,-0007.96
+1580603446.91,+0013.67,+0007.81,-0010.74,+0003.60,+0001.84,-0006.89
+1580603446.91,+0007.81,+0008.79,-0009.77,-0003.22,+0001.99,-0011.18
+1580603446.92,+0009.77,+0006.84,-0009.77,+0000.69,-0001.00,-0006.51
+1580603446.92,+0013.67,+0004.88,-0010.74,-0005.67,+0007.73,-0013.48
+1580603446.93,+0003.91,+0002.93,-0013.67,-0001.99,+0003.29,-0010.64
+1580603446.93,+0004.88,+0003.91,-0015.62,-0003.98,+0002.22,-0007.58
+1580603446.94,+0000.98,+0000.98,-0016.60,-0004.75,+0001.84,-0003.83
+1580603446.94,-0004.88,-0000.98,-0018.55,-0002.83,+0003.98,-0005.13
+1580603446.95,-0008.79,-0001.95,-0019.53,-0004.75,+0000.08,-0007.73
+1580603446.95,-0006.84,-0002.93,-0021.48,-0001.45,+0003.52,-0012.02
+1580603446.96,-0007.81,-0003.91,-0022.46,-0004.82,-0000.31,-0012.33
+1580603446.96,-0004.88,-0003.91,-0023.44,-0002.22,-0002.37,-0011.64
+1580603446.97,+0000.00,-0004.88,-0025.39,-0004.82,-0004.29,-0007.20
+1580603446.97,+0005.86,-0005.86,-0027.34,-0002.53,-0002.68,-0005.28
+1580603446.98,+0007.81,-0005.86,-0029.30,-0005.74,-0003.06,-0005.74
+1580603446.98,+0010.74,-0005.86,-0030.27,-0002.37,-0003.68,-0008.88
+1580603446.99,+0018.55,-0005.86,-0031.25,-0003.45,-0004.36,-0011.94
+1580603446.99,+0022.46,-0006.84,-0032.23,-0003.22,-0005.59,-0007.89
+1580603447.00,+0025.39,-0006.84,-0032.23,-0001.91,-0003.90,-0008.27
+1580603447.00,+0024.41,-0007.81,-0032.23,-0001.38,-0005.82,-0010.57
+1580603447.01,+0028.32,-0006.84,-0032.23,-0001.68,-0001.00,-0013.78
+1580603447.01,+0028.32,-0008.79,-0031.25,-0002.76,-0004.13,-0013.78
+1580603447.02,+0034.18,-0008.79,-0031.25,-0001.30,-0001.30,-0008.04
+1580603447.02,+0031.25,-0008.79,-0031.25,-0001.61,-0003.37,-0006.89
+1580603447.03,+0029.30,-0009.77,-0030.27,+0002.14,-0001.91,-0007.81
+1580603447.03,+0029.30,-0010.74,-0028.32,+0000.61,+0003.83,-0015.16
+1580603447.04,+0045.90,-0012.70,-0027.34,+0008.04,+0011.56,+0003.22
+1580603447.04,+0025.39,-0011.72,-0030.27,+0000.08,+0010.57,-0023.12
+1580603447.05,-0019.53,-0020.51,-0027.34,-0000.15,-0002.60,-0014.39
+1580603447.05,+0015.62,-0006.84,-0023.44,-0010.26,-0002.45,-0021.05
+1580603447.06,+0025.39,-0024.41,-0022.46,+0009.95,+0017.61,-0023.81
+1580603447.06,-0007.81,-0016.60,-0023.44,-0005.59,+0003.83,-0008.12
+1580603447.07,-0015.62,-0019.53,-0022.46,-0001.00,+0004.21,-0020.52
+1580603447.07,+0002.93,-0022.46,-0021.48,-0000.15,+0005.36,-0009.80
+1580603447.08,+0000.00,-0023.44,-0020.51,+0000.38,+0007.27,-0010.18
+1580603447.08,-0017.58,-0022.46,-0020.51,-0001.45,-0000.61,-0005.05
+1580603447.09,-0007.81,-0025.39,-0020.51,+0000.61,-0003.29,-0010.64
+1580603447.09,+0003.91,-0026.37,-0020.51,-0001.84,-0004.13,-0004.98
+1580603447.10,+0005.86,-0026.37,-0020.51,+0001.38,-0001.99,-0004.59
+1580603447.10,-0002.93,-0024.41,-0020.51,-0001.99,-0002.45,-0007.73
+1580603447.11,+0000.98,-0022.46,-0018.55,+0003.37,-0006.05,-0009.49
+1580603447.11,+0010.74,-0022.46,-0017.58,-0002.53,-0004.59,-0008.19
+1580603447.12,+0015.62,-0022.46,-0015.62,+0003.29,-0005.05,+0002.14
+1580603447.12,+0002.93,-0017.58,-0013.67,+0003.90,+0006.74,-0009.80
+1580603447.13,-0003.91,-0015.62,-0010.74,+0006.81,-0005.28,-0009.57
+1580603447.13,+0018.55,-0011.72,-0006.84,+0002.68,-0000.77,-0013.78
+1580603447.14,+0009.77,-0013.67,-0004.88,-0000.15,+0005.44,-0011.33
+1580603447.14,-0005.86,-0006.84,-0001.95,+0001.38,+0000.84,-0013.78
+1580603447.15,-0000.98,-0004.88,+0000.98,+0005.28,+0000.00,-0014.01
+1580603447.15,+0007.81,-0004.88,+0002.93,+0003.14,+0000.00,-0008.80
+1580603447.16,+0001.95,-0003.91,+0005.86,+0001.68,+0003.52,-0006.66
+1580603447.16,-0007.81,+0000.98,+0006.84,+0001.76,-0000.46,-0005.59
+1580603447.17,-0003.91,+0000.00,+0008.79,+0003.22,+0002.91,-0009.49
+1580603447.17,-0000.98,+0000.98,+0009.77,+0003.68,+0001.61,-0008.04
+1580603447.18,-0004.88,+0001.95,+0011.72,+0004.29,-0002.07,-0008.88
+1580603447.18,-0006.84,+0002.93,+0013.67,+0001.23,+0000.69,-0010.57
+1580603447.19,-0004.88,+0003.91,+0015.62,+0003.83,-0000.08,-0011.25
+1580603447.19,-0003.91,+0003.91,+0016.60,+0001.61,+0001.15,-0010.18
+1580603447.20,-0003.91,+0003.91,+0017.58,+0002.99,+0003.37,-0011.64
+1580603447.20,-0010.74,+0004.88,+0018.55,+0001.91,+0000.08,-0013.70
+1580603447.21,-0003.91,+0004.88,+0020.51,+0002.68,-0004.75,-0008.04
+1580603447.21,-0001.95,+0004.88,+0020.51,+0000.92,+0001.07,-0014.01
+1580603447.22,-0008.79,+0003.91,+0020.51,+0002.53,-0004.67,-0009.03
+1580603447.22,+0003.91,+0006.84,+0020.51,+0000.61,-0002.37,-0009.19
+1580603447.23,+0000.00,+0004.88,+0020.51,+0001.76,+0004.13,-0012.86
+1580603447.23,-0004.88,+0006.84,+0020.51,+0002.53,-0001.99,-0011.79
+1580603447.24,+0003.91,+0007.81,+0021.48,+0002.45,+0000.00,-0014.16
+1580603447.24,+0004.88,+0007.81,+0021.48,-0000.15,-0000.15,-0010.95
+1580603447.25,+0002.93,+0008.79,+0021.48,+0001.99,-0000.08,-0007.96
+1580603447.25,+0000.00,+0009.77,+0021.48,+0002.22,+0000.77,-0011.79
+1580603447.26,+0000.98,+0010.74,+0021.48,+0001.07,+0000.77,-0010.87
+1580603447.26,+0003.91,+0011.72,+0020.51,-0000.23,-0000.69,-0011.18
+1580603447.27,+0001.95,+0010.74,+0019.53,+0002.53,+0004.44,-0011.41
+1580603447.27,-0006.84,+0011.72,+0019.53,-0000.77,+0000.08,-0011.71
+1580603447.28,-0000.98,+0012.70,+0019.53,+0000.23,-0002.07,-0007.27
+1580603447.28,+0002.93,+0012.70,+0018.55,+0000.00,+0004.36,-0007.50
+1580603447.29,-0007.81,+0011.72,+0016.60,+0000.54,-0002.22,-0004.29
+1580603447.29,-0005.86,+0013.67,+0015.62,-0000.77,+0001.15,-0007.43
+1580603447.30,-0006.84,+0012.70,+0013.67,-0001.23,+0003.75,-0010.03
+1580603447.30,-0009.77,+0012.70,+0013.67,-0001.38,+0001.76,-0011.64
+1580603447.31,-0008.79,+0014.65,+0012.70,+0000.00,+0001.07,-0011.87
+1580603447.31,-0008.79,+0013.67,+0012.70,-0003.14,+0000.69,-0010.72
+1580603447.32,-0005.86,+0013.67,+0010.74,-0001.99,-0000.08,-0010.41
+1580603447.32,-0002.93,+0012.70,+0009.77,+0001.00,+0003.14,-0011.71
+1580603447.33,-0005.86,+0013.67,+0007.81,-0003.52,+0000.00,-0011.03
+1580603447.33,-0005.86,+0013.67,+0006.84,-0001.07,-0001.68,-0010.41
+1580603447.34,-0004.88,+0014.65,+0004.88,-0003.45,-0001.38,-0007.81
+1580603447.34,-0003.91,+0012.70,+0003.91,-0000.38,-0001.38,-0008.04
+1580603447.35,-0000.98,+0013.67,+0001.95,-0003.06,+0002.07,-0009.03
+1580603447.35,-0005.86,+0013.67,+0001.95,+0000.00,+0001.76,-0011.71
+1580603447.36,+0000.00,+0013.67,+0001.95,-0000.31,+0000.38,-0012.71
+1580603447.36,+0001.95,+0013.67,+0000.98,-0000.61,+0000.69,-0012.33
+1580603447.37,-0000.98,+0013.67,+0000.00,-0001.38,-0001.76,-0009.80
+1580603447.37,-0001.95,+0014.65,-0000.98,-0004.13,-0001.15,-0012.17
+1580603447.38,+0001.95,+0012.70,-0001.95,-0000.77,-0001.23,-0011.10
+1580603447.38,+0006.84,+0013.67,-0002.93,-0001.84,+0001.68,-0010.34
+1580603447.39,+0001.95,+0011.72,-0003.91,-0003.37,-0000.69,-0009.26
+1580603447.39,+0005.86,+0012.70,-0004.88,-0004.75,-0000.31,-0009.80
+1580603447.40,+0009.77,+0010.74,-0006.84,+0000.38,-0002.07,-0008.50
+1580603447.40,+0008.79,+0010.74,-0006.84,-0002.68,-0000.92,-0006.81
+1580603447.41,+0002.93,+0010.74,-0007.81,-0001.68,-0001.91,-0012.63
+1580603447.41,+0004.88,+0009.77,-0008.79,-0001.30,-0001.68,-0011.64
+1580603447.42,+0011.72,+0008.79,-0008.79,-0001.45,+0001.00,-0010.95
+1580603447.42,+0004.88,+0007.81,-0009.77,-0001.38,+0001.99,-0012.02
+1580603447.43,+0005.86,+0007.81,-0010.74,-0004.13,-0001.53,-0009.72
+1580603447.43,+0010.74,+0005.86,-0012.70,-0003.22,+0001.99,-0010.26
+1580603447.44,+0004.88,+0003.91,-0013.67,-0003.29,+0002.68,-0009.34
+1580603447.44,+0002.93,+0004.88,-0014.65,-0001.76,-0000.92,-0008.73
+1580603447.45,+0005.86,+0002.93,-0015.62,-0004.13,+0000.31,-0007.81
+1580603447.45,+0001.95,+0000.00,-0016.60,-0000.54,+0002.14,-0009.42
+1580603447.46,+0000.98,+0000.98,-0016.60,-0003.60,-0002.14,-0007.58
+1580603447.46,+0006.84,-0000.98,-0017.58,-0002.07,+0001.76,-0008.50
+1580603447.47,+0001.95,-0002.93,-0018.55,-0003.98,-0000.61,-0009.11
+1580603447.47,-0002.93,-0002.93,-0019.53,-0000.15,+0000.77,-0011.41
+1580603447.48,+0000.98,-0002.93,-0020.51,-0003.98,-0000.84,-0013.93
+1580603447.48,+0005.86,-0005.86,-0021.48,-0000.61,-0000.23,-0011.71
+1580603447.49,+0003.91,-0006.84,-0022.46,-0004.75,+0000.31,-0008.42
+1580603447.49,-0000.98,-0006.84,-0023.44,-0002.07,-0001.45,-0006.89
+1580603447.50,-0000.98,-0007.81,-0024.41,-0002.68,-0002.37,-0008.65
+1580603447.50,+0005.86,-0009.77,-0024.41,+0000.92,+0001.61,-0008.19
+1580603447.51,+0000.00,-0009.77,-0024.41,-0003.90,-0000.15,-0011.03
+1580603447.51,+0000.00,-0009.77,-0025.39,-0001.07,-0002.99,-0009.57
+1580603447.52,+0000.00,-0009.77,-0025.39,-0002.60,+0000.31,-0013.48
+1580603447.52,+0000.98,-0010.74,-0025.39,+0000.84,-0003.52,-0010.49
+1580603447.53,+0006.84,-0010.74,-0025.39,-0002.45,-0002.22,-0003.98
+1580603447.53,-0008.79,-0010.74,-0025.39,-0003.83,+0002.53,-0020.06
+1580603447.54,-0012.70,-0010.74,-0024.41,+0000.77,-0010.41,-0007.43
+1580603447.54,+0016.60,-0009.77,-0023.44,+0003.45,+0000.08,-0009.80
+1580603447.55,-0002.93,-0013.67,-0024.41,-0003.37,+0007.20,-0010.26
+1580603447.55,-0011.72,-0010.74,-0023.44,+0002.22,-0001.61,-0015.16
+1580603447.56,+0000.98,-0008.79,-0021.48,-0002.22,-0001.76,-0011.18
+1580603447.56,+0004.88,-0013.67,-0021.48,+0001.45,+0000.00,-0011.18
+1580603447.57,+0001.95,-0010.74,-0021.48,-0000.54,-0000.92,-0013.25
+1580603447.57,-0004.88,-0010.74,-0020.51,+0001.45,-0002.30,-0014.32
+1580603447.58,+0000.98,-0011.72,-0019.53,-0001.53,-0001.84,-0013.48
+1580603447.58,+0008.79,-0011.72,-0018.55,+0000.54,-0001.84,-0016.15
+1580603447.59,+0003.91,-0010.74,-0017.58,+0002.07,-0001.00,-0010.72
+1580603447.59,+0003.91,-0009.77,-0016.60,+0000.92,-0002.14,-0012.25
+1580603447.60,+0005.86,-0010.74,-0014.65,-0000.23,-0002.07,-0011.33
+1580603447.60,+0008.79,-0009.77,-0013.67,+0002.53,-0001.00,-0008.19
+1580603447.61,+0001.95,-0008.79,-0013.67,+0001.38,-0000.92,-0009.49
+1580603447.61,+0004.88,-0008.79,-0011.72,+0000.92,-0004.29,-0005.97
+1580603447.62,+0005.86,-0009.77,-0010.74,+0001.00,+0003.68,-0010.95
+1580603447.62,-0001.95,-0009.77,-0008.79,+0002.60,-0001.61,-0008.96
+1580603447.63,+0001.95,-0007.81,-0007.81,+0001.23,-0000.54,-0010.64
+1580603447.63,+0003.91,-0008.79,-0006.84,+0000.84,-0002.60,-0006.12
+1580603447.64,-0000.98,-0007.81,-0005.86,+0002.14,+0000.84,-0003.06
+1580603447.64,-0008.79,-0007.81,-0005.86,+0001.00,-0001.23,-0009.95
+1580603447.65,-0006.84,-0006.84,-0003.91,+0001.91,-0001.15,-0008.80
+1580603447.65,-0000.98,-0008.79,-0003.91,+0000.77,+0001.99,-0011.41
+1580603447.66,-0007.81,-0007.81,-0002.93,+0000.54,-0001.68,-0008.19
+1580603447.66,-0008.79,-0005.86,-0001.95,+0001.45,+0000.54,-0010.72
+1580603447.67,-0006.84,-0006.84,-0001.95,-0001.76,-0000.92,-0008.35
+1580603447.67,-0007.81,-0006.84,-0001.95,+0001.84,+0001.23,-0008.50
+1580603447.68,-0009.77,-0005.86,-0000.98,+0000.54,-0003.45,-0007.66
+1580603447.68,-0004.88,-0004.88,-0000.98,+0001.91,+0001.53,-0010.72
+1580603447.69,-0010.74,-0005.86,-0001.95,-0001.30,+0000.54,-0011.10
+1580603447.69,-0005.86,-0004.88,-0000.98,+0000.08,+0000.61,-0011.41
+1580603447.70,-0004.88,-0004.88,+0000.00,-0002.37,+0000.00,-0011.79
+1580603447.70,-0003.91,-0004.88,+0000.00,+0001.38,-0002.76,-0008.35
+1580603447.71,-0001.95,-0003.91,+0000.00,-0000.15,+0001.53,-0010.18
+1580603447.71,-0005.86,-0003.91,+0000.00,+0000.77,-0001.38,-0013.55
+1580603447.72,-0002.93,-0001.95,+0000.98,+0001.53,-0001.45,-0013.25
+1580603447.72,+0001.95,-0001.95,+0000.98,+0002.83,-0000.77,-0013.78
+1580603447.73,+0000.98,-0001.95,+0001.95,+0001.68,-0000.08,-0009.03
+1580603447.73,+0000.00,+0000.00,+0000.98,-0001.38,-0001.45,-0009.03
+1580603447.74,+0001.95,-0001.95,+0001.95,+0000.00,-0001.91,-0006.35
+1580603447.74,+0003.91,-0000.98,+0000.98,+0000.92,+0001.91,-0009.03
+1580603447.75,+0000.98,-0000.98,+0001.95,+0001.61,-0001.91,-0011.48
+1580603447.75,+0005.86,+0000.00,+0001.95,-0002.14,-0001.30,-0009.95
+1580603447.76,+0006.84,-0001.95,+0000.98,+0001.30,+0001.53,-0013.63
+1580603447.76,+0001.95,+0000.00,+0000.98,-0001.68,+0000.77,-0009.95
+1580603447.77,+0000.98,+0000.98,+0000.00,-0000.15,-0000.08,-0013.32
+1580603447.77,+0005.86,-0000.98,+0000.98,-0000.38,-0001.30,-0009.57
+1580603447.78,+0004.88,+0000.00,+0000.98,+0000.69,+0002.37,-0010.72
+1580603447.78,-0001.95,+0000.98,+0000.00,-0001.53,+0000.15,-0009.19
+1580603447.79,-0000.98,+0000.98,-0000.98,-0001.15,+0001.38,-0010.57
+1580603447.79,-0000.98,-0000.98,-0001.95,-0001.38,+0002.45,-0012.02
+1580603447.80,-0002.93,-0000.98,-0002.93,-0001.15,+0000.92,-0010.18
+1580603447.80,-0003.91,-0000.98,-0003.91,-0001.84,+0001.07,-0009.11
+1580603447.81,-0002.93,-0001.95,-0004.88,-0001.91,-0001.00,-0008.04
+1580603447.81,-0001.95,-0001.95,-0005.86,-0001.15,+0000.31,-0008.65
+1580603447.82,-0000.98,-0002.93,-0006.84,-0001.07,+0001.15,-0009.57
+1580603447.82,-0007.81,-0002.93,-0007.81,-0002.22,+0001.68,-0007.73
+1580603447.83,-0009.77,-0001.95,-0007.81,-0000.46,-0002.14,-0007.50
+1580603447.83,-0000.98,-0002.93,-0008.79,-0001.30,+0000.46,-0013.48
+1580603447.84,+0002.93,-0004.88,-0008.79,-0001.53,-0003.22,-0010.72
+1580603447.84,-0000.98,-0004.88,-0009.77,-0002.53,+0001.53,-0008.50
+1580603447.85,-0007.81,-0003.91,-0010.74,-0004.29,-0001.61,-0001.53
+1580603447.85,-0001.95,-0003.91,-0011.72,-0002.14,+0002.14,-0009.57
+1580603447.86,-0002.93,-0006.84,-0011.72,-0000.92,-0000.84,-0008.19
+1580603447.86,+0000.00,-0005.86,-0011.72,+0000.84,-0001.61,-0011.33
+1580603447.87,-0002.93,-0005.86,-0011.72,-0003.14,+0000.15,-0014.32
+1580603447.87,-0001.95,-0005.86,-0011.72,-0000.23,-0002.22,-0015.01
+1580603447.88,+0002.93,-0006.84,-0011.72,-0002.22,-0001.84,-0011.71
+1580603447.88,+0003.91,-0008.79,-0012.70,+0001.00,+0001.23,-0008.96
+1580603447.89,-0003.91,-0007.81,-0012.70,+0000.00,-0001.99,-0010.11
+1580603447.89,-0000.98,-0008.79,-0011.72,+0000.08,-0000.77,-0008.88
+1580603447.90,+0003.91,-0009.77,-0011.72,-0002.14,+0002.14,-0012.56
+1580603447.90,+0000.98,-0011.72,-0011.72,-0000.69,-0003.29,-0005.74
+1580603447.91,+0001.95,-0010.74,-0011.72,-0003.06,-0001.07,-0009.65
+1580603447.91,-0000.98,-0013.67,-0011.72,-0000.46,-0000.08,-0011.94
+1580603447.92,+0001.95,-0013.67,-0012.70,-0000.61,-0000.69,-0010.72
+1580603447.92,+0000.00,-0014.65,-0012.70,+0001.15,-0000.92,-0014.93
+1580603447.93,-0001.95,-0014.65,-0011.72,-0000.38,-0004.52,-0009.03
+1580603447.93,+0003.91,-0016.60,-0010.74,+0002.22,+0001.38,-0011.71
+1580603447.94,+0000.00,-0016.60,-0009.77,-0001.61,+0001.00,-0011.10
+1580603447.94,+0001.95,-0014.65,-0008.79,-0000.23,-0001.68,-0009.19
+1580603447.95,+0006.84,-0015.62,-0008.79,-0000.77,-0000.23,-0010.18
+1580603447.95,+0002.93,-0016.60,-0007.81,+0001.07,+0001.23,-0010.34
+1580603447.96,+0000.00,-0015.62,-0007.81,-0000.77,-0001.76,-0010.80
+1580603447.96,+0000.98,-0015.62,-0007.81,-0000.31,-0001.84,-0012.56
+1580603447.97,+0004.88,-0017.58,-0006.84,+0000.61,-0001.38,-0009.88
+1580603447.97,+0004.88,-0016.60,-0005.86,+0002.30,+0000.00,-0010.03
+1580603447.98,+0000.00,-0015.62,-0004.88,+0002.37,-0002.53,-0004.82
+1580603447.98,+0001.95,-0014.65,-0003.91,+0000.23,+0000.15,-0006.81
+1580603447.99,-0001.95,-0015.62,-0001.95,+0000.54,+0000.08,-0006.12
+1580603447.99,-0001.95,-0014.65,-0000.98,+0002.14,-0001.76,-0003.68
+1580603448.00,-0003.91,-0013.67,+0000.00,+0001.38,+0001.00,-0010.41
+1580603448.00,-0008.79,-0012.70,+0000.98,+0000.77,-0001.91,-0010.18
+1580603448.01,-0001.95,-0011.72,+0002.93,+0001.61,-0001.61,-0011.03
+1580603448.01,-0001.95,-0011.72,+0003.91,+0001.45,+0002.30,-0008.88
+1580603448.02,-0011.72,-0010.74,+0003.91,+0000.46,+0001.38,-0010.57
+1580603448.02,-0012.70,-0008.79,+0005.86,+0000.92,-0000.54,-0012.71
+1580603448.03,-0006.84,-0007.81,+0006.84,+0001.76,+0000.08,-0014.32
+1580603448.03,-0004.88,-0007.81,+0007.81,-0001.91,-0014.93,+0004.98
+1580603448.04,+0013.67,-0009.77,+0008.79,+0004.75,+0017.92,-0000.61
+1580603448.04,-0040.04,-0002.93,+0006.84,-0003.98,+0008.35,-0031.47
+1580603448.05,-0015.62,-0005.86,+0011.72,+0011.71,+0007.43,-0036.14
+1580603448.05,+0021.48,+0007.81,+0011.72,-0013.93,-0019.60,-0000.15
+1580603448.06,+0020.51,-0016.60,+0008.79,+0008.04,+0014.09,+0000.61
+1580603448.06,-0021.48,-0001.95,+0009.77,-0007.20,+0000.00,-0007.50
+1580603448.07,-0007.81,+0005.86,+0013.67,+0004.82,-0000.15,-0024.65
+1580603448.07,+0011.72,+0001.95,+0014.65,-0002.76,-0003.83,-0010.95
+1580603448.08,+0011.72,-0004.88,+0013.67,+0003.60,+0005.82,-0013.32
+1580603448.08,-0007.81,+0003.91,+0014.65,+0000.46,-0004.82,-0013.17
+1580603448.09,+0003.91,+0005.86,+0015.62,+0002.07,-0001.38,-0014.55
+1580603448.09,+0009.77,+0000.98,+0015.62,-0000.31,+0001.00,-0011.64
+1580603448.10,+0004.88,+0003.91,+0015.62,+0002.07,+0001.38,-0008.27
+1580603448.10,+0001.95,+0006.84,+0015.62,-0000.46,-0001.15,-0009.34
+1580603448.11,+0004.88,+0003.91,+0014.65,-0001.84,-0000.46,-0007.66
+1580603448.11,+0006.84,+0003.91,+0014.65,-0000.46,+0001.68,-0011.25
+1580603448.12,+0003.91,+0005.86,+0014.65,-0001.91,-0001.23,-0008.88
+1580603448.12,+0004.88,+0005.86,+0013.67,-0000.38,+0000.15,-0013.17
+1580603448.13,+0001.95,+0004.88,+0013.67,-0001.76,+0000.69,-0011.64
+1580603448.13,+0006.84,+0005.86,+0012.70,-0001.45,-0002.60,-0009.26
+1580603448.14,+0008.79,+0004.88,+0011.72,-0002.83,+0002.76,-0006.66
+1580603448.14,+0001.95,+0004.88,+0009.77,-0001.23,-0000.46,-0007.73
+1580603448.15,+0000.00,+0006.84,+0009.77,-0001.91,+0000.84,-0007.66
+1580603448.15,+0002.93,+0006.84,+0008.79,-0001.99,+0000.23,-0007.35
+1580603448.16,-0000.98,+0003.91,+0007.81,-0000.77,+0002.99,-0007.81
+1580603448.16,-0007.81,+0005.86,+0006.84,-0002.53,+0000.92,-0009.26
+1580603448.17,-0005.86,+0005.86,+0005.86,-0002.68,+0001.23,-0011.03
+1580603448.17,-0005.86,+0004.88,+0004.88,-0003.75,-0002.30,-0011.48
+1580603448.18,+0000.00,+0003.91,+0003.91,-0000.54,-0000.38,-0008.27
+1580603448.18,-0004.88,+0005.86,+0001.95,-0003.06,+0005.67,-0014.32
+1580603448.19,-0010.74,+0004.88,+0000.98,-0002.99,-0003.75,-0008.73
+1580603448.19,+0003.91,+0005.86,+0000.00,-0004.67,+0000.46,-0005.51
+1580603448.20,+0000.00,+0001.95,-0001.95,-0001.45,+0000.61,-0004.59
+1580603448.20,-0005.86,+0004.88,-0001.95,+0000.38,-0000.23,-0008.04
+1580603448.21,-0001.95,+0004.88,-0001.95,-0001.15,-0003.98,-0010.49
+1580603448.21,+0006.84,+0002.93,-0002.93,-0001.61,+0000.08,-0006.74
+1580603448.22,-0000.98,+0002.93,-0003.91,-0000.92,+0003.98,-0010.72
+1580603448.22,-0008.79,+0005.86,-0003.91,-0003.29,-0002.83,-0011.25
+1580603448.23,+0001.95,+0003.91,-0003.91,-0002.99,+0001.45,-0012.94
+1580603448.23,+0003.91,+0000.98,-0004.88,-0002.07,+0000.15,-0010.11
+1580603448.24,-0001.95,+0002.93,-0004.88,+0001.53,+0001.45,-0010.03
+1580603448.24,-0004.88,+0003.91,-0004.88,+0000.54,-0002.68,-0012.79
+1580603448.25,+0000.98,+0001.95,-0004.88,-0000.77,+0001.76,-0012.17
+1580603448.25,+0000.00,+0000.00,-0004.88,-0002.22,+0001.38,-0012.56
+1580603448.26,-0001.95,+0001.95,-0004.88,+0001.53,-0001.61,-0009.19
+1580603448.26,-0001.95,+0000.98,-0005.86,+0000.00,-0001.61,-0009.03
+1580603448.27,+0000.00,-0000.98,-0004.88,-0000.84,-0000.54,-0007.81
+1580603448.27,+0000.00,-0000.98,-0005.86,-0001.68,+0000.15,-0010.03
+1580603448.28,-0001.95,-0001.95,-0005.86,-0000.46,+0002.30,-0014.47
+1580603448.28,-0006.84,-0000.98,-0006.84,-0000.31,-0000.69,-0016.31
+1580603448.29,-0002.93,-0002.93,-0005.86,-0000.31,-0002.53,-0014.62
+1580603448.29,+0004.88,-0001.95,-0005.86,+0000.54,-0000.08,-0015.01
+1580603448.30,+0000.00,-0003.91,-0005.86,+0000.77,-0000.84,-0007.58
+1580603448.30,-0000.98,-0001.95,-0005.86,-0000.84,-0000.31,-0010.03
+1580603448.31,-0002.93,-0002.93,-0005.86,-0000.61,-0001.76,-0009.26
+1580603448.31,+0005.86,-0002.93,-0004.88,-0000.77,-0002.37,-0007.58
+1580603448.32,+0005.86,-0004.88,-0005.86,-0000.61,-0001.38,-0003.68
+1580603448.32,-0000.98,-0002.93,-0006.84,+0000.84,+0004.36,-0011.87
+1580603448.33,-0008.79,-0002.93,-0005.86,-0002.60,-0001.99,-0013.78
+1580603448.33,+0007.81,-0002.93,-0004.88,-0002.76,-0000.54,-0010.95
+1580603448.34,+0011.72,-0005.86,-0004.88,-0000.23,+0001.53,-0008.12
+1580603448.34,-0003.91,-0003.91,-0004.88,+0000.08,-0000.23,-0008.42
+1580603448.35,-0006.84,-0001.95,-0004.88,-0001.68,+0000.69,-0012.10
+1580603448.35,+0005.86,-0003.91,-0003.91,+0000.23,-0003.68,-0007.35
+1580603448.36,+0008.79,-0005.86,-0003.91,-0000.77,+0001.61,-0004.52
+1580603448.36,-0003.91,-0004.88,-0003.91,+0001.38,-0000.15,-0003.22
+1580603448.37,-0008.79,-0002.93,-0002.93,+0000.54,-0001.00,-0010.87
+1580603448.37,-0000.98,-0004.88,-0002.93,+0001.07,-0001.30,-0010.11
+1580603448.38,+0000.98,-0006.84,-0002.93,-0002.45,+0001.91,-0009.19
+1580603448.38,-0007.81,-0005.86,-0001.95,+0001.91,+0002.68,-0012.17
+1580603448.39,-0008.79,-0004.88,-0000.98,+0000.77,-0000.84,-0010.34
+1580603448.39,+0000.98,-0005.86,-0000.98,-0001.15,-0000.38,-0011.10
+1580603448.40,-0002.93,-0007.81,-0000.98,-0001.45,-0000.08,-0008.27
+1580603448.40,-0004.88,-0004.88,-0000.98,-0001.84,-0000.54,-0009.80
+1580603448.41,-0005.86,-0006.84,+0000.00,+0000.31,+0000.08,-0010.95
+1580603448.41,-0001.95,-0005.86,+0000.00,+0000.38,-0001.76,-0009.26
+1580603448.42,+0000.00,-0006.84,+0000.98,-0000.54,-0000.31,-0008.73
+1580603448.42,-0003.91,-0005.86,+0000.98,-0001.84,-0000.61,-0009.11
+1580603448.43,-0001.95,-0006.84,+0001.95,+0002.53,-0000.92,-0011.03
+1580603448.43,+0002.93,-0006.84,+0002.93,-0001.45,-0002.30,-0009.26
+1580603448.44,-0000.98,-0006.84,+0002.93,+0001.15,-0000.46,-0009.80
+1580603448.44,-0003.91,-0005.86,+0003.91,-0000.15,-0001.76,-0011.94
+1580603448.45,+0000.00,-0006.84,+0004.88,+0000.00,-0000.69,-0009.11
+1580603448.45,-0001.95,-0005.86,+0004.88,+0000.84,+0003.68,-0012.86
+1580603448.46,-0007.81,-0005.86,+0004.88,+0001.30,-0004.44,-0012.48
+1580603448.46,+0003.91,-0004.88,+0005.86,+0000.38,+0000.46,-0013.02
+1580603448.47,+0003.91,-0007.81,+0005.86,-0000.15,+0000.38,-0011.33
+1580603448.47,-0001.95,-0004.88,+0006.84,+0002.68,-0001.99,-0008.19
+1580603448.48,+0000.98,-0003.91,+0007.81,+0000.15,+0000.31,-0009.49
+1580603448.48,+0001.95,-0004.88,+0008.79,+0001.23,-0001.68,-0009.26
+1580603448.49,+0001.95,-0003.91,+0008.79,+0000.31,+0001.00,-0008.19
+1580603448.49,-0002.93,-0002.93,+0008.79,-0000.92,+0001.15,-0011.64
+1580603448.50,-0005.86,-0003.91,+0008.79,+0001.38,-0001.61,-0010.03
+1580603448.50,+0000.00,-0002.93,+0008.79,-0000.08,-0000.08,-0010.26
+1580603448.51,+0000.98,-0003.91,+0009.77,-0000.69,-0001.53,-0005.44
+1580603448.51,-0006.84,-0001.95,+0009.77,+0000.54,+0001.53,-0008.65
+1580603448.52,-0010.74,-0001.95,+0010.74,+0000.61,-0002.99,-0007.81
+1580603448.52,+0000.98,-0001.95,+0010.74,+0000.15,-0000.92,-0009.65
+1580603448.53,-0005.86,-0002.93,+0009.77,+0002.07,-0000.15,-0010.80
+1580603448.53,-0008.79,+0000.00,+0009.77,-0000.84,-0002.22,-0005.67
+1580603448.54,-0008.79,+0000.00,+0009.77,+0000.08,+0008.27,-0014.93
+1580603448.54,-0022.46,-0000.98,+0009.77,-0000.54,+0005.36,-0019.37
+1580603448.55,+0000.00,+0000.98,+0011.72,+0002.07,-0000.38,-0006.05
+1580603448.55,+0000.00,+0000.00,+0009.77,-0000.77,+0012.25,-0019.37
+1580603448.56,-0023.44,-0001.95,+0009.77,-0006.58,-0008.19,+0002.22
+1580603448.56,+0000.00,+0007.81,+0010.74,-0009.57,-0001.15,-0010.95
+1580603448.57,-0004.88,-0002.93,+0008.79,+0003.90,+0002.22,-0005.28
+1580603448.57,-0006.84,+0001.95,+0008.79,-0001.00,+0000.00,-0007.12
+1580603448.58,-0010.74,+0003.91,+0008.79,-0004.06,-0000.46,-0013.55
+1580603448.58,-0003.91,+0001.95,+0008.79,+0003.22,+0000.92,-0014.24
+1580603448.59,-0000.98,+0001.95,+0008.79,-0000.23,-0003.29,-0012.25
+1580603448.59,+0001.95,+0004.88,+0008.79,+0000.84,-0001.23,-0007.20
+1580603448.60,-0004.88,+0003.91,+0007.81,+0001.45,+0000.84,-0013.09
+1580603448.60,-0006.84,+0004.88,+0008.79,+0001.84,-0002.30,-0015.01
+1580603448.61,+0004.88,+0005.86,+0008.79,-0001.61,-0001.76,-0014.01
+1580603448.61,+0008.79,+0003.91,+0007.81,-0000.69,+0000.77,-0011.87
+1580603448.62,+0000.98,+0003.91,+0006.84,-0000.77,-0000.54,-0010.11
+1580603448.62,+0001.95,+0006.84,+0006.84,-0000.38,-0001.84,-0011.64
+1580603448.63,+0006.84,+0004.88,+0006.84,-0003.98,-0001.23,-0009.26
+1580603448.63,+0004.88,+0004.88,+0005.86,-0002.60,-0000.92,-0007.35
+1580603448.64,+0002.93,+0004.88,+0005.86,+0000.08,-0001.07,-0005.82
+1580603448.64,+0004.88,+0005.86,+0004.88,-0002.22,+0002.37,-0009.03
+1580603448.65,+0000.00,+0002.93,+0004.88,-0002.14,+0000.54,-0013.32
+1580603448.65,+0007.81,+0004.88,+0004.88,-0002.45,-0000.31,-0012.86
+1580603448.66,+0009.77,+0003.91,+0003.91,-0000.84,-0000.46,-0011.94
+1580603448.66,+0003.91,+0003.91,+0002.93,-0000.92,+0000.31,-0007.89
+1580603448.67,+0000.00,+0005.86,+0002.93,+0000.69,+0002.37,-0012.02
+1580603448.67,+0001.95,+0004.88,+0002.93,-0000.08,+0000.31,-0011.87
+1580603448.68,+0008.79,+0003.91,+0002.93,-0002.14,-0001.76,-0009.19
+1580603448.68,+0009.77,+0003.91,+0001.95,-0000.92,-0000.54,-0005.97
+1580603448.69,-0001.95,+0003.91,+0000.98,-0002.68,-0000.61,-0007.20
+1580603448.69,+0000.00,+0002.93,+0000.00,-0001.38,-0002.91,-0007.43
+1580603448.70,+0006.84,+0002.93,-0000.98,-0001.68,+0001.23,-0010.95
+1580603448.70,+0002.93,+0000.98,-0000.98,-0000.92,+0000.23,-0009.26
+1580603448.71,+0002.93,+0002.93,-0000.98,-0002.45,-0003.52,-0008.12
+1580603448.71,+0006.84,+0001.95,-0000.98,-0001.07,-0001.68,-0006.51
+1580603448.72,+0003.91,+0000.98,-0001.95,-0000.15,+0001.53,-0006.66
+1580603448.72,-0006.84,+0001.95,-0001.95,+0000.31,-0003.45,-0014.70
+1580603448.73,+0001.95,+0001.95,-0001.95,-0001.23,-0001.84,-0013.02
+1580603448.73,+0009.77,+0000.00,-0002.93,-0000.23,+0002.30,-0011.56
+1580603448.74,-0001.95,+0000.98,-0002.93,-0001.38,+0000.38,-0010.57
+1580603448.74,-0003.91,+0002.93,-0002.93,-0000.38,-0001.53,-0011.64
+1580603448.75,+0003.91,+0000.00,-0002.93,-0000.69,-0001.68,-0011.71
+1580603448.75,+0003.91,-0000.98,-0002.93,+0000.69,+0000.31,-0009.57
+1580603448.76,-0000.98,+0000.98,-0002.93,-0001.15,-0002.37,-0011.79
+1580603448.76,+0000.98,+0000.00,-0001.95,-0000.84,-0001.15,-0012.25
+1580603448.77,+0004.88,-0001.95,-0002.93,-0001.00,-0001.99,-0008.73
+1580603448.77,+0005.86,-0001.95,-0003.91,-0000.61,-0000.92,-0006.20
+1580603448.78,-0002.93,-0001.95,-0003.91,-0000.61,-0002.60,-0011.41
+1580603448.78,+0002.93,-0001.95,-0002.93,+0002.07,-0003.90,-0011.56
+1580603448.79,+0011.72,-0002.93,-0001.95,-0001.07,-0001.45,-0009.80
+1580603448.79,+0005.86,-0003.91,-0001.95,-0000.08,-0001.68,-0005.44
+1580603448.80,+0000.00,-0001.95,-0001.95,-0000.08,+0001.00,-0010.64
+1580603448.80,+0000.98,-0002.93,-0000.98,+0001.15,-0001.23,-0012.02
+1580603448.81,+0007.81,-0003.91,+0000.00,+0000.08,+0000.46,-0014.01
+1580603448.81,+0004.88,-0004.88,-0000.98,+0001.07,-0000.69,-0011.41
+1580603448.82,-0001.95,-0003.91,+0000.00,+0001.91,+0001.61,-0014.01
+1580603448.82,-0005.86,-0003.91,+0000.00,-0000.15,-0000.31,-0014.39
+1580603448.83,+0004.88,-0003.91,+0000.98,+0001.00,-0002.22,-0012.48
+1580603448.83,+0005.86,-0004.88,+0000.98,+0000.77,+0000.69,-0002.60
+1580603448.84,-0004.88,-0004.88,+0000.98,-0002.22,-0002.60,+0006.28
+1580603448.84,-0006.84,-0004.88,+0000.98,+0001.00,+0001.30,-0005.13
+1580603448.85,+0000.00,-0005.86,+0001.95,-0000.15,-0005.36,-0014.01
+1580603448.85,+0006.84,-0005.86,+0001.95,+0000.08,+0002.22,-0013.17
+1580603448.86,-0008.79,-0004.88,+0002.93,-0000.46,+0002.83,-0011.18
+1580603448.86,-0005.86,-0002.93,+0002.93,+0002.45,-0006.05,-0009.26
+1580603448.87,-0000.98,-0004.88,+0002.93,-0000.23,-0001.99,-0008.42
+1580603448.87,+0002.93,-0005.86,+0002.93,+0000.69,-0000.54,-0005.90
+1580603448.88,-0005.86,-0002.93,+0003.91,+0000.46,+0005.21,-0013.48
+1580603448.88,-0013.67,-0002.93,+0004.88,+0001.45,-0003.29,-0013.09
+1580603448.89,+0003.91,-0001.95,+0004.88,-0004.13,-0002.37,-0010.57
+1580603448.89,+0003.91,-0004.88,+0004.88,+0000.61,+0003.06,-0006.66
+1580603448.90,-0013.67,-0001.95,+0003.91,+0000.15,+0002.68,-0008.19
+1580603448.90,-0003.91,-0001.95,+0004.88,+0000.77,+0000.31,-0010.26
+1580603448.91,+0005.86,-0002.93,+0003.91,-0000.69,+0001.53,-0011.79
+1580603448.91,-0006.84,-0003.91,+0004.88,+0001.30,+0000.15,-0009.95
+1580603448.92,-0001.95,+0000.00,+0005.86,-0001.30,+0001.53,-0014.24
+1580603448.92,+0000.00,-0001.95,+0005.86,-0000.23,-0001.68,-0012.10
+1580603448.93,+0001.95,-0001.95,+0005.86,+0000.84,-0001.00,-0008.35
+1580603448.93,-0001.95,+0000.00,+0005.86,+0000.46,+0002.83,-0013.78
+1580603448.94,-0000.98,-0000.98,+0006.84,+0001.68,+0000.31,-0009.26
+1580603448.94,+0003.91,+0000.00,+0005.86,-0001.45,+0001.00,-0008.19
+1580603448.95,-0002.93,+0000.00,+0006.84,-0000.31,+0002.30,-0009.72
+1580603448.95,-0004.88,+0000.98,+0006.84,-0002.60,+0000.08,-0011.56
+1580603448.96,+0000.98,+0000.00,+0006.84,+0001.00,+0002.45,-0015.01
+1580603448.96,-0001.95,+0000.98,+0006.84,-0002.53,-0001.38,-0011.10
+1580603448.97,+0000.98,+0000.98,+0005.86,+0002.30,+0000.77,-0012.02
+1580603448.97,+0000.98,+0000.98,+0005.86,-0000.61,-0001.07,-0007.12
+1580603448.98,+0002.93,+0000.98,+0005.86,+0000.92,+0003.14,-0011.79
+1580603448.98,-0003.91,+0000.98,+0004.88,-0003.52,-0001.76,-0012.17
+1580603448.99,+0004.88,+0001.95,+0004.88,-0001.99,+0000.61,-0010.41
+1580603448.99,+0008.79,+0000.00,+0003.91,-0002.68,-0002.37,-0010.72
+1580603449.00,+0005.86,+0000.98,+0003.91,+0002.53,-0001.68,-0006.89
+1580603449.00,+0008.79,+0001.95,+0003.91,-0002.45,-0001.84,-0007.73
+1580603449.01,+0006.84,+0001.95,+0003.91,-0002.83,+0004.44,-0012.10
+1580603449.01,-0002.93,+0002.93,+0002.93,-0000.08,+0000.15,-0013.86
+1580603449.02,+0004.88,+0001.95,+0003.91,+0001.23,-0005.05,-0009.42
+1580603449.02,+0011.72,+0000.00,+0002.93,-0001.00,+0001.99,-0007.73
+1580603449.03,-0003.91,+0000.98,+0002.93,-0000.92,-0000.08,-0008.35
+1580603449.03,-0004.88,+0003.91,+0003.91,-0002.30,-0000.31,-0014.93
+1580603449.04,+0011.72,+0000.98,+0003.91,-0001.30,-0003.29,-0017.15
+1580603449.04,+0041.02,-0004.88,+0001.95,+0007.04,+0033.08,-0013.63
+1580603449.05,-0037.11,+0003.91,-0001.95,-0031.16,-0000.54,-0024.35
+1580603449.05,-0027.34,+0000.98,+0003.91,+0033.15,-0016.08,+0000.08
+1580603449.06,+0030.27,+0014.65,+0004.88,-0008.58,+0007.58,-0047.93
+1580603449.06,+0027.34,-0017.58,-0001.95,+0003.29,+0026.26,-0010.72
+1580603449.07,-0024.41,+0000.98,-0000.98,-0001.99,-0011.64,+0001.23
+1580603449.07,-0001.95,+0010.74,+0000.98,-0002.76,-0004.67,-0013.93
+1580603449.08,+0011.72,-0003.91,+0000.00,-0003.22,+0005.59,+0002.30
+1580603449.08,+0000.00,-0004.88,-0000.98,+0002.76,+0008.19,-0016.08
+1580603449.09,-0028.32,+0001.95,+0000.98,+0000.69,-0005.97,-0003.06
+1580603449.09,+0000.98,+0006.84,+0001.95,+0008.50,+0001.07,-0020.98
+1580603449.10,+0004.88,-0009.77,+0000.00,+0005.74,+0004.90,-0009.49
+1580603449.10,-0006.84,-0002.93,+0000.00,-0002.83,+0001.15,-0005.82
+1580603449.11,-0013.67,+0002.93,+0000.00,-0002.53,-0003.06,-0010.26
+1580603449.11,-0004.88,-0001.95,+0000.00,-0000.69,-0002.53,-0006.89
+1580603449.12,-0000.98,-0005.86,+0000.00,+0000.08,+0003.83,-0010.49
+1580603449.12,-0011.72,+0000.00,+0000.98,+0000.46,+0000.92,-0010.57
+1580603449.13,-0009.77,-0000.98,+0000.98,-0000.15,-0003.83,-0014.85
+1580603449.13,+0002.93,-0002.93,+0001.95,-0002.68,-0000.84,-0012.71
+1580603449.14,+0000.98,-0001.95,+0001.95,+0001.76,-0000.61,-0010.87
+1580603449.14,-0003.91,+0000.98,+0001.95,-0001.68,-0001.84,-0009.42
+1580603449.15,-0000.98,-0000.98,+0000.98,-0000.46,-0002.76,-0008.65
+1580603449.15,+0004.88,-0002.93,+0000.98,+0001.07,+0001.15,-0007.73
+1580603449.16,-0000.98,-0000.98,+0001.95,+0000.84,+0002.83,-0010.26
+1580603449.16,-0005.86,+0000.00,+0001.95,+0000.00,-0003.29,-0009.95
+1580603449.17,+0002.93,+0000.00,+0002.93,-0000.46,+0000.69,-0012.33
+1580603449.17,+0000.00,-0001.95,+0002.93,-0000.69,+0000.46,-0008.27
+1580603449.18,-0004.88,+0000.98,+0002.93,+0003.83,+0000.00,-0009.19
+1580603449.18,-0006.84,+0000.98,+0003.91,+0001.61,-0002.53,-0009.03
+1580603449.19,-0000.98,-0000.98,+0003.91,+0000.23,+0000.92,-0007.66
+1580603449.19,-0002.93,-0000.98,+0003.91,+0000.31,+0001.76,-0008.19
+1580603449.20,-0009.77,+0000.00,+0002.93,+0001.68,-0000.61,-0007.43
+1580603449.20,-0008.79,+0000.00,+0002.93,+0000.08,+0001.15,-0011.33
+1580603449.21,-0007.81,-0000.98,+0003.91,-0001.30,-0001.38,-0007.89
+1580603449.21,-0004.88,-0000.98,+0002.93,-0000.84,+0001.00,-0005.21
+1580603449.22,-0011.72,+0000.00,+0002.93,-0000.23,+0005.97,-0012.79
+1580603449.22,-0009.77,-0000.98,+0003.91,+0002.14,-0003.06,-0010.57
+1580603449.23,+0000.98,+0000.00,+0003.91,-0002.22,+0003.52,-0012.63
+1580603449.23,-0009.77,-0000.98,+0002.93,-0000.15,+0001.15,-0010.34
+1580603449.24,-0010.74,+0001.95,+0002.93,-0001.76,+0002.30,-0009.88
+1580603449.24,-0009.77,-0000.98,+0002.93,+0000.69,+0001.61,-0012.71
+1580603449.25,-0007.81,-0000.98,+0002.93,-0000.38,-0002.22,-0007.27
+1580603449.25,-0003.91,+0000.98,+0002.93,+0000.69,+0002.45,-0008.58
+1580603449.26,-0012.70,+0000.98,+0002.93,-0000.23,-0001.23,-0011.64
+1580603449.26,-0009.77,+0000.98,+0002.93,+0000.38,-0000.08,-0010.49
+1580603449.27,-0000.98,+0000.00,+0001.95,-0002.07,+0000.54,-0010.11
+1580603449.27,-0007.81,+0000.00,+0001.95,-0002.91,+0001.53,-0009.03
+1580603449.28,-0011.72,+0000.98,+0002.93,+0000.23,-0002.07,-0013.86
+1580603449.28,-0002.93,+0000.98,+0002.93,-0001.76,-0000.77,-0011.94
+1580603449.29,-0000.98,-0001.95,+0001.95,-0000.77,+0002.60,-0014.24
+1580603449.29,-0003.91,+0000.00,+0001.95,-0000.54,-0001.45,-0009.11
+1580603449.30,-0003.91,+0000.98,+0001.95,+0000.08,+0001.61,-0012.10
+1580603449.30,-0003.91,+0000.00,+0001.95,-0002.45,-0001.15,-0011.94
+1580603449.31,+0001.95,+0000.98,+0002.93,-0002.45,-0002.76,-0009.88
+1580603449.31,+0005.86,+0000.00,+0001.95,+0000.69,-0001.07,-0007.66
+1580603449.32,+0001.95,+0000.00,+0001.95,-0000.46,+0000.77,-0011.18
+1580603449.32,+0002.93,+0000.00,+0001.95,-0001.53,-0003.45,-0008.12
+1580603449.33,+0009.77,+0000.00,+0000.98,-0001.99,+0001.15,-0011.41
+1580603449.33,+0004.88,-0000.98,+0000.98,-0000.77,+0001.00,-0010.57
+1580603449.34,+0000.00,+0001.95,+0000.98,+0001.00,+0000.92,-0015.01
+1580603449.34,+0006.84,-0000.98,+0001.95,+0002.83,+0002.60,-0012.56
+1580603449.35,+0010.74,+0000.00,+0001.95,-0002.14,+0000.38,-0013.78
+1580603449.35,+0003.91,+0000.00,+0001.95,+0000.15,-0001.61,-0008.35
+1580603449.36,+0006.84,+0002.93,+0001.95,+0000.23,+0000.92,-0011.18
+1580603449.36,+0007.81,-0001.95,+0001.95,+0001.53,+0000.08,-0005.82
+1580603449.37,+0008.79,+0000.98,+0000.98,-0002.14,+0001.68,-0007.43
+1580603449.37,+0000.98,+0000.00,+0000.98,-0000.38,+0002.30,-0009.88
+1580603449.38,+0005.86,+0000.98,+0001.95,+0000.54,-0003.83,-0006.35
+1580603449.38,+0010.74,-0001.95,+0000.98,+0000.00,+0000.77,-0006.20
+1580603449.39,+0003.91,-0000.98,+0001.95,-0000.84,+0001.91,-0008.42
+1580603449.39,-0000.98,+0000.00,+0001.95,-0000.84,+0000.15,-0010.72
+1580603449.40,+0004.88,+0000.00,+0001.95,-0001.68,-0000.69,-0009.72
+1580603449.40,+0008.79,-0001.95,+0001.95,-0000.15,+0002.53,-0008.12
+1580603449.41,-0001.95,+0000.00,+0001.95,-0001.15,+0000.61,-0008.80
+1580603449.41,-0002.93,+0000.98,+0001.95,+0001.00,-0001.76,-0006.89
+1580603449.42,+0003.91,+0000.00,+0000.98,-0002.14,-0000.84,-0008.80
+1580603449.42,+0002.93,-0000.98,+0000.98,+0003.29,+0001.38,-0008.65
+1580603449.43,-0004.88,+0001.95,+0000.98,-0001.00,+0001.61,-0010.41
+1580603449.43,-0005.86,+0001.95,+0001.95,-0000.23,+0002.30,-0016.23
+1580603449.44,-0002.93,+0000.98,+0001.95,-0000.31,-0004.75,-0011.94
+1580603449.44,+0006.84,-0000.98,+0001.95,+0000.54,-0002.45,-0003.98
+1580603449.45,-0005.86,+0001.95,+0000.98,-0000.46,+0007.89,-0016.54
+1580603449.45,-0002.93,+0001.95,+0001.95,+0006.28,-0000.54,-0015.31
+1580603449.46,+0005.86,+0001.95,+0001.95,-0005.51,-0000.69,-0012.40
+1580603449.46,+0001.95,-0000.98,+0002.93,+0003.98,-0000.77,-0010.49
+1580603449.47,+0004.88,+0003.91,+0002.93,-0001.45,-0000.31,-0011.10
+1580603449.47,+0006.84,+0000.98,+0003.91,+0000.92,+0000.08,-0012.40
+1580603449.48,+0005.86,+0002.93,+0003.91,-0002.83,-0000.08,-0014.55
+1580603449.48,+0011.72,+0000.98,+0004.88,-0000.31,-0006.35,-0010.72
+1580603449.49,+0014.65,+0001.95,+0003.91,-0001.00,+0003.22,-0012.33
+1580603449.49,+0001.95,+0001.95,+0004.88,+0001.61,-0004.36,-0008.96
+1580603449.50,+0006.84,+0004.88,+0004.88,+0001.15,+0000.08,-0012.17
+1580603449.50,+0010.74,+0001.95,+0005.86,+0001.38,-0002.22,-0007.12
+1580603449.51,+0011.72,+0002.93,+0005.86,+0001.07,+0001.99,-0006.20
+1580603449.51,+0003.91,+0003.91,+0005.86,-0000.08,+0002.14,-0011.25
+1580603449.52,+0000.00,+0004.88,+0007.81,+0002.14,-0001.68,-0011.25
+1580603449.52,+0011.72,+0003.91,+0007.81,+0000.15,+0002.76,-0010.26
+1580603449.53,+0003.91,+0002.93,+0006.84,-0001.23,+0002.14,-0011.64
+1580603449.53,-0004.88,+0004.88,+0006.84,+0000.54,-0002.45,-0008.27
+1580603449.54,+0003.91,+0004.88,+0005.86,-0002.07,+0000.08,-0011.48
+1580603449.54,+0001.95,+0001.95,+0005.86,-0000.15,-0000.23,-0006.12
+1580603449.55,-0000.98,+0004.88,+0004.88,+0002.60,+0001.76,-0008.19
+1580603449.55,-0005.86,+0004.88,+0004.88,-0002.45,-0000.46,-0008.27
+1580603449.56,-0005.86,+0004.88,+0004.88,-0001.76,+0000.31,-0007.50
+1580603449.56,-0004.88,+0003.91,+0004.88,+0000.84,+0000.77,-0008.27
+1580603449.56,-0005.86,+0005.86,+0003.91,-0000.08,-0001.53,-0007.20
+1580603449.57,-0006.84,+0004.88,+0002.93,-0000.61,-0000.08,-0010.72
+1580603449.57,-0009.77,+0006.84,+0002.93,-0001.07,-0002.53,-0010.57
+1580603449.58,-0007.81,+0006.84,+0002.93,+0000.08,+0000.00,-0009.57
+1580603449.58,-0003.91,+0007.81,+0002.93,-0002.99,-0000.77,-0012.56
+1580603449.59,-0005.86,+0006.84,+0001.95,-0000.54,+0000.77,-0008.50
+1580603449.59,-0008.79,+0007.81,+0000.98,-0001.23,-0005.44,-0011.33
+1580603449.60,-0001.95,+0007.81,+0000.98,-0000.38,+0000.77,-0010.72
+1580603449.60,+0000.00,+0006.84,+0000.00,-0001.07,-0001.91,-0009.11
+1580603449.61,+0000.00,+0007.81,+0000.00,-0002.22,+0000.54,-0007.43
+1580603449.61,+0000.00,+0008.79,+0000.00,+0001.76,-0000.84,-0008.04
+1580603449.62,+0001.95,+0008.79,-0000.98,-0003.22,-0002.60,-0010.49
+1580603449.62,+0001.95,+0008.79,-0000.98,+0000.54,-0000.31,-0011.94
+1580603449.63,+0002.93,+0008.79,-0001.95,-0002.53,-0001.53,-0012.63
+1580603449.63,+0001.95,+0007.81,-0001.95,-0000.08,+0000.23,-0011.33
+1580603449.64,+0003.91,+0007.81,-0002.93,-0002.22,-0001.30,-0010.41
+1580603449.64,+0003.91,+0007.81,-0002.93,-0002.07,+0001.15,-0010.80
+1580603449.65,+0001.95,+0007.81,-0002.93,-0001.07,+0000.54,-0010.03
+1580603449.65,+0002.93,+0007.81,-0002.93,-0002.53,+0000.23,-0010.26
+1580603449.66,+0000.98,+0006.84,-0003.91,-0000.84,-0000.46,-0008.96
+1580603449.66,+0000.98,+0006.84,-0004.88,-0001.38,-0000.61,-0008.80
+1580603449.67,+0001.95,+0004.88,-0005.86,-0001.68,+0003.06,-0011.33
+1580603449.67,-0002.93,+0004.88,-0006.84,-0001.30,+0000.92,-0013.48
+1580603449.68,+0000.98,+0004.88,-0006.84,+0000.38,+0002.37,-0013.32
+1580603449.68,-0001.95,+0003.91,-0007.81,-0001.76,+0002.68,-0015.39
+1580603449.69,-0002.93,+0002.93,-0008.79,-0000.92,-0003.98,-0008.35
+1580603449.69,+0003.91,+0001.95,-0008.79,-0004.13,+0001.30,-0012.17
+1580603449.70,-0003.91,+0000.98,-0008.79,-0002.45,-0002.91,-0005.21
+1580603449.70,+0003.91,+0002.93,-0009.77,-0000.08,+0001.30,-0009.95
+1580603449.71,+0000.98,+0000.00,-0010.74,-0005.13,-0000.61,-0010.64
+1580603449.71,+0004.88,+0000.00,-0011.72,-0001.61,+0003.45,-0006.81
+1580603449.72,+0001.95,-0000.98,-0011.72,-0001.61,-0001.99,-0008.27
+1580603449.72,-0000.98,+0000.00,-0011.72,+0003.06,-0002.30,-0006.51
+1580603449.73,+0001.95,-0000.98,-0010.74,-0001.76,-0000.31,-0008.50
+1580603449.73,+0001.95,-0001.95,-0010.74,+0000.77,+0002.07,-0011.18
+1580603449.74,-0001.95,-0001.95,-0010.74,-0000.38,-0003.14,-0009.95
+1580603449.74,+0000.98,-0001.95,-0009.77,+0003.06,-0000.15,-0011.71
+1580603449.75,-0001.95,-0003.91,-0008.79,+0002.14,+0000.23,-0009.65
+1580603449.75,-0002.93,-0002.93,-0008.79,-0001.23,+0000.54,-0010.49
+1580603449.76,+0000.00,-0004.88,-0008.79,-0001.76,-0002.76,-0007.43
+1580603449.76,+0005.86,-0005.86,-0007.81,+0001.38,-0002.83,-0001.45
+1580603449.77,-0008.79,-0005.86,-0007.81,-0000.31,-0002.83,-0011.25
+1580603449.77,-0003.91,-0004.88,-0006.84,+0001.07,-0004.06,-0012.33
+1580603449.78,+0008.79,-0007.81,-0006.84,-0001.84,+0000.23,-0012.48
+1580603449.78,+0001.95,-0009.77,-0006.84,+0000.31,-0002.45,-0001.61
+1580603449.79,-0000.98,-0006.84,-0006.84,-0000.69,+0011.03,-0016.77
+1580603449.79,-0021.48,-0006.84,-0005.86,+0002.07,+0003.98,-0029.94
+1580603449.80,+0012.70,-0010.74,-0002.93,-0002.53,-0017.92,-0008.04
+1580603449.80,+0029.30,-0005.86,-0004.88,-0001.99,+0016.08,-0030.85
+1580603449.81,-0036.13,-0017.58,-0005.86,-0007.20,-0023.05,+0010.03
+1580603449.81,+0015.62,+0004.88,+0000.00,+0015.47,+0013.40,-0014.70
+1580603449.82,+0010.74,-0016.60,-0003.91,+0011.56,+0011.33,-0009.65
+1580603449.82,-0001.95,-0011.72,-0000.98,-0001.00,+0004.90,-0002.68
+1580603449.83,-0002.93,-0002.93,-0000.98,-0004.67,-0009.80,-0014.62
+1580603449.83,+0007.81,-0010.74,-0000.98,+0003.37,+0002.45,-0013.25
+1580603449.84,+0003.91,-0010.74,-0000.98,+0002.07,+0000.46,-0015.54
+1580603449.84,-0001.95,-0005.86,+0000.98,+0002.30,-0002.76,-0010.72
+1580603449.85,+0005.86,-0005.86,+0001.95,+0000.08,+0001.23,-0011.94
+1580603449.85,+0002.93,-0007.81,+0001.95,+0001.23,-0000.38,-0009.80
+1580603449.86,+0003.91,-0003.91,+0003.91,+0001.45,+0000.00,-0010.18
+1580603449.86,+0005.86,-0002.93,+0003.91,+0000.38,-0001.45,-0011.33
+1580603449.87,+0007.81,-0003.91,+0004.88,-0000.54,-0001.53,-0005.90
+1580603449.87,+0002.93,-0001.95,+0003.91,-0001.15,+0000.69,-0010.64
+1580603449.88,-0000.98,-0001.95,+0004.88,-0000.08,-0001.68,-0010.57
+1580603449.88,+0004.88,-0000.98,+0004.88,+0000.31,+0000.84,-0011.64
+1580603449.89,+0005.86,-0000.98,+0005.86,-0000.38,-0001.45,-0008.88
+1580603449.89,+0000.98,+0001.95,+0005.86,+0000.84,+0002.53,-0008.58
+1580603449.90,-0003.91,+0001.95,+0006.84,+0002.53,-0002.60,-0010.41
+1580603449.90,+0006.84,+0002.93,+0007.81,+0000.46,-0003.06,-0006.51
+1580603449.91,+0002.93,+0002.93,+0007.81,+0000.15,+0001.91,-0008.73
+1580603449.91,-0007.81,+0005.86,+0007.81,+0001.76,-0000.92,-0009.19
+1580603449.92,-0003.91,+0007.81,+0008.79,-0000.69,-0000.92,-0011.48
+1580603449.92,+0000.00,+0005.86,+0008.79,-0000.77,+0000.15,-0010.64
+1580603449.93,-0000.98,+0007.81,+0009.77,-0000.77,+0000.38,-0005.59
+1580603449.93,-0006.84,+0008.79,+0008.79,-0000.15,+0000.00,-0007.58
+1580603449.94,-0007.81,+0009.77,+0008.79,-0000.15,-0001.15,-0009.88
+1580603449.94,-0001.95,+0009.77,+0008.79,-0000.61,-0000.38,-0009.80
+1580603449.95,-0000.98,+0010.74,+0008.79,-0000.54,-0000.23,-0010.95
+1580603449.95,-0004.88,+0011.72,+0008.79,+0000.38,-0000.31,-0010.87
+1580603449.96,-0002.93,+0012.70,+0008.79,-0001.00,-0001.53,-0011.64
+1580603449.96,-0001.95,+0012.70,+0008.79,-0000.54,-0000.46,-0013.70
+1580603449.97,+0000.00,+0012.70,+0008.79,-0000.46,-0004.98,-0006.05
+1580603449.97,+0000.98,+0013.67,+0007.81,+0000.46,+0003.06,-0011.64
+1580603449.98,-0007.81,+0013.67,+0007.81,+0001.45,-0000.61,-0012.33
+1580603449.98,-0001.95,+0015.62,+0007.81,-0001.99,-0001.23,-0012.94
+1580603449.99,+0003.91,+0014.65,+0007.81,-0001.91,+0000.23,-0009.42
+1580603449.99,+0000.00,+0013.67,+0005.86,+0000.31,+0000.77,-0006.35
+1580603450.00,-0007.81,+0014.65,+0004.88,-0001.76,-0000.38,-0012.40
+1580603450.00,-0002.93,+0014.65,+0004.88,-0001.07,-0001.68,-0010.49
+1580603450.01,+0002.93,+0013.67,+0003.91,-0000.92,+0000.61,-0009.26
+1580603450.01,-0003.91,+0013.67,+0002.93,-0000.46,-0001.45,-0008.35
+1580603450.02,-0004.88,+0013.67,+0001.95,-0000.77,-0001.68,-0009.72
+1580603450.02,+0000.00,+0012.70,+0001.95,-0002.07,+0000.54,-0012.56
+1580603450.03,+0000.00,+0011.72,+0000.98,-0002.53,-0000.38,-0009.19
+1580603450.03,-0002.93,+0012.70,+0000.00,-0001.91,+0000.92,-0011.79
+1580603450.04,-0005.86,+0011.72,-0000.98,-0002.45,-0001.76,-0011.48
+1580603450.04,+0000.98,+0010.74,-0001.95,-0001.84,-0000.38,-0010.87
+1580603450.05,-0001.95,+0008.79,-0003.91,-0001.99,-0000.92,-0008.35
+1580603450.05,-0001.95,+0008.79,-0004.88,-0002.91,-0000.31,-0009.72
+1580603450.06,-0002.93,+0007.81,-0006.84,-0003.29,-0000.15,-0010.34
+1580603450.06,-0001.95,+0006.84,-0007.81,-0001.91,+0000.00,-0008.65
+1580603450.07,-0004.88,+0006.84,-0009.77,-0002.99,-0004.75,-0008.50
+1580603450.07,+0000.00,+0005.86,-0010.74,-0001.45,-0000.15,-0007.66
+1580603450.08,-0001.95,+0003.91,-0012.70,-0003.75,+0001.91,-0009.80
+1580603450.08,-0003.91,+0002.93,-0013.67,-0002.60,-0002.91,-0006.74
+1580603450.09,-0003.91,+0003.91,-0013.67,-0003.83,+0002.60,-0014.01
+1580603450.09,-0006.84,+0001.95,-0014.65,-0001.23,-0002.60,-0011.79
+1580603450.10,-0000.98,+0002.93,-0015.62,-0002.83,+0001.61,-0011.87
+1580603450.10,-0003.91,+0000.00,-0015.62,-0002.53,+0000.92,-0004.44
+1580603450.11,-0006.84,+0001.95,-0017.58,-0002.53,+0003.90,-0007.43
+1580603450.11,-0013.67,+0000.98,-0018.55,-0003.83,+0001.00,-0011.48
+1580603450.12,-0003.91,+0000.00,-0019.53,-0001.07,-0003.29,-0009.34
+1580603450.12,+0000.00,-0001.95,-0020.51,-0004.06,+0002.91,-0012.79
+1580603450.13,-0007.81,-0001.95,-0020.51,-0002.22,-0003.68,-0006.81
+1580603450.13,-0002.93,-0000.98,-0021.48,-0002.68,+0000.15,-0011.25
+1580603450.14,-0003.91,-0002.93,-0021.48,-0001.76,-0002.53,-0012.02
+1580603450.14,-0000.98,-0002.93,-0022.46,-0004.13,-0001.84,-0011.33
+1580603450.15,+0003.91,-0002.93,-0023.44,-0002.22,-0002.22,-0010.49
+1580603450.15,+0000.98,-0004.88,-0024.41,-0002.68,-0000.46,-0010.95
+1580603450.16,-0001.95,-0004.88,-0024.41,-0001.07,-0000.15,-0010.64
+1580603450.16,+0001.95,-0004.88,-0024.41,-0002.99,-0000.69,-0010.80
+1580603450.17,+0000.98,-0006.84,-0024.41,-0002.07,-0000.15,-0010.87
+1580603450.17,-0000.98,-0005.86,-0025.39,-0001.53,+0004.44,-0018.53
+1580603450.18,-0002.93,-0006.84,-0024.41,-0005.13,-0009.80,-0007.20
+1580603450.18,+0015.62,-0008.79,-0024.41,+0002.45,+0002.83,-0004.21
+1580603450.19,-0009.77,-0008.79,-0026.37,-0003.90,+0006.74,-0017.00
+1580603450.19,-0006.84,-0007.81,-0024.41,+0005.74,+0000.23,-0018.22
+1580603450.20,+0009.77,-0007.81,-0024.41,-0010.26,-0003.83,-0010.64
+1580603450.20,+0006.84,-0014.65,-0025.39,+0003.98,+0001.68,-0008.50
+1580603450.21,-0001.95,-0008.79,-0026.37,-0002.60,+0000.38,-0013.48
+1580603450.21,-0001.95,-0010.74,-0025.39,-0001.68,-0004.29,-0012.33
+1580603450.22,+0011.72,-0011.72,-0025.39,-0001.76,-0003.06,-0010.26
+1580603450.22,+0012.70,-0014.65,-0025.39,-0001.07,+0000.92,-0006.35
+1580603450.23,+0000.98,-0011.72,-0026.37,-0000.38,-0000.77,-0011.71
+1580603450.23,+0001.95,-0011.72,-0025.39,+0001.07,-0004.52,-0012.10
+1580603450.24,+0013.67,-0014.65,-0024.41,-0000.69,-0002.14,-0011.94
+1580603450.24,+0011.72,-0014.65,-0025.39,-0002.14,+0001.53,-0010.95
+1580603450.25,+0000.98,-0012.70,-0024.41,-0000.77,-0003.60,-0010.95
+1580603450.25,+0008.79,-0012.70,-0023.44,+0000.92,+0000.23,-0010.95
+1580603450.26,+0010.74,-0015.62,-0023.44,-0002.07,-0000.23,-0012.02
+1580603450.26,+0006.84,-0015.62,-0023.44,-0002.14,+0002.22,-0010.64
+1580603450.27,+0002.93,-0014.65,-0023.44,-0002.76,-0001.68,-0010.72
+1580603450.27,+0007.81,-0015.62,-0022.46,-0000.92,+0000.23,-0008.50
+1580603450.28,+0008.79,-0016.60,-0021.48,-0002.07,-0000.31,-0005.59
+1580603450.28,-0000.98,-0014.65,-0021.48,+0000.69,+0001.91,-0005.13
+1580603450.29,-0005.86,-0014.65,-0020.51,-0000.69,-0001.30,-0008.04
+1580603450.29,+0001.95,-0016.60,-0019.53,+0001.07,-0000.54,-0010.41
+1580603450.30,+0001.95,-0017.58,-0019.53,+0000.46,+0000.54,-0012.25
+1580603450.30,-0002.93,-0016.60,-0017.58,-0001.45,-0000.23,-0011.79
+1580603450.31,-0003.91,-0014.65,-0016.60,-0000.84,+0000.38,-0014.93
+1580603450.31,+0000.98,-0016.60,-0016.60,-0000.92,-0003.90,-0011.03
+1580603450.32,+0005.86,-0017.58,-0017.58,-0002.30,+0000.92,-0005.67
+1580603450.32,-0003.91,-0017.58,-0017.58,-0000.92,-0000.38,-0006.28
+1580603450.33,-0004.88,-0015.62,-0016.60,-0000.54,-0003.60,-0008.35
+1580603450.33,+0001.95,-0017.58,-0015.62,+0000.31,-0000.92,-0012.10
+1580603450.34,+0001.95,-0018.55,-0015.62,-0001.30,-0001.91,-0008.96
+1580603450.34,-0000.98,-0017.58,-0014.65,+0001.15,+0001.99,-0008.27
+1580603450.35,-0010.74,-0016.60,-0013.67,-0001.00,+0000.08,-0003.68
+1580603450.35,-0011.72,-0016.60,-0012.70,+0002.14,+0001.38,-0004.98
+1580603450.36,-0003.91,-0018.55,-0011.72,-0000.23,+0001.38,-0014.09
+1580603450.36,-0001.95,-0019.53,-0011.72,+0001.15,+0001.45,-0024.35
+1580603450.37,-0006.84,-0017.58,-0011.72,-0000.46,-0003.22,-0027.33
+1580603450.37,+0002.93,-0016.60,-0010.74,-0000.38,-0004.29,-0023.66
+1580603450.38,+0009.77,-0017.58,-0010.74,-0002.45,-0000.38,-0016.31
+1580603450.38,+0005.86,-0017.58,-0011.72,-0001.30,-0005.21,-0009.03
+1580603450.39,+0008.79,-0016.60,-0011.72,+0000.15,-0000.84,-0004.75
+1580603450.39,+0008.79,-0018.55,-0011.72,-0002.76,-0002.99,-0004.98
+1580603450.40,+0013.67,-0019.53,-0010.74,+0000.08,-0000.54,-0006.66
+1580603450.40,+0013.67,-0019.53,-0010.74,-0000.31,-0001.61,-0007.66
+1580603450.41,+0013.67,-0019.53,-0009.77,-0000.15,+0000.46,-0011.03
+1580603450.41,+0009.77,-0020.51,-0009.77,-0002.68,-0001.45,-0011.56
+1580603450.42,+0010.74,-0020.51,-0007.81,+0002.07,+0000.54,-0011.25
+1580603450.42,+0009.77,-0020.51,-0006.84,+0002.14,-0001.45,-0007.58
+1580603450.43,+0009.77,-0020.51,-0004.88,+0001.91,+0000.61,-0005.28
+1580603450.43,+0005.86,-0020.51,-0002.93,-0000.15,+0003.14,-0006.51
+1580603450.44,-0002.93,-0018.55,-0001.95,+0003.45,+0002.07,-0009.19
+1580603450.44,+0001.95,-0018.55,-0001.95,+0000.46,+0001.30,-0008.88
+1580603450.45,-0000.98,-0019.53,-0001.95,-0001.76,+0004.82,-0013.09
+1580603450.45,-0009.77,-0017.58,-0000.98,-0000.46,+0001.00,-0012.33
+1580603450.46,-0004.88,-0015.62,-0000.98,-0002.45,+0003.14,-0013.32
+1580603450.46,-0008.79,-0017.58,-0000.98,-0000.46,+0000.84,-0010.95
+1580603450.47,-0009.77,-0015.62,-0000.98,+0000.31,-0000.08,-0010.34
+1580603450.47,-0005.86,-0014.65,-0000.98,-0001.84,-0000.31,-0010.11
+1580603450.48,-0005.86,-0013.67,-0000.98,+0000.15,+0000.38,-0012.40
+1580603450.48,-0006.84,-0012.70,+0000.00,+0000.38,-0005.90,-0008.12
+1580603450.49,+0004.88,-0011.72,+0000.98,+0001.53,-0003.37,-0008.50
+1580603450.49,+0002.93,-0010.74,+0001.95,+0001.45,-0003.06,-0009.26
+1580603450.50,+0001.95,-0008.79,+0002.93,+0002.07,-0002.99,-0007.43
+1580603450.50,+0005.86,-0006.84,+0004.88,+0001.23,-0000.54,-0010.26
+1580603450.51,+0000.00,-0006.84,+0006.84,+0001.30,+0001.53,-0014.55
+1580603450.51,+0005.86,-0004.88,+0009.77,+0002.07,-0000.69,-0007.58
+1580603450.52,+0008.79,-0004.88,+0010.74,+0002.14,+0001.76,-0010.87
+1580603450.52,+0000.00,-0004.88,+0012.70,+0001.61,+0000.15,-0009.26
+1580603450.53,+0003.91,-0002.93,+0013.67,+0000.46,+0000.15,-0016.08
+1580603450.53,+0006.84,-0005.86,+0014.65,+0001.23,-0003.22,-0010.41
+1580603450.54,+0009.77,-0005.86,+0015.62,+0001.23,+0000.61,-0009.34
+1580603450.54,+0001.95,-0005.86,+0015.62,+0000.08,+0001.07,-0012.10
+1580603450.55,+0000.98,-0004.88,+0016.60,+0001.68,+0001.15,-0016.15
+1580603450.55,+0007.81,-0006.84,+0017.58,+0000.38,-0001.23,-0017.84
+1580603450.56,+0030.27,-0008.79,+0017.58,+0000.15,-0015.08,-0004.75
+1580603450.56,+0054.69,-0010.74,+0017.58,+0002.99,+0017.84,-0021.36
+1580603450.57,-0024.41,-0011.72,+0015.62,-0015.70,-0005.36,-0014.47
+1580603450.57,-0017.58,-0004.88,+0021.48,+0019.29,+0001.38,-0018.99
+1580603450.58,+0027.34,-0003.91,+0020.51,-0014.24,-0008.80,-0039.89
+1580603450.58,+0027.34,-0017.58,+0018.55,+0001.84,+0013.25,-0018.22
+1580603450.59,-0013.67,-0009.77,+0018.55,+0005.28,-0004.67,-0006.58
+1580603450.59,-0003.91,-0005.86,+0020.51,+0000.38,-0001.61,-0013.78
+1580603450.60,+0018.55,-0008.79,+0021.48,-0002.53,+0003.45,+0003.45
+1580603450.60,+0009.77,-0013.67,+0020.51,+0001.45,+0007.96,-0002.53
+1580603450.61,-0018.55,-0006.84,+0020.51,-0000.84,-0000.23,-0007.50
+1580603450.61,-0007.81,-0004.88,+0020.51,+0001.99,-0004.75,-0011.25
+1580603450.62,+0009.77,-0009.77,+0018.55,-0001.45,-0000.61,-0002.53
+1580603450.62,+0004.88,-0010.74,+0017.58,+0001.99,+0003.52,-0009.95
+1580603450.63,-0010.74,-0002.93,+0018.55,-0001.23,-0001.45,-0010.34
+1580603450.63,-0002.93,-0001.95,+0020.51,+0001.53,-0005.28,-0013.55
+1580603450.64,+0009.77,-0004.88,+0020.51,+0001.00,+0000.84,-0006.28
+1580603450.64,+0000.00,-0001.95,+0021.48,+0002.99,-0001.38,-0004.06
+1580603450.65,-0005.86,+0002.93,+0022.46,+0003.37,-0001.53,-0008.19
+1580603450.65,-0002.93,+0001.95,+0024.41,+0001.23,-0002.99,-0010.95
+1580603450.66,+0004.88,+0001.95,+0026.37,+0002.68,+0001.00,-0009.95
+1580603450.66,-0000.98,+0005.86,+0027.34,+0001.76,+0001.45,-0011.25
+1580603450.67,-0007.81,+0007.81,+0028.32,+0003.60,-0000.92,-0012.33
+1580603450.67,+0000.98,+0006.84,+0030.27,+0000.54,+0000.23,-0013.09
+1580603450.68,+0002.93,+0006.84,+0031.25,+0002.83,-0000.54,-0011.94
+1580603450.68,+0000.00,+0009.77,+0031.25,+0000.77,-0000.69,-0009.80
+1580603450.69,-0000.98,+0009.77,+0032.23,+0002.37,-0001.99,-0010.87
+1580603450.69,+0002.93,+0010.74,+0034.18,+0003.29,-0000.92,-0009.95
+1580603450.70,+0003.91,+0011.72,+0035.16,+0002.30,-0000.23,-0011.10
+1580603450.70,+0001.95,+0011.72,+0036.13,+0000.84,-0000.69,-0011.48
+1580603450.71,+0005.86,+0012.70,+0036.13,+0000.61,-0002.07,-0010.41
+1580603450.71,+0009.77,+0011.72,+0037.11,+0002.30,-0000.08,-0011.79
+1580603450.72,+0006.84,+0011.72,+0037.11,+0001.23,-0002.91,-0009.42
+1580603450.72,+0008.79,+0014.65,+0037.11,+0001.38,-0002.83,-0008.27
+1580603450.73,+0013.67,+0013.67,+0038.09,-0001.15,-0000.77,-0005.59
+1580603450.73,+0008.79,+0013.67,+0037.11,+0001.99,+0003.22,-0009.65
+1580603450.74,+0002.93,+0014.65,+0037.11,+0000.38,-0001.53,-0010.80
+1580603450.74,+0009.77,+0015.62,+0038.09,+0000.77,+0001.68,-0013.02
+1580603450.75,+0008.79,+0013.67,+0037.11,+0000.23,-0000.46,-0013.17
+1580603450.75,+0004.88,+0014.65,+0037.11,+0002.14,-0001.00,-0011.41
+1580603450.76,+0006.84,+0014.65,+0036.13,+0000.15,-0002.07,-0008.96
+1580603450.76,+0009.77,+0013.67,+0034.18,-0001.99,+0000.00,-0006.05
+1580603450.77,+0003.91,+0012.70,+0032.23,+0000.08,+0004.21,-0008.88
+1580603450.77,-0003.91,+0014.65,+0031.25,-0001.23,-0000.46,-0008.35
+1580603450.78,+0002.93,+0013.67,+0030.27,-0002.22,+0001.99,-0008.35
+1580603450.78,+0000.98,+0011.72,+0028.32,-0001.00,+0002.14,-0011.48
+1580603450.79,-0003.91,+0012.70,+0027.34,-0001.23,-0001.91,-0008.58
+1580603450.79,-0000.98,+0012.70,+0025.39,-0002.22,+0002.45,-0013.63
+1580603450.80,-0003.91,+0010.74,+0024.41,-0000.54,-0000.92,-0011.10
+1580603450.80,-0001.95,+0012.70,+0022.46,-0001.30,-0000.38,-0009.80
+1580603450.81,+0000.00,+0011.72,+0021.48,-0003.83,-0000.69,-0009.03
+1580603450.81,-0002.93,+0010.74,+0019.53,-0001.07,-0000.38,-0006.58
+1580603450.82,-0002.93,+0011.72,+0019.53,-0002.45,+0001.07,-0009.49
+1580603450.82,-0003.91,+0011.72,+0019.53,-0001.00,-0002.07,-0009.95
+1580603450.83,+0003.91,+0011.72,+0017.58,-0001.68,-0002.91,-0008.88
+1580603450.83,+0001.95,+0010.74,+0013.67,-0003.06,+0000.54,-0009.03
+1580603450.84,-0003.91,+0009.77,+0012.70,+0000.84,-0000.15,-0012.40
+1580603450.84,+0001.95,+0011.72,+0012.70,-0001.45,-0002.22,-0008.58
+1580603450.85,+0004.88,+0009.77,+0012.70,+0000.31,+0005.67,-0011.64
+1580603450.85,-0003.91,+0010.74,+0011.72,-0002.22,-0000.31,-0016.84
+1580603450.86,+0002.93,+0012.70,+0012.70,-0000.23,-0005.44,-0017.76
+1580603450.86,+0009.77,+0010.74,+0011.72,-0003.52,+0002.14,-0014.39
+1580603450.87,+0000.00,+0010.74,+0009.77,-0000.15,-0002.91,-0007.43
+1580603450.87,+0001.95,+0013.67,+0009.77,-0003.06,+0001.38,-0011.79
+1580603450.88,+0003.91,+0010.74,+0007.81,-0002.83,+0001.07,-0010.64
+1580603450.88,+0003.91,+0009.77,+0005.86,-0001.91,+0002.22,-0008.73
+1580603450.89,+0002.93,+0010.74,+0004.88,-0001.76,+0001.61,-0012.10
+1580603450.89,+0000.98,+0010.74,+0004.88,-0002.37,-0002.53,-0012.40
+1580603450.90,+0008.79,+0011.72,+0003.91,+0001.61,-0001.00,-0012.48
+1580603450.90,+0006.84,+0010.74,+0003.91,-0001.15,+0000.61,-0010.11
+1580603450.91,+0002.93,+0011.72,+0003.91,-0001.91,-0000.61,-0009.49
+1580603450.91,+0005.86,+0011.72,+0003.91,-0000.54,-0000.15,-0009.88
+1580603450.92,+0005.86,+0010.74,+0003.91,-0002.37,-0000.08,-0010.11
+1580603450.92,+0005.86,+0011.72,+0002.93,+0000.84,-0000.08,-0012.56
+1580603450.93,+0005.86,+0012.70,+0001.95,-0000.84,-0002.37,-0011.87
+1580603450.93,+0009.77,+0010.74,+0000.98,+0000.15,-0001.15,-0010.34
+1580603450.94,+0010.74,+0010.74,+0000.98,+0000.31,+0000.54,-0009.19
+1580603450.94,+0004.88,+0011.72,+0000.98,+0000.92,-0003.06,-0005.44
+1580603450.95,+0009.77,+0011.72,+0000.98,+0000.54,-0000.84,-0006.35
+1580603450.95,+0004.88,+0010.74,+0000.98,-0000.08,-0002.07,-0006.43
+1580603450.96,+0004.88,+0011.72,+0001.95,+0001.15,+0001.00,-0006.81
+1580603450.96,+0002.93,+0011.72,+0001.95,-0001.38,+0001.61,-0009.95
+1580603450.97,-0000.98,+0010.74,+0001.95,+0001.23,+0000.15,-0009.80
+1580603450.97,+0003.91,+0010.74,+0002.93,-0001.15,+0001.61,-0011.41
+1580603450.98,+0000.98,+0010.74,+0002.93,-0000.08,+0001.23,-0011.79
+1580603450.98,-0001.95,+0010.74,+0002.93,+0000.23,+0000.61,-0009.72
+1580603450.99,-0001.95,+0011.72,+0003.91,+0001.61,-0000.46,-0010.26
+1580603450.99,-0001.95,+0010.74,+0003.91,+0000.54,+0001.91,-0007.50
+1580603451.00,-0004.88,+0009.77,+0003.91,-0000.15,-0000.15,-0007.73
+1580603451.00,-0005.86,+0009.77,+0004.88,+0000.92,-0000.54,-0010.87
+1580603451.01,-0000.98,+0009.77,+0004.88,-0000.38,-0001.76,-0008.88
+1580603451.01,+0000.00,+0008.79,+0004.88,+0001.45,+0000.69,-0010.18
+1580603451.02,-0005.86,+0009.77,+0005.86,-0000.61,-0000.08,-0007.96
+1580603451.02,-0003.91,+0010.74,+0005.86,+0001.91,-0002.22,-0010.03
+1580603451.03,+0000.00,+0009.77,+0006.84,+0002.53,+0001.15,-0009.11
+1580603451.03,-0000.98,+0008.79,+0006.84,+0001.15,-0001.15,-0009.65
+1580603451.04,-0002.93,+0009.77,+0007.81,+0001.23,-0001.00,-0011.10
+1580603451.04,-0000.98,+0009.77,+0007.81,+0000.15,-0001.76,-0008.73
+1580603451.05,+0000.98,+0008.79,+0008.79,+0001.30,+0006.35,-0016.84
+1580603451.05,-0007.81,+0010.74,+0009.77,+0001.00,-0003.52,-0018.45
+1580603451.06,+0022.46,+0007.81,+0010.74,+0000.84,-0018.60,+0012.48
+1580603451.06,-0016.60,+0009.77,+0007.81,-0023.50,-0009.26,-0005.51
+1580603451.07,-0016.60,+0006.84,+0011.72,+0028.18,+0000.77,-0010.11
+1580603451.07,+0008.79,+0017.58,+0011.72,-0020.44,-0001.91,-0024.42
+1580603451.08,+0003.91,-0001.95,+0010.74,+0006.12,+0004.36,-0007.35
+1580603451.08,-0009.77,+0013.67,+0010.74,-0003.52,-0005.05,-0010.11
+1580603451.09,-0002.93,+0011.72,+0012.70,+0001.30,-0002.91,-0014.55
+1580603451.09,+0005.86,+0006.84,+0010.74,-0002.45,-0001.84,-0010.18
+1580603451.10,+0003.91,+0007.81,+0010.74,+0000.84,+0003.98,-0006.43
+1580603451.10,-0011.72,+0011.72,+0010.74,-0000.54,-0001.76,-0007.20
+1580603451.11,-0005.86,+0009.77,+0010.74,+0002.83,-0000.84,-0012.25
+1580603451.11,+0001.95,+0008.79,+0011.72,+0001.00,-0000.84,-0007.66
+1580603451.12,+0000.00,+0009.77,+0011.72,-0000.15,+0001.30,-0006.81
+1580603451.12,-0009.77,+0009.77,+0009.77,-0000.46,-0000.38,-0010.03
+1580603451.13,-0007.81,+0008.79,+0008.79,-0000.46,-0000.46,-0012.17
+1580603451.13,-0001.95,+0007.81,+0007.81,-0000.69,+0002.07,-0013.70
+1580603451.14,-0006.84,+0008.79,+0007.81,-0000.84,-0000.15,-0009.49
+1580603451.14,-0007.81,+0008.79,+0006.84,-0001.00,-0001.53,-0008.88
+1580603451.15,-0007.81,+0007.81,+0005.86,-0001.91,+0001.15,-0000.69
+1580603451.15,-0014.65,+0006.84,+0003.91,-0000.84,+0002.53,+0005.74
+1580603451.16,-0020.51,+0008.79,+0002.93,-0000.77,+0001.07,+0004.36
+1580603451.16,-0017.58,+0006.84,+0002.93,-0001.91,+0000.46,-0005.36
+1580603451.17,-0019.53,+0004.88,+0001.95,-0002.22,+0001.76,-0010.87
+1580603451.17,-0026.37,+0005.86,+0000.00,-0002.76,+0000.92,-0008.73
+1580603451.18,-0023.44,+0006.84,-0000.98,-0001.84,+0001.00,-0011.48
+1580603451.18,-0024.41,+0002.93,-0002.93,-0004.59,+0001.53,-0010.03
+1580603451.19,-0026.37,+0003.91,-0004.88,-0003.60,+0001.84,-0010.26
+1580603451.19,-0026.37,+0004.88,-0005.86,-0003.98,-0000.46,-0012.25
+1580603451.20,-0023.44,+0002.93,-0007.81,-0003.45,-0000.31,-0010.80
+1580603451.20,-0022.46,+0001.95,-0009.77,-0003.06,+0001.68,-0008.73
+1580603451.21,-0025.39,+0002.93,-0011.72,-0002.37,-0000.31,-0008.42
+1580603451.21,-0025.39,+0001.95,-0013.67,-0002.60,-0000.69,-0010.34
+1580603451.22,-0020.51,+0002.93,-0014.65,-0002.53,+0000.15,-0010.87
+1580603451.22,-0019.53,+0002.93,-0015.62,-0002.45,-0000.69,-0010.80
+1580603451.23,-0020.51,+0003.91,-0015.62,-0002.53,+0001.30,-0012.56
+1580603451.23,-0018.55,+0003.91,-0016.60,-0002.99,-0000.54,-0012.63
+1580603451.24,-0017.58,+0003.91,-0017.58,-0002.53,-0002.07,-0007.35
+1580603451.24,-0011.72,+0004.88,-0018.55,-0001.84,+0002.76,-0009.42
+1580603451.25,-0018.55,+0005.86,-0018.55,-0002.14,+0000.08,-0014.62
+1580603451.25,-0014.65,+0004.88,-0019.53,-0002.53,-0003.29,-0008.04
+1580603451.26,-0012.70,+0005.86,-0019.53,-0005.59,+0003.14,-0015.31
+1580603451.26,-0017.58,+0004.88,-0019.53,-0001.07,-0004.21,-0007.12
+1580603451.27,-0007.81,+0008.79,-0020.51,-0001.53,+0001.68,-0010.64
+1580603451.27,-0018.55,+0005.86,-0021.48,-0001.38,-0002.91,-0010.49
+1580603451.28,-0012.70,+0007.81,-0021.48,-0001.30,-0003.14,-0010.95
+1580603451.28,-0004.88,+0006.84,-0021.48,-0004.59,+0004.06,-0009.34
+1580603451.29,-0019.53,+0006.84,-0023.44,-0001.15,+0002.76,-0010.64
+1580603451.29,-0014.65,+0007.81,-0023.44,-0000.84,-0000.08,-0012.25
+1580603451.30,-0007.81,+0007.81,-0024.41,-0003.90,+0003.29,-0012.25
+1580603451.30,-0015.62,+0006.84,-0024.41,-0000.92,+0000.61,-0010.18
+1580603451.31,-0014.65,+0009.77,-0024.41,-0004.44,-0001.68,-0012.79
+1580603451.31,-0009.77,+0006.84,-0025.39,+0001.15,+0002.60,-0012.63
+1580603451.32,-0012.70,+0007.81,-0026.37,-0002.45,+0001.15,-0013.32
+1580603451.32,-0009.77,+0007.81,-0025.39,-0002.22,-0005.82,-0008.65
+1580603451.33,-0002.93,+0007.81,-0026.37,-0004.13,+0002.68,-0006.20
+1580603451.33,-0013.67,+0006.84,-0026.37,-0000.31,-0000.54,-0006.12
+1580603451.34,-0010.74,+0008.79,-0026.37,-0001.84,-0005.51,-0003.45
+1580603451.34,-0002.93,+0005.86,-0026.37,-0001.61,+0006.43,-0009.88
+1580603451.35,-0018.55,+0004.88,-0027.34,-0003.06,+0001.00,-0010.57
+1580603451.35,-0019.53,+0006.84,-0026.37,+0001.38,-0000.92,-0013.25
+1580603451.36,-0009.77,+0006.84,-0025.39,-0001.91,+0001.53,-0012.79
+1580603451.36,-0018.55,+0004.88,-0025.39,-0000.77,-0002.53,-0010.57
+1580603451.37,-0017.58,+0006.84,-0024.41,+0000.08,-0000.92,-0016.31
+1580603451.37,-0004.88,+0002.93,-0024.41,-0003.14,-0003.45,-0011.48
+1580603451.38,+0026.37,-0000.98,-0025.39,-0003.37,-0023.89,+0021.51
+1580603451.38,-0006.84,+0003.91,-0030.27,-0014.70,+0001.15,-0018.99
+1580603451.39,-0045.90,-0005.86,-0027.34,+0014.39,-0017.15,+0003.60
+1580603451.39,+0012.70,+0018.55,-0023.44,-0001.99,+0009.65,-0039.89
+1580603451.40,+0015.62,-0014.65,-0029.30,+0016.38,+0006.12,+0009.65
+1580603451.40,+0006.84,-0005.86,-0028.32,-0006.28,+0002.60,-0012.33
+1580603451.41,-0015.62,+0005.86,-0026.37,+0000.15,-0008.73,+0001.23
+1580603451.41,-0003.91,-0001.95,-0025.39,+0000.31,+0004.06,-0022.43
+1580603451.42,+0007.81,-0006.84,-0023.44,+0000.23,+0001.53,-0007.73
+1580603451.42,+0004.88,-0004.88,-0022.46,+0000.38,+0000.54,-0002.60
+1580603451.43,-0014.65,-0005.86,-0022.46,-0003.90,-0000.54,-0009.42
+1580603451.43,-0009.77,-0006.84,-0021.48,-0000.54,-0002.45,-0015.24
+1580603451.44,+0003.91,-0010.74,-0019.53,+0000.15,-0000.84,-0011.87
+1580603451.44,+0000.98,-0011.72,-0020.51,-0001.07,-0003.90,-0006.58
+1580603451.45,-0006.84,-0011.72,-0020.51,+0001.07,+0002.45,-0007.81
+1580603451.45,-0013.67,-0013.67,-0019.53,+0000.84,-0007.73,-0009.88
+1580603451.46,+0005.86,-0014.65,-0017.58,+0005.28,-0000.69,-0011.41
+1580603451.46,+0003.91,-0015.62,-0016.60,-0002.07,-0000.46,-0007.73
+1580603451.47,-0010.74,-0015.62,-0014.65,+0001.38,-0006.51,-0008.65
+1580603451.47,-0002.93,-0013.67,-0013.67,+0002.99,-0001.38,-0010.95
+1580603451.48,-0002.93,-0016.60,-0011.72,+0000.84,+0000.31,-0012.63
+1580603451.48,-0004.88,-0016.60,-0010.74,+0003.14,-0002.83,-0009.95
+1580603451.49,-0001.95,-0014.65,-0008.79,+0000.31,-0001.53,-0010.64
+1580603451.49,-0006.84,-0015.62,-0007.81,+0002.37,-0001.68,-0009.80
+1580603451.50,-0007.81,-0014.65,-0005.86,+0002.07,-0001.38,-0012.33
+1580603451.50,-0003.91,-0014.65,-0003.91,+0001.61,-0003.45,-0009.26
+1580603451.51,-0001.95,-0014.65,-0002.93,+0003.52,-0001.53,-0008.27
+1580603451.51,-0006.84,-0012.70,-0000.98,+0001.45,-0002.91,-0005.82
+1580603451.52,-0006.84,-0010.74,+0000.98,+0003.98,-0003.14,-0005.36
+1580603451.52,-0008.79,-0009.77,+0003.91,+0003.60,-0002.68,-0008.50
+1580603451.53,-0006.84,-0008.79,+0005.86,+0001.99,-0002.14,-0007.96
+1580603451.53,-0010.74,-0006.84,+0006.84,+0003.22,+0001.68,-0015.31
+1580603451.54,-0013.67,-0004.88,+0008.79,+0002.45,-0003.06,-0014.16
+1580603451.54,-0004.88,-0001.95,+0011.72,+0000.84,-0001.23,-0011.33
+1580603451.55,-0008.79,-0002.93,+0011.72,+0002.83,+0001.30,-0009.95
+1580603451.55,-0014.65,+0000.98,+0013.67,+0002.45,-0003.29,-0007.20
+1580603451.56,-0008.79,+0001.95,+0014.65,+0000.31,+0000.23,-0011.71
+1580603451.56,-0010.74,+0001.95,+0015.62,-0000.08,-0003.83,-0009.49
+1580603451.57,-0009.77,+0004.88,+0015.62,+0004.21,-0002.45,-0009.19
+1580603451.57,-0009.77,+0005.86,+0015.62,+0000.23,-0000.84,-0010.64
+1580603451.58,-0010.74,+0005.86,+0015.62,+0000.61,-0002.68,-0010.49
+1580603451.58,-0006.84,+0007.81,+0015.62,-0000.46,-0002.68,-0009.34
+1580603451.59,-0006.84,+0006.84,+0015.62,+0002.30,+0000.54,-0011.87
+1580603451.59,-0011.72,+0007.81,+0014.65,+0001.07,+0005.44,-0015.70
+1580603451.60,-0020.51,+0010.74,+0015.62,-0001.07,-0000.31,-0026.18
+1580603451.60,-0000.98,+0006.84,+0015.62,-0006.05,-0020.75,+0002.68
+1580603451.61,+0017.58,+0012.70,+0012.70,+0007.58,+0011.33,-0014.39
+1580603451.61,-0018.55,+0001.95,+0009.77,+0010.11,-0003.14,-0003.60
+1580603451.62,-0007.81,+0015.62,+0010.74,-0012.63,-0004.90,-0015.70
+1580603451.62,+0008.79,+0007.81,+0007.81,+0002.91,-0004.44,-0014.32
+1580603451.63,+0007.81,+0004.88,+0004.88,-0004.21,-0003.29,-0006.05
+1580603451.63,+0002.93,+0007.81,+0002.93,-0003.98,-0000.92,-0008.58
+1580603451.64,+0000.00,+0010.74,+0000.98,-0001.38,-0001.00,-0014.47
+1580603451.64,+0004.88,+0005.86,+0000.00,-0005.44,-0002.68,-0012.79
+1580603451.65,+0011.72,+0007.81,-0001.95,-0007.35,-0001.00,-0013.09
+1580603451.65,+0007.81,+0006.84,-0003.91,-0002.91,-0000.54,-0008.50
+1580603451.66,+0009.77,+0008.79,-0005.86,-0003.37,-0001.07,-0008.27
+1580603451.66,+0004.88,+0006.84,-0007.81,-0003.45,-0001.53,-0010.49
+1580603451.67,+0006.84,+0006.84,-0009.77,-0002.37,-0002.99,-0009.19
+1580603451.67,+0014.65,+0005.86,-0012.70,-0004.90,-0000.46,-0006.28
+1580603451.68,+0008.79,+0003.91,-0014.65,-0002.76,+0001.07,-0007.04
+1580603451.68,+0002.93,+0005.86,-0016.60,-0003.60,-0005.28,-0006.43
+1580603451.69,+0013.67,+0002.93,-0018.55,-0003.98,+0000.00,-0003.60
+1580603451.69,+0005.86,+0000.98,-0021.48,-0003.29,+0007.66,-0013.02
+1580603451.70,-0004.88,+0002.93,-0021.48,+0000.69,-0003.14,-0014.16
+1580603451.70,+0010.74,+0003.91,-0022.46,-0005.59,+0001.45,-0014.39
+1580603451.71,+0007.81,-0003.91,-0024.41,-0002.53,+0001.30,-0010.18
+1580603451.71,+0000.98,+0000.98,-0025.39,+0000.84,-0001.38,-0007.35
+1580603451.72,+0001.95,+0000.00,-0026.37,-0002.14,+0000.08,-0010.11
+1580603451.72,+0002.93,-0003.91,-0027.34,-0002.53,-0000.84,-0009.03
+1580603451.73,+0001.95,-0002.93,-0027.34,-0000.69,+0001.45,-0012.17
+1580603451.73,+0000.00,-0001.95,-0027.34,-0004.13,-0001.30,-0010.34
+1580603451.74,+0000.00,-0003.91,-0028.32,-0003.06,+0000.00,-0010.03
+1580603451.74,+0000.98,-0004.88,-0028.32,+0000.23,-0001.15,-0009.88
+1580603451.75,+0001.95,-0003.91,-0028.32,-0002.99,+0000.61,-0006.20
+1580603451.75,-0002.93,-0003.91,-0028.32,-0001.91,-0001.61,-0010.26
+1580603451.76,+0000.00,-0004.88,-0028.32,+0000.61,+0000.31,-0020.37
+1580603451.76,+0009.77,-0004.88,-0028.32,-0003.14,-0001.15,-0023.81
+1580603451.77,+0017.58,-0004.88,-0027.34,-0002.14,-0004.06,-0026.26
+1580603451.77,+0018.55,-0002.93,-0027.34,-0002.83,-0000.61,-0017.00
+1580603451.78,+0015.62,-0003.91,-0027.34,-0002.91,-0005.51,-0011.10
+1580603451.78,+0022.46,-0005.86,-0028.32,-0003.22,-0002.37,-0008.65
+1580603451.79,+0023.44,-0006.84,-0028.32,-0002.53,-0002.53,-0003.37
+1580603451.79,+0021.48,-0006.84,-0028.32,-0001.61,-0001.23,-0004.90
+1580603451.80,+0019.53,-0007.81,-0028.32,-0001.91,-0000.38,-0008.50
+1580603451.80,+0019.53,-0008.79,-0026.37,+0000.08,-0001.91,-0008.04
+1580603451.81,+0020.51,-0009.77,-0025.39,+0000.23,-0001.07,-0008.42
+1580603451.81,+0017.58,-0010.74,-0024.41,+0000.46,-0000.38,-0008.42
+1580603451.82,+0016.60,-0011.72,-0023.44,+0000.84,+0000.08,-0010.11
+1580603451.82,+0012.70,-0013.67,-0021.48,+0001.68,-0002.30,-0010.49
+1580603451.83,+0014.65,-0015.62,-0021.48,-0002.30,+0001.45,-0008.65
+1580603451.83,+0010.74,-0017.58,-0022.46,-0001.91,+0003.37,-0010.57
+1580603451.84,+0002.93,-0018.55,-0021.48,-0002.60,+0001.91,-0011.48
+1580603451.84,+0007.81,-0020.51,-0021.48,-0002.91,+0000.61,-0007.96
+1580603451.85,+0008.79,-0024.41,-0022.46,-0003.14,+0002.07,-0007.27
+1580603451.85,+0000.00,-0024.41,-0023.44,-0001.53,-0000.38,-0006.35
+1580603451.86,+0000.98,-0025.39,-0023.44,-0003.14,-0001.61,-0010.80
+1580603451.86,+0005.86,-0029.30,-0023.44,-0001.53,-0001.84,-0007.66
+1580603451.87,+0003.91,-0029.30,-0023.44,-0000.92,+0001.84,-0007.81
+1580603451.87,-0002.93,-0027.34,-0023.44,-0001.15,+0000.00,-0008.65
+1580603451.88,+0000.98,-0029.30,-0023.44,+0000.15,-0000.84,-0011.56
+1580603451.88,+0004.88,-0031.25,-0023.44,-0000.31,-0001.30,-0011.56
+1580603451.89,+0002.93,-0030.27,-0022.46,+0001.61,-0001.76,-0010.72
+1580603451.89,+0000.98,-0029.30,-0021.48,+0000.38,-0001.99,-0010.34
+1580603451.90,+0000.98,-0031.25,-0021.48,+0001.45,-0001.61,-0012.48
+1580603451.90,+0004.88,-0032.23,-0019.53,+0000.15,-0002.53,-0011.48
+1580603451.91,+0006.84,-0032.23,-0019.53,-0000.69,-0001.15,-0009.26
+1580603451.91,+0001.95,-0030.27,-0017.58,+0001.68,-0000.46,-0012.48
+1580603451.92,+0002.93,-0031.25,-0015.62,-0000.77,-0002.83,-0009.95
+1580603451.92,+0011.72,-0032.23,-0014.65,+0000.15,-0000.84,-0010.49
+1580603451.93,+0004.88,-0031.25,-0013.67,-0000.15,+0002.76,-0010.64
+1580603451.93,+0007.81,-0030.27,-0011.72,+0000.69,-0005.51,-0004.21
+1580603451.94,+0015.62,-0032.23,-0009.77,+0000.69,+0004.06,-0013.25
+1580603451.94,+0007.81,-0034.18,-0008.79,-0002.60,-0004.52,+0015.01
+1580603451.95,-0027.34,-0024.41,-0008.79,-0017.46,-0011.41,-0000.69
+1580603451.95,-0012.70,-0031.25,-0005.86,+0022.97,+0007.73,-0031.54
+1580603451.96,-0000.98,-0029.30,-0005.86,-0010.87,-0001.30,-0017.84
+1580603451.96,-0007.81,-0037.11,-0003.91,+0001.15,+0004.36,-0016.54
+1580603451.97,-0011.72,-0023.44,-0001.95,-0002.07,-0002.22,-0008.65
+1580603451.97,-0006.84,-0027.34,-0000.98,+0001.99,+0001.91,-0010.95
+1580603451.98,-0006.84,-0028.32,-0000.98,-0001.15,-0001.61,-0001.76
+1580603451.98,-0009.77,-0024.41,+0000.98,-0005.21,-0004.52,-0003.52
+1580603451.99,-0002.93,-0022.46,+0000.98,+0001.15,-0003.22,-0008.50
+1580603451.99,+0001.95,-0023.44,+0000.98,-0003.29,+0000.38,-0009.42
+1580603452.00,+0000.00,-0022.46,+0001.95,+0000.08,-0002.14,-0004.52
+1580603452.00,-0000.98,-0017.58,+0002.93,-0001.38,-0002.14,-0010.26
+1580603452.01,+0001.95,-0019.53,+0004.88,+0001.53,-0001.61,-0010.18
+1580603452.01,+0005.86,-0017.58,+0006.84,+0001.30,-0000.38,-0008.19
+1580603452.02,-0000.98,-0015.62,+0009.77,+0002.83,-0001.38,-0010.34
+1580603452.02,-0002.93,-0012.70,+0011.72,+0002.53,+0000.31,-0012.02
+1580603452.03,+0000.00,-0012.70,+0012.70,+0001.53,+0001.84,-0011.87
+1580603452.03,-0001.95,-0012.70,+0013.67,+0000.61,-0001.84,-0008.42
+1580603452.04,-0002.93,-0010.74,+0014.65,+0000.54,+0001.15,-0010.64
+1580603452.04,-0007.81,-0010.74,+0015.62,+0000.92,+0000.84,-0012.10
+1580603452.05,-0003.91,-0009.77,+0016.60,+0001.76,-0004.13,-0008.27
+1580603452.05,+0000.98,-0009.77,+0016.60,+0000.23,-0000.84,-0008.12
+1580603452.06,-0008.79,-0008.79,+0017.58,+0000.08,-0001.38,-0007.81
+1580603452.06,-0006.84,-0005.86,+0018.55,-0001.23,-0002.14,-0009.19
+1580603452.07,+0000.00,-0007.81,+0018.55,-0000.69,-0000.46,-0010.49
+1580603452.07,-0003.91,-0007.81,+0017.58,+0000.38,-0000.38,-0010.26
+1580603452.08,-0005.86,-0003.91,+0017.58,-0000.61,-0000.23,-0015.08
+1580603452.08,-0001.95,-0004.88,+0017.58,-0001.68,-0002.68,-0009.34
+1580603452.09,-0001.95,-0004.88,+0018.55,+0002.07,+0003.68,-0014.78
+1580603452.09,-0002.93,-0003.91,+0018.55,-0000.08,-0004.06,-0007.96
+1580603452.10,+0005.86,-0002.93,+0017.58,-0000.15,+0001.99,-0013.25
+1580603452.10,-0005.86,-0005.86,+0016.60,-0000.69,+0002.22,-0012.79
+1580603452.11,+0000.98,-0001.95,+0018.55,-0000.92,-0002.91,-0011.41
+1580603452.11,+0008.79,-0003.91,+0017.58,-0000.15,+0002.68,-0012.71
+1580603452.12,+0000.98,-0004.88,+0017.58,+0002.45,-0002.53,-0009.72
+1580603452.12,+0000.98,-0001.95,+0017.58,+0001.84,-0002.07,-0013.40
+1580603452.13,+0007.81,-0003.91,+0017.58,-0000.54,-0003.37,-0010.18
+1580603452.13,+0013.67,-0006.84,+0017.58,+0001.38,-0001.76,-0008.35
+1580603452.14,+0007.81,-0004.88,+0017.58,-0001.15,-0000.23,-0009.11
+1580603452.14,+0006.84,-0004.88,+0016.60,-0001.84,+0000.31,-0009.11
+1580603452.15,+0009.77,-0006.84,+0016.60,-0002.91,-0000.08,-0009.34
+1580603452.15,+0007.81,-0008.79,+0016.60,+0000.92,-0001.45,-0002.60
+1580603452.16,+0006.84,-0007.81,+0015.62,+0000.46,+0001.53,-0004.90
+1580603452.16,-0000.98,-0009.77,+0015.62,+0001.30,-0002.91,-0007.04
+1580603452.17,+0004.88,-0009.77,+0016.60,+0000.31,-0000.54,-0007.96
+1580603452.17,+0001.95,-0011.72,+0015.62,+0001.91,+0005.59,-0014.70
+1580603452.18,-0009.77,-0010.74,+0017.58,+0001.53,+0000.00,-0014.55
+1580603452.18,-0003.91,-0007.81,+0018.55,-0001.53,-0001.91,-0011.10
+1580603452.19,-0000.98,-0011.72,+0018.55,-0000.23,+0003.60,-0011.87
+1580603452.19,-0007.81,-0009.77,+0017.58,+0000.61,+0001.45,-0009.19
+1580603452.20,-0003.91,-0007.81,+0018.55,+0001.99,-0001.76,-0009.03
+1580603452.20,+0000.00,-0008.79,+0017.58,+0000.54,+0001.53,-0009.95
+1580603452.21,-0006.84,-0006.84,+0018.55,+0003.29,-0001.07,-0010.57
+1580603452.21,-0001.95,-0000.98,+0020.51,+0003.75,-0003.29,-0011.18
+1580603452.22,+0004.88,-0001.95,+0021.48,+0003.83,-0003.90,-0012.79
+1580603452.22,+0006.84,+0001.95,+0024.41,+0003.90,+0001.15,-0013.25
+1580603452.23,+0001.95,+0006.84,+0027.34,+0004.21,-0001.07,-0013.32
+1580603452.23,+0003.91,+0009.77,+0031.25,+0003.60,+0000.38,-0011.25
+1580603452.24,+0007.81,+0010.74,+0034.18,+0002.68,-0001.38,-0013.02
+1580603452.24,+0011.72,+0012.70,+0036.13,+0004.29,-0003.29,-0011.10
+1580603452.25,+0013.67,+0016.60,+0039.06,+0003.83,-0000.61,-0009.80
+1580603452.25,+0008.79,+0019.53,+0041.99,+0006.43,-0002.91,-0010.18
+1580603452.26,+0012.70,+0022.46,+0044.92,+0006.05,-0000.54,-0013.93
+1580603452.26,+0015.62,+0023.44,+0047.85,+0004.44,-0002.83,-0012.56
+1580603452.27,+0015.62,+0024.41,+0050.78,+0006.20,-0000.38,-0011.64
+1580603452.27,+0012.70,+0028.32,+0053.71,+0005.67,+0002.45,-0015.77
+1580603452.28,+0011.72,+0031.25,+0056.64,+0008.04,-0002.60,-0012.94
+1580603452.28,+0024.41,+0032.23,+0059.57,+0002.45,-0002.83,-0010.49
