+1580774414.81,+0001.95,+0002.93,-0013.67,+0000.38,-0000.46,-0008.96
+1580774414.81,+0000.98,+0002.93,-0012.70,+0000.15,-0001.00,-0008.50
+1580774414.82,+0000.98,+0001.95,-0012.70,-0000.46,+0000.00,-0009.65
+1580774414.82,+0000.00,+0001.95,-0012.70,+0000.31,-0000.46,-0010.49
+1580774414.83,-0001.95,+0000.98,-0011.72,+0000.77,+0000.54,-0009.80
+1580774414.83,-0002.93,+0000.98,-0010.74,-0001.38,-0002.45,-0006.43
+1580774414.84,-0000.98,+0000.00,-0009.77,-0000.54,+0002.22,-0011.03
+1580774414.84,-0003.91,+0000.00,-0010.74,-0000.92,-0002.37,-0010.41
+1580774414.85,-0000.98,-0000.98,-0011.72,+0001.00,+0000.23,-0009.42
+1580774414.85,-0004.88,-0000.98,-0011.72,-0002.07,-0001.38,-0009.19
+1580774414.86,-0004.88,-0000.98,-0010.74,+0003.60,-0000.92,-0010.87
+1580774414.86,-0001.95,-0000.98,-0009.77,-0004.90,-0002.07,-0011.25
+1580774414.87,-0000.98,-0001.95,-0009.77,-0001.91,+0000.31,-0010.49
+1580774414.87,-0000.98,-0001.95,-0009.77,+0000.23,-0000.61,-0012.63
+1580774414.88,-0001.95,-0001.95,-0010.74,+0000.15,-0001.45,-0012.10
+1580774414.88,+0001.95,-0002.93,-0010.74,-0002.30,-0001.45,-0010.34
+1580774414.89,+0003.91,-0002.93,-0011.72,-0002.60,-0001.84,-0008.19
+1580774414.89,+0003.91,-0003.91,-0011.72,+0000.00,-0000.77,-0008.35
+1580774414.90,+0002.93,-0003.91,-0011.72,-0000.61,-0001.15,-0010.03
+1580774414.90,+0003.91,-0004.88,-0011.72,-0000.15,-0001.91,-0007.81
+1580774414.91,+0006.84,-0004.88,-0011.72,-0002.83,-0001.15,-0007.50
+1580774414.91,+0005.86,-0005.86,-0012.70,-0000.38,-0000.61,-0008.12
+1580774414.92,+0004.88,-0005.86,-0012.70,-0001.99,-0000.54,-0010.11
+1580774414.92,+0003.91,-0005.86,-0012.70,+0000.61,+0001.00,-0012.02
+1580774414.93,+0003.91,-0005.86,-0011.72,-0000.46,-0000.77,-0009.95
+1580774414.93,+0003.91,-0005.86,-0012.70,-0000.84,-0000.61,-0007.81
+1580774414.94,+0001.95,-0005.86,-0012.70,-0001.30,-0000.38,-0008.12
+1580774414.94,+0000.00,-0006.84,-0013.67,-0001.15,+0000.69,-0008.80
+1580774414.95,+0000.00,-0006.84,-0013.67,-0000.77,+0000.08,-0009.95
+1580774414.95,+0000.00,-0006.84,-0013.67,-0000.61,-0000.77,-0009.34
+1580774414.96,-0000.98,-0006.84,-0013.67,-0000.61,-0000.15,-0010.03
+1580774414.96,-0002.93,-0005.86,-0013.67,-0000.92,-0001.38,-0010.64
+1580774414.97,-0001.95,-0005.86,-0013.67,-0000.08,-0000.61,-0012.25
+1580774414.97,-0000.98,-0005.86,-0013.67,-0001.07,-0000.15,-0010.87
+1580774414.98,+0000.00,-0004.88,-0013.67,-0000.31,-0000.54,-0012.10
+1580774414.98,-0002.93,-0004.88,-0013.67,-0000.84,-0001.30,-0009.95
+1580774414.99,+0000.00,-0004.88,-0013.67,-0000.54,-0001.07,-0009.03
+1580774414.99,+0000.98,-0004.88,-0013.67,-0001.38,+0000.08,-0009.34
+1580774415.00,+0000.00,-0002.93,-0013.67,-0000.23,-0000.77,-0010.64
+1580774415.00,+0000.00,-0003.91,-0013.67,-0000.69,-0000.84,-0012.25
+1580774415.01,+0000.98,-0002.93,-0012.70,-0000.61,-0001.38,-0011.18
+1580774415.01,+0001.95,-0002.93,-0012.70,+0000.00,+0000.23,-0011.25
+1580774415.02,+0000.98,-0001.95,-0012.70,-0001.07,+0000.23,-0010.26
+1580774415.02,+0000.98,-0001.95,-0012.70,-0000.84,-0000.84,-0010.18
+1580774415.03,+0000.98,-0000.98,-0012.70,+0000.15,+0000.84,-0011.56
+1580774415.03,+0001.95,-0000.98,-0011.72,+0001.00,-0000.69,-0010.26
+1580774415.04,+0000.98,-0000.98,-0011.72,+0001.00,+0000.69,-0011.64
+1580774415.04,-0000.98,+0000.00,-0010.74,+0001.07,+0000.46,-0010.87
+1580774415.05,+0001.95,+0000.00,-0010.74,-0000.77,-0000.84,-0011.41
+1580774415.05,+0000.98,+0000.00,-0009.77,-0002.83,+0000.31,-0008.04
+1580774415.06,-0000.98,+0000.98,-0009.77,+0003.60,+0002.37,-0012.94
+1580774415.06,-0001.95,+0000.98,-0009.77,+0003.52,-0000.54,-0010.18
+1580774415.07,+0001.95,+0000.98,-0008.79,-0001.00,+0001.61,-0013.02
+1580774415.07,-0002.93,+0000.98,-0008.79,+0000.84,-0001.61,-0010.34
+1580774415.08,+0001.95,+0000.98,-0008.79,-0001.07,-0001.76,-0008.27
+1580774415.08,+0000.98,+0000.00,-0008.79,+0000.92,-0000.84,-0009.34
+1580774415.09,+0000.98,+0000.98,-0008.79,+0000.77,-0000.38,-0009.11
+1580774415.09,+0001.95,+0000.00,-0008.79,-0001.00,-0000.54,-0011.48
+1580774415.10,+0001.95,+0000.00,-0008.79,+0000.00,-0001.15,-0007.66
+1580774415.10,+0003.91,-0000.98,-0008.79,-0000.61,-0001.61,-0008.88
+1580774415.11,+0002.93,-0000.98,-0007.81,-0000.46,-0000.77,-0009.19
+1580774415.11,+0002.93,-0000.98,-0007.81,+0001.45,-0000.92,-0008.88
+1580774415.12,+0001.95,-0001.95,-0007.81,+0000.31,-0000.84,-0010.03
+1580774415.12,+0002.93,-0001.95,-0006.84,+0001.07,-0002.14,-0008.27
+1580774415.13,+0002.93,-0002.93,-0006.84,-0000.46,-0000.92,-0008.27
+1580774415.13,+0001.95,-0003.91,-0006.84,-0000.61,-0000.23,-0008.27
+1580774415.14,+0000.98,-0004.88,-0007.81,-0000.08,-0000.23,-0010.72
+1580774415.14,+0000.98,-0005.86,-0007.81,-0000.46,-0001.53,-0011.25
+1580774415.15,+0003.91,-0005.86,-0007.81,-0000.61,-0000.46,-0010.03
+1580774415.15,+0001.95,-0006.84,-0006.84,-0000.46,-0000.92,-0008.73
+1580774415.16,-0001.95,-0006.84,-0007.81,+0000.46,-0000.31,-0008.88
+1580774415.16,-0001.95,-0007.81,-0006.84,-0001.23,+0000.00,-0009.11
+1580774415.17,-0000.98,-0007.81,-0006.84,-0000.31,+0000.15,-0008.35
+1580774415.17,-0002.93,-0007.81,-0006.84,-0000.77,-0000.08,-0008.50
+1580774415.18,-0005.86,-0008.79,-0006.84,-0000.77,-0000.31,-0009.03
+1580774415.18,-0005.86,-0009.77,-0007.81,-0000.84,+0000.77,-0009.72
+1580774415.19,-0004.88,-0009.77,-0007.81,-0000.31,+0001.23,-0010.72
+1580774415.19,-0007.81,-0008.79,-0007.81,+0000.23,+0000.61,-0011.18
+1580774415.20,-0008.79,-0009.77,-0006.84,-0001.00,+0000.15,-0010.57
+1580774415.20,-0007.81,-0009.77,-0006.84,-0002.14,-0000.08,-0010.49
+1580774415.21,-0006.84,-0009.77,-0007.81,+0000.54,-0000.23,-0011.18
+1580774415.21,-0006.84,-0009.77,-0007.81,-0001.45,-0001.23,-0009.65
+1580774415.22,-0007.81,-0009.77,-0008.79,-0000.46,+0001.53,-0009.26
+1580774415.22,-0007.81,-0010.74,-0008.79,-0001.07,-0002.30,-0009.42
+1580774415.23,-0002.93,-0010.74,-0008.79,-0001.07,-0000.31,-0010.41
+1580774415.23,-0001.95,-0010.74,-0008.79,-0002.45,+0000.84,-0010.34
+1580774415.24,-0004.88,-0008.79,-0008.79,-0000.77,-0001.99,-0014.16
+1580774415.24,-0001.95,-0008.79,-0008.79,+0001.15,-0001.23,-0013.78
+1580774415.25,+0001.95,-0008.79,-0007.81,-0001.53,-0000.92,-0011.33
+1580774415.25,+0000.00,-0007.81,-0007.81,-0000.31,-0000.46,-0008.58
+1580774415.26,-0000.98,-0007.81,-0008.79,-0001.23,-0000.15,-0009.26
+1580774415.26,+0000.00,-0007.81,-0008.79,-0000.54,+0000.00,-0009.34
+1580774415.27,+0000.98,-0006.84,-0008.79,-0000.77,+0000.61,-0010.18
+1580774415.27,-0000.98,-0005.86,-0008.79,-0000.77,-0000.23,-0011.25
+1580774415.28,-0000.98,-0005.86,-0008.79,+0001.53,+0000.46,-0012.33
+1580774415.28,+0000.00,-0004.88,-0007.81,-0001.99,+0000.23,-0009.42
+1580774415.29,-0000.98,-0003.91,-0007.81,+0000.23,+0001.15,-0009.80
+1580774415.29,-0002.93,-0003.91,-0007.81,-0000.84,+0000.08,-0010.11
+1580774415.30,-0001.95,-0003.91,-0006.84,+0000.54,+0001.23,-0010.26
+1580774415.30,-0001.95,-0002.93,-0006.84,-0000.61,+0000.46,-0010.64
+1580774415.31,-0002.93,-0001.95,-0006.84,-0001.15,+0000.15,-0010.34
+1580774415.31,-0004.88,-0001.95,-0006.84,+0000.77,-0000.46,-0011.10
+1580774415.32,-0001.95,-0000.98,-0006.84,-0001.00,-0001.38,-0009.49
+1580774415.32,+0001.95,-0001.95,-0006.84,-0000.46,-0001.30,-0009.03
+1580774415.33,-0000.98,+0000.00,-0005.86,-0000.15,+0001.30,-0011.33
+1580774415.33,-0003.91,+0000.98,-0004.88,+0000.31,-0001.76,-0012.10
+1580774415.34,+0000.98,+0000.00,-0003.91,+0000.23,-0000.84,-0011.87
+1580774415.34,+0002.93,+0000.98,-0003.91,-0000.38,+0000.15,-0008.88
+1580774415.35,+0000.00,+0001.95,-0003.91,-0001.00,-0000.31,-0010.49
+1580774415.35,-0000.98,+0001.95,-0003.91,-0000.46,-0001.23,-0010.95
+1580774415.36,+0003.91,+0000.98,-0003.91,+0000.23,-0000.23,-0011.18
+1580774415.36,+0000.98,+0001.95,-0003.91,+0000.46,-0000.38,-0010.41
+1580774415.37,+0000.00,+0001.95,-0002.93,-0000.46,+0000.31,-0009.57
+1580774415.37,+0000.98,+0001.95,-0002.93,+0000.23,-0000.84,-0010.26
+1580774415.38,+0002.93,+0001.95,-0001.95,+0000.38,+0000.84,-0008.12
+1580774415.38,+0001.95,+0001.95,-0001.95,+0000.00,+0000.23,-0007.43
+1580774415.39,-0001.95,+0001.95,-0000.98,+0000.23,-0000.92,-0008.35
+1580774415.39,-0001.95,+0001.95,+0000.00,+0001.45,+0000.31,-0011.56
+1580774415.40,-0002.93,+0001.95,+0000.00,+0001.30,-0001.53,-0007.04
+1580774415.40,-0000.98,+0000.98,+0000.00,-0001.15,-0000.15,-0006.97
+1580774415.41,-0003.91,+0000.98,+0000.00,+0001.76,+0001.00,-0011.18
+1580774415.41,-0006.84,+0000.98,+0000.00,+0001.99,+0000.00,-0010.34
+1580774415.42,-0003.91,+0000.00,+0000.98,-0001.07,-0000.08,-0012.94
+1580774415.42,-0005.86,+0000.00,+0000.98,+0001.45,+0000.00,-0011.94
+1580774415.43,-0003.91,+0000.00,+0001.95,+0000.61,-0000.92,-0011.64
+1580774415.43,-0004.88,-0000.98,+0002.93,+0001.23,-0001.76,-0010.18
+1580774415.44,-0004.88,+0000.00,+0002.93,-0000.46,-0002.14,-0007.58
+1580774415.44,-0002.93,-0000.98,+0003.91,-0000.61,-0001.61,-0009.19
+1580774415.45,-0002.93,-0000.98,+0002.93,+0000.77,+0000.00,-0008.42
+1580774415.45,-0002.93,-0001.95,+0002.93,+0001.68,-0000.23,-0013.70
+1580774415.46,-0003.91,-0001.95,+0003.91,-0000.77,-0003.75,-0009.19
+1580774415.46,+0000.98,-0001.95,+0003.91,+0002.99,+0000.15,-0009.88
+1580774415.47,-0002.93,-0002.93,+0004.88,+0001.00,-0001.76,-0009.49
+1580774415.47,-0000.98,-0001.95,+0005.86,+0001.15,-0001.61,-0011.10
+1580774415.48,+0002.93,-0003.91,+0005.86,-0002.30,-0000.23,-0010.11
+1580774415.48,+0000.98,-0002.93,+0005.86,-0002.07,-0000.61,-0009.65
+1580774415.49,-0000.98,-0003.91,+0005.86,+0003.06,-0000.38,-0011.18
+1580774415.49,+0000.00,-0002.93,+0006.84,+0000.15,-0002.14,-0009.65
+1580774415.50,+0002.93,-0004.88,+0006.84,+0001.00,-0000.54,-0009.88
+1580774415.50,+0000.98,-0003.91,+0007.81,-0001.15,+0000.69,-0007.58
+1580774415.51,-0001.95,-0004.88,+0006.84,+0001.76,+0001.23,-0012.94
+1580774415.51,-0001.95,-0003.91,+0007.81,-0001.61,-0002.37,-0010.72
+1580774415.52,+0003.91,-0004.88,+0007.81,-0002.14,+0000.54,-0009.88
+1580774415.52,+0000.98,-0004.88,+0008.79,+0002.45,-0002.07,-0007.58
+1580774415.53,+0000.00,-0004.88,+0008.79,-0000.61,-0001.68,-0006.66
+1580774415.53,+0000.98,-0004.88,+0008.79,+0001.45,+0000.77,-0012.02
+1580774415.54,+0000.98,-0004.88,+0009.77,+0001.23,-0001.23,-0009.65
+1580774415.54,+0003.91,-0003.91,+0009.77,-0000.46,+0000.61,-0012.56
+1580774415.55,+0000.98,-0004.88,+0009.77,+0000.54,+0000.00,-0012.86
+1580774415.55,+0001.95,-0002.93,+0009.77,-0001.23,-0000.38,-0011.41
+1580774415.56,+0003.91,-0003.91,+0009.77,-0000.77,-0001.15,-0009.72
+1580774415.56,+0003.91,-0003.91,+0009.77,-0000.61,-0001.45,-0007.81
+1580774415.57,+0000.98,-0003.91,+0009.77,+0001.30,+0000.69,-0007.89
+1580774415.57,+0000.98,-0003.91,+0009.77,+0001.07,+0000.15,-0008.50
+1580774415.58,+0001.95,-0003.91,+0009.77,-0000.08,+0000.84,-0008.80
+1580774415.58,+0000.98,-0002.93,+0009.77,-0000.08,+0000.00,-0008.04
+1580774415.59,-0001.95,-0002.93,+0009.77,-0000.31,+0002.30,-0011.41
+1580774415.59,-0002.93,-0002.93,+0009.77,+0001.84,+0000.00,-0010.41
+1580774415.60,-0000.98,-0002.93,+0010.74,-0001.07,-0000.38,-0011.79
+1580774415.60,-0002.93,-0002.93,+0010.74,+0000.46,+0001.76,-0011.03
+1580774415.61,-0004.88,-0001.95,+0009.77,-0001.00,-0000.84,-0011.25
+1580774415.61,-0002.93,-0002.93,+0008.79,+0000.15,-0001.76,-0010.64
+1580774415.62,-0000.98,-0002.93,+0008.79,-0001.53,+0000.31,-0009.26
+1580774415.62,-0003.91,-0001.95,+0008.79,-0000.84,+0000.84,-0009.65
+1580774415.63,-0003.91,-0001.95,+0008.79,-0000.92,-0001.38,-0010.49
+1580774415.63,-0000.98,-0001.95,+0007.81,-0000.46,-0000.46,-0009.80
+1580774415.64,+0000.00,-0001.95,+0006.84,-0000.92,-0000.84,-0010.03
+1580774415.64,-0001.95,-0001.95,+0005.86,-0000.46,-0001.68,-0010.41
+1580774415.65,-0000.98,-0001.95,+0005.86,-0000.23,-0000.77,-0010.64
+1580774415.65,+0000.98,-0001.95,+0005.86,-0000.77,+0000.15,-0009.95
+1580774415.66,+0000.98,-0001.95,+0005.86,-0001.38,-0000.38,-0010.41
+1580774415.66,-0001.95,-0000.98,+0005.86,-0001.99,+0001.91,-0011.10
+1580774415.67,-0001.95,-0000.98,+0004.88,-0000.46,-0000.54,-0012.40
+1580774415.67,+0000.00,-0001.95,+0004.88,-0001.15,+0000.38,-0012.10
+1580774415.68,+0000.00,-0001.95,+0003.91,-0001.23,-0000.38,-0008.96
+1580774415.68,-0002.93,-0000.98,+0002.93,-0000.54,+0001.53,-0009.03
+1580774415.69,-0005.86,-0000.98,+0002.93,-0001.23,+0001.07,-0010.34
+1580774415.69,-0004.88,-0000.98,+0002.93,-0001.53,+0001.76,-0011.41
+1580774415.70,-0002.93,-0000.98,+0003.91,-0002.07,-0004.44,-0006.66
+1580774415.70,+0007.81,-0002.93,+0002.93,-0002.07,+0000.84,-0000.61
+1580774415.71,-0011.72,+0000.98,+0000.98,+0001.91,+0011.03,-0014.62
+1580774415.71,-0020.51,+0000.98,+0001.95,+0001.76,-0007.27,-0010.80
+1580774415.72,+0011.72,-0001.95,+0002.93,-0001.84,+0000.77,-0011.41
+1580774415.72,+0007.81,-0002.93,+0001.95,-0003.22,+0003.52,-0004.82
+1580774415.73,-0008.79,+0002.93,+0000.98,+0001.45,+0001.76,-0002.53
+1580774415.73,-0010.74,+0000.00,+0000.98,+0004.52,-0003.68,-0017.69
+1580774415.74,+0005.86,+0001.95,+0002.93,-0000.08,-0000.92,-0013.09
+1580774415.74,+0006.84,+0001.95,+0002.93,-0001.30,+0001.30,-0007.12
+1580774415.75,-0006.84,+0002.93,+0002.93,-0001.53,-0002.22,-0007.73
+1580774415.75,-0003.91,+0001.95,+0001.95,+0000.61,-0000.54,-0009.95
+1580774415.76,+0003.91,+0001.95,+0002.93,-0000.84,-0000.77,-0008.96
+1580774415.76,+0001.95,+0002.93,+0002.93,+0000.08,+0001.76,-0006.81
+1580774415.77,-0004.88,+0002.93,+0002.93,-0000.15,-0001.76,-0011.94
+1580774415.77,-0002.93,+0001.95,+0002.93,+0001.53,-0001.30,-0012.86
+1580774415.78,+0003.91,+0002.93,+0004.88,+0000.00,-0000.38,-0012.10
+1580774415.78,-0000.98,+0004.88,+0004.88,-0001.23,+0000.23,-0006.81
+1580774415.79,-0003.91,+0003.91,+0004.88,+0000.61,-0001.07,-0009.42
+1580774415.79,-0002.93,+0003.91,+0005.86,-0000.61,+0000.38,-0008.27
+1580774415.80,-0000.98,+0004.88,+0005.86,+0000.23,-0000.23,-0007.89
+1580774415.80,-0004.88,+0004.88,+0005.86,+0000.46,+0000.31,-0010.80
+1580774415.81,-0003.91,+0004.88,+0006.84,+0001.45,-0001.30,-0010.41
+1580774415.81,-0001.95,+0003.91,+0006.84,+0000.15,-0001.15,-0010.64
+1580774415.82,-0001.95,+0003.91,+0006.84,+0000.15,+0000.08,-0008.58
+1580774415.82,-0002.93,+0003.91,+0006.84,-0000.31,-0000.69,-0011.41
+1580774415.83,-0002.93,+0003.91,+0006.84,+0000.54,-0002.68,-0011.48
+1580774415.83,+0000.00,+0002.93,+0006.84,+0001.00,-0001.00,-0010.72
+1580774415.84,+0000.00,+0002.93,+0006.84,+0001.45,-0002.30,-0011.41
+1580774415.84,+0001.95,+0002.93,+0007.81,-0000.92,-0004.44,-0008.73
+1580774415.85,+0007.81,+0001.95,+0006.84,+0000.69,-0001.23,-0007.04
+1580774415.85,-0001.95,+0002.93,+0005.86,-0001.23,-0000.31,-0012.71
+1580774415.86,-0006.84,+0003.91,+0006.84,+0000.54,-0003.52,-0012.33
+1580774415.86,+0005.86,+0001.95,+0007.81,-0000.92,-0000.31,-0014.39
+1580774415.87,+0004.88,+0000.98,+0007.81,+0001.15,+0001.76,-0012.40
+1580774415.87,-0000.98,+0000.98,+0007.81,+0000.15,-0000.15,-0013.55
+1580774415.88,+0000.00,-0000.98,+0006.84,-0002.76,-0003.06,-0011.94
+1580774415.88,+0006.84,-0001.95,+0006.84,+0001.00,-0002.22,-0010.18
+1580774415.89,+0006.84,-0000.98,+0005.86,-0001.68,-0001.00,-0008.65
+1580774415.89,+0002.93,-0002.93,+0004.88,-0000.69,-0001.53,-0008.65
+1580774415.90,+0006.84,-0003.91,+0004.88,-0001.15,-0001.23,-0011.48
+1580774415.90,+0009.77,-0003.91,+0004.88,-0000.38,-0001.15,-0010.11
+1580774415.91,+0009.77,-0004.88,+0003.91,-0000.61,-0001.61,-0009.42
+1580774415.91,+0006.84,-0005.86,+0003.91,-0000.69,-0001.84,-0008.42
+1580774415.92,+0006.84,-0006.84,+0003.91,+0000.08,-0001.00,-0008.19
+1580774415.92,+0006.84,-0006.84,+0002.93,-0000.23,-0001.23,-0007.27
+1580774415.93,+0006.84,-0007.81,+0001.95,-0000.84,+0000.23,-0007.04
+1580774415.93,+0005.86,-0008.79,+0000.98,-0000.77,+0000.69,-0008.73
+1580774415.94,+0001.95,-0009.77,+0000.00,-0000.23,+0001.30,-0008.80
+1580774415.94,+0000.98,-0009.77,+0000.00,-0001.68,-0000.84,-0010.18
+1580774415.95,+0001.95,-0010.74,+0000.00,-0000.46,-0000.54,-0010.64
+1580774415.95,+0000.00,-0010.74,+0000.00,-0001.23,-0000.46,-0009.65
+1580774415.96,-0002.93,-0010.74,+0000.00,-0000.23,-0001.15,-0010.03
+1580774415.96,-0002.93,-0010.74,+0000.00,-0000.08,+0000.46,-0009.57
+1580774415.97,-0004.88,-0009.77,+0000.00,+0000.69,+0001.30,-0008.96
+1580774415.97,-0004.88,-0009.77,+0000.00,-0000.84,-0002.68,-0005.59
+1580774415.98,-0005.86,-0009.77,-0001.95,-0002.83,+0001.23,-0009.65
+1580774415.98,-0008.79,-0009.77,-0001.95,+0000.77,-0001.61,-0008.35
+1580774415.99,-0004.88,-0008.79,-0001.95,-0001.91,-0000.46,-0009.80
+1580774415.99,-0006.84,-0007.81,-0001.95,-0000.92,-0001.07,-0011.10
+1580774416.00,-0006.84,-0006.84,-0000.98,+0000.08,-0000.54,-0011.79
+1580774416.00,-0005.86,-0005.86,+0000.00,-0001.38,-0000.08,-0011.79
+1580774416.01,-0005.86,-0004.88,+0000.00,+0001.68,-0001.84,-0010.57
+1580774416.01,-0002.93,-0002.93,+0000.00,-0000.15,+0000.08,-0010.03
+1580774416.02,-0004.88,-0001.95,+0000.00,+0000.00,-0000.38,-0009.49
+1580774416.02,-0003.91,-0000.98,+0000.00,-0000.46,-0000.08,-0009.65
+1580774416.03,-0003.91,-0000.98,+0000.98,-0000.15,-0000.77,-0012.86
+1580774416.03,-0002.93,+0000.00,+0000.98,+0000.08,+0000.00,-0010.11
+1580774416.04,-0001.95,+0000.98,+0001.95,+0001.00,-0000.08,-0012.25
+1580774416.04,-0005.86,+0002.93,+0001.95,-0000.15,+0000.54,-0012.63
+1580774416.05,-0003.91,+0003.91,+0002.93,-0000.31,-0001.30,-0008.96
+1580774416.05,-0001.95,+0002.93,+0002.93,+0000.23,+0000.92,-0008.27
+1580774416.06,-0004.88,+0004.88,+0002.93,-0000.38,+0001.45,-0005.59
+1580774416.06,-0006.84,+0005.86,+0002.93,+0000.46,+0001.84,-0008.12
+1580774416.07,-0005.86,+0004.88,+0002.93,+0001.15,+0000.69,-0008.88
+1580774416.07,-0004.88,+0005.86,+0003.91,-0000.23,+0001.23,-0010.11
+1580774416.08,-0008.79,+0006.84,+0003.91,+0000.38,-0000.08,-0011.41
+1580774416.08,-0007.81,+0006.84,+0004.88,-0000.23,+0000.54,-0010.72
+1580774416.09,-0006.84,+0006.84,+0003.91,+0000.46,-0001.68,-0010.41
+1580774416.09,-0005.86,+0006.84,+0003.91,+0000.54,+0000.61,-0009.19
+1580774416.10,-0006.84,+0005.86,+0003.91,-0001.07,+0000.23,-0008.35
+1580774416.10,-0006.84,+0006.84,+0003.91,-0000.15,+0000.38,-0009.65
+1580774416.11,-0006.84,+0006.84,+0004.88,+0000.08,-0000.23,-0011.48
+1580774416.11,-0004.88,+0006.84,+0004.88,-0000.15,-0001.38,-0011.94
+1580774416.12,-0001.95,+0005.86,+0004.88,+0000.23,-0001.53,-0011.03
+1580774416.12,-0001.95,+0005.86,+0004.88,+0000.69,-0000.23,-0010.18
+1580774416.13,-0004.88,+0006.84,+0004.88,+0001.07,-0000.84,-0012.56
+1580774416.13,+0000.00,+0005.86,+0006.84,-0001.23,-0003.52,-0011.03
+1580774416.14,+0004.88,+0004.88,+0005.86,-0002.14,+0002.53,-0009.88
+1580774416.14,+0000.00,+0005.86,+0004.88,+0002.14,-0000.08,-0010.95
+1580774416.15,-0000.98,+0005.86,+0005.86,+0000.00,-0001.91,-0012.02
+1580774416.15,+0004.88,+0003.91,+0005.86,-0001.15,-0002.07,-0010.34
+1580774416.16,+0005.86,+0003.91,+0006.84,+0000.46,+0000.69,-0009.11
+1580774416.16,+0001.95,+0002.93,+0005.86,-0001.53,-0000.08,-0010.18
+1580774416.17,+0000.98,+0001.95,+0005.86,+0000.31,-0001.76,-0010.95
+1580774416.17,+0003.91,+0001.95,+0005.86,+0000.31,+0002.30,-0009.11
+1580774416.18,+0000.98,+0002.93,+0005.86,+0000.15,+0001.07,-0008.58
+1580774416.18,-0002.93,+0001.95,+0006.84,-0000.69,+0001.45,-0009.65
+1580774416.19,-0000.98,+0000.98,+0006.84,-0001.00,+0002.37,-0011.25
+1580774416.19,-0001.95,+0000.98,+0006.84,-0000.15,+0002.14,-0013.86
+1580774416.20,-0003.91,+0000.00,+0006.84,-0001.76,+0000.77,-0011.71
+1580774416.20,-0003.91,+0000.00,+0005.86,+0000.69,+0001.07,-0013.86
+1580774416.21,-0004.88,-0000.98,+0005.86,+0002.30,+0000.00,-0013.40
+1580774416.21,-0001.95,-0000.98,+0004.88,-0001.45,-0001.38,-0013.02
+1580774416.22,+0001.95,-0001.95,+0005.86,-0001.15,+0000.08,-0012.25
+1580774416.22,+0001.95,-0000.98,+0004.88,-0001.45,-0000.08,-0009.34
+1580774416.23,+0000.98,-0000.98,+0004.88,+0000.00,-0001.45,-0008.96
+1580774416.23,+0003.91,-0001.95,+0003.91,-0001.99,-0001.99,-0008.88
+1580774416.24,+0005.86,-0002.93,+0003.91,-0000.77,-0000.69,-0009.57
+1580774416.24,+0004.88,-0002.93,+0002.93,-0001.00,-0001.23,-0009.42
+1580774416.25,+0006.84,-0003.91,+0002.93,-0000.46,-0001.45,-0010.18
+1580774416.25,+0007.81,-0003.91,+0002.93,+0000.61,-0000.46,-0009.42
+1580774416.26,+0005.86,-0003.91,+0002.93,+0000.77,+0000.00,-0009.42
+1580774416.26,+0002.93,-0004.88,+0002.93,+0001.30,-0002.22,-0006.66
+1580774416.27,+0006.84,-0005.86,+0003.91,-0000.23,+0000.46,-0006.58
+1580774416.27,+0004.88,-0005.86,+0002.93,+0001.23,+0001.68,-0005.67
+1580774416.28,-0001.95,-0005.86,+0002.93,-0001.07,+0000.46,-0006.20
+1580774416.28,-0001.95,-0006.84,+0002.93,-0001.53,+0000.54,-0010.34
+1580774416.29,+0000.00,-0006.84,+0002.93,-0000.31,-0000.38,-0009.88
+1580774416.29,-0000.98,-0007.81,+0002.93,+0000.77,-0000.08,-0010.80
+1580774416.30,-0005.86,-0006.84,+0002.93,+0000.00,-0001.61,-0010.03
+1580774416.30,-0003.91,-0006.84,+0002.93,+0002.30,+0000.61,-0011.48
+1580774416.31,-0003.91,-0005.86,+0002.93,-0000.08,+0000.00,-0011.33
+1580774416.31,-0002.93,-0004.88,+0002.93,-0001.76,-0000.61,-0008.58
+1580774416.32,-0001.95,-0005.86,+0002.93,-0001.45,-0000.92,-0008.96
+1580774416.32,-0001.95,-0004.88,+0001.95,-0001.99,-0000.77,-0009.03
+1580774416.33,+0000.00,-0003.91,+0001.95,-0001.23,-0002.30,-0012.48
+1580774416.33,+0002.93,-0003.91,+0001.95,-0000.69,-0001.99,-0014.09
+1580774416.34,+0006.84,-0002.93,+0001.95,+0000.00,-0002.45,-0014.32
+1580774416.34,+0007.81,-0001.95,+0001.95,+0000.46,-0002.45,-0014.70
+1580774416.35,+0008.79,-0000.98,+0002.93,+0000.61,-0002.22,-0010.18
+1580774416.35,+0011.72,+0000.00,+0002.93,-0000.92,-0003.45,-0011.41
+1580774416.36,+0013.67,+0000.00,+0002.93,+0000.00,-0000.84,-0009.03
+1580774416.36,+0013.67,+0000.00,+0001.95,-0000.15,-0001.23,-0005.59
+1580774416.37,+0011.72,+0000.98,+0001.95,-0001.23,-0001.23,-0008.27
+1580774416.37,+0013.67,+0000.98,+0001.95,+0000.15,-0001.99,-0010.64
+1580774416.38,+0014.65,+0000.98,+0001.95,-0000.46,-0001.00,-0010.49
+1580774416.38,+0011.72,+0001.95,+0002.93,-0000.31,-0000.15,-0012.02
+1580774416.39,+0009.77,+0002.93,+0002.93,-0000.61,-0000.31,-0012.71
+1580774416.39,+0010.74,+0002.93,+0002.93,+0000.38,-0001.61,-0012.71
+1580774416.40,+0010.74,+0003.91,+0002.93,-0000.84,-0000.92,-0011.87
+1580774416.40,+0006.84,+0003.91,+0001.95,-0000.38,-0000.23,-0009.72
+1580774416.41,+0006.84,+0003.91,+0001.95,-0001.30,-0001.15,-0009.65
+1580774416.41,+0006.84,+0004.88,+0001.95,+0000.23,-0001.07,-0009.95
+1580774416.42,+0006.84,+0004.88,+0000.98,-0000.46,-0000.69,-0009.57
+1580774416.42,+0006.84,+0004.88,+0000.98,-0000.38,-0002.14,-0010.64
+1580774416.43,+0006.84,+0004.88,+0000.00,+0000.38,-0000.46,-0010.41
+1580774416.43,+0006.84,+0005.86,+0000.00,-0000.69,-0001.30,-0010.03
+1580774416.44,+0006.84,+0005.86,+0000.00,-0000.15,+0000.08,-0009.88
+1580774416.44,+0006.84,+0005.86,+0000.00,-0000.69,-0001.68,-0009.03
+1580774416.45,+0007.81,+0004.88,-0000.98,-0000.92,-0000.46,-0008.88
+1580774416.45,+0007.81,+0004.88,-0000.98,+0000.08,-0000.61,-0010.03
+1580774416.46,+0005.86,+0004.88,-0000.98,-0001.45,+0001.30,-0011.33
+1580774416.46,+0004.88,+0004.88,-0000.98,-0001.61,-0001.23,-0012.71
+1580774416.47,+0007.81,+0003.91,-0000.98,-0003.06,+0000.08,-0008.96
+1580774416.47,+0009.77,+0002.93,-0000.98,-0001.07,+0001.07,-0008.80
+1580774416.48,+0000.98,+0003.91,-0001.95,-0001.61,+0001.15,-0009.11
+1580774416.48,+0000.00,+0003.91,-0001.95,+0000.00,+0000.15,-0009.26
+1580774416.49,+0003.91,+0001.95,-0000.98,-0002.30,+0002.07,-0008.58
+1580774416.49,+0000.00,+0001.95,-0001.95,+0000.23,+0001.30,-0006.05
+1580774416.50,-0005.86,+0001.95,-0002.93,+0000.69,+0002.07,-0011.25
+1580774416.50,-0005.86,+0001.95,-0001.95,+0000.00,+0002.37,-0011.41
+1580774416.51,-0002.93,+0001.95,-0001.95,+0000.77,+0002.76,-0010.87
+1580774416.51,-0006.84,+0001.95,-0002.93,+0000.38,+0003.22,-0009.65
+1580774416.52,-0012.70,+0001.95,-0002.93,-0000.46,+0002.53,-0011.03
+1580774416.52,-0009.77,+0000.98,-0002.93,+0001.53,+0000.15,-0010.87
+1580774416.53,-0004.88,+0000.98,-0002.93,-0002.76,+0001.84,-0007.96
+1580774416.53,-0007.81,+0000.98,-0004.88,+0000.77,+0000.92,-0007.66
+1580774416.54,-0012.70,+0000.98,-0004.88,-0000.77,-0001.07,-0012.33
+1580774416.54,-0007.81,+0000.98,-0004.88,-0000.54,-0001.84,-0010.49
+1580774416.55,+0000.00,+0000.00,-0003.91,-0002.45,-0000.77,-0008.58
+1580774416.55,-0002.93,+0000.98,-0003.91,+0000.38,+0001.99,-0010.26
+1580774416.56,-0004.88,+0000.98,-0003.91,-0000.77,-0001.23,-0009.26
+1580774416.56,+0000.98,-0000.98,-0004.88,-0000.15,+0000.54,-0009.88
+1580774416.57,-0000.98,-0000.98,-0004.88,+0000.00,+0000.31,-0009.42
+1580774416.57,+0000.98,-0000.98,-0004.88,-0001.38,-0002.83,-0008.27
+1580774416.58,+0001.95,-0001.95,-0003.91,+0000.84,+0000.46,-0011.03
+1580774416.58,+0000.00,-0000.98,-0003.91,-0000.69,-0000.92,-0009.72
+1580774416.59,+0000.98,-0000.98,-0002.93,+0000.77,-0000.61,-0012.17
+1580774416.59,+0001.95,-0002.93,-0003.91,+0001.84,+0000.84,-0009.19
+1580774416.60,+0000.98,-0002.93,-0003.91,-0000.69,+0000.77,-0009.88
+1580774416.60,-0000.98,-0002.93,-0003.91,+0000.54,-0000.46,-0009.95
+1580774416.61,+0000.98,-0003.91,-0002.93,+0000.61,-0001.68,-0009.26
+1580774416.61,+0000.98,-0002.93,-0002.93,-0000.15,+0001.38,-0010.34
+1580774416.62,-0000.98,-0002.93,-0002.93,-0000.15,-0000.69,-0010.18
+1580774416.62,-0000.98,-0002.93,-0002.93,-0000.23,-0000.23,-0011.56
+1580774416.63,-0000.98,-0001.95,-0002.93,+0000.00,-0000.77,-0010.87
+1580774416.63,-0002.93,-0000.98,-0002.93,+0000.69,+0002.37,-0012.56
+1580774416.64,-0007.81,+0000.00,-0001.95,-0000.77,+0001.45,-0013.70
+1580774416.64,-0004.88,+0000.00,-0000.98,+0000.77,-0001.30,-0014.16
+1580774416.65,+0000.98,-0001.95,-0000.98,+0000.08,-0001.99,-0013.02
+1580774416.65,+0008.79,-0002.93,-0001.95,-0002.45,-0006.74,+0002.07
+1580774416.66,+0002.93,-0000.98,-0002.93,+0003.83,+0007.89,-0006.43
+1580774416.66,-0021.48,+0001.95,-0001.95,-0000.54,-0012.10,-0009.49
+1580774416.67,+0012.70,-0000.98,-0000.98,+0002.22,-0002.45,-0015.16
+1580774416.67,+0020.51,-0003.91,-0001.95,-0007.04,-0000.77,-0005.51
+1580774416.68,-0003.91,+0000.98,-0002.93,+0009.34,+0002.22,-0005.90
+1580774416.68,-0004.88,+0000.00,-0001.95,+0001.61,-0005.28,-0016.46
+1580774416.69,+0008.79,-0002.93,-0000.98,+0001.38,-0002.83,-0010.26
+1580774416.69,+0012.70,+0000.00,+0000.00,-0002.14,+0003.83,-0005.51
+1580774416.70,-0006.84,+0000.98,-0000.98,-0002.37,-0002.30,-0009.26
+1580774416.70,-0004.88,-0002.93,-0001.95,+0001.45,-0001.30,-0013.78
+1580774416.71,+0004.88,-0002.93,-0000.98,-0001.15,-0000.84,-0009.95
+1580774416.71,+0000.98,-0000.98,-0001.95,-0000.77,+0001.07,-0005.21
+1580774416.72,-0009.77,-0002.93,-0001.95,-0001.07,-0000.46,-0012.71
+1580774416.72,-0008.79,-0003.91,-0001.95,+0001.61,-0002.83,-0011.87
+1580774416.73,+0001.95,-0001.95,-0000.98,-0000.08,+0000.08,-0011.18
+1580774416.73,-0000.98,-0003.91,-0001.95,-0000.08,+0001.99,-0007.43
+1580774416.74,-0007.81,-0002.93,-0001.95,-0001.84,-0000.92,-0010.18
+1580774416.74,-0006.84,-0003.91,-0001.95,-0000.84,-0002.83,-0010.41
+1580774416.75,+0000.00,-0002.93,-0001.95,-0001.61,+0000.38,-0009.95
+1580774416.75,+0000.00,-0003.91,-0002.93,-0000.23,-0001.07,-0007.27
+1580774416.76,-0003.91,-0003.91,-0003.91,-0001.68,-0001.15,-0010.41
+1580774416.76,-0003.91,-0005.86,-0003.91,+0000.15,-0002.37,-0012.94
+1580774416.77,+0001.95,-0003.91,-0002.93,-0001.30,+0000.31,-0011.64
+1580774416.77,+0001.95,-0004.88,-0002.93,+0000.46,-0000.54,-0010.26
+1580774416.78,-0000.98,-0004.88,-0002.93,-0001.38,-0000.23,-0009.34
+1580774416.78,+0000.00,-0004.88,-0002.93,-0000.46,-0000.77,-0010.57
+1580774416.79,+0002.93,-0004.88,-0002.93,-0001.38,+0001.23,-0006.89
+1580774416.79,+0000.98,-0004.88,-0003.91,-0002.37,+0001.07,-0009.42
+1580774416.80,-0001.95,-0004.88,-0002.93,+0000.61,+0000.08,-0011.94
+1580774416.80,+0001.95,-0005.86,-0002.93,+0000.77,-0000.77,-0010.95
+1580774416.81,+0002.93,-0004.88,-0002.93,-0000.77,+0000.46,-0013.17
+1580774416.81,+0000.98,-0003.91,-0002.93,+0001.53,-0002.45,-0010.49
+1580774416.82,+0003.91,-0004.88,-0001.95,+0000.54,+0000.23,-0010.41
+1580774416.82,+0001.95,-0003.91,-0001.95,-0001.68,-0002.53,-0006.81
+1580774416.83,+0003.91,-0003.91,-0001.95,+0000.84,+0002.07,-0008.88
+1580774416.83,+0001.95,-0003.91,-0001.95,-0003.06,-0000.23,-0009.72
+1580774416.84,+0003.91,-0003.91,-0001.95,-0000.61,+0001.00,-0011.03
+1580774416.84,+0003.91,-0002.93,-0001.95,+0000.69,-0001.45,-0011.64
+1580774416.85,+0003.91,-0001.95,-0000.98,+0001.07,-0001.38,-0011.10
+1580774416.85,+0005.86,-0001.95,-0000.98,-0000.46,-0001.68,-0011.41
+1580774416.86,+0004.88,-0001.95,+0000.00,-0000.08,-0002.22,-0010.26
+1580774416.86,+0005.86,-0000.98,+0000.00,+0001.07,-0002.07,-0010.34
+1580774416.87,+0005.86,+0000.00,+0000.00,+0000.08,+0000.15,-0009.88
+1580774416.87,+0005.86,+0000.00,+0000.00,+0000.46,-0001.23,-0010.34
+1580774416.88,+0006.84,+0000.98,+0000.98,+0000.77,+0000.15,-0009.49
+1580774416.88,+0005.86,+0001.95,+0000.98,+0000.46,-0000.77,-0010.34
+1580774416.89,+0005.86,+0002.93,+0001.95,-0000.77,-0000.23,-0011.48
+1580774416.89,+0006.84,+0002.93,+0001.95,+0001.07,-0001.53,-0008.58
+1580774416.90,+0006.84,+0002.93,+0002.93,+0001.68,+0000.23,-0011.25
+1580774416.90,+0001.95,+0003.91,+0002.93,-0000.38,-0000.46,-0011.79
+1580774416.91,+0003.91,+0004.88,+0003.91,+0000.00,-0001.91,-0010.95
+1580774416.91,+0007.81,+0003.91,+0003.91,+0000.00,+0000.08,-0010.41
+1580774416.92,+0003.91,+0004.88,+0003.91,+0000.00,-0000.54,-0007.58
+1580774416.92,+0000.00,+0005.86,+0003.91,-0000.38,+0000.84,-0010.87
+1580774416.93,+0002.93,+0004.88,+0004.88,-0001.38,-0000.15,-0007.66
+1580774416.93,+0005.86,+0005.86,+0004.88,-0000.77,+0001.23,-0009.34
+1580774416.94,+0000.98,+0005.86,+0004.88,-0001.99,+0000.23,-0008.58
+1580774416.94,+0000.00,+0005.86,+0004.88,-0001.30,-0000.92,-0010.57
+1580774416.95,+0001.95,+0004.88,+0004.88,+0002.60,-0002.07,-0010.41
+1580774416.95,+0002.93,+0005.86,+0004.88,-0000.77,+0000.00,-0007.89
+1580774416.96,+0000.00,+0005.86,+0004.88,+0001.61,-0000.23,-0008.27
+1580774416.96,-0002.93,+0004.88,+0004.88,-0000.31,-0001.68,-0010.18
+1580774416.97,+0001.95,+0004.88,+0005.86,-0000.23,-0000.31,-0008.19
+1580774416.97,+0001.95,+0004.88,+0004.88,-0000.84,+0002.30,-0009.11
+1580774416.98,-0006.84,+0003.91,+0004.88,-0002.76,-0001.23,-0012.56
+1580774416.98,-0002.93,+0003.91,+0004.88,-0001.23,-0000.92,-0011.03
+1580774416.99,+0003.91,+0002.93,+0004.88,-0001.23,+0000.54,-0010.41
+1580774416.99,-0002.93,+0002.93,+0004.88,-0000.69,+0001.45,-0009.34
+1580774417.00,-0007.81,+0002.93,+0003.91,-0000.92,-0005.21,-0008.65
+1580774417.00,+0002.93,+0000.00,+0004.88,+0000.23,-0001.00,-0005.51
+1580774417.01,-0000.98,+0001.95,+0003.91,+0001.99,+0004.67,-0010.11
+1580774417.01,-0011.72,+0001.95,+0001.95,+0000.08,-0004.67,-0008.65
+1580774417.02,+0001.95,-0000.98,+0001.95,-0002.99,-0000.15,-0011.41
+1580774417.02,+0001.95,-0001.95,+0001.95,+0001.53,+0002.68,-0010.03
+1580774417.03,-0006.84,+0001.95,+0001.95,-0002.14,+0002.22,-0008.88
+1580774417.03,-0007.81,+0000.00,+0001.95,-0000.61,-0002.68,-0012.63
+1580774417.04,+0000.98,-0000.98,+0001.95,-0001.23,+0001.07,-0009.65
+1580774417.04,+0000.00,+0000.00,+0001.95,-0000.46,+0002.53,-0011.18
+1580774417.05,-0006.84,+0000.00,+0000.98,+0000.23,+0000.77,-0010.49
+1580774417.05,-0003.91,-0000.98,+0000.00,+0000.69,-0001.45,-0011.79
+1580774417.06,+0000.00,-0000.98,+0000.00,+0001.61,-0002.14,-0009.49
+1580774417.06,+0000.98,+0000.00,-0000.98,-0002.53,+0001.15,-0006.89
+1580774417.07,-0007.81,-0000.98,-0000.98,-0002.22,+0000.00,-0014.70
+1580774417.07,-0003.91,+0000.00,+0000.00,-0002.91,-0002.68,-0012.40
+1580774417.08,+0005.86,+0000.00,+0000.00,-0001.23,+0000.84,-0013.09
+1580774417.08,+0000.00,+0000.00,-0000.98,+0000.00,+0000.92,-0008.19
+1580774417.09,-0004.88,+0000.98,-0001.95,+0000.92,+0000.23,-0013.09
+1580774417.09,-0002.93,+0000.00,-0001.95,+0001.53,-0003.22,-0009.72
+1580774417.10,+0004.88,+0000.98,-0001.95,+0002.30,+0000.00,-0008.65
+1580774417.10,-0001.95,+0000.98,-0001.95,-0000.77,-0000.08,-0008.96
+1580774417.11,-0005.86,+0001.95,-0001.95,-0001.76,-0000.54,-0010.49
+1580774417.11,-0000.98,+0000.98,-0001.95,-0002.60,-0000.15,-0012.48
+1580774417.12,+0000.98,+0001.95,-0001.95,-0000.61,+0000.61,-0010.64
+1580774417.12,-0001.95,+0001.95,-0002.93,+0001.68,+0001.00,-0011.94
+1580774417.13,-0003.91,+0001.95,-0002.93,+0000.92,-0002.30,-0009.88
+1580774417.13,+0000.98,+0002.93,-0001.95,+0001.68,+0000.23,-0010.41
+1580774417.14,+0000.98,+0002.93,-0001.95,-0001.07,+0001.23,-0007.96
+1580774417.14,-0001.95,+0003.91,-0002.93,-0002.60,-0000.23,-0009.03
+1580774417.15,-0001.95,+0002.93,-0002.93,-0001.30,+0000.15,-0011.79
+1580774417.15,+0000.00,+0003.91,-0001.95,-0000.23,-0001.38,-0011.33
+1580774417.16,+0002.93,+0003.91,-0001.95,+0001.91,+0000.61,-0011.25
+1580774417.16,-0000.98,+0003.91,-0002.93,-0001.07,-0000.38,-0009.65
+1580774417.17,-0000.98,+0003.91,-0002.93,+0002.14,+0000.54,-0011.03
+1580774417.17,+0000.98,+0003.91,-0002.93,-0000.31,-0000.38,-0009.95
+1580774417.18,+0002.93,+0004.88,-0001.95,-0003.68,+0000.23,-0009.49
+1580774417.18,+0000.00,+0004.88,-0001.95,-0000.92,+0000.31,-0011.18
+1580774417.19,+0001.95,+0004.88,-0001.95,-0000.31,-0001.23,-0010.49
+1580774417.19,+0002.93,+0003.91,-0002.93,-0000.08,+0000.23,-0008.88
+1580774417.20,+0000.98,+0003.91,-0002.93,+0000.92,+0000.08,-0008.42
+1580774417.20,-0000.98,+0003.91,-0003.91,+0000.84,-0001.00,-0009.80
+1580774417.21,+0000.98,+0002.93,-0002.93,-0001.07,-0000.08,-0009.19
+1580774417.21,+0000.98,+0002.93,-0002.93,-0001.53,+0000.15,-0008.96
+1580774417.22,-0000.98,+0002.93,-0001.95,+0000.69,+0000.46,-0009.03
+1580774417.22,-0001.95,+0001.95,-0001.95,-0000.46,+0000.46,-0009.57
+1580774417.23,-0000.98,+0001.95,-0002.93,+0000.38,+0000.23,-0009.57
+1580774417.23,-0001.95,+0001.95,-0002.93,-0000.23,+0000.54,-0008.88
+1580774417.24,-0003.91,+0000.00,-0003.91,-0000.31,-0001.53,-0008.88
+1580774417.24,-0001.95,+0000.00,-0003.91,-0001.61,-0000.84,-0010.26
+1580774417.25,-0000.98,-0000.98,-0003.91,-0000.69,+0000.46,-0009.65
+1580774417.25,-0001.95,+0000.00,-0003.91,-0000.38,-0000.92,-0010.87
+1580774417.26,-0001.95,-0000.98,-0003.91,+0000.08,-0001.07,-0010.41
+1580774417.26,-0001.95,-0000.98,-0002.93,-0000.08,-0001.76,-0008.50
+1580774417.27,-0000.98,-0000.98,-0002.93,-0000.61,-0001.15,-0007.35
+1580774417.27,-0002.93,-0001.95,-0003.91,-0000.92,-0001.15,-0007.73
+1580774417.28,-0002.93,-0001.95,-0003.91,-0001.07,+0000.31,-0010.57
+1580774417.28,-0001.95,-0002.93,-0003.91,-0000.23,-0000.92,-0012.56
+1580774417.29,-0001.95,-0002.93,-0004.88,+0000.92,-0000.77,-0012.10
+1580774417.29,-0001.95,-0003.91,-0004.88,+0001.00,-0000.77,-0011.94
+1580774417.30,-0000.98,-0003.91,-0003.91,+0000.08,-0001.76,-0010.34
+1580774417.30,-0002.93,-0003.91,-0003.91,-0001.53,-0000.38,-0009.03
+1580774417.31,-0001.95,-0004.88,-0004.88,-0002.07,-0000.84,-0009.65
+1580774417.31,-0000.98,-0004.88,-0003.91,-0000.92,-0000.46,-0009.95
+1580774417.32,-0000.98,-0004.88,-0004.88,+0000.92,-0001.00,-0011.10
+1580774417.32,+0000.00,-0005.86,-0004.88,+0000.31,-0001.61,-0010.87
+1580774417.33,+0000.00,-0005.86,-0004.88,+0001.68,-0000.46,-0010.41
+1580774417.33,-0000.98,-0005.86,-0005.86,+0000.69,-0002.14,-0010.87
+1580774417.34,+0000.98,-0006.84,-0004.88,-0002.83,-0001.91,-0009.57
+1580774417.34,+0001.95,-0006.84,-0005.86,-0001.00,-0000.54,-0009.95
+1580774417.35,-0000.98,-0006.84,-0005.86,-0000.23,-0000.15,-0010.11
+1580774417.35,-0000.98,-0006.84,-0005.86,+0000.31,-0000.61,-0011.03
+1580774417.36,+0000.00,-0006.84,-0005.86,+0000.08,-0000.46,-0010.03
+1580774417.36,-0000.98,-0006.84,-0005.86,+0001.15,+0000.61,-0010.57
+1580774417.37,-0001.95,-0006.84,-0005.86,-0003.29,-0000.69,-0007.58
+1580774417.37,+0000.98,-0006.84,-0006.84,-0000.15,+0001.61,-0010.18
+1580774417.38,-0003.91,-0005.86,-0006.84,-0003.75,+0000.92,-0011.33
+1580774417.38,-0002.93,-0005.86,-0006.84,-0000.69,+0000.61,-0012.33
+1580774417.39,-0000.98,-0006.84,-0006.84,+0000.69,+0001.15,-0011.64
+1580774417.39,-0001.95,-0005.86,-0005.86,+0001.76,-0000.38,-0009.57
+1580774417.40,-0002.93,-0004.88,-0006.84,-0000.46,+0000.23,-0010.64
+1580774417.40,-0001.95,-0004.88,-0005.86,-0000.23,-0000.84,-0008.65
+1580774417.41,+0000.00,-0003.91,-0005.86,-0001.45,-0000.61,-0009.34
+1580774417.41,-0001.95,-0002.93,-0005.86,-0000.92,-0000.92,-0010.34
+1580774417.42,-0001.95,-0002.93,-0005.86,-0000.31,-0000.92,-0010.41
+1580774417.42,-0000.98,-0002.93,-0005.86,+0000.84,-0000.31,-0009.95
+1580774417.43,-0000.98,-0001.95,-0005.86,+0001.07,-0000.61,-0009.34
+1580774417.43,-0001.95,-0000.98,-0005.86,+0000.92,-0000.31,-0008.80
+1580774417.44,-0002.93,-0001.95,-0005.86,-0001.23,-0000.61,-0009.57
+1580774417.44,-0000.98,-0000.98,-0004.88,-0001.30,+0000.77,-0011.64
+1580774417.45,-0000.98,+0000.00,-0004.88,+0000.00,+0000.69,-0011.64
+1580774417.45,-0000.98,+0000.98,-0004.88,+0000.15,-0000.15,-0010.87
+1580774417.46,-0001.95,+0000.98,-0003.91,+0000.69,+0000.46,-0010.11
+1580774417.46,-0001.95,+0001.95,-0003.91,+0000.00,-0000.92,-0009.11
+1580774417.47,-0001.95,+0001.95,-0003.91,-0000.15,-0000.31,-0009.65
+1580774417.47,-0001.95,+0001.95,-0002.93,-0000.61,-0000.23,-0009.65
+1580774417.48,-0001.95,+0001.95,-0002.93,+0000.84,-0000.84,-0010.80
+1580774417.48,-0000.98,+0002.93,-0002.93,+0000.61,-0000.61,-0012.02
+1580774417.49,-0000.98,+0002.93,-0001.95,+0000.00,-0001.00,-0009.42
+1580774417.49,-0000.98,+0003.91,-0001.95,+0000.84,-0000.15,-0009.57
+1580774417.50,-0000.98,+0003.91,-0000.98,-0000.77,-0000.54,-0011.03
+1580774417.50,-0000.98,+0003.91,-0000.98,-0001.00,+0000.00,-0010.64
+1580774417.51,+0000.00,+0003.91,-0000.98,+0000.69,-0000.46,-0012.02
+1580774417.51,+0000.98,+0003.91,-0000.98,+0001.76,+0000.08,-0010.64
+1580774417.52,+0000.00,+0003.91,+0000.00,+0002.30,+0001.07,-0012.40
+1580774417.52,-0000.98,+0004.88,+0000.98,-0002.22,-0004.44,-0007.66
+1580774417.53,+0005.86,+0002.93,+0000.98,+0001.84,+0001.15,-0010.03
+1580774417.53,+0001.95,+0003.91,+0001.95,-0003.68,+0000.61,-0008.27
+1580774417.54,-0000.98,+0003.91,+0000.98,+0003.60,-0000.54,-0008.73
+1580774417.54,+0001.95,+0002.93,+0000.98,+0003.75,-0000.92,-0010.34
+1580774417.55,+0003.91,+0001.95,+0001.95,+0000.31,-0001.23,-0007.04
+1580774417.55,+0001.95,+0001.95,+0000.98,+0002.07,+0000.23,-0008.19
+1580774417.56,-0000.98,+0001.95,+0001.95,-0000.54,-0000.31,-0010.03
+1580774417.56,+0000.98,+0000.98,+0002.93,+0000.00,-0000.08,-0011.64
+1580774417.57,+0001.95,+0000.98,+0003.91,-0000.61,+0000.23,-0010.87
+1580774417.57,+0000.00,+0000.98,+0003.91,+0000.54,-0000.84,-0009.11
+1580774417.58,+0000.00,+0000.00,+0002.93,+0000.15,-0001.53,-0009.19
+1580774417.58,+0000.00,-0000.98,+0002.93,+0000.31,-0000.77,-0007.12
+1580774417.59,+0000.00,-0000.98,+0002.93,-0001.00,-0000.69,-0007.04
+1580774417.59,-0000.98,-0001.95,+0002.93,-0001.15,-0000.46,-0010.18
+1580774417.60,-0000.98,-0002.93,+0002.93,+0000.69,-0001.15,-0011.41
+1580774417.60,+0000.00,-0003.91,+0002.93,-0000.92,-0000.46,-0011.64
+1580774417.61,+0000.00,-0003.91,+0002.93,+0001.45,+0000.15,-0011.33
+1580774417.61,+0000.00,-0003.91,+0002.93,-0001.68,-0000.61,-0010.03
+1580774417.62,+0000.98,-0003.91,+0002.93,-0000.08,-0001.76,-0010.18
+1580774417.62,+0001.95,-0004.88,+0002.93,-0002.83,-0000.61,-0007.89
+1580774417.63,+0000.00,-0004.88,+0002.93,-0001.45,-0000.84,-0011.71
+1580774417.63,-0001.95,-0004.88,+0002.93,+0000.00,-0000.69,-0010.95
+1580774417.64,+0000.98,-0005.86,+0002.93,+0000.31,+0000.31,-0011.56
+1580774417.64,+0000.98,-0004.88,+0001.95,-0000.31,-0001.07,-0010.72
+1580774417.65,-0000.98,-0005.86,+0001.95,-0002.07,-0001.76,-0009.03
+1580774417.65,+0000.98,-0005.86,+0001.95,+0000.00,-0000.38,-0011.03
+1580774417.66,+0000.98,-0004.88,+0001.95,-0002.76,-0000.54,-0010.49
+1580774417.66,+0001.95,-0004.88,+0000.98,+0000.54,-0002.22,-0010.80
+1580774417.67,+0000.98,-0004.88,+0000.98,+0000.38,-0001.23,-0010.41
+1580774417.67,+0001.95,-0004.88,+0000.98,+0001.84,-0001.45,-0011.33
+1580774417.68,+0002.93,-0003.91,+0000.98,+0000.31,-0000.77,-0010.87
+1580774417.68,+0002.93,-0004.88,+0000.98,-0001.07,-0001.68,-0009.80
+1580774417.69,+0003.91,-0003.91,+0000.98,-0001.84,+0000.77,-0010.57
+1580774417.69,+0002.93,-0003.91,+0000.98,-0000.46,-0001.30,-0010.03
+1580774417.70,+0001.95,-0003.91,+0000.98,-0000.46,+0000.00,-0011.03
+1580774417.70,+0003.91,-0002.93,+0000.98,+0000.31,-0001.61,-0010.95
+1580774417.71,+0003.91,-0002.93,+0000.98,+0000.46,-0000.54,-0010.57
+1580774417.71,+0002.93,-0001.95,+0000.98,-0000.15,+0000.23,-0009.57
+1580774417.72,+0000.98,-0001.95,+0000.00,-0001.15,-0000.77,-0010.26
+1580774417.72,+0002.93,-0000.98,+0000.00,-0001.99,-0001.23,-0010.11
+1580774417.73,+0003.91,-0001.95,+0000.00,-0001.68,-0000.38,-0009.80
+1580774417.73,+0002.93,-0000.98,+0000.00,-0000.15,-0000.31,-0009.49
+1580774417.74,+0001.95,-0000.98,+0000.00,+0000.15,-0001.07,-0010.41
+1580774417.74,+0003.91,-0000.98,+0000.00,-0000.69,-0001.99,-0008.96
+1580774417.75,+0004.88,-0000.98,+0000.00,-0000.54,-0001.30,-0007.73
+1580774417.75,+0004.88,+0000.00,+0000.00,-0000.46,-0000.92,-0008.73
+1580774417.76,+0003.91,+0000.00,+0000.00,-0000.54,-0000.77,-0008.50
+1580774417.76,+0002.93,+0000.98,+0000.00,-0000.61,-0000.69,-0008.35
+1580774417.77,+0003.91,+0000.98,+0000.00,-0000.46,-0001.15,-0009.19
+1580774417.77,+0002.93,+0000.98,+0000.00,+0001.23,-0000.69,-0009.49
+1580774417.78,+0001.95,+0000.98,-0000.98,-0001.23,-0000.54,-0009.49
+1580774417.78,+0001.95,+0000.98,-0000.98,+0001.00,-0000.23,-0010.26
+1580774417.79,+0000.98,+0000.98,-0000.98,-0000.61,+0000.77,-0013.09
+1580774417.79,-0000.98,+0001.95,+0000.00,-0001.45,-0000.38,-0014.32
+1580774417.80,+0004.88,+0000.00,+0000.00,-0002.14,-0004.21,-0005.67
+1580774417.80,+0000.00,+0001.95,-0000.98,+0002.53,+0005.97,-0009.65
+1580774417.81,-0013.67,+0001.95,-0000.98,+0001.61,-0005.28,-0008.96
+1580774417.81,+0002.93,+0000.98,+0000.00,-0000.69,-0001.07,-0009.42
+1580774417.82,+0001.95,-0000.98,-0000.98,-0003.45,+0002.07,-0009.80
+1580774417.82,-0006.84,+0000.98,-0001.95,-0004.06,+0001.38,-0012.25
+1580774417.82,-0007.81,+0000.00,-0002.93,+0001.00,-0001.76,-0014.85
+1580774417.83,+0000.00,-0000.98,-0000.98,+0001.38,-0002.76,-0010.49
+1580774417.83,+0000.00,+0000.98,-0000.98,+0000.46,+0001.61,-0013.32
+1580774417.84,-0007.81,+0000.98,-0000.98,+0001.61,-0001.38,-0011.56
+1580774417.84,-0002.93,+0000.00,-0001.95,-0002.07,-0003.37,-0009.57
+1580774417.85,+0001.95,+0000.00,-0001.95,-0000.54,-0001.99,-0006.43
+1580774417.85,-0000.98,-0000.98,-0002.93,-0001.68,+0001.38,-0010.95
+1580774417.86,-0005.86,-0000.98,-0003.91,-0000.38,-0000.77,-0012.86
+1580774417.86,+0000.00,-0001.95,-0003.91,+0000.23,-0003.52,-0009.19
+1580774417.87,+0002.93,-0000.98,-0003.91,-0000.08,+0000.84,-0010.41
+1580774417.87,-0006.84,-0000.98,-0002.93,+0002.07,-0002.91,-0009.19
+1580774417.88,-0001.95,+0000.00,-0001.95,-0001.00,-0002.07,-0009.34
+1580774417.88,+0000.98,-0001.95,-0001.95,-0001.76,+0000.92,-0009.49
+1580774417.89,-0000.98,-0000.98,-0002.93,-0002.45,+0001.91,-0007.81
+1580774417.89,-0004.88,-0001.95,-0003.91,-0002.22,+0000.46,-0011.03
+1580774417.90,-0003.91,-0002.93,-0003.91,+0000.23,-0001.76,-0010.49
+1580774417.90,+0000.00,-0001.95,-0003.91,+0000.23,+0000.84,-0010.95
+1580774417.91,-0002.93,-0002.93,-0003.91,+0001.76,-0000.84,-0009.95
+1580774417.91,-0003.91,-0002.93,-0002.93,-0001.00,-0000.23,-0010.11
+1580774417.92,-0002.93,-0002.93,-0002.93,-0000.38,-0000.31,-0010.49
+1580774417.92,-0000.98,-0002.93,-0003.91,-0001.30,+0000.08,-0009.88
+1580774417.93,-0001.95,-0002.93,-0003.91,-0000.84,+0000.54,-0009.11
+1580774417.93,-0003.91,-0003.91,-0003.91,+0000.54,-0001.07,-0010.11
+1580774417.94,-0000.98,-0002.93,-0003.91,+0001.07,-0001.00,-0010.41
+1580774417.94,-0000.98,-0003.91,-0003.91,+0000.54,-0000.46,-0009.49
+1580774417.95,-0001.95,-0002.93,-0003.91,-0001.53,-0000.69,-0011.03
+1580774417.95,-0001.95,-0003.91,-0003.91,-0000.31,-0000.31,-0011.87
+1580774417.96,+0000.00,-0002.93,-0003.91,-0000.15,+0000.00,-0011.41
+1580774417.96,+0000.00,-0002.93,-0003.91,-0000.84,-0000.46,-0010.18
+1580774417.97,-0000.98,-0002.93,-0003.91,+0000.46,+0000.00,-0009.80
+1580774417.97,-0001.95,-0002.93,-0003.91,-0000.77,-0000.38,-0010.64
+1580774417.98,+0000.00,-0001.95,-0003.91,-0001.61,-0000.15,-0010.26
+1580774417.98,-0000.98,-0002.93,-0003.91,-0002.30,+0000.38,-0009.49
+1580774417.99,-0000.98,-0001.95,-0003.91,-0001.99,-0000.23,-0010.41
+1580774417.99,-0001.95,-0001.95,-0003.91,-0000.69,-0000.08,-0010.95
+1580774418.00,-0001.95,-0001.95,-0004.88,+0001.00,-0000.46,-0010.26
+1580774418.00,-0000.98,-0001.95,-0004.88,-0000.31,+0000.15,-0009.95
+1580774418.01,-0002.93,-0001.95,-0004.88,+0000.92,-0001.30,-0009.95
+1580774418.01,-0002.93,-0001.95,-0004.88,-0000.54,-0000.84,-0008.73
+1580774418.02,-0003.91,-0000.98,-0004.88,-0002.53,+0001.00,-0009.57
+1580774418.02,-0004.88,-0000.98,-0004.88,-0001.00,-0000.38,-0009.19
+1580774418.03,-0004.88,-0000.98,-0004.88,+0000.08,-0000.54,-0009.19
+1580774418.03,-0005.86,-0000.98,-0004.88,+0000.54,-0001.23,-0008.80
+1580774418.04,-0005.86,-0000.98,-0005.86,-0001.91,+0000.31,-0008.50
+1580774418.04,-0005.86,+0000.00,-0005.86,-0001.07,-0002.45,-0009.72
+1580774418.05,-0004.88,+0000.00,-0005.86,-0000.77,+0002.30,-0011.33
+1580774418.05,-0008.79,+0000.98,-0005.86,-0000.23,+0001.23,-0013.78
+1580774418.06,-0008.79,+0001.95,-0004.88,+0000.69,-0001.91,-0013.40
+1580774418.06,-0003.91,+0000.98,-0004.88,+0000.00,-0000.92,-0007.50
+1580774418.07,-0004.88,+0000.98,-0005.86,+0000.38,-0000.54,-0006.74
+1580774418.07,-0008.79,+0001.95,-0006.84,-0000.92,-0001.15,-0007.35
+1580774418.08,-0007.81,+0001.95,-0006.84,-0001.53,-0000.92,-0008.42
+1580774418.08,-0005.86,+0001.95,-0006.84,-0000.69,-0000.54,-0009.72
+1580774418.09,-0004.88,+0001.95,-0006.84,+0000.15,+0000.92,-0010.41
+1580774418.09,-0008.79,+0002.93,-0006.84,+0000.92,-0000.54,-0010.64
+1580774418.10,-0006.84,+0002.93,-0005.86,-0000.92,-0000.54,-0010.80
+1580774418.10,-0005.86,+0003.91,-0004.88,-0000.54,-0000.31,-0010.57
+1580774418.11,-0006.84,+0003.91,-0005.86,-0002.53,+0001.38,-0009.95
+1580774418.11,-0008.79,+0003.91,-0005.86,-0001.07,+0000.54,-0010.64
+1580774418.12,-0007.81,+0003.91,-0006.84,-0000.61,+0000.23,-0009.57
+1580774418.12,-0006.84,+0003.91,-0006.84,+0000.00,+0000.84,-0009.88
+1580774418.13,-0007.81,+0003.91,-0006.84,-0001.91,+0000.38,-0008.50
+1580774418.13,-0008.79,+0003.91,-0006.84,-0002.68,-0000.08,-0010.95
+1580774418.14,-0007.81,+0003.91,-0006.84,+0000.15,+0000.46,-0012.17
+1580774418.14,-0005.86,+0003.91,-0006.84,-0000.61,-0000.77,-0011.56
+1580774418.15,-0005.86,+0002.93,-0006.84,+0000.08,+0000.08,-0009.19
+1580774418.15,-0009.77,+0003.91,-0006.84,-0002.22,-0000.84,-0009.49
+1580774418.16,-0008.79,+0003.91,-0006.84,-0000.08,+0000.69,-0012.33
+1580774418.16,-0005.86,+0002.93,-0005.86,-0002.83,-0000.38,-0014.47
+1580774418.17,+0004.88,+0000.00,-0006.84,-0002.22,+0000.54,+0000.54
+1580774418.17,+0002.93,+0000.98,-0009.77,+0003.60,+0012.71,-0014.93
+1580774418.18,-0028.32,+0005.86,-0008.79,+0000.92,-0004.13,-0014.32
+1580774418.18,-0000.98,+0001.95,-0005.86,-0000.54,-0009.19,-0012.71
+1580774418.19,+0015.62,-0000.98,-0004.88,-0006.05,+0001.84,-0004.98
+1580774418.19,-0001.95,+0000.00,-0006.84,+0002.14,+0001.68,-0003.14
+1580774418.20,-0013.67,+0001.95,-0008.79,-0004.36,-0000.92,-0015.70
+1580774418.20,-0000.98,-0001.95,-0007.81,+0003.06,-0004.36,-0013.86
+1580774418.21,+0010.74,-0001.95,-0007.81,-0002.07,+0002.14,-0004.44
+1580774418.21,-0001.95,-0001.95,-0007.81,+0001.76,+0002.68,-0009.03
+1580774418.22,-0010.74,-0001.95,-0007.81,-0005.13,-0000.69,-0009.11
+1580774418.22,+0000.00,-0003.91,-0006.84,-0001.68,-0000.54,-0013.48
+1580774418.23,+0004.88,-0003.91,-0006.84,+0001.61,+0001.23,-0007.66
+1580774418.23,-0003.91,-0003.91,-0007.81,+0000.61,+0001.30,-0009.42
+1580774418.24,-0007.81,-0005.86,-0007.81,-0001.00,-0000.92,-0010.11
+1580774418.24,+0000.00,-0005.86,-0006.84,-0004.67,-0001.45,-0009.95
+1580774418.25,+0002.93,-0007.81,-0006.84,-0001.15,+0002.37,-0009.42
+1580774418.25,-0002.93,-0005.86,-0007.81,-0000.77,-0000.08,-0009.34
+1580774418.26,-0006.84,-0006.84,-0007.81,+0002.22,-0002.53,-0012.48
+1580774418.26,+0000.00,-0007.81,-0006.84,-0001.68,-0005.05,-0008.96
+1580774418.27,+0006.84,-0009.77,-0006.84,-0000.23,+0002.53,-0008.88
+1580774418.27,-0005.86,-0007.81,-0007.81,-0002.22,+0001.00,-0008.04
+1580774418.28,-0007.81,-0008.79,-0007.81,-0001.99,-0003.90,-0012.71
+1580774418.28,+0006.84,-0010.74,-0006.84,+0000.15,-0000.69,-0012.17
+1580774418.29,+0001.95,-0009.77,-0006.84,+0002.91,+0002.91,-0009.65
+1580774418.29,-0005.86,-0009.77,-0006.84,+0002.99,-0002.37,-0010.34
+1580774418.30,-0000.98,-0010.74,-0006.84,-0003.22,-0002.60,-0008.96
+1580774418.30,+0003.91,-0010.74,-0005.86,+0001.38,-0002.45,-0007.81
+1580774418.31,+0000.00,-0010.74,-0005.86,-0004.29,+0002.07,-0007.89
+1580774418.31,-0003.91,-0012.70,-0005.86,+0000.46,+0000.00,-0010.26
+1580774418.32,-0000.98,-0011.72,-0005.86,+0001.68,+0000.31,-0012.25
+1580774418.32,-0000.98,-0011.72,-0004.88,+0001.53,-0001.30,-0011.18
+1580774418.33,-0001.95,-0012.70,-0004.88,-0000.61,-0001.84,-0010.72
+1580774418.33,-0000.98,-0012.70,-0003.91,-0001.99,+0000.31,-0009.80
+1580774418.34,-0001.95,-0011.72,-0003.91,-0001.23,+0001.07,-0011.10
+1580774418.34,-0003.91,-0011.72,-0003.91,-0000.77,-0000.61,-0010.49
+1580774418.35,-0000.98,-0012.70,-0003.91,+0000.46,-0000.15,-0009.80
+1580774418.35,-0000.98,-0011.72,-0002.93,-0000.38,-0000.15,-0008.19
+1580774418.36,-0002.93,-0011.72,-0002.93,+0000.08,-0000.54,-0010.11
+1580774418.36,-0001.95,-0011.72,-0002.93,+0000.23,-0000.92,-0011.56
+1580774418.37,+0000.98,-0011.72,-0001.95,-0000.46,+0000.61,-0011.10
+1580774418.37,+0000.00,-0010.74,-0001.95,+0002.07,-0000.77,-0012.17
+1580774418.38,+0000.98,-0010.74,-0000.98,+0001.38,-0001.91,-0011.48
+1580774418.38,+0003.91,-0010.74,-0000.98,+0000.77,-0001.91,-0008.80
+1580774418.39,+0002.93,-0010.74,-0000.98,-0000.84,-0000.54,-0008.04
+1580774418.39,+0000.98,-0009.77,+0000.00,-0002.14,-0001.15,-0008.65
+1580774418.40,+0002.93,-0009.77,+0000.98,-0000.15,-0000.31,-0011.10
+1580774418.40,+0005.86,-0009.77,+0001.95,+0001.99,+0000.00,-0010.87
+1580774418.41,+0003.91,-0008.79,+0001.95,+0002.37,+0000.31,-0010.87
+1580774418.41,+0002.93,-0008.79,+0001.95,+0003.06,-0000.61,-0010.95
+1580774418.42,+0004.88,-0008.79,+0002.93,-0000.08,-0002.07,-0009.42
+1580774418.42,+0006.84,-0008.79,+0003.91,-0002.22,-0001.30,-0008.27
+1580774418.43,+0003.91,-0007.81,+0003.91,-0002.07,+0000.00,-0009.19
+1580774418.43,+0001.95,-0007.81,+0004.88,+0001.30,-0000.08,-0010.11
+1580774418.44,+0003.91,-0006.84,+0005.86,+0002.91,+0000.54,-0010.03
+1580774418.44,+0003.91,-0006.84,+0005.86,+0002.53,+0000.15,-0010.64
+1580774418.45,+0001.95,-0006.84,+0006.84,+0001.07,-0000.54,-0009.95
+1580774418.45,+0001.95,-0005.86,+0006.84,-0002.83,-0001.30,-0010.72
+1580774418.46,+0003.91,-0006.84,+0007.81,-0002.99,-0000.15,-0010.72
+1580774418.46,+0004.88,-0005.86,+0007.81,-0001.00,+0000.08,-0010.49
+1580774418.47,+0003.91,-0004.88,+0007.81,+0002.45,+0000.00,-0011.41
+1580774418.47,+0002.93,-0003.91,+0008.79,+0003.45,-0001.23,-0011.79
+1580774418.48,+0004.88,-0003.91,+0008.79,+0002.76,-0000.92,-0010.26
+1580774418.48,+0005.86,-0003.91,+0009.77,+0001.15,-0001.23,-0009.72
+1580774418.49,+0004.88,-0002.93,+0010.74,-0002.37,-0001.68,-0011.33
+1580774418.49,+0004.88,-0001.95,+0010.74,-0001.15,-0000.54,-0012.33
+1580774418.50,+0006.84,-0001.95,+0011.72,+0000.00,-0000.38,-0011.79
+1580774418.50,+0006.84,-0000.98,+0012.70,+0002.37,-0000.23,-0011.41
+1580774418.51,+0004.88,-0000.98,+0012.70,+0002.14,-0001.38,-0011.41
+1580774418.51,+0006.84,-0000.98,+0013.67,+0002.53,-0001.07,-0010.87
+1580774418.52,+0007.81,-0000.98,+0014.65,+0000.15,+0000.15,-0010.11
+1580774418.52,+0007.81,-0000.98,+0014.65,+0000.15,-0001.38,-0010.03
+1580774418.53,+0006.84,-0000.98,+0014.65,-0001.76,-0000.08,-0009.57
+1580774418.53,+0006.84,+0000.00,+0015.62,-0000.08,-0000.15,-0010.26
+1580774418.54,+0007.81,-0000.98,+0015.62,+0002.53,-0000.77,-0010.26
+1580774418.54,+0007.81,-0000.98,+0015.62,+0002.14,-0000.92,-0009.88
+1580774418.55,+0006.84,+0000.00,+0015.62,+0002.83,-0000.15,-0009.88
+1580774418.55,+0004.88,+0000.00,+0016.60,+0000.92,-0000.23,-0010.26
+1580774418.56,+0005.86,+0000.00,+0016.60,-0001.53,-0000.38,-0008.88
+1580774418.56,+0005.86,+0000.00,+0017.58,-0002.53,-0000.61,-0008.80
+1580774418.57,+0005.86,+0000.00,+0016.60,-0001.53,+0000.92,-0007.43
+1580774418.57,+0001.95,+0000.00,+0016.60,+0000.54,+0000.15,-0010.72
+1580774418.58,+0000.00,+0000.00,+0017.58,+0002.60,-0001.68,-0009.57
+1580774418.58,+0002.93,+0000.98,+0017.58,+0002.30,-0000.15,-0009.80
+1580774418.59,+0000.98,+0000.00,+0016.60,+0000.23,-0000.54,-0009.72
+1580774418.59,+0000.00,+0000.98,+0016.60,-0002.45,-0000.23,-0010.11
+1580774418.60,+0000.00,+0000.98,+0016.60,-0001.84,+0000.00,-0011.79
+1580774418.60,+0000.98,+0001.95,+0017.58,-0001.07,-0001.30,-0010.72
+1580774418.61,+0001.95,+0001.95,+0018.55,+0000.31,-0000.77,-0009.34
+1580774418.61,+0001.95,+0001.95,+0018.55,+0001.38,-0000.46,-0008.88
+1580774418.62,-0000.98,+0002.93,+0017.58,+0002.76,+0000.00,-0011.41
+1580774418.62,+0000.98,+0002.93,+0016.60,-0002.37,-0003.14,-0008.42
+1580774418.63,+0004.88,+0002.93,+0016.60,-0004.06,-0000.38,-0010.11
+1580774418.63,+0001.95,+0002.93,+0016.60,+0000.38,-0001.30,-0010.26
+1580774418.64,+0002.93,+0004.88,+0017.58,-0001.68,-0000.84,-0010.26
+1580774418.64,+0003.91,+0003.91,+0017.58,+0002.14,+0001.68,-0010.95
+1580774418.65,+0000.00,+0005.86,+0017.58,+0001.61,+0000.00,-0012.02
+1580774418.65,+0000.98,+0005.86,+0018.55,+0001.45,-0001.61,-0011.10
+1580774418.66,+0003.91,+0005.86,+0017.58,+0001.53,+0001.84,-0009.72
+1580774418.66,-0000.98,+0005.86,+0017.58,-0000.61,-0000.31,-0008.35
+1580774418.67,-0001.95,+0007.81,+0017.58,-0003.68,+0000.46,-0011.48
+1580774418.67,+0000.00,+0006.84,+0017.58,-0000.77,-0000.23,-0011.18
+1580774418.68,+0000.00,+0007.81,+0017.58,-0000.61,+0001.53,-0011.33
+1580774418.68,-0002.93,+0007.81,+0016.60,-0000.23,+0000.77,-0011.48
+1580774418.69,-0003.91,+0006.84,+0015.62,+0001.91,-0000.31,-0011.03
+1580774418.69,-0000.98,+0006.84,+0015.62,+0001.15,-0000.08,-0010.18
+1580774418.70,-0001.95,+0007.81,+0014.65,-0001.23,-0001.15,-0008.04
+1580774418.70,-0003.91,+0007.81,+0014.65,-0002.76,-0001.00,-0009.11
+1580774418.71,-0002.93,+0006.84,+0013.67,-0002.07,+0000.38,-0011.94
+1580774418.71,+0000.98,+0006.84,+0013.67,-0001.00,-0001.76,-0008.96
+1580774418.72,-0000.98,+0007.81,+0012.70,+0000.77,+0001.30,-0012.94
+1580774418.72,-0003.91,+0007.81,+0012.70,+0001.45,-0001.91,-0010.26
+1580774418.73,+0001.95,+0006.84,+0011.72,-0001.45,-0000.54,-0009.95
+1580774418.73,+0000.00,+0005.86,+0010.74,-0002.76,-0001.45,-0008.19
+1580774418.74,+0000.00,+0006.84,+0009.77,-0003.22,-0000.08,-0010.34
+1580774418.74,+0000.98,+0005.86,+0008.79,-0001.53,-0001.91,-0010.03
+1580774418.75,+0003.91,+0004.88,+0008.79,+0000.00,-0001.07,-0008.88
+1580774418.75,-0000.98,+0004.88,+0007.81,+0000.84,-0000.54,-0010.41
+1580774418.76,+0000.00,+0004.88,+0007.81,-0001.61,-0002.45,-0008.35
+1580774418.76,+0004.88,+0003.91,+0006.84,-0003.45,+0001.76,-0009.80
+1580774418.77,-0002.93,+0003.91,+0005.86,-0002.53,+0000.15,-0008.80
+1580774418.77,-0001.95,+0002.93,+0004.88,-0001.91,-0000.54,-0011.71
+1580774418.78,+0000.98,+0000.98,+0004.88,-0000.15,-0000.23,-0010.72
+1580774418.78,+0000.98,+0001.95,+0003.91,+0001.00,+0000.23,-0007.96
+1580774418.79,-0003.91,+0000.98,+0002.93,-0002.07,-0001.68,-0009.42
+1580774418.79,-0001.95,+0000.00,+0001.95,-0003.60,-0000.38,-0008.42
+1580774418.80,+0000.00,-0000.98,+0001.95,-0003.75,-0000.23,-0009.03
+1580774418.80,-0002.93,+0000.00,+0000.98,-0001.45,+0000.61,-0010.03
+1580774418.81,-0004.88,-0000.98,+0000.00,-0000.23,-0000.15,-0011.10
+1580774418.81,-0002.93,-0001.95,-0000.98,+0002.07,-0000.61,-0011.03
+1580774418.82,-0000.98,-0001.95,-0000.98,-0000.69,+0000.54,-0009.26
+1580774418.82,-0003.91,-0000.98,-0000.98,-0003.29,-0001.30,-0008.80
+1580774418.83,-0005.86,-0000.98,-0000.98,-0001.76,-0000.69,-0009.72
+1580774418.83,-0003.91,-0000.98,-0001.95,-0002.45,-0001.00,-0010.49
+1580774418.84,-0004.88,+0000.00,-0001.95,+0001.07,+0001.45,-0009.80
+1580774418.84,-0005.86,+0000.00,-0001.95,+0001.15,-0000.84,-0011.41
+1580774418.85,-0003.91,+0000.00,-0000.98,-0002.99,-0001.07,-0006.89
+1580774418.85,-0003.91,+0000.98,-0000.98,+0000.31,+0000.15,-0008.73
+1580774418.86,-0009.77,+0001.95,-0001.95,+0001.61,-0002.37,-0011.25
+1580774418.86,-0003.91,+0000.98,-0001.95,-0001.53,-0001.68,-0011.48
+1580774418.87,-0000.98,+0001.95,-0001.95,+0003.75,+0002.14,-0012.79
+1580774418.87,-0006.84,+0003.91,-0000.98,+0002.68,-0001.23,-0009.42
+1580774418.88,-0005.86,+0004.88,+0000.00,-0004.90,-0001.38,-0010.11
+1580774418.88,-0003.91,+0003.91,+0000.00,+0000.00,-0001.45,-0008.96
+1580774418.89,-0002.93,+0005.86,+0000.98,-0001.76,+0000.54,-0008.73
+1580774418.89,-0006.84,+0005.86,+0000.00,+0001.30,-0000.54,-0011.33
+1580774418.90,-0003.91,+0005.86,+0000.00,+0001.38,-0000.77,-0010.87
+1580774418.90,-0000.98,+0006.84,+0000.00,+0000.61,-0000.31,-0011.41
+1580774418.91,-0001.95,+0006.84,+0000.98,-0002.68,-0001.76,-0009.57
+1580774418.91,+0000.00,+0006.84,+0001.95,+0000.84,-0001.23,-0010.03
+1580774418.92,-0003.91,+0007.81,+0001.95,-0001.61,+0002.60,-0013.25
+1580774418.92,-0005.86,+0008.79,+0001.95,+0003.45,-0001.91,-0012.25
+1580774418.93,+0003.91,+0007.81,+0001.95,+0003.14,+0001.91,-0010.11
+1580774418.93,-0000.98,+0008.79,+0001.95,-0003.29,-0000.23,-0008.12
+1580774418.94,-0004.88,+0009.77,+0001.95,+0001.61,-0001.45,-0009.42
+1580774418.94,-0000.98,+0008.79,+0001.95,+0000.38,-0001.15,-0011.56
+1580774418.95,+0001.95,+0008.79,+0002.93,+0001.07,+0000.69,-0009.80
+1580774418.95,-0001.95,+0009.77,+0001.95,+0000.23,+0000.77,-0012.10
+1580774418.96,-0002.93,+0008.79,+0001.95,+0001.23,-0000.46,-0010.72
+1580774418.96,+0000.00,+0007.81,+0002.93,-0001.84,+0000.15,-0010.18
+1580774418.97,+0000.00,+0008.79,+0002.93,-0003.14,+0000.15,-0008.58
+1580774418.97,-0002.93,+0008.79,+0001.95,+0000.23,+0001.00,-0009.88
+1580774418.98,-0002.93,+0007.81,+0002.93,+0002.99,+0000.00,-0010.18
+1580774418.98,-0000.98,+0007.81,+0002.93,+0002.14,-0000.54,-0008.80
+1580774418.99,-0000.98,+0006.84,+0001.95,+0000.46,-0001.07,-0009.72
+1580774418.99,-0001.95,+0005.86,+0001.95,-0001.61,-0000.23,-0009.11
+1580774419.00,-0000.98,+0005.86,+0001.95,-0001.68,-0000.23,-0010.57
+1580774419.00,+0000.00,+0004.88,+0001.95,-0000.23,-0001.53,-0011.18
+1580774419.01,+0000.98,+0004.88,+0000.98,+0001.23,+0000.23,-0010.26
+1580774419.01,+0000.00,+0003.91,+0000.98,+0000.92,-0000.84,-0008.27
+1580774419.02,-0001.95,+0003.91,+0000.98,-0001.45,-0000.84,-0008.35
+1580774419.02,+0000.00,+0002.93,+0000.98,-0002.14,-0001.84,-0009.03
+1580774419.03,+0000.98,+0002.93,+0000.98,-0002.22,-0000.38,-0009.72
+1580774419.03,+0000.00,+0001.95,+0000.98,+0001.53,+0000.38,-0010.95
+1580774419.04,-0000.98,+0001.95,+0000.00,+0000.46,-0000.23,-0010.95
+1580774419.04,+0000.00,+0000.98,+0000.00,-0000.69,-0000.46,-0010.11
+1580774419.05,+0000.98,+0000.98,+0000.00,-0002.07,-0001.00,-0011.94
+1580774419.05,+0000.98,+0000.98,+0000.00,-0000.46,+0000.69,-0013.17
+1580774419.06,+0001.95,+0000.00,+0000.00,+0001.23,-0000.23,-0013.93
+1580774419.06,+0002.93,+0000.00,+0000.00,+0002.22,+0000.54,-0013.32
+1580774419.07,+0004.88,+0000.00,-0000.98,-0001.61,-0001.15,-0010.72
+1580774419.07,+0004.88,+0000.00,-0000.98,-0003.60,-0001.99,-0009.19
+1580774419.08,+0004.88,-0000.98,-0000.98,-0003.29,-0001.53,-0010.18
+1580774419.08,+0006.84,-0000.98,-0000.98,+0000.92,-0000.15,-0010.11
+1580774419.09,+0007.81,-0000.98,-0001.95,+0000.46,-0000.46,-0010.03
+1580774419.09,+0006.84,-0001.95,-0001.95,+0001.30,-0001.23,-0008.88
+1580774419.10,+0007.81,-0001.95,-0001.95,-0001.30,-0000.15,-0007.96
+1580774419.10,+0005.86,-0001.95,-0002.93,-0001.45,+0000.38,-0008.19
+1580774419.11,+0004.88,-0001.95,-0001.95,-0001.07,-0001.23,-0008.80
+1580774419.11,+0003.91,-0002.93,-0002.93,+0000.15,+0001.38,-0009.34
+1580774419.12,+0002.93,-0002.93,-0002.93,+0000.61,-0000.08,-0008.88
+1580774419.12,+0001.95,-0002.93,-0002.93,+0000.61,+0001.00,-0007.73
+1580774419.13,+0000.00,-0003.91,-0002.93,-0001.84,+0000.31,-0007.20
+1580774419.13,-0000.98,-0003.91,-0003.91,-0002.07,-0000.77,-0008.65
+1580774419.14,-0000.98,-0003.91,-0003.91,-0000.31,-0000.15,-0010.34
+1580774419.14,-0001.95,-0002.93,-0003.91,+0000.38,+0000.31,-0011.18
+1580774419.15,-0001.95,-0002.93,-0003.91,+0000.54,-0000.23,-0010.03
+1580774419.15,-0002.93,-0002.93,-0004.88,-0002.53,-0000.77,-0009.19
+1580774419.16,-0001.95,-0002.93,-0004.88,-0003.22,-0000.69,-0008.19
+1580774419.16,-0001.95,-0002.93,-0004.88,-0002.53,-0001.91,-0008.88
+1580774419.17,-0001.95,-0001.95,-0005.86,-0001.99,-0001.38,-0009.42
+1580774419.17,-0001.95,-0002.93,-0006.84,+0000.69,-0001.45,-0010.26
+1580774419.18,-0000.98,-0001.95,-0006.84,+0000.23,-0001.15,-0010.03
+1580774419.18,-0000.98,-0000.98,-0006.84,-0000.84,-0001.00,-0010.72
+1580774419.19,-0001.95,-0000.98,-0005.86,-0002.60,-0001.91,-0011.64
+1580774419.19,+0000.00,-0000.98,-0005.86,-0001.30,-0000.77,-0012.17
+1580774419.20,+0000.98,-0000.98,-0005.86,-0000.31,-0000.61,-0011.41
+1580774419.20,+0000.98,+0000.00,-0006.84,+0001.38,-0000.69,-0009.95
+1580774419.21,+0000.00,+0000.00,-0006.84,-0000.69,-0001.00,-0008.35
+1580774419.21,+0000.98,+0000.98,-0006.84,-0002.68,-0000.77,-0009.34
+1580774419.22,+0000.98,+0000.98,-0006.84,-0001.99,-0000.38,-0010.41
+1580774419.22,+0000.00,+0001.95,-0006.84,+0000.54,+0001.30,-0012.63
+1580774419.23,-0001.95,+0001.95,-0005.86,+0001.38,-0000.84,-0013.86
+1580774419.23,+0000.98,+0000.98,-0005.86,-0000.15,-0001.53,-0011.33
+1580774419.24,+0002.93,+0001.95,-0005.86,+0000.61,+0000.69,-0010.49
+1580774419.24,-0001.95,+0001.95,-0005.86,-0001.15,-0001.84,-0008.73
+1580774419.25,-0001.95,+0002.93,-0005.86,-0003.22,+0000.31,-0011.10
+1580774419.25,-0000.98,+0002.93,-0006.84,+0000.00,+0000.84,-0011.94
+1580774419.26,+0000.00,+0002.93,-0006.84,+0000.00,-0000.23,-0009.65
+1580774419.26,-0002.93,+0003.91,-0006.84,-0001.30,-0000.84,-0009.88
+1580774419.27,-0000.98,+0003.91,-0006.84,+0001.00,-0000.38,-0010.03
+1580774419.27,+0000.00,+0003.91,-0006.84,-0003.98,-0001.30,-0009.88
+1580774419.28,-0000.98,+0003.91,-0006.84,-0000.77,-0000.31,-0010.95
+1580774419.28,-0000.98,+0003.91,-0006.84,-0000.54,+0000.15,-0011.94
+1580774419.29,-0001.95,+0002.93,-0006.84,+0001.38,+0000.38,-0009.80
+1580774419.29,+0000.00,+0003.91,-0006.84,+0000.15,+0000.54,-0012.63
+1580774419.30,+0002.93,+0002.93,-0006.84,-0001.23,+0001.91,-0010.26
+1580774419.30,+0000.00,+0003.91,-0006.84,-0002.83,-0000.77,-0009.49
+1580774419.31,+0002.93,+0002.93,-0006.84,+0000.92,-0003.75,-0007.81
+1580774419.31,+0003.91,+0002.93,-0007.81,+0001.99,+0004.98,-0012.79
+1580774419.32,-0008.79,+0004.88,-0006.84,+0001.84,-0003.52,-0010.64
+1580774419.32,+0002.93,+0002.93,-0005.86,+0000.00,-0003.52,-0008.58
+1580774419.33,+0006.84,+0000.98,-0006.84,-0001.53,+0001.53,-0010.03
+1580774419.33,-0002.93,+0001.95,-0006.84,-0000.84,+0000.00,-0010.87
+1580774419.34,+0000.00,+0000.98,-0007.81,-0002.76,+0000.38,-0019.98
+1580774419.34,+0006.84,-0000.98,-0007.81,+0002.30,-0001.84,-0015.77
+1580774419.35,+0011.72,+0001.95,-0006.84,+0000.31,-0000.15,-0015.62
+1580774419.35,+0005.86,+0000.00,-0006.84,-0000.69,-0004.67,-0011.18
+1580774419.36,+0008.79,+0000.00,-0006.84,-0001.99,-0002.76,-0007.12
+1580774419.36,+0010.74,+0000.00,-0007.81,-0002.91,-0001.15,-0006.05
+1580774419.37,+0006.84,+0000.00,-0007.81,+0000.38,+0000.54,-0005.59
+1580774419.37,+0004.88,-0000.98,-0008.79,+0001.15,-0000.23,-0008.27
+1580774419.38,+0003.91,-0000.98,-0007.81,+0001.91,+0002.30,-0009.42
+1580774419.38,+0000.98,+0000.00,-0007.81,-0002.99,+0000.69,-0010.18
+1580774419.39,-0000.98,-0000.98,-0007.81,+0000.38,+0002.45,-0011.48
+1580774419.39,-0005.86,-0001.95,-0006.84,-0002.45,+0002.14,-0011.03
+1580774419.40,-0006.84,-0000.98,-0006.84,+0001.84,+0002.53,-0010.57
+1580774419.40,-0008.79,-0001.95,-0007.81,+0002.30,+0001.99,-0007.43
+1580774419.41,-0011.72,-0001.95,-0007.81,-0000.92,+0000.61,-0006.89
+1580774419.41,-0012.70,-0002.93,-0007.81,-0000.77,-0000.23,-0008.58
+1580774419.42,-0011.72,-0002.93,-0007.81,-0000.38,-0000.08,-0010.57
+1580774419.42,-0011.72,-0002.93,-0007.81,+0001.30,-0001.30,-0012.40
+1580774419.43,-0008.79,-0002.93,-0007.81,-0000.23,-0003.60,-0007.66
+1580774419.43,-0004.88,-0002.93,-0007.81,-0000.15,-0001.38,-0007.35
+1580774419.44,-0010.74,-0001.95,-0007.81,-0001.99,-0004.29,-0009.88
+1580774419.44,-0003.91,-0001.95,-0006.84,+0000.77,-0002.76,-0011.10
+1580774419.45,+0002.93,-0002.93,-0006.84,-0001.68,-0001.53,-0011.03
+1580774419.45,+0000.00,-0002.93,-0007.81,-0000.54,-0001.91,-0007.96
+1580774419.46,-0000.98,-0002.93,-0007.81,-0002.14,-0002.30,-0011.56
+1580774419.46,+0000.98,-0002.93,-0006.84,-0000.31,-0001.38,-0011.25
+1580774419.47,+0003.91,-0002.93,-0006.84,+0000.46,-0000.23,-0011.41
+1580774419.47,+0000.98,-0002.93,-0005.86,+0001.15,-0000.84,-0008.80
+1580774419.48,+0000.98,-0002.93,-0005.86,+0000.38,-0001.61,-0009.34
+1580774419.48,+0001.95,-0003.91,-0004.88,-0001.91,-0000.61,-0010.11
+1580774419.49,+0001.95,-0003.91,-0004.88,+0000.08,-0000.15,-0010.49
+1580774419.49,+0000.00,-0003.91,-0004.88,+0000.69,+0000.46,-0011.25
+1580774419.50,+0000.00,-0004.88,-0004.88,+0000.92,+0000.23,-0009.49
+1580774419.50,+0000.00,-0004.88,-0004.88,-0000.69,+0000.69,-0009.72
+1580774419.51,-0000.98,-0004.88,-0004.88,-0001.53,-0001.23,-0010.34
+1580774419.51,-0000.98,-0004.88,-0004.88,-0001.30,+0001.38,-0011.56
+1580774419.52,-0002.93,-0003.91,-0003.91,+0001.00,+0000.77,-0011.48
+1580774419.52,-0001.95,-0003.91,-0003.91,-0001.15,-0000.31,-0008.96
+1580774419.53,-0000.98,-0003.91,-0003.91,-0000.84,-0000.08,-0008.80
+1580774419.53,-0001.95,-0002.93,-0004.88,-0002.91,+0000.08,-0008.58
+1580774419.54,-0002.93,-0002.93,-0004.88,-0001.15,+0000.23,-0010.87
+1580774419.54,-0002.93,-0001.95,-0005.86,+0001.84,+0000.46,-0012.10
+1580774419.55,-0000.98,-0001.95,-0005.86,+0000.15,-0000.77,-0011.33
+1580774419.55,+0000.00,-0001.95,-0005.86,+0000.23,+0000.23,-0010.11
+1580774419.56,-0001.95,-0000.98,-0006.84,-0002.99,-0001.68,-0009.26
+1580774419.56,-0000.98,-0001.95,-0005.86,+0000.38,+0001.07,-0012.56
+1580774419.57,-0000.98,-0000.98,-0004.88,-0000.54,-0001.68,-0010.87
+1580774419.57,+0000.98,-0000.98,-0004.88,+0000.61,+0000.92,-0010.03
+1580774419.58,-0000.98,-0000.98,-0004.88,-0001.53,-0001.99,-0009.80
+1580774419.58,+0000.98,-0001.95,-0004.88,-0001.53,-0001.23,-0010.11
+1580774419.59,+0003.91,-0001.95,-0004.88,-0003.22,-0000.84,-0010.64
+1580774419.59,+0001.95,-0001.95,-0005.86,-0000.23,-0000.61,-0008.58
+1580774419.60,+0000.98,-0001.95,-0005.86,+0001.45,+0000.31,-0009.65
+1580774419.60,+0000.00,-0001.95,-0005.86,-0000.31,-0000.77,-0009.26
+1580774419.61,+0001.95,-0002.93,-0005.86,-0001.00,+0000.23,-0010.26
+1580774419.61,+0000.98,-0001.95,-0004.88,-0001.15,-0000.61,-0008.88
+1580774419.62,+0000.00,-0002.93,-0005.86,+0002.99,+0003.06,-0013.17
+1580774419.62,-0001.95,-0002.93,-0005.86,-0003.06,-0002.99,-0007.20
+1580774419.63,+0000.00,-0002.93,-0005.86,-0004.98,-0000.92,-0009.72
+1580774419.63,-0000.98,-0003.91,-0004.88,-0001.68,-0000.77,-0008.04
+1580774419.64,+0001.95,-0002.93,-0005.86,+0000.61,+0001.53,-0008.88
+1580774419.64,-0001.95,-0003.91,-0006.84,-0002.14,+0001.07,-0010.11
+1580774419.65,-0000.98,-0002.93,-0006.84,-0003.37,-0001.30,-0009.57
+1580774419.65,+0002.93,-0003.91,-0006.84,+0000.46,-0002.07,-0010.11
+1580774419.66,+0002.93,-0002.93,-0006.84,-0001.45,-0000.38,-0008.65
+1580774419.66,+0003.91,-0002.93,-0006.84,+0000.23,+0004.98,+0002.30
+1580774419.67,-0002.93,-0000.98,-0007.81,+0006.97,+0017.69,-0013.78
+1580774419.67,-0036.13,+0004.88,-0005.86,-0001.07,-0000.15,-0020.37
+1580774419.68,-0011.72,+0000.98,-0001.95,+0000.84,-0009.72,-0015.93
+1580774419.68,+0012.70,-0002.93,-0001.95,-0003.90,+0006.74,-0009.03
+1580774419.69,-0012.70,+0000.00,-0004.88,+0003.45,+0001.61,-0002.53
+1580774419.69,-0023.44,+0002.93,-0006.84,-0007.27,-0001.91,-0012.33
+1580774419.70,-0007.81,-0003.91,-0006.84,+0000.92,-0001.76,-0009.95
+1580774419.70,+0003.91,-0000.98,-0005.86,+0001.53,+0002.37,-0005.51
+1580774419.71,-0008.79,+0002.93,-0004.88,+0002.37,+0000.77,-0008.42
+1580774419.71,-0012.70,+0000.98,-0003.91,-0001.45,-0004.98,-0009.65
+1580774419.72,+0001.95,+0000.00,-0002.93,+0000.08,-0001.84,-0012.33
+1580774419.72,+0004.88,+0002.93,-0002.93,+0000.08,-0001.38,-0006.51
+1580774419.73,+0000.00,+0000.98,-0003.91,-0000.84,-0001.07,-0006.35
+1580774419.73,+0000.00,+0000.00,-0003.91,+0001.15,-0002.45,-0011.18
+1580774419.74,+0006.84,+0000.98,-0003.91,-0000.38,-0001.45,-0010.03
+1580774419.74,+0006.84,+0000.98,-0002.93,+0001.15,+0000.84,-0010.49
+1580774419.75,+0000.00,+0000.98,-0001.95,+0000.61,+0000.08,-0009.03
+1580774419.75,+0001.95,+0000.98,-0000.98,-0000.61,-0001.07,-0012.17
+1580774419.76,+0004.88,+0000.98,+0000.00,-0000.61,-0000.23,-0009.19
+1580774419.76,+0001.95,+0000.00,-0000.98,+0002.22,+0000.61,-0008.88
+1580774419.77,-0001.95,+0000.00,-0000.98,+0000.00,+0000.23,-0008.27
+1580774419.77,-0000.98,-0000.98,+0000.00,-0002.22,-0004.67,-0005.36
+1580774419.78,+0004.88,-0001.95,+0000.00,-0000.61,+0001.99,-0008.58
+1580774419.78,-0005.86,+0000.00,+0000.00,+0000.61,+0003.98,-0013.09
+1580774419.79,-0008.79,+0000.00,+0000.00,-0000.84,-0004.06,-0010.49
+1580774419.79,+0003.91,-0001.95,+0000.00,-0001.53,+0000.15,-0009.65
+1580774419.80,+0000.00,-0001.95,+0000.00,-0000.15,+0000.31,-0008.65
+1580774419.80,-0007.81,+0000.98,+0000.98,-0000.61,+0000.84,-0008.96
+1580774419.81,-0004.88,-0000.98,+0000.98,+0001.07,-0002.30,-0011.10
+1580774419.81,+0001.95,-0000.98,+0001.95,+0000.15,-0000.23,-0006.43
+1580774419.82,-0002.93,+0000.00,+0000.98,-0001.07,+0000.77,-0007.66
+1580774419.82,-0006.84,+0000.00,+0000.98,-0000.31,-0001.76,-0012.10
+1580774419.83,-0001.95,-0000.98,+0000.98,+0000.77,+0000.15,-0015.01
+1580774419.83,+0000.00,-0000.98,+0000.98,-0000.08,+0000.31,-0010.72
+1580774419.84,-0002.93,-0000.98,+0000.98,+0000.46,+0000.15,-0010.72
+1580774419.84,-0003.91,-0000.98,+0000.98,-0000.77,-0001.00,-0011.64
+1580774419.85,+0000.00,-0000.98,+0000.98,-0000.08,-0000.38,-0012.40
+1580774419.85,+0000.00,-0000.98,+0000.98,-0000.61,-0000.92,-0010.72
+1580774419.86,-0000.98,-0001.95,+0000.00,-0001.99,-0000.92,-0009.03
+1580774419.86,-0000.98,-0002.93,+0000.00,-0000.38,-0001.07,-0010.49
+1580774419.87,+0000.98,-0002.93,+0000.00,-0000.92,-0000.23,-0011.25
+1580774419.87,+0001.95,-0002.93,+0000.00,+0000.15,-0001.00,-0010.80
+1580774419.88,+0001.95,-0002.93,+0000.00,-0000.69,-0000.69,-0010.26
+1580774419.88,+0002.93,-0003.91,+0000.00,-0001.00,-0001.68,-0010.26
+1580774419.89,+0003.91,-0003.91,+0000.00,-0002.22,+0000.15,-0010.95
+1580774419.89,+0003.91,-0004.88,+0000.00,+0001.23,-0000.46,-0011.87
+1580774419.90,+0003.91,-0004.88,+0000.00,-0001.07,-0001.91,-0009.26
+1580774419.90,+0007.81,-0006.84,+0000.00,-0001.53,-0001.53,-0005.97
+1580774419.91,+0002.93,-0004.88,-0000.98,-0000.92,+0003.37,-0009.95
+1580774419.91,-0003.91,-0004.88,-0000.98,+0001.30,-0002.45,-0013.25
+1580774419.92,+0006.84,-0005.86,-0001.95,-0001.07,-0001.07,-0011.94
+1580774419.92,+0008.79,-0007.81,-0001.95,+0001.00,+0000.69,-0009.03
+1580774419.93,+0000.98,-0005.86,-0002.93,-0000.61,+0000.23,-0008.50
+1580774419.93,-0003.91,-0005.86,-0002.93,-0002.60,-0001.07,-0011.18
+1580774419.94,+0002.93,-0007.81,-0002.93,+0000.61,-0000.84,-0009.65
+1580774419.94,+0004.88,-0006.84,-0002.93,+0000.23,+0000.69,-0006.35
+1580774419.95,-0002.93,-0005.86,-0002.93,-0001.00,-0000.38,-0008.50
+1580774419.95,-0003.91,-0005.86,-0002.93,-0000.92,-0001.07,-0010.72
+1580774419.96,+0001.95,-0005.86,-0002.93,-0000.77,-0000.23,-0011.64
+1580774419.96,+0002.93,-0005.86,-0002.93,+0000.77,+0000.84,-0008.50
+1580774419.97,-0001.95,-0004.88,-0002.93,+0000.00,-0000.38,-0008.88
+1580774419.97,-0003.91,-0004.88,-0002.93,-0000.31,-0002.14,-0009.65
+1580774419.98,+0000.00,-0003.91,-0002.93,-0002.14,-0000.38,-0010.49
+1580774419.98,+0000.00,-0002.93,-0002.93,+0000.92,+0000.15,-0011.03
+1580774419.99,-0003.91,-0002.93,-0002.93,+0000.46,-0000.61,-0009.42
+1580774419.99,-0001.95,-0001.95,-0002.93,+0000.54,-0002.60,-0009.57
+1580774420.00,+0001.95,-0001.95,-0001.95,-0000.84,-0000.84,-0009.19
+1580774420.00,+0000.98,-0000.98,-0001.95,-0000.38,+0000.38,-0009.34
+1580774420.01,-0004.88,+0000.98,-0001.95,+0002.30,-0000.54,-0010.95
+1580774420.01,+0000.00,+0000.98,-0000.98,+0001.23,-0002.53,-0012.56
+1580774420.02,+0004.88,+0000.00,+0000.00,-0000.92,-0001.45,-0004.67
+1580774420.02,+0001.95,+0001.95,+0000.00,-0000.38,+0001.45,-0010.18
+1580774420.03,-0005.86,+0002.93,+0000.00,-0001.76,+0000.84,-0014.01
+1580774420.03,-0001.95,+0002.93,+0000.00,+0000.00,-0000.69,-0010.64
+1580774420.04,+0004.88,+0002.93,+0000.98,+0002.30,+0001.53,-0011.87
+1580774420.04,-0002.93,+0003.91,+0000.00,-0001.45,-0000.69,-0008.42
+1580774420.05,-0004.88,+0004.88,+0000.98,+0001.07,-0001.38,-0010.11
+1580774420.05,-0000.98,+0003.91,+0000.98,+0001.99,+0000.54,-0011.10
+1580774420.06,-0000.98,+0004.88,+0001.95,+0000.92,+0000.31,-0009.26
+1580774420.06,-0002.93,+0004.88,+0001.95,-0001.00,-0000.92,-0008.04
+1580774420.07,-0002.93,+0004.88,+0001.95,-0002.53,-0000.38,-0010.34
+1580774420.07,-0001.95,+0004.88,+0001.95,+0000.84,-0000.08,-0011.25
+1580774420.08,-0002.93,+0005.86,+0001.95,-0000.69,-0000.54,-0010.80
+1580774420.08,-0001.95,+0005.86,+0001.95,+0000.46,-0000.31,-0010.95
+1580774420.09,-0000.98,+0005.86,+0001.95,-0001.30,-0001.00,-0009.88
+1580774420.09,-0000.98,+0005.86,+0001.95,+0000.31,-0000.31,-0010.57
+1580774420.10,-0000.98,+0006.84,+0001.95,-0001.15,-0002.22,-0010.11
+1580774420.10,+0001.95,+0005.86,+0001.95,+0002.68,+0001.45,-0009.34
+1580774420.11,-0002.93,+0006.84,+0001.95,-0002.45,-0000.23,-0011.18
+1580774420.11,-0003.91,+0006.84,+0000.98,+0000.15,-0002.60,-0010.87
+1580774420.12,+0003.91,+0004.88,+0001.95,-0003.52,-0000.77,-0011.33
+1580774420.12,+0001.95,+0003.91,+0001.95,-0000.46,-0000.23,-0009.80
+1580774420.13,-0002.93,+0004.88,+0000.98,+0000.31,+0000.15,-0010.26
+1580774420.13,+0000.00,+0003.91,+0000.00,-0001.45,-0002.37,-0010.80
+1580774420.14,+0004.88,+0001.95,+0000.00,-0000.61,+0000.00,-0009.57
+1580774420.14,+0004.88,+0002.93,+0000.00,-0001.15,+0000.69,-0009.42
+1580774420.15,+0000.00,+0001.95,+0000.00,+0001.38,-0001.07,-0010.03
+1580774420.15,+0002.93,+0000.98,+0000.00,+0001.45,-0002.14,-0009.72
+1580774420.16,+0005.86,+0000.98,+0000.00,-0001.23,-0000.08,-0007.66
+1580774420.16,+0002.93,+0000.98,+0000.00,-0002.22,+0000.61,-0010.26
+1580774420.17,+0000.98,-0000.98,+0000.00,+0001.53,+0000.31,-0013.48
+1580774420.17,+0003.91,-0000.98,+0000.00,+0000.46,+0000.84,-0008.65
+1580774420.18,+0002.93,-0000.98,-0000.98,-0000.08,+0001.00,-0010.57
+1580774420.18,-0002.93,-0000.98,+0000.00,-0002.91,-0001.00,-0009.19
+1580774420.19,+0000.00,-0001.95,+0000.00,-0000.38,-0001.53,-0010.64
+1580774420.19,+0002.93,-0003.91,+0000.00,+0002.91,+0002.37,-0010.26
+1580774420.20,-0001.95,-0002.93,-0000.98,+0000.54,+0001.00,-0009.57
+1580774420.20,-0005.86,-0003.91,-0001.95,+0000.54,-0000.61,-0010.41
+1580774420.21,-0000.98,-0003.91,-0000.98,-0003.29,-0000.77,-0009.57
+1580774420.21,+0001.95,-0004.88,-0001.95,+0000.15,+0000.61,-0009.26
+1580774420.22,-0002.93,-0003.91,-0001.95,+0000.46,+0000.92,-0009.19
+1580774420.22,-0006.84,-0004.88,-0002.93,+0001.07,+0001.00,-0009.72
+1580774420.23,-0003.91,-0004.88,-0001.95,-0002.53,-0001.30,-0008.04
+1580774420.23,+0000.00,-0005.86,-0000.98,+0000.08,+0000.84,-0009.65
+1580774420.24,-0004.88,-0004.88,-0001.95,-0001.23,+0001.45,-0009.65
+1580774420.24,-0007.81,-0004.88,-0001.95,-0000.92,-0000.23,-0010.41
+1580774420.25,-0004.88,-0004.88,-0001.95,-0000.77,-0000.38,-0009.19
+1580774420.25,-0003.91,-0005.86,-0001.95,-0001.84,+0000.15,-0010.11
+1580774420.26,-0006.84,-0005.86,-0001.95,-0001.38,+0000.61,-0011.48
+1580774420.26,-0006.84,-0005.86,-0001.95,+0000.15,-0000.54,-0010.80
+1580774420.27,-0002.93,-0005.86,-0001.95,-0000.84,-0000.77,-0008.65
+1580774420.27,-0003.91,-0005.86,-0002.93,+0000.69,-0000.46,-0009.03
+1580774420.28,-0005.86,-0005.86,-0002.93,-0001.76,-0000.23,-0008.42
+1580774420.28,-0004.88,-0004.88,-0001.95,-0000.23,-0000.92,-0010.95
+1580774420.29,-0001.95,-0005.86,-0000.98,-0000.31,-0000.38,-0008.58
+1580774420.29,-0002.93,-0003.91,-0000.98,-0001.15,-0000.54,-0009.34
+1580774420.30,-0004.88,-0004.88,-0001.95,+0001.99,-0001.15,-0012.02
+1580774420.30,-0004.88,-0003.91,-0000.98,-0000.61,-0000.46,-0010.26
+1580774420.31,-0001.95,-0004.88,-0000.98,-0000.08,+0000.00,-0008.65
+1580774420.31,-0001.95,-0003.91,-0001.95,-0001.00,-0001.23,-0009.49
+1580774420.32,-0003.91,-0003.91,-0001.95,+0001.61,-0001.53,-0011.48
+1580774420.32,-0001.95,-0003.91,-0000.98,+0000.46,-0001.68,-0011.18
+1580774420.33,+0000.98,-0003.91,+0000.00,+0000.08,-0000.69,-0009.19
+1580774420.33,+0001.95,-0003.91,+0000.00,-0003.37,+0001.15,-0006.12
+1580774420.34,-0000.98,-0001.95,-0000.98,+0002.30,+0002.83,-0011.10
+1580774420.34,-0007.81,-0001.95,-0000.98,-0002.37,-0000.23,-0012.63
+1580774420.35,+0000.00,-0001.95,+0000.00,+0002.60,-0002.07,-0010.18
+1580774420.35,+0002.93,-0002.93,+0000.00,+0000.77,+0000.46,-0011.94
+1580774420.36,-0002.93,-0000.98,+0000.00,-0002.45,-0001.53,-0006.05
+1580774420.36,-0003.91,-0000.98,-0000.98,+0001.68,+0001.99,-0010.80
+1580774420.37,-0004.88,-0000.98,+0000.00,+0001.91,-0000.77,-0010.57
+1580774420.37,+0000.00,+0000.98,+0000.98,-0001.91,+0000.84,-0009.72
+1580774420.38,-0002.93,+0000.00,+0000.98,-0000.92,+0000.92,-0011.87
+1580774420.38,-0004.88,+0000.98,+0000.98,-0000.15,-0001.15,-0009.57
+1580774420.39,-0001.95,+0000.98,+0000.00,+0001.84,-0000.92,-0008.58
+1580774420.39,-0001.95,+0000.98,+0000.00,-0001.53,+0001.30,-0008.88
+1580774420.40,-0004.88,+0001.95,+0000.00,+0000.31,+0000.15,-0011.56
+1580774420.40,-0003.91,+0001.95,+0000.98,+0001.68,-0000.54,-0012.25
+1580774420.41,+0000.98,+0001.95,+0000.98,-0001.45,+0000.00,-0012.71
+1580774420.41,-0000.98,+0001.95,+0000.98,+0000.23,-0000.69,-0009.88
+1580774420.42,-0001.95,+0001.95,+0000.98,-0002.76,-0001.99,-0009.49
+1580774420.42,+0000.00,+0000.98,+0000.00,-0000.15,-0001.23,-0010.49
+1580774420.43,+0001.95,+0000.98,+0000.00,-0000.08,+0000.15,-0009.26
+1580774420.43,+0000.00,+0000.98,-0000.98,+0000.15,-0000.38,-0008.12
+1580774420.44,+0000.00,+0000.98,+0000.00,-0001.00,-0000.23,-0010.72
+1580774420.44,+0000.98,+0001.95,+0000.00,+0000.69,-0001.00,-0011.48
+1580774420.45,+0000.00,+0001.95,+0000.98,+0000.46,-0000.38,-0010.87
+1580774420.45,+0000.98,+0001.95,+0000.98,+0000.61,+0000.08,-0011.25
+1580774420.46,+0000.98,+0000.98,+0000.98,-0000.92,-0001.38,-0009.11
+1580774420.46,+0000.98,+0000.98,+0000.98,-0001.07,-0000.54,-0008.80
+1580774420.47,-0001.95,+0000.98,+0000.98,-0000.31,+0000.38,-0007.73
+1580774420.47,-0001.95,+0000.00,+0000.98,+0001.00,+0000.23,-0011.03
+1580774420.48,-0000.98,+0000.00,+0000.98,-0001.23,+0000.38,-0010.64
+1580774420.48,-0001.95,+0000.00,+0000.98,+0000.54,-0001.00,-0011.87
+1580774420.49,-0000.98,+0000.00,+0000.98,-0000.69,-0000.08,-0013.86
+1580774420.49,-0000.98,-0000.98,+0000.98,+0000.00,-0000.54,-0010.41
+1580774420.50,+0000.00,-0000.98,+0000.98,-0001.38,-0000.54,-0009.57
+1580774420.50,+0000.98,-0000.98,+0000.98,-0000.92,-0003.83,-0007.27
+1580774420.51,+0001.95,-0000.98,+0000.00,+0000.61,+0001.99,-0009.03
+1580774420.51,-0002.93,-0000.98,+0000.00,+0001.45,-0001.30,-0010.57
+1580774420.52,+0000.00,-0000.98,+0001.95,-0001.76,-0004.06,-0008.88
+1580774420.52,+0006.84,-0001.95,+0001.95,-0001.61,-0001.15,-0010.95
+1580774420.53,+0003.91,-0001.95,+0000.98,+0000.92,+0001.15,-0007.27
+1580774420.53,+0000.00,-0000.98,+0000.98,+0001.38,+0001.15,-0009.65
+1580774420.54,-0003.91,-0001.95,+0000.98,+0000.46,-0000.69,-0010.11
+1580774420.54,+0001.95,-0000.98,+0001.95,-0001.23,-0000.38,-0009.49
+1580774420.55,+0002.93,-0002.93,+0001.95,+0002.60,-0000.38,-0008.73
+1580774420.55,-0001.95,-0001.95,+0001.95,-0000.08,+0000.00,-0007.12
+1580774420.56,-0002.93,-0002.93,+0001.95,+0000.77,-0000.08,-0009.57
+1580774420.56,-0001.95,-0002.93,+0001.95,-0001.00,-0000.92,-0009.88
+1580774420.57,+0000.98,-0002.93,+0001.95,+0000.54,-0000.23,-0010.03
+1580774420.57,-0003.91,-0002.93,+0002.93,+0001.00,+0000.08,-0010.18
+1580774420.58,-0003.91,-0002.93,+0002.93,+0000.92,-0001.30,-0009.19
+1580774420.58,-0001.95,-0001.95,+0003.91,-0001.91,-0001.23,-0008.80
+1580774420.59,-0001.95,-0001.95,+0003.91,+0000.69,-0001.23,-0009.42
+1580774420.59,-0001.95,-0001.95,+0003.91,-0001.15,-0000.69,-0009.80
+1580774420.60,-0002.93,-0001.95,+0002.93,+0000.92,+0000.15,-0011.18
+1580774420.60,-0004.88,-0000.98,+0003.91,-0000.08,-0001.84,-0009.95
+1580774420.61,-0001.95,-0000.98,+0004.88,+0000.61,-0001.84,-0011.87
+1580774420.61,+0000.00,-0000.98,+0005.86,+0001.68,-0001.23,-0011.25
+1580774420.62,+0000.98,+0000.00,+0006.84,+0001.15,-0000.61,-0009.26
+1580774420.62,-0001.95,+0000.98,+0006.84,+0001.23,+0001.61,-0009.72
+1580774420.63,-0005.86,+0002.93,+0006.84,-0000.15,-0000.84,-0011.87
+1580774420.63,-0000.98,+0001.95,+0006.84,-0000.77,-0006.12,-0009.03
+1580774420.64,+0008.79,+0001.95,+0005.86,-0000.31,+0002.07,-0007.43
+1580774420.64,-0003.91,+0003.91,+0005.86,+0001.99,+0003.68,-0008.42
+1580774420.65,-0010.74,+0005.86,+0006.84,-0002.76,-0004.59,-0011.41
+1580774420.65,+0004.88,+0003.91,+0007.81,-0000.92,-0002.30,-0010.41
+1580774420.66,+0006.84,+0004.88,+0007.81,+0000.84,+0001.15,-0007.50
+1580774420.66,-0006.84,+0007.81,+0006.84,+0002.76,+0004.29,-0011.71
+1580774420.67,-0008.79,+0007.81,+0007.81,+0002.60,-0001.68,-0013.02
+1580774420.67,+0003.91,+0006.84,+0009.77,+0000.38,-0001.38,-0009.42
+1580774420.68,+0000.98,+0008.79,+0009.77,-0002.68,+0001.45,-0006.81
+1580774420.68,-0006.84,+0008.79,+0008.79,-0001.23,-0001.30,-0011.33
+1580774420.69,-0003.91,+0006.84,+0007.81,+0001.53,-0001.23,-0011.87
+1580774420.69,+0001.95,+0007.81,+0007.81,+0000.61,-0000.23,-0009.72
+1580774420.70,-0000.98,+0007.81,+0007.81,-0001.76,+0001.53,-0008.73
+1580774420.70,-0002.93,+0006.84,+0007.81,-0002.22,-0001.91,-0009.88
+1580774420.71,+0000.98,+0006.84,+0008.79,+0002.22,+0001.61,-0010.64
+1580774420.71,-0001.95,+0007.81,+0008.79,+0001.15,+0001.00,-0011.41
+1580774420.72,-0002.93,+0007.81,+0007.81,-0000.46,-0001.23,-0011.64
+1580774420.72,+0000.00,+0005.86,+0006.84,-0001.53,-0002.60,-0012.56
+1580774420.73,+0008.79,+0004.88,+0006.84,-0000.54,-0004.44,-0004.06
+1580774420.73,+0005.86,+0004.88,+0005.86,+0001.23,+0005.59,-0006.20
+1580774420.74,-0016.60,+0006.84,+0004.88,+0001.00,-0004.75,-0013.70
+1580774420.74,-0001.95,+0006.84,+0006.84,-0000.92,-0003.60,-0013.93
+1580774420.75,+0013.67,+0003.91,+0007.81,-0004.21,+0001.53,-0013.32
+1580774420.75,+0000.98,+0003.91,+0005.86,+0001.38,+0000.69,-0007.20
+1580774420.76,-0005.86,+0003.91,+0002.93,-0000.84,-0000.38,-0012.25
+1580774420.76,-0000.98,+0001.95,+0003.91,+0000.15,-0001.91,-0009.42
+1580774420.77,+0005.86,+0003.91,+0003.91,+0000.15,-0001.07,-0010.11
+1580774420.77,+0003.91,+0001.95,+0003.91,+0001.15,-0000.31,-0008.50
+1580774420.78,+0000.00,+0001.95,+0003.91,-0000.69,+0000.38,-0009.72
+1580774420.78,-0001.95,+0001.95,+0003.91,+0000.92,-0000.15,-0010.87
+1580774420.79,+0003.91,+0001.95,+0003.91,-0000.77,-0001.84,-0009.11
+1580774420.79,+0001.95,+0000.00,+0002.93,-0000.31,+0001.23,-0008.50
+1580774420.80,-0002.93,+0000.98,+0001.95,-0000.23,-0000.23,-0007.27
+1580774420.80,-0000.98,+0000.00,+0001.95,+0001.38,-0001.23,-0009.80
+1580774420.81,+0001.95,-0000.98,+0001.95,-0002.14,+0001.61,-0007.12
+1580774420.81,-0000.98,-0000.98,+0001.95,-0000.77,+0001.38,-0010.72
+1580774420.82,-0006.84,+0000.00,+0000.98,-0001.23,+0000.15,-0014.01
+1580774420.82,-0001.95,-0000.98,+0001.95,+0002.37,-0001.23,-0014.24
+1580774420.83,+0000.98,-0000.98,+0001.95,+0001.15,+0000.08,-0008.42
+1580774420.83,-0004.88,-0000.98,+0001.95,-0001.99,-0000.23,-0007.73
+1580774420.84,-0004.88,-0000.98,+0000.98,-0001.99,-0001.30,-0009.19
+1580774420.84,-0001.95,-0001.95,+0000.00,+0001.15,-0001.00,-0011.48
+1580774420.85,+0000.98,-0001.95,+0000.00,-0000.31,-0000.31,-0008.80
+1580774420.85,-0002.93,-0000.98,+0000.00,-0000.23,-0000.31,-0010.80
+1580774420.86,-0003.91,-0001.95,+0000.00,-0002.76,-0001.84,-0011.79
+1580774420.86,+0001.95,-0000.98,+0000.98,-0000.38,-0000.61,-0012.17
+1580774420.87,+0001.95,-0000.98,+0000.98,+0001.30,-0001.38,-0009.11
+1580774420.87,+0002.93,-0001.95,+0000.00,-0001.23,-0001.53,-0007.12
+1580774420.88,+0000.98,-0001.95,-0001.95,-0002.22,+0000.92,-0006.74
+1580774420.88,-0004.88,-0001.95,-0001.95,+0001.53,-0000.77,-0005.44
+1580774420.89,-0003.91,-0001.95,-0001.95,-0000.31,-0000.84,-0003.22
+1580774420.89,-0003.91,-0001.95,-0000.98,+0001.23,+0000.38,-0001.68
+1580774420.90,-0007.81,-0002.93,-0000.98,+0001.30,+0002.83,-0010.18
+1580774420.90,-0009.77,-0001.95,+0000.00,-0001.38,+0000.23,-0016.61
+1580774420.91,-0006.84,-0001.95,+0000.00,+0001.99,+0000.00,-0018.68
+1580774420.91,-0007.81,-0000.98,+0000.00,-0000.08,-0001.00,-0007.20
+1580774420.92,-0007.81,-0001.95,+0000.00,+0000.38,+0000.77,-0009.03
+1580774420.92,-0013.67,+0000.00,+0000.00,-0002.91,+0001.61,-0010.26
+1580774420.93,-0011.72,+0000.98,+0000.98,+0000.46,-0001.61,-0010.18
+1580774420.93,-0002.93,+0000.00,+0000.98,-0000.31,-0001.68,-0009.72
+1580774420.94,-0001.95,+0000.00,-0000.98,+0000.23,-0000.15,-0008.19
+1580774420.94,-0006.84,+0001.95,-0001.95,-0000.92,-0001.15,-0011.87
+1580774420.95,-0001.95,+0001.95,-0000.98,+0000.31,-0002.22,-0010.72
+1580774420.95,+0004.88,+0002.93,-0000.98,+0000.69,+0003.90,-0013.93
+1580774420.96,-0005.86,+0005.86,+0000.00,+0002.83,+0000.23,-0015.31
+1580774420.96,-0000.98,+0005.86,+0000.98,-0001.91,-0003.75,-0011.94
+1580774420.97,+0006.84,+0005.86,+0001.95,-0002.30,+0000.31,-0011.03
+1580774420.97,+0002.93,+0006.84,+0001.95,+0001.68,+0000.69,-0008.88
+1580774420.98,+0000.00,+0007.81,+0000.98,-0002.07,-0000.38,-0010.11
+1580774420.98,+0002.93,+0004.88,+0000.98,-0000.08,-0000.61,-0007.81
+1580774420.99,+0005.86,+0005.86,+0000.98,-0000.92,+0001.84,-0009.95
+1580774420.99,+0000.98,+0005.86,+0000.98,+0000.69,-0000.08,-0010.26
+1580774421.00,+0000.00,+0006.84,+0001.95,+0001.99,+0000.15,-0009.11
+1580774421.00,+0001.95,+0005.86,+0002.93,+0001.61,+0000.23,-0010.80
+1580774421.00,+0001.95,+0006.84,+0002.93,-0001.61,+0000.54,-0006.20
+1580774421.01,-0001.95,+0007.81,+0003.91,+0001.38,+0001.15,-0009.57
+1580774421.01,-0000.98,+0006.84,+0003.91,+0001.99,+0001.00,-0010.57
+1580774421.02,+0000.98,+0007.81,+0003.91,-0001.38,+0000.38,-0008.42
+1580774421.02,-0001.95,+0006.84,+0002.93,-0000.38,+0001.38,-0010.49
+1580774421.03,-0003.91,+0007.81,+0002.93,-0000.84,-0001.38,-0012.17
+1580774421.03,+0000.00,+0006.84,+0002.93,+0001.00,-0000.61,-0011.25
+1580774421.04,+0000.98,+0007.81,+0002.93,-0000.77,+0000.08,-0009.42
+1580774421.04,+0000.98,+0008.79,+0002.93,-0000.15,-0001.07,-0011.18
+1580774421.05,+0000.98,+0007.81,+0002.93,+0001.07,-0002.45,-0014.01
+1580774421.05,+0004.88,+0007.81,+0002.93,-0001.15,-0006.35,-0006.51
+1580774421.06,+0012.70,+0006.84,+0001.95,-0000.31,+0000.84,-0000.69
+1580774421.06,-0004.88,+0008.79,+0000.00,+0001.53,+0006.66,-0009.80
+1580774421.07,-0009.77,+0008.79,+0001.95,+0001.38,-0003.98,-0016.08
+1580774421.07,+0013.67,+0007.81,+0003.91,-0001.84,+0000.31,-0015.39
+1580774421.08,+0008.79,+0005.86,+0003.91,+0002.53,+0001.84,-0008.88
+1580774421.08,-0002.93,+0007.81,+0001.95,-0002.60,-0001.53,-0014.39
+1580774421.09,-0001.95,+0005.86,+0001.95,+0000.15,-0004.29,-0012.94
+1580774421.09,+0009.77,+0004.88,+0001.95,+0000.69,-0000.31,-0007.12
+1580774421.10,+0004.88,+0005.86,+0001.95,+0000.77,+0001.30,-0005.36
+1580774421.10,-0003.91,+0004.88,+0000.98,-0000.46,-0001.61,-0007.89
+1580774421.11,+0000.00,+0002.93,+0001.95,-0000.77,-0001.45,-0010.03
+1580774421.11,+0003.91,+0002.93,+0001.95,+0000.46,-0000.15,-0008.12
+1580774421.12,+0001.95,+0002.93,+0000.98,-0000.61,-0000.69,-0010.26
+1580774421.12,-0001.95,+0000.98,+0000.00,-0000.54,-0001.45,-0010.57
+1580774421.13,+0000.00,+0000.00,+0000.00,-0001.76,-0001.61,-0013.02
+1580774421.13,+0006.84,-0000.98,+0000.00,-0001.23,-0003.98,-0011.71
+1580774421.14,+0012.70,-0002.93,-0000.98,+0002.53,+0007.89,-0008.73
+1580774421.14,-0011.72,-0000.98,-0002.93,-0001.15,+0002.45,-0015.39
+1580774421.15,-0012.70,-0000.98,-0001.95,-0000.84,-0007.04,-0011.33
+1580774421.15,+0011.72,-0002.93,-0000.98,-0002.14,-0001.53,-0008.04
+1580774421.16,+0006.84,-0004.88,-0001.95,+0003.75,+0003.22,-0003.14
+1580774421.16,-0010.74,-0002.93,-0003.91,-0001.99,+0001.45,-0005.21
+1580774421.17,-0010.74,-0005.86,-0003.91,-0002.60,-0005.05,-0009.34
+1580774421.17,+0004.88,-0005.86,-0002.93,-0002.37,+0001.00,-0011.48
+1580774421.18,+0000.98,-0005.86,-0003.91,+0000.69,+0002.53,-0009.42
+1580774421.18,-0009.77,-0005.86,-0005.86,+0000.38,+0000.15,-0012.48
+1580774421.19,-0004.88,-0008.79,-0005.86,-0000.61,-0003.98,-0011.94
+1580774421.19,+0005.86,-0007.81,-0004.88,-0002.45,-0000.31,-0009.11
+1580774421.20,-0000.98,-0007.81,-0006.84,-0001.30,+0000.69,-0007.89
+1580774421.20,-0007.81,-0008.79,-0007.81,-0001.84,-0001.53,-0007.73
+1580774421.21,-0001.95,-0009.77,-0007.81,-0001.61,-0000.69,-0008.12
+1580774421.21,+0001.95,-0009.77,-0007.81,-0000.77,-0001.38,-0012.02
+1580774421.22,+0001.95,-0010.74,-0007.81,-0004.13,-0003.75,-0011.79
+1580774421.22,+0016.60,-0013.67,-0008.79,-0000.92,-0011.48,+0009.72
+1580774421.23,+0028.32,-0012.70,-0010.74,-0000.38,+0012.79,-0001.53
+1580774421.23,-0016.60,-0007.81,-0013.67,-0001.23,+0003.68,-0023.89
+1580774421.24,-0007.81,-0008.79,-0009.77,+0001.99,-0011.48,-0013.40
+1580774421.24,+0031.25,-0009.77,-0008.79,-0003.75,+0001.61,-0008.80
+1580774421.25,+0015.62,-0010.74,-0010.74,+0008.27,+0002.07,-0002.14
+1580774421.25,-0007.81,-0003.91,-0011.72,-0002.68,+0000.77,-0003.29
+1580774421.26,-0007.81,-0009.77,-0010.74,+0005.90,-0002.68,-0012.17
+1580774421.26,+0010.74,-0005.86,-0009.77,-0005.51,-0001.61,-0007.27
+1580774421.27,+0010.74,-0007.81,-0011.72,-0003.14,+0006.05,-0007.73
+1580774421.27,-0007.81,-0004.88,-0012.70,-0000.92,+0000.31,-0004.52
+1580774421.28,-0008.79,-0003.91,-0012.70,+0000.31,-0000.61,-0018.45
+1580774421.28,+0001.95,-0002.93,-0010.74,+0001.61,-0003.45,-0010.64
+1580774421.29,+0006.84,-0000.98,-0010.74,-0001.30,+0002.07,-0008.04
+1580774421.29,-0005.86,+0000.98,-0010.74,-0001.99,+0002.53,-0009.03
