+1581210594.89,-0003.91,-0006.84,-0001.95,-0003.52,-0001.84,-0007.12
+1581210594.90,-0006.84,-0006.84,-0000.98,-0005.44,-0001.45,-0008.73
+1581210594.90,-0007.81,-0005.86,+0000.00,-0005.90,-0002.45,-0012.02
+1581210594.91,-0004.88,-0006.84,-0000.98,-0001.53,-0003.75,-0011.33
+1581210594.91,-0001.95,-0006.84,-0000.98,-0001.45,-0000.23,-0013.17
+1581210594.92,-0005.86,-0005.86,-0000.98,+0002.60,-0002.22,-0013.63
+1581210594.92,-0004.88,-0005.86,-0001.95,+0005.74,-0004.59,-0012.71
+1581210594.93,+0000.00,-0006.84,-0001.95,+0006.97,-0003.75,-0013.32
+1581210594.93,+0000.98,-0005.86,-0001.95,+0006.28,-0004.21,-0008.73
+1581210594.94,-0003.91,-0006.84,-0001.95,+0004.44,-0003.68,-0009.34
+1581210594.94,-0003.91,-0007.81,-0002.93,+0003.52,-0003.90,-0009.65
+1581210594.95,-0001.95,-0007.81,-0002.93,+0003.37,-0003.68,-0007.73
+1581210594.95,-0002.93,-0007.81,-0001.95,+0000.77,-0003.06,-0009.88
+1581210594.96,-0003.91,-0007.81,-0000.98,-0001.45,-0002.30,-0011.10
+1581210594.96,-0001.95,-0007.81,-0000.98,-0001.38,-0003.98,-0007.66
+1581210594.97,-0001.95,-0008.79,-0001.95,-0001.61,-0001.30,-0010.03
+1581210594.97,-0004.88,-0008.79,-0002.93,-0002.07,-0003.06,-0009.88
+1581210594.98,+0000.00,-0008.79,-0001.95,-0002.99,-0004.29,-0006.43
+1581210594.98,+0000.98,-0009.77,-0002.93,-0003.83,+0003.45,-0009.03
+1581210594.99,-0007.81,-0009.77,-0001.95,-0004.21,-0000.54,-0009.34
+1581210594.99,-0002.93,-0009.77,-0001.95,-0002.60,-0000.61,-0009.65
+1581210595.00,-0000.98,-0009.77,-0000.98,-0004.52,+0000.84,-0011.79
+1581210595.00,-0000.98,-0008.79,-0000.98,-0003.90,-0001.23,-0006.58
+1581210595.01,-0000.98,-0011.72,-0001.95,-0004.82,+0002.76,-0009.49
+1581210595.01,-0003.91,-0011.72,-0002.93,-0006.28,+0000.00,-0007.43
+1581210595.02,-0000.98,-0010.74,-0003.91,-0003.14,+0001.76,-0008.88
+1581210595.02,-0002.93,-0010.74,-0003.91,-0002.45,+0001.61,-0014.55
+1581210595.03,-0002.93,-0009.77,-0002.93,-0002.60,-0001.45,-0010.18
+1581210595.03,+0003.91,-0007.81,-0000.98,-0001.53,+0004.29,-0010.87
+1581210595.04,+0000.00,-0008.79,-0000.98,-0003.37,+0002.53,-0008.65
+1581210595.04,-0003.91,-0007.81,-0001.95,-0002.14,+0001.15,-0009.19
+1581210595.05,+0001.95,-0007.81,-0002.93,-0000.23,+0002.14,-0009.72
+1581210595.05,+0003.91,-0006.84,-0001.95,+0000.31,+0002.76,-0007.89
+1581210595.06,-0003.91,-0004.88,-0001.95,-0000.61,+0001.07,-0010.95
+1581210595.06,-0001.95,-0004.88,-0000.98,+0002.22,+0001.45,-0012.33
+1581210595.07,+0003.91,-0002.93,+0000.00,+0001.30,+0001.68,-0009.03
+1581210595.07,+0000.98,-0000.98,+0000.00,+0001.91,+0003.98,-0009.42
+1581210595.08,-0002.93,-0000.98,+0000.00,-0000.46,+0002.30,-0011.03
+1581210595.08,-0003.91,+0000.00,+0000.00,+0001.30,+0002.53,-0012.40
+1581210595.09,+0001.95,+0002.93,+0000.98,+0000.84,-0000.77,-0009.11
+1581210595.09,+0002.93,+0003.91,+0000.98,-0000.08,+0002.83,-0005.28
+1581210595.10,-0005.86,+0002.93,+0000.98,+0000.92,+0005.28,-0011.03
+1581210595.10,-0008.79,+0004.88,+0000.98,-0000.54,-0001.45,-0007.35
+1581210595.11,+0000.98,+0006.84,+0001.95,+0000.15,+0003.60,-0010.57
+1581210595.11,-0003.91,+0007.81,+0003.91,+0000.38,+0002.37,-0010.26
+1581210595.12,-0008.79,+0007.81,+0004.88,+0001.76,+0001.07,-0008.96
+1581210595.12,-0003.91,+0007.81,+0004.88,-0000.69,+0000.54,-0011.56
+1581210595.13,+0000.00,+0008.79,+0004.88,-0000.69,-0000.38,-0011.33
+1581210595.13,+0002.93,+0010.74,+0004.88,-0002.30,-0002.45,+0006.20
+1581210595.14,+0008.79,+0006.84,+0001.95,-0000.84,+0017.61,-0003.98
+1581210595.14,-0039.06,+0007.81,-0001.95,-0003.14,+0017.84,-0022.97
+1581210595.15,-0023.44,+0012.70,+0002.93,+0010.34,+0003.37,-0026.11
+1581210595.15,+0002.93,+0017.58,+0009.77,-0005.82,+0002.14,-0019.22
+1581210595.16,-0008.79,+0013.67,+0012.70,+0003.83,+0006.12,-0002.60
+1581210595.16,-0020.51,+0014.65,+0009.77,-0003.98,-0001.30,-0006.12
+1581210595.17,-0009.77,+0006.84,+0003.91,+0000.46,-0002.68,-0003.98
+1581210595.17,-0001.95,+0007.81,+0000.98,-0000.61,-0000.54,-0002.37
+1581210595.18,-0004.88,+0012.70,+0002.93,+0003.83,-0001.99,-0007.12
+1581210595.18,-0001.95,+0010.74,+0005.86,+0001.30,-0003.45,-0010.64
+1581210595.19,+0003.91,+0010.74,+0008.79,+0000.69,-0001.84,-0010.41
+1581210595.19,+0000.00,+0013.67,+0007.81,-0000.54,-0001.53,-0011.56
+1581210595.20,-0002.93,+0011.72,+0005.86,-0001.53,-0001.76,-0012.63
+1581210595.20,-0000.98,+0009.77,+0004.88,+0000.15,+0001.30,-0014.09
+1581210595.21,-0001.95,+0010.74,+0005.86,+0001.07,-0001.23,-0011.79
+1581210595.21,-0002.93,+0008.79,+0005.86,+0000.92,-0000.38,-0012.02
+1581210595.22,-0003.91,+0008.79,+0006.84,-0000.15,-0001.23,-0010.11
+1581210595.22,-0002.93,+0008.79,+0006.84,+0001.30,-0000.92,-0009.88
+1581210595.23,-0001.95,+0007.81,+0006.84,-0001.30,-0001.76,-0009.34
+1581210595.23,+0000.00,+0006.84,+0006.84,+0000.84,-0001.84,-0008.96
+1581210595.24,-0001.95,+0005.86,+0006.84,+0000.00,-0001.23,-0008.96
+1581210595.24,-0004.88,+0003.91,+0005.86,-0001.15,-0001.61,-0008.88
+1581210595.25,-0001.95,+0003.91,+0005.86,+0000.77,-0001.45,-0009.88
+1581210595.25,-0001.95,+0002.93,+0006.84,+0001.07,-0001.84,-0011.48
+1581210595.26,+0000.00,+0001.95,+0006.84,+0000.00,-0003.90,-0008.19
+1581210595.26,+0000.98,+0000.00,+0005.86,+0000.46,+0000.31,-0009.49
+1581210595.27,-0005.86,+0000.00,+0004.88,-0001.68,-0000.84,-0010.11
+1581210595.27,-0003.91,-0000.98,+0004.88,+0000.00,-0001.99,-0012.86
+1581210595.27,+0001.95,-0000.98,+0004.88,+0000.31,-0001.68,-0010.49
+1581210595.28,+0001.95,-0000.98,+0005.86,+0001.91,-0000.61,-0008.58
+1581210595.28,-0002.93,-0001.95,+0005.86,+0001.53,-0000.23,-0011.48
+1581210595.29,-0004.88,-0001.95,+0005.86,-0000.69,-0002.76,-0011.56
+1581210595.29,+0000.00,-0000.98,+0005.86,-0000.77,-0002.14,-0010.80
+1581210595.30,+0002.93,-0001.95,+0004.88,-0000.15,-0001.07,-0010.18
+1581210595.30,-0002.93,-0002.93,+0004.88,+0001.23,-0001.30,-0010.57
+1581210595.31,-0000.98,-0002.93,+0005.86,-0000.31,-0004.06,-0009.80
+1581210595.31,+0001.95,-0001.95,+0005.86,+0000.61,+0000.46,-0010.57
+1581210595.32,+0000.98,-0001.95,+0005.86,-0001.07,-0002.83,-0007.89
+1581210595.32,+0004.88,-0001.95,+0005.86,-0000.84,-0001.91,-0008.65
+1581210595.33,+0003.91,-0002.93,+0005.86,-0000.69,-0000.92,-0008.58
+1581210595.33,+0000.00,-0000.98,+0004.88,+0001.53,+0000.08,-0011.64
+1581210595.34,+0002.93,+0000.00,+0005.86,+0001.99,-0001.45,-0012.48
+1581210595.34,+0006.84,+0001.95,+0005.86,+0001.76,-0001.00,-0009.88
+1581210595.35,+0003.91,+0000.98,+0006.84,+0000.69,-0000.38,-0008.96
+1581210595.35,+0000.98,+0000.98,+0006.84,-0000.61,+0000.08,-0010.87
+1581210595.36,+0001.95,+0002.93,+0006.84,-0000.77,-0001.84,-0009.88
+1581210595.36,+0003.91,+0004.88,+0005.86,-0001.00,+0000.46,-0010.49
+1581210595.37,+0001.95,+0003.91,+0005.86,-0001.15,+0000.54,-0010.34
+1581210595.37,+0001.95,+0004.88,+0006.84,-0000.23,-0000.46,-0007.20
+1581210595.38,+0002.93,+0005.86,+0006.84,+0002.53,+0000.15,-0007.27
+1581210595.38,-0000.98,+0007.81,+0006.84,-0000.69,+0001.07,-0010.03
+1581210595.39,+0000.00,+0008.79,+0006.84,+0000.54,-0000.84,-0010.11
+1581210595.39,+0004.88,+0009.77,+0006.84,-0003.29,-0001.15,-0007.81
+1581210595.40,+0001.95,+0010.74,+0005.86,-0000.69,+0000.23,-0010.49
+1581210595.40,-0000.98,+0011.72,+0005.86,-0002.76,-0000.77,-0011.79
+1581210595.41,+0000.98,+0012.70,+0005.86,-0000.54,-0001.91,-0009.80
+1581210595.41,+0005.86,+0014.65,+0005.86,+0000.00,+0000.00,-0009.72
+1581210595.42,+0001.95,+0013.67,+0004.88,-0001.30,-0000.31,-0005.74
+1581210595.42,-0003.91,+0014.65,+0003.91,-0001.53,-0000.46,-0009.88
+1581210595.43,-0001.95,+0015.62,+0003.91,-0000.23,-0001.68,-0008.65
+1581210595.43,+0002.93,+0017.58,+0002.93,-0003.06,+0000.61,-0006.58
+1581210595.44,-0001.95,+0016.60,+0001.95,-0002.45,+0001.53,-0008.58
+1581210595.44,-0005.86,+0016.60,+0001.95,-0001.61,-0000.38,-0012.10
+1581210595.45,-0001.95,+0017.58,+0000.98,-0001.99,+0000.31,-0009.88
+1581210595.45,+0000.98,+0018.55,+0000.98,+0000.38,-0000.92,-0009.11
+1581210595.46,-0001.95,+0017.58,-0000.98,-0000.38,-0000.08,-0010.57
+1581210595.46,-0004.88,+0016.60,-0001.95,-0001.00,-0001.76,-0013.55
+1581210595.47,-0000.98,+0018.55,-0002.93,-0000.15,-0000.69,-0012.10
+1581210595.47,+0001.95,+0019.53,-0002.93,-0000.08,-0001.15,-0008.35
+1581210595.48,-0002.93,+0019.53,-0004.88,-0001.68,-0001.30,-0010.26
+1581210595.48,-0004.88,+0019.53,-0005.86,-0001.53,+0000.84,-0015.01
+1581210595.49,+0000.98,+0020.51,-0005.86,-0001.15,+0000.31,-0011.64
+1581210595.49,+0002.93,+0021.48,-0005.86,-0001.07,+0002.07,-0015.31
+1581210595.50,-0001.95,+0020.51,-0006.84,-0000.23,+0000.08,-0015.08
+1581210595.50,-0000.98,+0021.48,-0006.84,-0000.46,-0000.61,-0012.17
+1581210595.51,+0004.88,+0022.46,-0007.81,-0000.08,+0000.00,-0008.04
+1581210595.51,+0003.91,+0021.48,-0007.81,-0001.30,-0001.00,-0006.20
+1581210595.52,+0003.91,+0020.51,-0008.79,-0001.76,-0001.30,-0004.67
+1581210595.52,+0004.88,+0020.51,-0011.72,-0002.76,+0000.92,-0005.90
+1581210595.53,+0000.00,+0019.53,-0012.70,-0000.54,-0001.23,-0010.80
+1581210595.53,+0003.91,+0019.53,-0013.67,-0000.08,+0001.91,-0013.40
+1581210595.54,+0005.86,+0019.53,-0012.70,-0000.69,+0000.46,-0009.26
+1581210595.54,+0001.95,+0018.55,-0012.70,+0000.54,+0002.99,-0011.25
+1581210595.55,-0002.93,+0017.58,-0013.67,-0000.31,-0000.54,-0012.63
+1581210595.55,+0001.95,+0016.60,-0013.67,-0000.54,-0000.08,-0011.03
+1581210595.56,+0002.93,+0015.62,-0013.67,-0002.45,+0001.53,-0010.18
+1581210595.56,+0000.00,+0014.65,-0014.65,-0003.60,+0000.23,-0009.72
+1581210595.57,+0001.95,+0012.70,-0015.62,-0000.54,+0000.77,-0010.95
+1581210595.57,+0002.93,+0011.72,-0016.60,-0001.30,-0000.92,-0008.58
+1581210595.58,+0005.86,+0010.74,-0017.58,+0000.23,+0001.30,-0007.04
+1581210595.58,+0000.00,+0008.79,-0017.58,-0002.22,-0001.61,-0011.56
+1581210595.59,+0005.86,+0008.79,-0018.55,-0001.07,-0000.38,-0010.03
+1581210595.59,+0003.91,+0006.84,-0019.53,-0004.13,+0000.23,-0011.64
+1581210595.60,+0000.98,+0006.84,-0020.51,-0002.45,+0000.77,-0009.95
+1581210595.60,+0003.91,+0005.86,-0021.48,-0000.15,+0000.54,-0011.41
+1581210595.61,+0000.98,+0004.88,-0022.46,-0001.15,+0000.84,-0010.80
+1581210595.61,+0000.98,+0003.91,-0022.46,-0000.84,-0001.38,-0008.35
+1581210595.62,+0000.98,+0002.93,-0023.44,-0002.07,-0001.45,-0007.81
+1581210595.62,+0001.95,+0001.95,-0024.41,-0002.83,-0001.45,-0004.59
+1581210595.63,+0000.98,+0000.98,-0026.37,-0001.76,+0001.07,-0010.41
+1581210595.63,-0003.91,+0000.00,-0027.34,+0003.06,+0000.23,-0010.72
+1581210595.64,-0002.93,+0000.00,-0027.34,-0003.68,-0000.54,-0012.63
+1581210595.64,+0000.98,-0001.95,-0027.34,+0002.68,+0000.31,-0010.34
+1581210595.65,+0000.00,-0000.98,-0027.34,-0002.60,+0000.00,-0009.49
+1581210595.65,-0002.93,-0002.93,-0029.30,-0003.45,-0002.45,-0008.80
+1581210595.66,+0000.00,-0004.88,-0030.27,-0001.15,-0000.92,-0009.88
+1581210595.66,+0001.95,-0005.86,-0031.25,-0003.90,-0001.30,-0007.58
+1581210595.67,-0001.95,-0005.86,-0032.23,-0002.14,+0000.84,-0014.01
+1581210595.67,-0005.86,-0006.84,-0032.23,+0001.30,-0000.69,-0012.25
+1581210595.68,-0000.98,-0007.81,-0033.20,-0001.00,+0001.38,-0012.63
+1581210595.68,-0000.98,-0007.81,-0032.23,+0000.54,-0000.69,-0010.26
+1581210595.69,-0001.95,-0008.79,-0033.20,-0002.99,+0000.46,-0008.58
+1581210595.69,-0002.93,-0009.77,-0033.20,-0002.14,+0000.00,-0011.33
+1581210595.70,-0002.93,-0010.74,-0035.16,-0002.30,-0000.38,-0007.96
+1581210595.70,+0000.00,-0010.74,-0035.16,+0000.08,+0001.07,-0012.02
+1581210595.71,-0000.98,-0012.70,-0035.16,+0002.07,+0000.31,-0011.41
+1581210595.71,-0001.95,-0011.72,-0035.16,-0002.68,-0000.38,-0010.26
+1581210595.72,-0001.95,-0012.70,-0035.16,+0001.07,+0000.92,-0013.17
+1581210595.72,+0000.98,-0012.70,-0035.16,-0000.38,+0000.31,-0010.64
+1581210595.73,+0002.93,-0013.67,-0036.13,-0003.68,+0000.46,-0011.33
+1581210595.73,+0000.00,-0013.67,-0036.13,-0000.38,-0003.06,-0008.50
+1581210595.74,+0002.93,-0013.67,-0036.13,-0000.92,+0000.00,-0008.80
+1581210595.74,+0002.93,-0014.65,-0036.13,+0000.00,-0002.91,-0008.58
+1581210595.75,+0009.77,-0014.65,-0035.16,+0000.31,-0001.61,-0005.74
+1581210595.75,+0008.79,-0015.62,-0036.13,-0001.23,-0001.00,-0007.20
+1581210595.76,+0002.93,-0015.62,-0036.13,-0002.76,-0004.06,-0008.88
+1581210595.76,+0007.81,-0016.60,-0037.11,-0000.08,+0000.92,-0012.48
+1581210595.77,+0006.84,-0016.60,-0037.11,-0000.92,+0000.77,-0010.87
+1581210595.77,+0001.95,-0015.62,-0036.13,+0003.29,-0000.23,-0012.40
+1581210595.78,-0000.98,-0016.60,-0035.16,+0001.45,+0000.61,-0016.61
+1581210595.78,+0000.98,-0017.58,-0034.18,+0003.52,-0000.84,-0014.16
+1581210595.79,+0011.72,-0015.62,-0031.25,+0000.15,-0003.22,-0007.43
+1581210595.79,+0012.70,-0017.58,-0032.23,-0000.15,+0009.49,-0007.35
+1581210595.80,-0015.62,-0017.58,-0034.18,-0004.52,-0001.53,-0017.61
+1581210595.80,-0006.84,-0020.51,-0033.20,+0002.30,-0004.52,-0015.24
+1581210595.81,+0015.62,-0020.51,-0031.25,+0002.14,+0001.61,-0011.71
+1581210595.81,+0000.00,-0017.58,-0029.30,+0002.83,-0001.76,-0005.51
+1581210595.82,-0003.91,-0015.62,-0028.32,-0004.29,+0000.00,-0010.64
+1581210595.82,-0004.88,-0022.46,-0029.30,+0000.46,+0002.30,-0017.07
+1581210595.83,+0000.98,-0020.51,-0030.27,+0001.00,-0000.08,-0009.57
+1581210595.83,+0004.88,-0019.53,-0029.30,-0000.46,+0000.46,-0009.03
+1581210595.84,-0002.93,-0019.53,-0029.30,-0002.22,-0000.08,-0008.65
+1581210595.84,+0000.00,-0020.51,-0027.34,+0001.38,-0003.22,-0008.88
+1581210595.85,+0002.93,-0021.48,-0027.34,+0001.84,-0000.54,-0010.18
+1581210595.85,+0005.86,-0019.53,-0026.37,+0001.91,-0002.30,-0007.50
+1581210595.86,+0005.86,-0019.53,-0026.37,+0000.69,-0000.61,-0011.33
+1581210595.86,+0002.93,-0020.51,-0025.39,-0001.07,-0000.23,-0010.95
+1581210595.87,+0004.88,-0020.51,-0024.41,+0000.77,-0001.99,-0012.10
+1581210595.87,+0005.86,-0020.51,-0023.44,-0001.68,-0001.07,-0009.26
+1581210595.88,+0007.81,-0019.53,-0022.46,-0000.46,-0001.84,-0007.04
+1581210595.88,+0001.95,-0020.51,-0022.46,-0000.31,+0000.00,-0011.56
+1581210595.89,+0001.95,-0020.51,-0022.46,+0002.53,-0000.84,-0009.80
+1581210595.89,+0003.91,-0020.51,-0020.51,+0002.22,+0000.61,-0011.33
+1581210595.90,+0003.91,-0019.53,-0019.53,+0002.22,-0000.15,-0005.67
+1581210595.90,+0001.95,-0019.53,-0017.58,+0002.22,+0000.77,-0007.50
+1581210595.91,-0002.93,-0020.51,-0016.60,+0000.00,+0001.00,-0010.72
+1581210595.91,-0002.93,-0018.55,-0014.65,+0002.22,-0001.68,-0011.87
+1581210595.92,+0003.91,-0018.55,-0013.67,+0002.14,+0000.31,-0008.65
+1581210595.92,+0000.00,-0019.53,-0013.67,+0000.23,+0001.00,-0010.80
+1581210595.93,-0005.86,-0019.53,-0012.70,+0000.77,+0000.15,-0011.71
+1581210595.93,-0000.98,-0019.53,-0011.72,+0001.30,-0002.68,-0011.64
+1581210595.94,+0006.84,-0019.53,-0010.74,+0001.15,-0001.76,-0004.06
+1581210595.94,+0003.91,-0018.55,-0009.77,-0000.38,+0000.77,-0005.36
+1581210595.95,-0006.84,-0018.55,-0009.77,-0000.46,-0002.53,-0007.27
+1581210595.95,-0000.98,-0020.51,-0009.77,+0002.14,-0002.37,-0012.48
+1581210595.96,+0003.91,-0018.55,-0007.81,+0002.22,-0002.22,-0010.80
+1581210595.96,+0002.93,-0016.60,-0004.88,+0001.68,+0001.38,-0008.27
+1581210595.97,-0003.91,-0016.60,-0003.91,+0003.06,-0000.84,-0011.18
+1581210595.97,-0002.93,-0016.60,-0002.93,+0001.23,-0003.75,-0008.19
+1581210595.98,+0004.88,-0016.60,-0002.93,+0001.15,+0000.61,-0010.41
+1581210595.98,+0000.00,-0016.60,-0002.93,+0000.38,+0000.54,-0010.18
+1581210595.99,-0000.98,-0015.62,-0000.98,+0000.08,-0000.31,-0009.65
+1581210595.99,+0000.00,-0016.60,+0000.00,-0001.38,+0000.38,-0012.33
+1581210596.00,+0002.93,-0015.62,+0000.98,+0000.77,-0002.99,-0009.88
+1581210596.00,+0001.95,-0014.65,+0001.95,+0001.76,+0003.06,-0013.40
+1581210596.01,-0006.84,-0014.65,+0002.93,+0005.13,-0001.76,-0014.62
+1581210596.01,+0000.98,-0013.67,+0004.88,+0003.06,-0001.76,-0011.10
+1581210596.02,+0003.91,-0013.67,+0006.84,+0004.82,+0001.99,-0009.80
+1581210596.02,-0003.91,-0011.72,+0007.81,+0002.22,-0001.53,-0005.21
+1581210596.03,-0002.93,-0012.70,+0008.79,+0001.38,+0000.54,-0009.34
+1581210596.03,-0001.95,-0012.70,+0009.77,-0000.08,+0001.84,-0010.87
+1581210596.04,+0001.95,-0011.72,+0010.74,+0000.00,+0001.68,-0009.95
+1581210596.04,+0000.00,-0011.72,+0011.72,-0003.29,+0000.61,-0008.80
+1581210596.05,-0002.93,-0011.72,+0012.70,+0004.44,-0001.53,-0011.79
+1581210596.05,+0000.98,-0009.77,+0012.70,-0000.23,-0001.07,-0010.95
+1581210596.06,+0000.98,-0010.74,+0013.67,+0002.14,-0001.76,-0012.10
+1581210596.06,+0000.00,-0009.77,+0013.67,+0004.90,-0002.14,-0012.10
+1581210596.07,+0000.98,-0008.79,+0014.65,+0002.14,+0000.23,-0011.87
+1581210596.07,+0003.91,-0008.79,+0015.62,+0000.84,+0000.31,-0011.33
+1581210596.08,-0000.98,-0007.81,+0016.60,-0003.45,+0000.08,-0008.50
+1581210596.08,+0000.00,-0006.84,+0017.58,-0001.15,-0002.83,-0007.50
+1581210596.09,+0002.93,-0005.86,+0018.55,-0001.68,+0000.08,-0008.35
+1581210596.09,-0001.95,-0004.88,+0019.53,+0001.45,-0002.22,-0005.13
+1581210596.10,+0000.98,-0004.88,+0019.53,+0002.45,+0001.15,-0008.88
+1581210596.10,-0002.93,-0004.88,+0019.53,+0004.44,+0000.54,-0011.56
+1581210596.11,-0002.93,-0002.93,+0020.51,+0004.75,-0001.30,-0010.41
+1581210596.11,+0000.00,-0002.93,+0021.48,+0004.21,-0001.68,-0010.95
+1581210596.12,-0002.93,-0001.95,+0021.48,+0001.68,-0000.08,-0009.34
+1581210596.12,-0004.88,-0001.95,+0021.48,+0001.23,-0001.84,-0009.11
+1581210596.13,-0004.88,-0000.98,+0021.48,-0001.15,-0001.23,-0007.81
+1581210596.13,-0004.88,+0000.00,+0021.48,-0003.14,-0000.54,-0005.28
+1581210596.14,-0007.81,+0001.95,+0021.48,-0001.61,-0000.54,-0002.60
+1581210596.14,-0007.81,+0001.95,+0022.46,+0000.15,+0003.52,-0012.71
+1581210596.15,-0005.86,+0002.93,+0021.48,+0000.00,+0003.68,-0020.52
+1581210596.15,-0002.93,+0003.91,+0022.46,+0002.91,-0001.76,-0025.65
+1581210596.16,+0003.91,+0004.88,+0022.46,+0002.30,-0000.38,-0030.01
+1581210596.16,+0003.91,+0007.81,+0023.44,+0003.45,-0002.37,-0017.23
+1581210596.17,+0006.84,+0008.79,+0023.44,+0001.15,-0004.67,-0009.72
+1581210596.17,+0010.74,+0007.81,+0022.46,+0000.23,-0002.37,-0003.90
+1581210596.18,+0010.74,+0007.81,+0021.48,-0000.54,-0002.91,-0001.53
+1581210596.18,+0008.79,+0009.77,+0021.48,-0002.91,-0002.22,-0002.30
+1581210596.19,+0013.67,+0011.72,+0022.46,-0001.84,-0002.76,-0000.84
+1581210596.19,+0012.70,+0011.72,+0023.44,-0002.99,+0000.69,-0004.21
+1581210596.20,+0005.86,+0012.70,+0023.44,-0001.84,+0000.69,-0010.49
+1581210596.20,+0005.86,+0013.67,+0023.44,-0000.46,-0001.99,-0009.95
+1581210596.21,+0011.72,+0013.67,+0023.44,-0000.69,-0000.31,-0006.12
+1581210596.21,+0000.98,+0013.67,+0023.44,+0002.76,+0000.69,-0018.76
+1581210596.22,-0009.77,+0016.60,+0025.39,+0004.44,-0004.52,-0015.70
+1581210596.22,+0006.84,+0017.58,+0025.39,+0004.44,-0000.23,-0013.55
+1581210596.23,+0005.86,+0014.65,+0025.39,+0002.30,+0003.52,-0011.87
+1581210596.23,-0006.84,+0017.58,+0023.44,-0000.61,-0004.29,-0007.96
+1581210596.24,-0000.98,+0016.60,+0023.44,+0001.45,-0001.84,-0007.81
+1581210596.24,+0001.95,+0015.62,+0021.48,-0001.00,-0000.08,-0005.51
+1581210596.25,-0002.93,+0016.60,+0021.48,-0003.06,-0002.22,-0007.81
+1581210596.25,-0004.88,+0016.60,+0020.51,-0004.13,-0001.45,-0008.27
+1581210596.26,+0000.00,+0016.60,+0019.53,-0003.52,-0000.92,-0008.96
+1581210596.26,+0003.91,+0017.58,+0018.55,-0004.75,-0002.76,-0006.97
+1581210596.27,+0000.00,+0017.58,+0018.55,-0004.75,-0000.15,-0010.11
+1581210596.27,-0001.95,+0017.58,+0018.55,-0000.31,-0002.45,-0010.72
+1581210596.28,+0002.93,+0018.55,+0017.58,-0001.68,-0002.99,-0009.65
+1581210596.28,+0003.91,+0018.55,+0017.58,+0001.30,-0001.07,-0009.95
+1581210596.29,-0000.98,+0018.55,+0016.60,+0001.07,-0000.61,-0012.10
+1581210596.29,-0000.98,+0019.53,+0016.60,+0004.29,-0000.84,-0013.32
+1581210596.30,+0001.95,+0019.53,+0016.60,+0001.38,+0000.61,-0015.31
+1581210596.30,+0000.98,+0021.48,+0016.60,+0001.45,-0000.92,-0015.47
+1581210596.31,+0000.98,+0020.51,+0015.62,+0006.28,-0002.91,-0013.17
+1581210596.31,+0004.88,+0020.51,+0015.62,+0002.14,-0003.14,-0010.03
+1581210596.32,+0002.93,+0020.51,+0014.65,+0004.67,-0000.46,-0011.18
+1581210596.32,+0002.93,+0021.48,+0013.67,+0003.52,-0002.83,-0009.72
+1581210596.33,+0007.81,+0021.48,+0013.67,+0000.54,-0001.91,-0008.19
+1581210596.33,+0007.81,+0022.46,+0012.70,+0000.84,-0001.99,-0009.11
+1581210596.34,+0007.81,+0022.46,+0012.70,+0000.38,-0001.99,-0010.41
+1581210596.34,+0007.81,+0022.46,+0012.70,-0001.15,-0003.14,-0007.73
+1581210596.35,+0011.72,+0023.44,+0012.70,-0001.68,-0001.76,-0008.42
+1581210596.35,+0009.77,+0022.46,+0012.70,-0002.99,+0000.15,-0009.80
+1581210596.36,+0004.88,+0023.44,+0011.72,-0003.52,-0004.06,-0008.19
+1581210596.36,+0012.70,+0022.46,+0011.72,-0002.45,+0001.53,-0010.34
+1581210596.37,+0005.86,+0021.48,+0011.72,-0002.37,+0001.99,-0010.80
+1581210596.37,+0004.88,+0022.46,+0011.72,-0002.45,-0001.68,-0007.27
+1581210596.38,+0009.77,+0021.48,+0011.72,-0003.22,+0001.91,-0010.64
+1581210596.38,+0006.84,+0020.51,+0011.72,-0000.69,-0002.76,-0006.81
+1581210596.39,+0010.74,+0021.48,+0011.72,-0002.14,-0002.14,-0005.59
+1581210596.39,+0010.74,+0019.53,+0010.74,-0002.30,-0000.38,-0006.20
+1581210596.40,+0006.84,+0018.55,+0008.79,-0001.45,-0002.45,-0004.52
+1581210596.40,+0006.84,+0017.58,+0007.81,-0002.30,+0000.31,-0009.19
+1581210596.41,+0007.81,+0016.60,+0007.81,-0001.61,+0000.31,-0011.10
+1581210596.41,+0005.86,+0016.60,+0006.84,-0002.68,-0000.77,-0012.79
+1581210596.42,+0005.86,+0016.60,+0005.86,-0001.76,-0002.60,-0012.48
+1581210596.42,+0008.79,+0015.62,+0004.88,-0001.30,-0000.69,-0014.16
+1581210596.43,+0014.65,+0015.62,+0005.86,-0004.21,-0013.17,+0005.13
+1581210596.43,+0040.04,+0010.74,+0002.93,-0002.30,+0012.40,+0020.90
+1581210596.44,-0032.23,+0010.74,-0005.86,+0000.61,+0027.18,-0036.52
+1581210596.44,-0047.85,+0012.70,-0004.88,+0011.71,-0005.67,-0028.79
+1581210596.45,+0017.58,+0016.60,-0000.98,-0015.70,+0000.08,-0025.19
+1581210596.45,+0009.77,+0004.88,+0001.95,+0007.20,+0017.23,-0002.99
+1581210596.46,-0026.37,+0018.55,+0002.93,-0000.84,+0002.68,-0015.77
+1581210596.46,-0014.65,+0008.79,+0000.98,-0004.06,-0000.84,-0008.42
+1581210596.47,+0004.88,+0001.95,-0003.91,-0006.97,+0004.59,-0003.98
+1581210596.47,-0005.86,+0006.84,-0005.86,-0002.30,+0000.08,+0001.00
+1581210596.48,-0008.79,+0007.81,-0005.86,-0004.44,-0003.83,-0004.67
+1581210596.48,+0000.00,+0002.93,-0005.86,-0003.60,-0000.77,-0008.73
+1581210596.49,+0002.93,+0006.84,-0004.88,-0001.07,-0000.92,-0008.50
+1581210596.49,+0000.98,+0006.84,-0006.84,-0003.29,-0002.76,-0010.34
+1581210596.50,+0001.95,+0003.91,-0008.79,+0000.00,-0000.61,-0014.39
+1581210596.50,+0000.00,+0004.88,-0009.77,+0000.54,-0001.68,-0015.01
+1581210596.51,+0002.93,+0005.86,-0010.74,+0000.84,+0000.08,-0015.47
+1581210596.51,+0002.93,+0005.86,-0009.77,+0004.13,-0000.61,-0013.70
+1581210596.52,+0002.93,+0005.86,-0009.77,+0003.75,-0001.45,-0010.03
+1581210596.52,+0000.98,+0004.88,-0008.79,+0003.37,-0000.54,-0009.49
+1581210596.53,+0000.98,+0004.88,-0008.79,+0003.52,-0001.23,-0008.27
+1581210596.53,+0000.98,+0004.88,-0008.79,+0002.76,-0001.68,-0009.42
+1581210596.54,+0002.93,+0003.91,-0008.79,+0002.14,-0001.45,-0007.12
+1581210596.54,+0001.95,+0002.93,-0008.79,+0002.60,-0000.31,-0011.03
+1581210596.55,+0001.95,+0002.93,-0008.79,+0001.84,-0003.06,-0008.04
+1581210596.55,+0006.84,+0001.95,-0009.77,+0001.07,-0000.69,-0009.34
+1581210596.56,+0000.98,+0000.98,-0011.72,+0001.30,-0001.23,-0012.33
+1581210596.56,+0001.95,+0001.95,-0010.74,+0002.30,-0003.60,-0013.25
+1581210596.57,+0009.77,+0000.98,-0009.77,+0002.68,-0000.31,-0010.80
+1581210596.57,+0004.88,+0000.98,-0009.77,+0000.84,+0000.69,-0011.41
+1581210596.58,-0001.95,+0000.98,-0010.74,+0001.61,-0002.60,-0011.64
+1581210596.58,+0003.91,+0000.98,-0010.74,+0002.53,+0001.68,-0012.33
+1581210596.59,+0000.98,+0000.00,-0010.74,+0001.99,-0000.84,-0011.33
+1581210596.59,+0000.98,+0001.95,-0010.74,+0002.45,-0002.83,-0008.19
+1581210596.60,+0001.95,+0000.00,-0010.74,+0002.07,+0000.23,-0006.51
+1581210596.60,-0003.91,+0000.00,-0011.72,+0001.38,-0001.53,-0009.03
+1581210596.61,-0001.95,+0001.95,-0010.74,+0002.60,-0002.30,-0008.35
+1581210596.61,+0000.98,+0000.98,-0011.72,+0001.53,+0001.07,-0011.79
+1581210596.62,-0001.95,+0001.95,-0010.74,-0000.31,-0001.23,-0011.25
+1581210596.62,+0000.98,+0002.93,-0010.74,+0002.37,-0001.68,-0011.10
+1581210596.63,-0001.95,+0001.95,-0010.74,+0000.77,-0000.54,-0012.25
+1581210596.63,-0004.88,+0002.93,-0011.72,+0004.90,-0000.15,-0012.63
+1581210596.64,-0001.95,+0003.91,-0011.72,+0004.44,-0000.54,-0009.65
+1581210596.64,-0000.98,+0003.91,-0010.74,-0001.76,-0001.99,-0005.21
+1581210596.65,-0001.95,+0002.93,-0010.74,+0001.53,-0002.07,-0006.05
+1581210596.65,-0003.91,+0003.91,-0010.74,+0003.22,-0001.68,-0009.49
+1581210596.66,-0002.93,+0003.91,-0010.74,+0000.46,-0002.83,-0009.65
+1581210596.66,+0000.98,+0004.88,-0010.74,+0000.69,-0001.15,-0011.25
+1581210596.67,-0001.95,+0004.88,-0010.74,-0001.07,-0001.61,-0012.02
+1581210596.67,-0002.93,+0005.86,-0010.74,+0000.23,-0002.22,-0012.10
+1581210596.68,-0002.93,+0005.86,-0010.74,+0002.68,-0001.15,-0012.56
+1581210596.68,+0000.98,+0006.84,-0009.77,-0001.23,-0002.99,-0007.12
+1581210596.69,-0001.95,+0005.86,-0009.77,-0002.30,-0000.46,-0006.97
+1581210596.69,-0006.84,+0005.86,-0010.74,+0001.68,-0000.84,-0009.95
+1581210596.70,-0005.86,+0006.84,-0010.74,-0000.92,-0001.07,-0012.17
+1581210596.70,-0000.98,+0005.86,-0009.77,+0001.61,-0001.84,-0011.87
+1581210596.71,+0000.98,+0006.84,-0008.79,+0000.61,-0000.84,-0008.88
+1581210596.71,-0001.95,+0006.84,-0008.79,-0001.53,-0001.76,-0008.73
+1581210596.72,-0003.91,+0006.84,-0010.74,+0000.69,-0001.99,-0008.12
+1581210596.72,-0000.98,+0006.84,-0010.74,+0002.30,+0000.23,-0008.35
+1581210596.73,-0001.95,+0007.81,-0010.74,-0001.07,-0000.84,-0009.19
+1581210596.73,-0002.93,+0007.81,-0010.74,+0001.68,-0000.92,-0009.88
+1581210596.74,-0002.93,+0006.84,-0010.74,-0001.61,-0000.77,-0013.09
+1581210596.74,-0001.95,+0007.81,-0011.72,+0001.07,-0000.92,-0011.79
+1581210596.75,-0000.98,+0008.79,-0011.72,+0000.15,+0000.61,-0013.40
+1581210596.75,-0003.91,+0008.79,-0012.70,+0001.99,-0001.15,-0012.25
+1581210596.76,-0001.95,+0009.77,-0011.72,+0000.54,-0001.07,-0009.26
+1581210596.76,-0000.98,+0010.74,-0011.72,+0001.91,+0001.07,-0011.71
+1581210596.77,-0003.91,+0010.74,-0012.70,+0001.07,-0001.30,-0010.95
+1581210596.77,-0000.98,+0010.74,-0012.70,+0002.83,-0002.53,-0009.95
+1581210596.78,+0001.95,+0010.74,-0012.70,+0000.84,-0000.69,-0009.26
+1581210596.78,+0000.98,+0010.74,-0014.65,-0000.23,-0001.61,-0009.88
+1581210596.79,-0000.98,+0009.77,-0016.60,+0001.00,+0000.38,-0012.40
+1581210596.79,+0000.00,+0010.74,-0017.58,+0001.45,-0001.23,-0011.87
+1581210596.80,+0002.93,+0010.74,-0017.58,+0001.68,-0002.37,-0007.35
+1581210596.80,+0003.91,+0009.77,-0016.60,+0001.30,-0000.23,-0012.40
+1581210596.81,+0002.93,+0010.74,-0016.60,+0000.23,-0002.53,-0011.33
+1581210596.81,+0004.88,+0009.77,-0017.58,+0000.69,-0000.46,-0013.32
+1581210596.82,+0004.88,+0009.77,-0019.53,-0000.69,-0001.84,-0012.48
+1581210596.82,+0005.86,+0009.77,-0020.51,-0000.69,-0001.23,-0011.79
+1581210596.83,+0007.81,+0009.77,-0021.48,-0001.45,-0000.38,-0009.72
+1581210596.83,+0007.81,+0007.81,-0022.46,+0000.23,+0000.00,-0004.90
+1581210596.84,+0002.93,+0007.81,-0022.46,-0002.91,-0001.23,-0006.66
+1581210596.84,+0004.88,+0006.84,-0024.41,-0000.54,-0000.08,-0004.29
+1581210596.85,-0000.98,+0006.84,-0025.39,-0000.46,+0001.53,-0010.26
+1581210596.85,-0003.91,+0006.84,-0026.37,-0001.68,-0001.68,-0010.41
+1581210596.86,+0002.93,+0005.86,-0026.37,-0000.77,+0001.23,-0012.56
+1581210596.86,-0001.95,+0003.91,-0026.37,-0000.15,-0000.69,-0005.59
+1581210596.87,-0003.91,+0004.88,-0027.34,-0002.22,-0000.31,-0009.03
+1581210596.87,-0001.95,+0002.93,-0029.30,-0001.07,+0001.23,-0010.26
+1581210596.88,+0000.00,+0002.93,-0030.27,-0000.08,+0000.54,-0011.87
+1581210596.88,-0000.98,+0003.91,-0031.25,-0003.29,-0000.84,-0012.79
+1581210596.89,+0000.00,+0002.93,-0032.23,-0001.91,-0001.68,-0008.35
+1581210596.89,+0000.98,+0001.95,-0034.18,-0004.67,+0001.00,-0010.26
+1581210596.90,-0001.95,+0001.95,-0036.13,-0002.68,-0000.38,-0009.42
+1581210596.90,+0000.98,+0001.95,-0037.11,-0000.31,+0000.69,-0013.40
+1581210596.91,+0000.00,+0001.95,-0037.11,-0001.68,-0001.84,-0009.88
+1581210596.91,+0002.93,+0001.95,-0036.13,-0001.15,-0000.61,-0007.96
+1581210596.92,+0000.98,+0000.98,-0037.11,-0003.37,-0001.61,-0007.58
+1581210596.92,+0000.00,+0000.98,-0039.06,-0002.68,+0001.15,-0006.58
+1581210596.93,+0000.98,+0000.98,-0041.02,-0001.76,+0000.61,-0010.26
+1581210596.93,+0000.98,-0000.98,-0041.99,-0000.23,+0000.23,-0011.56
+1581210596.94,+0001.95,+0000.00,-0041.02,-0002.68,+0001.30,-0013.32
+1581210596.94,-0001.95,+0000.00,-0041.02,+0000.00,+0000.15,-0011.56
+1581210596.95,+0001.95,-0000.98,-0041.02,-0003.75,-0001.61,-0009.57
+1581210596.95,+0000.98,-0001.95,-0041.02,-0002.07,+0000.54,-0008.80
+1581210596.96,-0002.93,-0001.95,-0042.97,-0003.29,+0001.07,-0008.27
+1581210596.96,-0000.98,-0001.95,-0042.97,-0001.38,+0000.38,-0010.72
+1581210596.97,+0000.00,-0003.91,-0041.99,-0003.52,+0000.31,-0008.19
+1581210596.97,-0001.95,-0001.95,-0041.99,-0003.98,+0000.92,-0011.64
+1581210596.98,-0002.93,-0003.91,-0041.99,-0000.08,-0001.76,-0011.56
+1581210596.98,+0000.98,-0003.91,-0041.99,-0002.76,+0001.38,-0010.87
+1581210596.99,-0003.91,-0004.88,-0041.99,-0000.77,+0000.00,-0009.57
+1581210596.99,-0001.95,-0002.93,-0042.97,-0001.84,-0001.61,-0007.50
+1581210597.00,-0000.98,-0004.88,-0041.99,-0002.14,-0000.23,-0009.03
+1581210597.00,+0000.98,-0004.88,-0041.99,+0000.00,-0001.53,-0006.81
+1581210597.01,+0000.00,-0005.86,-0041.99,+0000.00,+0000.77,-0013.02
+1581210597.01,-0002.93,-0005.86,-0041.99,-0002.53,-0001.91,-0011.64
+1581210597.02,+0003.91,-0006.84,-0041.99,+0000.69,-0001.61,-0014.47
+1581210597.02,+0004.88,-0007.81,-0041.99,+0000.54,-0000.84,-0010.18
+1581210597.03,+0000.98,-0006.84,-0042.97,-0001.15,-0002.30,-0009.72
+1581210597.03,+0002.93,-0007.81,-0043.95,+0000.92,-0000.23,-0009.11
+1581210597.04,+0000.00,-0009.77,-0043.95,+0000.69,+0001.07,-0012.17
+1581210597.04,+0001.95,-0008.79,-0041.99,+0000.84,-0001.84,-0009.57
+1581210597.05,+0003.91,-0008.79,-0040.04,+0002.45,+0001.68,-0009.95
+1581210597.05,-0001.95,-0010.74,-0040.04,-0001.15,-0000.92,-0011.25
+1581210597.06,+0000.00,-0009.77,-0040.04,-0000.15,-0001.99,-0011.87
+1581210597.06,+0003.91,-0010.74,-0040.04,+0002.53,-0001.53,-0007.50
+1581210597.07,+0004.88,-0012.70,-0040.04,-0000.15,+0000.38,-0006.58
+1581210597.07,-0001.95,-0012.70,-0041.02,+0000.15,+0001.61,-0011.03
+1581210597.08,-0001.95,-0013.67,-0041.02,+0001.68,-0001.23,-0013.78
+1581210597.08,+0003.91,-0014.65,-0038.09,+0001.30,+0001.53,-0013.17
+1581210597.09,+0000.98,-0013.67,-0037.11,+0003.98,-0000.23,-0009.80
+1581210597.09,-0003.91,-0013.67,-0037.11,+0001.91,-0001.07,-0011.48
+1581210597.10,-0001.95,-0015.62,-0037.11,+0000.61,-0001.23,-0010.26
+1581210597.10,+0000.98,-0015.62,-0037.11,+0001.99,+0001.15,-0007.81
+1581210597.11,-0000.98,-0015.62,-0035.16,+0001.07,-0003.06,-0007.35
+1581210597.11,+0003.91,-0016.60,-0034.18,+0000.69,+0001.38,-0005.51
+1581210597.12,-0003.91,-0017.58,-0035.16,-0002.07,-0000.31,-0008.96
+1581210597.12,-0000.98,-0017.58,-0034.18,+0002.45,-0004.06,-0009.42
+1581210597.13,+0005.86,-0016.60,-0032.23,+0000.61,+0001.68,-0013.09
+1581210597.13,-0000.98,-0016.60,-0031.25,+0000.08,-0000.38,-0017.07
+1581210597.14,+0004.88,-0015.62,-0029.30,-0003.22,-0008.88,-0006.89
+1581210597.14,+0012.70,-0018.55,-0032.23,-0002.22,+0004.75,-0000.23
+1581210597.15,-0022.46,-0018.55,-0035.16,-0003.29,-0006.12,-0012.94
+1581210597.15,-0003.91,-0014.65,-0032.23,+0007.12,-0003.98,-0015.85
+1581210597.16,+0013.67,-0015.62,-0028.32,-0004.06,+0002.07,-0009.19
+1581210597.16,-0003.91,-0015.62,-0025.39,+0000.00,-0000.38,-0004.13
+1581210597.17,-0008.79,-0011.72,-0025.39,-0005.44,-0001.07,-0010.41
+1581210597.17,-0004.88,-0016.60,-0025.39,+0001.99,-0000.08,-0010.41
+1581210597.18,+0002.93,-0015.62,-0026.37,-0003.37,-0001.15,-0004.82
+1581210597.18,-0000.98,-0012.70,-0024.41,-0002.37,+0000.38,-0003.37
+1581210597.19,-0006.84,-0013.67,-0023.44,+0000.38,+0003.90,-0013.55
+1581210597.19,-0009.77,-0014.65,-0022.46,+0001.76,-0003.14,-0016.84
+1581210597.20,+0005.86,-0011.72,-0020.51,+0001.61,+0000.46,-0009.80
+1581210597.20,+0003.91,-0011.72,-0019.53,+0000.77,+0001.30,-0011.94
+1581210597.21,-0009.77,-0011.72,-0019.53,+0003.14,-0001.84,-0014.70
+1581210597.21,+0001.95,-0010.74,-0019.53,+0003.06,-0006.97,-0012.56
+1581210597.22,+0005.86,-0009.77,-0018.55,+0004.44,-0000.92,-0008.35
+1581210597.22,+0000.00,-0008.79,-0017.58,+0003.45,-0001.23,-0006.97
+1581210597.23,-0001.95,-0007.81,-0016.60,+0002.91,-0000.54,-0009.65
+1581210597.23,-0000.98,-0008.79,-0015.62,+0003.83,+0000.08,-0009.26
+1581210597.24,+0000.98,-0005.86,-0014.65,+0003.60,+0000.61,-0012.56
+1581210597.24,-0000.98,-0005.86,-0013.67,+0001.15,-0002.91,-0008.12
+1581210597.25,+0001.95,-0004.88,-0012.70,+0001.99,+0000.84,-0010.26
+1581210597.25,+0002.93,-0004.88,-0011.72,+0003.14,-0000.92,-0009.26
+1581210597.26,+0003.91,-0002.93,-0010.74,-0002.60,-0000.84,-0009.95
+1581210597.26,+0005.86,-0002.93,-0010.74,+0000.92,-0001.38,-0010.80
+1581210597.27,+0006.84,-0001.95,-0010.74,-0002.14,+0000.15,-0010.03
+1581210597.27,+0004.88,-0001.95,-0010.74,+0002.22,+0002.22,-0012.79
+1581210597.28,+0000.00,+0000.00,-0009.77,-0002.45,-0001.30,-0013.32
+1581210597.28,+0005.86,+0000.98,-0008.79,+0001.84,-0000.84,-0011.33
+1581210597.29,+0003.91,+0000.98,-0007.81,+0001.00,+0000.69,-0009.65
+1581210597.29,+0000.00,+0001.95,-0006.84,+0002.14,+0001.00,-0009.03
+1581210597.30,-0000.98,+0002.93,-0007.81,+0000.31,-0000.92,-0013.17
+1581210597.30,+0005.86,+0003.91,-0005.86,-0001.07,-0000.38,-0006.81
+1581210597.31,+0008.79,+0003.91,-0005.86,+0001.68,+0000.69,-0009.65
+1581210597.31,-0000.98,+0002.93,-0006.84,-0000.61,-0002.83,-0006.81
+1581210597.32,+0000.98,+0003.91,-0007.81,+0002.76,+0000.08,-0011.25
+1581210597.32,+0005.86,+0003.91,-0006.84,+0003.29,-0003.68,-0008.42
+1581210597.33,+0010.74,+0004.88,-0005.86,-0001.76,+0001.91,-0002.14
+1581210597.33,+0000.00,+0003.91,-0006.84,+0000.61,+0005.51,-0009.19
+1581210597.34,-0012.70,+0003.91,-0007.81,+0001.45,-0005.13,-0011.33
+1581210597.34,+0004.88,+0004.88,-0006.84,-0000.84,+0001.45,-0009.57
+1581210597.35,+0005.86,+0003.91,-0006.84,+0000.00,+0003.60,-0006.74
+1581210597.35,-0010.74,+0003.91,-0006.84,-0000.61,+0001.00,-0007.96
+1581210597.36,-0006.84,+0004.88,-0007.81,-0002.60,-0001.76,-0013.40
+1581210597.36,+0000.98,+0001.95,-0008.79,+0002.83,-0000.92,-0010.11
+1581210597.37,-0000.98,+0002.93,-0008.79,+0001.23,+0001.15,-0008.73
+1581210597.37,-0007.81,+0002.93,-0008.79,+0000.08,-0004.82,-0009.03
+1581210597.38,-0002.93,+0000.98,-0008.79,-0001.15,-0003.14,-0007.20
+1581210597.38,+0001.95,-0000.98,-0009.77,-0001.68,+0001.23,-0006.74
+1581210597.39,-0005.86,+0000.00,-0011.72,-0000.77,+0001.91,-0011.25
+1581210597.39,-0005.86,-0000.98,-0012.70,+0000.08,-0001.38,-0013.09
+1581210597.40,+0001.95,-0001.95,-0013.67,-0003.60,-0000.23,-0011.56
+1581210597.40,+0000.00,-0002.93,-0013.67,+0000.23,+0000.61,-0010.64
+1581210597.41,+0000.00,-0001.95,-0015.62,-0002.45,+0000.92,-0008.65
+1581210597.41,-0000.98,-0003.91,-0016.60,-0000.92,+0000.61,-0009.49
+1581210597.42,-0002.93,-0003.91,-0017.58,-0003.45,+0000.54,-0010.72
+1581210597.42,+0001.95,-0003.91,-0016.60,-0000.92,+0000.84,-0010.72
+1581210597.43,-0000.98,-0004.88,-0016.60,-0000.92,+0002.60,-0014.78
+1581210597.43,-0003.91,-0004.88,-0017.58,-0001.00,-0003.45,-0012.17
+1581210597.44,+0005.86,-0005.86,-0018.55,-0001.45,-0002.22,-0009.49
+1581210597.44,+0004.88,-0007.81,-0020.51,-0000.54,-0000.54,-0003.68
+1581210597.45,-0002.93,-0008.79,-0021.48,-0002.37,-0001.07,-0007.66
+1581210597.45,-0002.93,-0008.79,-0023.44,-0000.46,-0001.23,-0007.81
+1581210597.46,+0000.00,-0010.74,-0023.44,-0000.23,+0000.38,-0010.03
+1581210597.46,+0000.00,-0009.77,-0022.46,+0000.00,+0001.76,-0011.10
+1581210597.47,-0002.93,-0010.74,-0023.44,-0001.61,+0000.00,-0015.77
+1581210597.47,-0005.86,-0012.70,-0024.41,-0000.61,+0000.08,-0016.23
+1581210597.48,+0000.00,-0012.70,-0024.41,-0001.38,-0000.84,-0009.88
+1581210597.48,+0001.95,-0012.70,-0024.41,-0000.84,+0003.22,-0008.96
+1581210597.49,-0007.81,-0013.67,-0025.39,-0002.37,+0002.07,-0010.34
+1581210597.49,-0007.81,-0012.70,-0025.39,-0001.00,-0003.29,-0005.21
+1581210597.50,+0000.00,-0013.67,-0025.39,-0000.54,+0001.00,-0000.69
+1581210597.50,-0000.98,-0014.65,-0024.41,-0001.61,+0005.74,-0007.43
+1581210597.51,-0003.91,-0013.67,-0024.41,-0002.07,-0001.91,-0015.08
+1581210597.51,+0001.95,-0014.65,-0026.37,-0002.14,-0000.54,-0022.74
+1581210597.52,+0003.91,-0014.65,-0026.37,+0000.00,-0001.45,-0016.23
+1581210597.52,+0003.91,-0012.70,-0026.37,-0000.77,-0001.91,-0015.77
+1581210597.53,+0002.93,-0012.70,-0025.39,-0001.23,+0000.15,-0014.47
+1581210597.53,+0006.84,-0012.70,-0025.39,-0001.30,-0000.61,-0004.59
+1581210597.54,+0005.86,-0012.70,-0025.39,-0000.61,-0001.76,-0002.91
+1581210597.54,+0001.95,-0013.67,-0026.37,+0000.54,-0001.15,-0002.99
+1581210597.55,+0002.93,-0013.67,-0025.39,+0001.61,-0000.46,-0006.97
+1581210597.55,+0005.86,-0011.72,-0024.41,+0002.76,-0001.76,-0003.75
+1581210597.56,+0003.91,-0010.74,-0022.46,+0000.77,+0001.53,-0005.97
+1581210597.56,-0004.88,-0009.77,-0021.48,+0001.76,+0002.37,-0010.34
+1581210597.57,-0006.84,-0008.79,-0020.51,+0003.22,+0000.46,-0015.54
+1581210597.57,-0000.98,-0007.81,-0018.55,+0000.31,+0002.37,-0015.47
+1581210597.58,-0002.93,-0007.81,-0017.58,+0001.38,+0001.30,-0012.79
+1581210597.58,-0006.84,-0006.84,-0016.60,-0000.08,+0002.53,-0015.16
+1581210597.59,-0003.91,-0006.84,-0015.62,-0000.38,-0001.38,-0009.34
+1581210597.59,+0000.98,-0005.86,-0015.62,+0000.08,+0002.83,-0009.19
+1581210597.60,-0003.91,-0003.91,-0014.65,-0001.00,+0000.77,-0005.90
+1581210597.60,-0000.98,-0003.91,-0013.67,+0000.61,+0001.15,-0002.76
+1581210597.61,-0000.98,-0002.93,-0012.70,+0001.61,-0000.23,-0004.06
+1581210597.61,-0003.91,-0002.93,-0012.70,+0002.07,+0000.31,-0003.83
+1581210597.62,-0005.86,-0001.95,-0011.72,+0002.45,+0001.68,-0011.10
+1581210597.62,-0005.86,+0000.00,-0009.77,+0002.68,-0002.68,-0011.79
+1581210597.63,+0000.98,+0000.98,-0008.79,-0001.76,-0000.23,-0015.01
+1581210597.63,-0005.86,+0000.98,-0008.79,+0002.83,+0000.92,-0013.86
+1581210597.64,-0005.86,+0002.93,-0007.81,+0001.91,-0003.83,-0011.18
+1581210597.64,+0000.00,+0002.93,-0005.86,+0002.22,+0000.38,-0009.88
+1581210597.65,-0001.95,+0003.91,-0004.88,+0004.13,+0001.45,-0007.96
+1581210597.65,-0006.84,+0004.88,-0004.88,+0001.91,+0000.38,-0011.56
+1581210597.66,+0000.00,+0006.84,-0002.93,+0001.53,+0000.46,-0007.50
+1581210597.66,+0001.95,+0006.84,-0001.95,+0004.06,+0002.60,-0010.87
+1581210597.67,-0006.84,+0008.79,-0000.98,-0000.38,-0000.61,-0008.65
+1581210597.67,-0001.95,+0009.77,-0000.98,-0000.08,+0000.23,-0010.87
+1581210597.68,-0000.98,+0009.77,+0000.00,+0003.37,-0000.31,-0010.57
+1581210597.68,-0000.98,+0011.72,+0000.98,-0000.15,+0000.38,-0007.27
+1581210597.69,-0003.91,+0011.72,+0000.98,+0000.31,+0001.07,-0010.95
+1581210597.69,-0005.86,+0012.70,+0002.93,-0000.61,-0001.07,-0010.72
+1581210597.70,+0001.95,+0014.65,+0002.93,+0002.37,-0000.23,-0012.25
+1581210597.70,+0002.93,+0014.65,+0003.91,-0001.30,+0001.00,-0009.42
+1581210597.71,-0001.95,+0015.62,+0003.91,+0000.00,-0000.15,-0013.40
+1581210597.71,+0000.00,+0015.62,+0003.91,+0002.30,-0003.83,-0008.73
+1581210597.72,+0007.81,+0015.62,+0003.91,+0002.76,-0000.54,-0010.57
+1581210597.72,+0001.95,+0017.58,+0003.91,-0001.91,+0003.45,-0014.24
+1581210597.73,+0002.93,+0019.53,+0003.91,+0000.23,+0000.54,-0012.48
+1581210597.73,+0003.91,+0017.58,+0004.88,-0000.61,+0002.76,-0014.24
+1581210597.74,+0003.91,+0019.53,+0004.88,+0003.22,-0004.21,-0008.73
+1581210597.74,+0009.77,+0018.55,+0005.86,+0001.30,+0004.67,-0010.49
+1581210597.75,-0004.88,+0018.55,+0003.91,+0000.08,-0001.45,-0011.48
+1581210597.75,+0000.00,+0020.51,+0004.88,+0003.75,-0001.38,-0010.95
+1581210597.76,+0009.77,+0020.51,+0005.86,-0000.61,-0000.08,-0013.78
+1581210597.76,+0011.72,+0021.48,+0007.81,-0001.99,-0010.18,+0000.69
+1581210597.77,+0034.18,+0018.55,+0005.86,-0000.31,-0003.29,+0022.43
+1581210597.77,-0004.88,+0015.62,-0001.95,+0002.07,+0021.97,-0027.18
+1581210597.78,-0033.20,+0018.55,-0001.95,+0008.65,-0003.52,-0019.68
+1581210597.78,+0018.55,+0024.41,+0000.98,-0008.96,-0000.84,-0016.54
+1581210597.79,+0017.58,+0016.60,+0002.93,+0002.99,+0008.88,-0009.42
+1581210597.79,-0007.81,+0025.39,+0002.93,+0003.60,+0001.61,-0003.52
+1581210597.80,-0014.65,+0018.55,+0000.98,+0001.38,-0002.14,-0014.01
+1581210597.80,+0003.91,+0016.60,+0000.00,+0000.15,-0003.83,-0004.44
+1581210597.81,+0010.74,+0015.62,-0000.98,-0000.46,+0004.36,-0001.45
+1581210597.81,-0008.79,+0017.58,-0002.93,-0002.45,-0003.83,-0009.95
+1581210597.82,-0004.88,+0015.62,-0002.93,+0001.76,-0003.52,-0012.71
+1581210597.82,+0006.84,+0014.65,-0002.93,+0000.23,-0001.23,-0010.72
+1581210597.83,+0006.84,+0015.62,-0003.91,+0001.38,-0001.99,-0007.58
+1581210597.83,+0000.98,+0014.65,-0006.84,-0002.14,-0000.08,-0012.33
+1581210597.84,-0003.91,+0011.72,-0008.79,-0001.61,-0002.07,-0014.62
+1581210597.84,+0000.98,+0011.72,-0010.74,-0001.38,-0002.60,-0015.31
+1581210597.85,+0006.84,+0010.74,-0011.72,-0000.69,+0002.37,-0009.88
+1581210597.85,-0001.95,+0011.72,-0012.70,-0002.37,-0001.15,-0013.09
+1581210597.86,-0005.86,+0010.74,-0013.67,-0000.84,-0002.37,-0012.48
+1581210597.86,+0004.88,+0008.79,-0014.65,-0002.07,-0002.07,-0008.04
+1581210597.87,+0001.95,+0008.79,-0015.62,-0001.99,-0000.77,-0008.80
+1581210597.87,-0000.98,+0008.79,-0016.60,-0002.45,-0003.29,-0006.05
+1581210597.88,+0007.81,+0006.84,-0017.58,-0002.07,-0000.69,-0007.89
+1581210597.88,+0004.88,+0004.88,-0018.55,-0001.38,-0003.52,-0008.88
+1581210597.89,+0006.84,+0005.86,-0020.51,-0003.52,+0000.38,-0012.02
+1581210597.89,+0004.88,+0002.93,-0022.46,-0003.68,+0001.61,-0016.31
+1581210597.90,+0001.95,+0003.91,-0023.44,-0001.07,-0002.76,-0014.32
+1581210597.90,+0008.79,+0002.93,-0023.44,-0002.83,-0000.31,-0009.80
+1581210597.91,+0008.79,+0001.95,-0023.44,-0000.54,-0000.61,-0004.98
+1581210597.91,+0002.93,+0000.98,-0026.37,-0004.13,+0001.07,-0006.74
+1581210597.92,-0001.95,-0000.98,-0029.30,-0000.69,-0001.76,-0012.40
+1581210597.92,+0002.93,-0001.95,-0029.30,-0000.61,-0001.15,-0011.41
+1581210597.93,+0008.79,-0002.93,-0028.32,-0000.08,-0002.30,-0008.80
+1581210597.93,+0004.88,-0002.93,-0028.32,-0001.68,+0000.23,-0008.65
+1581210597.94,+0001.95,-0003.91,-0030.27,-0001.91,-0003.68,-0011.71
+1581210597.94,+0005.86,-0005.86,-0032.23,-0001.68,-0000.38,-0013.25
+1581210597.95,+0009.77,-0006.84,-0033.20,-0001.00,-0002.91,-0010.57
+1581210597.95,+0011.72,-0006.84,-0034.18,-0002.99,+0001.45,-0011.87
+1581210597.96,+0006.84,-0007.81,-0036.13,-0002.76,-0000.92,-0014.01
+1581210597.96,+0007.81,-0009.77,-0037.11,-0002.83,-0002.22,-0011.25
+1581210597.97,+0017.58,-0010.74,-0038.09,-0001.38,-0002.07,-0009.57
+1581210597.97,+0009.77,-0011.72,-0039.06,-0001.00,+0000.84,-0011.48
+1581210597.98,+0002.93,-0011.72,-0040.04,-0005.59,-0001.15,-0013.02
+1581210597.98,+0010.74,-0015.62,-0040.04,-0000.54,-0002.60,-0013.86
+1581210597.99,+0014.65,-0016.60,-0041.02,-0000.38,+0002.37,-0007.04
+1581210597.99,+0005.86,-0016.60,-0041.99,-0001.91,+0000.77,-0011.33
+1581210598.00,+0000.00,-0018.55,-0043.95,-0002.99,-0000.84,-0012.48
+1581210598.00,+0010.74,-0021.48,-0043.95,+0000.61,-0002.76,-0007.96
+1581210598.01,+0008.79,-0021.48,-0042.97,-0000.23,+0000.84,-0007.12
+1581210598.01,+0002.93,-0021.48,-0042.97,-0003.14,-0001.07,-0007.35
+1581210598.02,+0005.86,-0025.39,-0042.97,-0002.22,+0001.30,-0008.19
+1581210598.02,+0003.91,-0027.34,-0043.95,-0004.44,+0001.30,-0009.95
+1581210598.03,+0001.95,-0028.32,-0044.92,-0001.38,-0000.54,-0011.25
+1581210598.03,+0003.91,-0030.27,-0044.92,-0002.37,+0000.31,-0014.09
+1581210598.04,+0002.93,-0032.23,-0045.90,-0001.99,+0000.08,-0012.17
+1581210598.04,+0001.95,-0032.23,-0045.90,-0002.30,-0001.53,-0007.35
+1581210598.05,+0003.91,-0034.18,-0046.88,+0000.00,+0001.91,-0007.35
+1581210598.05,-0002.93,-0035.16,-0046.88,-0002.22,-0000.69,-0010.64
+1581210598.06,-0000.98,-0036.13,-0046.88,+0000.15,-0000.23,-0007.89
+1581210598.06,+0004.88,-0037.11,-0045.90,-0000.61,-0000.31,-0010.18
+1581210598.07,-0000.98,-0036.13,-0045.90,-0000.08,+0001.61,-0008.04
+1581210598.07,-0001.95,-0037.11,-0045.90,-0003.29,+0000.61,-0011.87
+1581210598.08,-0000.98,-0038.09,-0045.90,-0002.07,-0001.38,-0009.26
+1581210598.08,+0004.88,-0037.11,-0044.92,+0000.31,+0001.61,-0008.50
+1581210598.09,+0003.91,-0037.11,-0043.95,-0004.29,-0001.45,-0007.81
+1581210598.09,-0002.93,-0039.06,-0044.92,-0002.99,+0000.15,-0014.32
+1581210598.10,-0004.88,-0040.04,-0044.92,+0001.15,-0001.76,-0014.93
+1581210598.10,+0003.91,-0038.09,-0042.97,+0001.45,-0000.08,-0010.41
+1581210598.11,+0003.91,-0037.11,-0041.02,+0001.07,+0000.61,-0012.17
+1581210598.11,-0000.98,-0036.13,-0039.06,-0000.77,-0002.30,-0008.42
+1581210598.12,+0002.93,-0037.11,-0038.09,+0000.92,-0001.91,-0007.43
+1581210598.12,+0003.91,-0037.11,-0038.09,+0001.07,+0000.54,-0007.12
+1581210598.13,+0000.98,-0036.13,-0036.13,+0001.53,-0001.53,-0008.96
+1581210598.13,+0002.93,-0035.16,-0034.18,-0000.08,+0000.15,-0009.34
+1581210598.14,+0005.86,-0035.16,-0032.23,+0000.69,-0000.15,-0008.27
+1581210598.14,+0002.93,-0034.18,-0031.25,-0000.38,+0002.91,-0010.34
+1581210598.15,-0001.95,-0034.18,-0030.27,+0000.69,-0000.61,-0010.41
+1581210598.15,+0000.98,-0032.23,-0028.32,+0001.15,+0001.61,-0008.80
+1581210598.16,+0000.98,-0030.27,-0026.37,+0001.15,+0001.15,-0007.58
+1581210598.16,-0000.98,-0028.32,-0023.44,+0005.74,+0000.77,-0010.34
+1581210598.17,+0000.98,-0027.34,-0020.51,+0002.60,-0002.83,-0009.95
+1581210598.17,+0004.88,-0026.37,-0017.58,+0003.45,+0001.07,-0015.93
+1581210598.18,+0000.98,-0024.41,-0016.60,+0000.92,-0000.15,-0014.55
+1581210598.18,+0003.91,-0021.48,-0015.62,+0000.61,+0001.00,-0015.31
+1581210598.19,+0001.95,-0021.48,-0013.67,+0003.75,-0001.45,-0011.87
+1581210598.19,+0007.81,-0017.58,-0010.74,+0002.37,-0002.91,-0004.82
+1581210598.20,+0004.88,-0017.58,-0008.79,+0002.60,+0002.45,-0008.73
+1581210598.20,-0002.93,-0016.60,-0006.84,+0005.05,-0001.45,-0007.27
+1581210598.21,+0004.88,-0013.67,-0004.88,+0003.68,+0000.77,-0012.48
+1581210598.21,+0005.86,-0011.72,-0001.95,+0002.83,+0000.00,-0009.65
+1581210598.22,+0005.86,-0009.77,+0000.98,+0001.61,+0003.60,-0010.41
+1581210598.22,-0001.95,-0009.77,+0002.93,+0002.91,-0002.45,-0007.27
+1581210598.23,+0004.88,-0006.84,+0004.88,+0004.67,-0001.23,-0005.51
+1581210598.23,+0005.86,-0004.88,+0007.81,+0001.99,+0001.68,-0006.28
+1581210598.24,-0004.88,-0002.93,+0009.77,+0003.68,-0000.38,-0009.49
+1581210598.24,-0003.91,-0000.98,+0011.72,+0002.99,-0000.23,-0010.95
+1581210598.25,+0001.95,+0000.98,+0014.65,+0003.68,-0000.61,-0009.65
+1581210598.25,-0001.95,+0001.95,+0016.60,+0003.52,+0000.38,-0012.86
+1581210598.26,-0005.86,+0002.93,+0018.55,+0004.29,-0001.23,-0011.48
+1581210598.26,-0004.88,+0002.93,+0019.53,+0002.76,-0000.31,-0011.71
+1581210598.27,-0005.86,+0004.88,+0020.51,+0005.44,+0001.07,-0010.87
+1581210598.27,-0006.84,+0006.84,+0021.48,+0004.90,-0001.15,-0007.04
+1581210598.28,-0005.86,+0006.84,+0023.44,+0003.14,+0000.61,-0008.58
+1581210598.28,-0007.81,+0006.84,+0024.41,+0002.68,-0000.84,-0009.19
+1581210598.29,-0006.84,+0008.79,+0025.39,+0002.68,+0000.08,-0012.79
+1581210598.29,-0005.86,+0009.77,+0027.34,+0001.00,-0002.76,-0010.03
+1581210598.30,+0000.98,+0011.72,+0028.32,+0002.99,-0000.92,-0007.66
+1581210598.30,-0002.93,+0010.74,+0028.32,-0000.38,+0001.07,-0009.49
+1581210598.31,-0004.88,+0012.70,+0029.30,+0000.77,-0002.14,-0009.88
+1581210598.31,+0000.00,+0013.67,+0030.27,+0002.53,+0000.31,-0011.10
+1581210598.32,+0000.00,+0014.65,+0030.27,+0002.14,+0000.77,-0010.49
+1581210598.32,-0000.98,+0015.62,+0031.25,+0001.68,-0000.69,-0011.18
+1581210598.33,+0000.00,+0015.62,+0032.23,+0001.07,+0001.99,-0011.71
+1581210598.33,-0001.95,+0015.62,+0032.23,+0003.37,+0000.00,-0012.17
+1581210598.34,-0000.98,+0016.60,+0032.23,+0001.38,+0000.69,-0011.87
+1581210598.34,+0000.00,+0016.60,+0032.23,+0001.30,+0001.91,-0007.58
+1581210598.35,-0005.86,+0016.60,+0032.23,-0000.61,+0003.98,-0010.49
+1581210598.35,-0006.84,+0017.58,+0031.25,+0001.23,+0000.15,-0010.34
+1581210598.36,-0003.91,+0017.58,+0031.25,+0000.61,+0000.77,-0010.41
+1581210598.36,-0000.98,+0016.60,+0031.25,-0000.77,+0000.31,-0009.11
+1581210598.37,-0002.93,+0015.62,+0030.27,+0000.00,+0002.76,-0009.88
+1581210598.37,-0007.81,+0014.65,+0028.32,-0000.84,+0000.08,-0010.57
+1581210598.38,-0003.91,+0014.65,+0027.34,-0002.76,-0001.30,-0009.80
+1581210598.38,+0000.00,+0014.65,+0026.37,-0000.23,+0003.37,-0010.80
+1581210598.39,-0004.88,+0014.65,+0027.34,-0001.84,+0000.69,-0012.94
+1581210598.39,-0001.95,+0014.65,+0027.34,-0004.06,-0002.68,-0008.35
+1581210598.40,+0005.86,+0012.70,+0025.39,-0000.69,+0003.37,-0008.35
+1581210598.40,-0003.91,+0010.74,+0021.48,-0002.91,+0002.60,-0011.33
+1581210598.41,-0003.91,+0011.72,+0020.51,-0001.91,-0004.21,-0011.10
+1581210598.41,+0008.79,+0011.72,+0019.53,-0003.14,+0001.45,-0008.27
+1581210598.42,+0004.88,+0009.77,+0019.53,+0000.54,+0002.45,-0009.72
+1581210598.42,-0002.93,+0011.72,+0017.58,-0004.29,-0000.46,-0011.33
+1581210598.43,+0002.93,+0009.77,+0016.60,-0002.45,-0009.03,-0006.20
+1581210598.43,+0022.46,+0007.81,+0015.62,-0005.13,+0004.36,+0001.23
+1581210598.44,-0000.98,+0008.79,+0010.74,-0000.54,+0010.80,-0016.69
+1581210598.44,-0019.53,+0008.79,+0009.77,-0007.35,-0003.45,-0014.55
+1581210598.45,+0010.74,+0009.77,+0008.79,-0006.20,+0001.84,-0012.02
+1581210598.45,+0007.81,+0006.84,+0008.79,+0001.00,+0002.14,-0005.67
+1581210598.45,-0003.91,+0009.77,+0007.81,-0002.45,+0002.76,-0005.82
+1581210598.46,-0008.79,+0003.91,+0005.86,-0001.07,-0000.46,-0005.13
+1581210598.46,-0000.98,+0003.91,+0003.91,-0002.99,+0001.07,-0004.82
+1581210598.47,-0002.93,+0003.91,+0001.95,+0000.08,+0002.83,-0010.18
+1581210598.47,-0007.81,+0004.88,+0000.98,-0002.30,+0000.54,-0008.04
+1581210598.48,-0006.84,+0001.95,-0000.98,-0001.53,-0002.37,-0013.70
+1581210598.48,-0001.95,+0001.95,-0001.95,-0002.60,-0000.54,-0010.26
+1581210598.49,-0001.95,+0000.98,-0001.95,-0000.46,+0001.30,-0011.94
+1581210598.49,-0006.84,+0000.00,-0003.91,+0000.38,-0001.99,-0010.03
+1581210598.50,-0001.95,-0000.98,-0005.86,-0001.15,-0000.61,-0008.50
+1581210598.50,-0004.88,-0001.95,-0006.84,-0000.54,-0001.53,-0009.65
+1581210598.51,-0001.95,-0000.98,-0008.79,-0000.54,-0003.29,-0008.73
+1581210598.51,+0000.00,-0003.91,-0010.74,-0001.76,+0000.54,-0011.87
+1581210598.52,-0002.93,-0004.88,-0011.72,-0000.23,-0002.68,-0011.64
+1581210598.52,-0000.98,-0005.86,-0012.70,-0000.77,-0001.84,-0013.93
+1581210598.53,+0001.95,-0006.84,-0013.67,-0000.61,-0002.45,-0009.72
+1581210598.53,+0001.95,-0007.81,-0014.65,-0000.69,+0000.38,-0007.89
+1581210598.54,-0003.91,-0008.79,-0015.62,-0001.30,+0000.31,-0010.26
+1581210598.54,-0005.86,-0010.74,-0016.60,-0000.61,-0000.92,-0012.79
+1581210598.55,+0000.98,-0010.74,-0017.58,-0000.77,-0000.15,-0010.64
+1581210598.55,+0001.95,-0011.72,-0017.58,-0000.84,-0000.38,-0009.65
+1581210598.56,+0000.00,-0012.70,-0017.58,-0001.23,-0002.45,-0008.58
+1581210598.56,+0000.00,-0014.65,-0018.55,-0000.08,-0002.83,-0010.03
+1581210598.57,+0001.95,-0015.62,-0019.53,+0000.23,-0000.61,-0008.27
+1581210598.57,+0000.98,-0015.62,-0020.51,-0000.84,-0001.45,-0009.34
+1581210598.58,+0000.00,-0015.62,-0020.51,-0002.22,-0000.84,-0012.17
+1581210598.58,+0003.91,-0016.60,-0019.53,-0000.84,-0001.23,-0011.03
+1581210598.59,+0005.86,-0016.60,-0019.53,-0001.45,-0000.08,-0009.72
+1581210598.59,+0002.93,-0016.60,-0020.51,-0000.77,-0000.46,-0010.34
+1581210598.60,+0002.93,-0017.58,-0021.48,-0001.76,-0001.99,-0013.09
+1581210598.60,+0005.86,-0018.55,-0021.48,+0000.54,-0002.22,-0006.74
+1581210598.61,+0004.88,-0017.58,-0021.48,-0002.45,+0000.61,-0006.43
+1581210598.61,+0000.00,-0018.55,-0021.48,-0000.15,-0000.77,-0011.41
+1581210598.62,+0005.86,-0017.58,-0019.53,+0002.45,-0000.69,-0009.26
+1581210598.62,+0008.79,-0016.60,-0019.53,-0001.07,-0000.08,-0009.49
+1581210598.63,+0000.98,-0017.58,-0019.53,+0000.69,+0000.61,-0010.57
+1581210598.63,+0000.00,-0016.60,-0019.53,+0001.61,-0000.77,-0014.32
+1581210598.64,+0005.86,-0016.60,-0017.58,+0000.38,-0001.68,-0010.11
+1581210598.64,+0006.84,-0015.62,-0016.60,+0001.84,+0001.76,-0009.72
+1581210598.65,-0003.91,-0015.62,-0016.60,-0000.31,+0001.53,-0012.40
+1581210598.65,-0000.98,-0015.62,-0014.65,+0000.92,-0003.98,-0011.71
+1581210598.66,+0009.77,-0014.65,-0013.67,-0001.00,-0000.08,-0011.33
+1581210598.66,+0004.88,-0014.65,-0013.67,-0000.92,+0000.84,-0008.12
+1581210598.67,-0000.98,-0015.62,-0013.67,+0000.84,-0001.00,-0010.80
+1581210598.67,+0001.95,-0015.62,-0012.70,+0001.61,-0003.29,-0012.25
+1581210598.68,+0006.84,-0014.65,-0011.72,+0001.15,-0001.30,-0011.48
+1581210598.68,+0007.81,-0014.65,-0010.74,+0001.76,-0002.07,-0007.04
+1581210598.69,+0003.91,-0015.62,-0009.77,+0002.07,-0001.15,-0007.81
+1581210598.69,-0001.95,-0015.62,-0008.79,+0001.68,+0000.46,-0012.25
+1581210598.70,+0000.98,-0014.65,-0007.81,+0001.91,-0002.60,-0012.33
+1581210598.70,+0007.81,-0012.70,-0005.86,+0000.61,+0001.23,-0009.80
+1581210598.71,+0000.98,-0013.67,-0004.88,+0002.37,+0000.00,-0009.34
+1581210598.71,-0005.86,-0013.67,-0004.88,+0002.53,-0001.61,-0012.63
+1581210598.72,+0001.95,-0012.70,-0004.88,+0002.83,-0003.98,-0011.64
+1581210598.72,+0005.86,-0011.72,-0003.91,+0002.14,-0000.92,-0008.12
+1581210598.73,-0002.93,-0010.74,-0002.93,+0003.45,-0001.61,-0009.03
+1581210598.73,-0003.91,-0011.72,-0002.93,+0001.45,-0003.29,-0009.03
+1581210598.74,+0003.91,-0009.77,-0000.98,+0001.53,-0002.53,-0007.35
+1581210598.74,+0004.88,-0009.77,-0000.98,+0001.23,+0000.15,-0007.73
+1581210598.75,-0002.93,-0009.77,+0000.00,+0003.22,-0001.76,-0010.34
+1581210598.75,-0000.98,-0007.81,+0000.98,+0001.68,-0002.99,-0011.10
+1581210598.76,+0006.84,-0006.84,+0001.95,+0001.38,+0000.00,-0014.47
+1581210598.76,+0000.98,-0006.84,+0001.95,+0003.29,-0002.14,-0010.95
+1581210598.77,+0000.00,-0006.84,+0003.91,+0001.76,-0000.15,-0010.87
+1581210598.77,+0001.95,-0005.86,+0004.88,+0002.99,-0000.31,-0011.18
+1581210598.78,+0000.98,-0004.88,+0005.86,+0000.69,-0003.45,-0007.73
+1581210598.78,+0006.84,-0004.88,+0006.84,+0001.00,+0001.23,-0005.67
+1581210598.79,-0001.95,-0006.84,+0007.81,+0001.91,+0002.99,-0008.58
+1581210598.79,-0007.81,-0004.88,+0008.79,+0000.69,+0000.31,-0012.79
+1581210598.80,+0001.95,-0003.91,+0009.77,+0000.69,-0000.61,-0011.48
+1581210598.80,+0002.93,-0003.91,+0010.74,-0001.07,+0002.45,-0010.34
+1581210598.81,-0003.91,-0004.88,+0011.72,-0001.53,+0001.68,-0006.12
+1581210598.81,-0006.84,-0005.86,+0011.72,-0001.53,+0000.46,-0009.80
+1581210598.82,+0000.00,-0003.91,+0012.70,-0000.23,-0002.30,-0005.59
+1581210598.82,+0000.00,-0004.88,+0012.70,-0001.91,+0002.14,-0001.30
+1581210598.83,-0014.65,-0005.86,+0013.67,+0000.08,-0002.07,-0007.35
+1581210598.83,-0008.79,-0004.88,+0014.65,-0000.46,+0001.23,-0010.95
+1581210598.84,+0000.00,-0003.91,+0015.62,-0000.61,+0001.07,-0018.07
+1581210598.84,+0000.00,-0004.88,+0015.62,+0000.38,-0001.38,-0021.05
+1581210598.85,-0002.93,-0004.88,+0016.60,-0000.61,-0001.00,-0017.30
+1581210598.85,-0001.95,-0004.88,+0016.60,+0000.69,-0000.31,-0017.38
+1581210598.86,+0002.93,-0003.91,+0015.62,+0000.54,-0002.45,-0014.47
+1581210598.86,+0008.79,-0003.91,+0014.65,+0000.92,+0003.37,-0006.43
+1581210598.87,+0000.00,-0003.91,+0013.67,+0002.07,+0000.00,-0010.34
+1581210598.87,+0001.95,-0003.91,+0014.65,+0001.84,-0006.97,-0004.36
+1581210598.88,+0014.65,-0001.95,+0017.58,+0006.28,-0003.06,-0009.26
+1581210598.88,+0010.74,-0002.93,+0020.51,+0006.58,+0001.61,-0006.58
+1581210598.89,+0002.93,-0000.98,+0021.48,-0003.37,-0002.45,-0009.03
+1581210598.89,+0006.84,-0002.93,+0020.51,+0006.12,-0003.52,-0010.72
+1581210598.90,+0013.67,-0001.95,+0020.51,+0002.60,+0003.06,-0013.17
+1581210598.90,+0002.93,-0001.95,+0020.51,+0003.90,-0001.07,-0011.94
+1581210598.91,+0003.91,-0001.95,+0020.51,+0002.83,-0002.14,-0010.49
+1581210598.91,+0006.84,-0001.95,+0020.51,+0002.91,-0000.08,-0010.80
+1581210598.92,+0001.95,+0000.00,+0020.51,+0002.07,+0000.84,-0007.27
+1581210598.92,-0003.91,+0000.00,+0020.51,+0003.68,+0001.68,-0011.18
+1581210598.93,-0004.88,+0000.98,+0021.48,+0002.60,+0000.31,-0007.89
+1581210598.93,-0000.98,+0001.95,+0022.46,+0001.38,+0001.76,-0007.04
+1581210598.94,-0007.81,+0001.95,+0022.46,-0000.38,+0003.06,-0007.73
+1581210598.94,-0011.72,+0002.93,+0022.46,-0000.92,+0000.38,-0009.80
+1581210598.95,-0004.88,+0003.91,+0021.48,+0000.46,-0002.68,-0009.95
+1581210598.95,-0005.86,+0003.91,+0020.51,-0001.99,-0000.23,-0009.88
+1581210598.96,-0010.74,+0003.91,+0020.51,+0000.15,+0002.14,-0013.63
+1581210598.96,-0007.81,+0005.86,+0021.48,-0002.45,-0001.23,-0011.33
+1581210598.97,-0004.88,+0006.84,+0021.48,-0002.91,+0000.38,-0010.41
+1581210598.97,-0005.86,+0007.81,+0021.48,+0000.31,-0000.92,-0007.73
+1581210598.98,-0005.86,+0008.79,+0021.48,-0002.53,+0000.00,-0009.19
+1581210598.98,-0002.93,+0008.79,+0021.48,-0000.61,-0000.84,-0007.96
+1581210598.99,-0004.88,+0009.77,+0020.51,-0001.45,+0000.92,-0011.64
+1581210598.99,-0004.88,+0010.74,+0020.51,-0001.30,-0001.53,-0009.88
+1581210599.00,-0002.93,+0011.72,+0021.48,-0000.54,+0000.31,-0012.25
+1581210599.00,-0000.98,+0012.70,+0022.46,-0000.84,-0000.31,-0010.87
+1581210599.01,-0001.95,+0012.70,+0022.46,-0003.75,-0000.31,-0008.58
+1581210599.01,+0000.00,+0012.70,+0021.48,-0001.00,+0000.61,-0009.19
+1581210599.02,-0000.98,+0012.70,+0021.48,-0001.38,+0000.69,-0010.64
+1581210599.02,-0000.98,+0013.67,+0021.48,-0000.92,-0001.68,-0011.33
+1581210599.03,+0003.91,+0013.67,+0020.51,-0002.30,-0000.84,-0007.96
+1581210599.03,+0001.95,+0011.72,+0020.51,-0001.15,+0002.60,-0008.19
+1581210599.04,-0002.93,+0011.72,+0019.53,-0001.23,+0000.23,-0010.72
+1581210599.04,-0001.95,+0012.70,+0019.53,-0002.37,-0001.07,-0011.71
+1581210599.05,+0004.88,+0011.72,+0019.53,-0004.75,+0000.84,-0009.34
+1581210599.05,+0003.91,+0009.77,+0019.53,-0001.84,+0001.38,-0007.96
+1581210599.06,-0004.88,+0008.79,+0018.55,-0002.68,-0001.23,-0011.87
+1581210599.06,-0000.98,+0009.77,+0017.58,-0004.67,-0001.53,-0010.11
+1581210599.07,+0007.81,+0007.81,+0015.62,-0002.99,-0000.31,-0008.50
+1581210599.07,+0000.98,+0005.86,+0014.65,-0002.68,+0001.38,-0009.72
+1581210599.08,-0006.84,+0005.86,+0013.67,-0002.37,-0001.91,-0009.88
+1581210599.08,+0003.91,+0004.88,+0013.67,-0003.98,-0003.14,-0007.89
+1581210599.09,+0007.81,+0003.91,+0012.70,-0002.99,+0003.06,-0008.58
+1581210599.09,-0007.81,+0002.93,+0010.74,-0004.59,-0004.36,-0012.94
+1581210599.10,+0005.86,+0003.91,+0010.74,-0002.53,-0006.20,-0012.48
+1581210599.10,+0030.27,+0000.98,+0010.74,-0005.82,-0012.40,+0005.36
+1581210599.11,+0017.58,-0003.91,+0005.86,-0000.54,+0015.47,-0030.09
+1581210599.11,-0046.88,-0001.95,+0002.93,-0004.82,-0011.71,-0015.08
+1581210599.12,+0002.93,+0004.88,+0003.91,+0009.80,-0007.50,-0022.05
+1581210599.12,+0032.23,-0002.93,+0004.88,-0010.11,-0005.36,-0012.40
+1581210599.13,-0000.98,-0001.95,+0005.86,+0001.30,+0004.82,-0007.27
+1581210599.13,-0023.44,+0000.98,+0005.86,-0003.45,-0006.05,-0014.78
+1581210599.14,-0006.84,-0004.88,+0004.88,+0001.45,-0001.68,-0015.24
+1581210599.14,+0012.70,-0004.88,+0002.93,+0001.07,+0000.69,-0001.38
+1581210599.15,+0000.98,-0002.93,+0000.98,-0000.38,+0002.99,-0001.30
+1581210599.15,-0022.46,-0004.88,+0000.00,-0003.90,+0000.00,-0008.19
+1581210599.16,-0008.79,-0005.86,+0000.00,+0003.75,-0007.04,-0008.80
+1581210599.16,+0007.81,-0002.93,+0000.00,+0002.37,+0001.91,-0007.96
+1581210599.17,-0002.93,-0001.95,+0000.00,-0001.38,-0001.84,-0004.75
+1581210599.17,-0013.67,-0002.93,-0000.98,+0001.99,-0001.15,-0013.02
+1581210599.18,-0004.88,-0003.91,+0000.00,+0003.52,-0002.30,-0016.54
+1581210599.18,+0003.91,+0000.00,-0000.98,+0001.68,-0000.92,-0014.16
+1581210599.19,-0001.95,+0000.00,+0000.00,+0001.53,-0002.68,-0011.56
+1581210599.19,-0006.84,+0000.00,-0000.98,+0001.07,-0002.07,-0012.17
+1581210599.20,-0001.95,+0000.00,-0000.98,+0000.77,-0005.36,-0006.28
+1581210599.20,+0003.91,+0001.95,-0000.98,+0000.31,-0000.54,-0004.67
+1581210599.21,-0004.88,+0001.95,-0001.95,-0001.15,+0000.46,-0006.58
+1581210599.21,-0004.88,+0002.93,-0000.98,+0000.38,-0003.52,-0006.97
+1581210599.22,+0002.93,+0003.91,-0000.98,-0001.76,+0000.00,-0007.81
+1581210599.22,+0000.00,+0003.91,-0000.98,-0001.07,+0001.99,-0006.58
+1581210599.23,-0012.70,+0005.86,-0002.93,-0001.00,+0003.29,-0012.63
+1581210599.23,-0010.74,+0006.84,-0002.93,-0000.54,-0001.91,-0014.32
+1581210599.24,+0001.95,+0006.84,-0000.98,-0001.15,+0001.76,-0011.48
+1581210599.24,-0004.88,+0007.81,+0000.00,-0001.91,+0002.60,-0010.80
+1581210599.25,-0010.74,+0007.81,-0001.95,-0003.45,+0000.08,-0012.17
+1581210599.25,-0006.84,+0007.81,-0004.88,-0003.52,-0000.15,-0013.86
+1581210599.26,-0001.95,+0008.79,-0004.88,-0000.46,-0003.14,-0009.80
+1581210599.26,+0000.00,+0010.74,-0004.88,-0003.83,+0000.54,-0007.58
+1581210599.27,-0007.81,+0010.74,-0004.88,-0003.68,-0002.83,-0009.34
+1581210599.27,-0002.93,+0011.72,-0005.86,+0000.46,-0003.45,-0007.81
+1581210599.28,+0002.93,+0012.70,-0006.84,-0003.45,+0000.38,-0008.96
+1581210599.28,-0001.95,+0012.70,-0007.81,-0002.14,+0000.31,-0010.03
+1581210599.29,-0003.91,+0013.67,-0008.79,+0000.54,-0002.30,-0012.56
+1581210599.29,+0000.98,+0013.67,-0007.81,-0000.84,-0002.14,-0011.64
+1581210599.30,+0002.93,+0013.67,-0007.81,+0000.46,+0001.38,-0011.25
+1581210599.30,-0002.93,+0013.67,-0009.77,-0000.38,-0002.37,-0011.03
+1581210599.31,-0000.98,+0013.67,-0010.74,-0001.99,-0000.77,-0010.41
+1581210599.31,+0001.95,+0012.70,-0011.72,+0000.31,+0001.53,-0012.63
+1581210599.32,-0000.98,+0014.65,-0011.72,-0000.38,-0002.37,-0008.04
+1581210599.32,+0001.95,+0013.67,-0012.70,-0003.68,+0001.15,-0009.11
+1581210599.33,+0000.00,+0011.72,-0013.67,-0001.91,+0003.06,-0010.64
+1581210599.33,-0004.88,+0012.70,-0014.65,-0002.68,-0000.61,-0011.25
+1581210599.34,+0001.95,+0012.70,-0014.65,-0003.83,+0000.23,-0011.64
+1581210599.34,+0005.86,+0009.77,-0014.65,-0004.36,+0000.84,-0009.80
+1581210599.35,+0001.95,+0008.79,-0015.62,-0002.45,+0001.00,-0008.96
+1581210599.35,-0002.93,+0008.79,-0016.60,-0001.00,-0002.14,-0010.72
+1581210599.36,+0000.98,+0007.81,-0017.58,-0003.98,-0000.69,-0007.81
+1581210599.36,+0004.88,+0006.84,-0017.58,+0000.15,-0000.77,-0007.43
+1581210599.37,-0000.98,+0005.86,-0018.55,-0003.98,-0000.23,-0008.96
+1581210599.37,-0000.98,+0003.91,-0018.55,-0003.60,-0002.83,-0010.11
+1581210599.38,+0003.91,+0000.98,-0019.53,-0000.23,-0001.45,-0011.33
+1581210599.38,+0001.95,+0000.98,-0020.51,-0002.91,-0001.30,-0009.57
+1581210599.39,+0000.98,-0000.98,-0021.48,-0003.75,-0002.60,-0006.43
+1581210599.39,+0003.91,-0002.93,-0022.46,-0001.00,-0001.53,-0004.75
+1581210599.40,+0000.98,-0005.86,-0023.44,-0002.14,+0000.31,-0008.50
+1581210599.40,-0002.93,-0005.86,-0025.39,-0000.46,-0002.30,-0008.19
+1581210599.41,+0000.98,-0006.84,-0025.39,-0000.61,-0000.84,-0010.34
+1581210599.41,-0000.98,-0009.77,-0025.39,-0000.92,+0000.92,-0012.10
+1581210599.42,-0003.91,-0010.74,-0025.39,-0001.00,+0000.08,-0011.48
+1581210599.42,-0001.95,-0011.72,-0025.39,-0002.45,-0001.15,-0006.81
+1581210599.43,+0000.00,-0013.67,-0027.34,-0005.05,+0003.68,-0001.45
+1581210599.43,-0008.79,-0016.60,-0029.30,-0002.53,+0004.06,-0007.35
+1581210599.44,-0013.67,-0016.60,-0029.30,-0002.37,-0000.61,-0011.71
+1581210599.44,+0000.98,-0017.58,-0027.34,-0001.45,+0000.00,-0018.99
+1581210599.45,+0001.95,-0020.51,-0027.34,-0001.61,+0001.07,-0016.46
+1581210599.45,-0004.88,-0019.53,-0028.32,+0000.31,-0002.68,-0013.25
+1581210599.46,-0000.98,-0021.48,-0030.27,-0003.83,-0002.68,-0014.85
+1581210599.46,+0002.93,-0022.46,-0031.25,-0000.15,-0001.91,-0009.03
+1581210599.47,+0004.88,-0020.51,-0030.27,+0001.23,-0002.60,-0007.50
+1581210599.47,+0004.88,-0022.46,-0028.32,-0001.84,-0002.68,-0004.90
+1581210599.48,+0003.91,-0025.39,-0029.30,-0000.69,+0000.00,-0007.58
+1581210599.48,+0000.98,-0025.39,-0028.32,+0001.61,-0002.99,-0006.97
+1581210599.49,+0009.77,-0024.41,-0026.37,+0000.23,-0002.45,-0008.04
+1581210599.49,+0010.74,-0025.39,-0025.39,+0000.92,+0000.38,-0010.64
+1581210599.50,+0004.88,-0025.39,-0024.41,+0000.84,-0001.76,-0010.95
+1581210599.50,+0005.86,-0025.39,-0022.46,+0001.15,+0000.61,-0015.77
+1581210599.51,+0003.91,-0025.39,-0020.51,+0001.53,-0002.53,-0014.09
+1581210599.51,+0005.86,-0024.41,-0018.55,+0002.37,-0000.92,-0013.55
+1581210599.52,+0000.98,-0024.41,-0015.62,+0003.37,-0001.45,-0011.71
+1581210599.52,+0001.95,-0025.39,-0014.65,+0002.99,-0000.92,-0010.26
+1581210599.53,+0000.00,-0023.44,-0011.72,+0004.52,-0000.08,-0011.48
+1581210599.53,+0001.95,-0022.46,-0009.77,+0005.97,+0001.68,-0007.35
+1581210599.54,-0001.95,-0022.46,-0007.81,+0002.68,-0000.31,-0011.10
+1581210599.54,+0000.98,-0020.51,-0004.88,+0003.45,-0004.29,-0006.51
+1581210599.55,+0005.86,-0020.51,-0002.93,+0001.99,+0002.83,-0012.02
+1581210599.55,-0003.91,-0018.55,-0000.98,+0003.68,-0004.67,-0010.57
+1581210599.56,+0004.88,-0015.62,+0001.95,+0001.84,-0003.68,-0009.49
+1581210599.56,+0007.81,-0015.62,+0003.91,+0003.83,-0000.46,-0011.94
+1581210599.57,+0002.93,-0013.67,+0006.84,+0006.66,-0002.99,-0009.11
+1581210599.57,+0003.91,-0010.74,+0008.79,+0001.23,-0001.15,-0013.09
+1581210599.58,+0003.91,-0010.74,+0009.77,+0005.59,-0002.30,-0013.02
+1581210599.58,+0006.84,-0007.81,+0012.70,+0006.35,-0000.31,-0011.33
+1581210599.59,+0002.93,-0005.86,+0014.65,+0000.31,-0001.61,-0007.27
+1581210599.59,+0003.91,-0005.86,+0016.60,+0003.98,+0000.08,-0006.05
+1581210599.60,+0000.00,-0004.88,+0018.55,+0001.00,+0001.61,-0008.58
+1581210599.60,-0000.98,-0000.98,+0020.51,+0001.45,+0000.61,-0009.34
+1581210599.61,-0000.98,+0000.98,+0022.46,+0004.59,-0001.38,-0010.87
+1581210599.61,+0000.00,+0000.98,+0026.37,+0003.83,-0002.68,-0006.89
+1581210599.62,+0001.95,+0001.95,+0027.34,+0001.61,+0002.14,-0012.17
+1581210599.62,-0010.74,+0002.93,+0026.37,+0002.45,-0001.53,-0012.48
+1581210599.63,-0000.98,+0005.86,+0027.34,+0000.69,-0001.84,-0010.03
+1581210599.63,+0005.86,+0004.88,+0028.32,+0001.15,+0000.31,-0011.41
+1581210599.64,-0005.86,+0004.88,+0029.30,+0002.30,-0000.92,-0011.25
+1581210599.64,-0005.86,+0008.79,+0030.27,+0001.07,-0004.90,-0009.49
+1581210599.65,+0002.93,+0007.81,+0030.27,+0001.38,-0001.23,-0008.65
+1581210599.65,+0000.98,+0005.86,+0029.30,+0003.98,-0001.45,-0004.21
+1581210599.66,-0004.88,+0008.79,+0029.30,-0000.15,-0000.38,-0007.50
+1581210599.66,-0004.88,+0007.81,+0029.30,+0001.99,-0003.06,-0010.64
+1581210599.67,+0006.84,+0007.81,+0030.27,+0000.77,-0003.22,-0005.97
+1581210599.67,-0000.98,+0007.81,+0030.27,+0000.61,+0000.92,-0013.48
+1581210599.68,-0008.79,+0009.77,+0029.30,-0000.08,-0002.22,-0012.48
+1581210599.68,+0000.00,+0010.74,+0029.30,-0000.23,-0000.84,-0016.15
+1581210599.69,+0003.91,+0009.77,+0030.27,+0001.23,-0009.42,+0000.69
+1581210599.69,+0015.62,+0009.77,+0029.30,-0004.13,+0008.12,-0002.07
+1581210599.70,-0019.53,+0008.79,+0025.39,+0004.21,+0009.19,-0024.04
+1581210599.70,-0019.53,+0012.70,+0026.37,-0002.45,-0009.95,-0012.48
+1581210599.71,+0014.65,+0014.65,+0027.34,-0004.98,+0003.68,-0015.16
+1581210599.71,+0001.95,+0008.79,+0029.30,+0005.21,+0003.52,-0004.21
+1581210599.72,-0012.70,+0015.62,+0028.32,-0003.45,+0003.90,-0005.36
+1581210599.72,-0014.65,+0011.72,+0025.39,-0001.53,-0001.23,-0008.73
+1581210599.73,+0004.88,+0011.72,+0024.41,-0003.37,+0001.30,-0005.05
+1581210599.73,+0004.88,+0012.70,+0024.41,-0000.08,+0004.52,-0009.72
+1581210599.74,-0011.72,+0013.67,+0024.41,-0000.54,-0001.84,-0008.80
+1581210599.74,+0001.95,+0012.70,+0023.44,+0002.99,-0000.38,-0011.71
+1581210599.75,+0003.91,+0012.70,+0022.46,+0000.23,-0000.23,-0011.10
+1581210599.75,-0002.93,+0014.65,+0022.46,+0002.53,-0000.08,-0011.18
+1581210599.76,-0003.91,+0016.60,+0022.46,+0002.91,-0003.90,-0013.17
+1581210599.76,+0004.88,+0015.62,+0023.44,+0000.92,+0001.30,-0011.33
+1581210599.77,+0002.93,+0015.62,+0022.46,-0000.15,+0001.84,-0011.87
+1581210599.77,-0000.98,+0016.60,+0021.48,-0000.23,-0002.07,-0008.50
+1581210599.78,+0002.93,+0016.60,+0020.51,+0000.00,+0002.60,-0010.41
+1581210599.78,+0000.00,+0015.62,+0020.51,-0001.30,-0000.38,-0008.65
+1581210599.79,+0003.91,+0017.58,+0019.53,+0000.00,-0000.61,-0008.42
+1581210599.79,+0001.95,+0015.62,+0018.55,-0000.08,-0001.07,-0010.72
+1581210599.80,+0000.98,+0015.62,+0017.58,+0001.07,-0000.46,-0011.79
+1581210599.80,+0001.95,+0016.60,+0017.58,+0001.68,-0001.23,-0014.09
+1581210599.81,+0002.93,+0017.58,+0017.58,+0000.54,-0002.99,-0011.41
+1581210599.81,+0003.91,+0016.60,+0016.60,+0001.30,-0002.37,-0010.03
+1581210599.82,+0004.88,+0017.58,+0015.62,+0000.77,-0002.99,-0006.28
+1581210599.82,+0005.86,+0015.62,+0013.67,+0000.31,+0001.07,-0004.67
+1581210599.83,-0000.98,+0015.62,+0012.70,-0001.07,+0000.00,-0006.20
+1581210599.83,-0001.95,+0016.60,+0012.70,-0000.77,+0001.91,-0009.03
+1581210599.84,+0000.98,+0016.60,+0013.67,-0003.06,+0002.37,-0010.80
+1581210599.84,+0001.95,+0016.60,+0013.67,+0002.99,+0000.08,-0008.80
+1581210599.85,-0000.98,+0014.65,+0012.70,+0001.15,-0000.61,-0009.95
+1581210599.85,-0001.95,+0015.62,+0010.74,-0002.14,-0002.30,-0009.11
+1581210599.86,+0003.91,+0014.65,+0008.79,-0000.23,-0001.76,-0006.89
+1581210599.86,-0003.91,+0013.67,+0006.84,+0001.84,-0001.30,-0011.41
+1581210599.87,-0005.86,+0015.62,+0006.84,+0000.00,-0002.68,-0010.64
+1581210599.87,+0000.98,+0015.62,+0007.81,+0000.38,-0001.30,-0010.57
+1581210599.88,-0001.95,+0012.70,+0006.84,-0000.23,-0001.53,-0009.19
+1581210599.88,-0006.84,+0014.65,+0004.88,-0000.77,-0001.99,-0008.27
+1581210599.89,-0005.86,+0013.67,+0003.91,-0001.07,-0000.92,-0010.87
+1581210599.89,+0000.00,+0012.70,+0003.91,+0000.23,-0001.07,-0008.58
+1581210599.90,-0000.98,+0012.70,+0002.93,-0000.61,+0000.08,-0009.88
+1581210599.90,-0003.91,+0012.70,+0001.95,-0003.75,-0002.45,-0006.97
+1581210599.91,+0001.95,+0011.72,+0000.98,-0000.23,-0000.38,-0008.12
+1581210599.91,-0000.98,+0011.72,+0000.00,-0002.45,+0002.60,-0010.57
+1581210599.92,-0001.95,+0012.70,+0000.00,-0002.68,-0004.21,-0010.80
+1581210599.92,+0006.84,+0012.70,+0000.00,-0000.69,+0000.46,-0010.03
+1581210599.93,+0001.95,+0010.74,-0000.98,+0000.38,+0000.31,-0014.16
+1581210599.93,-0000.98,+0011.72,-0001.95,+0001.84,-0002.60,-0010.72
+1581210599.94,+0003.91,+0011.72,-0001.95,-0002.60,+0000.31,-0010.57
+1581210599.94,+0000.00,+0009.77,-0003.91,+0002.91,+0000.54,-0010.03
+1581210599.95,-0001.95,+0010.74,-0002.93,-0001.00,-0002.30,-0009.88
+1581210599.95,+0001.95,+0010.74,-0002.93,-0002.45,+0000.69,-0009.49
+1581210599.96,+0000.98,+0008.79,-0002.93,-0002.14,+0002.14,-0008.50
+1581210599.96,-0002.93,+0007.81,-0004.88,+0000.84,+0001.99,-0010.72
+1581210599.97,-0004.88,+0007.81,-0005.86,-0001.15,+0000.54,-0007.66
+1581210599.97,-0002.93,+0007.81,-0005.86,-0003.52,-0000.23,-0007.73
+1581210599.98,-0001.95,+0006.84,-0005.86,-0000.31,+0002.45,-0015.77
+1581210599.98,+0000.00,+0005.86,-0006.84,-0003.60,+0000.61,-0015.85
+1581210599.99,+0005.86,+0004.88,-0007.81,-0001.00,-0002.37,-0016.61
+1581210599.99,+0005.86,+0003.91,-0007.81,+0001.45,-0002.76,-0014.09
+1581210600.00,+0001.95,+0003.91,-0008.79,-0000.46,-0002.99,-0011.56
+1581210600.00,+0005.86,+0003.91,-0008.79,-0000.46,-0004.21,-0002.99
+1581210600.01,+0007.81,+0003.91,-0008.79,+0000.61,+0001.00,-0005.74
+1581210600.01,+0003.91,+0002.93,-0009.77,-0000.69,-0001.45,-0002.99
+1581210600.02,+0003.91,+0001.95,-0010.74,-0000.31,+0000.31,-0007.35
+1581210600.02,+0003.91,+0001.95,-0010.74,-0000.46,-0000.23,-0012.33
+1581210600.03,+0003.91,+0001.95,-0010.74,-0002.76,-0000.23,-0009.88
+1581210600.03,+0007.81,+0000.98,-0009.77,-0002.14,+0001.00,-0009.80
+1581210600.04,-0000.98,+0000.00,-0011.72,-0001.30,-0001.15,-0012.86
+1581210600.04,-0001.95,+0000.98,-0011.72,+0001.15,-0000.69,-0012.02
+1581210600.05,+0003.91,+0000.98,-0010.74,-0001.38,-0003.22,-0010.26
+1581210600.05,+0002.93,-0000.98,-0011.72,+0002.68,-0001.15,-0005.36
+1581210600.06,-0004.88,-0000.98,-0011.72,+0000.15,-0001.38,-0009.57
+1581210600.06,-0007.81,-0001.95,-0012.70,+0001.68,-0005.67,-0006.58
+1581210600.07,+0001.95,-0002.93,-0013.67,-0000.31,+0000.38,-0008.35
+1581210600.07,-0004.88,-0002.93,-0014.65,+0001.00,+0001.61,-0012.10
+1581210600.08,-0004.88,-0002.93,-0014.65,-0001.38,-0000.84,-0009.42
+1581210600.08,-0002.93,-0004.88,-0014.65,-0003.06,+0001.23,-0012.79
+1581210600.09,-0003.91,-0005.86,-0014.65,-0001.45,-0001.76,-0008.19
+1581210600.09,-0003.91,-0003.91,-0015.62,-0002.14,+0000.46,-0011.87
+1581210600.10,-0006.84,-0005.86,-0015.62,-0001.84,-0003.29,-0011.71
+1581210600.10,+0000.98,-0005.86,-0016.60,-0002.30,-0001.61,-0006.97
+1581210600.11,-0001.95,-0006.84,-0016.60,+0000.77,+0002.60,-0013.17
+1581210600.11,-0003.91,-0005.86,-0015.62,+0001.45,-0006.20,-0008.65
+1581210600.12,+0005.86,-0005.86,-0015.62,-0001.45,-0001.00,-0007.66
+1581210600.12,+0002.93,-0007.81,-0017.58,-0002.14,-0000.31,-0007.20
+1581210600.13,-0004.88,-0005.86,-0018.55,-0001.45,+0000.46,-0013.78
+1581210600.13,-0004.88,-0006.84,-0018.55,+0000.38,-0002.60,-0012.10
+1581210600.14,+0008.79,-0006.84,-0016.60,-0000.08,-0001.15,-0008.19
+1581210600.14,+0002.93,-0006.84,-0015.62,-0002.45,+0003.83,-0009.95
+1581210600.15,-0005.86,-0004.88,-0016.60,-0002.53,-0003.98,-0009.80
+1581210600.15,+0006.84,-0008.79,-0017.58,-0001.61,-0001.68,-0010.11
+1581210600.16,+0004.88,-0008.79,-0018.55,+0001.53,+0002.60,-0008.96
+1581210600.16,-0002.93,-0004.88,-0017.58,-0000.54,-0000.61,-0009.42
+1581210600.17,+0000.00,-0006.84,-0016.60,+0000.38,-0001.45,-0010.34
+1581210600.17,+0004.88,-0006.84,-0014.65,+0000.46,+0002.14,-0007.89
+1581210600.18,+0001.95,-0005.86,-0014.65,+0000.23,+0001.68,-0009.26
+1581210600.18,-0003.91,-0005.86,-0014.65,-0003.14,+0000.77,-0011.33
+1581210600.19,+0001.95,-0007.81,-0016.60,+0000.08,-0001.61,-0012.94
+1581210600.19,+0003.91,-0007.81,-0016.60,-0002.99,+0003.22,-0011.94
+1581210600.20,+0000.00,-0006.84,-0017.58,-0001.00,+0000.84,-0014.93
+1581210600.20,-0003.91,-0007.81,-0016.60,+0001.07,-0001.30,-0011.87
+1581210600.21,+0003.91,-0007.81,-0015.62,+0002.37,-0001.45,-0011.18
+1581210600.21,+0003.91,-0006.84,-0014.65,-0001.38,+0000.38,-0012.33
+1581210600.22,+0003.91,-0005.86,-0014.65,-0001.07,-0000.54,-0006.74
+1581210600.22,+0002.93,-0006.84,-0015.62,-0003.68,-0000.46,-0007.89
+1581210600.23,+0002.93,-0006.84,-0016.60,+0001.00,-0001.15,-0009.34
+1581210600.23,+0010.74,-0005.86,-0015.62,-0002.60,-0009.42,+0012.33
+1581210600.24,+0023.44,-0010.74,-0016.60,-0003.60,+0024.81,-0006.51
+1581210600.24,-0038.09,-0007.81,-0021.48,-0001.99,+0008.96,-0034.53
+1581210600.25,-0026.37,-0003.91,-0017.58,-0000.69,-0011.56,-0022.05
+1581210600.25,+0029.30,-0003.91,-0014.65,-0004.82,+0006.05,-0007.12
+1581210600.26,+0009.77,-0009.77,-0011.72,+0011.03,+0003.75,+0000.61
+1581210600.26,-0017.58,+0001.95,-0011.72,-0006.28,-0000.92,-0000.23
+1581210600.27,-0012.70,-0007.81,-0013.67,-0001.15,-0002.22,-0005.67
+1581210600.27,+0007.81,-0010.74,-0016.60,-0000.31,-0001.30,-0003.98
+1581210600.28,+0005.86,-0007.81,-0016.60,+0001.53,+0003.14,-0001.53
+1581210600.28,-0008.79,-0004.88,-0015.62,+0000.69,+0000.61,-0006.35
+1581210600.29,-0006.84,-0008.79,-0014.65,+0002.76,-0001.61,-0017.53
+1581210600.29,+0004.88,-0006.84,-0014.65,-0004.21,-0001.07,-0014.78
+1581210600.30,+0001.95,-0007.81,-0014.65,+0001.30,+0002.68,-0015.70
+1581210600.30,-0003.91,-0006.84,-0015.62,-0000.61,-0001.00,-0011.94
+1581210600.31,+0000.00,-0006.84,-0015.62,-0002.07,-0000.61,-0008.96
+1581210600.31,-0000.98,-0008.79,-0016.60,+0000.54,+0001.84,-0009.49
+1581210600.32,-0003.91,-0006.84,-0015.62,+0000.46,-0000.46,-0007.20
+1581210600.32,-0000.98,-0006.84,-0014.65,-0000.08,+0001.84,-0008.88
+1581210600.33,+0000.00,-0008.79,-0013.67,-0000.84,-0002.53,-0006.81
+1581210600.33,+0000.98,-0006.84,-0013.67,+0001.68,+0000.08,-0006.97
+1581210600.34,-0003.91,-0008.79,-0013.67,+0000.31,-0001.45,-0012.48
+1581210600.34,-0000.98,-0007.81,-0013.67,-0000.23,-0000.77,-0011.56
+1581210600.35,+0003.91,-0007.81,-0013.67,-0000.77,+0001.38,-0014.55
+1581210600.35,-0000.98,-0007.81,-0013.67,+0001.23,-0001.61,-0012.25
+1581210600.36,+0000.00,-0006.84,-0012.70,-0000.77,+0001.23,-0010.95
+1581210600.36,-0001.95,-0007.81,-0012.70,+0001.00,-0000.38,-0011.25
+1581210600.37,+0000.98,-0005.86,-0011.72,+0001.99,-0000.92,-0007.35
+1581210600.37,-0000.98,-0006.84,-0009.77,+0002.60,+0000.08,-0009.19
+1581210600.38,-0005.86,-0004.88,-0008.79,-0000.08,+0000.77,-0010.18
+1581210600.38,-0001.95,-0004.88,-0007.81,+0003.06,-0001.76,-0010.34
+1581210600.39,+0004.88,-0004.88,-0006.84,+0000.46,-0000.69,-0006.28
+1581210600.39,-0003.91,-0003.91,-0006.84,-0000.84,-0000.31,-0010.34
+1581210600.40,-0007.81,-0003.91,-0006.84,+0002.30,-0000.31,-0011.56
+1581210600.40,+0000.00,-0002.93,-0005.86,+0000.69,-0001.45,-0012.40
+1581210600.41,+0002.93,-0002.93,-0003.91,+0000.84,-0000.23,-0007.89
+1581210600.41,-0000.98,-0001.95,-0002.93,+0000.77,+0000.23,-0009.11
+1581210600.42,-0004.88,-0002.93,-0002.93,+0003.45,-0001.76,-0010.87
+1581210600.42,+0000.00,-0001.95,-0001.95,-0000.92,-0002.30,-0011.33
+1581210600.43,+0002.93,+0000.00,-0000.98,+0000.46,-0001.68,-0008.96
+1581210600.43,+0001.95,+0000.00,+0000.00,+0003.29,+0000.54,-0011.25
+1581210600.44,-0000.98,+0000.00,+0000.98,+0001.15,-0002.45,-0010.64
+1581210600.44,+0002.93,+0000.98,+0001.95,+0001.99,-0001.00,-0009.19
+1581210600.45,+0004.88,+0000.98,+0001.95,+0001.23,-0000.92,-0010.64
+1581210600.45,+0000.98,+0002.93,+0002.93,+0000.61,+0001.07,-0011.79
+1581210600.46,+0001.95,+0003.91,+0003.91,+0000.84,-0002.83,-0009.19
+1581210600.46,+0004.88,+0003.91,+0003.91,+0000.46,+0001.84,-0011.56
+1581210600.47,-0001.95,+0004.88,+0004.88,+0001.45,+0000.08,-0013.02
+1581210600.47,+0000.00,+0005.86,+0005.86,+0001.91,-0001.68,-0008.96
+1581210600.48,+0004.88,+0005.86,+0006.84,+0000.92,+0001.15,-0009.95
+1581210600.48,+0000.00,+0005.86,+0007.81,+0000.08,-0000.61,-0008.65
+1581210600.49,+0000.00,+0006.84,+0007.81,-0000.38,-0001.68,-0007.35
+1581210600.49,+0002.93,+0005.86,+0007.81,+0000.00,-0000.15,-0007.04
+1581210600.50,+0000.00,+0006.84,+0007.81,+0000.54,+0000.00,-0006.51
+1581210600.50,-0002.93,+0007.81,+0008.79,+0001.23,+0000.61,-0009.57
+1581210600.51,-0002.93,+0008.79,+0008.79,+0000.54,-0001.30,-0008.35
+1581210600.51,+0001.95,+0009.77,+0009.77,-0001.15,-0001.53,-0009.42
+1581210600.52,+0000.00,+0008.79,+0010.74,+0001.07,+0000.31,-0008.73
+1581210600.52,-0000.98,+0009.77,+0009.77,-0001.23,-0001.99,-0008.80
+1581210600.53,-0002.93,+0009.77,+0008.79,-0001.30,+0001.68,-0015.47
+1581210600.53,-0000.98,+0010.74,+0008.79,-0000.69,-0001.00,-0012.02
+1581210600.54,+0001.95,+0010.74,+0007.81,-0000.84,+0001.91,-0010.72
+1581210600.54,-0004.88,+0010.74,+0007.81,+0000.54,-0001.15,-0011.41
+1581210600.55,-0002.93,+0011.72,+0007.81,-0000.23,+0000.31,-0006.97
+1581210600.55,-0001.95,+0010.74,+0007.81,-0000.84,+0002.53,-0009.34
+1581210600.56,-0006.84,+0010.74,+0007.81,+0000.54,-0000.38,-0009.19
+1581210600.56,-0006.84,+0011.72,+0006.84,+0000.69,+0001.38,-0012.94
+1581210600.57,-0003.91,+0011.72,+0007.81,+0001.38,-0002.99,-0009.03
+1581210600.57,+0001.95,+0010.74,+0007.81,-0001.00,-0000.15,-0008.04
+1581210600.58,-0002.93,+0008.79,+0005.86,+0000.69,+0000.77,-0007.89
+1581210600.58,-0008.79,+0009.77,+0003.91,-0000.23,-0000.31,-0008.58
+1581210600.59,-0002.93,+0008.79,+0003.91,+0001.38,-0001.91,-0010.57
+1581210600.59,+0000.00,+0008.79,+0003.91,+0001.68,+0001.07,-0010.57
+1581210600.60,-0002.93,+0009.77,+0003.91,+0000.46,+0000.46,-0011.94
+1581210600.60,-0001.95,+0007.81,+0003.91,-0000.08,+0000.23,-0013.17
+1581210600.61,-0000.98,+0007.81,+0002.93,-0000.23,-0000.46,-0010.72
+1581210600.61,-0003.91,+0006.84,+0000.98,+0001.00,+0000.23,-0008.04
+1581210600.62,-0004.88,+0006.84,+0000.00,+0000.69,+0001.68,-0011.71
+1581210600.62,-0001.95,+0005.86,+0000.00,-0000.08,+0002.37,-0012.17
+1581210600.63,-0001.95,+0005.86,-0000.98,-0001.45,+0001.00,-0016.23
+1581210600.63,-0001.95,+0004.88,-0000.98,+0000.61,-0000.61,-0015.54
+1581210600.64,+0005.86,+0004.88,-0001.95,-0000.38,+0001.38,-0011.41
+1581210600.64,+0003.91,+0002.93,-0003.91,-0003.14,-0001.38,-0009.42
+1581210600.65,+0002.93,+0002.93,-0005.86,+0000.69,-0000.61,-0008.12
+1581210600.65,+0004.88,+0001.95,-0006.84,-0000.92,-0001.07,-0008.04
+1581210600.66,+0005.86,+0000.00,-0007.81,-0000.31,+0000.61,-0008.88
+1581210600.66,+0003.91,+0000.00,-0007.81,-0002.22,-0001.00,-0008.58
+1581210600.67,+0005.86,-0000.98,-0008.79,-0001.23,+0000.92,-0007.73
+1581210600.67,+0001.95,-0001.95,-0010.74,+0000.08,-0001.99,-0010.41
+1581210600.68,+0001.95,-0001.95,-0010.74,+0000.54,-0000.31,-0008.27
+1581210600.68,+0005.86,-0001.95,-0010.74,+0000.23,+0001.23,-0010.03
+1581210600.69,+0001.95,-0002.93,-0010.74,+0000.00,+0001.68,-0008.42
+1581210600.69,-0000.98,-0002.93,-0012.70,-0001.53,+0001.38,-0013.02
+1581210600.70,-0002.93,-0004.88,-0013.67,-0000.08,-0001.68,-0013.63
+1581210600.70,+0004.88,-0003.91,-0013.67,-0000.77,-0000.38,-0009.03
+1581210600.71,+0001.95,-0005.86,-0013.67,-0003.37,+0000.23,-0009.03
+1581210600.71,-0003.91,-0005.86,-0014.65,-0000.23,+0000.31,-0007.96
+1581210600.72,-0002.93,-0007.81,-0016.60,-0002.30,+0000.46,-0011.18
+1581210600.72,-0000.98,-0007.81,-0017.58,-0001.15,-0001.53,-0009.57
+1581210600.73,+0003.91,-0007.81,-0017.58,-0000.46,-0000.31,-0004.90
+1581210600.73,-0002.93,-0009.77,-0018.55,-0001.91,+0003.98,-0008.58
+1581210600.74,-0011.72,-0009.77,-0018.55,-0000.46,+0001.00,-0012.33
+1581210600.74,-0002.93,-0009.77,-0018.55,+0000.77,-0000.38,-0013.02
+1581210600.75,+0003.91,-0009.77,-0018.55,-0001.84,+0001.68,-0010.34
+1581210600.75,-0002.93,-0009.77,-0019.53,-0001.45,-0001.30,-0006.05
+1581210600.76,-0006.84,-0010.74,-0020.51,-0000.08,+0001.15,-0012.02
+1581210600.76,-0004.88,-0011.72,-0020.51,+0001.61,-0003.83,-0009.65
+1581210600.77,+0005.86,-0010.74,-0019.53,-0000.23,+0001.38,-0008.50
+1581210600.77,-0001.95,-0010.74,-0019.53,-0001.00,-0000.31,-0008.04
+1581210600.78,-0003.91,-0011.72,-0020.51,-0001.76,-0001.07,-0009.42
+1581210600.78,+0000.00,-0013.67,-0021.48,-0001.23,-0000.46,-0010.87
+1581210600.79,+0002.93,-0011.72,-0021.48,+0000.69,-0003.45,-0005.97
+1581210600.79,+0003.91,-0011.72,-0021.48,-0002.53,+0001.00,-0006.97
+1581210600.80,-0007.81,-0011.72,-0021.48,-0001.38,-0002.68,-0011.87
+1581210600.80,+0000.00,-0011.72,-0020.51,+0001.45,-0000.77,-0012.79
+1581210600.81,+0002.93,-0011.72,-0019.53,-0001.99,+0000.00,-0013.63
+1581210600.81,-0000.98,-0009.77,-0018.55,+0000.54,-0000.84,-0009.95
+1581210600.82,-0002.93,-0010.74,-0018.55,-0003.37,+0000.00,-0009.42
+1581210600.82,-0000.98,-0012.70,-0018.55,+0002.45,+0000.77,-0007.66
+1581210600.83,-0002.93,-0010.74,-0017.58,-0002.14,+0001.45,-0012.25
+1581210600.83,-0001.95,-0009.77,-0016.60,-0001.53,-0001.15,-0008.04
+1581210600.84,+0000.00,-0010.74,-0015.62,+0000.08,+0001.91,-0011.71
+1581210600.84,-0001.95,-0010.74,-0014.65,-0001.61,+0000.38,-0009.80
+1581210600.85,-0002.93,-0009.77,-0014.65,-0001.53,-0000.31,-0010.95
+1581210600.85,-0000.98,-0010.74,-0014.65,+0001.15,-0001.84,-0009.03
+1581210600.86,+0000.98,-0010.74,-0013.67,-0000.46,+0001.30,-0011.10
+1581210600.86,+0000.98,-0009.77,-0012.70,+0000.38,-0000.54,-0009.42
+1581210600.87,+0004.88,-0010.74,-0011.72,+0000.08,+0001.99,-0007.43
+1581210600.87,-0002.93,-0010.74,-0012.70,+0000.92,+0002.91,-0014.62
+1581210600.88,-0003.91,-0008.79,-0010.74,+0001.00,-0002.76,-0012.33
+1581210600.88,+0006.84,-0008.79,-0009.77,-0000.54,+0001.91,-0011.71
+1581210600.89,+0001.95,-0008.79,-0007.81,+0001.68,+0000.84,-0013.32
+1581210600.89,+0000.00,-0005.86,-0004.88,-0000.61,-0003.83,-0007.20
+1581210600.90,+0011.72,-0010.74,-0005.86,-0001.00,-0001.68,+0002.07
+1581210600.90,-0018.55,-0008.79,-0006.84,-0000.84,-0004.21,-0014.24
+1581210600.91,-0009.77,-0005.86,-0004.88,+0007.04,-0001.30,-0015.54
+1581210600.91,+0009.77,-0006.84,-0001.95,+0000.46,+0002.68,-0015.70
+1581210600.92,-0005.86,-0004.88,+0000.00,+0001.53,-0000.92,-0003.06
+1581210600.92,-0008.79,-0003.91,+0000.98,+0000.23,+0003.68,-0013.63
+1581210600.93,-0010.74,-0005.86,+0001.95,+0005.28,-0002.45,-0012.17
+1581210600.93,+0000.98,-0002.93,+0002.93,+0003.45,-0001.38,-0007.04
+1581210600.94,-0001.95,-0002.93,+0003.91,+0002.83,-0001.99,-0007.58
+1581210600.94,-0006.84,-0001.95,+0005.86,+0004.52,-0003.22,-0006.81
+1581210600.95,+0000.00,-0001.95,+0006.84,+0002.07,-0003.22,-0010.34
+1581210600.95,+0004.88,+0000.00,+0007.81,+0003.90,-0002.68,-0006.05
+1581210600.96,+0003.91,+0000.98,+0008.79,+0000.31,-0002.83,-0008.35
+1581210600.96,+0000.00,+0000.98,+0008.79,+0002.76,-0002.76,-0010.72
+1581210600.97,+0002.93,+0002.93,+0009.77,+0002.07,-0002.45,-0012.17
+1581210600.97,+0006.84,+0004.88,+0011.72,+0003.29,-0000.61,-0011.79
+1581210600.98,+0003.91,+0006.84,+0012.70,+0000.69,-0002.53,-0008.35
+1581210600.98,+0003.91,+0006.84,+0013.67,+0000.92,-0000.84,-0009.11
+1581210600.99,+0003.91,+0008.79,+0014.65,+0001.15,-0001.76,-0007.50
+1581210600.99,+0004.88,+0009.77,+0014.65,+0002.45,+0001.00,-0009.03
+1581210601.00,-0000.98,+0009.77,+0014.65,+0001.23,-0001.38,-0009.57
+1581210601.00,-0000.98,+0010.74,+0014.65,+0002.07,-0001.61,-0009.72
+1581210601.01,-0001.95,+0010.74,+0014.65,+0001.99,-0000.54,-0009.80
+1581210601.01,-0001.95,+0011.72,+0014.65,+0000.23,-0000.84,-0007.50
+1581210601.02,-0005.86,+0011.72,+0014.65,+0001.45,-0000.15,-0008.65
+1581210601.02,-0006.84,+0011.72,+0014.65,-0000.54,-0001.53,-0008.73
+1581210601.03,-0002.93,+0011.72,+0014.65,+0000.31,-0002.60,-0008.19
+1581210601.03,-0003.91,+0010.74,+0013.67,-0000.69,+0001.45,-0010.64
+1581210601.04,-0008.79,+0010.74,+0012.70,-0002.07,-0000.69,-0008.96
+1581210601.04,-0006.84,+0010.74,+0011.72,-0002.76,-0001.45,-0012.79
+1581210601.05,-0001.95,+0010.74,+0010.74,+0000.08,-0002.91,-0009.19
+1581210601.05,-0001.95,+0010.74,+0009.77,-0000.69,-0000.69,-0009.57
+1581210601.06,-0006.84,+0009.77,+0008.79,+0000.31,-0001.84,-0011.25
+1581210601.06,-0001.95,+0010.74,+0007.81,-0002.68,-0002.68,-0010.72
+1581210601.07,+0001.95,+0010.74,+0006.84,-0001.15,-0000.77,-0011.41
+1581210601.07,-0000.98,+0010.74,+0005.86,-0002.60,-0002.30,-0010.49
+1581210601.08,+0001.95,+0010.74,+0003.91,-0002.60,-0001.07,-0009.34
+1581210601.08,-0000.98,+0009.77,+0001.95,-0001.53,-0000.54,-0008.42
+1581210601.09,-0000.98,+0009.77,+0000.98,-0003.22,-0003.06,-0005.44
+1581210601.09,+0000.98,+0009.77,+0000.00,-0003.14,+0001.15,-0009.11
+1581210601.10,-0002.93,+0008.79,-0000.98,-0002.30,+0000.08,-0008.80
+1581210601.10,+0000.00,+0008.79,-0001.95,-0002.83,-0000.92,-0009.11
+1581210601.11,-0001.95,+0006.84,-0002.93,-0002.45,+0001.84,-0011.41
+1581210601.11,-0006.84,+0006.84,-0004.88,-0003.29,-0000.23,-0013.63
+1581210601.12,-0003.91,+0005.86,-0006.84,-0002.91,-0001.76,-0011.33
+1581210601.12,+0000.98,+0005.86,-0007.81,-0002.91,-0001.30,-0009.88
+1581210601.13,-0004.88,+0004.88,-0009.77,-0002.22,-0000.38,-0010.26
+1581210601.13,-0007.81,+0004.88,-0010.74,-0003.60,-0003.22,-0010.95
+1581210601.14,+0000.00,+0004.88,-0010.74,-0001.68,-0002.37,-0009.72
+1581210601.14,+0004.88,+0005.86,-0012.70,-0003.29,-0001.07,-0007.89
+1581210601.15,-0001.95,+0004.88,-0013.67,-0002.83,-0002.53,-0009.57
+1581210601.15,-0001.95,+0004.88,-0015.62,-0002.83,-0003.75,-0011.79
+1581210601.16,+0007.81,+0004.88,-0015.62,-0002.99,-0002.30,-0008.88
+1581210601.16,+0006.84,+0004.88,-0016.60,-0005.36,+0001.53,-0007.35
+1581210601.17,-0000.98,+0003.91,-0018.55,-0002.99,-0003.60,-0009.57
+1581210601.17,+0004.88,+0002.93,-0018.55,-0003.98,-0002.83,-0009.72
+1581210601.18,+0008.79,+0003.91,-0019.53,-0001.99,+0002.30,-0011.18
+1581210601.18,+0004.88,+0003.91,-0020.51,-0002.37,-0001.00,-0007.12
+1581210601.19,+0004.88,+0002.93,-0021.48,-0003.68,+0002.37,-0011.03
+1581210601.19,-0002.93,+0000.98,-0022.46,-0001.15,+0001.07,-0013.02
+1581210601.20,+0002.93,+0002.93,-0022.46,-0000.92,-0000.08,-0011.10
+1581210601.20,+0003.91,+0002.93,-0022.46,-0002.07,+0000.84,-0008.96
+1581210601.21,-0000.98,+0001.95,-0022.46,-0000.69,+0002.53,-0007.50
+1581210601.21,-0005.86,+0000.00,-0022.46,-0002.30,-0000.92,-0009.26
+1581210601.22,-0001.95,-0000.98,-0023.44,-0000.38,-0000.38,-0007.96
+1581210601.22,-0000.98,-0001.95,-0024.41,-0001.45,+0000.15,-0010.34
+1581210601.23,-0004.88,-0002.93,-0026.37,+0000.08,-0000.84,-0008.50
+1581210601.23,-0005.86,-0004.88,-0027.34,-0000.54,-0001.68,-0012.02
+1581210601.24,-0003.91,-0004.88,-0027.34,+0000.08,-0000.08,-0012.33
+1581210601.24,-0001.95,-0004.88,-0028.32,+0001.23,-0000.15,-0010.49
+1581210601.25,-0004.88,-0005.86,-0028.32,-0001.99,-0000.38,-0009.49
+1581210601.25,-0004.88,-0007.81,-0028.32,-0000.46,-0001.53,-0009.65
+1581210601.26,-0001.95,-0008.79,-0028.32,-0002.07,-0000.54,-0009.19
+1581210601.26,-0003.91,-0008.79,-0029.30,+0000.00,-0000.61,-0009.65
+1581210601.27,-0003.91,-0010.74,-0030.27,+0000.38,-0001.15,-0012.40
+1581210601.27,-0004.88,-0012.70,-0031.25,-0001.45,-0001.61,-0011.25
+1581210601.28,+0000.00,-0012.70,-0032.23,-0001.76,-0001.23,-0009.72
+1581210601.28,-0001.95,-0014.65,-0032.23,-0001.61,-0000.08,-0008.65
+1581210601.29,-0009.77,-0016.60,-0034.18,-0002.60,-0001.45,+0000.84
+1581210601.29,-0009.77,-0018.55,-0034.18,-0003.14,+0000.31,-0004.98
+1581210601.30,-0005.86,-0019.53,-0034.18,-0001.30,+0001.76,-0008.80
+1581210601.30,-0003.91,-0020.51,-0032.23,-0003.29,-0002.76,-0020.21
+1581210601.31,-0002.93,-0022.46,-0032.23,-0003.22,+0001.84,-0021.28
+1581210601.31,-0004.88,-0024.41,-0033.20,-0002.60,-0001.00,-0018.83
+1581210601.32,-0000.98,-0025.39,-0033.20,-0003.22,-0002.37,-0014.16
+1581210601.32,+0001.95,-0025.39,-0034.18,-0002.30,+0000.54,-0007.66
+1581210601.33,+0000.00,-0025.39,-0034.18,-0003.83,-0000.69,-0003.22
+1581210601.33,-0000.98,-0027.34,-0033.20,-0003.52,-0000.92,-0004.67
+1581210601.34,-0000.98,-0029.30,-0033.20,-0001.38,+0000.77,-0007.27
+1581210601.34,-0001.95,-0030.27,-0033.20,-0002.60,+0000.38,-0008.80
+1581210601.35,-0000.98,-0030.27,-0033.20,-0000.92,-0001.07,-0010.80
+1581210601.35,+0000.00,-0031.25,-0031.25,-0003.29,-0000.77,-0011.94
+1581210601.36,+0003.91,-0030.27,-0030.27,-0003.52,-0001.45,-0009.65
+1581210601.36,+0002.93,-0031.25,-0029.30,-0002.22,+0001.38,-0008.42
+1581210601.37,+0000.00,-0032.23,-0029.30,-0003.22,-0000.46,-0010.72
+1581210601.37,+0001.95,-0033.20,-0029.30,-0002.22,-0003.68,-0008.96
+1581210601.38,+0003.91,-0032.23,-0028.32,-0001.91,+0002.22,-0011.56
