+1581210705.27,-0002.93,+0009.77,-0007.81,-0000.61,+0004.82,-0007.50
+1581210705.27,-0008.79,+0009.77,-0008.79,-0000.46,-0001.23,-0010.03
+1581210705.28,-0003.91,+0008.79,-0009.77,-0000.84,+0001.84,-0012.33
+1581210705.28,-0004.88,+0008.79,-0008.79,+0000.23,-0004.21,-0010.95
+1581210705.29,+0000.98,+0010.74,-0008.79,+0000.38,-0001.07,-0005.74
+1581210705.29,-0001.95,+0008.79,-0009.77,+0001.23,+0001.30,-0014.16
+1581210705.30,-0007.81,+0009.77,-0010.74,-0000.08,-0008.58,-0006.51
+1581210705.30,+0007.81,+0007.81,-0010.74,-0004.59,+0003.06,-0006.05
+1581210705.31,-0008.79,+0006.84,-0013.67,+0000.46,+0005.44,-0016.54
+1581210705.31,-0006.84,+0009.77,-0013.67,+0001.00,+0000.00,-0008.35
+1581210705.32,+0007.81,+0006.84,-0013.67,-0005.59,+0001.61,-0004.90
+1581210705.32,-0007.81,+0004.88,-0014.65,+0002.07,+0001.45,-0007.66
+1581210705.33,-0010.74,+0006.84,-0016.60,-0005.21,-0001.91,-0003.45
+1581210705.33,-0007.81,+0002.93,-0017.58,+0000.61,+0003.06,-0015.62
+1581210705.34,-0002.93,+0003.91,-0016.60,-0000.31,-0002.37,-0012.02
+1581210705.34,-0000.98,+0004.88,-0016.60,+0001.07,+0002.30,-0015.08
+1581210705.35,-0012.70,+0002.93,-0016.60,-0001.84,-0001.38,-0014.93
+1581210705.35,-0003.91,+0002.93,-0017.58,-0001.68,+0000.15,-0013.63
+1581210705.36,+0000.00,+0001.95,-0017.58,-0001.61,+0001.07,-0011.25
+1581210705.36,-0000.98,+0001.95,-0017.58,-0002.53,-0000.77,-0006.12
+1581210705.37,-0001.95,-0000.98,-0019.53,-0002.91,+0001.45,-0009.19
+1581210705.37,-0002.93,-0001.95,-0021.48,-0002.07,-0001.30,-0008.42
+1581210705.38,+0003.91,-0002.93,-0022.46,-0001.53,-0001.15,-0007.66
+1581210705.38,+0001.95,-0003.91,-0023.44,-0002.83,-0001.99,-0010.34
+1581210705.39,+0000.00,-0004.88,-0023.44,-0000.46,+0002.14,-0012.48
+1581210705.39,+0000.98,-0004.88,-0024.41,-0001.68,-0001.84,-0010.72
+1581210705.40,+0002.93,-0005.86,-0024.41,+0000.31,-0001.45,-0011.79
+1581210705.40,+0001.95,-0005.86,-0024.41,-0001.68,+0001.38,-0012.48
+1581210705.41,+0000.00,-0006.84,-0025.39,+0001.38,-0002.22,-0013.48
+1581210705.41,+0000.98,-0006.84,-0024.41,-0003.45,+0002.37,-0010.95
+1581210705.42,-0000.98,-0007.81,-0024.41,-0002.37,-0001.23,-0006.81
+1581210705.42,+0000.00,-0008.79,-0024.41,+0000.61,+0002.30,-0007.58
+1581210705.43,-0005.86,-0008.79,-0024.41,-0001.23,+0002.14,-0009.65
+1581210705.43,-0005.86,-0008.79,-0024.41,+0001.61,-0002.22,-0007.35
+1581210705.44,-0001.95,-0009.77,-0024.41,-0000.46,+0000.08,-0009.19
+1581210705.44,-0006.84,-0009.77,-0024.41,-0000.15,+0000.46,-0009.11
+1581210705.45,-0000.98,-0009.77,-0022.46,-0002.68,-0003.14,-0005.44
+1581210705.45,-0001.95,-0012.70,-0023.44,-0001.61,+0000.92,-0010.41
+1581210705.46,-0007.81,-0011.72,-0025.39,-0002.30,+0000.08,-0013.02
+1581210705.46,-0001.95,-0011.72,-0025.39,-0000.31,-0001.15,-0012.56
+1581210705.47,+0001.95,-0012.70,-0023.44,-0000.69,-0003.83,-0007.81
+1581210705.47,-0003.91,-0012.70,-0023.44,-0002.45,+0000.84,-0011.94
+1581210705.48,-0008.79,-0011.72,-0023.44,-0002.76,-0004.36,-0009.19
+1581210705.48,+0002.93,-0013.67,-0023.44,-0001.00,+0000.31,-0006.74
+1581210705.49,-0001.95,-0014.65,-0023.44,+0001.53,+0001.99,-0009.49
+1581210705.49,-0012.70,-0013.67,-0023.44,-0002.60,-0000.23,-0011.64
+1581210705.50,-0005.86,-0016.60,-0023.44,+0001.15,-0004.29,-0011.79
+1581210705.50,+0000.98,-0016.60,-0022.46,-0000.69,+0001.30,-0004.82
+1581210705.51,-0010.74,-0016.60,-0022.46,-0001.99,-0000.77,-0013.93
+1581210705.51,-0013.67,-0017.58,-0021.48,+0000.84,-0001.91,-0015.85
+1581210705.52,+0000.00,-0018.55,-0021.48,-0001.53,-0000.15,-0012.86
+1581210705.52,-0003.91,-0018.55,-0020.51,-0000.54,-0002.07,-0009.65
+1581210705.53,-0006.84,-0017.58,-0020.51,-0000.61,-0001.84,-0009.49
+1581210705.53,-0003.91,-0019.53,-0020.51,-0000.84,+0000.92,-0010.80
+1581210705.54,+0000.98,-0019.53,-0019.53,+0000.23,-0004.13,-0006.43
+1581210705.54,+0006.84,-0020.51,-0019.53,+0001.38,+0004.06,-0011.48
+1581210705.55,-0005.86,-0018.55,-0018.55,+0000.08,-0004.21,-0015.85
+1581210705.55,+0013.67,-0019.53,-0017.58,+0002.83,-0010.41,+0002.76
+1581210705.56,+0001.95,-0021.48,-0020.51,+0000.38,-0001.61,-0025.80
+1581210705.56,-0017.58,-0016.60,-0018.55,+0000.61,-0006.35,-0013.09
+1581210705.57,+0014.65,-0018.55,-0017.58,+0004.21,+0004.67,-0017.46
+1581210705.57,-0000.98,-0017.58,-0013.67,-0001.76,+0002.83,-0017.53
+1581210705.58,+0000.98,-0012.70,-0012.70,-0004.98,+0001.76,-0015.08
+1581210705.58,+0000.98,-0019.53,-0012.70,+0004.21,+0000.46,-0012.71
+1581210705.59,+0003.91,-0012.70,-0011.72,+0000.46,-0002.99,-0002.60
+1581210705.59,+0006.84,-0014.65,-0009.77,+0002.22,-0000.23,-0009.65
+1581210705.60,+0001.95,-0014.65,-0008.79,+0003.29,-0002.68,-0007.27
+1581210705.60,+0006.84,-0013.67,-0007.81,-0000.38,+0001.07,-0011.10
+1581210705.61,+0006.84,-0011.72,-0006.84,+0004.21,-0001.00,-0011.48
+1581210705.61,+0005.86,-0011.72,-0005.86,+0002.83,-0002.07,-0013.78
+1581210705.62,+0006.84,-0011.72,-0003.91,-0000.54,+0000.84,-0014.39
+1581210705.62,+0004.88,-0008.79,-0001.95,+0003.06,-0003.14,-0009.26
+1581210705.63,+0005.86,-0009.77,-0000.98,+0003.06,+0001.15,-0006.05
+1581210705.63,+0002.93,-0008.79,+0000.00,+0002.14,-0000.54,-0006.97
+1581210705.64,+0000.98,-0006.84,+0000.98,+0003.90,+0000.61,-0011.10
+1581210705.64,+0004.88,-0006.84,+0002.93,+0000.92,-0002.83,-0006.89
+1581210705.65,+0003.91,-0005.86,+0003.91,+0001.07,+0000.69,-0012.86
+1581210705.65,-0003.91,-0004.88,+0004.88,+0003.60,-0002.30,-0010.95
+1581210705.66,+0002.93,-0002.93,+0006.84,+0001.91,-0001.91,-0010.72
+1581210705.66,+0000.98,-0003.91,+0008.79,+0001.99,-0000.54,-0004.82
+1581210705.67,+0000.00,-0001.95,+0008.79,+0001.99,-0000.84,-0009.49
+1581210705.67,-0002.93,-0001.95,+0008.79,+0001.99,-0001.68,-0010.57
+1581210705.68,+0002.93,-0000.98,+0009.77,+0000.38,-0001.07,-0004.98
+1581210705.68,-0000.98,-0001.95,+0009.77,+0001.53,-0001.68,-0012.40
+1581210705.69,-0004.88,+0000.00,+0009.77,+0001.38,-0002.83,-0008.65
+1581210705.69,+0001.95,-0000.98,+0010.74,+0000.92,+0000.69,-0013.09
+1581210705.70,+0000.00,-0000.98,+0011.72,+0003.22,-0001.15,-0011.94
+1581210705.70,-0001.95,+0000.98,+0012.70,+0000.15,-0002.68,-0013.63
+1581210705.71,+0003.91,+0000.00,+0012.70,+0000.15,-0000.38,-0011.10
+1581210705.71,+0002.93,+0001.95,+0011.72,+0001.99,+0001.45,-0014.16
+1581210705.72,+0002.93,+0001.95,+0011.72,+0002.07,-0003.37,-0009.11
+1581210705.72,+0010.74,+0001.95,+0012.70,-0001.53,-0000.92,-0010.18
+1581210705.73,+0006.84,+0000.98,+0012.70,+0000.54,-0002.22,-0005.51
+1581210705.73,+0006.84,+0001.95,+0011.72,+0001.91,-0000.77,-0007.50
+1581210705.74,+0005.86,+0000.98,+0011.72,+0002.14,-0000.54,-0010.87
+1581210705.74,+0009.77,+0002.93,+0010.74,+0000.54,-0001.15,-0012.40
+1581210705.75,+0010.74,+0000.98,+0010.74,-0001.61,+0000.15,-0009.65
+1581210705.75,+0010.74,+0000.98,+0010.74,-0002.22,+0001.45,-0008.96
+1581210705.76,+0007.81,+0000.00,+0010.74,+0002.14,-0002.76,-0010.26
+1581210705.76,+0010.74,+0000.98,+0010.74,-0001.38,-0000.46,-0007.96
+1581210705.77,+0005.86,+0000.00,+0009.77,+0003.68,+0002.83,-0013.70
+1581210705.77,+0004.88,+0000.98,+0010.74,+0005.05,-0000.23,-0013.63
+1581210705.78,+0007.81,+0000.98,+0010.74,-0001.99,+0001.07,-0014.85
+1581210705.78,+0010.74,+0000.98,+0011.72,+0001.30,-0003.06,-0010.87
+1581210705.79,+0010.74,+0000.00,+0010.74,+0001.30,+0001.91,-0012.40
+1581210705.79,+0001.95,+0000.00,+0009.77,-0001.68,-0001.30,-0010.64
+1581210705.80,+0006.84,+0000.00,+0008.79,-0000.15,-0000.08,-0008.80
+1581210705.80,+0007.81,-0000.98,+0008.79,-0001.38,+0001.23,-0010.18
+1581210705.81,+0004.88,-0000.98,+0007.81,-0000.69,-0000.15,-0008.12
+1581210705.81,+0002.93,-0000.98,+0007.81,-0001.84,+0000.46,-0006.97
+1581210705.82,+0003.91,-0001.95,+0006.84,+0000.08,+0000.15,-0007.27
+1581210705.82,+0001.95,-0001.95,+0006.84,+0000.92,-0002.53,-0007.20
+1581210705.83,+0002.93,-0002.93,+0005.86,-0001.38,+0000.23,-0006.66
+1581210705.83,-0001.95,-0003.91,+0004.88,-0001.07,+0004.06,-0011.25
+1581210705.84,-0005.86,-0002.93,+0004.88,+0000.38,-0001.76,-0011.71
+1581210705.84,+0000.98,-0003.91,+0003.91,+0001.07,+0000.46,-0013.09
+1581210705.85,-0000.98,-0004.88,+0003.91,-0000.77,-0000.15,-0007.73
+1581210705.85,-0006.84,-0005.86,+0002.93,+0001.68,+0000.31,-0009.65
+1581210705.86,-0008.79,-0005.86,+0002.93,-0001.45,+0000.92,-0004.59
+1581210705.86,-0005.86,-0006.84,+0001.95,+0000.23,+0001.91,-0006.81
+1581210705.87,-0007.81,-0008.79,+0002.93,-0001.76,+0001.15,-0012.40
+1581210705.87,-0000.98,-0009.77,+0001.95,-0000.77,+0000.77,-0014.09
+1581210705.88,+0000.00,-0010.74,+0000.98,+0000.08,-0002.99,-0022.82
+1581210705.88,+0001.95,-0008.79,+0000.98,-0001.38,-0004.36,-0011.33
+1581210705.89,+0008.79,-0010.74,+0000.98,-0001.84,-0003.06,-0008.12
+1581210705.89,+0003.91,-0010.74,+0000.00,-0001.00,-0001.38,-0000.54
+1581210705.90,+0003.91,-0011.72,-0000.98,+0000.23,-0002.07,-0002.83
+1581210705.90,+0003.91,-0011.72,-0001.95,-0002.22,-0000.15,-0007.43
+1581210705.91,+0007.81,-0011.72,-0000.98,+0000.77,-0002.60,+0000.54
+1581210705.91,+0000.98,-0013.67,-0001.95,+0000.69,+0000.54,-0010.95
+1581210705.92,-0005.86,-0013.67,-0001.95,+0001.84,-0001.61,-0009.26
+1581210705.92,+0000.98,-0013.67,-0000.98,+0001.68,+0000.38,-0014.39
+1581210705.93,-0004.88,-0013.67,+0000.00,+0002.22,-0001.23,-0011.33
+1581210705.93,-0003.91,-0013.67,+0001.95,-0001.23,+0002.30,-0014.24
+1581210705.94,-0007.81,-0014.65,+0002.93,+0002.37,+0001.76,-0015.16
+1581210705.94,-0006.84,-0012.70,+0003.91,+0000.23,-0001.07,-0011.94
+1581210705.95,-0000.98,-0013.67,+0004.88,+0001.99,+0001.99,-0010.11
+1581210705.95,-0006.84,-0014.65,+0004.88,+0000.31,+0002.83,-0008.42
+1581210705.96,-0006.84,-0013.67,+0004.88,-0000.46,-0000.69,-0009.80
+1581210705.96,-0001.95,-0014.65,+0004.88,+0001.30,+0001.53,-0009.42
+1581210705.97,-0002.93,-0015.62,+0004.88,-0000.92,+0001.76,-0007.89
+1581210705.97,-0003.91,-0015.62,+0004.88,+0001.15,-0000.61,-0009.49
+1581210705.98,-0002.93,-0015.62,+0004.88,+0000.08,-0000.23,-0010.72
+1581210705.98,-0001.95,-0014.65,+0005.86,-0000.15,-0002.30,-0011.48
+1581210705.99,+0002.93,-0014.65,+0007.81,-0000.08,-0001.00,-0005.67
+1581210705.99,-0000.98,-0015.62,+0007.81,+0000.92,+0003.06,-0011.48
+1581210706.00,-0009.77,-0012.70,+0007.81,+0002.30,-0001.91,-0011.71
+1581210706.00,+0000.00,-0012.70,+0007.81,+0000.84,+0003.06,-0010.87
+1581210706.01,-0000.98,-0013.67,+0009.77,+0002.68,+0001.68,-0008.04
+1581210706.01,-0007.81,-0012.70,+0010.74,+0003.37,-0000.31,-0006.28
+1581210706.02,-0006.84,-0011.72,+0010.74,+0001.99,-0001.45,-0008.96
+1581210706.02,-0004.88,-0011.72,+0011.72,+0001.84,+0002.53,-0008.73
+1581210706.03,-0005.86,-0011.72,+0012.70,+0001.76,+0002.14,-0010.95
+1581210706.03,-0008.79,-0010.74,+0013.67,+0002.14,-0001.99,-0012.56
+1581210706.04,-0001.95,-0009.77,+0014.65,+0002.14,-0002.91,-0010.72
+1581210706.04,+0001.95,-0010.74,+0014.65,-0000.84,+0001.76,-0006.35
+1581210706.05,-0009.77,-0009.77,+0014.65,-0000.23,+0001.99,-0010.34
+1581210706.05,-0007.81,-0007.81,+0014.65,+0000.31,-0000.54,-0009.72
+1581210706.06,+0007.81,-0007.81,+0016.60,-0000.31,+0000.00,-0005.82
+1581210706.06,+0000.98,-0010.74,+0016.60,+0002.37,+0002.99,-0006.20
+1581210706.07,-0010.74,-0007.81,+0015.62,+0000.61,-0001.76,-0014.09
+1581210706.07,-0001.95,-0006.84,+0015.62,+0001.45,-0001.38,-0013.70
+1581210706.08,+0004.88,-0006.84,+0017.58,+0002.76,+0002.60,-0011.94
+1581210706.08,-0000.98,-0005.86,+0019.53,+0002.37,+0001.00,-0008.50
+1581210706.09,-0002.93,-0003.91,+0020.51,+0000.61,+0001.53,-0015.47
+1581210706.09,+0000.00,-0002.93,+0020.51,+0001.61,-0003.45,-0017.23
+1581210706.10,+0023.44,-0003.91,+0021.48,-0003.22,-0008.04,+0021.59
+1581210706.10,-0005.86,-0008.79,+0016.60,-0002.53,+0004.98,-0035.91
+1581210706.11,-0063.48,+0000.98,+0018.55,+0004.29,-0010.41,-0019.60
+1581210706.11,+0011.72,+0008.79,+0021.48,+0003.14,-0003.37,-0030.70
+1581210706.12,+0026.37,-0005.86,+0023.44,-0001.38,+0007.43,+0001.68
+1581210706.12,-0010.74,+0000.00,+0025.39,-0004.98,-0003.22,+0001.07
+1581210706.13,-0017.58,+0005.86,+0023.44,-0002.14,-0003.37,-0011.94
+1581210706.13,+0003.91,+0001.95,+0021.48,+0000.84,-0004.90,-0008.04
+1581210706.14,+0016.60,+0000.00,+0020.51,-0000.15,-0002.53,-0000.08
+1581210706.14,-0002.93,+0004.88,+0023.44,+0001.53,-0004.90,-0004.21
+1581210706.15,-0002.93,+0010.74,+0024.41,+0000.08,-0001.99,-0017.69
+1581210706.15,+0009.77,+0009.77,+0023.44,+0001.99,-0002.14,-0018.91
+1581210706.16,+0012.70,+0009.77,+0023.44,+0002.83,+0000.38,-0011.10
+1581210706.16,+0003.91,+0011.72,+0022.46,+0000.84,-0001.23,-0014.47
+1581210706.17,-0001.95,+0014.65,+0023.44,+0002.22,-0002.30,-0015.70
+1581210706.17,+0010.74,+0014.65,+0023.44,-0000.54,-0001.99,-0011.64
+1581210706.18,+0010.74,+0014.65,+0024.41,+0001.76,+0001.45,-0010.26
+1581210706.18,+0003.91,+0018.55,+0025.39,+0000.46,-0004.36,-0004.06
+1581210706.19,+0006.84,+0018.55,+0024.41,+0000.00,-0000.31,-0007.35
+1581210706.19,+0001.95,+0019.53,+0024.41,+0001.07,-0004.67,-0004.52
+1581210706.20,+0010.74,+0021.48,+0024.41,-0001.00,+0001.99,-0007.35
+1581210706.20,+0006.84,+0021.48,+0024.41,+0000.54,+0001.38,-0008.96
+1581210706.21,-0001.95,+0022.46,+0024.41,-0000.61,-0000.46,-0005.28
+1581210706.21,+0000.98,+0024.41,+0023.44,-0001.45,-0000.31,-0011.94
+1581210706.22,+0005.86,+0023.44,+0024.41,+0000.46,-0001.76,-0008.27
+1581210706.22,+0004.88,+0023.44,+0023.44,-0004.59,+0003.14,-0006.43
+1581210706.23,-0009.77,+0024.41,+0022.46,-0001.45,-0003.29,-0013.63
+1581210706.23,-0001.95,+0026.37,+0021.48,-0000.46,-0001.07,-0014.78
+1581210706.24,+0007.81,+0024.41,+0021.48,+0001.68,+0000.08,-0011.48
+1581210706.24,+0001.95,+0024.41,+0021.48,-0000.31,-0000.61,-0006.20
+1581210706.25,-0002.93,+0027.34,+0020.51,-0003.68,-0000.08,-0011.56
+1581210706.25,-0005.86,+0025.39,+0017.58,-0001.23,+0000.77,-0013.86
+1581210706.26,+0004.88,+0025.39,+0016.60,-0001.99,-0002.30,-0007.58
+1581210706.26,+0002.93,+0023.44,+0015.62,+0001.38,+0003.14,-0012.86
+1581210706.27,-0012.70,+0025.39,+0014.65,-0003.06,-0003.29,-0009.34
+1581210706.27,-0001.95,+0025.39,+0012.70,-0000.15,-0000.54,-0013.63
+1581210706.28,+0000.98,+0022.46,+0012.70,-0002.83,+0000.69,-0011.03
+1581210706.28,-0002.93,+0023.44,+0011.72,-0003.75,-0001.23,-0005.21
+1581210706.29,-0004.88,+0021.48,+0010.74,-0000.38,+0002.60,-0011.71
+1581210706.29,-0006.84,+0021.48,+0009.77,-0001.30,-0002.68,-0011.94
+1581210706.30,+0001.95,+0020.51,+0009.77,-0002.14,+0002.91,-0008.96
+1581210706.30,-0002.93,+0018.55,+0007.81,+0001.00,+0002.07,-0012.86
+1581210706.31,-0009.77,+0019.53,+0007.81,-0003.45,-0002.14,-0010.80
+1581210706.31,-0000.98,+0017.58,+0005.86,+0000.00,+0000.31,-0010.87
+1581210706.32,+0000.00,+0014.65,+0005.86,-0001.61,+0001.53,-0005.44
+1581210706.32,-0004.88,+0014.65,+0004.88,+0000.77,+0002.14,-0010.80
+1581210706.33,-0009.77,+0014.65,+0003.91,-0001.38,-0001.91,-0014.85
+1581210706.33,+0002.93,+0012.70,+0003.91,+0001.30,+0003.06,-0009.34
+1581210706.34,-0000.98,+0010.74,+0002.93,-0000.08,+0002.37,-0012.33
+1581210706.34,-0008.79,+0011.72,+0002.93,+0001.38,-0004.06,-0009.65
+1581210706.35,+0000.98,+0010.74,+0002.93,-0001.61,-0000.92,-0012.63
+1581210706.35,+0000.00,+0008.79,+0001.95,-0002.30,+0000.15,-0005.90
+1581210706.36,+0000.98,+0009.77,+0002.93,-0000.38,+0000.31,-0010.18
+1581210706.36,-0002.93,+0008.79,+0001.95,-0000.84,+0000.15,-0012.71
+1581210706.37,+0000.98,+0009.77,+0001.95,-0000.84,+0002.45,-0010.18
+1581210706.37,+0001.95,+0008.79,+0001.95,+0002.37,-0000.31,-0009.88
+1581210706.38,+0000.00,+0009.77,+0001.95,+0000.69,-0001.38,-0009.42
+1581210706.38,+0001.95,+0009.77,+0001.95,-0000.31,-0000.61,-0010.34
+1581210706.39,+0000.98,+0009.77,+0002.93,-0001.68,+0001.30,-0009.65
+1581210706.39,+0000.00,+0010.74,+0002.93,+0002.07,-0000.84,-0009.11
+1581210706.40,+0000.00,+0010.74,+0002.93,+0001.00,+0000.46,-0008.65
+1581210706.40,-0001.95,+0009.77,+0001.95,+0002.07,+0001.84,-0010.41
+1581210706.41,-0005.86,+0010.74,+0001.95,+0000.23,-0000.23,-0012.71
+1581210706.41,-0001.95,+0010.74,+0002.93,-0000.23,-0000.08,-0006.66
+1581210706.42,-0000.98,+0010.74,+0002.93,+0001.99,+0003.29,-0011.94
+1581210706.42,-0008.79,+0012.70,+0003.91,+0002.91,-0001.23,-0010.49
+1581210706.43,-0000.98,+0013.67,+0003.91,-0002.45,+0000.31,-0009.95
+1581210706.43,+0000.00,+0010.74,+0003.91,+0002.45,+0000.15,-0009.19
+1581210706.44,-0005.86,+0013.67,+0003.91,-0002.07,-0002.37,-0008.58
+1581210706.44,-0000.98,+0013.67,+0002.93,-0000.54,+0000.23,-0009.80
+1581210706.45,-0001.95,+0012.70,+0000.98,+0000.54,+0000.08,-0011.87
+1581210706.45,-0001.95,+0013.67,+0001.95,-0000.84,-0002.30,-0006.89
+1581210706.46,+0000.00,+0014.65,+0000.98,-0001.23,+0001.53,-0009.42
+1581210706.46,-0005.86,+0013.67,+0000.00,-0000.54,-0001.15,-0008.96
+1581210706.47,-0002.93,+0015.62,-0000.98,-0001.38,-0001.38,-0010.34
+1581210706.47,-0000.98,+0014.65,-0000.98,-0000.08,+0000.15,-0011.03
+1581210706.48,-0002.93,+0015.62,-0001.95,+0000.23,-0000.38,-0012.10
+1581210706.48,-0005.86,+0016.60,-0001.95,-0000.31,-0000.69,-0013.78
+1581210706.49,-0001.95,+0017.58,-0001.95,-0002.60,-0001.15,-0009.57
+1581210706.49,-0003.91,+0017.58,-0002.93,-0001.61,+0001.07,-0011.87
+1581210706.50,-0009.77,+0019.53,-0003.91,-0000.08,-0000.61,-0012.10
+1581210706.50,-0001.95,+0019.53,-0003.91,-0003.75,+0000.54,-0012.94
+1581210706.51,+0004.88,+0017.58,-0004.88,+0001.99,+0000.61,-0007.20
+1581210706.51,-0000.98,+0019.53,-0005.86,-0003.45,-0000.38,-0010.18
+1581210706.52,-0003.91,+0020.51,-0006.84,-0003.37,-0003.45,-0008.12
+1581210706.52,+0004.88,+0019.53,-0008.79,-0001.91,-0001.15,-0009.19
+1581210706.53,+0002.93,+0019.53,-0009.77,+0000.46,+0000.00,-0008.88
+1581210706.53,+0001.95,+0021.48,-0009.77,-0004.06,+0001.30,-0012.02
+1581210706.54,+0000.98,+0020.51,-0010.74,+0001.23,-0001.23,-0015.08
+1581210706.54,+0006.84,+0020.51,-0011.72,-0002.99,-0001.99,-0010.34
+1581210706.55,+0005.86,+0021.48,-0012.70,-0002.91,-0001.91,-0012.10
+1581210706.55,+0001.95,+0021.48,-0014.65,-0001.30,-0002.68,-0009.26
+1581210706.56,+0005.86,+0020.51,-0015.62,-0003.60,+0001.38,-0010.03
+1581210706.56,+0002.93,+0020.51,-0015.62,-0002.37,-0000.54,-0009.26
+1581210706.57,+0003.91,+0021.48,-0015.62,-0000.54,+0001.23,-0013.02
+1581210706.57,+0004.88,+0020.51,-0016.60,-0003.68,-0001.68,-0011.03
+1581210706.58,+0009.77,+0019.53,-0017.58,-0000.77,-0001.30,-0004.52
+1581210706.58,+0000.98,+0018.55,-0019.53,-0001.68,-0001.15,-0012.86
+1581210706.59,+0000.98,+0019.53,-0020.51,-0001.53,-0002.83,-0009.88
+1581210706.59,+0012.70,+0016.60,-0021.48,-0003.37,-0001.61,-0007.20
+1581210706.60,+0003.91,+0015.62,-0022.46,-0002.30,+0000.61,-0010.03
+1581210706.60,-0001.95,+0016.60,-0024.41,-0003.29,-0002.91,-0013.55
+1581210706.61,+0006.84,+0013.67,-0026.37,-0002.76,-0000.08,-0013.78
+1581210706.61,+0007.81,+0012.70,-0026.37,-0001.23,-0001.07,-0009.42
+1581210706.62,+0005.86,+0012.70,-0028.32,-0004.36,+0000.54,-0007.04
+1581210706.62,-0001.95,+0009.77,-0030.27,-0001.53,+0000.77,-0010.87
+1581210706.63,-0000.98,+0008.79,-0031.25,-0001.61,-0003.68,-0010.49
+1581210706.63,+0010.74,+0006.84,-0031.25,-0001.61,+0000.54,-0005.13
+1581210706.64,+0003.91,+0004.88,-0032.23,-0002.30,+0000.00,-0007.81
+1581210706.64,-0002.93,+0003.91,-0034.18,-0003.22,-0003.52,-0008.88
+1581210706.65,+0003.91,+0001.95,-0035.16,-0001.53,-0000.84,-0015.62
+1581210706.65,+0010.74,+0000.00,-0035.16,-0001.00,-0009.95,+0009.42
+1581210706.66,+0013.67,-0002.93,-0038.09,-0002.30,+0018.15,-0015.39
+1581210706.66,-0032.23,+0000.00,-0041.02,-0006.05,-0002.76,-0025.34
+1581210706.67,+0004.88,+0000.00,-0039.06,+0001.07,-0002.07,-0016.61
+1581210706.67,+0022.46,-0007.81,-0039.06,-0005.28,+0005.51,-0009.42
+1581210706.68,-0006.84,-0003.91,-0038.09,+0007.66,-0003.83,+0001.00
+1581210706.68,-0006.84,-0002.93,-0040.04,-0006.58,-0000.84,-0017.61
+1581210706.69,+0003.91,-0010.74,-0041.02,-0001.15,-0002.68,-0004.90
+1581210706.69,+0012.70,-0007.81,-0041.99,-0001.23,-0000.31,-0002.53
+1581210706.70,+0001.95,-0007.81,-0041.02,-0002.99,+0000.31,-0002.68
+1581210706.70,-0004.88,-0008.79,-0042.97,-0001.76,-0003.29,-0015.39
+1581210706.71,+0004.88,-0011.72,-0042.97,+0001.45,-0003.29,-0011.64
+1581210706.71,+0012.70,-0009.77,-0041.99,-0000.31,-0000.15,-0010.87
+1581210706.72,+0003.91,-0008.79,-0040.04,-0000.08,+0000.23,-0014.16
+1581210706.72,+0001.95,-0009.77,-0041.02,-0001.00,-0003.06,-0012.56
+1581210706.73,+0009.77,-0010.74,-0041.02,+0000.23,+0000.08,-0012.63
+1581210706.73,+0002.93,-0008.79,-0040.04,+0001.23,+0000.15,-0010.03
+1581210706.74,+0004.88,-0007.81,-0039.06,-0000.38,+0000.77,-0008.19
+1581210706.74,+0006.84,-0010.74,-0037.11,+0001.61,-0000.54,-0010.11
+1581210706.75,+0004.88,-0009.77,-0036.13,+0000.08,-0000.92,-0008.80
+1581210706.75,+0002.93,-0009.77,-0036.13,-0000.08,-0001.53,-0009.42
+1581210706.76,+0001.95,-0010.74,-0036.13,+0000.31,-0001.15,-0009.88
+1581210706.76,+0002.93,-0010.74,-0035.16,+0001.53,+0000.92,-0011.41
+1581210706.77,+0001.95,-0009.77,-0033.20,+0000.54,-0000.15,-0013.48
+1581210706.77,+0002.93,-0010.74,-0032.23,+0002.76,-0000.92,-0011.25
+1581210706.78,+0005.86,-0010.74,-0031.25,+0000.23,-0001.38,-0012.02
+1581210706.78,+0000.98,-0010.74,-0030.27,+0001.30,-0002.14,-0008.42
+1581210706.79,+0003.91,-0011.72,-0029.30,-0000.31,+0000.00,-0010.26
+1581210706.79,+0002.93,-0012.70,-0029.30,+0000.92,-0000.84,-0008.35
+1581210706.80,+0005.86,-0013.67,-0028.32,-0001.15,-0002.30,-0008.88
+1581210706.80,+0002.93,-0014.65,-0028.32,+0000.77,-0002.22,-0007.20
+1581210706.81,+0003.91,-0014.65,-0028.32,+0001.00,+0001.91,-0011.25
+1581210706.81,-0000.98,-0014.65,-0028.32,+0000.69,-0001.68,-0012.17
+1581210706.82,+0003.91,-0014.65,-0026.37,+0001.15,+0000.08,-0008.65
+1581210706.82,+0004.88,-0015.62,-0025.39,+0000.92,-0002.30,-0006.20
+1581210706.83,-0001.95,-0015.62,-0024.41,-0001.38,+0001.00,-0008.27
+1581210706.83,-0004.88,-0015.62,-0024.41,-0000.08,+0000.23,-0008.12
+1581210706.84,+0002.93,-0016.60,-0022.46,+0001.61,-0000.46,-0008.80
+1581210706.84,+0000.00,-0017.58,-0021.48,-0000.38,-0000.77,-0008.96
+1581210706.85,-0000.98,-0016.60,-0020.51,-0000.54,-0002.30,-0009.95
+1581210706.85,-0000.98,-0018.55,-0021.48,-0000.23,+0002.37,-0013.09
+1581210706.86,+0000.00,-0017.58,-0020.51,+0002.30,-0000.84,-0012.40
+1581210706.86,+0002.93,-0018.55,-0019.53,+0000.77,+0001.00,-0007.12
+1581210706.87,-0002.93,-0019.53,-0018.55,-0001.76,+0000.15,-0008.73
+1581210706.87,-0007.81,-0018.55,-0019.53,+0000.92,+0000.15,-0010.03
+1581210706.88,+0000.00,-0019.53,-0018.55,+0001.61,+0001.30,-0009.34
+1581210706.88,-0000.98,-0020.51,-0017.58,+0001.15,+0001.84,-0009.11
+1581210706.89,-0007.81,-0019.53,-0016.60,+0001.68,-0001.53,-0012.56
+1581210706.89,-0003.91,-0019.53,-0015.62,+0001.30,-0001.15,-0011.33
+1581210706.90,-0001.95,-0020.51,-0014.65,+0000.92,+0000.92,-0011.64
+1581210706.90,-0002.93,-0018.55,-0013.67,+0000.77,-0001.30,-0007.27
+1581210706.91,-0004.88,-0018.55,-0012.70,+0002.53,+0001.99,-0012.40
+1581210706.91,-0009.77,-0018.55,-0011.72,+0004.29,-0002.14,-0011.64
+1581210706.92,-0001.95,-0017.58,-0010.74,-0000.84,+0002.83,-0012.56
+1581210706.92,+0000.00,-0017.58,-0009.77,+0002.53,-0000.54,-0009.19
+1581210706.93,-0002.93,-0016.60,-0008.79,+0000.84,+0000.08,-0006.58
+1581210706.93,-0001.95,-0016.60,-0008.79,+0000.15,-0000.77,-0009.42
+1581210706.94,-0002.93,-0016.60,-0008.79,-0000.08,-0001.30,-0005.51
+1581210706.94,-0000.98,-0016.60,-0007.81,+0001.07,+0002.22,-0009.80
+1581210706.95,-0007.81,-0015.62,-0006.84,+0001.61,-0001.00,-0011.03
+1581210706.95,-0001.95,-0013.67,-0004.88,+0002.99,-0003.22,-0012.25
+1581210706.96,+0001.95,-0015.62,-0003.91,-0001.38,+0001.38,-0011.56
+1581210706.96,-0005.86,-0014.65,-0003.91,+0001.68,+0000.92,-0009.11
+1581210706.97,-0007.81,-0013.67,-0003.91,+0001.91,+0001.53,-0012.40
+1581210706.97,-0004.88,-0012.70,-0002.93,+0001.15,-0001.23,-0010.57
+1581210706.98,-0000.98,-0012.70,-0000.98,+0001.53,+0002.76,-0011.56
+1581210706.98,-0004.88,-0012.70,+0000.00,+0001.30,-0002.60,-0008.80
+1581210706.99,-0004.88,-0012.70,+0000.00,+0001.68,+0000.69,-0011.18
+1581210706.99,-0004.88,-0011.72,-0000.98,-0001.30,-0000.54,-0009.34
+1581210707.00,-0001.95,-0010.74,+0000.00,+0001.84,-0001.38,-0005.13
+1581210707.00,-0005.86,-0011.72,+0000.00,-0000.08,-0002.91,-0006.81
+1581210707.01,-0003.91,-0012.70,-0000.98,-0002.14,+0002.76,-0013.25
+1581210707.01,-0003.91,-0013.67,-0001.95,+0000.92,-0000.92,-0019.98
+1581210707.02,+0002.93,-0011.72,-0000.98,-0000.15,-0002.53,-0018.22
+1581210707.02,+0000.98,-0010.74,+0000.00,-0000.31,-0001.45,-0012.25
+1581210707.03,+0001.95,-0009.77,+0000.00,-0000.15,-0001.76,-0006.89
+1581210707.03,+0000.98,-0009.77,+0000.00,+0000.23,-0000.31,-0005.05
+1581210707.04,+0000.98,-0009.77,-0000.98,-0000.92,-0000.15,-0001.30
+1581210707.04,+0000.00,-0010.74,-0000.98,-0000.15,+0002.91,-0004.90
+1581210707.05,-0001.95,-0010.74,-0000.98,-0000.69,+0000.38,-0008.35
+1581210707.05,-0002.93,-0009.77,-0001.95,+0001.00,-0001.07,-0009.49
+1581210707.06,+0000.98,-0010.74,-0000.98,+0000.84,-0002.91,-0010.80
+1581210707.06,+0001.95,-0011.72,+0000.00,+0000.31,-0000.23,-0007.04
+1581210707.07,-0005.86,-0011.72,-0000.98,+0000.54,+0002.91,-0012.71
+1581210707.07,-0011.72,-0009.77,-0001.95,+0001.07,-0004.29,-0012.25
+1581210707.08,+0000.98,-0009.77,-0000.98,-0000.77,+0001.23,-0008.58
+1581210707.08,+0000.00,-0013.67,-0000.98,+0000.69,+0003.68,-0009.42
+1581210707.09,-0013.67,-0010.74,-0000.98,+0001.07,+0001.00,-0012.48
+1581210707.09,-0003.91,-0010.74,-0000.98,-0001.15,-0002.53,-0007.04
+1581210707.10,+0004.88,-0015.62,-0000.98,-0001.00,+0004.82,-0009.26
+1581210707.10,-0009.77,-0013.67,-0000.98,-0000.92,+0000.23,-0007.89
+1581210707.11,-0005.86,-0011.72,-0000.98,-0000.61,-0002.45,-0012.63
+1581210707.11,+0003.91,-0016.60,-0001.95,-0001.61,-0000.92,-0006.97
+1581210707.12,+0001.95,-0016.60,-0002.93,+0001.07,+0000.23,-0009.19
+1581210707.12,-0003.91,-0015.62,-0002.93,-0002.30,+0001.23,-0011.94
+1581210707.13,-0000.98,-0015.62,-0003.91,-0000.77,+0000.31,-0013.48
+1581210707.13,+0001.95,-0015.62,-0003.91,+0001.61,+0001.45,-0010.87
+1581210707.14,-0003.91,-0014.65,-0002.93,+0000.61,-0003.90,-0009.88
+1581210707.14,+0000.00,-0014.65,-0001.95,+0000.69,+0001.53,-0010.80
+1581210707.15,-0004.88,-0014.65,-0001.95,-0000.77,-0000.08,-0010.72
+1581210707.15,-0001.95,-0013.67,-0001.95,-0000.77,+0001.68,-0010.49
+1581210707.16,+0000.00,-0013.67,-0000.98,+0001.91,-0001.99,-0010.41
+1581210707.16,+0000.98,-0013.67,-0000.98,+0002.30,-0001.99,-0010.57
+1581210707.17,-0001.95,-0012.70,+0000.00,+0000.00,-0001.84,-0011.64
+1581210707.17,+0000.98,-0011.72,+0000.00,+0002.91,-0002.53,-0008.96
+1581210707.18,+0004.88,-0011.72,+0001.95,-0001.23,-0001.23,-0010.80
+1581210707.18,+0002.93,-0010.74,+0001.95,+0001.30,-0001.76,-0008.58
+1581210707.19,+0004.88,-0009.77,+0002.93,+0000.46,-0002.45,-0010.26
+1581210707.19,+0003.91,-0009.77,+0001.95,+0002.07,-0001.68,-0010.87
+1581210707.20,+0004.88,-0008.79,+0002.93,+0000.77,+0001.61,-0009.88
+1581210707.20,+0000.00,-0008.79,+0002.93,+0002.37,+0000.46,-0012.63
+1581210707.21,+0001.95,-0006.84,+0004.88,+0001.30,-0003.37,-0011.33
+1581210707.21,+0006.84,-0006.84,+0006.84,+0001.07,-0001.99,-0005.51
+1581210707.22,+0003.91,-0006.84,+0007.81,+0001.99,+0001.38,-0008.42
+1581210707.22,-0006.84,-0004.88,+0006.84,-0000.38,+0002.45,-0013.86
+1581210707.23,-0000.98,-0003.91,+0007.81,+0000.61,-0004.75,-0013.55
+1581210707.23,+0008.79,-0005.86,+0009.77,+0002.22,+0003.22,-0010.57
+1581210707.24,-0001.95,-0003.91,+0011.72,+0002.68,-0000.77,-0012.63
+1581210707.24,+0003.91,-0001.95,+0011.72,-0000.92,-0010.80,-0002.37
+1581210707.25,+0026.37,-0011.72,+0009.77,+0005.28,+0021.44,-0025.73
+1581210707.25,-0041.02,-0005.86,+0005.86,-0008.19,-0005.05,-0014.32
+1581210707.26,-0016.60,+0001.95,+0008.79,+0010.49,-0005.90,-0013.40
+1581210707.26,+0024.41,-0004.88,+0011.72,-0007.43,-0004.52,-0021.97
+1581210707.27,-0001.95,-0012.70,+0013.67,+0004.82,+0001.38,-0009.57
+1581210707.27,-0017.58,+0001.95,+0014.65,-0002.37,-0003.68,-0012.63
+1581210707.28,-0000.98,-0003.91,+0012.70,-0001.84,-0006.12,-0008.96
+1581210707.28,+0004.88,-0010.74,+0010.74,+0002.68,+0002.83,-0005.05
+1581210707.29,-0006.84,-0004.88,+0011.72,+0001.45,-0000.23,-0007.04
+1581210707.29,-0010.74,-0003.91,+0012.70,+0000.00,-0001.07,-0010.87
+1581210707.30,+0001.95,-0006.84,+0012.70,+0001.23,-0001.45,-0013.25
+1581210707.30,+0001.95,-0005.86,+0014.65,+0000.08,+0000.54,-0007.81
+1581210707.31,-0004.88,-0005.86,+0013.67,+0000.08,-0000.23,-0011.03
+1581210707.31,-0006.84,-0005.86,+0011.72,-0002.76,-0002.14,-0011.87
+1581210707.32,+0000.98,-0005.86,+0011.72,-0001.53,+0003.52,-0011.03
+1581210707.32,-0002.93,-0006.84,+0012.70,+0000.00,+0001.38,-0011.18
+1581210707.33,-0005.86,-0006.84,+0013.67,+0000.54,-0003.29,-0010.87
+1581210707.33,-0002.93,-0006.84,+0013.67,+0000.15,+0000.84,-0013.93
+1581210707.34,-0001.95,-0006.84,+0013.67,+0001.45,-0000.15,-0009.72
+1581210707.34,-0004.88,-0006.84,+0012.70,-0000.84,+0000.92,-0009.34
+1581210707.35,-0002.93,-0007.81,+0012.70,+0000.92,-0002.76,-0007.73
+1581210707.35,-0001.95,-0008.79,+0012.70,+0000.46,+0001.99,-0011.18
+1581210707.36,-0006.84,-0007.81,+0013.67,+0002.37,-0001.00,-0013.09
+1581210707.36,-0002.93,-0006.84,+0013.67,+0000.08,-0000.46,-0011.33
+1581210707.37,+0001.95,-0008.79,+0013.67,-0000.08,+0000.77,-0010.34
+1581210707.37,-0004.88,-0008.79,+0013.67,+0000.46,-0002.30,-0009.03
+1581210707.38,+0000.00,-0007.81,+0013.67,-0000.08,-0001.76,-0012.02
+1581210707.38,+0000.98,-0009.77,+0013.67,+0000.08,+0000.00,-0011.48
+1581210707.39,+0000.00,-0007.81,+0013.67,-0000.61,-0000.92,-0009.42
+1581210707.39,+0001.95,-0008.79,+0012.70,-0001.15,-0000.15,-0010.95
+1581210707.40,+0000.98,-0008.79,+0012.70,+0001.68,+0000.54,-0011.33
+1581210707.40,+0001.95,-0007.81,+0012.70,+0001.68,-0003.29,-0009.19
+1581210707.41,+0004.88,-0008.79,+0013.67,+0001.68,+0001.61,-0010.03
+1581210707.41,-0000.98,-0007.81,+0013.67,-0001.38,-0001.45,-0010.18
+1581210707.42,+0004.88,-0006.84,+0012.70,+0000.00,-0002.30,-0007.96
+1581210707.42,+0002.93,-0009.77,+0011.72,-0002.30,+0001.76,-0009.57
+1581210707.43,-0000.98,-0008.79,+0011.72,+0000.54,-0000.08,-0012.40
+1581210707.43,+0001.95,-0007.81,+0012.70,+0000.77,-0000.69,-0009.26
+1581210707.44,+0005.86,-0009.77,+0013.67,+0001.45,-0001.23,-0006.35
+1581210707.44,-0001.95,-0009.77,+0013.67,+0000.69,+0002.76,-0009.19
+1581210707.45,-0006.84,-0006.84,+0013.67,-0001.00,-0001.45,-0012.25
+1581210707.45,+0002.93,-0007.81,+0013.67,+0001.45,-0004.82,-0008.42
+1581210707.46,+0006.84,-0010.74,+0013.67,-0000.23,+0004.36,-0006.28
+1581210707.46,-0009.77,-0008.79,+0013.67,+0000.77,-0003.98,-0010.64
+1581210707.47,+0000.00,-0006.84,+0013.67,-0000.15,+0000.61,-0011.18
+1581210707.47,+0000.98,-0008.79,+0014.65,+0002.45,+0001.61,-0013.48
+1581210707.48,-0002.93,-0005.86,+0016.60,-0001.07,-0000.08,-0007.43
+1581210707.48,-0002.93,-0006.84,+0016.60,+0000.08,+0000.77,-0010.72
+1581210707.49,-0002.93,-0007.81,+0015.62,-0000.38,-0000.08,-0008.96
+1581210707.49,+0000.00,-0005.86,+0014.65,-0000.61,+0000.84,-0009.57
+1581210707.50,-0001.95,-0006.84,+0014.65,+0002.22,-0000.77,-0009.42
+1581210707.50,-0001.95,-0004.88,+0014.65,+0000.08,-0000.84,-0009.42
+1581210707.51,+0000.98,-0005.86,+0014.65,+0000.61,+0001.00,-0011.33
+1581210707.51,+0000.00,-0004.88,+0014.65,+0000.46,-0000.08,-0009.26
+1581210707.52,-0002.93,-0004.88,+0014.65,+0000.54,+0001.68,-0012.33
+1581210707.52,-0003.91,-0002.93,+0014.65,-0000.46,+0000.00,-0014.09
+1581210707.53,+0000.98,-0001.95,+0015.62,+0001.68,-0000.84,-0011.94
+1581210707.53,+0005.86,-0002.93,+0016.60,-0000.69,+0000.84,-0009.42
+1581210707.54,-0000.98,-0002.93,+0016.60,-0001.45,+0001.07,-0011.10
+1581210707.54,-0004.88,-0000.98,+0015.62,-0000.15,-0001.07,-0008.80
+1581210707.55,-0000.98,+0000.00,+0015.62,-0000.84,+0000.69,-0006.12
+1581210707.55,+0000.98,+0000.00,+0015.62,+0000.69,-0001.15,-0005.36
+1581210707.56,+0000.00,+0000.00,+0016.60,-0000.54,+0004.21,-0008.80
+1581210707.56,+0000.00,+0000.00,+0015.62,+0000.31,-0000.46,-0015.39
+1581210707.57,+0006.84,+0000.98,+0016.60,+0000.38,+0002.99,-0018.99
+1581210707.57,+0003.91,+0001.95,+0016.60,+0002.45,-0003.22,-0013.63
+1581210707.58,+0005.86,+0003.91,+0017.58,+0001.00,-0002.53,-0012.79
+1581210707.58,+0005.86,+0003.91,+0017.58,+0001.07,-0001.91,-0008.96
+1581210707.59,+0006.84,+0004.88,+0018.55,-0001.00,-0000.38,-0007.89
+1581210707.59,+0005.86,+0004.88,+0018.55,+0001.15,-0000.46,-0006.28
+1581210707.60,+0004.88,+0004.88,+0017.58,-0000.23,-0000.61,-0006.81
+1581210707.60,+0005.86,+0005.86,+0017.58,+0000.84,-0000.08,-0007.73
+1581210707.61,+0005.86,+0005.86,+0017.58,+0000.23,-0001.91,-0007.58
+1581210707.61,+0004.88,+0005.86,+0017.58,+0001.38,+0001.23,-0010.80
+1581210707.62,+0001.95,+0006.84,+0018.55,-0001.76,-0000.69,-0010.80
+1581210707.62,+0006.84,+0006.84,+0018.55,+0002.37,-0000.69,-0013.25
+1581210707.63,+0007.81,+0006.84,+0018.55,+0000.08,+0004.21,-0020.98
+1581210707.63,+0000.98,+0008.79,+0018.55,+0001.38,-0000.38,-0011.94
+1581210707.64,+0004.88,+0009.77,+0018.55,+0000.38,+0001.07,-0007.58
+1581210707.64,+0004.88,+0008.79,+0018.55,+0000.77,-0001.00,-0010.11
+1581210707.65,+0004.88,+0009.77,+0018.55,-0000.54,-0002.68,-0004.67
+1581210707.65,+0001.95,+0008.79,+0018.55,-0002.14,+0002.30,-0004.82
+1581210707.66,-0000.98,+0008.79,+0016.60,-0000.84,-0003.37,-0006.20
+1581210707.66,+0003.91,+0007.81,+0016.60,-0000.61,+0001.68,-0006.89
+1581210707.67,-0003.91,+0006.84,+0014.65,-0000.15,+0001.91,-0009.72
+1581210707.67,-0007.81,+0007.81,+0014.65,+0001.30,+0000.31,-0015.24
+1581210707.68,-0000.98,+0008.79,+0015.62,-0002.30,-0002.60,-0011.10
+1581210707.68,+0000.98,+0006.84,+0015.62,+0001.84,+0002.14,-0012.10
+1581210707.69,-0008.79,+0007.81,+0014.65,-0000.46,-0002.83,-0009.11
+1581210707.69,-0005.86,+0007.81,+0013.67,+0000.15,-0000.08,-0013.78
+1581210707.70,-0002.93,+0006.84,+0013.67,-0000.69,-0001.91,-0009.34
+1581210707.70,+0000.00,+0005.86,+0012.70,-0001.38,+0000.00,-0006.43
+1581210707.71,-0006.84,+0005.86,+0012.70,-0002.53,-0001.99,-0009.95
+1581210707.71,-0003.91,+0005.86,+0011.72,-0001.61,-0000.61,-0010.11
+1581210707.72,+0002.93,+0003.91,+0010.74,-0000.69,-0000.77,-0008.96
+1581210707.72,+0000.98,+0003.91,+0009.77,-0002.14,+0001.00,-0009.19
+1581210707.73,-0002.93,+0003.91,+0008.79,+0000.92,-0003.06,-0012.10
+1581210707.73,-0001.95,+0003.91,+0008.79,-0001.45,-0000.61,-0012.63
+1581210707.74,+0002.93,+0003.91,+0008.79,+0000.46,+0000.84,-0011.56
+1581210707.74,-0000.98,+0002.93,+0009.77,-0001.00,-0001.07,-0009.19
+1581210707.75,+0000.00,+0002.93,+0009.77,-0001.68,+0000.08,-0010.18
+1581210707.75,-0001.95,+0001.95,+0008.79,+0000.69,-0000.77,-0009.72
+1581210707.76,+0000.98,+0000.98,+0007.81,-0000.46,+0001.00,-0008.19
+1581210707.76,+0000.00,+0000.98,+0006.84,-0001.53,+0001.07,-0010.34
+1581210707.77,-0005.86,+0000.00,+0007.81,+0001.30,+0001.30,-0013.55
+1581210707.77,+0001.95,+0000.98,+0008.79,-0000.23,-0003.06,-0009.95
+1581210707.78,+0004.88,-0000.98,+0007.81,-0001.91,+0001.91,-0010.34
+1581210707.78,-0005.86,-0000.98,+0007.81,+0001.38,-0000.31,-0011.94
+1581210707.79,-0006.84,+0000.98,+0007.81,+0000.38,-0003.90,-0015.77
+1581210707.79,+0008.79,+0000.98,+0007.81,+0000.23,-0006.66,-0005.28
+1581210707.80,+0023.44,-0002.93,+0008.79,-0004.75,-0000.38,+0012.63
+1581210707.80,+0000.98,-0004.88,+0005.86,+0006.51,+0012.86,-0023.81
+1581210707.81,-0027.34,+0001.95,+0004.88,-0005.51,-0006.81,-0013.48
+1581210707.81,+0012.70,+0000.00,+0003.91,-0006.20,-0000.84,-0012.40
+1581210707.82,+0012.70,-0006.84,+0005.86,+0003.98,+0006.12,-0008.73
+1581210707.82,-0008.79,+0000.00,+0007.81,+0001.07,+0001.07,-0005.82
+1581210707.83,-0009.77,-0000.98,+0007.81,+0002.14,-0002.91,-0015.01
+1581210707.83,+0004.88,-0002.93,+0006.84,+0000.92,-0002.22,-0005.97
+1581210707.84,+0012.70,-0002.93,+0005.86,+0000.00,+0001.53,-0004.21
+1581210707.84,-0005.86,-0003.91,+0005.86,-0000.84,-0002.30,-0004.82
+1581210707.85,-0003.91,-0003.91,+0005.86,-0000.69,-0001.61,-0008.73
+1581210707.85,+0005.86,-0005.86,+0005.86,+0000.23,-0001.99,-0005.82
+1581210707.86,+0003.91,-0004.88,+0006.84,-0000.84,+0002.91,-0005.97
+1581210707.86,-0006.84,-0005.86,+0006.84,-0001.68,+0000.15,-0009.57
+1581210707.87,-0003.91,-0007.81,+0004.88,-0003.06,+0000.92,-0010.87
+1581210707.87,-0003.91,-0008.79,+0004.88,+0001.68,+0002.07,-0013.78
+1581210707.88,-0007.81,-0006.84,+0004.88,-0002.91,-0001.15,-0012.79
+1581210707.88,-0001.95,-0009.77,+0005.86,+0000.38,+0001.53,-0015.70
+1581210707.89,-0007.81,-0009.77,+0005.86,+0001.84,-0001.38,-0010.49
+1581210707.89,-0003.91,-0008.79,+0005.86,+0002.60,-0003.22,-0006.20
+1581210707.90,-0004.88,-0011.72,+0004.88,-0001.38,+0000.23,-0009.34
+1581210707.90,-0006.84,-0010.74,+0004.88,-0000.84,-0001.84,-0010.57
+1581210707.91,+0001.95,-0010.74,+0005.86,-0000.23,-0004.75,-0006.81
+1581210707.91,+0003.91,-0013.67,+0004.88,+0002.45,+0001.68,-0007.58
+1581210707.92,-0006.84,-0012.70,+0003.91,-0001.61,-0004.44,-0011.03
+1581210707.92,-0000.98,-0012.70,+0002.93,+0001.38,-0001.68,-0012.71
+1581210707.93,+0000.98,-0012.70,+0003.91,-0002.45,+0000.08,-0014.01
+1581210707.93,+0000.98,-0011.72,+0005.86,+0000.08,+0001.99,-0010.95
+1581210707.94,-0000.98,-0013.67,+0005.86,+0000.69,-0001.07,-0015.70
+1581210707.94,-0002.93,-0012.70,+0005.86,-0001.23,+0000.23,-0011.10
+1581210707.95,+0000.98,-0011.72,+0005.86,+0002.37,-0004.13,-0011.87
+1581210707.95,+0003.91,-0011.72,+0006.84,+0001.00,-0001.84,-0003.83
+1581210707.96,+0002.93,-0012.70,+0006.84,+0002.07,+0000.23,-0005.67
+1581210707.96,-0001.95,-0011.72,+0007.81,-0000.46,+0000.08,-0008.73
+1581210707.97,+0000.00,-0010.74,+0008.79,+0002.30,-0003.22,-0007.27
+1581210707.97,+0005.86,-0011.72,+0009.77,+0000.84,+0001.07,-0011.03
+1581210707.98,+0000.00,-0010.74,+0009.77,+0001.23,-0001.00,-0008.73
+1581210707.98,+0000.00,-0009.77,+0010.74,+0000.38,+0000.54,-0014.78
+1581210707.99,+0000.98,-0009.77,+0010.74,+0001.99,-0000.69,-0008.80
+1581210707.99,+0006.84,-0009.77,+0011.72,+0001.91,+0004.52,-0013.25
+1581210708.00,-0004.88,-0008.79,+0011.72,+0001.76,-0002.76,-0011.64
+1581210708.00,+0002.93,-0005.86,+0013.67,+0000.84,-0001.45,-0011.03
+1581210708.01,+0004.88,-0007.81,+0014.65,+0000.92,+0000.15,-0010.34
+1581210708.01,+0001.95,-0004.88,+0016.60,+0002.07,-0001.45,-0007.27
+1581210708.02,+0000.00,-0004.88,+0015.62,-0002.45,-0001.45,-0008.73
+1581210708.02,+0002.93,-0004.88,+0015.62,+0000.23,+0001.53,-0011.87
+1581210708.03,+0000.98,-0003.91,+0015.62,+0001.30,-0002.37,-0012.56
+1581210708.03,+0006.84,-0002.93,+0016.60,-0001.53,-0001.91,-0008.50
+1581210708.04,+0003.91,-0002.93,+0017.58,+0001.00,+0001.07,-0010.03
+1581210708.04,+0000.00,-0000.98,+0018.55,+0000.92,+0000.23,-0013.09
+1581210708.05,+0004.88,+0000.98,+0018.55,+0001.99,-0001.84,-0012.86
+1581210708.05,+0011.72,+0000.98,+0020.51,+0001.07,-0001.53,-0007.20
+1581210708.06,+0003.91,+0000.00,+0020.51,+0000.31,-0002.22,-0004.44
+1581210708.06,-0000.98,+0001.95,+0020.51,+0001.45,-0001.00,-0008.35
+1581210708.07,+0000.98,+0002.93,+0020.51,+0000.92,+0001.00,-0010.03
+1581210708.07,+0006.84,+0002.93,+0022.46,+0001.07,-0000.61,-0007.58
+1581210708.08,+0000.00,+0003.91,+0021.48,+0001.38,+0000.38,-0017.00
+1581210708.08,-0003.91,+0005.86,+0022.46,+0002.91,-0005.05,-0010.95
+1581210708.09,+0006.84,+0004.88,+0023.44,+0001.53,-0001.53,-0004.44
+1581210708.09,-0001.95,+0003.91,+0024.41,-0001.68,+0001.99,-0010.64
+1581210708.10,-0004.88,+0005.86,+0024.41,+0000.61,-0003.68,-0014.62
+1581210708.10,+0010.74,+0004.88,+0024.41,-0000.31,-0003.75,-0018.99
+1581210708.11,+0008.79,+0003.91,+0023.44,+0002.37,+0001.07,-0016.15
+1581210708.11,+0003.91,+0006.84,+0024.41,+0000.92,-0003.52,-0006.28
+1581210708.12,+0005.86,+0006.84,+0023.44,+0000.46,-0000.15,-0008.73
+1581210708.12,+0005.86,+0006.84,+0023.44,+0000.69,-0000.92,-0003.45
+1581210708.13,+0004.88,+0006.84,+0022.46,-0000.69,-0001.07,-0006.05
+1581210708.13,+0002.93,+0005.86,+0023.44,+0000.31,+0000.61,-0005.82
+1581210708.14,+0002.93,+0005.86,+0023.44,+0000.08,+0002.60,-0012.71
+1581210708.14,-0000.98,+0005.86,+0023.44,-0001.07,-0000.92,-0012.63
+1581210708.15,+0001.95,+0006.84,+0024.41,-0001.76,+0001.15,-0015.16
+1581210708.15,+0000.98,+0005.86,+0025.39,+0002.07,-0000.38,-0011.48
+1581210708.16,+0002.93,+0006.84,+0025.39,-0001.38,-0000.38,-0007.89
+1581210708.16,-0001.95,+0004.88,+0023.44,-0000.38,-0001.45,-0008.80
+1581210708.17,-0000.98,+0005.86,+0023.44,+0000.92,-0001.76,-0008.27
+1581210708.17,+0002.93,+0003.91,+0022.46,-0000.46,+0002.45,-0011.64
+1581210708.18,+0000.00,+0004.88,+0023.44,-0000.38,+0001.23,-0012.25
+1581210708.18,+0000.98,+0005.86,+0022.46,+0000.23,+0000.38,-0013.93
+1581210708.19,+0001.95,+0004.88,+0023.44,+0001.45,-0000.46,-0012.86
+1581210708.19,+0002.93,+0005.86,+0022.46,-0000.15,-0004.44,-0007.81
+1581210708.20,+0005.86,+0005.86,+0022.46,-0001.07,-0000.15,-0012.86
+1581210708.20,+0002.93,+0005.86,+0022.46,+0001.53,-0004.44,-0008.50
+1581210708.21,+0014.65,+0006.84,+0022.46,+0000.08,-0003.29,-0004.82
+1581210708.21,+0006.84,+0003.91,+0021.48,-0000.31,+0002.45,-0007.43
+1581210708.22,-0001.95,+0009.77,+0022.46,-0000.69,-0006.35,-0009.34
+1581210708.22,+0015.62,+0008.79,+0021.48,+0001.07,-0001.00,-0010.57
+1581210708.23,+0014.65,+0005.86,+0022.46,+0001.23,+0003.22,-0009.72
+1581210708.23,-0000.98,+0008.79,+0022.46,+0000.08,-0002.76,-0012.17
+1581210708.24,+0004.88,+0010.74,+0022.46,-0000.61,-0000.23,-0013.78
+1581210708.24,+0009.77,+0008.79,+0022.46,+0000.46,+0001.00,-0012.25
+1581210708.25,+0008.79,+0010.74,+0023.44,+0000.23,+0000.84,-0007.27
+1581210708.25,+0000.98,+0009.77,+0022.46,+0000.08,-0002.37,-0007.50
+1581210708.26,+0000.98,+0009.77,+0021.48,-0000.46,+0001.38,-0008.12
+1581210708.26,+0004.88,+0009.77,+0021.48,+0001.76,-0001.61,-0007.35
+1581210708.27,+0002.93,+0009.77,+0021.48,+0000.92,+0000.31,-0008.27
+1581210708.27,-0004.88,+0009.77,+0021.48,-0002.07,-0000.69,-0008.80
+1581210708.27,+0000.98,+0009.77,+0020.51,+0000.92,-0001.84,-0006.20
+1581210708.28,-0005.86,+0005.86,+0019.53,-0004.59,+0010.49,-0011.10
+1581210708.28,-0028.32,+0008.79,+0022.46,-0000.46,+0004.59,-0028.63
+1581210708.29,-0019.53,+0015.62,+0024.41,+0003.90,-0001.91,-0026.41
+1581210708.29,+0014.65,+0009.77,+0024.41,-0003.45,-0008.42,-0014.01
+1581210708.30,+0046.88,+0001.95,+0023.44,+0002.99,-0013.63,+0033.69
+1581210708.30,-0016.60,+0006.84,+0016.60,-0012.10,-0004.21,+0003.75
+1581210708.31,-0031.25,+0008.79,+0014.65,+0004.67,-0007.89,-0010.26
+1581210708.31,+0011.72,+0012.70,+0012.70,+0001.07,-0008.12,-0030.93
+1581210708.32,+0022.46,+0007.81,+0015.62,-0001.38,+0003.60,-0007.20
+1581210708.32,+0011.72,+0008.79,+0018.55,-0001.38,-0014.70,+0021.28
+1581210708.33,+0000.00,+0010.74,+0017.58,+0006.74,+0023.28,-0031.16
+1581210708.33,-0042.97,+0009.77,+0014.65,-0014.47,-0002.68,-0028.10
+1581210708.34,+0006.84,+0020.51,+0015.62,-0002.60,-0004.36,-0021.74
+1581210708.34,+0021.48,+0006.84,+0015.62,+0002.91,+0007.04,-0006.20
+1581210708.35,-0011.72,+0012.70,+0018.55,+0004.29,+0001.99,-0000.77
+1581210708.35,-0011.72,+0019.53,+0018.55,-0001.07,-0002.53,-0007.96
+1581210708.36,+0004.88,+0008.79,+0016.60,+0000.00,-0001.45,-0002.76
+1581210708.36,+0009.77,+0006.84,+0015.62,-0001.68,+0000.46,+0003.90
+1581210708.37,-0005.86,+0012.70,+0015.62,+0002.07,+0001.61,-0003.60
+1581210708.37,-0007.81,+0011.72,+0014.65,+0000.77,-0001.38,-0015.77
+1581210708.38,+0000.98,+0007.81,+0014.65,+0002.22,+0001.00,-0017.53
+1581210708.38,+0003.91,+0010.74,+0016.60,-0000.69,+0001.76,-0015.31
+1581210708.39,-0002.93,+0011.72,+0016.60,-0002.91,+0001.15,-0014.62
+1581210708.39,-0003.91,+0010.74,+0015.62,+0001.30,-0003.45,-0013.02
+1581210708.40,+0001.95,+0010.74,+0014.65,-0002.68,-0002.91,-0009.72
+1581210708.40,+0000.98,+0009.77,+0013.67,+0000.54,+0004.75,-0010.57
+1581210708.41,-0007.81,+0010.74,+0014.65,-0000.84,-0000.31,-0009.11
+1581210708.41,+0000.00,+0011.72,+0013.67,-0000.84,-0001.53,-0010.57
+1581210708.42,+0002.93,+0009.77,+0012.70,-0000.23,-0002.76,-0006.51
+1581210708.42,+0001.95,+0008.79,+0012.70,-0001.45,-0000.84,-0007.12
+1581210708.43,-0002.93,+0009.77,+0011.72,-0000.31,-0000.54,-0007.81
+1581210708.43,-0001.95,+0009.77,+0009.77,+0000.61,+0001.45,-0013.17
+1581210708.44,-0000.98,+0010.74,+0009.77,-0000.38,-0000.69,-0012.94
+1581210708.44,+0003.91,+0010.74,+0010.74,+0000.46,+0000.46,-0010.26
+1581210708.45,-0002.93,+0009.77,+0010.74,-0000.31,-0000.31,-0009.95
+1581210708.45,-0005.86,+0010.74,+0009.77,-0000.84,-0001.07,-0009.80
+1581210708.46,+0000.98,+0010.74,+0008.79,+0000.92,-0001.84,-0007.96
+1581210708.46,+0001.95,+0008.79,+0008.79,-0001.30,+0000.61,-0005.90
+1581210708.47,-0003.91,+0009.77,+0008.79,+0001.53,+0000.31,-0009.11
+1581210708.47,-0007.81,+0009.77,+0007.81,-0002.07,-0002.60,-0010.72
+1581210708.48,+0000.98,+0008.79,+0007.81,-0001.15,+0003.06,-0012.79
+1581210708.48,-0003.91,+0006.84,+0006.84,+0000.00,+0000.23,-0013.09
+1581210708.49,-0005.86,+0009.77,+0007.81,+0000.15,-0001.07,-0010.18
+1581210708.49,-0005.86,+0007.81,+0006.84,+0000.38,+0000.15,-0010.95
+1581210708.50,-0004.88,+0007.81,+0005.86,-0000.54,-0001.53,-0006.74
+1581210708.50,-0000.98,+0006.84,+0004.88,-0002.91,+0001.91,-0006.74
+1581210708.51,-0008.79,+0005.86,+0003.91,+0001.45,+0001.15,-0007.58
+1581210708.51,-0008.79,+0006.84,+0003.91,+0001.23,-0001.30,-0010.64
+1581210708.52,-0001.95,+0005.86,+0003.91,-0000.61,-0001.23,-0009.72
+1581210708.52,-0001.95,+0004.88,+0003.91,-0001.23,+0001.30,-0008.12
+1581210708.53,-0008.79,+0006.84,+0002.93,-0002.99,-0000.31,-0012.02
+1581210708.53,-0009.77,+0005.86,+0001.95,-0001.15,-0000.31,-0013.48
+1581210708.54,-0000.98,+0006.84,+0001.95,+0001.07,-0004.67,-0010.87
+1581210708.54,+0000.00,+0004.88,+0002.93,-0000.15,+0001.53,-0009.72
+1581210708.55,-0008.79,+0005.86,+0001.95,+0000.23,-0001.38,-0014.55
+1581210708.55,-0008.79,+0006.84,+0000.98,-0003.29,-0001.68,-0010.49
+1581210708.56,+0003.91,+0005.86,+0000.98,+0000.77,-0001.61,-0008.12
+1581210708.56,-0001.95,+0004.88,+0000.98,+0000.84,-0001.91,-0005.59
+1581210708.57,-0003.91,+0006.84,+0000.00,-0002.60,+0000.46,-0010.11
+1581210708.57,-0002.93,+0003.91,-0000.98,-0001.23,-0001.23,-0015.62
+1581210708.58,+0006.84,+0004.88,-0000.98,-0001.23,-0002.22,-0007.89
+1581210708.58,+0002.93,+0003.91,-0000.98,-0000.08,+0000.92,-0007.89
+1581210708.59,-0004.88,+0005.86,-0001.95,-0000.23,-0005.74,-0006.58
+1581210708.59,+0000.98,+0005.86,-0002.93,-0000.54,-0000.92,-0011.48
+1581210708.60,+0001.95,+0003.91,-0002.93,+0001.23,-0001.07,-0010.64
+1581210708.60,+0000.98,+0004.88,-0001.95,-0003.45,-0001.38,-0011.87
+1581210708.61,+0002.93,+0004.88,-0000.98,-0000.46,-0001.07,-0010.95
+1581210708.61,+0000.00,+0003.91,-0002.93,+0000.00,-0001.53,-0011.71
+1581210708.62,+0003.91,+0005.86,-0002.93,+0000.38,-0001.07,-0010.03
+1581210708.62,+0003.91,+0003.91,-0002.93,+0000.15,+0000.61,-0010.11
+1581210708.63,+0001.95,+0003.91,-0001.95,-0000.08,-0000.54,-0010.87
+1581210708.63,-0000.98,+0004.88,-0002.93,-0001.45,-0001.76,-0009.26
+1581210708.64,+0003.91,+0004.88,-0002.93,-0000.54,-0000.31,-0010.03
+1581210708.64,+0000.00,+0002.93,-0003.91,-0002.22,+0001.53,-0011.87
+1581210708.65,+0000.98,+0003.91,-0003.91,-0001.45,-0000.77,-0007.66
+1581210708.65,+0000.00,+0002.93,-0004.88,-0000.92,-0002.30,-0009.03
+1581210708.66,+0001.95,+0002.93,-0004.88,-0000.84,-0000.84,-0004.90
+1581210708.66,+0000.98,+0001.95,-0005.86,+0000.38,-0000.23,-0007.20
+1581210708.67,+0000.00,+0001.95,-0005.86,+0001.38,-0000.61,-0009.88
+1581210708.67,-0000.98,+0001.95,-0005.86,-0002.76,-0002.53,-0010.03
+1581210708.68,+0003.91,+0000.98,-0005.86,+0002.07,-0001.84,-0009.57
+1581210708.68,+0003.91,+0000.98,-0006.84,-0003.22,-0001.99,-0007.27
+1581210708.69,-0002.93,+0000.00,-0007.81,+0000.08,+0000.08,-0013.78
+1581210708.69,-0006.84,+0000.98,-0007.81,-0000.23,-0002.76,-0012.86
+1581210708.70,+0001.95,+0000.98,-0007.81,+0001.84,-0000.38,-0009.49
+1581210708.70,-0002.93,+0000.00,-0006.84,-0000.38,-0001.00,-0009.34
+1581210708.71,-0006.84,+0000.00,-0007.81,-0001.07,-0000.92,-0005.90
+1581210708.71,-0002.93,-0001.95,-0008.79,-0002.53,+0002.60,-0009.88
+1581210708.72,-0008.79,-0002.93,-0008.79,+0001.76,-0001.15,-0010.11
+1581210708.72,-0004.88,-0000.98,-0008.79,-0002.22,-0002.45,-0011.33
+1581210708.73,-0002.93,-0003.91,-0007.81,+0000.31,-0000.84,-0011.18
+1581210708.73,-0000.98,-0002.93,-0007.81,-0000.15,-0001.45,-0008.50
+1581210708.74,-0000.98,-0004.88,-0008.79,-0003.06,-0000.84,-0007.73
+1581210708.74,-0004.88,-0003.91,-0010.74,-0001.76,-0003.90,-0009.65
+1581210708.75,+0000.98,-0004.88,-0010.74,+0001.07,-0002.37,-0010.26
+1581210708.75,+0002.93,-0004.88,-0009.77,-0002.07,+0001.45,-0011.48
+1581210708.76,-0003.91,-0003.91,-0009.77,-0000.46,-0002.30,-0010.11
+1581210708.76,+0000.98,-0004.88,-0009.77,-0001.45,-0002.68,-0008.80
+1581210708.77,+0001.95,-0005.86,-0009.77,-0000.77,-0001.53,-0006.74
+1581210708.77,-0002.93,-0005.86,-0009.77,-0000.54,+0001.84,-0007.58
+1581210708.78,-0008.79,-0005.86,-0009.77,+0000.00,-0002.22,-0011.25
+1581210708.78,+0000.00,-0005.86,-0009.77,-0000.77,+0000.00,-0012.56
+1581210708.79,+0000.00,-0006.84,-0008.79,-0000.08,-0001.53,-0009.72
+1581210708.79,-0002.93,-0006.84,-0008.79,+0000.08,-0000.84,-0009.49
+1581210708.80,-0005.86,-0006.84,-0009.77,-0000.69,-0001.91,-0008.80
+1581210708.80,+0000.00,-0006.84,-0009.77,+0000.84,-0001.45,-0008.80
+1581210708.81,-0003.91,-0007.81,-0008.79,+0000.92,+0001.99,-0010.95
+1581210708.81,-0004.88,-0006.84,-0007.81,-0000.54,-0002.91,-0011.94
+1581210708.82,+0000.00,-0008.79,-0006.84,+0000.46,+0001.84,-0012.33
+1581210708.82,-0003.91,-0007.81,-0006.84,-0000.69,+0001.07,-0016.08
+1581210708.83,+0008.79,-0006.84,-0005.86,-0003.06,-0002.60,+0004.44
+1581210708.83,+0007.81,-0011.72,-0009.77,+0001.84,+0013.55,-0017.92
+1581210708.84,-0022.46,-0007.81,-0011.72,-0004.67,-0006.97,-0009.26
+1581210708.84,+0006.84,-0004.88,-0008.79,+0004.52,-0004.44,-0014.70
+1581210708.85,+0013.67,-0013.67,-0005.86,+0004.59,+0005.05,-0005.67
+1581210708.85,-0008.79,-0007.81,-0004.88,+0000.69,+0002.07,-0007.27
+1581210708.86,-0012.70,-0005.86,-0006.84,-0004.06,+0000.92,-0015.77
+1581210708.86,-0000.98,-0010.74,-0006.84,-0000.77,-0000.84,-0007.35
+1581210708.87,+0006.84,-0010.74,-0004.88,+0000.61,+0004.29,-0003.52
+1581210708.87,-0010.74,-0007.81,-0004.88,-0001.23,+0000.69,-0008.35
+1581210708.88,-0009.77,-0008.79,-0004.88,-0001.91,-0001.07,-0008.88
+1581210708.88,+0000.98,-0011.72,-0005.86,+0000.15,+0001.07,-0010.57
+1581210708.89,-0000.98,-0010.74,-0004.88,+0001.53,-0000.15,-0008.65
+1581210708.89,-0007.81,-0009.77,-0003.91,-0000.61,-0001.45,-0011.10
+1581210708.90,-0000.98,-0011.72,-0002.93,-0001.15,+0000.77,-0010.57
+1581210708.90,-0000.98,-0011.72,-0002.93,+0001.84,+0000.61,-0010.72
+1581210708.91,-0007.81,-0009.77,-0003.91,-0002.14,-0002.91,-0008.65
+1581210708.91,-0002.93,-0010.74,-0003.91,+0003.37,-0000.61,-0010.03
+1581210708.92,-0005.86,-0012.70,-0002.93,+0003.68,-0000.31,-0009.57
+1581210708.92,-0004.88,-0010.74,-0001.95,-0000.31,-0001.45,-0007.81
+1581210708.93,-0006.84,-0011.72,-0002.93,+0000.92,+0000.46,-0009.80
+1581210708.93,-0007.81,-0010.74,-0001.95,+0000.38,-0000.69,-0010.80
+1581210708.94,-0004.88,-0010.74,-0000.98,+0000.92,-0001.00,-0011.41
+1581210708.94,+0000.00,-0010.74,+0000.00,-0001.68,-0001.68,-0009.80
+1581210708.95,-0002.93,-0012.70,+0000.00,-0001.15,-0000.92,-0008.04
+1581210708.95,-0007.81,-0009.77,-0000.98,-0001.61,-0001.84,-0017.46
+1581210708.96,-0001.95,-0009.77,-0000.98,+0000.54,-0001.53,-0013.40
+1581210708.96,+0009.77,-0010.74,+0000.98,-0000.54,-0001.99,-0008.35
+1581210708.97,-0001.95,-0010.74,+0001.95,+0000.92,+0000.54,-0011.10
+1581210708.97,-0009.77,-0006.84,+0000.98,-0001.45,-0003.37,-0011.94
+1581210708.98,+0004.88,-0007.81,+0000.98,+0001.61,-0001.61,-0010.26
+1581210708.98,+0005.86,-0010.74,+0001.95,-0001.00,+0002.22,-0004.67
+1581210708.99,-0004.88,-0007.81,+0001.95,+0000.23,-0001.53,-0010.18
+1581210708.99,-0003.91,-0005.86,+0001.95,+0000.84,-0002.53,-0011.41
+1581210709.00,+0007.81,-0007.81,+0002.93,+0001.61,-0001.84,-0009.65
+1581210709.00,+0005.86,-0006.84,+0003.91,+0001.91,-0002.07,-0012.71
+1581210709.01,-0003.91,-0004.88,+0004.88,-0002.07,-0000.08,-0012.17
+1581210709.01,+0002.93,-0004.88,+0004.88,+0001.15,-0001.30,-0015.16
+1581210709.02,+0004.88,-0004.88,+0005.86,+0000.77,+0000.23,-0013.93
+1581210709.02,+0007.81,-0003.91,+0006.84,-0001.76,-0002.07,-0011.41
+1581210709.03,+0006.84,-0003.91,+0007.81,+0000.31,-0000.08,-0010.57
+1581210709.03,+0010.74,-0002.93,+0007.81,+0001.68,-0003.75,-0007.81
+1581210709.04,+0010.74,-0002.93,+0006.84,-0002.07,+0000.54,-0009.88
+1581210709.04,+0005.86,-0002.93,+0007.81,+0000.46,-0001.84,-0008.65
+1581210709.05,+0006.84,-0000.98,+0008.79,+0002.91,-0001.68,-0011.33
+1581210709.05,+0011.72,-0000.98,+0008.79,-0000.61,+0001.84,-0010.49
+1581210709.06,+0007.81,+0000.00,+0009.77,+0001.23,-0001.23,-0005.21
+1581210709.06,+0003.91,+0000.00,+0009.77,+0001.15,+0000.38,-0007.35
+1581210709.07,+0001.95,+0000.98,+0009.77,-0000.31,-0000.08,-0003.45
+1581210709.07,-0003.91,+0000.00,+0009.77,+0000.46,+0001.91,+0000.54
+1581210709.08,-0009.77,+0000.98,+0010.74,-0001.30,-0000.69,-0009.26
+1581210709.08,+0000.98,+0000.00,+0009.77,+0001.07,+0003.37,-0022.74
+1581210709.09,+0004.88,-0001.95,+0010.74,-0000.23,-0000.69,-0027.33
+1581210709.09,-0001.95,+0000.98,+0011.72,+0001.15,-0002.68,-0019.52
+1581210709.10,+0001.95,+0001.95,+0011.72,+0000.31,-0005.21,-0012.48
+1581210709.10,+0008.79,+0002.93,+0012.70,+0001.00,+0002.60,-0007.96
+1581210709.11,+0002.93,+0003.91,+0011.72,-0001.23,-0001.76,+0000.08
+1581210709.11,+0000.98,+0002.93,+0010.74,-0001.53,+0000.54,-0002.68
+1581210709.12,+0000.00,+0000.98,+0007.81,-0001.38,+0000.08,+0000.23
+1581210709.12,+0000.00,+0000.00,+0007.81,-0000.08,+0000.00,-0002.99
+1581210709.13,-0004.88,+0001.95,+0007.81,+0000.69,-0000.08,-0011.79
+1581210709.13,-0005.86,+0002.93,+0008.79,+0000.69,-0001.15,-0012.63
+1581210709.14,+0002.93,+0002.93,+0008.79,-0000.46,-0000.08,-0012.63
+1581210709.14,-0006.84,+0001.95,+0008.79,+0002.14,+0002.30,-0019.22
+1581210709.15,-0001.95,+0003.91,+0010.74,+0002.83,-0002.22,-0014.32
+1581210709.15,+0003.91,+0002.93,+0009.77,-0001.84,+0000.92,-0013.25
+1581210709.16,-0001.95,+0001.95,+0008.79,+0000.00,-0001.38,-0008.42
+1581210709.16,-0003.91,+0003.91,+0007.81,-0001.07,+0000.08,-0011.79
+1581210709.17,-0000.98,+0001.95,+0007.81,+0001.45,-0001.15,-0009.26
+1581210709.17,+0004.88,+0001.95,+0007.81,-0000.38,+0001.23,-0011.56
+1581210709.18,-0000.98,+0001.95,+0008.79,+0001.45,+0000.31,-0013.02
+1581210709.18,+0004.88,+0002.93,+0008.79,+0001.30,-0002.14,-0010.57
+1581210709.19,+0002.93,+0000.98,+0007.81,+0000.61,+0001.76,-0012.25
+1581210709.19,+0000.00,+0003.91,+0007.81,-0000.31,+0000.92,-0011.56
+1581210709.20,+0000.98,+0003.91,+0007.81,-0001.68,-0003.60,-0010.72
+1581210709.20,+0010.74,+0001.95,+0008.79,+0000.69,-0000.38,-0004.21
+1581210709.21,+0004.88,+0000.98,+0007.81,-0000.61,+0001.99,-0007.73
+1581210709.21,-0002.93,+0002.93,+0006.84,-0000.31,-0001.84,-0008.19
+1581210709.22,+0008.79,+0002.93,+0006.84,+0001.00,-0001.07,-0008.35
+1581210709.22,+0009.77,+0000.00,+0007.81,+0001.23,+0001.84,-0008.27
+1581210709.23,+0000.00,+0002.93,+0007.81,+0000.54,+0000.15,-0011.79
+1581210709.23,+0000.98,+0001.95,+0008.79,+0001.23,+0000.54,-0012.71
+1581210709.24,+0003.91,+0000.98,+0007.81,+0000.08,+0002.83,-0014.55
+1581210709.24,-0000.98,+0001.95,+0007.81,+0000.69,-0001.84,-0007.27
+1581210709.25,-0000.98,+0000.98,+0008.79,+0000.77,+0003.22,-0011.25
+1581210709.25,-0005.86,+0000.98,+0008.79,+0003.29,-0004.75,-0005.59
+1581210709.26,+0000.98,+0001.95,+0009.77,-0002.22,+0003.37,-0007.58
+1581210709.26,-0004.88,-0000.98,+0007.81,+0000.84,+0002.14,-0007.73
+1581210709.27,-0010.74,+0000.00,+0006.84,+0000.69,-0001.30,-0011.79
+1581210709.27,-0003.91,-0000.98,+0007.81,-0000.46,-0001.15,-0010.03
+1581210709.28,-0003.91,-0002.93,+0007.81,+0000.38,+0003.06,-0011.33
+1581210709.28,-0009.77,-0001.95,+0007.81,-0000.46,-0001.07,-0012.86
+1581210709.29,-0000.98,-0000.98,+0007.81,-0001.30,+0000.77,-0011.18
+1581210709.29,-0003.91,-0003.91,+0006.84,-0000.54,-0000.46,-0010.72
+1581210709.30,-0000.98,-0001.95,+0007.81,+0001.07,-0002.07,-0011.33
+1581210709.30,+0024.41,-0004.88,+0007.81,+0003.29,+0004.67,+0032.16
+1581210709.31,+0014.65,-0010.74,+0004.88,-0001.15,+0025.73,-0037.82
+1581210709.31,-0075.20,-0006.84,+0000.00,-0013.55,-0008.80,-0019.52
+1581210709.32,-0004.88,+0010.74,+0002.93,+0015.62,-0004.06,-0026.49
+1581210709.32,+0032.23,-0010.74,+0004.88,+0005.05,+0011.79,+0008.12
+1581210709.33,-0004.88,-0010.74,+0006.84,+0004.82,+0005.97,-0011.71
+1581210709.33,-0027.34,+0007.81,+0008.79,-0001.84,-0006.81,-0003.83
+1581210709.34,-0004.88,-0000.98,+0004.88,-0003.22,-0004.29,-0006.97
+1581210709.34,+0008.79,-0011.72,+0002.93,+0003.52,-0001.61,+0002.76
+1581210709.35,+0001.95,-0003.91,+0004.88,+0001.23,+0000.31,+0001.99
+1581210709.35,-0008.79,-0002.93,+0005.86,-0002.60,-0001.45,-0004.29
+1581210709.36,-0005.86,-0007.81,+0004.88,+0001.91,-0003.29,-0015.62
+1581210709.36,+0007.81,-0007.81,+0004.88,+0000.08,+0001.00,-0012.86
+1581210709.37,-0000.98,-0007.81,+0003.91,-0000.46,+0001.61,-0016.54
+1581210709.37,-0004.88,-0007.81,+0004.88,+0001.45,-0001.00,-0015.31
+1581210709.38,+0000.00,-0007.81,+0004.88,+0000.69,+0000.77,-0017.46
+1581210709.38,-0001.95,-0007.81,+0004.88,+0001.99,-0000.23,-0012.71
+1581210709.39,-0002.93,-0006.84,+0005.86,+0000.38,-0000.54,-0008.35
+1581210709.39,-0001.95,-0008.79,+0006.84,-0001.15,+0001.07,-0003.90
+1581210709.40,-0002.93,-0008.79,+0005.86,+0003.14,+0001.15,-0008.27
+1581210709.40,-0006.84,-0008.79,+0005.86,-0001.07,-0001.45,-0006.89
+1581210709.41,-0003.91,-0009.77,+0004.88,+0000.46,+0003.52,-0016.08
+1581210709.41,-0011.72,-0009.77,+0004.88,+0001.00,-0001.68,-0012.86
+1581210709.42,+0000.00,-0008.79,+0005.86,+0001.30,-0001.53,-0011.41
+1581210709.42,-0000.98,-0011.72,+0005.86,-0001.99,+0002.14,-0012.17
+1581210709.43,-0007.81,-0009.77,+0005.86,-0003.90,-0002.53,-0008.80
+1581210709.43,+0000.98,-0009.77,+0004.88,-0000.54,-0001.53,-0009.34
+1581210709.44,+0000.00,-0011.72,+0004.88,-0000.31,+0001.30,-0010.03
+1581210709.44,-0001.95,-0009.77,+0005.86,+0000.31,-0003.60,-0006.35
+1581210709.45,+0000.98,-0010.74,+0005.86,-0000.38,+0002.07,-0008.27
+1581210709.45,-0003.91,-0011.72,+0004.88,+0001.68,-0000.54,-0007.35
+1581210709.46,-0004.88,-0010.74,+0004.88,-0000.08,-0001.07,-0007.81
+1581210709.46,-0002.93,-0009.77,+0005.86,+0000.54,-0000.84,-0010.18
+1581210709.47,-0002.93,-0011.72,+0005.86,+0001.07,+0002.53,-0009.80
+1581210709.47,-0005.86,-0010.74,+0006.84,+0000.23,-0000.23,-0011.48
+1581210709.48,-0005.86,-0009.77,+0006.84,+0001.00,-0000.92,-0012.10
+1581210709.48,-0003.91,-0009.77,+0007.81,-0000.23,-0002.07,-0008.35
+1581210709.49,-0002.93,-0010.74,+0007.81,+0002.07,+0002.14,-0006.97
+1581210709.49,-0008.79,-0010.74,+0007.81,-0000.38,+0000.69,-0008.96
+1581210709.50,-0008.79,-0010.74,+0006.84,+0000.54,-0001.68,-0009.19
+1581210709.50,-0003.91,-0011.72,+0007.81,+0000.23,+0001.99,-0011.10
+1581210709.51,-0007.81,-0010.74,+0008.79,+0000.38,-0001.00,-0012.25
+1581210709.51,-0002.93,-0010.74,+0008.79,+0000.00,+0000.61,-0013.25
+1581210709.52,-0005.86,-0011.72,+0008.79,+0001.45,-0001.38,-0011.56
+1581210709.52,-0005.86,-0008.79,+0009.77,+0001.07,-0000.92,-0012.10
+1581210709.53,-0002.93,-0008.79,+0010.74,-0000.23,+0001.38,-0012.94
+1581210709.53,-0004.88,-0009.77,+0010.74,-0000.92,-0000.23,-0011.87
+1581210709.54,+0000.00,-0008.79,+0011.72,-0001.07,-0001.76,-0008.73
+1581210709.54,+0000.00,-0008.79,+0011.72,+0000.08,-0000.61,-0008.19
+1581210709.55,-0004.88,-0007.81,+0010.74,-0001.00,+0002.91,-0011.33
+1581210709.55,-0001.95,-0005.86,+0011.72,+0001.91,-0002.60,-0009.65
+1581210709.56,+0006.84,-0006.84,+0012.70,-0000.31,-0000.15,-0009.57
+1581210709.56,+0000.98,-0006.84,+0013.67,+0001.45,+0000.15,-0009.80
+1581210709.57,+0001.95,-0003.91,+0013.67,+0000.23,-0002.37,-0009.80
+1581210709.57,+0009.77,-0004.88,+0013.67,+0002.22,-0001.45,-0010.49
+1581210709.58,+0006.84,-0003.91,+0014.65,+0000.15,-0001.38,-0010.64
+1581210709.58,+0005.86,-0000.98,+0014.65,+0001.99,-0002.14,-0009.34
+1581210709.59,+0006.84,+0000.00,+0015.62,+0001.99,-0002.68,-0010.18
+1581210709.59,+0009.77,+0000.98,+0017.58,+0002.53,+0000.77,-0008.58
+1581210709.60,+0000.98,+0002.93,+0017.58,+0001.68,+0002.53,-0013.86
+1581210709.60,+0001.95,+0004.88,+0019.53,+0002.68,+0000.31,-0009.19
+1581210709.61,+0007.81,+0004.88,+0019.53,+0001.68,+0002.45,-0012.63
+1581210709.61,-0000.98,+0005.86,+0020.51,+0002.07,-0000.08,-0012.63
+1581210709.62,+0001.95,+0008.79,+0021.48,+0001.76,-0003.68,-0004.36
+1581210709.62,+0002.93,+0006.84,+0022.46,+0001.23,+0001.38,-0009.49
+1581210709.63,+0000.98,+0006.84,+0022.46,-0001.84,-0001.99,-0008.27
+1581210709.63,+0003.91,+0008.79,+0021.48,+0000.00,-0001.07,-0013.17
+1581210709.64,+0003.91,+0008.79,+0021.48,+0002.22,-0001.68,-0008.35
+1581210709.64,+0006.84,+0009.77,+0021.48,-0000.61,-0000.92,-0008.65
+1581210709.65,+0002.93,+0010.74,+0021.48,+0002.76,-0002.30,-0008.12
+1581210709.65,+0001.95,+0011.72,+0021.48,-0001.68,+0000.08,-0006.51
+1581210709.66,+0004.88,+0011.72,+0021.48,+0000.23,-0000.46,-0007.81
+1581210709.66,+0004.88,+0012.70,+0021.48,+0001.45,+0000.61,-0007.12
+1581210709.67,+0001.95,+0012.70,+0020.51,-0000.84,-0001.76,-0009.42
+1581210709.67,+0002.93,+0013.67,+0020.51,+0000.00,-0000.61,-0010.11
+1581210709.68,+0003.91,+0012.70,+0020.51,+0000.46,+0000.54,-0012.71
+1581210709.68,+0000.98,+0014.65,+0021.48,-0000.15,-0000.92,-0009.49
+1581210709.69,+0000.98,+0013.67,+0020.51,-0001.91,-0001.07,-0007.35
+1581210709.69,-0001.95,+0012.70,+0020.51,-0001.23,-0000.69,-0010.11
+1581210709.70,+0000.98,+0013.67,+0020.51,-0000.69,-0000.84,-0007.50
+1581210709.70,+0002.93,+0012.70,+0019.53,-0001.76,+0000.92,-0009.03
+1581210709.71,-0001.95,+0011.72,+0018.55,-0001.76,-0000.77,-0008.42
+1581210709.71,+0000.00,+0011.72,+0017.58,-0001.07,+0000.08,-0010.03
+1581210709.72,+0000.00,+0010.74,+0016.60,+0001.61,+0001.15,-0015.47
+1581210709.72,+0001.95,+0011.72,+0017.58,-0000.54,-0003.29,-0012.56
+1581210709.73,+0005.86,+0009.77,+0016.60,-0000.08,+0001.91,-0015.24
+1581210709.73,-0000.98,+0009.77,+0016.60,-0001.23,-0003.06,-0012.40
+1581210709.74,+0003.91,+0009.77,+0015.62,-0001.07,-0002.07,-0009.03
+1581210709.74,+0006.84,+0007.81,+0013.67,-0000.31,+0000.31,-0008.19
+1581210709.75,-0001.95,+0007.81,+0012.70,-0002.45,+0001.61,-0007.04
+1581210709.75,+0000.00,+0006.84,+0011.72,-0000.08,-0001.30,-0011.64
+1581210709.76,+0004.88,+0006.84,+0011.72,-0001.61,-0000.92,-0009.72
+1581210709.76,+0003.91,+0004.88,+0010.74,-0001.76,+0002.99,-0013.17
+1581210709.77,-0002.93,+0005.86,+0009.77,-0001.07,-0001.53,-0012.25
+1581210709.77,+0001.95,+0004.88,+0008.79,-0000.54,-0002.14,-0012.02
+1581210709.78,+0005.86,+0003.91,+0009.77,-0000.84,+0001.61,-0011.33
+1581210709.78,-0000.98,+0003.91,+0009.77,-0002.91,-0000.61,-0009.72
+1581210709.79,+0001.95,+0003.91,+0008.79,-0000.84,-0001.38,-0008.58
+1581210709.79,+0003.91,+0000.98,+0007.81,-0000.46,-0001.15,-0009.49
+1581210709.80,+0000.98,+0001.95,+0006.84,-0000.23,-0002.68,-0008.58
+1581210709.80,+0003.91,+0000.98,+0005.86,-0000.77,-0001.99,-0009.26
+1581210709.81,+0003.91,-0000.98,+0005.86,-0000.61,+0001.68,-0012.40
+1581210709.81,+0002.93,+0000.00,+0006.84,+0001.53,-0003.22,-0009.65
+1581210709.82,+0006.84,-0000.98,+0005.86,+0000.08,+0000.69,-0011.56
+1581210709.82,+0004.88,-0001.95,+0005.86,-0000.15,-0002.91,-0011.87
+1581210709.83,+0007.81,-0002.93,+0004.88,+0000.31,-0002.76,-0004.75
+1581210709.83,+0002.93,-0004.88,+0004.88,-0002.45,-0001.23,-0008.42
+1581210709.84,+0000.98,-0004.88,+0004.88,+0002.45,-0000.61,-0007.35
+1581210709.84,+0003.91,-0004.88,+0004.88,-0001.84,-0000.31,-0012.56
+1581210709.85,+0016.60,-0006.84,+0005.86,-0003.83,+0010.34,+0002.91
+1581210709.85,-0001.95,-0010.74,+0002.93,+0004.75,+0008.80,-0021.90
+1581210709.86,-0032.23,-0005.86,+0001.95,-0002.60,-0007.96,-0017.38
+1581210709.86,+0008.79,-0005.86,+0003.91,+0006.66,-0002.99,-0017.00
+1581210709.87,+0013.67,-0012.70,+0005.86,+0008.12,+0003.83,-0012.56
+1581210709.87,-0012.70,-0003.91,+0006.84,-0002.99,+0000.54,-0006.28
+1581210709.88,-0015.62,-0006.84,+0004.88,+0000.84,-0002.30,-0016.77
+1581210709.88,+0004.88,-0010.74,+0004.88,+0002.60,-0001.07,-0002.07
+1581210709.89,+0011.72,-0008.79,+0006.84,+0000.38,+0003.75,-0009.95
+1581210709.89,-0005.86,-0005.86,+0007.81,-0000.23,-0003.83,-0007.58
+1581210709.90,+0000.00,-0006.84,+0006.84,-0001.45,-0002.30,-0009.26
+1581210709.90,+0004.88,-0008.79,+0005.86,+0000.84,-0001.07,-0011.94
+1581210709.91,+0005.86,-0003.91,+0006.84,+0001.91,-0001.68,-0005.51
+1581210709.91,+0004.88,-0004.88,+0006.84,+0000.15,+0002.30,-0007.96
+1581210709.92,-0002.93,-0004.88,+0007.81,+0000.46,-0001.30,-0010.11
+1581210709.92,+0003.91,-0002.93,+0008.79,+0001.15,-0002.37,-0007.43
+1581210709.93,+0006.84,-0003.91,+0010.74,+0002.76,+0003.29,-0012.25
+1581210709.93,-0004.88,-0000.98,+0012.70,+0000.69,+0002.14,-0012.02
+1581210709.94,+0002.93,+0000.00,+0013.67,+0001.15,-0000.08,-0007.89
+1581210709.94,+0009.77,-0000.98,+0014.65,+0001.23,+0003.68,-0008.58
+1581210709.95,-0005.86,+0000.98,+0014.65,+0002.45,+0000.54,-0010.18
+1581210709.95,-0001.95,+0002.93,+0013.67,-0000.15,+0000.38,-0014.55
+1581210709.96,+0007.81,+0001.95,+0015.62,+0002.68,-0001.15,-0012.25
+1581210709.96,+0006.84,+0002.93,+0017.58,+0000.31,+0001.15,-0008.88
+1581210709.97,-0000.98,+0004.88,+0018.55,+0002.30,+0001.07,-0013.09
+1581210709.97,+0000.98,+0005.86,+0018.55,+0000.84,-0002.83,-0010.64
+1581210709.98,+0011.72,+0005.86,+0019.53,+0002.68,+0001.23,-0009.34
+1581210709.98,+0004.88,+0006.84,+0020.51,+0000.92,+0001.84,-0009.88
+1581210709.99,+0001.95,+0008.79,+0020.51,+0002.68,-0000.92,-0009.11
+1581210709.99,+0004.88,+0008.79,+0019.53,+0002.37,+0000.23,-0012.56
+1581210710.00,+0007.81,+0008.79,+0020.51,-0000.08,-0001.30,-0009.80
+1581210710.00,+0006.84,+0009.77,+0021.48,+0000.54,+0002.37,-0011.71
+1581210710.01,+0002.93,+0010.74,+0021.48,+0000.15,-0002.60,-0009.03
+1581210710.01,+0009.77,+0010.74,+0021.48,+0000.15,-0001.30,-0009.72
+1581210710.02,+0008.79,+0010.74,+0021.48,+0000.54,+0001.38,-0008.42
+1581210710.02,+0004.88,+0012.70,+0020.51,+0001.76,-0000.31,-0006.81
+1581210710.03,+0004.88,+0011.72,+0019.53,+0002.22,+0000.31,-0007.58
+1581210710.03,+0007.81,+0012.70,+0020.51,-0000.31,-0000.69,-0005.05
+1581210710.04,+0003.91,+0012.70,+0020.51,+0000.84,-0000.54,-0005.74
+1581210710.04,-0003.91,+0013.67,+0019.53,+0000.77,-0001.45,-0011.79
+1581210710.05,+0000.98,+0013.67,+0019.53,-0000.84,-0001.15,-0011.03
+1581210710.05,+0003.91,+0012.70,+0019.53,-0000.08,+0002.53,-0012.79
+1581210710.06,-0002.93,+0014.65,+0019.53,+0001.45,+0000.15,-0012.10
+1581210710.06,-0002.93,+0014.65,+0018.55,+0000.61,+0000.77,-0012.86
+1581210710.07,-0001.95,+0014.65,+0017.58,+0000.92,-0002.22,-0008.27
+1581210710.07,+0001.95,+0015.62,+0016.60,-0001.38,-0002.22,-0005.36
+1581210710.08,+0000.00,+0013.67,+0015.62,-0001.30,-0001.23,-0007.66
+1581210710.08,-0003.91,+0013.67,+0013.67,-0001.30,-0001.68,-0006.66
+1581210710.09,+0000.98,+0012.70,+0012.70,-0001.00,+0001.53,-0011.18
+1581210710.09,-0002.93,+0012.70,+0012.70,+0000.84,-0002.68,-0008.96
+1581210710.10,-0001.95,+0013.67,+0012.70,-0001.53,+0003.06,-0003.45
+1581210710.10,-0010.74,+0012.70,+0011.72,+0000.31,-0002.60,-0007.27
+1581210710.11,-0006.84,+0012.70,+0010.74,+0001.07,+0002.68,-0011.79
+1581210710.11,-0000.98,+0010.74,+0010.74,+0000.46,-0002.53,-0018.22
+1581210710.12,+0000.00,+0010.74,+0009.77,-0000.31,+0003.06,-0018.91
+1581210710.12,-0010.74,+0012.70,+0008.79,+0000.31,+0002.91,-0020.67
+1581210710.13,-0006.84,+0014.65,+0008.79,+0000.08,-0004.98,-0014.70
+1581210710.13,+0005.86,+0012.70,+0008.79,-0001.68,+0002.60,-0006.12
+1581210710.14,-0001.95,+0012.70,+0007.81,-0002.07,-0000.54,-0002.76
+1581210710.14,-0002.93,+0011.72,+0006.84,-0002.68,+0000.08,-0002.99
+1581210710.15,+0000.00,+0009.77,+0004.88,-0000.31,-0001.91,-0006.35
+1581210710.15,+0004.88,+0009.77,+0003.91,-0001.23,-0000.54,-0005.13
+1581210710.16,+0004.88,+0009.77,+0002.93,-0000.23,+0002.14,-0010.95
+1581210710.16,-0002.93,+0008.79,+0002.93,-0001.23,-0000.15,-0014.62
+1581210710.17,+0006.84,+0009.77,+0002.93,+0001.23,-0002.30,-0009.80
+1581210710.17,+0010.74,+0006.84,+0003.91,+0000.84,+0003.52,-0011.79
+1581210710.18,-0008.79,+0008.79,+0002.93,+0000.46,-0000.15,-0012.56
+1581210710.18,+0000.00,+0009.77,+0002.93,+0002.91,-0000.92,-0011.87
+1581210710.19,+0008.79,+0006.84,+0002.93,-0001.15,+0003.75,-0009.65
+1581210710.19,+0000.98,+0007.81,+0002.93,+0002.14,-0001.00,-0006.20
+1581210710.20,-0004.88,+0008.79,+0002.93,-0001.68,-0000.15,-0011.71
+1581210710.20,+0000.00,+0006.84,+0001.95,+0001.38,-0001.30,-0005.97
+1581210710.21,+0003.91,+0005.86,+0001.95,-0001.76,+0002.14,-0006.51
+1581210710.21,-0003.91,+0005.86,+0001.95,-0000.69,+0000.61,-0006.12
+1581210710.22,-0011.72,+0005.86,+0000.98,-0000.31,-0001.76,-0012.79
+1581210710.22,-0005.86,+0004.88,+0000.00,+0002.76,-0000.31,-0008.42
+1581210710.23,+0000.00,+0003.91,+0000.98,-0002.07,+0005.59,-0009.19
+1581210710.23,-0011.72,+0003.91,+0000.98,+0000.15,+0001.76,-0008.12
+1581210710.24,-0013.67,+0003.91,+0000.00,+0000.15,+0001.23,-0013.55
+1581210710.24,-0008.79,+0002.93,+0000.98,-0000.61,-0001.84,-0011.18
+1581210710.25,-0003.91,+0002.93,+0000.98,+0000.92,-0000.54,-0007.27
+1581210710.25,-0007.81,+0001.95,+0000.00,-0000.69,-0002.14,-0010.95
+1581210710.26,-0012.70,+0001.95,+0000.00,+0001.15,-0002.60,-0009.65
+1581210710.26,-0002.93,+0001.95,-0000.98,+0000.46,-0003.14,-0009.72
+1581210710.27,-0002.93,+0001.95,+0000.00,+0001.30,+0000.84,-0009.49
+1581210710.27,-0004.88,+0003.91,+0000.00,-0000.54,+0000.08,-0009.11
+1581210710.28,-0005.86,+0002.93,-0000.98,+0000.31,-0000.23,-0010.03
+1581210710.28,-0005.86,+0001.95,-0000.98,+0002.37,+0000.00,-0012.71
+1581210710.29,-0002.93,+0002.93,+0000.00,+0000.38,-0000.92,-0008.12
+1581210710.29,-0003.91,+0001.95,+0000.00,-0000.46,+0002.76,-0011.79
+1581210710.30,-0012.70,+0002.93,+0000.00,+0000.46,+0001.23,-0014.39
+1581210710.30,-0004.88,+0002.93,+0000.98,+0000.92,-0003.60,-0009.49
+1581210710.31,+0000.98,+0000.98,+0001.95,+0001.84,+0003.45,-0012.33
+1581210710.31,-0010.74,+0002.93,+0001.95,-0000.23,-0004.52,-0007.89
+1581210710.32,-0004.88,+0002.93,+0000.98,+0000.46,-0000.92,-0009.88
+1581210710.32,-0000.98,+0000.98,+0000.98,+0001.15,-0001.76,-0008.88
+1581210710.33,-0001.95,+0002.93,+0001.95,+0000.15,-0000.61,-0009.88
+1581210710.33,-0000.98,+0003.91,+0001.95,+0000.84,-0000.31,-0014.93
+1581210710.34,+0011.72,+0002.93,+0002.93,-0001.53,-0012.86,+0002.76
+1581210710.34,+0017.58,-0001.95,+0000.98,+0001.99,+0017.30,-0026.87
+1581210710.35,-0039.06,+0002.93,-0000.98,-0004.59,-0009.80,-0013.48
+1581210710.35,-0001.95,+0008.79,+0000.98,+0006.74,-0000.31,-0020.90
+1581210710.36,+0015.62,+0000.00,+0001.95,-0003.29,-0000.61,-0015.16
+1581210710.36,-0010.74,+0004.88,+0003.91,+0003.98,-0005.67,-0001.23
+1581210710.37,-0010.74,+0007.81,+0003.91,-0003.06,+0001.00,-0017.07
+1581210710.37,-0003.91,+0000.98,+0001.95,+0003.83,-0000.77,-0010.41
+1581210710.38,+0002.93,+0003.91,+0002.93,+0002.30,+0004.59,-0008.50
+1581210710.38,-0004.88,+0006.84,+0004.88,-0000.08,-0001.53,-0009.57
+1581210710.39,-0003.91,+0004.88,+0003.91,-0002.30,-0005.36,-0008.42
+1581210710.39,+0004.88,+0002.93,+0002.93,-0001.30,+0001.68,-0005.97
+1581210710.40,-0003.91,+0006.84,+0002.93,-0000.69,-0002.60,-0011.87
+1581210710.40,+0001.95,+0007.81,+0002.93,-0002.14,-0003.52,-0008.96
+1581210710.41,+0007.81,+0003.91,+0001.95,-0000.54,-0000.23,-0010.03
+1581210710.41,-0001.95,+0005.86,+0001.95,-0001.76,-0001.76,-0010.64
+1581210710.42,-0002.93,+0006.84,+0000.98,+0000.46,-0002.91,-0009.26
+1581210710.42,+0005.86,+0005.86,+0001.95,-0000.38,+0003.37,-0009.26
+1581210710.43,+0000.00,+0007.81,+0001.95,+0001.76,-0000.38,-0009.19
+1581210710.43,-0004.88,+0006.84,+0001.95,+0000.84,-0002.07,-0007.81
+1581210710.44,+0000.00,+0005.86,+0000.98,+0000.46,-0001.45,-0009.34
+1581210710.44,+0000.98,+0006.84,+0000.98,-0001.07,+0000.38,-0007.20
+1581210710.45,+0000.00,+0006.84,+0000.98,-0001.30,+0001.07,-0009.57
+1581210710.45,-0006.84,+0004.88,+0000.00,-0000.15,-0000.54,-0011.56
+1581210710.46,-0004.88,+0005.86,-0000.98,-0001.53,-0003.37,-0011.48
+1581210710.46,+0001.95,+0005.86,+0000.00,+0000.92,-0001.61,-0010.49
+1581210710.47,-0002.93,+0004.88,-0000.98,+0000.15,+0000.08,-0007.66
+1581210710.47,-0007.81,+0005.86,-0002.93,-0002.91,+0000.31,-0011.10
+1581210710.48,-0003.91,+0004.88,-0002.93,-0001.61,-0002.37,-0009.95
+1581210710.48,+0000.98,+0003.91,-0003.91,+0000.69,+0002.07,-0011.71
+1581210710.49,-0007.81,+0004.88,-0003.91,-0001.23,-0000.77,-0011.18
+1581210710.49,-0003.91,+0004.88,-0003.91,+0000.61,-0002.37,-0011.25
+1581210710.50,+0001.95,+0003.91,-0004.88,+0000.00,-0001.00,-0010.64
+1581210710.50,-0002.93,+0004.88,-0004.88,-0001.00,+0000.00,-0010.41
+1581210710.51,-0006.84,+0005.86,-0004.88,-0000.46,-0000.38,-0012.63
+1581210710.51,-0000.98,+0004.88,-0005.86,-0000.69,-0002.45,-0011.87
+1581210710.52,+0002.93,+0004.88,-0004.88,-0001.61,-0003.06,-0009.65
+1581210710.52,+0001.95,+0004.88,-0004.88,-0002.14,-0000.92,-0006.81
+1581210710.53,+0000.00,+0004.88,-0006.84,+0000.08,+0002.37,-0013.48
+1581210710.53,-0004.88,+0004.88,-0007.81,-0000.38,-0002.68,-0013.09
+1581210710.54,+0006.84,+0005.86,-0006.84,-0000.38,+0004.52,-0011.41
+1581210710.54,-0000.98,+0004.88,-0005.86,+0001.30,-0001.84,-0010.03
+1581210710.55,-0000.98,+0004.88,-0005.86,-0001.38,-0000.15,-0006.97
+1581210710.55,+0000.98,+0002.93,-0005.86,-0000.92,-0001.00,-0010.18
+1581210710.56,+0000.98,+0003.91,-0005.86,+0001.15,-0001.91,-0005.36
+1581210710.56,+0001.95,+0002.93,-0005.86,-0000.38,+0002.99,-0012.33
+1581210710.57,-0003.91,+0002.93,-0005.86,+0000.61,+0000.61,-0012.86
+1581210710.57,+0000.98,+0002.93,-0005.86,+0001.76,-0000.54,-0009.03
+1581210710.58,+0001.95,+0002.93,-0004.88,+0000.61,-0001.91,-0011.10
+1581210710.58,+0001.95,+0001.95,-0003.91,+0000.08,-0000.54,-0010.49
+1581210710.59,+0003.91,+0000.98,-0004.88,-0000.08,-0002.14,-0018.38
+1581210710.59,+0002.93,+0001.95,-0004.88,-0001.07,-0000.61,-0014.16
+1581210710.60,+0008.79,+0002.93,-0005.86,+0001.99,-0001.30,-0014.78
+1581210710.60,+0005.86,+0001.95,-0005.86,-0002.14,-0001.23,-0014.62
+1581210710.61,+0009.77,+0002.93,-0006.84,-0002.76,+0001.23,-0008.04
+1581210710.61,+0005.86,+0001.95,-0007.81,+0001.45,+0000.00,-0007.43
+1581210710.62,+0006.84,+0001.95,-0007.81,-0001.15,-0003.52,-0004.59
+1581210710.62,+0006.84,+0000.98,-0007.81,-0001.15,-0001.38,-0006.20
+1581210710.63,+0003.91,+0000.98,-0006.84,+0004.21,+0000.92,-0007.43
+1581210710.63,+0002.93,+0001.95,-0005.86,-0001.38,-0000.15,-0008.80
+1581210710.64,+0005.86,+0000.00,-0004.88,+0000.00,-0001.61,-0006.35
+1581210710.64,+0001.95,+0000.00,-0005.86,+0000.46,+0000.46,-0011.64
+1581210710.65,-0003.91,-0000.98,-0005.86,-0000.54,-0002.53,-0008.50
+1581210710.65,+0000.98,-0001.95,-0006.84,+0001.61,+0001.53,-0012.79
+1581210710.66,-0000.98,-0001.95,-0005.86,+0002.14,-0002.83,-0009.57
+1581210710.66,+0001.95,-0001.95,-0005.86,-0002.91,+0000.31,-0008.27
+1581210710.67,-0001.95,-0003.91,-0006.84,-0001.07,-0000.92,-0009.80
+1581210710.67,-0006.84,-0000.98,-0007.81,+0000.00,-0001.68,-0009.11
+1581210710.68,+0000.00,-0002.93,-0007.81,+0000.92,+0000.92,-0007.89
+1581210710.68,-0000.98,-0003.91,-0007.81,-0004.29,+0000.23,-0006.51
+1581210710.69,-0004.88,-0003.91,-0008.79,+0001.99,+0000.23,-0010.18
+1581210710.69,-0006.84,-0003.91,-0009.77,+0001.07,-0002.83,-0010.64
+1581210710.70,+0001.95,-0003.91,-0009.77,+0000.00,-0000.46,-0009.72
+1581210710.70,+0000.00,-0003.91,-0008.79,-0002.07,+0002.83,-0012.48
+1581210710.71,-0005.86,-0002.93,-0009.77,-0001.15,-0003.45,-0008.19
+1581210710.71,+0000.98,-0004.88,-0009.77,+0001.23,+0000.15,-0011.71
+1581210710.72,+0001.95,-0003.91,-0008.79,-0000.92,-0003.52,-0007.04
+1581210710.72,+0002.93,-0002.93,-0009.77,-0000.23,-0001.30,-0007.35
+1581210710.73,-0001.95,-0003.91,-0009.77,-0002.37,-0002.53,-0008.35
+1581210710.73,-0000.98,-0003.91,-0009.77,+0003.45,-0001.23,-0009.19
+1581210710.74,+0001.95,-0003.91,-0008.79,-0002.45,-0000.08,-0011.64
+1581210710.74,+0000.00,-0002.93,-0008.79,+0001.53,-0000.46,-0009.26
+1581210710.75,-0000.98,-0003.91,-0007.81,+0002.37,-0001.23,-0013.02
+1581210710.75,-0001.95,-0003.91,-0007.81,+0000.92,+0000.15,-0010.57
+1581210710.76,-0000.98,-0003.91,-0007.81,+0002.99,+0001.00,-0012.71
+1581210710.76,-0003.91,-0003.91,-0006.84,-0001.07,+0000.54,-0012.25
+1581210710.77,-0000.98,-0002.93,-0005.86,-0001.30,+0000.61,-0010.49
+1581210710.77,+0000.00,-0003.91,-0005.86,+0000.46,-0000.69,-0009.80
+1581210710.78,-0002.93,-0002.93,-0005.86,+0000.38,-0000.54,-0009.26
+1581210710.78,-0001.95,-0002.93,-0005.86,+0001.76,-0001.00,-0010.34
+1581210710.79,+0001.95,-0001.95,-0004.88,+0000.38,-0001.99,-0008.65
+1581210710.79,+0004.88,-0001.95,-0004.88,+0000.38,+0000.08,-0009.19
+1581210710.80,+0000.00,+0000.00,-0004.88,+0001.61,-0000.92,-0009.80
+1581210710.80,+0001.95,+0000.00,-0004.88,+0002.68,-0002.45,-0012.79
+1581210710.81,+0007.81,+0001.95,-0003.91,-0000.69,-0000.69,-0013.32
+1581210710.81,+0013.67,+0002.93,-0001.95,+0002.22,-0007.20,-0004.82
+1581210710.82,+0010.74,-0000.98,-0003.91,+0007.58,+0007.96,-0024.81
+1581210710.82,-0026.37,+0004.88,-0005.86,-0007.50,-0005.21,-0014.93
+1581210710.83,+0002.93,+0005.86,-0003.91,+0011.48,-0001.53,-0016.00
+1581210710.83,+0013.67,+0001.95,-0000.98,-0005.13,+0005.59,-0012.86
+1581210710.84,-0008.79,+0005.86,+0000.98,-0001.68,+0000.84,-0003.60
+1581210710.84,-0013.67,+0004.88,-0001.95,-0001.99,+0001.91,-0013.09
+1581210710.85,-0009.77,+0002.93,-0000.98,+0001.00,-0003.22,-0013.17
+1581210710.85,+0010.74,+0004.88,+0000.00,-0001.30,+0005.21,-0003.75
+1581210710.86,-0007.81,+0002.93,+0000.00,-0000.69,+0003.37,-0011.64
+1581210710.86,-0016.60,+0004.88,-0000.98,-0002.68,-0007.04,-0006.89
+1581210710.87,+0004.88,+0002.93,-0001.95,-0000.92,-0002.91,-0011.48
+1581210710.87,+0002.93,+0002.93,-0001.95,+0000.61,+0003.06,-0009.49
+1581210710.88,-0009.77,+0005.86,-0002.93,-0001.00,-0002.68,-0007.89
+1581210710.88,-0001.95,+0004.88,-0002.93,-0000.23,-0000.54,-0014.70
+1581210710.89,+0000.98,+0003.91,-0002.93,+0000.00,-0001.45,-0008.80
+1581210710.89,+0002.93,+0005.86,-0002.93,-0000.23,+0001.61,-0011.71
+1581210710.90,-0004.88,+0005.86,-0003.91,-0002.22,-0000.92,-0013.25
+1581210710.90,-0000.98,+0005.86,-0004.88,-0000.15,-0001.91,-0012.02
+1581210710.91,+0002.93,+0005.86,-0004.88,+0000.77,+0000.69,-0010.18
+1581210710.91,+0000.00,+0006.84,-0004.88,-0000.77,-0000.84,-0006.20
+1581210710.92,+0001.95,+0004.88,-0005.86,-0001.38,-0002.60,-0007.81
+1581210710.92,+0001.95,+0003.91,-0006.84,-0000.84,+0000.54,-0008.35
+1581210710.93,-0000.98,+0005.86,-0006.84,-0000.31,+0000.77,-0010.87
+1581210710.93,+0000.00,+0005.86,-0006.84,-0001.30,+0001.38,-0014.09
+1581210710.94,+0000.98,+0004.88,-0007.81,-0002.45,-0001.61,-0008.88
+1581210710.94,+0001.95,+0004.88,-0008.79,-0002.07,+0002.37,-0011.79
+1581210710.95,-0004.88,+0004.88,-0009.77,-0001.61,-0000.31,-0010.11
+1581210710.95,+0002.93,+0004.88,-0009.77,-0000.38,+0000.00,-0010.11
+1581210710.96,+0002.93,+0002.93,-0009.77,-0000.92,-0000.15,-0009.42
+1581210710.96,+0001.95,+0004.88,-0010.74,-0002.14,-0000.69,-0009.57
+1581210710.97,+0000.98,+0002.93,-0011.72,-0001.61,-0000.61,-0013.17
+1581210710.97,+0006.84,+0002.93,-0012.70,-0001.61,-0002.30,-0008.58
+1581210710.98,+0005.86,+0002.93,-0013.67,-0003.37,+0000.00,-0010.03
+1581210710.98,+0001.95,+0003.91,-0013.67,+0000.54,+0000.77,-0013.17
+1581210710.99,+0003.91,+0002.93,-0014.65,-0002.53,-0002.14,-0011.71
+1581210710.99,+0007.81,+0002.93,-0014.65,-0000.84,-0000.77,-0010.11
+1581210711.00,+0004.88,+0002.93,-0014.65,-0000.84,+0003.06,-0009.42
+1581210711.00,+0002.93,+0002.93,-0015.62,-0000.61,-0001.99,-0010.34
+1581210711.01,+0005.86,+0001.95,-0015.62,-0000.08,-0000.92,-0007.35
+1581210711.01,+0005.86,+0001.95,-0016.60,-0000.54,+0002.14,-0007.73
+1581210711.02,-0001.95,+0001.95,-0016.60,-0000.61,-0001.30,-0010.18
+1581210711.02,+0002.93,+0000.98,-0016.60,+0001.61,-0002.68,-0009.49
+1581210711.03,+0006.84,-0000.98,-0015.62,-0000.77,+0000.69,-0007.81
+1581210711.03,+0001.95,-0000.98,-0016.60,-0000.69,-0001.38,-0005.21
+1581210711.04,-0002.93,-0002.93,-0017.58,+0001.15,+0002.30,-0012.25
+1581210711.04,-0006.84,-0002.93,-0017.58,-0001.84,-0001.23,-0010.26
+1581210711.05,+0003.91,-0004.88,-0015.62,-0002.45,+0001.07,-0007.35
+1581210711.05,-0000.98,-0006.84,-0016.60,-0001.23,+0005.13,-0007.50
+1581210711.06,-0011.72,-0005.86,-0017.58,+0000.38,+0000.00,-0010.87
+1581210711.06,-0003.91,-0007.81,-0018.55,+0000.38,-0001.23,-0010.95
+1581210711.07,+0000.98,-0009.77,-0018.55,+0000.92,+0002.14,-0011.56
+1581210711.07,-0010.74,-0008.79,-0017.58,+0001.23,+0000.46,-0011.03
+1581210711.08,-0008.79,-0009.77,-0016.60,-0000.61,-0003.37,-0007.96
+1581210711.08,-0005.86,-0011.72,-0017.58,+0000.77,+0003.83,-0002.76
+1581210711.09,-0016.60,-0009.77,-0017.58,+0000.23,-0001.38,-0004.29
+1581210711.09,-0010.74,-0011.72,-0016.60,-0000.15,+0001.99,-0010.64
+1581210711.10,-0005.86,-0015.62,-0016.60,+0002.22,-0002.60,-0022.59
+1581210711.10,-0002.93,-0012.70,-0015.62,+0000.31,-0002.83,-0017.07
+1581210711.11,-0002.93,-0012.70,-0016.60,+0001.61,+0001.15,-0017.76
+1581210711.11,-0003.91,-0011.72,-0015.62,-0000.15,-0003.83,-0015.24
+1581210711.12,+0000.98,-0009.77,-0014.65,-0000.38,-0000.61,-0007.43
+1581210711.12,+0000.98,-0010.74,-0014.65,-0000.38,-0001.45,-0006.43
+1581210711.13,+0000.00,-0011.72,-0013.67,+0000.92,-0002.14,-0003.60
+1581210711.13,+0002.93,-0011.72,-0013.67,+0001.30,-0000.31,-0009.95
+1581210711.14,-0001.95,-0009.77,-0012.70,+0002.30,-0000.15,-0007.50
+1581210711.14,+0001.95,-0008.79,-0010.74,+0001.84,+0001.15,-0009.88
+1581210711.15,-0001.95,-0007.81,-0007.81,+0001.68,+0001.07,-0014.39
+1581210711.15,+0000.00,-0007.81,-0006.84,+0001.15,+0000.00,-0011.10
+1581210711.16,-0000.98,-0007.81,-0005.86,+0002.30,+0002.60,-0013.93
+1581210711.16,-0004.88,-0007.81,-0005.86,+0000.69,-0000.92,-0012.25
+1581210711.17,+0000.98,-0006.84,-0004.88,+0002.07,+0002.37,-0012.25
+1581210711.17,-0000.98,-0006.84,-0003.91,+0001.45,-0001.23,-0010.03
+1581210711.18,-0000.98,-0004.88,-0002.93,-0000.46,+0000.77,-0007.66
+1581210711.18,-0001.95,-0004.88,-0001.95,+0002.68,-0000.38,-0010.18
+1581210711.19,+0000.00,-0001.95,-0000.98,+0002.07,-0001.61,-0010.03
+1581210711.19,+0005.86,-0001.95,+0000.00,+0000.00,-0000.38,-0011.64
+1581210711.20,+0003.91,-0001.95,+0000.00,+0001.30,+0001.30,-0012.56
+1581210711.20,+0002.93,+0000.98,+0000.00,-0000.61,-0000.38,-0012.86
+1581210711.21,+0008.79,+0000.98,+0000.98,+0001.30,-0000.92,-0011.41
+1581210711.21,+0008.79,+0001.95,+0000.98,+0002.99,-0000.23,-0009.65
+1581210711.22,+0002.93,+0003.91,+0000.98,+0001.38,-0000.46,-0009.80
+1581210711.22,+0006.84,+0003.91,+0001.95,-0000.54,-0000.54,-0003.37
+1581210711.23,+0007.81,+0003.91,+0002.93,+0002.30,+0006.43,-0010.18
+1581210711.23,-0001.95,+0006.84,+0003.91,-0000.38,-0002.14,-0008.96
+1581210711.24,+0008.79,+0006.84,+0004.88,+0001.68,-0003.37,-0003.45
+1581210711.24,+0001.95,+0005.86,+0005.86,+0004.06,+0000.08,-0010.64
+1581210711.25,-0004.88,+0008.79,+0006.84,-0000.46,-0002.68,-0005.21
+1581210711.25,+0003.91,+0006.84,+0006.84,+0000.69,+0000.61,-0010.72
+1581210711.26,+0001.95,+0005.86,+0006.84,-0000.23,+0000.00,-0005.13
+1581210711.26,+0001.95,+0006.84,+0005.86,-0001.53,+0001.68,-0012.48
+1581210711.27,-0005.86,+0005.86,+0003.91,+0000.00,-0001.30,-0014.16
+1581210711.27,-0000.98,+0006.84,+0002.93,+0000.77,+0001.23,-0013.55
+1581210711.28,+0001.95,+0007.81,+0003.91,+0001.45,-0000.92,-0011.87
+1581210711.28,+0000.00,+0008.79,+0004.88,-0001.53,+0001.38,-0007.66
+1581210711.29,+0000.00,+0007.81,+0003.91,-0001.99,-0001.53,-0007.96
+1581210711.29,+0001.95,+0007.81,+0002.93,-0000.77,-0002.14,-0001.38
+1581210711.30,+0004.88,+0007.81,+0000.00,+0001.30,+0001.68,-0008.96
+1581210711.30,-0002.93,+0007.81,+0000.00,-0002.91,-0002.91,-0008.04
+1581210711.31,+0002.93,+0007.81,-0000.98,+0001.76,-0000.31,-0012.02
+1581210711.31,+0006.84,+0007.81,+0000.00,-0000.69,-0001.30,-0007.73
+1581210711.32,+0006.84,+0007.81,-0000.98,-0002.60,+0004.36,-0011.64
+1581210711.32,-0005.86,+0007.81,-0002.93,-0001.84,+0000.54,-0018.60
+1581210711.33,+0007.81,+0009.77,-0001.95,+0000.08,-0003.22,-0013.40
+1581210711.33,+0029.30,+0007.81,-0000.98,-0001.38,-0012.71,+0021.97
+1581210711.34,+0014.65,+0003.91,-0006.84,+0000.08,+0025.50,-0018.45
+1581210711.34,-0041.02,+0008.79,-0008.79,-0006.20,-0007.81,-0021.36
+1581210711.35,+0008.79,+0013.67,-0005.86,-0000.46,-0005.13,-0021.05
+1581210711.35,+0024.41,+0002.93,-0004.88,-0002.30,+0009.34,-0009.88
+1581210711.36,-0003.91,+0010.74,-0003.91,+0007.81,+0001.15,-0001.00
+1581210711.36,-0010.74,+0008.79,-0006.84,-0000.92,-0001.99,-0013.17
+1581210711.37,+0004.88,+0001.95,-0007.81,-0000.08,-0002.07,-0007.04
+1581210711.37,+0015.62,+0003.91,-0008.79,-0001.76,+0002.53,-0002.60
+1581210711.38,-0002.93,+0005.86,-0009.77,-0001.45,+0003.52,-0007.66
+1581210711.38,-0005.86,+0003.91,-0011.72,-0000.69,-0002.45,-0016.84
+1581210711.39,+0007.81,+0000.98,-0010.74,+0000.31,-0001.07,-0014.78
+1581210711.39,+0014.65,+0002.93,-0010.74,+0000.15,-0000.84,-0008.04
+1581210711.40,+0002.93,+0002.93,-0011.72,-0004.29,-0002.91,-0013.48
+1581210711.40,+0000.98,+0001.95,-0012.70,+0000.38,-0004.36,-0010.11
+1581210711.41,+0012.70,+0000.98,-0014.65,-0000.46,+0000.00,-0011.33
+1581210711.41,+0009.77,+0001.95,-0014.65,-0001.76,+0001.84,-0007.96
+1581210711.42,+0003.91,+0000.98,-0015.62,-0002.07,+0001.84,-0013.48
+1581210711.42,+0003.91,-0000.98,-0015.62,-0001.07,-0003.60,-0010.34
+1581210711.43,+0011.72,-0000.98,-0015.62,-0000.38,+0000.46,-0007.89
+1581210711.43,+0005.86,-0001.95,-0015.62,-0001.38,-0001.23,-0007.20
+1581210711.44,+0000.00,-0002.93,-0016.60,-0002.68,+0001.76,-0007.58
+1581210711.44,-0003.91,-0004.88,-0018.55,-0000.08,+0004.52,-0014.93
+1581210711.45,-0004.88,-0003.91,-0017.58,+0000.54,+0000.46,-0013.48
+1581210711.45,+0002.93,-0005.86,-0015.62,-0001.15,+0005.28,-0012.10
+1581210711.46,-0008.79,-0006.84,-0015.62,-0000.08,+0000.00,-0011.33
+1581210711.46,-0007.81,-0006.84,-0016.60,-0001.76,-0004.52,-0004.67
+1581210711.47,+0001.95,-0010.74,-0017.58,-0003.75,+0002.53,-0008.19
+1581210711.47,-0006.84,-0010.74,-0017.58,-0001.07,-0003.68,-0001.45
+1581210711.48,-0001.95,-0011.72,-0019.53,-0002.53,+0001.53,-0010.11
+1581210711.48,-0006.84,-0013.67,-0019.53,+0001.84,-0000.31,-0015.77
+1581210711.49,+0000.00,-0011.72,-0018.55,+0002.14,-0003.29,-0009.26
+1581210711.49,+0004.88,-0012.70,-0018.55,-0000.77,+0000.84,-0011.03
+1581210711.50,-0004.88,-0013.67,-0018.55,-0000.77,-0002.68,-0009.88
+1581210711.50,-0001.95,-0013.67,-0019.53,+0000.46,-0002.14,-0012.94
+1581210711.51,+0003.91,-0015.62,-0019.53,+0000.84,+0000.23,-0007.12
+1581210711.51,+0000.00,-0014.65,-0019.53,+0002.14,+0003.98,-0010.49
+1581210711.52,-0007.81,-0013.67,-0017.58,+0000.38,-0001.30,-0014.93
+1581210711.52,+0002.93,-0015.62,-0016.60,+0003.60,+0000.77,-0009.19
+1581210711.53,+0002.93,-0016.60,-0015.62,-0001.23,+0001.45,-0008.73
+1581210711.53,-0007.81,-0015.62,-0016.60,+0001.68,-0000.23,-0007.04
+1581210711.54,-0003.91,-0015.62,-0015.62,+0001.15,-0005.44,-0006.66
+1581210711.54,+0008.79,-0018.55,-0014.65,+0001.61,+0004.13,-0007.43
+1581210711.55,-0002.93,-0017.58,-0015.62,+0000.31,+0001.61,-0011.71
+1581210711.55,-0006.84,-0016.60,-0014.65,-0000.84,-0003.60,-0011.79
+1581210711.55,+0002.93,-0018.55,-0013.67,-0000.23,-0000.38,-0009.65
+1581210711.56,+0000.98,-0017.58,-0012.70,+0004.52,-0000.54,-0006.74
+1581210711.56,-0004.88,-0015.62,-0011.72,-0001.45,+0000.69,-0008.65
+1581210711.57,-0004.88,-0018.55,-0010.74,+0003.60,-0001.23,-0009.19
+1581210711.57,-0002.93,-0017.58,-0009.77,-0000.92,+0001.15,-0007.43
+1581210711.58,-0001.95,-0017.58,-0008.79,+0002.53,+0000.77,-0006.58
+1581210711.58,-0008.79,-0017.58,-0007.81,-0001.07,+0002.68,-0011.56
+1581210711.59,-0008.79,-0016.60,-0007.81,-0000.77,-0004.98,-0005.97
+1581210711.59,+0000.98,-0016.60,-0006.84,+0003.06,+0004.52,-0014.78
+1581210711.60,-0005.86,-0015.62,-0005.86,-0000.92,+0001.23,-0014.70
+1581210711.60,-0000.98,-0015.62,-0005.86,+0003.06,+0000.00,-0021.82
+1581210711.61,+0000.00,-0014.65,-0004.88,+0000.15,-0001.91,-0017.23
+1581210711.61,+0001.95,-0011.72,-0003.91,+0003.37,-0000.31,-0012.02
+1581210711.62,+0007.81,-0010.74,-0003.91,-0004.06,-0004.90,-0007.12
+1581210711.62,+0000.00,-0009.77,-0003.91,+0001.30,-0000.84,-0009.88
+1581210711.63,+0000.00,-0007.81,-0002.93,+0002.60,-0003.06,-0007.89
+1581210711.63,+0010.74,-0007.81,-0000.98,+0003.29,+0001.00,-0008.80
+1581210711.64,+0006.84,-0006.84,+0000.98,-0000.69,+0001.00,-0005.97
+1581210711.64,+0001.95,-0004.88,+0000.98,+0001.00,+0001.38,-0010.26
+1581210711.65,-0000.98,-0004.88,+0000.98,+0004.82,-0002.83,-0009.34
+1581210711.65,+0006.84,-0002.93,+0003.91,+0002.83,-0000.23,-0006.89
+1581210711.66,+0000.00,-0001.95,+0005.86,+0002.30,-0001.99,-0008.35
+1581210711.66,-0002.93,-0000.98,+0006.84,+0000.00,-0002.30,-0006.43
+1581210711.67,-0000.98,-0001.95,+0006.84,+0002.60,+0002.91,-0011.03
+1581210711.67,-0003.91,-0000.98,+0007.81,+0001.45,+0001.00,-0009.26
+1581210711.68,-0000.98,+0000.98,+0008.79,-0000.08,+0002.91,-0010.49
+1581210711.68,-0002.93,+0000.00,+0008.79,+0004.36,-0001.38,-0009.95
+1581210711.69,-0001.95,+0000.98,+0010.74,+0002.30,-0002.99,-0007.20
+1581210711.69,-0003.91,+0001.95,+0010.74,+0001.23,-0000.92,-0013.93
+1581210711.70,-0007.81,+0003.91,+0010.74,+0001.99,-0004.13,-0009.11
+1581210711.70,+0001.95,+0004.88,+0010.74,+0000.08,+0000.23,-0009.95
+1581210711.71,-0003.91,+0004.88,+0011.72,+0001.07,+0000.77,-0010.87
+1581210711.71,-0002.93,+0005.86,+0011.72,+0000.69,-0000.31,-0008.58
+1581210711.72,-0000.98,+0004.88,+0010.74,+0001.00,-0000.38,-0011.87
+1581210711.72,-0001.95,+0006.84,+0011.72,+0000.23,+0001.30,-0006.51
+1581210711.73,-0002.93,+0006.84,+0011.72,+0000.84,+0002.07,-0015.16
+1581210711.73,-0005.86,+0008.79,+0012.70,+0000.46,-0003.52,-0009.80
+1581210711.74,+0004.88,+0007.81,+0012.70,+0000.31,-0000.08,-0009.42
+1581210711.74,-0000.98,+0007.81,+0012.70,+0001.15,+0001.84,-0012.10
+1581210711.75,-0005.86,+0008.79,+0012.70,+0001.53,-0000.84,-0011.48
+1581210711.75,-0000.98,+0008.79,+0012.70,-0000.08,+0000.84,-0014.16
