+1580774323.91,+0008.79,-0001.95,-0013.67,-0002.22,+0000.15,-0011.33
+1580774323.91,+0006.84,-0002.93,-0013.67,-0001.00,+0000.77,-0010.49
+1580774323.92,+0006.84,-0002.93,-0013.67,-0000.92,+0000.23,-0011.33
+1580774323.92,+0004.88,-0002.93,-0012.70,-0000.31,+0001.38,-0009.95
+1580774323.93,+0002.93,-0003.91,-0013.67,-0000.92,+0000.84,-0010.11
+1580774323.93,+0000.98,-0003.91,-0013.67,-0001.45,+0001.00,-0009.95
+1580774323.94,+0000.98,-0004.88,-0013.67,-0000.77,+0001.53,-0011.18
+1580774323.94,-0000.98,-0004.88,-0013.67,-0001.30,+0001.38,-0010.57
+1580774323.95,-0000.98,-0004.88,-0013.67,-0000.15,+0000.15,-0010.34
+1580774323.95,-0001.95,-0004.88,-0014.65,-0000.77,+0001.07,-0013.09
+1580774323.96,-0001.95,-0004.88,-0013.67,-0000.23,-0002.07,-0009.19
+1580774323.96,+0003.91,-0005.86,-0013.67,-0000.77,-0000.69,-0008.88
+1580774323.97,-0000.98,-0004.88,-0014.65,+0000.08,+0001.53,-0010.41
+1580774323.97,-0000.98,-0004.88,-0013.67,+0000.38,-0000.08,-0010.80
+1580774323.98,+0003.91,-0006.84,-0013.67,-0000.84,+0001.38,-0011.64
+1580774323.98,+0002.93,-0006.84,-0013.67,-0000.23,-0002.07,-0008.96
+1580774323.99,+0002.93,-0005.86,-0013.67,-0000.92,+0000.31,-0012.33
+1580774323.99,+0000.00,-0005.86,-0013.67,-0001.45,-0000.77,-0012.25
+1580774324.00,+0003.91,-0006.84,-0012.70,-0000.46,-0000.61,-0011.64
+1580774324.00,+0005.86,-0006.84,-0012.70,-0000.46,+0001.53,-0012.94
+1580774324.01,+0003.91,-0005.86,-0013.67,-0000.46,-0001.07,-0008.35
+1580774324.01,+0004.88,-0006.84,-0012.70,-0000.23,-0000.38,-0009.19
+1580774324.02,+0004.88,-0006.84,-0012.70,+0000.38,-0000.77,-0008.04
+1580774324.02,+0003.91,-0006.84,-0011.72,-0000.54,+0001.61,-0008.73
+1580774324.03,+0001.95,-0005.86,-0010.74,-0000.46,-0000.31,-0009.88
+1580774324.03,+0002.93,-0005.86,-0010.74,-0001.99,-0001.30,-0009.88
+1580774324.04,+0006.84,-0005.86,-0010.74,-0000.84,+0000.54,-0010.11
+1580774324.04,+0005.86,-0006.84,-0010.74,-0001.00,-0000.69,-0007.89
+1580774324.05,+0003.91,-0005.86,-0010.74,-0001.45,-0000.08,-0011.25
+1580774324.05,+0002.93,-0005.86,-0010.74,-0000.54,-0002.14,-0010.87
+1580774324.06,+0006.84,-0006.84,-0009.77,-0001.30,+0000.08,-0010.80
+1580774324.06,+0003.91,-0005.86,-0009.77,+0001.91,-0000.38,-0009.80
+1580774324.07,+0000.98,-0004.88,-0009.77,-0001.30,-0000.77,-0010.34
+1580774324.07,+0000.98,-0005.86,-0009.77,+0000.00,-0000.69,-0010.87
+1580774324.08,+0000.98,-0005.86,-0009.77,-0000.15,+0001.30,-0010.57
+1580774324.08,-0000.98,-0004.88,-0009.77,-0000.23,+0000.15,-0011.10
+1580774324.09,-0001.95,-0004.88,-0009.77,-0001.07,-0001.99,-0010.87
+1580774324.09,-0000.98,-0004.88,-0009.77,-0000.15,-0000.46,-0011.10
+1580774324.10,-0002.93,-0003.91,-0008.79,-0001.00,+0000.31,-0009.42
+1580774324.10,-0002.93,-0002.93,-0009.77,-0000.31,-0001.07,-0009.80
+1580774324.11,-0001.95,-0003.91,-0009.77,-0000.92,-0001.07,-0009.34
+1580774324.11,-0001.95,-0002.93,-0010.74,-0002.37,-0001.07,-0009.34
+1580774324.12,-0001.95,-0002.93,-0009.77,-0000.77,-0001.61,-0009.72
+1580774324.12,-0000.98,-0002.93,-0009.77,-0000.38,-0000.31,-0009.65
+1580774324.13,-0000.98,-0002.93,-0009.77,+0000.15,-0002.76,-0008.88
+1580774324.13,+0001.95,-0001.95,-0009.77,-0002.76,-0001.61,-0005.82
+1580774324.14,-0002.93,-0001.95,-0010.74,+0001.68,+0004.44,-0013.93
+1580774324.14,-0009.77,-0000.98,-0009.77,-0002.53,-0004.13,-0011.48
+1580774324.15,+0004.88,-0001.95,-0009.77,-0002.53,+0001.91,-0013.02
+1580774324.15,+0000.00,-0002.93,-0010.74,+0000.08,-0000.46,-0009.80
+1580774324.16,-0002.93,+0000.00,-0010.74,+0001.07,-0000.46,-0008.65
+1580774324.16,-0002.93,-0001.95,-0011.72,+0000.38,-0001.23,-0012.17
+1580774324.17,+0000.98,-0002.93,-0011.72,-0001.38,-0000.61,-0009.80
+1580774324.17,+0000.98,-0001.95,-0012.70,-0001.61,-0000.15,-0013.70
+1580774324.18,-0000.98,-0000.98,-0013.67,-0000.61,-0001.99,-0010.57
+1580774324.18,+0002.93,-0002.93,-0012.70,-0000.15,-0001.38,-0013.09
+1580774324.19,+0001.95,-0002.93,-0011.72,-0000.77,-0001.45,-0008.04
+1580774324.19,+0002.93,-0001.95,-0012.70,-0000.15,+0000.00,-0009.03
+1580774324.20,+0000.98,-0002.93,-0012.70,-0000.08,-0000.92,-0009.95
+1580774324.20,+0001.95,-0003.91,-0013.67,-0001.68,-0000.38,-0009.95
+1580774324.21,+0003.91,-0003.91,-0012.70,-0000.84,-0001.45,-0009.49
+1580774324.21,+0000.98,-0002.93,-0013.67,-0001.30,+0000.23,-0006.12
+1580774324.22,-0000.98,-0003.91,-0013.67,-0000.23,+0000.46,-0010.18
+1580774324.22,-0002.93,-0004.88,-0013.67,-0000.08,-0000.46,-0006.58
+1580774324.23,-0001.95,-0004.88,-0013.67,-0000.92,-0000.61,-0008.58
+1580774324.23,-0003.91,-0004.88,-0012.70,+0000.54,-0002.14,-0006.35
+1580774324.24,-0004.88,-0005.86,-0013.67,-0001.53,+0001.15,-0006.97
+1580774324.24,-0006.84,-0005.86,-0013.67,-0000.46,-0000.54,-0007.96
+1580774324.25,-0007.81,-0005.86,-0013.67,-0000.46,-0002.07,-0006.51
+1580774324.25,-0008.79,-0006.84,-0013.67,-0002.30,-0000.15,-0009.42
+1580774324.26,-0010.74,-0005.86,-0012.70,+0000.38,-0001.53,-0010.03
+1580774324.26,-0010.74,-0005.86,-0012.70,-0000.61,+0002.37,-0011.33
+1580774324.27,-0012.70,-0006.84,-0012.70,+0000.77,+0000.08,-0011.56
+1580774324.27,-0012.70,-0005.86,-0012.70,-0000.84,-0001.84,-0012.79
+1580774324.28,-0009.77,-0006.84,-0011.72,-0001.91,-0003.22,-0009.26
+1580774324.28,-0011.72,-0005.86,-0012.70,+0001.23,+0003.75,-0014.70
+1580774324.29,-0014.65,-0005.86,-0011.72,+0001.23,-0002.30,-0011.10
+1580774324.29,-0004.88,-0005.86,-0011.72,-0000.61,+0001.53,-0011.79
+1580774324.30,-0010.74,-0005.86,-0010.74,-0000.15,-0001.68,-0008.88
+1580774324.30,-0006.84,-0003.91,-0010.74,+0000.92,-0001.99,-0005.44
+1580774324.31,-0009.77,-0004.88,-0009.77,+0001.76,-0000.92,-0010.87
+1580774324.31,-0007.81,-0003.91,-0008.79,+0001.07,-0001.45,-0009.34
+1580774324.32,-0004.88,-0004.88,-0008.79,+0000.38,+0000.15,-0013.93
+1580774324.32,-0005.86,-0003.91,-0007.81,+0001.99,-0000.69,-0008.88
+1580774324.33,-0003.91,-0002.93,-0007.81,-0000.15,-0001.07,-0011.48
+1580774324.33,-0006.84,-0003.91,-0006.84,+0000.46,-0001.53,-0009.34
+1580774324.34,-0004.88,-0003.91,-0006.84,+0001.30,+0000.31,-0009.88
+1580774324.34,-0005.86,-0004.88,-0006.84,-0000.77,-0004.59,-0005.28
+1580774324.35,-0000.98,-0004.88,-0006.84,+0002.83,+0003.14,-0010.41
+1580774324.35,-0010.74,-0004.88,-0005.86,-0000.84,-0000.54,-0011.03
+1580774324.36,-0004.88,-0004.88,-0005.86,+0000.23,+0000.38,-0013.17
+1580774324.36,-0003.91,-0006.84,-0004.88,-0000.84,-0000.61,-0013.09
+1580774324.37,-0005.86,-0005.86,-0004.88,+0002.14,-0001.30,-0008.35
+1580774324.37,-0007.81,-0005.86,-0004.88,-0000.38,+0003.52,-0012.71
+1580774324.38,-0007.81,-0006.84,-0004.88,+0000.46,-0003.06,-0008.96
+1580774324.38,-0000.98,-0007.81,-0004.88,-0000.23,+0001.45,-0012.48
+1580774324.39,-0005.86,-0006.84,-0005.86,-0000.46,-0001.99,-0010.26
+1580774324.39,-0004.88,-0006.84,-0004.88,-0000.92,-0000.61,-0011.18
+1580774324.40,-0000.98,-0007.81,-0005.86,+0000.77,-0002.14,-0009.49
+1580774324.40,+0000.98,-0008.79,-0005.86,+0000.31,-0002.37,-0006.12
+1580774324.41,-0000.98,-0008.79,-0005.86,-0000.77,+0000.15,-0008.58
+1580774324.41,-0003.91,-0008.79,-0005.86,+0000.61,-0002.14,-0009.11
+1580774324.42,+0001.95,-0009.77,-0005.86,-0000.54,-0000.31,-0011.03
+1580774324.42,+0000.98,-0009.77,-0005.86,+0000.61,+0000.08,-0011.48
+1580774324.43,-0002.93,-0009.77,-0005.86,-0001.30,+0000.77,-0011.48
+1580774324.43,-0003.91,-0010.74,-0004.88,-0000.38,-0001.61,-0012.02
+1580774324.44,-0001.95,-0011.72,-0005.86,-0001.15,+0000.92,-0009.42
+1580774324.44,-0003.91,-0011.72,-0005.86,-0000.08,+0001.15,-0009.95
+1580774324.45,-0007.81,-0012.70,-0005.86,-0000.92,+0001.15,-0009.80
+1580774324.45,-0007.81,-0013.67,-0005.86,-0001.15,-0000.77,-0011.71
+1580774324.46,-0006.84,-0014.65,-0005.86,-0001.23,+0001.15,-0011.48
+1580774324.46,-0006.84,-0013.67,-0005.86,-0002.07,+0000.08,-0008.88
+1580774324.47,-0006.84,-0013.67,-0006.84,-0002.37,+0000.31,-0008.80
+1580774324.47,-0006.84,-0014.65,-0006.84,-0002.45,-0000.61,-0009.49
+1580774324.48,-0004.88,-0014.65,-0007.81,-0001.53,+0001.07,-0009.34
+1580774324.48,-0005.86,-0014.65,-0007.81,-0002.60,+0001.15,-0008.58
+1580774324.49,-0006.84,-0013.67,-0007.81,-0000.69,+0000.84,-0011.48
+1580774324.49,-0003.91,-0013.67,-0006.84,-0001.45,-0001.84,-0012.02
+1580774324.50,+0013.67,-0015.62,-0006.84,-0000.61,+0003.68,+0002.53
+1580774324.50,-0003.91,-0012.70,-0007.81,-0001.99,+0004.82,-0014.32
+1580774324.51,-0016.60,-0010.74,-0005.86,-0002.99,-0006.28,-0006.51
+1580774324.51,+0007.81,-0012.70,-0004.88,+0002.37,-0001.30,-0017.84
+1580774324.52,+0011.72,-0014.65,-0004.88,+0001.84,+0000.31,-0005.90
+1580774324.52,+0000.00,-0009.77,-0005.86,-0001.23,+0000.38,-0007.81
+1580774324.53,-0007.81,-0008.79,-0003.91,-0000.23,-0000.61,-0016.08
+1580774324.53,+0005.86,-0008.79,-0001.95,-0002.22,-0000.38,-0010.03
+1580774324.54,+0008.79,-0009.77,-0000.98,+0000.77,+0003.14,-0010.18
+1580774324.54,-0004.88,-0005.86,-0000.98,-0000.61,-0000.15,-0008.27
+1580774324.55,-0004.88,-0006.84,-0000.98,-0001.45,+0000.46,-0012.48
+1580774324.55,+0005.86,-0007.81,+0000.00,-0001.15,-0002.68,-0003.68
+1580774324.56,+0005.86,-0005.86,+0000.00,+0004.36,+0008.27,-0011.71
+1580774324.56,-0014.65,-0001.95,+0001.95,-0003.37,-0001.15,-0011.41
+1580774324.57,+0000.00,-0003.91,+0003.91,+0002.68,+0004.36,-0014.39
+1580774324.57,+0002.93,-0003.91,+0004.88,-0001.91,-0001.23,-0011.10
+1580774324.58,-0001.95,-0001.95,+0004.88,+0004.06,-0002.91,-0001.15
+1580774324.58,-0005.86,+0000.00,+0004.88,-0000.38,+0005.28,-0013.70
+1580774324.59,-0007.81,-0001.95,+0006.84,+0002.91,-0002.60,-0008.19
+1580774324.59,+0005.86,+0000.00,+0008.79,-0000.08,+0002.91,-0013.48
+1580774324.60,-0003.91,+0000.00,+0008.79,+0000.92,-0000.69,-0011.25
+1580774324.60,+0000.00,+0000.98,+0008.79,-0000.38,+0001.07,-0013.17
+1580774324.61,+0000.98,+0000.98,+0009.77,+0002.83,-0001.53,-0010.11
+1580774324.61,+0001.95,+0001.95,+0011.72,+0000.54,-0001.61,-0006.74
+1580774324.62,+0002.93,+0002.93,+0011.72,+0002.07,+0000.61,-0010.64
+1580774324.62,+0001.95,+0002.93,+0012.70,+0001.91,-0000.69,-0008.12
+1580774324.63,+0004.88,+0002.93,+0013.67,+0000.15,+0001.23,-0011.25
+1580774324.63,+0001.95,+0003.91,+0014.65,+0001.99,-0000.46,-0010.80
+1580774324.64,+0003.91,+0003.91,+0014.65,+0000.69,+0001.61,-0012.10
+1580774324.64,+0001.95,+0002.93,+0015.62,+0000.84,+0000.46,-0013.17
+1580774324.65,+0000.98,+0002.93,+0015.62,-0000.15,+0000.00,-0009.80
+1580774324.65,+0000.00,+0003.91,+0016.60,-0000.08,+0003.60,-0012.56
+1580774324.66,-0000.98,+0003.91,+0016.60,-0000.08,+0000.38,-0012.33
+1580774324.66,+0004.88,+0003.91,+0017.58,-0000.92,-0001.07,-0007.66
+1580774324.67,-0000.98,+0003.91,+0016.60,+0004.21,+0006.66,-0013.17
+1580774324.67,-0006.84,+0004.88,+0017.58,-0000.08,-0002.30,-0008.19
+1580774324.68,+0005.86,+0003.91,+0017.58,-0000.61,+0003.06,-0011.87
+1580774324.68,+0000.98,+0002.93,+0016.60,-0001.45,-0001.23,-0008.27
+1580774324.69,+0000.98,+0004.88,+0016.60,+0000.77,-0001.99,-0005.44
+1580774324.69,-0000.98,+0002.93,+0015.62,+0002.60,-0002.37,-0011.87
+1580774324.70,+0002.93,+0003.91,+0016.60,-0002.30,-0001.68,-0007.58
+1580774324.70,+0005.86,+0001.95,+0015.62,+0000.08,+0001.84,-0011.64
+1580774324.71,+0000.98,+0002.93,+0014.65,-0001.07,-0001.68,-0009.03
+1580774324.71,+0003.91,+0001.95,+0014.65,+0000.00,-0000.38,-0012.40
+1580774324.72,+0006.84,+0001.95,+0014.65,-0001.84,-0003.29,-0008.88
+1580774324.72,+0008.79,+0000.98,+0013.67,+0000.84,-0001.23,-0004.67
+1580774324.73,-0002.93,+0001.95,+0012.70,-0001.76,-0001.45,-0011.48
+1580774324.73,-0000.98,+0000.98,+0012.70,-0001.53,-0002.37,-0008.65
+1580774324.74,+0009.77,-0000.98,+0011.72,-0001.61,+0001.61,-0010.72
+1580774324.74,+0001.95,-0001.95,+0009.77,-0001.53,-0000.23,-0006.66
+1580774324.75,-0004.88,-0000.98,+0008.79,-0002.14,+0001.38,-0012.56
+1580774324.75,-0004.88,-0002.93,+0008.79,-0002.07,+0000.46,-0014.39
+1580774324.76,+0001.95,-0003.91,+0007.81,-0000.46,-0001.15,-0011.79
+1580774324.76,+0002.93,-0004.88,+0006.84,+0001.61,+0005.82,-0013.17
+1580774324.77,-0012.70,-0002.93,+0005.86,-0004.44,-0002.45,-0009.49
+1580774324.77,-0001.95,-0005.86,+0005.86,-0000.92,-0002.76,-0008.58
+1580774324.78,+0001.95,-0005.86,+0003.91,-0004.13,-0000.84,-0006.66
+1580774324.78,-0003.91,-0006.84,+0001.95,+0001.53,-0000.54,-0005.51
+1580774324.79,-0002.93,-0005.86,+0001.95,-0006.43,-0000.54,-0010.80
+1580774324.79,-0000.98,-0007.81,+0000.98,+0001.38,-0001.53,-0010.18
+1580774324.80,+0003.91,-0006.84,+0000.98,-0001.91,-0000.31,-0010.72
+1580774324.80,-0001.95,-0005.86,+0000.98,-0000.61,-0000.84,-0009.65
+1580774324.81,-0001.95,-0005.86,+0000.98,-0003.14,-0001.15,-0010.87
+1580774324.81,-0000.98,-0007.81,+0000.98,-0001.00,+0001.61,-0011.48
+1580774324.82,-0000.98,-0006.84,+0000.98,-0000.69,+0000.77,-0011.10
+1580774324.82,-0000.98,-0006.84,+0000.00,-0001.53,+0001.00,-0011.10
+1580774324.83,-0002.93,-0006.84,+0000.00,-0001.68,+0000.46,-0010.11
+1580774324.83,-0001.95,-0006.84,+0000.00,-0002.45,-0000.15,-0010.03
+1580774324.84,-0000.98,-0006.84,+0000.00,+0001.53,-0000.54,-0010.03
+1580774324.84,-0001.95,-0005.86,+0000.98,-0000.08,+0001.99,-0009.65
+1580774324.85,-0001.95,-0005.86,+0000.98,+0001.45,-0000.31,-0008.58
+1580774324.85,+0000.00,-0004.88,+0001.95,+0000.46,+0000.31,-0010.57
+1580774324.86,-0002.93,-0004.88,+0001.95,+0000.23,-0000.08,-0011.94
+1580774324.86,-0001.95,-0003.91,+0002.93,-0000.38,-0000.69,-0009.88
+1580774324.87,+0000.00,-0003.91,+0002.93,-0001.76,+0001.30,-0011.71
+1580774324.87,-0000.98,-0003.91,+0002.93,+0000.77,-0001.15,-0008.73
+1580774324.88,-0001.95,-0003.91,+0002.93,-0000.15,+0001.07,-0012.33
+1580774324.88,-0000.98,-0003.91,+0003.91,+0001.23,+0000.08,-0009.11
+1580774324.88,+0000.98,-0003.91,+0003.91,+0000.84,+0000.15,-0008.73
+1580774324.89,+0000.00,-0002.93,+0004.88,+0000.77,-0001.15,-0009.42
+1580774324.89,+0000.00,-0002.93,+0005.86,+0001.61,-0000.84,-0009.11
+1580774324.90,+0001.95,-0002.93,+0006.84,+0000.84,-0000.77,-0009.49
+1580774324.90,+0000.98,-0001.95,+0006.84,+0001.23,-0001.53,-0010.03
+1580774324.91,+0000.98,-0001.95,+0007.81,+0000.15,-0000.31,-0009.26
+1580774324.91,-0000.98,-0001.95,+0007.81,+0000.15,-0001.84,-0011.10
+1580774324.92,+0000.00,-0001.95,+0008.79,+0000.69,+0000.46,-0009.72
+1580774324.92,+0001.95,-0001.95,+0008.79,+0000.54,+0001.15,-0010.80
+1580774324.93,-0003.91,-0000.98,+0008.79,+0001.99,-0002.22,-0012.10
+1580774324.93,-0001.95,-0000.98,+0010.74,-0000.46,-0000.08,-0010.80
+1580774324.94,+0000.00,-0001.95,+0010.74,+0000.61,-0001.53,-0010.80
+1580774324.94,-0000.98,-0000.98,+0010.74,-0000.92,+0001.38,-0009.42
+1580774324.95,-0001.95,-0000.98,+0010.74,-0000.69,-0000.84,-0011.79
+1580774324.95,+0000.98,-0000.98,+0010.74,+0001.68,-0001.38,-0009.19
+1580774324.96,+0002.93,-0000.98,+0010.74,-0000.23,+0001.53,-0010.41
+1580774324.96,-0000.98,+0000.00,+0011.72,+0001.00,-0002.30,-0009.57
+1580774324.97,+0002.93,+0000.00,+0012.70,+0000.31,+0000.61,-0010.03
+1580774324.97,+0002.93,+0000.98,+0012.70,+0000.46,-0000.23,-0009.80
+1580774324.98,+0000.98,+0000.98,+0012.70,+0000.92,-0001.53,-0010.18
+1580774324.98,+0003.91,+0000.98,+0013.67,+0000.00,-0001.53,-0008.50
+1580774324.99,+0005.86,+0000.00,+0013.67,+0000.84,+0002.53,-0010.64
+1580774324.99,-0001.95,+0000.98,+0013.67,-0001.07,+0000.54,-0013.55
+1580774325.00,+0000.98,+0000.98,+0014.65,+0000.77,-0002.76,-0011.87
+1580774325.00,+0004.88,+0000.00,+0014.65,-0000.61,+0000.15,-0009.72
+1580774325.01,+0000.98,+0000.98,+0014.65,+0001.38,-0001.15,-0004.44
+1580774325.01,-0000.98,+0000.98,+0014.65,-0000.38,-0000.38,-0008.42
+1580774325.02,-0002.93,+0000.00,+0014.65,+0000.84,-0001.84,-0008.96
+1580774325.02,+0000.00,+0000.98,+0015.62,-0001.15,+0000.38,-0011.10
+1580774325.03,+0000.00,+0000.98,+0015.62,+0000.69,+0001.00,-0011.71
+1580774325.03,-0001.95,+0001.95,+0015.62,+0000.61,-0001.76,-0010.18
+1580774325.04,-0001.95,+0001.95,+0015.62,+0001.23,-0002.60,-0009.88
+1580774325.04,+0001.95,+0000.98,+0015.62,+0000.08,+0000.84,-0009.19
+1580774325.05,-0003.91,+0001.95,+0015.62,+0000.46,+0001.76,-0013.70
+1580774325.05,-0000.98,+0001.95,+0015.62,+0001.76,+0000.00,-0012.25
+1580774325.06,+0004.88,+0002.93,+0015.62,-0002.99,+0000.92,-0013.32
+1580774325.06,+0000.00,+0000.98,+0015.62,+0001.84,-0002.07,-0009.42
+1580774325.07,+0002.93,+0002.93,+0015.62,-0000.54,+0000.23,-0011.03
+1580774325.07,+0001.95,+0002.93,+0015.62,+0001.91,-0001.38,-0008.88
+1580774325.08,+0004.88,+0003.91,+0016.60,+0000.31,-0000.31,-0009.49
+1580774325.08,+0003.91,+0003.91,+0016.60,+0001.23,+0000.23,-0010.26
+1580774325.09,+0003.91,+0004.88,+0016.60,+0000.00,-0001.38,-0008.58
+1580774325.09,+0004.88,+0004.88,+0016.60,+0001.45,-0000.54,-0009.42
+1580774325.10,+0004.88,+0005.86,+0017.58,+0000.00,-0000.84,-0009.49
+1580774325.10,+0003.91,+0005.86,+0017.58,-0000.15,+0000.92,-0009.72
+1580774325.11,+0002.93,+0005.86,+0017.58,+0000.31,+0001.15,-0012.10
+1580774325.11,+0002.93,+0006.84,+0017.58,-0000.46,-0003.22,-0010.03
+1580774325.12,+0008.79,+0005.86,+0017.58,-0001.07,-0001.76,-0006.74
+1580774325.12,+0003.91,+0006.84,+0017.58,+0003.52,+0005.05,-0015.93
+1580774325.13,-0014.65,+0009.77,+0018.55,+0001.99,-0002.07,-0017.53
+1580774325.13,+0001.95,+0006.84,+0019.53,-0002.22,-0003.52,-0014.39
+1580774325.14,+0014.65,+0006.84,+0018.55,+0000.84,+0001.53,-0012.56
+1580774325.14,-0003.91,+0007.81,+0016.60,+0000.54,+0000.84,-0006.28
+1580774325.15,-0004.88,+0009.77,+0017.58,-0001.61,-0003.29,-0012.33
+1580774325.15,+0006.84,+0007.81,+0018.55,+0001.00,-0003.06,-0009.49
+1580774325.16,+0008.79,+0008.79,+0017.58,-0000.46,-0000.23,-0012.02
+1580774325.16,-0002.93,+0009.77,+0017.58,+0000.54,-0003.29,-0009.42
+1580774325.17,+0005.86,+0009.77,+0017.58,-0000.23,-0001.61,-0011.94
+1580774325.17,+0010.74,+0007.81,+0017.58,-0000.69,+0000.46,-0011.41
+1580774325.18,+0006.84,+0010.74,+0016.60,-0002.14,-0000.08,-0008.27
+1580774325.18,+0004.88,+0009.77,+0016.60,+0000.92,-0001.38,-0011.25
+1580774325.19,+0006.84,+0008.79,+0016.60,-0001.84,-0001.76,-0009.42
+1580774325.19,+0008.79,+0008.79,+0015.62,-0000.38,-0000.08,-0008.80
+1580774325.20,+0004.88,+0009.77,+0014.65,-0001.38,-0000.54,-0008.27
+1580774325.20,+0001.95,+0007.81,+0014.65,+0000.15,+0000.23,-0008.50
+1580774325.21,+0002.93,+0007.81,+0013.67,-0001.61,+0000.61,-0011.25
+1580774325.21,+0000.98,+0006.84,+0012.70,-0001.15,-0000.31,-0009.26
+1580774325.22,-0001.95,+0006.84,+0011.72,-0002.14,+0001.45,-0012.25
+1580774325.22,-0004.88,+0005.86,+0010.74,-0000.31,-0000.15,-0012.17
+1580774325.23,-0002.93,+0004.88,+0009.77,-0000.46,+0000.23,-0013.48
+1580774325.23,-0003.91,+0004.88,+0008.79,-0003.37,+0000.15,-0007.20
+1580774325.24,-0002.93,+0002.93,+0006.84,+0001.00,+0001.00,-0009.57
+1580774325.24,-0010.74,+0002.93,+0005.86,-0002.37,+0000.46,-0011.03
+1580774325.25,-0002.93,+0001.95,+0005.86,+0000.23,+0001.07,-0009.95
+1580774325.25,-0000.98,+0000.98,+0003.91,-0003.68,-0001.61,-0010.80
+1580774325.26,-0002.93,+0000.98,+0002.93,+0001.07,-0000.61,-0006.20
+1580774325.26,-0002.93,+0000.98,+0002.93,-0001.91,-0002.91,-0013.17
+1580774325.27,+0000.00,-0000.98,+0002.93,-0000.61,-0001.07,-0009.88
+1580774325.27,+0002.93,-0000.98,+0000.98,-0000.54,+0001.15,-0013.78
+1580774325.28,+0000.00,-0000.98,+0000.98,-0000.77,-0001.84,-0014.09
+1580774325.28,+0005.86,-0000.98,+0000.98,-0001.91,-0000.38,-0010.34
+1580774325.29,+0007.81,-0002.93,+0000.98,+0000.23,-0000.46,-0011.64
+1580774325.29,+0000.98,-0001.95,+0000.00,-0002.14,+0000.31,-0010.34
+1580774325.30,+0005.86,-0002.93,-0000.98,-0000.92,-0001.68,-0010.03
+1580774325.30,+0008.79,-0004.88,-0001.95,-0000.46,+0001.91,-0006.81
+1580774325.31,+0001.95,-0003.91,-0002.93,+0001.76,+0001.23,-0009.34
+1580774325.31,-0002.93,-0003.91,-0002.93,-0003.68,-0002.22,-0008.27
+1580774325.32,+0003.91,-0004.88,-0001.95,-0002.68,+0001.00,-0008.58
+1580774325.32,+0003.91,-0005.86,-0001.95,+0000.54,-0000.77,-0006.43
+1580774325.33,-0002.93,-0003.91,-0001.95,+0001.07,+0001.23,-0008.12
+1580774325.33,-0006.84,-0006.84,-0001.95,-0000.31,-0001.99,-0011.25
+1580774325.34,+0000.00,-0006.84,-0001.95,-0002.68,+0001.68,-0013.63
+1580774325.34,-0001.95,-0007.81,-0002.93,+0000.00,+0000.31,-0012.86
+1580774325.35,-0004.88,-0006.84,-0003.91,-0001.07,-0000.46,-0012.86
+1580774325.35,-0000.98,-0008.79,-0003.91,+0000.08,-0001.23,-0010.80
+1580774325.36,+0000.98,-0007.81,-0003.91,-0001.68,-0000.92,-0011.25
+1580774325.36,+0000.00,-0007.81,-0003.91,+0000.69,+0000.38,-0010.72
+1580774325.37,+0001.95,-0006.84,-0003.91,-0000.15,-0002.60,-0010.80
+1580774325.37,+0005.86,-0006.84,-0003.91,-0001.45,-0001.68,-0009.42
+1580774325.38,+0008.79,-0006.84,-0002.93,+0000.84,-0002.83,-0009.72
+1580774325.38,+0008.79,-0005.86,-0002.93,-0000.69,-0001.76,-0009.49
+1580774325.39,+0009.77,-0004.88,-0001.95,-0001.15,+0000.08,-0012.86
+1580774325.39,+0007.81,-0004.88,-0000.98,+0000.38,-0001.76,-0012.40
+1580774325.40,+0012.70,-0003.91,-0000.98,+0000.08,-0001.45,-0012.56
+1580774325.40,+0011.72,-0002.93,+0000.00,-0001.00,-0001.00,-0008.88
+1580774325.41,+0008.79,-0002.93,+0000.00,+0000.38,+0000.77,-0009.49
+1580774325.41,+0008.79,-0001.95,+0000.00,+0000.23,+0000.46,-0009.65
+1580774325.42,+0009.77,-0003.91,+0000.98,+0001.91,-0000.92,-0008.12
+1580774325.42,+0007.81,-0001.95,+0001.95,+0001.15,+0000.69,-0005.36
+1580774325.43,+0002.93,-0000.98,+0002.93,+0002.45,+0000.46,-0006.66
+1580774325.43,+0000.00,-0000.98,+0003.91,+0000.77,+0000.08,-0006.20
+1580774325.44,+0000.00,+0000.00,+0004.88,+0001.76,+0000.00,-0009.65
+1580774325.44,-0001.95,+0000.98,+0004.88,-0001.84,-0000.31,-0006.58
+1580774325.45,-0002.93,+0000.98,+0005.86,+0003.37,+0001.99,-0009.03
+1580774325.45,-0008.79,+0001.95,+0005.86,-0001.76,+0001.30,-0011.79
+1580774325.46,-0003.91,+0001.95,+0005.86,-0000.84,-0000.31,-0011.64
+1580774325.46,-0002.93,+0000.98,+0006.84,-0000.15,+0001.91,-0010.87
+1580774325.47,-0006.84,+0002.93,+0006.84,+0000.38,-0002.30,-0007.81
+1580774325.47,-0006.84,+0003.91,+0007.81,+0000.31,-0000.08,-0011.33
+1580774325.48,-0003.91,+0003.91,+0007.81,+0001.23,+0000.92,-0012.48
+1580774325.48,-0002.93,+0004.88,+0007.81,-0000.54,-0003.68,-0007.50
+1580774325.49,+0002.93,+0004.88,+0007.81,+0000.84,-0000.38,-0006.74
+1580774325.49,-0008.79,+0007.81,+0008.79,-0002.53,-0004.52,-0011.64
+1580774325.50,+0000.00,+0006.84,+0009.77,+0005.74,-0001.00,-0013.63
+1580774325.50,+0006.84,+0008.79,+0010.74,-0002.99,+0001.84,-0016.54
+1580774325.51,+0001.95,+0008.79,+0010.74,+0002.45,-0002.22,-0010.49
+1580774325.51,+0004.88,+0011.72,+0010.74,-0000.77,-0001.23,-0014.78
+1580774325.52,+0007.81,+0009.77,+0011.72,+0001.23,-0001.76,-0007.96
+1580774325.52,+0008.79,+0010.74,+0011.72,-0000.15,+0001.84,-0010.95
+1580774325.53,+0004.88,+0011.72,+0012.70,+0000.61,-0000.54,-0011.41
+1580774325.53,+0012.70,+0011.72,+0013.67,-0001.76,+0000.92,-0011.33
+1580774325.54,+0015.62,+0010.74,+0013.67,+0002.91,-0002.30,-0006.81
+1580774325.54,+0009.77,+0012.70,+0013.67,-0001.68,+0002.91,-0004.98
+1580774325.55,+0000.98,+0012.70,+0014.65,+0000.00,-0001.00,-0007.50
+1580774325.55,+0005.86,+0011.72,+0015.62,-0000.15,+0002.37,-0008.65
+1580774325.56,+0003.91,+0011.72,+0015.62,-0000.61,+0003.29,-0007.27
+1580774325.56,-0002.93,+0012.70,+0014.65,-0000.54,+0002.76,-0008.65
+1580774325.57,-0006.84,+0010.74,+0013.67,-0001.99,+0001.23,-0011.79
+1580774325.57,-0003.91,+0008.79,+0013.67,+0000.77,+0001.68,-0009.26
+1580774325.58,-0003.91,+0007.81,+0012.70,-0001.76,+0000.61,-0011.25
+1580774325.58,-0009.77,+0007.81,+0011.72,-0001.07,-0002.83,-0012.10
+1580774325.59,-0002.93,+0006.84,+0010.74,-0001.07,-0000.61,-0012.56
+1580774325.59,-0000.98,+0005.86,+0010.74,-0001.38,-0000.46,-0013.93
+1580774325.60,-0000.98,+0006.84,+0009.77,-0001.38,-0001.76,-0013.09
+1580774325.60,+0003.91,+0005.86,+0008.79,-0000.77,-0003.83,-0012.79
+1580774325.61,+0009.77,+0004.88,+0007.81,-0000.31,-0001.38,-0008.96
+1580774325.61,+0007.81,+0005.86,+0007.81,-0000.15,-0001.30,-0008.42
+1580774325.62,+0004.88,+0006.84,+0007.81,+0000.08,-0002.76,-0010.57
+1580774325.62,+0008.79,+0005.86,+0006.84,-0000.31,-0000.31,-0010.64
+1580774325.63,+0006.84,+0005.86,+0006.84,+0000.77,+0000.46,-0012.02
+1580774325.63,+0005.86,+0005.86,+0007.81,-0001.91,-0002.07,-0007.81
+1580774325.64,+0007.81,+0005.86,+0006.84,+0001.15,+0001.45,-0009.65
+1580774325.64,+0000.98,+0004.88,+0006.84,-0001.61,-0000.61,-0007.43
+1580774325.65,+0002.93,+0004.88,+0005.86,+0000.15,-0001.68,-0005.82
+1580774325.65,-0001.95,+0002.93,+0004.88,+0000.15,+0001.38,-0009.03
+1580774325.66,-0005.86,+0002.93,+0004.88,-0001.45,+0000.31,-0008.50
+1580774325.66,-0005.86,+0001.95,+0004.88,-0001.99,+0001.91,-0009.88
+1580774325.67,-0008.79,+0000.98,+0003.91,-0001.84,+0003.29,-0009.49
+1580774325.67,-0012.70,+0000.00,+0003.91,-0000.54,+0001.53,-0010.34
+1580774325.68,-0012.70,-0000.98,+0002.93,-0002.68,-0000.31,-0010.26
+1580774325.68,-0007.81,-0001.95,+0001.95,-0002.83,-0000.23,-0009.19
+1580774325.69,-0008.79,-0002.93,+0000.00,-0001.23,+0001.07,-0008.12
+1580774325.69,-0012.70,-0002.93,-0000.98,-0001.91,-0001.76,-0010.80
+1580774325.70,-0006.84,-0002.93,-0000.98,-0000.69,-0002.76,-0012.40
+1580774325.70,+0000.00,-0004.88,-0000.98,+0001.00,-0003.06,-0011.64
+1580774325.71,+0000.98,-0002.93,-0001.95,-0000.15,-0003.14,-0010.26
+1580774325.71,+0000.98,-0001.95,-0001.95,-0000.31,-0001.76,-0011.87
+1580774325.72,+0002.93,-0003.91,-0002.93,-0001.15,-0004.90,-0011.56
+1580774325.72,+0008.79,-0004.88,-0002.93,-0000.92,-0001.99,-0009.57
+1580774325.73,+0007.81,-0003.91,-0003.91,+0000.38,-0002.37,-0010.18
+1580774325.73,+0006.84,-0002.93,-0004.88,+0000.23,-0000.69,-0011.18
+1580774325.74,+0009.77,-0003.91,-0002.93,+0002.83,+0000.08,-0011.64
+1580774325.74,+0010.74,-0003.91,-0002.93,+0000.92,-0001.23,-0009.95
+1580774325.75,+0009.77,-0002.93,-0001.95,-0000.08,-0002.07,-0010.57
+1580774325.75,+0008.79,-0003.91,-0001.95,+0001.00,-0001.23,-0011.41
+1580774325.76,+0009.77,-0003.91,-0002.93,+0001.91,-0000.54,-0011.71
+1580774325.76,+0008.79,-0003.91,-0002.93,-0000.92,-0000.61,-0011.48
+1580774325.77,+0006.84,-0004.88,-0002.93,+0000.84,+0000.77,-0012.40
+1580774325.77,+0004.88,-0004.88,-0002.93,+0000.84,+0001.91,-0014.01
+1580774325.78,+0004.88,-0005.86,-0002.93,+0001.61,-0000.54,-0011.79
+1580774325.78,+0003.91,-0005.86,-0003.91,-0001.53,+0001.53,-0011.41
+1580774325.79,+0000.00,-0005.86,-0003.91,+0001.30,+0001.38,-0011.03
+1580774325.79,-0000.98,-0006.84,-0004.88,+0001.99,+0001.15,-0009.80
+1580774325.80,-0002.93,-0006.84,-0005.86,-0001.84,-0001.23,-0008.42
+1580774325.80,+0000.00,-0007.81,-0005.86,+0001.23,-0001.68,-0006.20
+1580774325.81,-0003.91,-0005.86,-0005.86,-0000.61,-0000.84,-0011.64
+1580774325.81,-0005.86,-0005.86,-0004.88,+0001.99,-0002.91,-0011.41
+1580774325.82,+0001.95,-0006.84,-0004.88,-0001.53,-0000.77,-0013.48
+1580774325.82,+0000.98,-0006.84,-0005.86,+0000.61,-0001.76,-0012.63
+1580774325.83,+0003.91,-0004.88,-0006.84,-0001.61,-0001.53,-0010.80
+1580774325.83,+0003.91,-0005.86,-0007.81,-0000.08,-0003.14,-0009.34
+1580774325.84,+0009.77,-0005.86,-0007.81,-0001.23,-0003.98,-0007.96
+1580774325.84,+0009.77,-0004.88,-0006.84,-0001.30,-0005.82,-0006.05
+1580774325.85,+0019.53,-0004.88,-0006.84,-0001.15,-0005.74,+0004.44
+1580774325.85,+0011.72,-0002.93,-0006.84,+0005.05,+0012.63,-0018.07
+1580774325.86,-0008.79,-0001.95,-0003.91,-0003.75,-0005.28,-0013.93
+1580774325.86,+0022.46,-0001.95,-0001.95,-0003.60,+0000.69,-0019.29
+1580774325.87,+0018.55,-0005.86,-0002.93,-0001.76,+0003.83,-0012.17
+1580774325.87,+0002.93,+0000.98,-0003.91,+0004.90,+0003.52,-0004.13
+1580774325.88,-0003.91,-0000.98,-0002.93,+0002.76,-0001.45,-0015.70
+1580774325.88,+0009.77,-0001.95,-0000.98,-0001.68,-0000.61,-0005.97
+1580774325.89,+0017.58,-0002.93,-0002.93,-0002.68,+0002.91,-0006.89
+1580774325.89,-0000.98,+0000.98,-0003.91,+0000.23,+0002.53,-0004.29
+1580774325.90,+0000.00,-0000.98,-0003.91,+0003.22,+0000.15,-0011.33
+1580774325.90,+0007.81,-0000.98,-0001.95,-0001.45,-0001.76,-0008.35
+1580774325.91,+0011.72,-0000.98,-0000.98,-0000.31,+0000.61,-0003.37
+1580774325.91,+0003.91,+0001.95,-0000.98,-0001.91,-0002.22,-0007.96
+1580774325.92,+0003.91,+0001.95,-0000.98,+0002.99,-0003.68,-0007.35
+1580774325.92,+0012.70,+0000.98,+0000.00,-0001.91,-0000.69,-0010.11
+1580774325.93,+0008.79,+0000.98,-0000.98,+0001.00,-0000.54,-0007.43
+1580774325.93,+0005.86,+0004.88,-0000.98,-0001.61,-0000.69,-0012.25
+1580774325.94,+0005.86,+0003.91,+0000.00,+0001.45,-0001.91,-0012.25
+1580774325.94,+0009.77,+0003.91,+0000.98,-0000.84,-0000.15,-0011.03
+1580774325.95,+0007.81,+0005.86,+0001.95,+0000.46,-0000.69,-0011.33
+1580774325.95,+0004.88,+0007.81,+0002.93,-0000.38,+0001.30,-0009.88
+1580774325.96,+0005.86,+0006.84,+0002.93,+0001.23,-0001.84,-0009.65
+1580774325.96,+0007.81,+0007.81,+0002.93,-0000.84,-0000.15,-0007.20
+1580774325.97,+0004.88,+0008.79,+0002.93,+0000.84,-0000.08,-0008.96
+1580774325.97,-0000.98,+0009.77,+0003.91,+0000.38,-0000.23,-0012.33
+1580774325.98,+0002.93,+0009.77,+0003.91,+0000.00,+0000.46,-0011.41
+1580774325.98,+0004.88,+0009.77,+0004.88,+0000.46,-0000.08,-0011.71
+1580774325.99,-0000.98,+0010.74,+0004.88,-0000.77,-0000.38,-0010.18
+1580774325.99,-0001.95,+0010.74,+0004.88,-0000.15,+0000.54,-0012.17
+1580774326.00,-0001.95,+0010.74,+0004.88,+0001.23,+0000.00,-0011.79
+1580774326.00,+0000.00,+0010.74,+0004.88,+0000.08,+0001.15,-0009.72
+1580774326.01,-0000.98,+0010.74,+0004.88,-0001.53,-0000.38,-0009.88
+1580774326.01,-0002.93,+0010.74,+0003.91,-0001.23,-0000.15,-0008.19
+1580774326.02,+0000.00,+0010.74,+0003.91,+0000.46,-0000.77,-0009.11
+1580774326.02,+0000.98,+0010.74,+0003.91,-0000.46,+0000.61,-0009.65
+1580774326.03,-0001.95,+0010.74,+0003.91,-0000.31,-0001.00,-0009.26
+1580774326.03,-0000.98,+0009.77,+0002.93,-0002.60,-0002.22,-0007.66
+1580774326.04,-0000.98,+0009.77,+0002.93,-0000.92,+0002.30,-0011.94
+1580774326.04,-0006.84,+0008.79,+0002.93,-0000.54,+0000.46,-0010.57
+1580774326.05,-0004.88,+0008.79,+0002.93,-0000.23,+0000.23,-0011.71
+1580774326.05,-0005.86,+0007.81,+0002.93,-0000.54,+0001.23,-0010.18
+1580774326.06,-0006.84,+0007.81,+0001.95,-0001.84,+0001.30,-0009.88
+1580774326.06,-0008.79,+0006.84,+0000.98,-0002.14,+0001.76,-0011.25
+1580774326.07,-0008.79,+0005.86,+0000.98,-0001.15,-0000.08,-0010.26
+1580774326.07,-0005.86,+0004.88,+0000.00,-0000.38,+0000.15,-0008.58
+1580774326.08,-0005.86,+0003.91,-0000.98,-0001.07,+0000.54,-0009.26
+1580774326.08,-0005.86,+0003.91,-0000.98,-0002.60,-0002.22,-0008.04
+1580774326.09,-0001.95,+0002.93,-0001.95,-0001.91,+0000.15,-0008.96
+1580774326.09,-0001.95,+0002.93,-0002.93,-0000.23,-0000.46,-0008.96
+1580774326.10,-0003.91,+0002.93,-0003.91,-0001.00,-0000.46,-0010.11
+1580774326.10,-0004.88,+0002.93,-0003.91,-0000.54,+0001.38,-0011.94
+1580774326.11,-0005.86,+0001.95,-0003.91,-0001.15,-0000.46,-0012.71
+1580774326.11,-0003.91,+0000.98,-0004.88,-0002.14,+0001.07,-0011.87
+1580774326.12,-0004.88,+0000.98,-0005.86,-0002.14,+0000.23,-0012.40
+1580774326.12,-0006.84,+0000.00,-0005.86,-0003.37,-0000.31,-0011.56
+1580774326.13,-0001.95,-0000.98,-0006.84,-0002.53,+0000.38,-0010.03
+1580774326.13,-0000.98,-0001.95,-0007.81,-0001.61,+0000.46,-0010.41
+1580774326.14,-0000.98,-0001.95,-0008.79,-0000.15,+0000.15,-0011.03
+1580774326.14,-0000.98,-0001.95,-0009.77,-0000.46,-0002.22,-0012.56
+1580774326.15,+0002.93,-0002.93,-0009.77,-0001.91,-0002.22,-0011.10
+1580774326.15,+0002.93,-0003.91,-0010.74,-0001.38,+0000.08,-0011.48
+1580774326.16,+0000.00,-0002.93,-0010.74,-0001.38,+0000.54,-0009.11
+1580774326.16,+0000.98,-0002.93,-0010.74,-0002.68,+0000.92,-0010.41
+1580774326.17,+0000.98,-0004.88,-0011.72,-0000.92,+0000.15,-0008.12
+1580774326.17,+0000.98,-0003.91,-0011.72,-0000.69,+0000.38,-0007.66
+1580774326.18,-0002.93,-0004.88,-0012.70,+0000.69,+0000.46,-0008.12
+1580774326.18,-0003.91,-0004.88,-0012.70,+0000.46,+0000.15,-0008.04
+1580774326.19,-0002.93,-0005.86,-0012.70,+0000.23,-0000.61,-0009.26
+1580774326.19,-0003.91,-0004.88,-0012.70,-0001.23,+0000.15,-0008.65
+1580774326.20,-0005.86,-0004.88,-0011.72,-0001.15,-0000.08,-0010.03
+1580774326.20,-0006.84,-0004.88,-0011.72,-0002.14,-0001.00,-0009.80
+1580774326.21,-0005.86,-0004.88,-0011.72,-0000.54,+0001.23,-0009.26
+1580774326.21,-0007.81,-0004.88,-0012.70,+0000.15,-0000.38,-0010.57
+1580774326.22,-0006.84,-0004.88,-0012.70,-0000.08,-0000.92,-0010.57
+1580774326.22,-0004.88,-0005.86,-0013.67,+0000.08,-0001.68,-0010.03
+1580774326.23,-0003.91,-0004.88,-0013.67,-0001.68,-0000.77,-0008.35
+1580774326.23,-0005.86,-0003.91,-0013.67,-0003.37,+0000.61,-0010.34
+1580774326.24,-0006.84,-0003.91,-0012.70,-0001.68,-0000.54,-0011.48
+1580774326.24,-0001.95,-0003.91,-0012.70,-0002.14,-0001.68,-0010.64
+1580774326.25,+0000.98,-0002.93,-0012.70,+0001.45,+0000.69,-0010.11
+1580774326.25,-0005.86,-0000.98,-0011.72,+0001.61,-0000.46,-0010.26
+1580774326.26,-0003.91,-0000.98,-0011.72,+0001.00,-0002.07,-0008.96
+1580774326.26,-0000.98,-0001.95,-0010.74,-0002.37,-0001.68,-0009.26
+1580774326.27,-0001.95,-0000.98,-0009.77,-0001.68,-0000.38,-0006.12
+1580774326.27,-0001.95,+0000.00,-0009.77,-0001.61,+0002.07,-0010.41
+1580774326.28,-0006.84,-0000.98,-0009.77,-0002.53,+0000.46,-0012.63
+1580774326.28,+0000.00,-0000.98,-0009.77,+0001.99,+0001.38,-0013.48
+1580774326.29,-0001.95,-0000.98,-0008.79,+0002.30,+0000.15,-0011.33
+1580774326.29,-0004.88,+0000.00,-0008.79,+0001.61,-0001.61,-0008.27
+1580774326.30,-0004.88,+0000.00,-0008.79,-0002.30,-0001.45,-0009.72
+1580774326.30,-0001.95,-0000.98,-0007.81,-0001.15,-0001.23,-0007.27
+1580774326.31,+0000.98,-0000.98,-0007.81,-0003.06,+0002.07,-0007.04
+1580774326.31,-0005.86,+0000.00,-0007.81,+0000.46,-0000.15,-0009.26
+1580774326.32,-0004.88,+0000.00,-0006.84,+0003.22,-0001.15,-0012.56
+1580774326.32,-0001.95,-0000.98,-0007.81,+0000.00,-0001.23,-0011.87
+1580774326.33,+0002.93,-0001.95,-0007.81,+0001.30,-0003.22,-0004.82
+1580774326.33,-0003.91,-0000.98,-0008.79,-0003.22,+0000.00,-0010.95
+1580774326.34,-0007.81,-0000.98,-0006.84,-0000.84,-0004.59,-0008.27
+1580774326.34,+0006.84,-0001.95,-0006.84,-0003.90,+0000.08,-0009.80
+1580774326.35,+0001.95,-0001.95,-0007.81,+0000.15,+0003.68,-0009.88
+1580774326.35,-0006.84,+0000.00,-0007.81,-0000.23,-0000.92,-0013.17
+1580774326.36,+0001.95,-0001.95,-0007.81,+0003.37,-0000.31,-0014.32
+1580774326.36,+0004.88,-0001.95,-0006.84,-0000.84,-0002.14,-0009.88
+1580774326.37,+0001.95,+0000.00,-0007.81,-0002.30,+0000.00,-0010.87
+1580774326.37,-0002.93,+0000.00,-0006.84,-0002.68,-0001.91,-0010.34
+1580774326.38,+0001.95,-0000.98,-0006.84,-0001.68,+0000.92,-0009.19
+1580774326.38,+0004.88,-0000.98,-0006.84,-0002.53,+0000.08,-0011.64
+1580774326.39,+0001.95,+0000.00,-0006.84,-0000.46,-0000.61,-0009.49
+1580774326.39,+0000.98,-0000.98,-0006.84,+0000.61,-0000.61,-0010.87
+1580774326.40,+0002.93,-0001.95,-0006.84,+0001.23,-0001.53,-0009.42
+1580774326.40,+0004.88,-0001.95,-0006.84,+0000.08,-0000.38,-0009.11
+1580774326.41,+0001.95,-0001.95,-0007.81,-0002.60,-0001.99,-0008.73
+1580774326.41,+0002.93,-0001.95,-0006.84,-0001.53,-0001.53,-0009.19
+1580774326.42,+0003.91,-0002.93,-0006.84,-0002.45,-0001.15,-0009.34
+1580774326.42,+0002.93,-0002.93,-0006.84,+0001.38,-0000.31,-0009.11
+1580774326.43,+0000.00,-0002.93,-0006.84,+0001.38,+0000.38,-0010.95
+1580774326.43,-0002.93,-0002.93,-0006.84,+0001.53,-0000.46,-0010.95
+1580774326.44,-0001.95,-0003.91,-0006.84,-0000.23,+0001.61,-0012.17
+1580774326.44,-0005.86,-0004.88,-0006.84,-0002.53,+0001.91,-0010.49
+1580774326.45,-0009.77,-0004.88,-0006.84,-0002.30,+0002.68,-0012.40
+1580774326.45,-0011.72,-0006.84,-0006.84,-0003.06,+0001.15,-0013.09
+1580774326.46,-0008.79,-0007.81,-0006.84,+0002.30,+0001.15,-0012.17
+1580774326.46,-0011.72,-0006.84,-0006.84,+0002.22,+0001.15,-0011.87
+1580774326.47,-0012.70,-0006.84,-0006.84,+0001.00,-0001.23,-0009.49
+1580774326.47,-0008.79,-0007.81,-0006.84,-0000.46,-0001.91,-0007.81
+1580774326.48,-0006.84,-0008.79,-0006.84,-0003.22,-0001.45,-0006.35
+1580774326.48,-0003.91,-0008.79,-0007.81,-0002.07,-0001.30,-0008.12
+1580774326.49,-0002.93,-0008.79,-0007.81,+0000.00,-0001.68,-0010.03
+1580774326.49,+0000.00,-0008.79,-0007.81,+0002.30,-0003.06,-0012.17
+1580774326.50,+0001.95,-0009.77,-0007.81,+0000.69,-0002.07,-0011.94
+1580774326.50,+0001.95,-0008.79,-0007.81,-0000.77,-0003.06,-0009.72
+1580774326.51,+0002.93,-0008.79,-0006.84,-0002.76,-0000.77,-0008.42
+1580774326.51,+0000.00,-0008.79,-0006.84,-0001.68,-0001.15,-0008.80
+1580774326.52,+0001.95,-0008.79,-0005.86,-0000.38,+0000.46,-0009.95
+1580774326.52,-0000.98,-0008.79,-0005.86,+0001.30,+0003.22,-0011.79
+1580774326.53,-0001.95,-0009.77,-0004.88,+0002.07,+0001.45,-0009.57
+1580774326.53,-0004.88,-0009.77,-0004.88,+0001.68,+0000.61,-0012.63
+1580774326.54,-0006.84,-0009.77,-0004.88,-0000.38,-0002.14,-0009.88
+1580774326.54,-0001.95,-0010.74,-0004.88,-0002.76,+0000.31,-0008.27
+1580774326.55,-0006.84,-0010.74,-0004.88,-0003.14,-0000.69,-0007.04
+1580774326.55,-0006.84,-0010.74,-0004.88,-0001.61,+0000.54,-0009.19
+1580774326.56,-0006.84,-0011.72,-0004.88,-0000.15,+0000.54,-0012.48
+1580774326.56,-0004.88,-0011.72,-0003.91,+0002.53,-0002.30,-0010.87
+1580774326.57,-0000.98,-0010.74,-0004.88,+0000.92,-0001.61,-0010.80
+1580774326.57,-0003.91,-0010.74,-0004.88,-0000.31,-0001.53,-0007.81
+1580774326.58,-0004.88,-0010.74,-0003.91,-0002.60,-0001.99,-0007.27
+1580774326.58,-0001.95,-0010.74,-0003.91,-0003.52,+0000.38,-0009.49
+1580774326.59,-0001.95,-0010.74,-0003.91,-0001.99,+0001.00,-0010.18
+1580774326.59,-0002.93,-0009.77,-0003.91,-0000.69,-0000.23,-0014.16
+1580774326.60,+0000.98,-0010.74,-0003.91,+0003.06,+0000.77,-0011.18
+1580774326.60,+0000.00,-0009.77,-0003.91,+0002.99,-0000.08,-0013.17
+1580774326.61,-0001.95,-0008.79,-0002.93,+0000.69,-0004.98,-0006.58
+1580774326.61,+0002.93,-0007.81,-0002.93,+0002.45,+0001.61,-0009.49
+1580774326.62,-0003.91,-0008.79,-0000.98,-0000.23,-0003.22,-0006.12
+1580774326.62,+0003.91,-0006.84,-0000.98,-0003.60,+0001.99,-0010.11
+1580774326.63,+0000.98,-0008.79,-0000.98,-0000.77,+0000.46,-0012.40
+1580774326.63,+0001.95,-0006.84,+0000.00,+0002.45,-0000.15,-0011.48
+1580774326.64,+0001.95,-0007.81,+0000.00,+0003.83,-0002.07,-0011.87
+1580774326.64,+0001.95,-0006.84,+0000.00,+0001.99,-0002.14,-0008.58
+1580774326.65,+0002.93,-0006.84,+0000.00,+0000.23,-0000.23,-0009.34
+1580774326.65,+0000.98,-0005.86,+0000.98,-0003.45,-0000.23,-0007.89
+1580774326.66,+0001.95,-0006.84,+0001.95,-0003.06,+0000.77,-0009.19
+1580774326.66,+0001.95,-0005.86,+0001.95,-0002.68,-0000.08,-0011.48
+1580774326.67,+0001.95,-0005.86,+0001.95,+0000.84,-0000.38,-0011.71
+1580774326.67,+0000.98,-0005.86,+0001.95,+0002.53,+0000.00,-0012.63
+1580774326.68,+0000.98,-0005.86,+0001.95,+0003.29,-0001.23,-0010.87
+1580774326.68,+0001.95,-0004.88,+0001.95,+0003.06,-0001.23,-0010.26
+1580774326.69,+0000.00,-0004.88,+0002.93,-0001.84,-0000.69,-0007.04
+1580774326.69,+0000.00,-0003.91,+0002.93,-0002.30,-0001.23,-0006.66
+1580774326.70,+0001.95,-0003.91,+0003.91,-0002.91,-0000.38,-0006.51
+1580774326.70,+0000.98,-0003.91,+0003.91,-0000.69,+0000.00,-0009.72
+1580774326.71,-0001.95,-0003.91,+0003.91,+0002.30,-0001.53,-0010.41
+1580774326.71,+0000.00,-0003.91,+0004.88,+0001.68,-0000.31,-0011.41
+1580774326.72,-0000.98,-0003.91,+0004.88,+0003.45,-0001.07,-0012.40
+1580774326.72,-0001.95,-0002.93,+0004.88,+0001.38,-0000.77,-0011.56
+1580774326.73,-0002.93,-0002.93,+0004.88,-0002.14,-0001.00,-0010.41
+1580774326.73,-0001.95,-0003.91,+0005.86,-0002.60,-0001.53,-0008.88
+1580774326.74,-0003.91,-0002.93,+0005.86,-0002.30,+0000.84,-0008.19
+1580774326.74,-0006.84,-0002.93,+0005.86,+0000.15,+0000.54,-0008.73
+1580774326.75,-0005.86,-0002.93,+0005.86,+0001.45,+0000.46,-0010.11
+1580774326.75,-0005.86,-0003.91,+0005.86,+0002.37,-0000.38,-0009.88
+1580774326.76,-0004.88,-0003.91,+0005.86,-0000.08,-0001.91,-0008.88
+1580774326.76,-0005.86,-0002.93,+0005.86,-0001.53,-0001.15,-0009.65
+1580774326.77,-0006.84,-0002.93,+0006.84,-0003.75,-0001.07,-0009.72
+1580774326.77,-0004.88,-0002.93,+0006.84,-0002.68,+0002.37,-0011.87
+1580774326.78,-0004.88,-0002.93,+0006.84,-0000.46,+0000.61,-0012.48
+1580774326.78,-0004.88,-0001.95,+0006.84,+0001.30,+0000.08,-0014.09
+1580774326.79,-0005.86,-0001.95,+0006.84,+0002.45,+0000.38,-0013.93
+1580774326.79,-0002.93,-0002.93,+0005.86,+0002.22,-0000.54,-0010.72
+1580774326.80,-0004.88,-0002.93,+0006.84,+0001.15,+0000.92,-0011.64
+1580774326.80,-0009.77,-0001.95,+0006.84,-0000.38,-0001.84,-0012.10
+1580774326.81,+0006.84,-0003.91,+0006.84,-0001.84,+0004.75,-0007.35
+1580774326.81,-0003.91,-0002.93,+0006.84,-0003.75,+0003.75,-0012.94
+1580774326.82,-0011.72,-0001.95,+0007.81,-0003.98,-0007.43,-0002.76
+1580774326.82,+0007.81,-0002.93,+0007.81,+0002.68,+0000.92,-0013.32
+1580774326.83,+0000.98,-0003.91,+0007.81,+0006.28,-0002.53,-0001.00
+1580774326.83,-0002.93,-0000.98,+0007.81,+0002.76,+0001.38,-0011.71
+1580774326.84,-0008.79,-0002.93,+0008.79,-0001.23,-0002.07,-0015.47
+1580774326.84,+0001.95,-0002.93,+0008.79,-0006.89,-0001.15,-0009.26
+1580774326.85,+0007.81,-0004.88,+0007.81,+0000.38,+0002.83,-0010.41
+1580774326.85,-0003.91,-0001.95,+0006.84,-0004.36,-0000.15,-0006.43
+1580774326.86,-0004.88,-0002.93,+0007.81,-0001.00,+0000.08,-0011.87
+1580774326.86,+0001.95,-0003.91,+0008.79,+0000.92,+0000.08,-0012.56
+1580774326.87,+0003.91,-0003.91,+0007.81,+0002.99,+0001.23,-0011.10
+1580774326.87,-0001.95,-0002.93,+0007.81,+0000.84,-0000.46,-0012.94
+1580774326.88,+0000.00,-0001.95,+0007.81,-0002.07,-0002.14,-0010.11
+1580774326.88,+0006.84,-0003.91,+0007.81,-0001.00,-0000.46,-0010.87
+1580774326.89,+0003.91,-0002.93,+0007.81,-0003.37,-0001.23,-0007.81
+1580774326.89,+0002.93,-0000.98,+0007.81,-0001.23,-0000.38,-0008.27
+1580774326.90,+0002.93,-0000.98,+0008.79,-0000.23,-0000.92,-0009.88
+1580774326.90,+0005.86,-0000.98,+0009.77,+0001.30,+0000.92,-0009.95
+1580774326.91,+0003.91,+0000.00,+0009.77,+0001.53,+0000.61,-0012.25
+1580774326.91,+0003.91,+0000.00,+0010.74,+0003.60,-0001.45,-0010.18
+1580774326.92,+0004.88,+0000.98,+0010.74,-0002.45,-0000.23,-0009.19
+1580774326.92,+0001.95,+0000.98,+0010.74,+0002.14,-0002.07,-0004.90
+1580774326.93,+0000.98,+0001.95,+0011.72,-0001.76,+0000.15,-0007.43
+1580774326.93,-0000.98,+0001.95,+0011.72,-0000.46,-0001.61,-0007.27
+1580774326.94,+0000.00,+0001.95,+0011.72,-0001.00,+0001.45,-0008.73
+1580774326.94,-0001.95,+0002.93,+0012.70,+0001.07,+0000.77,-0009.42
+1580774326.95,-0004.88,+0003.91,+0012.70,+0001.68,+0000.38,-0010.87
+1580774326.95,-0003.91,+0003.91,+0013.67,+0003.22,-0001.15,-0010.87
+1580774326.96,-0004.88,+0003.91,+0014.65,+0001.68,-0001.84,-0008.42
+1580774326.96,-0004.88,+0004.88,+0014.65,+0002.99,+0000.08,-0009.19
+1580774326.97,-0007.81,+0004.88,+0014.65,+0001.23,-0001.23,-0010.26
+1580774326.97,-0006.84,+0004.88,+0015.62,-0004.44,+0001.91,-0013.55
+1580774326.98,-0005.86,+0003.91,+0014.65,-0001.45,-0002.53,-0013.17
+1580774326.98,+0000.00,+0004.88,+0014.65,-0001.84,+0003.52,-0017.69
+1580774326.99,-0003.91,+0004.88,+0014.65,+0001.07,-0002.83,-0011.10
+1580774326.99,+0001.95,+0004.88,+0014.65,+0003.37,+0000.00,-0012.10
+1580774327.00,-0001.95,+0006.84,+0015.62,+0002.07,+0001.45,-0015.62
+1580774327.00,+0001.95,+0006.84,+0016.60,+0003.52,-0001.00,-0008.88
+1580774327.01,+0004.88,+0007.81,+0016.60,-0001.30,-0000.84,-0008.80
+1580774327.01,+0000.98,+0007.81,+0015.62,+0001.15,-0003.37,-0004.29
+1580774327.02,+0002.93,+0007.81,+0016.60,-0001.45,+0000.38,-0011.87
+1580774327.02,-0000.98,+0007.81,+0017.58,-0001.38,-0002.14,-0008.35
+1580774327.03,+0008.79,+0008.79,+0018.55,-0000.08,-0000.15,-0007.73
+1580774327.03,+0006.84,+0008.79,+0018.55,-0000.54,+0002.22,-0009.88
+1580774327.04,+0000.00,+0009.77,+0018.55,+0001.38,+0000.69,-0009.42
+1580774327.04,+0001.95,+0008.79,+0019.53,+0002.22,-0000.38,-0013.70
+1580774327.05,+0003.91,+0007.81,+0020.51,+0003.29,-0001.00,-0010.18
+1580774327.05,+0004.88,+0008.79,+0019.53,+0001.00,-0001.00,-0011.03
+1580774327.06,-0001.95,+0009.77,+0019.53,-0001.07,-0001.45,-0009.88
+1580774327.06,+0000.98,+0007.81,+0019.53,-0000.77,-0000.15,-0010.57
+1580774327.07,+0000.98,+0006.84,+0019.53,-0003.52,+0000.77,-0012.40
+1580774327.07,-0001.95,+0008.79,+0019.53,-0001.68,+0000.77,-0010.80
+1580774327.08,-0001.95,+0007.81,+0018.55,-0000.15,+0001.23,-0012.25
+1580774327.08,-0002.93,+0007.81,+0018.55,+0000.38,-0000.15,-0010.34
+1580774327.09,+0000.00,+0007.81,+0018.55,+0002.53,+0001.07,-0010.87
+1580774327.09,-0002.93,+0007.81,+0018.55,+0001.00,-0001.84,-0010.03
+1580774327.10,-0001.95,+0007.81,+0017.58,+0001.84,-0001.61,-0010.26
+1580774327.10,+0000.98,+0007.81,+0017.58,-0000.61,-0002.30,-0009.42
+1580774327.11,+0001.95,+0007.81,+0018.55,-0002.99,-0001.53,-0007.96
+1580774327.11,+0002.93,+0008.79,+0018.55,-0000.77,+0000.92,-0009.42
+1580774327.12,+0000.00,+0009.77,+0018.55,-0000.46,-0000.31,-0011.41
+1580774327.12,+0006.84,+0007.81,+0017.58,+0004.59,+0001.30,-0011.79
+1580774327.13,+0006.84,+0007.81,+0017.58,+0000.23,+0000.00,-0010.72
+1580774327.13,+0002.93,+0007.81,+0017.58,+0002.99,-0002.53,-0007.89
+1580774327.14,+0006.84,+0007.81,+0017.58,-0001.07,-0000.92,-0011.33
+1580774327.14,+0005.86,+0005.86,+0017.58,-0001.99,-0000.69,-0009.49
+1580774327.15,+0005.86,+0006.84,+0017.58,-0001.84,+0001.00,-0011.41
+1580774327.15,+0003.91,+0005.86,+0017.58,-0000.31,+0001.23,-0011.10
+1580774327.16,+0005.86,+0004.88,+0016.60,+0000.84,+0003.37,-0012.25
+1580774327.16,+0002.93,+0002.93,+0015.62,+0002.07,-0000.15,-0009.88
+1580774327.17,+0001.95,+0002.93,+0015.62,+0000.61,+0002.14,-0010.41
+1580774327.17,+0000.00,+0001.95,+0015.62,+0001.38,+0001.30,-0011.87
+1580774327.18,-0000.98,+0000.00,+0015.62,-0001.00,+0002.07,-0009.65
+1580774327.18,+0000.00,+0000.00,+0013.67,-0003.52,+0000.23,-0009.26
+1580774327.19,-0000.98,-0001.95,+0012.70,-0002.14,+0000.54,-0008.50
+1580774327.19,-0001.95,-0001.95,+0011.72,-0002.30,+0001.68,-0010.18
+1580774327.20,-0003.91,-0002.93,+0010.74,+0000.61,+0000.00,-0010.11
+1580774327.20,-0001.95,-0003.91,+0009.77,+0000.00,-0000.46,-0008.27
+1580774327.21,+0000.00,-0003.91,+0008.79,+0003.37,+0000.54,-0008.27
+1580774327.21,-0003.91,-0003.91,+0008.79,-0001.45,-0002.83,-0005.74
+1580774327.22,+0000.00,-0003.91,+0009.77,-0000.69,-0001.00,-0008.04
+1580774327.22,-0000.98,-0003.91,+0009.77,-0002.14,-0001.23,-0008.80
+1580774327.23,+0000.98,-0003.91,+0008.79,-0000.92,-0000.31,-0011.10
+1580774327.23,+0000.98,-0004.88,+0007.81,+0000.46,-0000.77,-0011.10
+1580774327.24,+0001.95,-0004.88,+0006.84,-0000.23,-0000.54,-0011.18
+1580774327.24,+0002.93,-0005.86,+0005.86,-0001.30,-0001.61,-0012.33
+1580774327.25,+0004.88,-0004.88,+0005.86,-0002.76,-0000.77,-0011.03
+1580774327.25,+0003.91,-0004.88,+0005.86,-0000.54,-0001.07,-0010.87
+1580774327.26,+0002.93,-0004.88,+0005.86,+0000.38,-0000.92,-0009.34
+1580774327.26,+0002.93,-0004.88,+0005.86,+0000.61,-0000.23,-0009.49
+1580774327.27,+0001.95,-0004.88,+0004.88,-0000.46,-0001.30,-0007.96
+1580774327.27,+0000.98,-0004.88,+0003.91,-0000.46,+0000.31,-0007.35
+1580774327.28,-0000.98,-0004.88,+0003.91,-0001.38,+0000.08,-0008.35
+1580774327.28,-0003.91,-0004.88,+0004.88,-0001.07,-0000.31,-0009.95
+1580774327.29,-0003.91,-0004.88,+0004.88,-0000.23,+0000.92,-0011.33
+1580774327.29,-0004.88,-0004.88,+0004.88,+0000.15,+0002.30,-0011.71
+1580774327.30,-0007.81,-0004.88,+0003.91,+0000.46,+0001.00,-0011.56
+1580774327.30,-0008.79,-0004.88,+0003.91,-0000.69,+0000.00,-0010.64
+1580774327.31,-0006.84,-0005.86,+0002.93,-0002.30,-0000.54,-0009.57
+1580774327.31,-0007.81,-0004.88,+0001.95,-0001.30,+0000.69,-0009.57
+1580774327.32,-0006.84,-0003.91,+0001.95,+0000.31,-0001.23,-0009.34
+1580774327.32,-0002.93,-0003.91,+0001.95,+0000.08,-0000.84,-0009.49
+1580774327.33,-0004.88,-0003.91,+0001.95,+0000.23,-0000.46,-0010.11
+1580774327.33,-0002.93,-0001.95,+0002.93,-0000.46,-0001.61,-0011.71
+1580774327.34,+0000.98,-0001.95,+0002.93,-0002.07,-0001.45,-0011.25
+1580774327.34,+0001.95,-0000.98,+0002.93,-0000.61,-0000.69,-0009.57
+1580774327.35,+0000.00,+0000.98,+0002.93,-0000.08,-0001.07,-0011.25
+1580774327.35,+0001.95,+0000.98,+0003.91,+0002.14,-0000.38,-0009.95
+1580774327.36,+0003.91,+0000.98,+0003.91,+0000.54,+0000.77,-0012.71
+1580774327.36,+0002.93,+0001.95,+0003.91,+0000.92,-0001.30,-0010.03
+1580774327.37,+0003.91,+0002.93,+0004.88,+0000.54,-0000.15,-0008.65
+1580774327.37,+0000.98,+0002.93,+0004.88,-0002.68,-0001.30,-0010.80
+1580774327.38,+0002.93,+0003.91,+0004.88,+0000.31,-0001.23,-0010.41
+1580774327.38,+0004.88,+0004.88,+0005.86,-0000.61,+0001.00,-0009.95
+1580774327.39,+0000.98,+0005.86,+0005.86,+0001.15,+0000.69,-0010.57
+1580774327.39,+0000.00,+0005.86,+0006.84,+0001.30,-0000.69,-0010.95
+1580774327.40,+0001.95,+0005.86,+0006.84,-0000.77,+0000.15,-0010.11
+1580774327.40,+0000.98,+0006.84,+0006.84,-0000.15,+0000.54,-0007.81
+1580774327.41,-0000.98,+0007.81,+0006.84,-0001.91,-0000.38,-0009.34
+1580774327.41,-0000.98,+0006.84,+0006.84,+0000.00,-0000.54,-0010.18
+1580774327.42,+0000.00,+0007.81,+0006.84,+0001.15,-0001.07,-0010.18
+1580774327.42,-0000.98,+0008.79,+0006.84,+0000.38,-0000.77,-0010.18
+1580774327.43,-0000.98,+0008.79,+0006.84,+0000.38,-0002.53,-0010.72
+1580774327.43,+0001.95,+0008.79,+0007.81,-0002.30,-0001.15,-0011.18
+1580774327.44,+0001.95,+0008.79,+0006.84,-0001.00,-0001.91,-0010.49
+1580774327.44,+0000.98,+0009.77,+0007.81,+0000.38,-0001.38,-0013.02
+1580774327.45,+0001.95,+0009.77,+0006.84,+0001.91,-0000.46,-0012.48
+1580774327.45,+0003.91,+0008.79,+0007.81,+0000.46,+0001.23,-0012.63
+1580774327.46,+0004.88,+0009.77,+0006.84,-0002.53,-0001.30,-0008.50
+1580774327.46,+0004.88,+0009.77,+0006.84,-0002.14,-0000.15,-0008.80
+1580774327.47,+0003.91,+0008.79,+0006.84,-0001.76,-0001.00,-0008.19
+1580774327.47,+0004.88,+0009.77,+0006.84,+0001.91,-0000.15,-0009.26
+1580774327.48,+0002.93,+0008.79,+0006.84,+0004.36,-0001.45,-0009.03
+1580774327.48,+0002.93,+0008.79,+0007.81,+0000.00,+0000.08,-0009.19
+1580774327.49,+0000.98,+0008.79,+0007.81,+0000.69,-0000.77,-0008.58
+1580774327.49,+0000.98,+0008.79,+0007.81,-0002.14,+0000.38,-0009.11
+1580774327.50,+0000.00,+0007.81,+0006.84,-0001.45,+0001.07,-0010.64
+1580774327.50,-0000.98,+0007.81,+0006.84,+0000.61,-0000.61,-0010.80
+1580774327.51,-0000.98,+0006.84,+0005.86,+0001.68,+0000.31,-0011.10
+1580774327.51,-0000.98,+0005.86,+0004.88,-0000.77,-0001.00,-0008.58
+1580774327.52,-0000.98,+0004.88,+0004.88,-0002.14,-0000.69,-0008.19
+1580774327.52,-0000.98,+0004.88,+0004.88,-0003.52,-0001.38,-0008.04
+1580774327.53,-0000.98,+0004.88,+0003.91,+0000.08,-0000.38,-0008.73
+1580774327.53,-0000.98,+0003.91,+0004.88,+0001.38,-0000.54,-0009.26
+1580774327.54,-0000.98,+0003.91,+0003.91,+0001.53,-0001.53,-0008.27
+1580774327.54,-0002.93,+0003.91,+0003.91,+0000.38,-0000.46,-0008.35
+1580774327.55,-0003.91,+0003.91,+0002.93,-0001.53,-0001.61,-0010.11
+1580774327.55,-0002.93,+0002.93,+0002.93,-0001.23,+0000.38,-0010.95
+1580774327.56,-0002.93,+0003.91,+0002.93,-0000.69,+0000.92,-0011.56
+1580774327.56,-0004.88,+0003.91,+0003.91,+0001.53,+0000.31,-0012.48
+1580774327.57,-0005.86,+0003.91,+0003.91,+0001.07,-0000.08,-0011.87
+1580774327.57,-0002.93,+0002.93,+0003.91,+0000.00,-0001.30,-0009.26
+1580774327.58,-0003.91,+0002.93,+0002.93,-0001.23,-0001.07,-0008.04
+1580774327.58,-0004.88,+0002.93,+0002.93,-0001.99,+0000.00,-0008.04
+1580774327.59,-0003.91,+0002.93,+0002.93,-0000.84,-0001.53,-0009.34
+1580774327.59,-0001.95,+0001.95,+0002.93,+0001.53,+0000.00,-0010.57
+1580774327.60,-0001.95,+0002.93,+0002.93,+0000.31,-0002.14,-0011.94
+1580774327.60,-0001.95,+0002.93,+0002.93,-0000.23,-0001.91,-0010.80
+1580774327.61,+0001.95,+0001.95,+0002.93,-0002.14,-0000.38,-0010.26
+1580774327.61,+0000.98,+0001.95,+0002.93,-0001.15,-0000.54,-0009.80
+1580774327.62,-0001.95,+0002.93,+0002.93,-0000.38,-0001.23,-0011.87
+1580774327.62,-0000.98,+0002.93,+0002.93,+0000.00,-0001.00,-0012.33
+1580774327.63,+0004.88,+0001.95,+0002.93,+0001.07,-0001.68,-0010.18
+1580774327.63,+0001.95,+0002.93,+0002.93,+0000.38,+0000.15,-0010.03
+1580774327.64,-0002.93,+0003.91,+0003.91,-0000.69,-0001.23,-0010.03
+1580774327.64,+0000.00,+0002.93,+0003.91,-0001.68,+0000.23,-0011.25
+1580774327.65,+0000.98,+0002.93,+0003.91,-0002.37,+0000.54,-0009.42
+1580774327.65,-0000.98,+0003.91,+0003.91,-0000.31,+0000.92,-0010.72
+1580774327.66,-0002.93,+0003.91,+0002.93,+0001.23,-0000.69,-0010.18
+1580774327.66,-0001.95,+0002.93,+0002.93,+0002.45,+0000.77,-0009.49
+1580774327.67,-0002.93,+0003.91,+0003.91,+0000.69,-0001.23,-0007.96
+1580774327.67,-0003.91,+0004.88,+0003.91,-0002.14,+0000.31,-0007.89
+1580774327.68,-0004.88,+0004.88,+0003.91,-0002.37,+0001.00,-0009.03
+1580774327.68,-0005.86,+0004.88,+0003.91,-0000.84,+0000.77,-0011.71
+1580774327.69,-0004.88,+0004.88,+0003.91,+0003.45,+0000.46,-0013.63
+1580774327.69,-0004.88,+0004.88,+0003.91,+0001.84,-0000.61,-0012.25
+1580774327.70,-0003.91,+0005.86,+0003.91,+0002.91,-0000.23,-0011.56
+1580774327.70,-0002.93,+0006.84,+0003.91,-0002.14,-0001.68,-0009.80
+1580774327.71,-0000.98,+0006.84,+0003.91,-0002.76,-0000.46,-0009.34
+1580774327.71,-0000.98,+0007.81,+0003.91,-0000.77,+0000.31,-0011.03
+1580774327.72,-0000.98,+0008.79,+0003.91,+0001.99,-0001.84,-0011.71
+1580774327.72,+0003.91,+0007.81,+0003.91,+0002.76,-0002.30,-0009.88
+1580774327.73,+0005.86,+0008.79,+0003.91,-0000.54,-0001.99,-0007.12
+1580774327.73,+0004.88,+0009.77,+0004.88,-0000.38,-0001.91,-0006.35
+1580774327.74,+0001.95,+0009.77,+0004.88,-0001.61,-0000.61,-0010.64
+1580774327.74,+0002.93,+0009.77,+0005.86,+0000.69,+0000.77,-0011.79
+1580774327.75,+0003.91,+0010.74,+0005.86,+0001.30,+0000.61,-0011.41
+1580774327.75,+0000.00,+0011.72,+0005.86,+0003.90,+0002.68,-0011.33
+1580774327.76,-0003.91,+0011.72,+0006.84,+0002.45,+0000.46,-0009.57
+1580774327.76,-0003.91,+0010.74,+0006.84,-0001.38,-0000.23,-0007.89
+1580774327.77,-0003.91,+0010.74,+0006.84,-0002.45,+0001.99,-0007.50
+1580774327.77,-0009.77,+0010.74,+0005.86,-0001.68,+0001.07,-0009.19
+1580774327.78,-0009.77,+0010.74,+0005.86,+0000.23,+0001.00,-0010.80
+1580774327.78,-0006.84,+0008.79,+0005.86,+0002.22,+0001.00,-0011.03
+1580774327.79,-0007.81,+0008.79,+0004.88,+0002.45,+0000.46,-0009.19
+1580774327.79,-0008.79,+0009.77,+0004.88,-0001.91,-0001.53,-0009.57
+1580774327.80,-0007.81,+0008.79,+0004.88,-0002.22,-0001.99,-0009.19
+1580774327.80,-0003.91,+0008.79,+0004.88,-0001.23,-0000.46,-0010.49
+1580774327.81,-0005.86,+0008.79,+0004.88,+0001.84,-0000.46,-0010.26
+1580774327.81,-0005.86,+0009.77,+0002.93,+0001.99,+0000.77,-0012.10
+1580774327.82,-0006.84,+0008.79,+0002.93,-0000.69,-0001.53,-0011.64
+1580774327.82,-0002.93,+0007.81,+0002.93,-0001.00,-0002.45,-0010.80
+1580774327.83,-0002.93,+0007.81,+0001.95,-0001.84,+0000.31,-0011.56
+1580774327.83,-0003.91,+0008.79,+0002.93,-0000.61,-0000.92,-0011.25
+1580774327.84,+0000.00,+0007.81,+0001.95,+0001.76,-0000.54,-0011.87
+1580774327.84,+0000.98,+0007.81,+0001.95,+0001.68,-0000.77,-0008.35
+1580774327.85,+0000.00,+0007.81,+0000.98,-0001.00,-0002.07,-0007.66
+1580774327.85,+0001.95,+0007.81,+0000.98,-0004.29,-0001.91,-0007.73
+1580774327.86,+0002.93,+0006.84,+0000.00,-0002.53,+0000.77,-0009.88
+1580774327.86,+0001.95,+0006.84,+0000.98,+0001.53,-0000.92,-0011.48
+1580774327.87,+0002.93,+0006.84,+0000.98,+0002.68,-0000.46,-0011.18
+1580774327.87,+0002.93,+0005.86,+0000.00,+0001.30,-0001.23,-0011.33
+1580774327.88,+0001.95,+0005.86,+0000.00,-0004.21,-0001.00,-0008.58
+1580774327.88,+0000.98,+0004.88,-0000.98,-0003.98,+0001.00,-0009.49
+1580774327.89,+0000.98,+0003.91,-0000.98,-0003.45,+0000.77,-0009.42
+1580774327.89,+0000.00,+0002.93,-0001.95,-0000.15,+0000.46,-0011.03
+1580774327.90,-0000.98,+0002.93,-0002.93,+0003.06,-0001.07,-0010.49
+1580774327.90,+0000.00,+0002.93,-0003.91,+0000.77,-0001.38,-0009.34
+1580774327.91,-0000.98,+0001.95,-0003.91,-0001.61,-0001.76,-0008.27
+1580774327.91,-0000.98,+0001.95,-0004.88,-0002.68,-0000.46,-0009.65
+1580774327.92,-0000.98,+0000.98,-0004.88,-0001.61,-0000.15,-0010.72
+1580774327.92,-0000.98,+0000.98,-0006.84,+0000.15,+0000.08,-0011.25
+1580774327.93,+0000.00,+0000.00,-0006.84,+0000.08,-0001.07,-0011.56
+1580774327.93,+0001.95,+0000.00,-0007.81,-0001.15,-0001.45,-0009.26
+1580774327.94,+0000.00,+0000.98,-0007.81,-0001.99,-0001.23,-0009.80
+1580774327.94,-0000.98,+0000.98,-0007.81,-0002.37,-0001.07,-0011.18
+1580774327.95,+0000.98,+0000.00,-0007.81,-0001.07,-0000.77,-0012.56
+1580774327.95,+0003.91,+0000.00,-0008.79,+0000.08,+0000.46,-0011.10
+1580774327.96,+0002.93,+0000.98,-0009.77,+0001.00,-0001.15,-0010.03
+1580774327.96,+0000.98,+0000.98,-0009.77,+0000.69,-0001.00,-0009.57
+1580774327.97,+0002.93,+0000.00,-0009.77,-0000.31,-0001.91,-0009.34
+1580774327.97,+0004.88,+0000.98,-0009.77,-0003.06,-0001.91,-0008.04
+1580774327.98,+0004.88,+0000.98,-0010.74,-0001.76,-0000.08,-0009.19
+1580774327.98,+0004.88,+0000.98,-0010.74,-0000.15,+0000.00,-0010.34
+1580774327.99,+0005.86,+0000.98,-0010.74,+0001.38,-0000.69,-0010.64
+1580774327.99,+0005.86,+0000.98,-0010.74,+0000.77,-0001.68,-0009.57
+1580774328.00,+0006.84,+0001.95,-0010.74,+0002.37,-0000.46,-0009.88
+1580774328.00,+0003.91,+0000.98,-0010.74,-0000.77,-0001.23,-0009.72
+1580774328.01,+0003.91,+0000.98,-0010.74,-0003.90,-0001.07,-0009.34
+1580774328.01,+0002.93,+0000.98,-0010.74,-0001.99,+0000.92,-0010.64
+1580774328.02,+0000.00,+0001.95,-0010.74,-0000.23,+0001.15,-0011.79
+1580774328.02,+0000.00,+0001.95,-0009.77,+0003.14,-0000.54,-0010.11
+1580774328.02,+0000.98,+0001.95,-0009.77,+0000.23,+0000.38,-0008.88
+1580774328.03,-0002.93,+0002.93,-0010.74,+0003.83,+0000.00,-0008.73
+1580774328.03,-0003.91,+0002.93,-0009.77,+0001.76,-0001.76,-0009.42
+1580774328.04,-0001.95,+0002.93,-0009.77,-0004.90,-0000.77,-0008.88
+1580774328.04,-0000.98,+0002.93,-0010.74,-0000.46,-0001.76,-0009.49
+1580774328.05,-0000.98,+0003.91,-0009.77,-0000.69,-0000.77,-0012.40
+1580774328.05,-0000.98,+0003.91,-0009.77,+0000.84,-0001.00,-0012.17
+1580774328.06,+0000.98,+0003.91,-0009.77,+0001.45,-0001.00,-0013.25
+1580774328.06,+0001.95,+0004.88,-0009.77,+0002.37,-0002.14,-0012.10
+1580774328.07,+0003.91,+0004.88,-0009.77,-0000.15,-0002.22,-0008.88
+1580774328.07,+0003.91,+0004.88,-0010.74,-0001.68,-0001.99,-0008.65
+1580774328.08,+0003.91,+0004.88,-0010.74,-0002.07,-0001.45,-0008.27
+1580774328.08,+0004.88,+0004.88,-0010.74,-0001.30,-0000.15,-0010.11
+1580774328.09,+0003.91,+0004.88,-0009.77,-0000.31,+0000.15,-0010.49
+1580774328.09,+0004.88,+0005.86,-0008.79,+0000.46,+0000.61,-0011.64
+1580774328.10,+0003.91,+0005.86,-0008.79,+0001.76,-0000.54,-0011.94
+1580774328.10,+0003.91,+0004.88,-0008.79,+0001.91,+0000.15,-0010.57
+1580774328.11,+0002.93,+0004.88,-0008.79,-0000.77,-0001.07,-0009.57
+1580774328.11,+0001.95,+0003.91,-0008.79,-0000.69,-0001.07,-0008.35
+1580774328.12,+0000.00,+0003.91,-0008.79,-0002.14,+0000.00,-0009.57
+1580774328.12,+0000.98,+0002.93,-0008.79,-0002.14,-0000.08,-0008.73
+1580774328.13,+0001.95,+0001.95,-0009.77,-0000.77,+0002.37,-0010.34
+1580774328.13,-0001.95,+0001.95,-0009.77,-0001.00,+0000.23,-0010.18
+1580774328.14,+0000.00,+0001.95,-0010.74,+0001.68,+0000.54,-0011.25
+1580774328.14,-0000.98,+0001.95,-0010.74,+0001.07,-0000.23,-0010.87
+1580774328.15,-0002.93,+0001.95,-0010.74,+0001.23,-0000.69,-0008.58
+1580774328.15,-0001.95,+0001.95,-0010.74,-0001.07,-0000.92,-0009.88
+1580774328.16,-0002.93,+0000.98,-0010.74,-0003.06,-0001.53,-0006.66
+1580774328.16,-0000.98,+0000.98,-0011.72,-0001.84,+0000.84,-0008.58
+1580774328.17,-0005.86,+0000.98,-0011.72,-0002.68,+0001.84,-0011.10
+1580774328.17,-0004.88,+0000.98,-0011.72,+0000.46,-0000.38,-0011.79
+1580774328.18,+0001.95,+0000.00,-0011.72,+0001.15,-0000.54,-0010.41
+1580774328.18,-0001.95,-0000.98,-0012.70,+0000.77,-0001.00,-0009.57
+1580774328.19,-0002.93,+0000.98,-0013.67,-0002.45,-0002.68,-0011.18
+1580774328.19,-0001.95,-0001.95,-0013.67,-0001.23,-0001.91,-0011.10
+1580774328.20,+0000.00,-0001.95,-0014.65,-0003.14,+0000.00,-0010.57
+1580774328.20,+0000.00,-0000.98,-0014.65,-0000.77,-0000.31,-0011.10
+1580774328.21,+0000.00,-0000.98,-0014.65,-0000.61,+0000.61,-0012.25
+1580774328.21,+0001.95,-0001.95,-0013.67,-0000.84,-0001.68,-0011.10
+1580774328.22,+0003.91,-0002.93,-0013.67,+0001.30,+0000.31,-0009.57
+1580774328.22,+0000.00,-0002.93,-0014.65,+0000.08,-0002.30,-0009.80
+1580774328.23,+0001.95,-0002.93,-0014.65,+0000.69,-0003.29,-0009.88
+1580774328.23,+0005.86,-0003.91,-0015.62,-0001.76,-0000.77,-0010.34
+1580774328.24,+0002.93,-0003.91,-0016.60,-0001.30,-0000.69,-0009.03
+1580774328.24,+0001.95,-0003.91,-0016.60,-0003.45,-0000.54,-0010.80
+1580774328.25,+0002.93,-0004.88,-0015.62,-0000.61,-0000.23,-0011.10
+1580774328.25,+0003.91,-0004.88,-0015.62,-0002.68,+0001.00,-0009.26
+1580774328.26,+0002.93,-0003.91,-0016.60,-0001.15,+0000.31,-0010.49
+1580774328.26,+0000.98,-0003.91,-0016.60,+0000.92,-0001.61,-0010.34
+1580774328.27,+0002.93,-0004.88,-0016.60,+0002.37,-0000.38,-0010.41
+1580774328.27,+0000.98,-0004.88,-0016.60,+0000.23,-0001.30,-0008.96
+1580774328.28,+0000.00,-0003.91,-0016.60,-0002.07,-0002.60,-0008.19
+1580774328.28,+0000.00,-0003.91,-0015.62,-0000.54,-0001.99,-0007.12
+1580774328.29,+0000.00,-0003.91,-0015.62,-0002.60,+0001.07,-0007.96
+1580774328.29,-0001.95,-0002.93,-0016.60,-0001.84,+0000.15,-0008.80
+1580774328.30,-0000.98,-0002.93,-0016.60,-0002.53,+0001.00,-0011.48
+1580774328.30,-0002.93,-0002.93,-0016.60,-0000.46,+0000.31,-0011.94
+1580774328.31,-0001.95,-0002.93,-0015.62,+0001.15,+0000.31,-0012.56
+1580774328.31,-0000.98,-0001.95,-0015.62,+0003.14,-0002.30,-0012.25
+1580774328.32,+0000.00,-0001.95,-0015.62,+0002.91,-0002.68,-0010.95
+1580774328.32,+0000.00,-0000.98,-0015.62,+0004.21,-0002.83,-0009.95
+1580774328.33,-0001.95,+0000.00,-0014.65,+0001.07,-0000.77,-0008.19
+1580774328.33,+0000.00,-0000.98,-0014.65,-0002.30,-0001.38,-0006.58
+1580774328.34,+0000.00,+0000.00,-0014.65,-0003.68,+0000.46,-0008.27
+1580774328.34,+0000.00,+0000.98,-0013.67,-0004.06,+0000.38,-0007.50
+1580774328.35,+0000.98,+0000.00,-0013.67,-0001.76,+0000.84,-0011.56
+1580774328.35,+0000.98,+0000.98,-0013.67,+0001.15,+0001.76,-0012.02
+1580774328.36,+0000.00,+0001.95,-0012.70,+0000.38,-0000.08,-0013.63
+1580774328.36,+0000.00,+0000.98,-0011.72,+0003.37,-0001.07,-0014.62
+1580774328.37,+0000.98,+0000.98,-0012.70,+0004.13,-0000.77,-0012.63
+1580774328.37,-0000.98,+0001.95,-0012.70,+0003.90,-0003.06,-0011.56
+1580774328.38,-0000.98,+0000.98,-0012.70,+0001.76,-0002.22,-0009.95
+1580774328.38,+0000.00,+0000.98,-0012.70,-0001.91,-0002.68,-0008.12
+1580774328.39,-0000.98,+0000.98,-0012.70,-0003.06,-0000.23,-0007.35
+1580774328.39,-0000.98,+0000.98,-0012.70,-0003.90,+0000.61,-0008.12
+1580774328.40,-0001.95,+0000.00,-0012.70,-0003.75,+0000.15,-0008.42
+1580774328.40,-0000.98,+0000.00,-0012.70,-0002.37,+0001.68,-0009.03
+1580774328.41,+0000.00,+0000.00,-0012.70,-0000.61,+0000.69,-0009.95
+1580774328.41,-0000.98,+0000.00,-0012.70,+0000.46,-0000.54,-0009.42
+1580774328.42,-0000.98,+0000.00,-0012.70,+0001.53,+0000.08,-0011.64
+1580774328.42,-0000.98,+0000.00,-0012.70,+0001.61,-0001.61,-0011.18
+1580774328.43,-0000.98,-0000.98,-0013.67,+0002.07,-0001.53,-0010.57
+1580774328.43,-0001.95,-0000.98,-0013.67,-0001.23,-0001.68,-0010.80
+1580774328.44,-0000.98,-0001.95,-0014.65,-0002.07,-0002.76,-0009.34
+1580774328.44,+0000.00,-0001.95,-0014.65,-0001.53,-0001.76,-0009.88
+1580774328.45,+0000.00,-0002.93,-0015.62,-0002.30,-0001.15,-0008.96
+1580774328.45,-0000.98,-0001.95,-0015.62,-0003.29,-0000.38,-0009.57
+1580774328.46,+0000.98,-0002.93,-0016.60,-0002.53,+0000.38,-0010.64
+1580774328.46,+0002.93,-0002.93,-0016.60,-0002.07,-0000.54,-0010.57
+1580774328.47,+0003.91,-0002.93,-0016.60,-0001.00,+0000.31,-0010.49
+1580774328.47,+0001.95,-0002.93,-0016.60,-0001.23,-0001.23,-0010.26
+1580774328.48,+0003.91,-0003.91,-0017.58,+0001.38,-0001.30,-0011.03
+1580774328.48,+0004.88,-0004.88,-0017.58,+0000.31,-0001.23,-0011.79
+1580774328.49,+0003.91,-0003.91,-0018.55,+0000.69,-0001.61,-0010.87
+1580774328.49,+0003.91,-0003.91,-0018.55,+0001.76,-0001.99,-0011.94
+1580774328.50,+0002.93,-0004.88,-0018.55,+0000.08,-0001.99,-0010.34
+1580774328.50,+0002.93,-0004.88,-0018.55,-0000.31,-0001.00,-0009.42
+1580774328.51,+0001.95,-0004.88,-0019.53,-0002.91,-0001.00,-0008.73
+1580774328.51,+0001.95,-0005.86,-0019.53,-0003.52,+0000.08,-0007.89
+1580774328.52,+0001.95,-0006.84,-0019.53,-0002.83,+0001.07,-0008.04
+1580774328.52,+0000.98,-0006.84,-0020.51,-0003.68,+0000.08,-0008.12
+1580774328.53,+0000.98,-0006.84,-0020.51,-0003.68,+0000.61,-0008.88
+1580774328.53,+0001.95,-0006.84,-0020.51,-0001.53,+0000.31,-0009.49
+1580774328.54,+0001.95,-0006.84,-0020.51,-0000.92,+0000.38,-0009.49
+1580774328.54,-0000.98,-0006.84,-0020.51,+0002.30,-0000.61,-0010.49
+1580774328.55,-0000.98,-0006.84,-0021.48,+0001.15,-0001.99,-0008.88
+1580774328.55,-0000.98,-0006.84,-0021.48,+0001.99,-0002.60,-0007.96
+1580774328.56,+0000.00,-0006.84,-0021.48,-0000.84,-0001.30,-0010.87
+1580774328.56,-0001.95,-0007.81,-0022.46,-0000.84,-0002.22,-0010.26
+1580774328.57,-0000.98,-0007.81,-0022.46,+0000.61,-0000.54,-0013.48
+1580774328.57,-0000.98,-0007.81,-0022.46,-0001.91,-0001.84,-0014.32
+1580774328.58,+0000.00,-0006.84,-0022.46,-0001.99,-0000.54,-0008.88
+1580774328.58,-0001.95,-0006.84,-0022.46,-0001.53,-0002.07,-0007.89
+1580774328.59,-0001.95,-0006.84,-0022.46,-0003.14,-0000.46,-0007.43
+1580774328.59,-0002.93,-0007.81,-0023.44,-0002.83,+0000.00,-0008.42
+1580774328.60,-0001.95,-0007.81,-0023.44,-0000.92,+0000.69,-0008.80
+1580774328.60,-0001.95,-0007.81,-0022.46,-0002.83,+0001.15,-0010.11
+1580774328.61,-0002.93,-0007.81,-0022.46,-0001.53,+0000.31,-0011.41
+1580774328.61,-0001.95,-0007.81,-0022.46,-0001.91,+0001.15,-0010.80
+1580774328.62,-0002.93,-0007.81,-0022.46,-0001.07,-0000.08,-0009.95
+1580774328.62,-0001.95,-0007.81,-0022.46,-0000.92,+0000.31,-0009.80
+1580774328.63,-0001.95,-0008.79,-0023.44,-0000.61,-0000.38,-0010.34
+1580774328.63,-0001.95,-0008.79,-0023.44,+0000.84,-0000.15,-0009.80
+1580774328.64,+0000.00,-0008.79,-0023.44,-0000.46,-0001.38,-0011.03
+1580774328.64,-0000.98,-0008.79,-0023.44,+0000.92,-0000.38,-0010.95
+1580774328.65,-0002.93,-0008.79,-0023.44,+0001.07,+0000.00,-0013.17
+1580774328.65,-0002.93,-0008.79,-0023.44,-0001.30,-0000.92,-0013.55
+1580774328.66,-0000.98,-0009.77,-0023.44,+0002.07,+0000.15,-0011.41
+1580774328.66,-0002.93,-0008.79,-0023.44,-0000.77,+0000.23,-0009.95
+1580774328.67,-0004.88,-0007.81,-0022.46,-0001.23,+0000.38,-0009.34
+1580774328.67,-0002.93,-0008.79,-0022.46,-0000.69,-0000.08,-0010.87
+1580774328.68,-0001.95,-0008.79,-0023.44,-0003.22,-0000.08,-0008.96
+1580774328.68,-0001.95,-0007.81,-0023.44,-0002.76,+0000.92,-0009.26
+1580774328.69,-0003.91,-0007.81,-0022.46,-0001.38,-0000.61,-0009.88
+1580774328.69,-0000.98,-0008.79,-0022.46,-0001.61,+0000.77,-0009.34
+1580774328.70,+0000.00,-0007.81,-0022.46,-0000.46,-0000.46,-0009.65
+1580774328.70,+0000.00,-0007.81,-0022.46,-0001.00,-0000.77,-0009.72
+1580774328.71,+0001.95,-0008.79,-0022.46,+0001.23,-0000.84,-0009.57
+1580774328.71,+0001.95,-0007.81,-0021.48,+0001.30,-0001.00,-0010.26
+1580774328.72,+0000.98,-0007.81,-0021.48,+0000.00,-0002.14,-0011.48
+1580774328.72,+0002.93,-0007.81,-0021.48,+0001.30,-0000.92,-0011.41
+1580774328.73,+0003.91,-0007.81,-0021.48,-0000.61,-0001.91,-0009.80
+1580774328.73,+0002.93,-0006.84,-0020.51,-0001.76,-0000.31,-0010.11
+1580774328.74,+0001.95,-0006.84,-0020.51,-0001.53,-0000.23,-0010.80
+1580774328.74,+0002.93,-0006.84,-0019.53,-0002.30,+0000.61,-0010.11
+1580774328.75,+0003.91,-0006.84,-0018.55,-0002.22,+0000.31,-0010.18
+1580774328.75,+0001.95,-0006.84,-0018.55,-0000.61,+0000.84,-0009.72
+1580774328.76,+0000.98,-0006.84,-0017.58,+0001.07,+0001.07,-0011.87
+1580774328.76,+0001.95,-0007.81,-0017.58,+0000.77,-0000.31,-0010.49
+1580774328.77,+0001.95,-0007.81,-0017.58,+0002.53,-0000.31,-0009.72
+1580774328.77,+0000.00,-0006.84,-0017.58,+0002.30,-0001.45,-0009.57
+1580774328.78,-0000.98,-0007.81,-0016.60,+0001.91,-0001.68,-0008.65
+1580774328.78,+0000.00,-0007.81,-0016.60,+0000.46,-0001.15,-0008.96
+1580774328.79,-0000.98,-0007.81,-0015.62,-0000.77,-0001.68,-0007.12
+1580774328.79,-0001.95,-0006.84,-0015.62,-0003.45,+0000.77,-0007.66
+1580774328.80,-0001.95,-0006.84,-0014.65,-0001.91,+0000.46,-0008.58
+1580774328.80,-0001.95,-0006.84,-0014.65,-0001.61,+0001.61,-0009.42
+1580774328.81,-0002.93,-0005.86,-0014.65,-0001.76,+0001.38,-0010.87
+1580774328.81,-0003.91,-0006.84,-0014.65,+0000.08,+0000.08,-0011.56
+1580774328.82,-0002.93,-0006.84,-0013.67,+0000.61,-0000.31,-0012.40
+1580774328.82,-0002.93,-0006.84,-0013.67,+0001.38,-0001.76,-0011.03
+1580774328.83,-0000.98,-0005.86,-0013.67,+0002.45,-0001.53,-0009.80
+1580774328.83,-0003.91,-0005.86,-0013.67,+0000.46,+0001.07,-0008.58
+1580774328.84,-0005.86,-0004.88,-0012.70,-0000.31,-0000.92,-0010.95
+1580774328.84,-0002.93,-0005.86,-0011.72,-0000.31,-0000.61,-0009.42
+1580774328.85,-0000.98,-0004.88,-0011.72,-0001.30,+0000.00,-0009.03
+1580774328.85,-0005.86,-0002.93,-0011.72,-0001.45,+0001.99,-0009.19
+1580774328.86,-0005.86,-0003.91,-0010.74,-0000.84,-0000.31,-0011.33
+1580774328.86,+0000.98,-0004.88,-0009.77,-0000.92,-0000.23,-0010.49
+1580774328.87,+0000.98,-0003.91,-0009.77,+0001.30,+0001.68,-0010.18
+1580774328.87,-0001.95,-0002.93,-0009.77,+0002.14,-0005.44,-0010.34
+1580774328.88,+0011.72,-0004.88,-0009.77,+0001.00,-0010.11,+0005.90
+1580774328.88,+0014.65,-0004.88,-0008.79,+0000.00,+0011.41,-0003.68
+1580774328.89,-0034.18,+0000.98,-0007.81,+0000.69,+0008.12,-0025.19
+1580774328.89,-0005.86,-0003.91,-0004.88,+0005.51,-0000.08,-0028.56
+1580774328.90,+0019.53,-0007.81,-0006.84,-0008.35,+0002.91,-0008.88
+1580774328.90,+0000.00,-0007.81,-0011.72,+0004.98,+0005.44,-0007.12
+1580774328.91,-0013.67,-0000.98,-0011.72,-0001.30,-0002.37,-0012.63
+1580774328.91,-0003.91,-0005.86,-0007.81,+0005.13,-0002.14,-0009.11
+1580774328.92,+0010.74,-0005.86,-0006.84,+0000.38,-0001.68,-0003.98
+1580774328.92,+0000.98,-0005.86,-0006.84,+0003.45,+0002.14,-0005.21
+1580774328.93,-0006.84,-0002.93,-0007.81,-0001.07,-0003.29,-0011.87
+1580774328.93,+0002.93,-0005.86,-0007.81,+0001.15,-0001.07,-0013.02
+1580774328.94,+0008.79,-0007.81,-0007.81,-0004.44,-0002.83,-0009.42
+1580774328.94,+0003.91,-0006.84,-0008.79,-0004.52,+0001.23,-0012.17
+1580774328.95,-0004.88,-0005.86,-0009.77,-0003.90,-0000.54,-0013.78
+1580774328.95,+0001.95,-0007.81,-0008.79,-0001.00,+0001.45,-0013.02
+1580774328.96,+0004.88,-0007.81,-0008.79,-0002.99,+0000.54,-0012.94
+1580774328.96,+0000.00,-0005.86,-0008.79,+0001.61,+0000.92,-0009.88
+1580774328.97,-0002.93,-0006.84,-0008.79,+0001.91,-0000.15,-0012.17
+1580774328.97,-0000.98,-0007.81,-0007.81,+0000.84,-0001.23,-0010.11
+1580774328.98,+0000.98,-0006.84,-0007.81,-0000.61,-0000.23,-0009.26
+1580774328.98,-0000.98,-0006.84,-0008.79,-0002.68,-0000.84,-0006.97
+1580774328.99,-0000.98,-0006.84,-0008.79,-0002.07,-0000.84,-0009.49
+1580774328.99,+0001.95,-0007.81,-0007.81,-0003.06,-0001.38,-0009.49
+1580774329.00,+0001.95,-0006.84,-0007.81,-0000.23,+0001.00,-0012.63
+1580774329.00,-0000.98,-0005.86,-0007.81,+0000.46,-0001.07,-0011.71
+1580774329.01,+0002.93,-0006.84,-0007.81,+0003.52,+0000.46,-0012.25
+1580774329.01,+0001.95,-0006.84,-0007.81,+0002.53,-0002.30,-0009.49
+1580774329.02,+0001.95,-0006.84,-0008.79,+0001.68,-0000.69,-0009.57
+1580774329.02,+0000.98,-0006.84,-0008.79,-0001.07,-0001.84,-0009.57
+1580774329.03,+0001.95,-0006.84,-0008.79,-0000.31,-0001.84,-0007.43
+1580774329.03,+0001.95,-0006.84,-0008.79,-0001.76,+0000.54,-0008.04
+1580774329.04,+0000.98,-0006.84,-0007.81,-0001.45,+0000.23,-0006.74
+1580774329.04,+0000.98,-0006.84,-0006.84,-0001.07,-0000.84,-0009.26
+1580774329.05,+0000.00,-0006.84,-0006.84,+0001.15,-0000.38,-0008.73
+1580774329.05,+0000.98,-0006.84,-0006.84,+0003.45,-0000.92,-0010.26
+1580774329.06,+0000.98,-0006.84,-0006.84,+0001.07,-0001.07,-0011.03
+1580774329.06,-0000.98,-0006.84,-0006.84,+0000.92,-0001.84,-0009.80
+1580774329.07,+0000.00,-0007.81,-0006.84,-0001.23,+0000.00,-0010.03
+1580774329.07,-0001.95,-0006.84,-0006.84,-0002.76,+0000.15,-0008.42
+1580774329.08,-0002.93,-0007.81,-0006.84,-0003.14,-0000.61,-0007.35
+1580774329.08,-0001.95,-0007.81,-0006.84,-0001.30,+0000.84,-0010.03
+1580774329.09,-0002.93,-0007.81,-0005.86,+0001.23,+0002.07,-0009.95
+1580774329.09,-0005.86,-0006.84,-0005.86,+0001.23,-0000.77,-0010.57
+1580774329.10,-0003.91,-0006.84,-0004.88,+0003.06,-0001.30,-0011.03
+1580774329.10,-0004.88,-0006.84,-0004.88,+0001.00,-0001.00,-0008.35
+1580774329.11,-0004.88,-0006.84,-0004.88,-0000.15,-0001.99,-0007.81
+1580774329.11,-0003.91,-0005.86,-0004.88,-0003.90,-0001.15,-0008.04
+1580774329.12,-0003.91,-0006.84,-0003.91,-0002.99,-0000.38,-0008.73
+1580774329.12,-0001.95,-0004.88,-0003.91,-0000.38,-0001.07,-0010.03
+1580774329.13,-0001.95,-0004.88,-0002.93,+0000.77,-0000.08,-0010.34
+1580774329.13,-0001.95,-0004.88,-0002.93,+0001.76,-0001.38,-0010.72
+1580774329.14,-0001.95,-0004.88,-0002.93,+0001.15,-0001.00,-0011.41
+1580774329.14,-0001.95,-0004.88,-0001.95,+0001.53,-0001.61,-0010.34
+1580774329.15,+0000.00,-0003.91,-0001.95,-0000.84,-0000.38,-0010.80
+1580774329.15,-0001.95,-0003.91,-0000.98,-0000.69,-0000.15,-0009.95
+1580774329.16,-0001.95,-0003.91,-0000.98,-0002.22,+0000.46,-0010.87
+1580774329.16,-0000.98,-0003.91,-0000.98,-0000.08,-0000.77,-0012.02
+1580774329.17,+0000.00,-0003.91,+0000.00,-0000.15,+0000.92,-0011.25
+1580774329.17,-0001.95,-0003.91,+0000.00,+0002.37,-0000.31,-0010.26
+1580774329.18,-0003.91,-0002.93,+0000.98,+0001.84,-0000.77,-0009.42
+1580774329.18,-0001.95,-0002.93,+0000.98,+0001.07,-0000.77,-0009.57
+1580774329.19,-0001.95,-0003.91,+0000.98,-0000.23,-0000.46,-0008.88
+1580774329.19,-0000.98,-0002.93,+0001.95,-0001.38,-0001.00,-0008.80
+1580774329.20,-0002.93,-0002.93,+0001.95,-0001.23,+0000.15,-0009.95
+1580774329.20,-0002.93,-0002.93,+0001.95,-0002.91,+0000.46,-0010.18
+1580774329.21,-0000.98,-0003.91,+0002.93,-0000.46,+0002.30,-0012.48
+1580774329.21,-0001.95,-0003.91,+0002.93,+0002.30,-0000.84,-0011.79
+1580774329.22,+0000.98,-0003.91,+0002.93,+0000.61,-0001.45,-0010.80
+1580774329.22,+0000.98,-0003.91,+0002.93,+0001.61,-0000.31,-0011.56
+1580774329.23,-0002.93,-0003.91,+0002.93,+0000.84,-0002.30,-0011.41
+1580774329.23,+0000.98,-0003.91,+0003.91,-0002.45,-0002.22,-0010.57
+1580774329.24,+0004.88,-0004.88,+0002.93,+0000.92,+0000.00,-0011.87
+1580774329.24,+0002.93,-0003.91,+0003.91,+0001.00,+0000.15,-0009.34
+1580774329.25,+0001.95,-0002.93,+0003.91,-0001.00,+0000.00,-0010.34
+1580774329.25,+0002.93,-0003.91,+0004.88,+0001.68,-0000.77,-0010.18
+1580774329.26,+0004.88,-0003.91,+0004.88,+0001.61,-0000.23,-0010.72
+1580774329.26,+0003.91,-0003.91,+0004.88,+0001.23,-0001.53,-0011.41
+1580774329.27,+0004.88,-0002.93,+0004.88,+0000.15,-0000.08,-0012.56
+1580774329.27,+0004.88,-0004.88,+0004.88,+0000.08,-0000.23,-0010.26
+1580774329.28,+0004.88,-0003.91,+0004.88,-0002.22,+0001.91,-0007.89
+1580774329.28,+0000.98,-0004.88,+0004.88,-0001.07,-0000.46,-0006.58
+1580774329.29,+0000.98,-0004.88,+0004.88,-0000.23,+0000.84,-0010.18
+1580774329.29,+0000.98,-0004.88,+0004.88,+0002.30,+0000.31,-0008.04
+1580774329.30,+0000.00,-0004.88,+0005.86,+0002.14,-0000.15,-0008.19
+1580774329.30,-0001.95,-0004.88,+0005.86,+0000.15,-0000.46,-0009.26
+1580774329.31,-0002.93,-0004.88,+0006.84,-0001.53,-0001.07,-0007.35
+1580774329.31,-0002.93,-0004.88,+0006.84,-0002.53,+0000.77,-0008.19
+1580774329.32,-0003.91,-0004.88,+0005.86,-0000.46,-0000.69,-0008.42
+1580774329.32,-0004.88,-0005.86,+0005.86,+0000.08,+0000.23,-0008.96
+1580774329.33,-0004.88,-0005.86,+0005.86,+0001.38,-0001.68,-0008.88
+1580774329.33,-0004.88,-0005.86,+0005.86,+0000.31,-0001.30,-0009.80
+1580774329.34,-0005.86,-0005.86,+0005.86,-0000.84,-0000.46,-0008.50
+1580774329.34,-0005.86,-0006.84,+0005.86,-0000.84,-0001.07,-0008.88
+1580774329.35,-0005.86,-0005.86,+0005.86,-0000.77,-0000.61,-0008.42
+1580774329.35,-0007.81,-0005.86,+0005.86,+0000.31,+0000.38,-0009.57
+1580774329.36,-0008.79,-0005.86,+0006.84,-0000.23,+0000.61,-0008.58
+1580774329.36,-0009.77,-0005.86,+0005.86,+0001.61,+0000.31,-0010.26
+1580774329.37,-0009.77,-0006.84,+0005.86,+0001.07,-0000.38,-0009.19
+1580774329.37,-0010.74,-0005.86,+0005.86,-0001.76,+0000.38,-0010.11
+1580774329.38,-0010.74,-0006.84,+0005.86,-0001.68,-0001.61,-0008.65
+1580774329.38,-0007.81,-0005.86,+0006.84,-0002.14,+0000.15,-0013.09
+1580774329.39,-0004.88,-0006.84,+0006.84,+0001.07,-0006.74,-0004.29
+1580774329.39,+0003.91,-0006.84,+0005.86,-0001.45,+0002.22,-0002.22
+1580774329.40,-0022.46,-0003.91,+0005.86,+0001.76,+0006.89,-0021.90
+1580774329.40,-0005.86,-0004.88,+0007.81,+0005.67,+0001.07,-0020.44
+1580774329.41,+0009.77,-0006.84,+0006.84,-0008.12,+0000.08,-0008.35
+1580774329.41,-0002.93,-0007.81,+0004.88,+0001.30,+0002.53,-0011.25
+1580774329.42,-0005.86,-0001.95,+0004.88,-0003.29,+0000.00,-0016.84
+1580774329.42,-0001.95,-0006.84,+0006.84,+0000.84,-0002.91,-0011.48
+1580774329.43,+0009.77,-0006.84,+0006.84,-0000.31,+0000.23,-0007.27
+1580774329.43,-0000.98,-0004.88,+0006.84,+0001.91,+0002.76,-0011.48
+1580774329.44,-0001.95,-0002.93,+0006.84,-0000.69,-0001.38,-0010.72
+1580774329.44,+0004.88,-0005.86,+0006.84,+0000.69,-0001.23,-0012.33
+1580774329.45,+0005.86,-0004.88,+0007.81,-0001.45,-0001.61,-0005.44
+1580774329.45,+0003.91,-0003.91,+0006.84,-0000.69,+0000.38,-0013.63
+1580774329.46,-0003.91,-0004.88,+0007.81,-0001.07,+0000.77,-0012.71
+1580774329.46,+0004.88,-0004.88,+0008.79,+0001.68,-0000.77,-0013.09
+1580774329.47,+0004.88,-0004.88,+0007.81,+0000.38,+0001.76,-0012.71
+1580774329.47,-0001.95,-0003.91,+0007.81,-0000.54,-0000.31,-0007.89
+1580774329.48,-0001.95,-0003.91,+0008.79,-0001.23,-0001.53,-0011.87
+1580774329.48,+0003.91,-0004.88,+0008.79,-0000.77,+0001.23,-0011.71
+1580774329.49,+0001.95,-0004.88,+0007.81,+0001.84,+0001.76,-0007.27
+1580774329.49,-0003.91,-0001.95,+0008.79,+0001.15,+0000.38,-0009.42
+1580774329.50,-0001.95,-0002.93,+0009.77,+0000.38,-0001.45,-0011.18
+1580774329.50,+0000.98,-0003.91,+0009.77,+0000.38,+0000.08,-0010.26
+1580774329.51,-0002.93,-0001.95,+0009.77,-0000.77,-0000.38,-0006.89
+1580774329.51,-0005.86,-0000.98,+0009.77,-0002.14,+0000.46,-0008.19
+1580774329.52,-0003.91,-0002.93,+0009.77,+0000.38,-0000.15,-0009.19
+1580774329.52,-0001.95,-0001.95,+0009.77,+0000.92,+0000.77,-0011.33
+1580774329.53,-0004.88,-0000.98,+0010.74,+0001.30,-0001.30,-0010.41
+1580774329.53,-0003.91,+0000.00,+0010.74,-0000.61,-0000.77,-0012.25
+1580774329.54,-0003.91,+0000.00,+0010.74,-0000.77,+0000.31,-0012.63
+1580774329.54,-0001.95,+0000.98,+0011.72,-0000.92,+0000.92,-0012.40
+1580774329.55,-0002.93,+0000.98,+0010.74,+0000.31,-0001.07,-0012.02
+1580774329.55,-0001.95,+0000.98,+0011.72,+0000.08,-0000.15,-0011.25
+1580774329.56,-0000.98,+0000.98,+0010.74,+0001.00,-0001.23,-0010.11
+1580774329.56,+0000.00,+0000.98,+0011.72,-0000.54,-0000.69,-0008.80
+1580774329.57,+0000.00,+0001.95,+0011.72,-0000.61,-0000.38,-0007.35
+1580774329.57,-0001.95,+0001.95,+0012.70,+0000.23,-0000.15,-0008.35
+1580774329.58,-0000.98,+0002.93,+0013.67,+0000.77,+0000.31,-0007.96
+1580774329.58,-0000.98,+0002.93,+0013.67,+0001.30,+0000.46,-0009.65
+1580774329.59,-0002.93,+0002.93,+0013.67,+0001.23,+0001.07,-0009.80
+1580774329.59,-0002.93,+0003.91,+0013.67,-0000.54,-0000.38,-0010.72
+1580774329.60,-0001.95,+0002.93,+0013.67,-0001.61,-0001.91,-0010.11
+1580774329.60,+0007.81,+0002.93,+0013.67,+0000.31,-0005.67,-0000.84
+1580774329.61,+0001.95,+0003.91,+0012.70,-0000.92,+0007.27,-0004.13
+1580774329.61,-0022.46,+0006.84,+0014.65,-0000.46,-0010.34,-0008.58
+1580774329.62,+0008.79,+0006.84,+0015.62,+0006.20,+0003.60,-0022.66
+1580774329.62,+0009.77,+0002.93,+0014.65,-0009.95,-0000.15,+0001.53
+1580774329.63,-0009.77,+0005.86,+0012.70,-0001.68,-0000.23,-0004.44
+1580774329.63,-0010.74,+0009.77,+0012.70,-0000.92,+0001.07,-0019.83
+1580774329.64,-0000.98,+0005.86,+0014.65,+0000.46,-0001.38,-0013.09
+1580774329.64,+0009.77,+0005.86,+0014.65,+0000.69,-0001.91,-0008.27
+1580774329.65,-0000.98,+0008.79,+0013.67,+0000.69,-0002.07,-0006.43
+1580774329.65,-0006.84,+0009.77,+0013.67,-0003.68,-0001.84,-0011.18
+1580774329.66,+0003.91,+0008.79,+0015.62,+0001.68,-0000.38,-0013.32
+1580774329.66,+0008.79,+0008.79,+0015.62,+0002.07,-0000.92,-0006.81
+1580774329.67,+0005.86,+0011.72,+0014.65,+0000.15,+0000.31,-0009.88
+1580774329.67,+0000.98,+0011.72,+0014.65,+0000.38,-0001.30,-0010.80
+1580774329.68,+0007.81,+0010.74,+0015.62,+0001.30,-0002.91,-0010.41
+1580774329.68,+0012.70,+0010.74,+0015.62,+0000.38,+0000.69,-0008.80
+1580774329.69,+0006.84,+0012.70,+0015.62,+0000.92,+0000.00,-0009.80
+1580774329.69,+0004.88,+0012.70,+0016.60,+0000.61,-0001.23,-0013.02
+1580774329.70,+0010.74,+0011.72,+0016.60,-0000.69,+0000.54,-0010.18
+1580774329.70,+0010.74,+0011.72,+0016.60,+0000.61,+0002.30,-0009.80
+1580774329.71,+0000.00,+0012.70,+0016.60,+0000.08,+0001.23,-0010.41
+1580774329.71,+0000.00,+0011.72,+0016.60,-0000.31,+0000.23,-0012.33
+1580774329.72,+0003.91,+0009.77,+0017.58,-0000.69,+0001.61,-0010.80
+1580774329.72,+0000.98,+0009.77,+0015.62,+0001.61,+0002.45,-0009.95
+1580774329.73,-0004.88,+0009.77,+0015.62,-0000.69,+0002.14,-0011.48
+1580774329.73,-0002.93,+0007.81,+0014.65,-0000.54,+0000.08,-0012.02
+1580774329.74,+0000.98,+0006.84,+0014.65,-0001.07,+0000.31,-0011.48
+1580774329.74,+0000.98,+0006.84,+0014.65,+0000.92,-0000.38,-0009.11
+1580774329.75,+0000.98,+0005.86,+0012.70,-0001.68,-0001.30,-0007.81
+1580774329.75,+0000.00,+0005.86,+0012.70,-0001.84,-0001.68,-0010.11
+1580774329.76,+0003.91,+0004.88,+0012.70,-0000.38,-0001.61,-0009.19
+1580774329.76,+0006.84,+0004.88,+0012.70,+0000.31,-0000.69,-0010.64
+1580774329.77,+0004.88,+0003.91,+0011.72,+0000.77,-0000.84,-0008.12
+1580774329.77,+0005.86,+0003.91,+0011.72,-0001.76,-0000.31,-0009.95
+1580774329.78,+0003.91,+0002.93,+0010.74,-0000.84,-0000.61,-0010.18
+1580774329.78,+0003.91,+0001.95,+0010.74,-0001.84,-0000.84,-0009.57
+1580774329.79,+0002.93,+0001.95,+0009.77,-0001.00,+0000.84,-0010.64
+1580774329.79,-0001.95,+0001.95,+0008.79,+0000.15,+0002.30,-0011.94
+1580774329.80,-0001.95,+0000.00,+0008.79,+0000.23,+0001.53,-0013.40
+1580774329.80,+0000.00,-0000.98,+0008.79,-0001.68,-0000.46,-0012.10
+1580774329.81,+0005.86,-0002.93,+0007.81,-0000.84,-0006.97,+0000.54
+1580774329.81,+0011.72,-0003.91,+0005.86,-0003.14,+0004.52,+0003.22
+1580774329.82,-0026.37,-0000.98,+0004.88,+0001.84,+0010.72,-0022.74
+1580774329.82,-0009.77,-0002.93,+0006.84,+0007.89,+0003.52,-0021.51
+1580774329.83,+0016.60,-0003.91,+0006.84,-0008.35,-0006.74,-0008.73
+1580774329.83,+0007.81,-0011.72,+0002.93,-0000.84,+0002.37,-0002.07
+1580774329.84,-0006.84,-0003.91,+0001.95,-0002.30,-0003.22,-0009.72
+1580774329.84,-0000.98,-0003.91,+0002.93,+0002.30,-0002.37,-0009.88
+1580774329.85,+0014.65,-0006.84,+0002.93,-0001.23,-0004.44,-0004.75
+1580774329.85,+0012.70,-0008.79,+0000.98,-0003.68,-0001.00,-0000.38
+1580774329.86,-0000.98,-0003.91,+0000.98,-0002.22,-0002.83,-0012.86
+1580774329.86,+0002.93,-0002.93,+0001.95,+0001.84,-0002.60,-0018.22
+1580774329.87,+0010.74,-0005.86,+0001.95,+0000.15,-0000.92,-0016.00
+1580774329.87,+0006.84,-0005.86,+0000.98,+0000.23,+0001.91,-0012.48
+1580774329.88,-0003.91,-0001.95,+0000.98,-0003.45,-0000.08,-0013.17
+1580774329.88,-0001.95,-0003.91,+0000.00,-0001.00,-0000.92,-0012.10
+1580774329.89,+0001.95,-0005.86,+0000.00,-0001.30,+0001.76,-0009.11
+1580774329.89,-0004.88,-0003.91,+0000.00,+0002.14,+0001.76,-0007.66
+1580774329.90,-0008.79,-0002.93,-0000.98,-0000.54,+0000.46,-0009.19
+1580774329.90,-0006.84,-0004.88,+0000.00,-0001.07,-0000.54,-0007.96
+1580774329.91,-0004.88,-0002.93,+0000.98,+0000.38,-0000.84,-0010.95
+1580774329.91,-0004.88,-0002.93,+0000.98,+0001.23,-0002.76,-0012.33
+1580774329.92,-0003.91,-0001.95,+0000.98,+0000.23,-0001.30,-0011.79
+1580774329.92,-0001.95,-0000.98,+0000.98,-0000.08,-0001.45,-0010.72
+1580774329.93,-0000.98,-0000.98,+0000.98,-0002.60,-0000.54,-0010.11
+1580774329.93,+0000.00,-0000.98,+0000.00,-0000.92,-0001.91,-0009.80
+1580774329.94,+0000.98,+0000.00,+0000.00,+0000.00,-0001.38,-0010.41
+1580774329.94,+0000.98,+0000.00,+0000.00,+0000.15,-0001.00,-0010.03
+1580774329.95,+0001.95,+0000.00,+0000.00,-0000.38,-0000.15,-0009.49
+1580774329.95,+0001.95,+0000.98,+0000.98,-0000.46,-0000.31,-0008.65
+1580774329.96,+0000.98,+0000.98,+0000.98,-0000.08,+0000.61,-0010.80
+1580774329.96,+0000.98,+0000.98,+0000.98,+0001.30,-0000.69,-0011.25
+1580774329.97,+0002.93,+0000.98,+0001.95,+0000.00,+0000.23,-0010.72
+1580774329.97,+0000.98,+0000.98,+0000.98,-0000.77,+0000.23,-0010.64
+1580774329.98,+0000.98,+0000.98,+0000.98,-0001.76,-0000.31,-0010.72
+1580774329.98,+0001.95,+0000.98,+0000.98,-0000.31,+0000.31,-0010.18
+1580774329.99,+0000.98,+0000.98,+0000.98,+0000.23,+0000.08,-0008.58
+1580774329.99,-0000.98,+0000.98,+0000.98,+0000.23,+0000.77,-0009.42
+1580774330.00,-0001.95,+0000.98,+0000.98,-0000.38,-0000.69,-0009.95
+1580774330.00,+0000.00,+0000.00,+0000.98,-0001.91,+0001.00,-0009.65
+1580774330.01,-0000.98,+0000.98,+0000.98,-0000.69,+0000.38,-0009.95
+1580774330.01,-0002.93,+0000.98,+0000.98,-0000.08,+0001.00,-0011.10
+1580774330.02,-0002.93,+0000.00,+0000.98,-0001.53,+0000.08,-0011.41
+1580774330.02,-0001.95,-0000.98,+0000.00,-0000.54,-0000.23,-0010.18
+1580774330.03,-0000.98,+0000.00,+0000.00,-0002.22,+0000.69,-0009.57
+1580774330.03,-0002.93,+0000.00,-0000.98,-0001.07,-0001.53,-0011.79
+1580774330.04,-0000.98,+0000.98,-0000.98,+0000.38,-0000.69,-0011.71
+1580774330.04,+0000.00,+0000.00,+0000.00,+0000.69,+0000.77,-0011.41
+1580774330.05,+0000.98,+0000.00,+0000.00,-0002.30,-0001.23,-0009.11
+1580774330.05,+0000.98,+0000.98,+0000.00,-0002.30,+0000.38,-0010.87
+1580774330.06,+0000.00,+0000.98,-0000.98,+0000.23,-0000.08,-0011.56
+1580774330.06,+0000.00,+0000.98,-0000.98,+0000.92,-0000.92,-0012.56
+1580774330.07,+0000.00,+0000.98,+0000.00,+0000.00,+0000.38,-0010.41
+1580774330.07,+0000.98,+0000.98,-0000.98,-0001.45,-0000.15,-0009.88
+1580774330.08,+0000.98,+0000.98,-0000.98,-0002.53,+0000.46,-0010.11
+1580774330.08,+0000.98,+0001.95,-0000.98,+0001.91,-0000.92,-0011.94
+1580774330.09,+0000.98,+0001.95,+0000.00,+0002.22,-0000.38,-0010.18
+1580774330.09,+0001.95,+0001.95,+0000.00,+0000.54,-0000.69,-0007.43
+1580774330.10,+0001.95,+0002.93,+0000.00,-0002.07,-0000.38,-0006.28
+1580774330.10,+0001.95,+0002.93,+0000.00,-0001.99,-0001.61,-0009.95
+1580774330.11,+0001.95,+0001.95,+0000.00,+0001.68,-0001.07,-0010.64
+1580774330.11,+0002.93,+0002.93,+0000.00,+0004.59,-0001.61,-0010.18
+1580774330.12,+0002.93,+0002.93,+0000.00,-0000.69,-0001.99,-0006.51
+1580774330.12,+0002.93,+0003.91,+0000.98,-0002.37,-0001.00,-0007.96
+1580774330.13,+0001.95,+0004.88,+0001.95,-0001.38,-0000.46,-0009.26
+1580774330.13,+0000.00,+0005.86,+0001.95,+0000.92,-0000.23,-0009.57
+1580774330.14,+0000.00,+0004.88,+0001.95,+0001.99,-0000.84,-0009.72
+1580774330.14,-0000.98,+0005.86,+0001.95,-0000.54,-0000.46,-0009.26
+1580774330.15,-0002.93,+0006.84,+0002.93,-0002.30,+0000.31,-0010.18
+1580774330.15,-0002.93,+0006.84,+0002.93,+0001.00,-0000.46,-0012.86
+1580774330.16,-0001.95,+0006.84,+0002.93,+0002.30,-0000.61,-0011.56
+1580774330.16,-0000.98,+0006.84,+0002.93,+0001.23,-0001.68,-0009.65
+1580774330.17,-0001.95,+0007.81,+0002.93,-0000.54,-0001.53,-0009.03
+1580774330.17,-0001.95,+0007.81,+0002.93,-0000.23,-0001.45,-0009.42
+1580774330.18,+0000.00,+0007.81,+0002.93,-0000.54,-0000.77,-0009.26
+1580774330.18,+0001.95,+0007.81,+0002.93,+0001.61,-0002.45,-0008.35
+1580774330.19,+0000.98,+0008.79,+0002.93,-0001.00,-0001.45,-0009.34
+1580774330.19,+0000.00,+0007.81,+0002.93,-0000.77,-0000.61,-0010.49
+1580774330.20,+0001.95,+0008.79,+0002.93,-0001.99,-0000.31,-0011.41
+1580774330.20,+0002.93,+0007.81,+0003.91,+0000.69,-0001.00,-0012.63
+1580774330.21,+0001.95,+0008.79,+0003.91,+0002.14,-0001.30,-0010.80
+1580774330.21,+0000.98,+0009.77,+0004.88,+0000.54,-0001.07,-0010.26
+1580774330.22,+0001.95,+0007.81,+0004.88,-0001.68,-0001.00,-0008.88
+1580774330.22,+0004.88,+0007.81,+0004.88,-0002.99,-0003.90,-0005.59
+1580774330.23,+0015.62,+0006.84,+0003.91,+0000.15,-0005.74,+0007.20
+1580774330.23,+0008.79,+0006.84,-0000.98,+0001.61,+0012.17,-0008.19
+1580774330.24,-0032.23,+0008.79,+0000.98,-0000.77,+0001.38,-0022.74
+1580774330.24,+0001.95,+0008.79,+0005.86,-0002.53,+0000.84,-0027.64
+1580774330.25,+0020.51,+0003.91,+0004.88,-0010.64,+0004.52,-0001.76
+1580774330.25,-0001.95,+0001.95,+0002.93,+0003.14,+0005.28,-0007.96
+1580774330.26,-0015.62,+0008.79,+0000.98,+0001.61,-0002.45,-0016.23
+1580774330.26,-0002.93,+0003.91,+0002.93,+0002.14,-0002.07,-0010.34
+1580774330.27,+0009.77,+0000.98,+0001.95,-0000.92,-0001.15,-0001.84
+1580774330.27,-0002.93,+0000.98,+0000.00,-0000.15,+0001.91,-0005.13
+1580774330.28,-0009.77,+0004.88,+0000.00,-0005.82,-0002.37,-0012.10
+1580774330.28,+0000.98,+0000.00,+0000.00,+0000.69,-0001.61,-0015.62
+1580774330.29,+0004.88,-0001.95,+0000.00,-0000.46,-0000.15,-0011.41
+1580774330.29,+0000.00,+0000.98,-0000.98,-0000.38,-0001.23,-0011.33
+1580774330.30,-0002.93,+0000.98,-0000.98,-0001.30,-0002.30,-0011.71
+1580774330.30,+0000.98,-0002.93,-0001.95,-0003.52,-0001.45,-0012.17
+1580774330.31,+0002.93,-0002.93,-0002.93,-0004.29,-0000.84,-0010.41
+1580774330.31,+0000.98,-0000.98,-0003.91,-0001.00,+0000.15,-0010.11
+1580774330.32,-0000.98,-0002.93,-0003.91,+0002.07,-0000.84,-0010.80
+1580774330.32,+0000.98,-0003.91,-0003.91,+0000.00,-0001.76,-0009.95
+1580774330.33,+0002.93,-0004.88,-0004.88,-0001.76,-0000.69,-0009.03
+1580774330.33,+0000.98,-0004.88,-0004.88,-0003.45,-0001.07,-0009.26
+1580774330.34,+0000.98,-0005.86,-0005.86,-0000.08,-0000.69,-0012.10
+1580774330.34,+0001.95,-0005.86,-0005.86,-0000.46,-0001.15,-0011.56
+1580774330.35,+0003.91,-0006.84,-0006.84,+0001.45,-0000.23,-0010.26
+1580774330.35,+0000.00,-0005.86,-0006.84,-0003.29,-0001.23,-0009.88
+1580774330.36,+0000.00,-0006.84,-0007.81,-0004.67,-0000.77,-0009.65
+1580774330.36,+0002.93,-0007.81,-0007.81,-0001.23,+0001.23,-0012.48
+1580774330.37,+0000.00,-0007.81,-0007.81,+0001.07,-0000.31,-0012.25
+1580774330.37,+0000.00,-0007.81,-0008.79,+0003.75,-0001.30,-0012.71
+1580774330.38,+0000.98,-0008.79,-0009.77,+0002.60,-0001.68,-0010.41
+1580774330.38,+0000.98,-0007.81,-0009.77,-0005.67,-0000.77,-0005.51
+1580774330.39,+0000.00,-0008.79,-0009.77,-0006.58,+0000.15,-0006.97
+1580774330.39,+0000.00,-0008.79,-0010.74,-0003.98,+0000.08,-0009.72
