+1580774317.42,-0001.95,+0003.91,-0001.95,-0001.38,-0000.69,-0009.88
+1580774317.42,-0002.93,+0003.91,-0001.95,-0001.00,-0001.84,-0007.66
+1580774317.43,+0003.91,+0003.91,-0000.98,-0000.15,+0004.59,-0014.16
+1580774317.43,-0006.84,+0004.88,-0000.98,-0003.22,+0001.38,-0012.25
+1580774317.44,+0001.95,+0003.91,-0000.98,-0001.68,+0002.07,-0012.63
+1580774317.44,+0001.95,+0002.93,-0001.95,-0001.15,+0000.15,-0010.64
+1580774317.45,+0000.98,+0003.91,-0001.95,-0000.23,-0000.84,-0006.28
+1580774317.45,+0003.91,+0003.91,-0002.93,+0001.00,-0000.84,-0009.26
+1580774317.46,+0002.93,+0002.93,-0002.93,-0000.69,-0002.07,-0008.04
+1580774317.46,+0004.88,+0002.93,-0002.93,+0001.23,-0000.23,-0010.80
+1580774317.47,+0002.93,+0002.93,-0001.95,+0000.92,-0001.00,-0011.25
+1580774317.47,+0005.86,+0002.93,-0002.93,+0001.61,-0001.00,-0011.33
+1580774317.48,+0004.88,+0001.95,-0001.95,-0002.07,-0002.07,-0010.95
+1580774317.48,+0003.91,+0001.95,-0002.93,+0002.53,+0000.54,-0010.26
+1580774317.49,+0001.95,+0001.95,-0003.91,+0000.77,-0002.37,-0010.34
+1580774317.49,+0001.95,+0000.98,-0003.91,+0001.23,+0000.08,-0009.42
+1580774317.50,+0000.98,+0000.00,-0003.91,+0000.00,-0000.54,-0009.34
+1580774317.50,-0001.95,+0000.00,-0003.91,+0000.69,+0000.08,-0008.58
+1580774317.51,-0000.98,-0000.98,-0003.91,-0001.76,-0000.46,-0007.81
+1580774317.51,-0000.98,-0001.95,-0003.91,-0000.54,+0000.46,-0007.27
+1580774317.52,-0002.93,-0001.95,-0005.86,-0002.22,+0000.77,-0007.50
+1580774317.52,-0003.91,-0001.95,-0005.86,-0002.68,-0000.69,-0010.34
+1580774317.53,-0001.95,-0002.93,-0005.86,-0000.23,-0000.08,-0011.10
+1580774317.53,-0000.98,-0002.93,-0004.88,-0001.91,+0001.38,-0010.80
+1580774317.54,-0002.93,-0002.93,-0005.86,-0002.53,-0000.54,-0010.18
+1580774317.54,-0002.93,-0002.93,-0005.86,-0003.22,+0000.92,-0010.49
+1580774317.55,-0003.91,-0003.91,-0006.84,-0000.46,-0001.23,-0008.58
+1580774317.55,+0000.98,-0004.88,-0006.84,-0002.60,+0000.54,-0009.03
+1580774317.56,+0000.00,-0003.91,-0008.79,+0000.38,+0000.08,-0008.27
+1580774317.56,-0000.98,-0003.91,-0008.79,-0000.38,-0001.68,-0009.88
+1580774317.57,+0000.00,-0004.88,-0007.81,-0000.08,+0000.61,-0012.02
+1580774317.57,+0001.95,-0003.91,-0007.81,-0000.61,+0000.00,-0011.33
+1580774317.58,+0004.88,-0003.91,-0007.81,+0000.38,+0001.99,-0010.26
+1580774317.58,-0004.88,-0002.93,-0007.81,-0000.92,+0002.68,-0015.39
+1580774317.59,-0002.93,-0004.88,-0006.84,+0001.00,-0004.59,-0010.03
+1580774317.59,+0007.81,-0004.88,-0006.84,-0000.54,+0002.07,-0011.03
+1580774317.60,-0003.91,-0003.91,-0007.81,+0001.30,+0000.38,-0007.96
+1580774317.60,-0004.88,-0002.93,-0006.84,-0001.07,-0000.31,-0011.94
+1580774317.61,-0001.95,-0006.84,-0006.84,-0001.00,+0001.00,-0013.40
+1580774317.61,-0000.98,-0004.88,-0006.84,-0002.22,+0002.07,-0010.72
+1580774317.62,-0003.91,-0003.91,-0007.81,-0000.69,+0000.61,-0009.72
+1580774317.62,-0004.88,-0004.88,-0007.81,-0001.30,+0000.08,-0008.88
+1580774317.63,-0003.91,-0005.86,-0006.84,-0000.08,+0000.31,-0009.26
+1580774317.63,-0004.88,-0004.88,-0006.84,-0000.46,+0000.92,-0008.88
+1580774317.64,-0005.86,-0003.91,-0007.81,+0000.31,+0000.84,-0010.57
+1580774317.64,-0005.86,-0003.91,-0007.81,-0001.30,-0001.38,-0010.64
+1580774317.65,-0003.91,-0004.88,-0007.81,-0000.08,-0000.38,-0010.49
+1580774317.65,-0005.86,-0003.91,-0007.81,-0001.07,+0001.00,-0011.41
+1580774317.66,-0007.81,-0003.91,-0007.81,-0000.15,+0000.00,-0011.41
+1580774317.66,-0004.88,-0003.91,-0007.81,+0000.23,+0000.00,-0009.03
+1580774317.67,-0002.93,-0003.91,-0007.81,-0001.00,+0000.31,-0009.57
+1580774317.67,-0006.84,-0002.93,-0007.81,-0000.92,+0002.07,-0011.56
+1580774317.68,-0006.84,-0002.93,-0006.84,-0001.30,-0001.38,-0012.17
+1580774317.68,-0000.98,-0003.91,-0006.84,-0000.84,-0001.99,-0008.04
+1580774317.69,+0002.93,-0002.93,-0006.84,-0001.38,-0000.31,-0005.59
+1580774317.69,-0006.84,-0000.98,-0007.81,+0000.69,+0004.67,-0013.25
+1580774317.70,-0009.77,-0001.95,-0006.84,-0000.84,-0001.45,-0014.16
+1580774317.70,+0011.72,-0002.93,-0005.86,-0000.08,-0008.27,+0000.00
+1580774317.71,+0016.60,-0001.95,-0007.81,-0000.61,+0010.95,-0002.45
+1580774317.71,-0026.37,+0003.91,-0007.81,-0001.45,+0002.99,-0017.76
+1580774317.72,-0003.91,-0003.91,-0004.88,+0006.81,+0002.14,-0022.74
+1580774317.72,+0017.58,-0003.91,-0004.88,-0007.04,+0000.54,-0002.60
+1580774317.73,+0000.98,-0000.98,-0006.84,+0005.51,+0004.06,-0006.28
+1580774317.73,-0012.70,+0002.93,-0006.84,-0004.82,-0000.38,-0006.97
+1580774317.74,-0003.91,-0005.86,-0005.86,+0004.13,+0000.00,-0010.72
+1580774317.74,+0009.77,-0002.93,-0005.86,-0002.60,-0001.45,-0005.21
+1580774317.75,-0002.93,-0000.98,-0006.84,+0002.22,+0003.98,-0008.35
+1580774317.75,-0009.77,+0000.00,-0006.84,-0000.84,-0005.44,-0008.73
+1580774317.76,+0003.91,-0004.88,-0005.86,+0002.22,+0001.23,-0007.66
+1580774317.76,-0000.98,-0001.95,-0004.88,-0000.31,+0004.13,-0011.48
+1580774317.77,-0009.77,+0000.98,-0004.88,-0000.23,-0002.37,-0008.50
+1580774317.77,-0000.98,-0002.93,-0004.88,-0002.22,+0000.84,-0016.15
+1580774317.78,+0000.00,-0003.91,-0005.86,+0001.45,-0002.60,-0008.50
+1580774317.78,+0001.95,-0000.98,-0006.84,-0001.84,+0000.54,-0006.97
+1580774317.79,-0006.84,-0001.95,-0006.84,-0000.54,-0001.84,-0010.18
+1580774317.79,-0003.91,-0002.93,-0005.86,+0001.30,+0001.15,-0011.25
+1580774317.80,-0000.98,-0000.98,-0004.88,+0000.23,+0000.38,-0011.48
+1580774317.80,+0000.98,+0000.00,-0004.88,-0001.30,-0001.15,-0007.50
+1580774317.81,-0003.91,+0000.00,-0005.86,-0002.68,+0000.84,-0010.72
+1580774317.81,-0006.84,-0000.98,-0005.86,+0000.31,-0001.53,-0009.65
+1580774317.82,+0000.00,+0000.00,-0004.88,+0000.08,+0000.92,-0011.48
+1580774317.82,-0001.95,+0000.00,-0003.91,+0001.99,-0000.31,-0007.73
+1580774317.83,-0002.93,+0001.95,-0003.91,-0001.84,+0000.46,-0010.03
+1580774317.83,-0003.91,+0000.98,-0003.91,+0000.15,+0000.46,-0011.64
+1580774317.84,-0001.95,+0000.98,-0002.93,+0001.00,-0001.23,-0008.27
+1580774317.84,+0000.00,+0000.98,-0003.91,+0001.38,+0001.07,-0009.65
+1580774317.85,-0004.88,+0001.95,-0003.91,-0001.99,-0000.92,-0008.73
+1580774317.85,-0001.95,+0000.98,-0002.93,+0002.83,-0000.54,-0009.88
+1580774317.86,-0000.98,+0000.98,-0002.93,+0000.61,-0001.30,-0011.64
+1580774317.86,+0000.00,+0001.95,-0001.95,-0000.31,-0000.46,-0009.49
+1580774317.87,+0000.00,+0001.95,-0001.95,-0000.54,+0001.99,-0012.40
+1580774317.87,-0002.93,+0001.95,-0001.95,+0001.30,-0000.77,-0013.09
+1580774317.88,+0000.98,+0000.98,-0001.95,+0000.92,+0001.38,-0010.72
+1580774317.88,-0001.95,+0000.98,-0001.95,-0000.38,-0002.37,-0008.27
+1580774317.89,+0000.00,+0002.93,-0001.95,-0000.15,-0001.00,-0009.34
+1580774317.89,-0000.98,+0001.95,-0001.95,+0000.08,-0001.23,-0010.26
+1580774317.90,+0000.98,+0001.95,-0000.98,+0001.61,+0001.38,-0010.11
+1580774317.90,+0000.00,+0002.93,-0000.98,+0000.38,+0000.08,-0013.25
+1580774317.91,+0000.98,+0001.95,+0000.00,+0000.15,-0001.53,-0009.19
+1580774317.91,+0000.98,+0002.93,-0000.98,-0001.68,+0000.61,-0011.71
+1580774317.92,-0001.95,+0001.95,-0000.98,-0000.38,-0002.99,-0008.04
+1580774317.92,+0003.91,+0002.93,-0001.95,-0001.38,-0000.61,-0009.49
+1580774317.93,+0000.98,+0001.95,-0001.95,-0000.46,-0000.15,-0006.74
+1580774317.93,+0000.98,+0003.91,-0001.95,+0000.08,+0000.31,-0010.03
+1580774317.94,+0000.00,+0002.93,-0000.98,+0000.15,+0000.54,-0013.40
+1580774317.94,+0004.88,+0001.95,-0000.98,+0000.46,-0001.38,-0010.41
+1580774317.95,+0002.93,+0002.93,-0000.98,-0000.46,+0000.23,-0011.41
+1580774317.95,-0001.95,+0003.91,-0000.98,-0000.38,-0003.06,-0008.19
+1580774317.96,+0003.91,+0002.93,-0000.98,+0000.46,-0000.15,-0010.72
+1580774317.96,+0001.95,+0001.95,-0001.95,-0001.15,-0001.99,-0007.66
+1580774317.97,+0002.93,+0003.91,-0001.95,-0001.84,+0001.15,-0010.34
+1580774317.97,+0000.00,+0002.93,-0001.95,-0001.68,-0001.38,-0012.48
+1580774317.98,+0002.93,+0002.93,-0001.95,+0000.31,-0000.92,-0009.19
+1580774317.98,+0003.91,+0001.95,-0002.93,+0001.45,-0000.84,-0011.10
+1580774317.99,-0000.98,+0002.93,-0002.93,+0000.00,-0001.38,-0009.95
+1580774317.99,+0001.95,+0001.95,-0002.93,-0001.00,-0001.30,-0010.11
+1580774318.00,+0002.93,+0001.95,-0003.91,-0002.45,+0000.61,-0009.57
+1580774318.00,+0000.00,+0002.93,-0003.91,+0000.31,-0000.84,-0008.12
+1580774318.01,+0000.00,+0002.93,-0002.93,-0001.68,+0001.38,-0011.71
+1580774318.01,+0000.98,+0001.95,-0002.93,+0000.31,-0001.15,-0008.96
+1580774318.02,+0003.91,+0001.95,-0002.93,+0000.61,+0002.22,-0011.18
+1580774318.02,-0005.86,+0001.95,-0003.91,+0000.08,-0003.22,-0007.66
+1580774318.03,-0000.98,+0001.95,-0003.91,+0000.84,-0001.15,-0008.42
+1580774318.03,+0000.00,-0000.98,-0004.88,-0001.38,-0001.45,-0008.12
+1580774318.04,-0002.93,+0000.00,-0005.86,-0000.61,+0001.15,-0008.42
+1580774318.04,-0003.91,+0000.00,-0005.86,-0001.68,+0000.31,-0011.94
+1580774318.05,-0002.93,-0000.98,-0004.88,-0000.08,-0001.38,-0010.49
+1580774318.05,+0000.98,-0000.98,-0004.88,+0000.54,-0000.46,-0010.03
+1580774318.06,-0003.91,+0000.00,-0005.86,+0000.15,-0001.68,-0007.58
+1580774318.06,-0005.86,-0000.98,-0006.84,-0000.23,-0000.61,-0009.72
+1580774318.07,-0004.88,-0002.93,-0006.84,-0000.38,+0000.08,-0011.25
+1580774318.07,-0003.91,-0002.93,-0007.81,-0001.38,+0000.00,-0010.49
+1580774318.08,-0003.91,-0002.93,-0007.81,-0001.68,-0000.23,-0010.72
+1580774318.08,-0003.91,-0002.93,-0007.81,-0001.61,-0000.46,-0012.02
+1580774318.09,-0002.93,-0003.91,-0007.81,-0000.84,-0001.84,-0008.73
+1580774318.09,+0002.93,-0003.91,-0007.81,-0000.92,-0001.15,-0007.73
+1580774318.10,-0004.88,-0002.93,-0008.79,+0000.61,+0003.22,-0013.40
+1580774318.10,-0007.81,-0003.91,-0008.79,+0002.14,-0002.53,-0009.42
+1580774318.11,+0003.91,-0004.88,-0008.79,-0000.69,-0000.08,-0009.88
+1580774318.11,+0000.98,-0004.88,-0009.77,-0000.08,+0000.00,-0009.42
+1580774318.12,-0002.93,-0002.93,-0009.77,+0000.38,-0000.38,-0007.81
+1580774318.12,-0001.95,-0004.88,-0009.77,+0000.92,+0000.69,-0010.72
+1580774318.13,-0000.98,-0004.88,-0009.77,-0003.22,+0000.08,-0011.33
+1580774318.13,+0000.98,-0004.88,-0008.79,-0000.69,-0001.07,-0011.41
+1580774318.14,+0001.95,-0003.91,-0009.77,-0000.23,+0000.38,-0009.88
+1580774318.14,-0000.98,-0003.91,-0009.77,+0001.84,-0001.00,-0010.49
+1580774318.15,-0002.93,-0003.91,-0009.77,-0000.77,-0000.46,-0009.42
+1580774318.15,+0000.98,-0005.86,-0009.77,-0000.54,-0001.45,-0011.18
+1580774318.16,+0000.00,-0004.88,-0010.74,+0000.69,-0000.69,-0009.11
+1580774318.16,-0000.98,-0003.91,-0010.74,-0001.91,-0000.15,-0009.95
+1580774318.17,-0002.93,-0004.88,-0010.74,-0002.22,+0000.61,-0011.25
+1580774318.17,-0000.98,-0004.88,-0010.74,-0001.99,-0000.84,-0009.34
+1580774318.18,+0004.88,-0004.88,-0009.77,-0003.37,+0001.15,-0009.72
+1580774318.18,-0000.98,-0003.91,-0010.74,+0000.08,+0002.30,-0013.02
+1580774318.19,-0006.84,-0002.93,-0009.77,-0002.22,+0000.77,-0015.01
+1580774318.19,+0006.84,-0004.88,-0009.77,-0001.23,-0001.30,-0007.66
+1580774318.20,+0005.86,-0002.93,-0010.74,+0002.68,+0004.67,-0013.09
+1580774318.20,-0010.74,-0000.98,-0010.74,-0000.84,-0001.45,-0010.03
+1580774318.21,+0001.95,-0002.93,-0009.77,-0001.53,+0000.54,-0013.40
+1580774318.21,+0004.88,-0003.91,-0009.77,-0001.45,+0000.84,-0006.51
+1580774318.22,+0001.95,+0000.00,-0009.77,+0000.31,+0001.38,-0004.52
+1580774318.22,-0003.91,+0000.00,-0008.79,-0002.53,+0000.38,-0011.10
+1580774318.23,+0001.95,-0001.95,-0007.81,+0002.45,-0002.30,-0007.58
+1580774318.23,+0009.77,-0001.95,-0007.81,+0000.92,+0000.23,-0007.96
+1580774318.24,-0000.98,+0000.98,-0007.81,+0002.45,+0001.38,-0010.95
+1580774318.24,-0003.91,+0000.00,-0007.81,+0001.23,-0003.29,-0013.63
+1580774318.25,+0007.81,-0002.93,-0007.81,-0002.53,-0000.54,-0010.18
+1580774318.25,+0008.79,-0001.95,-0008.79,-0000.15,+0001.99,-0009.95
+1580774318.26,-0001.95,+0000.98,-0008.79,-0001.91,+0000.15,-0008.73
+1580774318.26,+0000.98,-0000.98,-0007.81,-0000.38,-0000.23,-0011.18
+1580774318.27,+0006.84,-0001.95,-0006.84,-0000.08,+0000.38,-0008.42
+1580774318.27,+0004.88,+0000.00,-0006.84,+0001.76,+0000.08,-0005.97
+1580774318.28,+0000.00,+0001.95,-0005.86,+0001.07,-0000.38,-0009.42
+1580774318.28,+0000.00,+0000.00,-0005.86,+0001.07,-0001.23,-0008.96
+1580774318.29,+0003.91,+0000.00,-0005.86,+0000.31,-0000.77,-0009.57
+1580774318.29,+0000.98,+0000.98,-0005.86,-0000.08,+0000.61,-0009.03
+1580774318.30,-0001.95,+0001.95,-0005.86,-0001.15,+0000.08,-0010.34
+1580774318.30,-0001.95,+0000.98,-0005.86,-0001.53,-0000.69,-0010.18
+1580774318.31,+0001.95,+0000.98,-0004.88,-0000.15,-0000.31,-0011.33
+1580774318.31,-0000.98,+0001.95,-0004.88,+0000.69,+0000.08,-0009.49
+1580774318.32,-0002.93,+0002.93,-0003.91,+0001.61,-0001.45,-0010.03
+1580774318.32,+0000.00,+0001.95,-0003.91,+0000.23,+0000.31,-0012.63
+1580774318.33,+0000.98,+0001.95,-0003.91,+0001.23,-0001.30,-0009.42
+1580774318.33,+0000.00,+0002.93,-0004.88,-0000.69,-0001.61,-0009.65
+1580774318.34,+0000.00,+0002.93,-0004.88,-0001.23,-0002.07,-0009.49
+1580774318.34,+0002.93,+0001.95,-0003.91,-0000.61,-0001.61,-0008.50
+1580774318.35,+0001.95,+0002.93,-0003.91,-0000.69,-0001.00,-0009.42
+1580774318.35,+0001.95,+0002.93,-0003.91,-0000.31,-0001.53,-0010.49
+1580774318.36,+0002.93,+0002.93,-0003.91,+0000.69,+0001.38,-0010.41
+1580774318.36,+0002.93,+0002.93,-0003.91,+0000.77,+0000.31,-0008.58
+1580774318.37,+0002.93,+0002.93,-0003.91,+0000.54,-0000.61,-0008.80
+1580774318.37,+0000.00,+0002.93,-0003.91,+0000.61,+0000.23,-0010.87
+1580774318.38,-0000.98,+0000.98,-0003.91,+0000.00,-0000.31,-0009.80
+1580774318.38,+0000.98,+0000.98,-0003.91,-0001.00,+0001.07,-0011.64
+1580774318.39,-0001.95,+0000.98,-0003.91,-0001.45,+0000.08,-0008.35
+1580774318.39,-0002.93,+0000.98,-0003.91,-0000.92,+0001.53,-0012.02
+1580774318.40,-0003.91,+0000.00,-0003.91,-0000.54,+0001.23,-0014.24
+1580774318.40,-0001.95,-0000.98,-0003.91,+0000.15,+0000.54,-0010.11
+1580774318.41,-0001.95,-0000.98,-0004.88,+0000.61,+0001.30,-0012.02
+1580774318.41,-0002.93,-0000.98,-0005.86,-0001.61,-0001.76,-0010.57
+1580774318.42,+0001.95,-0001.95,-0005.86,-0000.54,+0001.53,-0009.11
+1580774318.42,-0001.95,-0000.98,-0005.86,-0001.99,+0001.53,-0011.48
+1580774318.43,-0002.93,-0000.98,-0004.88,-0001.07,-0003.14,-0010.87
+1580774318.43,+0009.77,-0001.95,-0005.86,-0000.61,-0002.91,-0008.88
+1580774318.44,+0005.86,-0001.95,-0007.81,+0001.30,+0001.00,-0011.10
+1580774318.44,-0005.86,+0000.00,-0006.84,-0000.92,-0002.99,-0010.95
+1580774318.45,+0004.88,-0001.95,-0005.86,+0001.07,-0001.45,-0012.71
+1580774318.45,+0008.79,-0001.95,-0005.86,+0001.07,-0001.30,-0008.12
+1580774318.46,+0005.86,+0000.98,-0005.86,-0001.68,-0000.69,-0006.35
+1580774318.46,+0001.95,+0000.00,-0005.86,-0001.15,+0001.53,-0011.33
+1580774318.47,-0000.98,-0000.98,-0005.86,+0000.00,-0001.38,-0012.17
+1580774318.47,+0005.86,-0000.98,-0005.86,+0002.37,+0002.53,-0013.25
+1580774318.48,+0002.93,+0000.00,-0005.86,-0000.69,-0006.05,-0004.21
+1580774318.48,+0008.79,-0000.98,-0005.86,-0000.84,+0001.53,-0002.76
+1580774318.49,-0014.65,+0001.95,-0005.86,-0001.99,-0005.82,-0013.93
+1580774318.49,-0006.84,-0000.98,-0003.91,+0004.44,-0000.92,-0011.48
+1580774318.50,+0012.70,-0001.95,-0003.91,-0004.82,+0002.83,-0011.71
+1580774318.50,-0006.84,-0000.98,-0005.86,-0001.84,+0002.68,-0009.72
+1580774318.51,-0008.79,+0002.93,-0005.86,-0004.13,-0000.84,-0014.62
+1580774318.51,-0001.95,-0003.91,-0005.86,+0001.99,-0002.30,-0011.18
+1580774318.52,+0006.84,-0001.95,-0005.86,-0000.46,-0001.15,-0003.98
+1580774318.52,-0001.95,+0000.00,-0005.86,+0000.00,-0001.91,-0009.11
+1580774318.53,-0006.84,+0000.98,-0005.86,-0000.84,-0003.83,-0008.80
+1580774318.53,+0004.88,-0000.98,-0004.88,-0001.00,-0002.53,-0010.80
+1580774318.54,+0006.84,-0000.98,-0003.91,-0003.68,-0000.15,-0005.90
+1580774318.54,-0002.93,+0001.95,-0004.88,-0002.22,+0001.00,-0014.24
+1580774318.55,-0008.79,+0000.98,-0004.88,+0001.23,-0002.22,-0015.54
+1580774318.55,+0002.93,-0000.98,-0003.91,+0004.21,-0000.38,-0013.86
+1580774318.56,+0002.93,-0000.98,-0004.88,+0003.06,+0000.84,-0010.87
+1580774318.56,-0006.84,+0000.98,-0004.88,-0002.91,-0001.76,-0009.95
+1580774318.57,-0003.91,-0000.98,-0004.88,-0001.00,-0000.15,-0011.56
+1580774318.57,-0000.98,-0000.98,-0003.91,-0001.91,+0000.77,-0010.34
+1580774318.58,-0000.98,+0000.00,-0003.91,-0000.15,+0001.23,-0008.12
+1580774318.58,-0004.88,+0000.00,-0003.91,-0001.76,-0000.08,-0009.80
+1580774318.59,-0003.91,-0000.98,-0003.91,+0002.30,-0001.91,-0009.88
+1580774318.59,+0000.98,-0000.98,-0003.91,+0001.45,-0001.00,-0008.96
+1580774318.60,-0000.98,-0000.98,-0003.91,+0001.15,-0001.15,-0010.26
+1580774318.60,-0001.95,+0000.00,-0004.88,-0001.45,-0001.84,-0008.42
+1580774318.61,+0000.98,-0000.98,-0003.91,-0001.76,-0001.00,-0009.88
+1580774318.61,+0000.98,-0000.98,-0003.91,-0001.91,-0002.68,-0005.97
+1580774318.61,+0002.93,+0000.00,-0004.88,+0000.46,+0002.07,-0007.96
+1580774318.62,-0008.79,+0000.98,-0004.88,+0000.46,+0001.68,-0014.32
+1580774318.62,-0004.88,-0000.98,-0002.93,+0004.06,-0000.31,-0010.87
+1580774318.63,+0003.91,-0000.98,-0002.93,-0001.00,+0000.46,-0009.65
+1580774318.63,-0004.88,-0000.98,-0003.91,+0001.15,+0000.00,-0006.97
+1580774318.64,-0006.84,+0000.98,-0003.91,-0002.37,-0000.61,-0008.27
+1580774318.64,-0004.88,-0001.95,-0003.91,-0001.23,-0000.38,-0007.96
+1580774318.65,-0000.98,-0001.95,-0003.91,-0003.52,+0001.68,-0010.26
+1580774318.65,-0004.88,-0000.98,-0003.91,+0001.45,-0000.84,-0010.87
+1580774318.66,-0001.95,-0000.98,-0004.88,+0002.99,-0000.15,-0009.95
+1580774318.66,-0000.98,-0000.98,-0004.88,+0001.91,-0001.38,-0010.41
+1580774318.67,-0003.91,+0000.00,-0003.91,+0001.84,-0002.30,-0009.19
+1580774318.67,+0002.93,+0000.00,-0003.91,-0001.00,-0002.30,-0008.50
+1580774318.68,+0003.91,-0000.98,-0002.93,-0002.60,+0001.30,-0007.20
+1580774318.68,+0000.98,+0000.98,-0002.93,-0001.30,+0000.31,-0010.87
+1580774318.69,-0001.95,+0000.98,-0002.93,-0002.37,-0000.31,-0013.40
+1580774318.69,+0001.95,-0000.98,-0003.91,-0000.38,+0000.31,-0014.62
+1580774318.70,+0001.95,-0000.98,-0005.86,+0002.14,-0002.37,-0010.95
+1580774318.70,+0001.95,+0000.98,-0006.84,+0003.45,+0002.22,-0012.02
+1580774318.71,-0005.86,+0000.00,-0005.86,+0000.38,+0000.31,-0013.93
+1580774318.71,+0000.00,+0000.00,-0004.88,-0000.31,-0000.69,-0009.26
+1580774318.72,+0003.91,+0000.00,-0003.91,-0004.21,+0001.53,-0007.66
+1580774318.72,-0001.95,+0001.95,-0004.88,-0001.68,+0000.92,-0004.82
+1580774318.73,-0003.91,+0001.95,-0004.88,-0003.83,+0001.07,-0010.26
+1580774318.73,-0000.98,+0000.00,-0005.86,+0001.76,-0000.31,-0011.18
+1580774318.74,+0001.95,-0000.98,-0006.84,+0003.14,-0000.77,-0013.32
+1580774318.74,+0001.95,+0000.98,-0006.84,+0002.22,-0001.91,-0012.40
+1580774318.75,+0000.98,+0000.98,-0006.84,-0000.15,-0000.23,-0011.56
+1580774318.75,+0000.00,+0000.98,-0005.86,-0002.30,-0002.37,-0011.94
+1580774318.76,+0009.77,+0000.00,-0005.86,-0003.29,-0004.36,-0005.74
+1580774318.76,+0010.74,+0000.98,-0006.84,-0004.59,+0003.06,-0005.51
+1580774318.77,-0007.81,+0002.93,-0007.81,-0001.84,-0004.06,-0006.97
+1580774318.77,+0001.95,+0000.98,-0006.84,+0003.75,-0000.61,-0013.17
+1580774318.78,+0007.81,-0000.98,-0007.81,+0001.53,-0001.53,-0011.33
+1580774318.78,+0003.91,+0000.98,-0008.79,+0000.92,-0001.76,-0002.30
+1580774318.79,+0000.00,+0001.95,-0009.77,-0001.23,-0001.00,-0006.66
+1580774318.79,-0004.88,+0000.98,-0007.81,+0000.54,+0002.37,-0009.80
+1580774318.80,-0004.88,+0000.00,-0005.86,-0001.30,+0000.00,-0010.57
+1580774318.80,+0000.00,+0000.98,-0005.86,-0001.61,+0000.61,-0013.32
+1580774318.81,-0003.91,+0000.98,-0006.84,-0001.99,+0000.31,-0011.33
+1580774318.81,-0004.88,+0000.98,-0007.81,+0001.45,-0000.38,-0011.25
+1580774318.82,-0004.88,+0000.00,-0007.81,+0002.37,-0001.53,-0011.48
+1580774318.82,-0004.88,-0000.98,-0008.79,+0001.30,-0001.23,-0009.26
+1580774318.83,-0004.88,+0000.00,-0008.79,-0001.15,-0000.61,-0007.35
+1580774318.83,-0007.81,+0000.00,-0008.79,-0000.92,-0001.30,-0006.05
+1580774318.84,-0005.86,-0000.98,-0008.79,-0000.69,+0000.54,-0009.57
+1580774318.84,-0002.93,-0000.98,-0008.79,-0002.60,-0000.15,-0008.35
+1580774318.85,-0000.98,-0000.98,-0008.79,+0000.77,-0001.00,-0007.35
+1580774318.85,-0005.86,+0000.00,-0009.77,+0001.15,-0001.30,-0017.76
+1580774318.86,-0006.84,-0000.98,-0008.79,+0001.76,-0004.13,-0013.93
+1580774318.86,+0001.95,-0001.95,-0008.79,+0001.30,-0000.92,-0011.03
+1580774318.87,-0000.98,-0001.95,-0008.79,-0000.61,-0000.84,-0012.02
+1580774318.87,+0000.00,+0000.00,-0008.79,-0002.45,-0000.77,-0010.49
+1580774318.88,-0002.93,-0001.95,-0008.79,-0004.75,+0001.07,-0010.03
+1580774318.88,+0000.98,-0002.93,-0009.77,-0001.15,-0001.00,-0008.27
+1580774318.89,+0000.98,-0003.91,-0009.77,+0001.07,+0000.77,-0009.80
+1580774318.89,-0003.91,-0002.93,-0010.74,+0002.83,-0000.69,-0009.34
+1580774318.90,-0001.95,-0003.91,-0010.74,+0002.91,-0000.31,-0012.40
+1580774318.90,-0000.98,-0004.88,-0009.77,+0001.38,-0001.91,-0009.11
+1580774318.91,-0000.98,-0004.88,-0010.74,-0002.76,+0002.14,-0010.41
+1580774318.91,-0004.88,-0003.91,-0010.74,-0003.60,-0002.60,-0009.65
+1580774318.92,+0000.00,-0005.86,-0010.74,-0002.76,+0000.92,-0009.11
+1580774318.92,+0000.98,-0006.84,-0010.74,+0000.15,-0000.15,-0009.65
+1580774318.93,-0002.93,-0004.88,-0010.74,+0002.99,-0000.23,-0008.27
+1580774318.93,-0001.95,-0005.86,-0011.72,+0000.69,-0000.46,-0012.40
+1580774318.94,-0002.93,-0007.81,-0011.72,+0001.00,-0001.76,-0011.41
+1580774318.94,+0000.98,-0006.84,-0011.72,-0001.30,-0000.38,-0009.72
+1580774318.95,-0000.98,-0006.84,-0012.70,-0003.60,-0000.46,-0008.35
+1580774318.95,-0000.98,-0006.84,-0012.70,-0003.90,-0000.69,-0008.04
+1580774318.96,+0000.00,-0006.84,-0012.70,-0003.22,+0000.84,-0010.26
+1580774318.96,+0000.98,-0006.84,-0012.70,+0000.46,+0000.92,-0010.80
+1580774318.97,+0000.98,-0006.84,-0013.67,+0001.45,-0000.69,-0012.02
+1580774318.97,+0000.00,-0006.84,-0013.67,+0003.60,-0001.84,-0012.17
+1580774318.98,+0001.95,-0006.84,-0012.70,+0001.53,-0001.15,-0012.71
+1580774318.98,+0001.95,-0006.84,-0011.72,-0000.54,-0001.91,-0010.57
+1580774318.99,+0002.93,-0005.86,-0012.70,-0002.83,-0001.38,-0009.95
+1580774318.99,+0000.98,-0006.84,-0012.70,-0003.45,+0001.07,-0009.11
+1580774319.00,+0001.95,-0005.86,-0012.70,-0001.07,+0000.61,-0009.03
+1580774319.00,+0000.98,-0006.84,-0012.70,-0000.08,+0000.92,-0011.33
+1580774319.01,-0000.98,-0006.84,-0012.70,+0001.38,-0000.31,-0012.71
+1580774319.01,+0003.91,-0006.84,-0012.70,+0003.68,-0000.92,-0009.88
+1580774319.02,+0000.98,-0005.86,-0012.70,+0002.45,+0000.69,-0012.48
+1580774319.02,-0004.88,-0005.86,-0011.72,+0000.92,-0001.53,-0011.25
+1580774319.03,+0001.95,-0006.84,-0010.74,-0003.37,-0001.23,-0012.10
+1580774319.03,+0005.86,-0006.84,-0010.74,-0003.90,-0000.77,-0003.98
+1580774319.04,+0004.88,-0004.88,-0011.72,-0001.00,+0003.37,-0005.67
+1580774319.04,-0010.74,-0004.88,-0011.72,-0003.14,+0003.06,-0013.25
+1580774319.05,-0002.93,-0006.84,-0009.77,+0003.83,-0000.23,-0014.01
+1580774319.05,+0006.84,-0006.84,-0009.77,+0001.84,-0000.15,-0010.64
+1580774319.06,-0001.95,-0004.88,-0009.77,+0002.68,-0000.77,-0004.52
+1580774319.06,-0006.84,-0003.91,-0009.77,-0001.30,-0000.69,-0010.64
+1580774319.07,-0005.86,-0005.86,-0008.79,-0002.30,-0001.53,-0009.57
+1580774319.07,+0001.95,-0006.84,-0007.81,-0002.14,+0000.61,-0011.25
+1580774319.08,+0006.84,-0005.86,-0007.81,-0001.91,-0002.99,-0005.67
+1580774319.08,+0004.88,-0003.91,-0009.77,+0001.45,+0004.13,-0011.18
+1580774319.09,-0012.70,-0003.91,-0009.77,+0000.00,-0004.36,-0014.32
+1580774319.09,+0002.93,-0005.86,-0007.81,+0005.36,-0003.37,-0014.62
+1580774319.10,+0013.67,-0005.86,-0006.84,+0000.15,+0001.23,-0010.11
+1580774319.10,+0000.98,-0002.93,-0007.81,+0001.45,-0001.00,-0002.60
+1580774319.11,-0006.84,-0000.98,-0005.86,-0004.67,+0000.38,-0012.94
+1580774319.11,-0003.91,-0003.91,-0004.88,-0001.84,-0000.31,-0016.23
+1580774319.12,+0005.86,-0005.86,-0005.86,+0000.00,+0003.29,-0010.34
+1580774319.12,+0000.98,-0002.93,-0006.84,+0000.61,+0001.68,-0009.26
+1580774319.13,-0007.81,-0001.95,-0006.84,+0000.46,+0000.31,-0009.88
+1580774319.13,-0001.95,-0002.93,-0004.88,+0002.37,-0002.07,-0012.10
+1580774319.14,+0002.93,-0002.93,-0003.91,+0002.91,-0002.37,-0006.66
+1580774319.14,+0007.81,-0000.98,-0003.91,-0000.84,-0005.90,-0000.54
+1580774319.15,+0005.86,-0000.98,-0004.88,-0004.06,+0000.31,+0001.53
+1580774319.15,-0018.55,+0001.95,-0004.88,-0007.66,-0005.67,-0012.56
+1580774319.16,+0000.98,-0001.95,-0001.95,+0003.90,-0000.69,-0018.22
+1580774319.16,+0011.72,-0002.93,-0003.91,-0003.60,+0004.90,-0016.23
+1580774319.17,-0005.86,+0000.00,-0003.91,+0004.90,-0000.69,-0011.41
+1580774319.17,-0005.86,+0002.93,-0003.91,+0000.23,+0000.00,-0018.30
+1580774319.18,-0000.98,-0001.95,-0001.95,+0005.13,-0004.52,-0012.63
+1580774319.18,+0007.81,+0000.00,-0001.95,-0000.46,-0001.00,-0003.68
+1580774319.19,-0003.91,+0001.95,-0002.93,-0002.37,-0001.15,-0004.98
+1580774319.19,-0004.88,+0001.95,-0002.93,-0004.90,-0000.92,-0007.27
+1580774319.20,+0003.91,+0000.00,-0001.95,-0001.30,+0000.38,-0012.86
+1580774319.20,+0006.84,+0000.98,-0001.95,+0002.76,+0000.92,-0007.43
+1580774319.21,+0002.93,+0002.93,-0001.95,+0001.45,-0001.15,-0012.63
+1580774319.21,+0000.98,+0001.95,-0000.98,+0003.06,-0003.90,-0009.26
+1580774319.22,+0006.84,+0000.98,+0000.00,+0003.06,-0000.54,-0010.80
+1580774319.22,-0002.93,+0001.95,-0000.98,-0000.23,-0002.83,-0010.95
+1580774319.23,+0001.95,+0001.95,-0001.95,-0002.22,+0000.61,-0012.02
+1580774319.23,+0004.88,+0000.98,-0001.95,-0004.36,+0001.76,-0012.71
+1580774319.24,+0001.95,+0002.93,-0001.95,-0000.38,+0002.07,-0009.80
+1580774319.24,+0000.98,+0002.93,-0000.98,+0000.84,+0000.77,-0012.86
+1580774319.25,-0000.98,+0001.95,+0000.00,+0002.76,-0000.08,-0011.64
+1580774319.25,+0006.84,+0002.93,+0000.00,+0002.30,-0001.45,-0011.33
+1580774319.26,+0019.53,+0001.95,-0000.98,-0002.45,-0000.31,+0009.72
+1580774319.26,+0003.91,+0004.88,-0002.93,+0002.60,+0011.79,-0018.68
+1580774319.27,-0020.51,+0003.91,-0000.98,-0007.89,-0009.72,-0009.19
+1580774319.27,+0015.62,+0002.93,+0000.98,-0007.04,-0000.08,-0013.25
+1580774319.28,+0014.65,-0002.93,-0001.95,+0002.83,+0004.13,-0009.65
+1580774319.28,-0007.81,+0005.86,-0002.93,+0004.13,-0001.15,-0003.06
+1580774319.29,-0008.79,+0003.91,-0001.95,-0003.29,+0000.08,-0016.77
+1580774319.29,+0001.95,-0000.98,-0000.98,-0001.00,-0001.61,-0006.28
+1580774319.30,+0003.91,+0000.00,-0001.95,-0002.99,+0002.68,-0004.21
+1580774319.30,-0009.77,+0002.93,-0003.91,-0001.99,-0001.07,-0007.20
+1580774319.31,-0002.93,+0000.00,-0003.91,+0000.92,+0001.07,-0006.97
+1580774319.31,+0000.00,-0000.98,-0004.88,-0002.30,+0001.91,-0011.25
+1580774319.32,-0008.79,+0000.00,-0003.91,+0001.23,-0001.91,-0006.81
+1580774319.32,-0004.88,+0000.98,-0003.91,+0003.75,+0000.23,-0013.17
+1580774319.33,-0007.81,-0001.95,-0003.91,+0001.68,-0001.91,-0010.64
+1580774319.33,-0004.88,+0000.00,-0004.88,-0003.45,-0000.08,-0011.71
+1580774319.34,-0008.79,-0001.95,-0005.86,-0004.36,+0000.38,-0012.02
+1580774319.34,-0007.81,-0001.95,-0005.86,-0004.21,+0001.38,-0012.56
+1580774319.35,-0005.86,-0002.93,-0006.84,-0000.77,+0001.76,-0013.86
+1580774319.35,-0005.86,-0001.95,-0006.84,+0001.07,-0001.00,-0009.42
+1580774319.36,-0003.91,-0002.93,-0006.84,+0002.30,-0000.84,-0011.18
+1580774319.36,-0006.84,-0001.95,-0006.84,+0000.77,-0002.07,-0006.20
+1580774319.37,-0003.91,-0002.93,-0006.84,+0000.23,-0002.91,-0005.51
+1580774319.37,-0002.93,-0001.95,-0007.81,-0003.06,-0000.31,-0006.28
+1580774319.38,-0007.81,-0000.98,-0007.81,-0003.68,-0001.45,-0008.50
+1580774319.38,-0003.91,-0002.93,-0007.81,-0000.38,+0000.46,-0012.48
+1580774319.39,-0001.95,-0002.93,-0007.81,+0001.61,+0000.84,-0012.56
+1580774319.39,-0003.91,-0001.95,-0007.81,+0002.83,-0001.53,-0010.49
+1580774319.40,-0004.88,-0001.95,-0007.81,-0000.23,-0001.76,-0012.79
+1580774319.40,-0004.88,-0003.91,-0007.81,-0000.23,-0001.38,-0009.80
+1580774319.41,-0001.95,-0003.91,-0008.79,-0002.76,+0001.15,-0008.50
+1580774319.41,-0006.84,-0002.93,-0008.79,-0003.68,+0000.00,-0009.65
+1580774319.42,-0003.91,-0002.93,-0009.77,-0001.84,-0001.38,-0007.66
+1580774319.42,-0000.98,-0004.88,-0009.77,+0002.07,+0004.52,-0011.71
+1580774319.43,-0013.67,-0001.95,-0008.79,+0002.07,+0002.14,-0014.85
+1580774319.43,-0006.84,-0002.93,-0007.81,+0003.75,-0001.91,-0012.63
+1580774319.44,+0001.95,-0003.91,-0007.81,-0002.22,+0000.46,-0009.34
+1580774319.44,-0005.86,-0001.95,-0008.79,-0001.38,+0000.08,-0006.20
+1580774319.45,-0007.81,-0001.95,-0008.79,-0003.22,-0001.07,-0008.88
+1580774319.45,-0003.91,-0003.91,-0009.77,-0000.84,+0002.14,-0010.72
+1580774319.46,-0003.91,-0003.91,-0008.79,+0001.07,-0000.38,-0010.41
+1580774319.46,-0002.93,-0001.95,-0009.77,+0002.60,-0001.38,-0009.03
+1580774319.47,-0001.95,-0002.93,-0008.79,+0001.00,-0000.38,-0011.03
+1580774319.47,-0004.88,-0002.93,-0008.79,+0000.08,-0001.07,-0011.03
+1580774319.48,-0004.88,-0001.95,-0008.79,-0002.91,-0000.54,-0009.72
+1580774319.48,-0002.93,-0002.93,-0008.79,-0003.75,+0001.23,-0012.86
+1580774319.49,-0003.91,-0002.93,-0008.79,-0000.46,+0001.53,-0012.94
+1580774319.49,-0003.91,-0001.95,-0008.79,+0000.69,+0000.61,-0012.48
+1580774319.50,-0004.88,-0002.93,-0008.79,+0001.84,+0001.23,-0012.10
+1580774319.50,-0003.91,-0002.93,-0008.79,+0001.30,-0001.23,-0009.42
+1580774319.51,-0004.88,-0002.93,-0008.79,-0000.31,-0001.53,-0009.26
+1580774319.51,-0004.88,-0001.95,-0008.79,-0001.99,-0000.84,-0008.19
+1580774319.52,-0004.88,-0002.93,-0007.81,-0002.76,-0001.53,-0009.57
+1580774319.52,-0002.93,-0002.93,-0008.79,-0000.92,+0000.38,-0010.41
+1580774319.53,-0000.98,-0002.93,-0007.81,+0001.38,+0000.54,-0008.96
+1580774319.53,-0003.91,-0001.95,-0008.79,+0004.06,+0001.00,-0009.80
+1580774319.54,-0005.86,-0002.93,-0008.79,+0000.54,-0003.98,-0009.19
+1580774319.54,-0000.98,-0003.91,-0008.79,-0001.68,+0001.23,-0010.95
+1580774319.55,-0003.91,-0002.93,-0007.81,-0003.83,-0000.15,-0009.88
+1580774319.55,-0004.88,-0001.95,-0007.81,-0003.83,+0001.84,-0012.17
+1580774319.56,-0005.86,-0002.93,-0006.84,-0000.61,+0000.46,-0011.64
+1580774319.56,-0004.88,-0003.91,-0007.81,+0002.83,+0000.46,-0009.49
+1580774319.57,-0004.88,-0002.93,-0007.81,+0002.14,+0000.54,-0009.80
+1580774319.57,-0005.86,-0003.91,-0008.79,+0000.23,-0002.76,-0005.97
+1580774319.58,-0003.91,-0004.88,-0008.79,-0003.52,-0000.92,-0006.58
+1580774319.58,-0004.88,-0004.88,-0008.79,-0002.76,-0000.84,-0006.81
+1580774319.59,-0003.91,-0003.91,-0007.81,-0001.15,-0000.38,-0010.87
+1580774319.59,-0001.95,-0004.88,-0007.81,+0001.61,-0001.23,-0010.41
+1580774319.60,-0000.98,-0004.88,-0007.81,+0002.76,-0001.53,-0010.41
+1580774319.60,-0000.98,-0004.88,-0007.81,+0002.45,-0002.30,-0010.49
+1580774319.61,-0000.98,-0004.88,-0008.79,-0001.45,-0000.92,-0009.80
+1580774319.61,+0000.00,-0005.86,-0008.79,-0004.13,-0002.53,-0010.64
+1580774319.62,+0002.93,-0005.86,-0007.81,-0002.99,-0000.15,-0009.80
+1580774319.62,+0001.95,-0004.88,-0007.81,-0001.76,+0001.45,-0011.56
+1580774319.63,+0000.98,-0004.88,-0007.81,+0000.92,-0003.06,-0008.19
+1580774319.63,+0004.88,-0005.86,-0007.81,+0004.36,+0004.67,-0012.94
+1580774319.64,-0010.74,-0004.88,-0007.81,+0001.23,+0000.84,-0016.69
+1580774319.64,+0000.98,-0005.86,-0006.84,+0001.23,+0000.77,-0010.57
+1580774319.65,+0004.88,-0006.84,-0006.84,-0003.75,+0002.22,-0010.26
+1580774319.65,-0005.86,-0004.88,-0007.81,-0000.77,+0000.08,-0005.67
+1580774319.66,-0001.95,-0004.88,-0006.84,-0004.59,-0001.68,-0008.80
+1580774319.66,+0002.93,-0007.81,-0006.84,+0002.68,+0002.53,-0009.19
+1580774319.67,-0004.88,-0005.86,-0006.84,+0001.99,+0000.00,-0012.10
+1580774319.67,-0001.95,-0005.86,-0005.86,+0003.75,-0004.52,-0010.41
+1580774319.68,+0003.91,-0006.84,-0005.86,-0001.23,-0000.46,-0008.12
+1580774319.68,+0000.98,-0005.86,-0005.86,-0000.54,-0001.07,-0006.74
+1580774319.69,-0000.98,-0004.88,-0004.88,-0003.75,+0000.61,-0009.34
+1580774319.69,+0000.98,-0005.86,-0004.88,-0001.30,-0001.84,-0011.18
+1580774319.70,+0005.86,-0005.86,-0003.91,+0000.92,+0000.00,-0012.17
+1580774319.70,+0002.93,-0005.86,-0004.88,+0001.15,-0000.38,-0012.33
+1580774319.71,+0000.00,-0004.88,-0003.91,+0003.29,-0001.00,-0011.71
+1580774319.71,+0002.93,-0004.88,-0002.93,+0000.92,-0002.07,-0011.10
+1580774319.72,+0004.88,-0004.88,-0002.93,-0000.15,-0000.46,-0010.87
+1580774319.72,+0000.00,-0003.91,-0002.93,-0000.92,+0000.54,-0009.19
+1580774319.73,-0001.95,-0002.93,-0001.95,-0001.76,+0001.07,-0009.80
+1580774319.73,+0001.95,-0003.91,-0000.98,-0001.07,+0001.23,-0013.48
+1580774319.74,+0002.93,-0003.91,-0000.98,+0001.68,+0000.15,-0009.42
+1580774319.74,+0000.00,-0001.95,-0000.98,+0000.92,+0000.31,-0008.73
+1580774319.75,+0000.00,-0001.95,-0000.98,+0002.07,-0003.37,-0011.03
+1580774319.75,+0004.88,-0002.93,+0000.00,+0001.68,-0002.45,-0009.65
+1580774319.76,+0003.91,-0001.95,+0000.00,+0000.23,-0000.46,-0007.27
+1580774319.76,+0000.98,+0000.00,+0000.00,-0000.61,-0001.15,-0007.43
+1580774319.77,+0002.93,-0000.98,+0000.98,-0001.15,+0000.23,-0009.49
+1580774319.77,+0005.86,-0000.98,+0000.98,+0000.00,-0000.08,-0009.95
+1580774319.78,+0004.88,+0000.00,+0001.95,+0000.00,+0000.84,-0010.72
+1580774319.78,+0002.93,+0000.00,+0001.95,-0000.46,-0005.67,-0008.19
+1580774319.79,+0012.70,-0000.98,+0001.95,+0000.92,-0000.38,-0003.06
+1580774319.79,+0000.98,+0000.98,+0001.95,+0002.76,+0007.43,-0016.61
+1580774319.80,-0011.72,+0001.95,+0003.91,+0000.08,-0003.22,-0015.16
+1580774319.80,+0011.72,+0000.00,+0004.88,-0001.61,+0003.68,-0016.92
+1580774319.81,+0005.86,-0001.95,+0003.91,-0001.68,-0001.38,-0008.88
+1580774319.81,+0001.95,+0000.98,+0002.93,-0000.15,+0000.77,-0001.53
+1580774319.82,-0006.84,+0000.98,+0003.91,-0000.61,-0002.99,-0013.02
+1580774319.82,+0001.95,-0000.98,+0004.88,+0001.38,-0001.15,-0009.26
+1580774319.83,+0009.77,-0001.95,+0004.88,-0001.38,+0001.38,-0010.87
+1580774319.83,-0000.98,+0000.00,+0002.93,+0003.60,-0000.92,-0006.51
+1580774319.84,+0000.00,-0000.98,+0002.93,+0000.38,-0000.69,-0013.78
+1580774319.84,+0004.88,-0000.98,+0003.91,-0000.54,-0002.83,-0008.12
+1580774319.85,+0015.62,-0001.95,+0003.91,-0002.22,-0002.07,-0000.23
+1580774319.85,+0000.00,+0000.00,+0003.91,-0001.84,-0001.38,-0015.62
+1580774319.86,-0006.84,+0000.98,+0004.88,-0000.31,-0004.13,-0012.10
+1580774319.86,+0016.60,-0000.98,+0005.86,+0002.76,+0001.45,-0018.91
+1580774319.87,+0010.74,-0002.93,+0004.88,-0003.60,-0000.31,-0011.71
+1580774319.87,+0005.86,+0001.95,+0003.91,-0002.45,+0000.54,-0010.64
+1580774319.88,+0002.93,-0000.98,+0003.91,+0000.15,-0004.06,-0009.57
+1580774319.88,+0011.72,-0000.98,+0004.88,+0001.76,+0000.69,-0006.74
+1580774319.89,+0007.81,-0001.95,+0004.88,+0000.46,-0000.38,-0008.12
+1580774319.89,+0002.93,+0000.98,+0004.88,-0000.15,+0001.61,-0010.03
+1580774319.90,+0002.93,-0000.98,+0004.88,-0001.53,-0001.15,-0013.25
+1580774319.90,+0006.84,-0000.98,+0004.88,+0002.37,-0000.61,-0010.11
+1580774319.91,+0004.88,-0000.98,+0003.91,+0001.99,+0000.38,-0009.19
+1580774319.91,-0000.98,+0000.00,+0003.91,-0002.14,-0000.08,-0008.12
+1580774319.92,-0000.98,-0000.98,+0003.91,+0001.76,+0001.45,-0012.56
+1580774319.92,+0001.95,-0001.95,+0004.88,-0000.31,-0001.15,-0007.43
+1580774319.93,+0000.98,-0000.98,+0004.88,-0001.68,+0002.37,-0010.49
+1580774319.93,-0004.88,-0000.98,+0003.91,-0003.29,-0003.14,-0009.57
+1580774319.94,+0000.98,-0001.95,+0003.91,-0000.15,-0000.61,-0008.42
+1580774319.94,-0002.93,-0001.95,+0002.93,-0001.23,-0000.69,-0011.25
+1580774319.95,-0004.88,-0001.95,+0002.93,+0001.76,+0000.00,-0009.72
+1580774319.95,-0000.98,-0001.95,+0002.93,-0001.15,+0000.92,-0012.33
+1580774319.96,-0003.91,-0002.93,+0002.93,-0000.31,-0000.92,-0006.66
+1580774319.96,-0002.93,-0001.95,+0001.95,-0001.53,+0000.54,-0009.72
+1580774319.97,-0004.88,-0002.93,+0001.95,-0000.69,-0002.14,-0011.25
+1580774319.97,+0000.00,-0002.93,+0001.95,-0002.76,-0000.46,-0010.72
+1580774319.98,+0003.91,-0002.93,+0001.95,-0000.84,+0001.84,-0007.89
+1580774319.98,-0003.91,-0000.98,+0000.98,+0000.61,+0003.22,-0013.63
+1580774319.99,-0006.84,-0002.93,+0001.95,-0001.15,-0004.13,-0011.25
+1580774319.99,+0007.81,-0002.93,+0001.95,-0003.83,+0000.92,-0008.96
+1580774320.00,+0003.91,-0003.91,+0000.98,+0000.69,+0000.31,-0005.59
+1580774320.00,-0004.88,+0000.00,+0000.98,+0000.00,+0000.15,-0010.80
+1580774320.01,-0000.98,-0002.93,+0000.98,-0003.22,-0002.91,-0010.03
+1580774320.01,+0006.84,-0003.91,+0000.98,-0000.77,+0006.05,-0014.85
+1580774320.02,-0006.84,-0002.93,+0000.00,+0000.23,-0004.36,-0009.19
+1580774320.02,+0002.93,-0001.95,+0000.00,-0000.54,+0000.08,-0009.03
+1580774320.03,-0004.88,-0003.91,-0000.98,-0002.45,-0001.68,-0010.41
+1580774320.03,-0004.88,-0002.93,+0000.00,+0000.84,+0000.84,-0010.57
+1580774320.04,+0000.98,-0001.95,+0000.00,-0003.29,+0000.08,-0014.16
+1580774320.04,+0000.98,-0002.93,-0000.98,-0001.07,-0002.60,-0005.97
+1580774320.05,-0002.93,-0000.98,-0001.95,-0001.07,+0000.31,-0014.78
+1580774320.05,-0007.81,-0001.95,-0001.95,+0000.23,-0000.77,-0009.19
+1580774320.06,+0000.98,-0001.95,-0000.98,+0001.53,+0002.14,-0014.47
+1580774320.06,+0000.98,-0001.95,+0000.00,+0002.30,-0000.08,-0006.35
+1580774320.07,+0003.91,+0000.98,+0000.00,-0002.45,+0001.07,-0009.72
+1580774320.07,-0000.98,+0000.00,-0000.98,+0000.84,-0001.30,-0011.25
+1580774320.08,+0003.91,+0000.98,+0000.00,-0000.54,-0001.68,-0008.65
+1580774320.08,+0009.77,-0000.98,-0000.98,-0002.60,-0000.84,-0005.13
+1580774320.09,+0005.86,+0000.98,-0001.95,+0000.61,+0002.45,-0008.04
+1580774320.09,-0002.93,+0001.95,-0001.95,-0001.61,-0000.84,-0011.48
+1580774320.10,+0006.84,+0000.00,+0000.00,+0000.31,+0001.53,-0011.33
+1580774320.10,+0009.77,+0000.00,+0000.00,+0000.00,-0000.31,-0010.34
+1580774320.11,+0000.98,+0001.95,+0000.00,+0002.22,+0001.68,-0007.58
+1580774320.11,-0001.95,+0002.93,+0000.98,-0000.61,+0001.00,-0010.95
+1580774320.12,+0000.98,+0000.00,+0001.95,+0000.15,-0001.30,-0008.19
+1580774320.12,+0005.86,+0000.00,+0001.95,-0004.06,-0001.61,-0004.36
+1580774320.13,-0001.95,+0000.98,-0000.98,+0001.00,+0005.28,-0008.73
+1580774320.13,-0015.62,+0000.98,-0001.95,-0000.38,-0003.22,-0011.79
+1580774320.14,+0000.98,-0000.98,-0000.98,+0002.83,+0000.61,-0011.41
+1580774320.14,-0000.98,-0001.95,+0000.00,-0001.38,+0004.21,-0013.55
+1580774320.15,-0010.74,+0000.98,+0000.00,+0001.45,-0005.28,-0005.51
+1580774320.15,-0004.88,+0000.00,+0000.98,+0001.07,+0001.30,-0015.93
+1580774320.16,-0011.72,-0000.98,+0000.98,-0002.68,-0002.60,-0010.03
+1580774320.16,-0002.93,-0000.98,+0000.00,+0004.52,-0000.15,-0008.96
+1580774320.17,-0006.84,-0000.98,-0000.98,+0001.76,+0001.07,-0009.26
+1580774320.17,-0012.70,+0000.00,-0000.98,-0001.76,-0001.84,-0006.97
+1580774320.18,-0006.84,-0000.98,-0000.98,-0001.99,-0000.54,-0011.41
+1580774320.18,-0006.84,-0000.98,-0000.98,-0000.92,+0000.08,-0011.56
+1580774320.19,-0004.88,-0000.98,-0000.98,+0001.45,-0000.77,-0012.10
+1580774320.19,-0000.98,+0000.00,-0000.98,+0002.45,-0005.05,-0006.20
+1580774320.20,+0000.98,-0001.95,-0000.98,+0000.84,-0000.92,-0002.14
+1580774320.20,-0014.65,+0000.00,-0000.98,-0006.20,-0004.67,-0010.87
+1580774320.21,-0007.81,-0000.98,+0000.98,+0000.92,-0002.83,-0013.70
+1580774320.21,+0004.88,-0002.93,+0000.00,-0003.37,+0002.22,-0014.39
+1580774320.22,-0004.88,-0003.91,-0000.98,+0003.37,-0000.84,-0009.26
+1580774320.22,-0005.86,+0000.00,-0000.98,+0000.08,-0000.61,-0011.94
+1580774320.23,-0005.86,-0003.91,-0000.98,+0001.00,-0002.91,-0008.42
+1580774320.23,-0001.95,-0004.88,-0000.98,-0002.45,-0000.08,-0006.51
+1580774320.24,-0005.86,-0003.91,+0000.00,-0002.76,-0000.92,-0011.56
+1580774320.24,-0007.81,-0002.93,+0000.00,-0001.30,-0000.77,-0012.94
+1580774320.25,-0001.95,-0005.86,+0000.00,+0001.23,-0001.68,-0014.62
+1580774320.25,-0001.95,-0004.88,-0000.98,+0003.75,-0001.76,-0011.25
+1580774320.26,-0002.93,-0004.88,-0001.95,-0000.38,-0001.53,-0005.36
+1580774320.26,-0005.86,-0005.86,-0001.95,-0003.52,-0000.84,-0007.73
+1580774320.27,-0005.86,-0005.86,-0001.95,-0004.98,+0001.76,-0013.02
+1580774320.27,-0000.98,-0006.84,-0000.98,+0000.46,+0000.00,-0011.48
+1580774320.28,+0002.93,-0006.84,-0000.98,+0001.91,-0001.07,-0011.33
+1580774320.28,-0000.98,-0005.86,-0000.98,+0002.60,-0003.37,-0011.41
+1580774320.29,+0000.00,-0005.86,-0000.98,+0001.68,-0003.22,-0008.27
+1580774320.29,+0000.98,-0006.84,-0001.95,-0001.99,+0000.77,-0010.72
+1580774320.30,-0002.93,-0006.84,-0001.95,-0005.05,-0000.92,-0009.57
+1580774320.30,+0001.95,-0006.84,-0001.95,-0002.53,-0000.31,-0011.41
+1580774320.31,+0004.88,-0006.84,-0001.95,+0001.15,-0000.46,-0010.18
+1580774320.31,+0001.95,-0006.84,-0000.98,+0003.14,-0001.00,-0010.49
+1580774320.32,+0000.00,-0006.84,-0000.98,+0002.37,-0001.00,-0011.10
+1580774320.32,-0000.98,-0007.81,-0000.98,+0002.14,-0002.99,-0010.18
+1580774320.33,+0002.93,-0006.84,-0000.98,-0001.38,-0001.53,-0008.80
+1580774320.33,+0001.95,-0006.84,-0000.98,-0002.14,-0001.68,-0006.81
+1580774320.34,+0001.95,-0006.84,-0001.95,-0002.83,+0001.00,-0007.43
+1580774320.34,-0006.84,-0006.84,-0000.98,-0002.07,-0003.75,-0011.56
+1580774320.35,+0001.95,-0006.84,+0000.00,+0000.46,-0000.31,-0012.17
+1580774320.35,+0005.86,-0006.84,+0000.00,+0001.76,+0002.60,-0011.71
+1580774320.36,-0005.86,-0006.84,+0000.00,-0000.15,-0001.61,-0007.96
+1580774320.36,-0004.88,-0004.88,+0000.00,-0002.14,-0001.30,-0013.78
+1580774320.37,-0002.93,-0007.81,+0000.00,-0000.23,-0002.83,-0011.56
+1580774320.37,+0000.98,-0006.84,+0000.00,-0001.15,+0000.08,-0008.12
+1580774320.38,-0003.91,-0005.86,+0000.00,-0001.07,-0000.31,-0008.73
+1580774320.38,-0004.88,-0004.88,+0000.00,-0000.92,-0001.61,-0008.88
+1580774320.39,+0000.98,-0005.86,+0000.98,-0000.77,-0000.46,-0009.26
+1580774320.39,-0000.98,-0003.91,+0000.98,+0002.22,+0001.15,-0009.57
+1580774320.40,-0003.91,-0002.93,+0000.98,+0002.07,-0002.60,-0011.56
+1580774320.40,+0000.98,-0003.91,+0000.98,+0001.76,-0001.15,-0010.49
+1580774320.41,+0002.93,-0004.88,+0000.98,-0001.00,-0002.30,-0008.88
+1580774320.41,+0001.95,-0002.93,+0000.98,-0002.60,-0001.61,-0009.95
+1580774320.42,+0000.98,-0002.93,+0001.95,-0000.61,-0001.68,-0010.18
+1580774320.42,+0002.93,-0001.95,+0002.93,-0000.92,+0000.92,-0012.79
+1580774320.43,+0001.95,-0001.95,+0003.91,-0000.61,-0000.08,-0011.41
+1580774320.43,+0004.88,-0000.98,+0003.91,-0000.15,+0001.07,-0011.64
+1580774320.44,+0000.00,-0001.95,+0003.91,+0000.92,-0000.61,-0008.96
+1580774320.44,+0000.98,-0001.95,+0003.91,+0001.61,-0000.84,-0008.50
+1580774320.45,+0000.98,-0002.93,+0003.91,+0000.31,-0001.91,-0007.81
+1580774320.45,+0001.95,-0001.95,+0003.91,-0000.15,-0000.31,-0008.42
+1580774320.46,-0000.98,-0001.95,+0003.91,-0002.45,+0000.08,-0008.73
+1580774320.46,-0002.93,-0001.95,+0004.88,+0000.69,-0001.07,-0008.88
+1580774320.47,-0001.95,-0001.95,+0004.88,+0000.08,+0000.69,-0010.41
+1580774320.47,-0002.93,-0001.95,+0005.86,+0000.38,-0000.23,-0008.65
+1580774320.48,-0000.98,-0000.98,+0004.88,+0000.84,-0001.45,-0009.49
+1580774320.48,-0000.98,-0001.95,+0004.88,+0001.68,-0000.38,-0012.63
+1580774320.49,-0000.98,-0001.95,+0005.86,+0001.38,-0002.68,-0010.34
+1580774320.49,+0001.95,-0001.95,+0005.86,-0000.84,-0001.99,-0010.80
+1580774320.50,+0000.98,-0000.98,+0005.86,-0000.31,-0000.92,-0014.16
+1580774320.50,+0002.93,-0001.95,+0004.88,-0000.15,+0000.08,-0012.56
+1580774320.51,+0002.93,-0000.98,+0004.88,-0002.37,+0000.38,-0010.87
+1580774320.51,+0003.91,-0001.95,+0005.86,-0002.30,-0002.14,-0008.19
+1580774320.52,+0007.81,-0000.98,+0005.86,-0000.77,+0000.31,-0008.35
+1580774320.52,+0004.88,-0000.98,+0005.86,+0001.91,-0000.31,-0008.50
+1580774320.53,+0004.88,-0000.98,+0005.86,+0001.61,-0001.00,-0009.80
+1580774320.53,+0005.86,-0001.95,+0005.86,+0003.06,-0002.68,-0009.95
+1580774320.54,+0005.86,-0001.95,+0005.86,+0001.91,+0000.69,-0010.41
+1580774320.54,+0000.98,-0000.98,+0006.84,-0000.54,-0001.68,-0009.49
+1580774320.55,+0001.95,-0000.98,+0006.84,-0000.84,-0001.84,-0010.41
+1580774320.55,+0004.88,-0002.93,+0005.86,-0003.22,-0001.15,-0009.65
+1580774320.56,+0000.98,-0001.95,+0005.86,-0001.76,+0004.52,-0011.03
+1580774320.56,-0007.81,-0001.95,+0005.86,-0003.68,+0000.54,-0011.56
+1580774320.57,-0000.98,-0002.93,+0006.84,-0000.84,+0000.46,-0013.40
+1580774320.57,+0012.70,-0003.91,+0006.84,-0001.99,+0002.22,+0002.45
+1580774320.58,-0003.91,-0002.93,+0004.88,+0004.29,+0010.34,-0018.91
+1580774320.58,-0026.37,-0000.98,+0005.86,-0005.82,-0010.03,-0009.03
+1580774320.59,+0008.79,-0002.93,+0006.84,+0011.33,-0001.53,-0019.06
+1580774320.59,+0006.84,-0007.81,+0004.88,+0001.99,+0001.61,-0007.50
+1580774320.60,-0005.86,-0000.98,+0003.91,+0000.84,-0003.60,+0000.38
+1580774320.60,-0007.81,-0000.98,+0003.91,-0007.66,-0000.61,-0013.25
+1580774320.61,-0000.98,-0003.91,+0005.86,-0004.52,-0000.15,-0007.50
+1580774320.61,+0006.84,-0003.91,+0005.86,-0002.68,+0001.76,-0010.80
+1580774320.62,-0003.91,-0000.98,+0004.88,+0000.31,+0000.69,-0008.88
+1580774320.62,-0002.93,-0001.95,+0004.88,-0003.98,-0000.08,-0009.72
+1580774320.63,+0000.98,-0002.93,+0004.88,+0000.15,-0000.46,-0013.32
+1580774320.63,+0003.91,-0002.93,+0004.88,+0004.06,-0003.75,-0007.50
+1580774320.64,+0002.93,-0001.95,+0004.88,+0002.07,-0001.45,-0006.66
+1580774320.64,-0005.86,-0000.98,+0005.86,+0004.13,-0002.68,-0010.11
+1580774320.65,-0001.95,-0000.98,+0006.84,-0001.30,-0002.53,-0008.12
+1580774320.65,+0003.91,-0001.95,+0007.81,+0000.23,+0000.08,-0009.49
+1580774320.66,-0002.93,-0000.98,+0006.84,-0003.29,+0001.23,-0007.12
+1580774320.66,-0008.79,+0000.00,+0006.84,-0002.45,-0001.84,-0012.25
+1580774320.67,-0000.98,-0002.93,+0006.84,-0002.76,-0001.00,-0009.49
+1580774320.67,-0000.98,-0002.93,+0005.86,+0002.53,+0004.52,-0012.10
+1580774320.68,-0011.72,-0000.98,+0005.86,+0001.30,-0002.07,-0011.56
+1580774320.68,-0003.91,-0000.98,+0005.86,+0001.45,+0000.46,-0015.62
+1580774320.69,-0003.91,-0003.91,+0005.86,+0001.00,+0000.23,-0012.40
+1580774320.69,-0003.91,-0000.98,+0005.86,+0002.14,-0001.30,-0007.04
+1580774320.70,-0007.81,-0000.98,+0005.86,-0000.46,-0001.91,-0010.49
+1580774320.70,-0004.88,-0002.93,+0005.86,-0001.07,-0001.53,-0008.19
+1580774320.71,+0000.98,-0002.93,+0005.86,-0002.53,-0000.08,-0009.72
+1580774320.71,-0003.91,-0000.98,+0004.88,-0002.68,+0001.00,-0008.35
+1580774320.72,-0004.88,-0001.95,+0005.86,-0000.15,-0000.84,-0012.25
+1580774320.72,-0001.95,-0001.95,+0005.86,-0000.61,-0000.15,-0010.34
+1580774320.73,+0000.00,-0001.95,+0005.86,+0001.15,+0001.61,-0009.65
+1580774320.73,-0005.86,-0000.98,+0005.86,+0000.31,-0000.69,-0011.03
+1580774320.74,-0003.91,-0001.95,+0005.86,+0002.83,-0001.07,-0010.11
+1580774320.74,-0000.98,-0002.93,+0005.86,-0001.07,-0000.61,-0010.11
+1580774320.75,-0003.91,-0001.95,+0005.86,-0002.83,-0000.23,-0007.66
+1580774320.75,-0004.88,-0001.95,+0005.86,-0002.60,-0000.23,-0010.64
+1580774320.76,-0004.88,-0002.93,+0005.86,-0001.38,-0000.08,-0010.64
+1580774320.76,-0000.98,-0002.93,+0005.86,-0002.07,+0000.92,-0010.18
+1580774320.77,-0002.93,-0001.95,+0005.86,-0000.61,+0001.68,-0009.88
+1580774320.77,-0005.86,-0001.95,+0005.86,+0002.14,+0000.54,-0008.50
+1580774320.78,-0002.93,-0002.93,+0006.84,+0000.92,-0001.30,-0009.26
+1580774320.78,-0001.95,-0002.93,+0006.84,+0001.07,+0000.00,-0010.26
+1580774320.79,-0007.81,-0001.95,+0005.86,-0000.08,-0000.61,-0012.79
+1580774320.79,-0006.84,-0001.95,+0005.86,-0002.22,-0001.53,-0014.01
+1580774320.80,-0000.98,-0001.95,+0005.86,-0001.53,+0000.00,-0014.09
+1580774320.80,-0000.98,-0001.95,+0005.86,-0000.84,+0000.77,-0009.57
+1580774320.81,-0004.88,+0000.98,+0005.86,-0002.07,+0000.77,-0009.88
+1580774320.81,-0003.91,+0000.00,+0005.86,+0000.61,-0000.38,-0011.33
+1580774320.82,+0000.98,+0000.00,+0006.84,+0002.30,+0000.69,-0010.57
+1580774320.82,+0000.98,+0000.98,+0006.84,+0002.37,-0000.69,-0009.80
+1580774320.83,+0000.00,+0002.93,+0006.84,-0000.08,-0000.61,-0009.72
+1580774320.83,+0000.00,+0001.95,+0007.81,+0001.23,-0001.38,-0011.03
+1580774320.84,+0002.93,+0001.95,+0008.79,-0000.08,-0000.23,-0009.26
+1580774320.84,+0003.91,+0003.91,+0008.79,-0001.30,+0000.46,-0008.65
+1580774320.85,+0001.95,+0003.91,+0009.77,-0000.23,-0000.77,-0009.03
+1580774320.85,+0003.91,+0003.91,+0009.77,+0001.07,+0000.77,-0012.17
+1580774320.86,+0004.88,+0003.91,+0010.74,+0003.06,+0000.15,-0012.63
+1580774320.86,+0004.88,+0004.88,+0011.72,+0002.53,-0001.07,-0011.18
+1580774320.87,+0005.86,+0004.88,+0011.72,+0002.30,-0000.38,-0011.41
+1580774320.87,+0007.81,+0005.86,+0012.70,+0000.15,+0000.31,-0007.81
+1580774320.88,+0004.88,+0005.86,+0012.70,-0001.76,+0001.07,-0010.87
+1580774320.88,+0001.95,+0005.86,+0012.70,-0000.46,-0001.15,-0010.87
+1580774320.89,+0009.77,+0005.86,+0012.70,+0000.08,+0000.69,-0011.64
+1580774320.89,+0009.77,+0005.86,+0012.70,+0001.76,+0001.38,-0008.35
+1580774320.90,+0005.86,+0007.81,+0013.67,+0004.06,-0000.69,-0007.96
+1580774320.90,+0006.84,+0007.81,+0015.62,+0001.76,-0000.84,-0008.65
+1580774320.91,+0006.84,+0007.81,+0015.62,+0000.92,-0000.77,-0008.27
+1580774320.91,+0006.84,+0007.81,+0016.60,-0000.31,-0000.77,-0007.89
+1580774320.92,+0005.86,+0008.79,+0016.60,-0001.00,-0000.38,-0007.66
+1580774320.92,+0005.86,+0008.79,+0016.60,+0000.00,+0001.99,-0011.94
+1580774320.93,+0005.86,+0008.79,+0016.60,+0000.08,+0001.45,-0012.63
+1580774320.93,+0003.91,+0008.79,+0016.60,+0001.53,-0000.77,-0009.03
+1580774320.94,+0007.81,+0008.79,+0016.60,+0002.14,-0000.54,-0011.56
+1580774320.94,+0001.95,+0009.77,+0017.58,+0001.23,-0001.68,-0011.56
+1580774320.95,+0001.95,+0009.77,+0018.55,+0001.61,-0001.15,-0010.18
+1580774320.95,+0005.86,+0009.77,+0018.55,-0000.61,-0000.69,-0011.41
+1580774320.96,+0003.91,+0008.79,+0018.55,-0001.15,-0001.07,-0004.06
+1580774320.96,+0003.91,+0009.77,+0017.58,-0000.61,+0000.77,-0006.58
+1580774320.97,+0000.98,+0009.77,+0018.55,+0000.61,+0000.38,-0008.04
+1580774320.97,+0000.98,+0009.77,+0018.55,+0001.99,+0000.23,-0008.35
+1580774320.98,+0001.95,+0009.77,+0019.53,+0003.06,-0000.15,-0009.19
+1580774320.98,-0000.98,+0010.74,+0019.53,+0001.91,-0000.38,-0009.26
+1580774320.99,-0002.93,+0010.74,+0020.51,+0000.38,-0001.53,-0009.49
+1580774320.99,-0002.93,+0009.77,+0020.51,-0000.69,+0001.00,-0011.33
+1580774321.00,-0003.91,+0008.79,+0019.53,-0000.61,+0000.31,-0011.25
+1580774321.00,-0004.88,+0008.79,+0018.55,+0000.00,+0000.23,-0010.72
+1580774321.01,-0005.86,+0008.79,+0018.55,+0001.00,+0000.15,-0012.48
+1580774321.01,-0006.84,+0008.79,+0018.55,+0000.15,-0001.00,-0009.80
+1580774321.02,-0002.93,+0008.79,+0017.58,+0000.00,-0000.15,-0011.48
+1580774321.02,-0003.91,+0007.81,+0016.60,+0000.69,-0002.14,-0009.19
+1580774321.03,-0002.93,+0007.81,+0016.60,-0000.38,-0001.53,-0009.49
+1580774321.03,-0002.93,+0008.79,+0017.58,-0000.84,-0002.37,-0009.03
+1580774321.04,-0000.98,+0008.79,+0016.60,+0000.77,-0000.84,-0009.65
+1580774321.04,+0000.00,+0008.79,+0016.60,-0000.61,+0000.23,-0011.25
+1580774321.05,+0000.00,+0009.77,+0016.60,+0000.15,-0001.45,-0011.71
+1580774321.05,+0001.95,+0008.79,+0015.62,+0000.38,+0000.08,-0013.48
+1580774321.06,+0001.95,+0009.77,+0015.62,-0000.69,-0000.69,-0013.70
+1580774321.06,+0007.81,+0008.79,+0014.65,-0002.30,+0002.37,-0009.11
+1580774321.07,+0002.93,+0009.77,+0013.67,+0000.08,+0003.60,-0016.61
+1580774321.07,-0005.86,+0009.77,+0014.65,-0002.14,-0003.60,-0012.79
+1580774321.08,+0011.72,+0008.79,+0014.65,+0002.37,-0001.07,-0013.02
+1580774321.08,+0008.79,+0007.81,+0012.70,+0001.15,-0002.22,-0006.35
+1580774321.09,+0003.91,+0010.74,+0012.70,+0000.31,-0000.46,-0008.27
+1580774321.09,+0006.84,+0008.79,+0011.72,-0003.60,-0001.45,-0011.03
+1580774321.10,+0010.74,+0006.84,+0011.72,-0003.83,+0002.83,-0008.19
+1580774321.10,+0005.86,+0008.79,+0010.74,-0001.53,+0000.23,-0009.11
+1580774321.11,+0003.91,+0009.77,+0010.74,-0000.77,-0001.76,-0010.34
+1580774321.11,+0009.77,+0006.84,+0010.74,-0001.15,+0000.00,-0013.02
+1580774321.12,+0009.77,+0006.84,+0009.77,+0000.31,+0000.46,-0008.35
+1580774321.12,+0005.86,+0007.81,+0008.79,+0000.00,+0000.00,-0010.57
+1580774321.13,+0001.95,+0006.84,+0007.81,-0001.15,-0001.45,-0010.34
+1580774321.13,+0002.93,+0005.86,+0007.81,-0002.99,+0001.30,-0014.09
+1580774321.14,+0001.95,+0004.88,+0005.86,-0002.91,-0001.84,-0009.26
+1580774321.14,+0004.88,+0004.88,+0003.91,-0001.84,+0000.69,-0009.42
+1580774321.15,-0000.98,+0004.88,+0002.93,-0003.60,+0002.30,-0011.56
+1580774321.15,+0000.00,+0003.91,+0002.93,+0001.45,+0000.31,-0009.34
+1580774321.16,+0001.95,+0002.93,+0001.95,+0000.00,-0000.54,-0008.73
+1580774321.16,-0001.95,+0002.93,+0001.95,+0000.54,-0001.00,-0006.28
+1580774321.17,-0001.95,+0002.93,+0000.98,-0003.45,-0001.00,-0007.27
+1580774321.17,-0003.91,+0001.95,+0000.00,-0003.98,-0000.92,-0007.27
+1580774321.18,-0002.93,+0000.00,-0000.98,-0002.99,+0001.91,-0010.11
+1580774321.18,-0005.86,+0000.00,-0001.95,-0001.38,-0000.15,-0013.09
+1580774321.19,-0001.95,-0000.98,-0002.93,+0003.29,+0000.23,-0011.94
+1580774321.19,-0004.88,-0000.98,-0003.91,+0001.45,-0000.69,-0013.78
+1580774321.20,-0008.79,-0000.98,-0003.91,+0001.15,-0002.37,-0010.87
+1580774321.20,-0001.95,-0000.98,-0003.91,-0005.59,-0001.07,-0008.73
+1580774321.21,-0003.91,-0001.95,-0004.88,-0003.68,+0000.46,-0006.12
+1580774321.21,-0004.88,-0000.98,-0005.86,-0004.59,+0000.46,-0005.82
+1580774321.22,-0006.84,-0000.98,-0005.86,-0002.53,-0000.54,-0008.35
+1580774321.22,-0005.86,-0001.95,-0006.84,+0001.30,-0001.91,-0009.57
+1580774321.23,-0004.88,-0002.93,-0007.81,+0002.91,-0002.76,-0010.03
+1580774321.23,-0004.88,-0001.95,-0007.81,+0001.91,-0000.69,-0009.19
+1580774321.24,-0008.79,-0001.95,-0007.81,-0000.92,-0000.69,-0009.88
+1580774321.24,-0007.81,-0001.95,-0006.84,-0003.68,+0000.08,-0009.42
+1580774321.25,-0005.86,-0001.95,-0006.84,-0003.75,+0001.68,-0011.48
+1580774321.25,-0008.79,-0001.95,-0006.84,-0003.68,-0000.84,-0010.03
+1580774321.26,-0004.88,-0000.98,-0007.81,+0000.46,+0001.38,-0011.94
+1580774321.26,-0011.72,-0001.95,-0008.79,+0002.30,-0001.15,-0013.02
+1580774321.27,-0009.77,-0001.95,-0008.79,+0003.90,-0002.53,-0011.03
+1580774321.27,-0001.95,-0002.93,-0008.79,-0000.84,-0000.92,-0007.73
+1580774321.28,-0002.93,-0001.95,-0008.79,-0002.99,-0001.53,-0004.98
+1580774321.28,-0003.91,-0000.98,-0008.79,-0003.29,-0001.68,-0007.66
+1580774321.29,-0001.95,-0001.95,-0008.79,-0003.83,-0001.45,-0007.89
+1580774321.29,+0001.95,-0001.95,-0008.79,-0001.23,-0000.08,-0010.80
+1580774321.30,+0000.00,-0001.95,-0008.79,+0000.77,-0001.84,-0011.71
+1580774321.30,+0001.95,-0000.98,-0008.79,+0001.23,-0003.83,-0008.73
+1580774321.31,+0004.88,-0001.95,-0008.79,+0001.00,+0001.76,-0014.09
+1580774321.31,-0005.86,-0000.98,-0008.79,+0000.92,-0002.68,-0012.40
+1580774321.32,+0000.98,-0001.95,-0008.79,-0000.23,-0002.45,-0011.79
+1580774321.32,+0004.88,-0003.91,-0008.79,-0000.69,+0000.08,-0011.94
+1580774321.33,-0001.95,-0001.95,-0009.77,-0000.46,-0000.54,-0008.04
+1580774321.33,-0003.91,-0001.95,-0009.77,-0004.67,-0000.31,-0012.17
+1580774321.34,-0000.98,-0004.88,-0010.74,-0001.76,-0000.84,-0010.34
+1580774321.34,+0001.95,-0004.88,-0010.74,-0002.60,+0001.61,-0010.18
+1580774321.35,-0002.93,-0002.93,-0010.74,-0001.38,-0000.77,-0009.72
+1580774321.35,-0002.93,-0004.88,-0010.74,-0001.07,-0000.38,-0012.25
+1580774321.36,+0000.00,-0004.88,-0010.74,+0000.77,+0000.15,-0013.86
+1580774321.36,+0000.00,-0003.91,-0010.74,+0000.77,+0000.31,-0008.96
+1580774321.37,-0001.95,-0003.91,-0011.72,-0001.07,-0001.53,-0010.18
+1580774321.37,-0002.93,-0003.91,-0011.72,-0000.84,-0001.53,-0011.48
+1580774321.38,-0001.95,-0003.91,-0010.74,-0001.76,-0001.30,-0010.34
+1580774321.38,-0002.93,-0002.93,-0010.74,-0002.14,+0000.15,-0009.34
+1580774321.39,-0003.91,-0002.93,-0010.74,-0002.14,-0000.15,-0009.88
+1580774321.39,-0004.88,-0002.93,-0010.74,-0002.07,+0001.53,-0010.64
+1580774321.40,-0004.88,-0002.93,-0010.74,+0000.77,+0000.23,-0009.95
+1580774321.40,-0003.91,-0002.93,-0010.74,+0001.00,+0000.08,-0009.26
+1580774321.41,-0004.88,-0001.95,-0011.72,+0001.99,-0001.45,-0008.58
+1580774321.41,-0005.86,-0001.95,-0010.74,+0001.07,-0001.38,-0010.26
+1580774321.42,-0002.93,-0000.98,-0009.77,-0001.61,-0000.23,-0006.28
+1580774321.42,-0004.88,-0000.98,-0009.77,+0000.61,+0000.23,-0008.42
+1580774321.43,-0007.81,+0000.00,-0008.79,-0003.29,-0002.22,-0007.04
+1580774321.43,-0004.88,-0000.98,-0008.79,-0004.36,+0000.31,-0007.81
+1580774321.44,-0004.88,-0001.95,-0008.79,+0001.00,+0001.15,-0007.73
+1580774321.44,-0011.72,+0000.00,-0008.79,-0000.92,+0002.76,-0010.57
+1580774321.45,-0014.65,-0001.95,-0007.81,-0000.69,-0000.77,-0012.10
+1580774321.45,-0007.81,-0002.93,-0007.81,+0000.08,+0000.23,-0011.87
+1580774321.46,-0009.77,-0002.93,-0007.81,+0002.76,-0000.46,-0009.95
+1580774321.46,-0012.70,-0000.98,-0008.79,+0000.46,-0001.15,-0008.88
+1580774321.47,-0012.70,-0001.95,-0007.81,-0000.77,-0002.14,-0008.96
+1580774321.47,-0008.79,-0002.93,-0006.84,-0001.45,-0000.69,-0007.81
+1580774321.48,-0006.84,-0002.93,-0007.81,-0002.22,-0000.15,-0007.73
+1580774321.48,-0009.77,-0001.95,-0007.81,-0002.68,-0000.46,-0007.12
+1580774321.49,-0008.79,-0002.93,-0007.81,-0000.38,-0001.15,-0011.79
+1580774321.49,-0006.84,-0002.93,-0007.81,+0000.69,-0000.23,-0011.25
+1580774321.50,-0004.88,-0002.93,-0006.84,+0001.00,-0001.68,-0011.18
+1580774321.50,-0004.88,-0001.95,-0006.84,+0001.15,-0002.07,-0011.33
+1580774321.51,-0004.88,-0001.95,-0005.86,+0001.61,-0000.92,-0011.56
+1580774321.51,-0001.95,-0002.93,-0005.86,-0000.23,-0004.75,-0007.50
+1580774321.52,+0000.00,-0002.93,-0006.84,-0000.38,-0001.61,-0007.43
+1580774321.52,-0008.79,-0000.98,-0006.84,-0001.61,-0002.76,-0011.33
+1580774321.53,-0001.95,-0002.93,-0005.86,-0000.77,-0001.61,-0011.10
+1580774321.53,+0003.91,-0003.91,-0005.86,-0002.68,+0001.76,-0014.16
+1580774321.54,-0000.98,-0002.93,-0005.86,+0000.69,+0000.31,-0009.72
+1580774321.54,-0000.98,-0001.95,-0005.86,-0002.76,-0000.46,-0011.33
+1580774321.55,+0000.98,-0003.91,-0004.88,+0001.84,+0000.69,-0010.80
+1580774321.55,+0000.00,-0002.93,-0004.88,+0002.14,+0000.00,-0010.57
+1580774321.56,+0000.98,-0002.93,-0004.88,+0004.29,+0001.23,-0010.41
+1580774321.56,-0001.95,-0002.93,-0004.88,-0001.53,-0001.68,-0012.56
+1580774321.57,+0000.98,-0003.91,-0004.88,+0003.68,-0003.06,-0010.72
+1580774321.57,+0003.91,-0003.91,-0003.91,+0000.54,-0001.38,-0010.64
+1580774321.58,+0000.98,-0003.91,-0003.91,-0001.38,-0001.38,-0008.50
+1580774321.58,+0000.00,-0002.93,-0003.91,-0002.30,+0000.23,-0009.26
+1580774321.59,+0000.98,-0003.91,-0003.91,-0002.07,-0000.08,-0008.96
+1580774321.59,+0002.93,-0003.91,-0003.91,-0001.91,+0000.31,-0007.81
+1580774321.60,+0000.98,-0002.93,-0003.91,-0001.68,+0001.53,-0007.96
+1580774321.60,+0000.00,-0002.93,-0003.91,-0001.30,+0000.54,-0008.73
+1580774321.61,+0000.98,-0002.93,-0002.93,+0000.08,+0000.46,-0009.95
+1580774321.61,+0000.98,-0002.93,-0002.93,+0000.54,+0000.38,-0009.80
+1580774321.62,-0000.98,-0001.95,-0003.91,+0001.23,-0000.54,-0011.18
+1580774321.62,-0001.95,-0002.93,-0003.91,+0000.77,-0000.69,-0011.18
+1580774321.63,-0000.98,-0002.93,-0002.93,+0000.15,-0001.68,-0015.47
+1580774321.63,+0000.98,-0002.93,-0003.91,+0000.77,-0003.83,-0013.70
+1580774321.64,+0007.81,-0002.93,-0004.88,-0001.68,-0001.99,-0009.49
+1580774321.64,-0004.88,-0000.98,-0003.91,-0002.83,-0002.53,-0017.07
+1580774321.65,-0003.91,-0001.95,-0002.93,-0000.38,-0004.59,-0011.25
+1580774321.65,+0013.67,-0002.93,-0002.93,-0002.99,+0000.15,-0016.31
+1580774321.66,+0008.79,-0003.91,-0003.91,-0002.53,+0002.07,-0009.88
+1580774321.66,+0001.95,+0000.00,-0004.88,-0003.68,-0000.31,-0011.64
+1580774321.67,+0003.91,-0001.95,-0003.91,-0001.45,-0002.91,-0010.87
+1580774321.67,+0014.65,-0002.93,-0003.91,-0000.61,-0001.00,-0006.51
+1580774321.68,+0008.79,-0001.95,-0003.91,+0001.00,-0001.61,-0001.99
+1580774321.68,+0003.91,+0000.98,-0003.91,-0000.46,-0001.07,-0002.68
+1580774321.69,+0004.88,-0002.93,-0002.93,+0000.54,-0001.00,-0005.74
+1580774321.69,+0005.86,-0002.93,-0002.93,+0002.53,-0001.45,-0005.36
+1580774321.70,+0002.93,-0001.95,-0003.91,+0001.53,-0000.77,-0006.81
+1580774321.70,-0002.93,-0001.95,-0002.93,-0000.46,-0001.07,-0009.42
+1580774321.71,-0005.86,-0002.93,-0002.93,+0001.68,-0000.15,-0012.56
+1580774321.71,-0003.91,-0003.91,-0001.95,-0000.54,-0000.31,-0011.33
+1580774321.72,-0004.88,-0003.91,-0002.93,-0002.14,-0000.31,-0009.11
+1580774321.72,-0008.79,-0002.93,-0002.93,-0001.84,-0000.77,-0008.42
+1580774321.73,-0009.77,-0003.91,-0003.91,-0003.14,+0000.23,-0008.80
+1580774321.73,-0008.79,-0004.88,-0004.88,-0002.99,-0000.84,-0006.97
+1580774321.74,-0004.88,-0004.88,-0005.86,-0003.68,+0000.08,-0009.26
+1580774321.74,-0003.91,-0003.91,-0005.86,-0001.00,-0000.08,-0010.34
+1580774321.74,-0003.91,-0002.93,-0005.86,+0000.38,-0001.99,-0012.10
+1580774321.75,+0000.00,-0002.93,-0004.88,-0000.15,-0002.22,-0013.48
+1580774321.75,+0000.98,-0002.93,-0004.88,+0000.38,-0002.76,-0012.10
+1580774321.76,+0004.88,-0001.95,-0004.88,+0000.00,-0002.99,-0008.35
+1580774321.76,-0000.98,+0000.00,-0004.88,+0000.08,-0003.52,-0012.79
+1580774321.77,-0000.98,-0000.98,-0004.88,+0001.91,-0002.76,-0011.33
+1580774321.77,+0005.86,-0001.95,-0003.91,+0001.00,-0001.00,-0012.02
+1580774321.78,+0002.93,-0000.98,-0003.91,+0003.22,-0001.07,-0006.97
+1580774321.78,-0001.95,+0000.98,-0003.91,-0000.61,-0001.53,-0011.56
+1580774321.79,-0001.95,-0000.98,-0003.91,+0001.15,-0001.99,-0012.10
+1580774321.79,+0004.88,-0002.93,-0003.91,-0000.77,-0003.37,-0007.04
+1580774321.80,-0000.98,-0000.98,-0003.91,+0000.15,+0001.00,-0011.10
+1580774321.80,-0006.84,-0000.98,-0003.91,-0000.38,-0004.75,-0010.80
+1580774321.81,+0003.91,-0002.93,-0003.91,+0000.46,-0001.76,-0010.87
+1580774321.81,+0002.93,-0004.88,-0003.91,-0000.31,+0002.14,-0007.20
+1580774321.82,-0009.77,-0000.98,-0003.91,-0002.68,+0002.91,-0014.55
+1580774321.82,-0012.70,-0002.93,-0003.91,-0001.68,-0004.13,-0012.48
+1580774321.83,+0002.93,-0006.84,-0004.88,-0000.69,+0001.76,-0011.41
+1580774321.83,-0003.91,-0005.86,-0006.84,-0001.99,-0001.38,-0007.89
+1580774321.84,-0005.86,-0003.91,-0007.81,-0001.76,-0001.76,-0007.27
+1580774321.84,+0002.93,-0006.84,-0005.86,-0003.75,-0001.23,-0005.13
+1580774321.85,-0002.93,-0004.88,-0004.88,-0002.83,+0003.60,-0012.33
+1580774321.85,-0016.60,-0002.93,-0004.88,-0004.36,-0000.77,-0014.16
+1580774321.86,-0001.95,-0005.86,-0004.88,-0002.76,-0000.31,-0017.53
+1580774321.86,+0007.81,-0007.81,-0006.84,-0003.75,-0000.61,-0011.79
+1580774321.87,+0000.98,-0003.91,-0007.81,-0002.76,+0002.37,-0008.19
+1580774321.87,-0008.79,-0003.91,-0006.84,-0000.38,-0003.83,-0010.64
+1580774321.88,+0001.95,-0005.86,-0005.86,+0000.61,-0000.46,-0013.40
+1580774321.88,+0009.77,-0005.86,-0005.86,+0001.61,-0001.99,-0006.12
+1580774321.89,+0005.86,-0002.93,-0005.86,-0000.54,-0000.38,-0006.35
+1580774321.89,+0000.00,-0003.91,-0006.84,-0001.61,-0002.76,-0010.41
+1580774321.90,+0007.81,-0004.88,-0005.86,+0000.38,-0004.29,-0010.80
+1580774321.90,+0012.70,-0005.86,-0005.86,+0002.07,+0000.69,-0008.65
+1580774321.91,+0000.98,-0003.91,-0006.84,-0000.69,-0001.23,-0007.66
+1580774321.91,-0001.95,-0004.88,-0005.86,+0000.84,-0001.00,-0010.18
+1580774321.92,-0001.95,-0005.86,-0004.88,+0000.61,+0002.60,-0014.24
+1580774321.92,-0008.79,-0005.86,-0003.91,+0003.98,+0001.00,-0012.94
+1580774321.93,-0009.77,-0004.88,-0003.91,-0000.38,+0002.30,-0016.15
+1580774321.93,-0013.67,-0005.86,-0003.91,+0001.99,+0000.77,-0014.93
+1580774321.94,-0000.98,-0007.81,-0004.88,-0002.68,+0009.34,+0001.68
+1580774321.94,-0026.37,-0004.88,-0005.86,+0003.45,+0013.70,-0022.97
+1580774321.95,-0047.85,-0005.86,-0003.91,-0006.66,-0012.25,-0010.49
+1580774321.95,+0003.91,-0006.84,-0002.93,-0010.95,-0003.37,-0006.20
+1580774321.96,+0004.88,-0011.72,-0005.86,+0002.45,+0002.91,-0002.60
+1580774321.96,-0015.62,-0003.91,-0006.84,-0001.30,-0003.37,+0004.44
+1580774321.97,-0017.58,-0004.88,-0005.86,-0008.35,-0002.45,-0011.10
+1580774321.97,+0004.88,-0006.84,-0003.91,-0003.90,-0001.76,-0004.75
+1580774321.98,+0012.70,-0008.79,-0005.86,-0005.28,+0002.22,-0002.60
+1580774321.98,-0006.84,-0004.88,-0006.84,+0001.15,+0000.08,-0010.95
+1580774321.99,-0000.98,-0002.93,-0004.88,+0002.83,-0003.06,-0017.30
+1580774321.99,+0014.65,-0005.86,-0002.93,-0002.83,-0001.76,-0009.95
+1580774322.00,+0011.72,-0006.84,-0002.93,+0001.91,+0001.07,-0006.43
+1580774322.00,-0000.98,+0000.00,-0001.95,-0000.61,+0003.37,-0010.95
+1580774322.01,-0002.93,-0002.93,-0000.98,+0000.69,-0001.61,-0012.33
+1580774322.01,+0012.70,-0004.88,+0000.00,-0002.99,-0000.92,-0006.81
+1580774322.02,+0010.74,-0004.88,-0000.98,-0000.92,+0005.51,-0004.06
+1580774322.02,-0013.67,+0000.00,-0000.98,-0004.44,+0000.46,-0016.15
+1580774322.03,-0009.77,-0002.93,+0000.98,+0002.68,-0002.83,-0017.84
+1580774322.03,+0009.77,-0004.88,+0001.95,-0002.30,+0003.52,-0015.31
+1580774322.04,+0002.93,-0003.91,+0001.95,+0002.45,+0001.99,-0006.74
+1580774322.04,-0011.72,+0000.98,+0000.98,-0002.60,-0000.54,-0011.33
+1580774322.05,-0010.74,-0000.98,+0001.95,+0001.30,-0001.99,-0012.10
+1580774322.05,+0003.91,-0002.93,+0002.93,-0001.45,+0000.38,-0010.11
+1580774322.06,+0000.00,-0001.95,+0000.98,+0000.00,+0000.38,-0007.27
+1580774322.06,-0005.86,+0001.95,+0000.98,+0002.30,-0002.45,-0012.71
+1580774322.07,-0000.98,+0000.00,+0002.93,+0000.77,-0005.13,-0013.63
+1580774322.07,+0011.72,-0000.98,+0003.91,+0002.76,-0004.59,-0003.68
+1580774322.08,+0000.00,+0001.95,+0002.93,-0000.92,-0004.52,-0010.41
+1580774322.08,-0001.95,+0003.91,+0003.91,+0001.00,-0005.36,-0007.43
+1580774322.09,+0009.77,+0001.95,+0003.91,+0001.84,+0002.76,-0015.31
+1580774322.09,-0000.98,+0001.95,+0004.88,+0004.82,-0001.76,-0010.72
+1580774322.10,+0003.91,+0004.88,+0004.88,-0002.60,-0004.21,-0011.56
+1580774322.10,+0010.74,+0000.98,+0004.88,+0001.15,-0001.38,-0008.88
+1580774322.11,+0000.98,+0003.91,+0004.88,+0003.22,+0003.90,-0009.57
+1580774322.11,-0002.93,+0004.88,+0006.84,+0002.91,-0003.14,-0011.10
+1580774322.12,+0007.81,+0002.93,+0006.84,-0003.29,-0001.38,-0011.03
+1580774322.12,+0008.79,+0000.98,+0004.88,+0000.38,-0000.38,-0007.04
+1580774322.13,-0001.95,+0005.86,+0004.88,-0003.68,-0001.53,-0012.25
+1580774322.13,-0001.95,+0002.93,+0006.84,+0002.30,-0003.45,-0011.25
+1580774322.14,+0007.81,+0001.95,+0006.84,-0003.29,+0002.53,-0012.40
+1580774322.14,+0006.84,+0000.98,+0006.84,+0000.15,-0004.59,-0006.66
+1580774322.15,+0002.93,+0002.93,+0004.88,-0001.76,+0004.29,-0013.93
+1580774322.15,-0008.79,+0001.95,+0004.88,-0001.61,-0003.14,-0012.86
+1580774322.16,+0005.86,+0000.98,+0004.88,+0000.38,-0001.61,-0012.33
+1580774322.16,+0008.79,+0000.00,+0003.91,-0002.60,+0001.07,-0011.87
+1580774322.17,-0001.95,+0001.95,+0002.93,-0000.92,+0001.30,-0006.05
+1580774322.17,-0003.91,+0001.95,+0002.93,-0002.07,-0001.84,-0013.02
+1580774322.18,+0005.86,+0000.98,+0004.88,-0001.23,-0002.91,-0007.89
+1580774322.18,+0010.74,+0000.00,+0004.88,-0002.68,+0003.83,-0009.19
+1580774322.19,-0004.88,+0001.95,+0003.91,-0002.30,-0002.14,-0009.57
+1580774322.19,+0001.95,+0001.95,+0002.93,-0001.30,-0001.53,-0012.25
+1580774322.20,+0016.60,-0001.95,+0002.93,-0002.30,-0004.98,-0006.51
+1580774322.20,+0005.86,+0000.98,+0000.98,+0001.30,+0006.74,-0015.24
+1580774322.21,-0017.58,+0001.95,+0001.95,-0006.05,-0006.97,-0010.18
+1580774322.21,+0007.81,-0000.98,+0002.93,+0004.82,-0001.00,-0017.00
+1580774322.22,+0010.74,-0002.93,+0002.93,+0000.54,-0002.68,-0000.31
+1580774322.22,+0002.93,+0000.00,+0000.00,-0000.77,+0003.83,-0001.00
+1580774322.23,-0017.58,+0000.98,+0000.00,-0004.29,+0005.36,-0019.37
+1580774322.23,-0008.79,-0001.95,+0002.93,+0002.37,-0007.27,-0010.87
+1580774322.24,+0011.72,-0002.93,+0002.93,-0003.14,-0000.31,-0005.44
+1580774322.24,-0002.93,-0002.93,+0000.98,+0001.68,+0000.84,-0008.50
+1580774322.25,-0010.74,+0000.00,+0000.00,-0001.07,-0001.68,-0005.51
+1580774322.25,-0005.86,-0001.95,+0000.98,-0000.08,-0002.53,-0011.71
+1580774322.26,+0002.93,-0003.91,+0000.98,+0001.76,-0002.53,-0007.35
+1580774322.26,+0000.00,-0002.93,+0000.00,+0002.30,+0001.53,-0011.94
+1580774322.27,-0008.79,-0001.95,+0000.00,+0000.69,-0003.06,-0010.95
+1580774322.27,+0000.00,-0002.93,+0000.00,-0000.31,-0001.61,-0015.16
+1580774322.28,+0003.91,-0002.93,+0000.98,+0000.77,-0001.07,-0011.94
+1580774322.28,+0000.98,-0001.95,+0000.00,+0001.53,-0001.38,-0007.35
+1580774322.29,-0005.86,-0001.95,+0000.00,-0001.61,-0003.29,-0011.48
+1580774322.29,+0000.00,-0003.91,+0000.00,+0001.99,-0003.14,-0009.49
+1580774322.30,+0008.79,-0003.91,+0000.00,+0000.84,-0001.61,-0006.97
+1580774322.30,-0001.95,-0002.93,+0000.00,+0002.30,+0001.76,-0008.04
+1580774322.31,-0008.79,-0002.93,+0000.00,-0000.61,-0003.14,-0012.33
+1580774322.31,+0002.93,-0005.86,+0000.98,+0002.45,-0000.08,-0013.70
+1580774322.32,+0003.91,-0005.86,+0000.00,-0000.92,-0001.84,-0010.72
+1580774322.32,-0001.95,-0003.91,-0000.98,-0001.23,+0000.38,-0011.25
+1580774322.33,-0004.88,-0004.88,-0000.98,+0000.54,-0002.22,-0013.25
+1580774322.33,+0002.93,-0006.84,+0000.00,+0000.77,-0005.28,-0009.11
+1580774322.34,+0007.81,-0006.84,-0000.98,-0000.69,+0000.15,-0005.67
+1580774322.34,-0012.70,-0003.91,-0000.98,-0002.07,-0004.75,-0011.56
+1580774322.35,-0002.93,-0006.84,+0000.00,+0003.90,-0002.91,-0012.79
+1580774322.35,+0010.74,-0007.81,+0000.00,-0000.15,-0002.68,-0011.03
+1580774322.36,+0002.93,-0006.84,-0000.98,+0003.90,+0001.07,-0010.64
+1580774322.36,-0010.74,-0002.93,+0000.00,-0004.44,-0005.13,-0013.70
+1580774322.37,+0003.91,-0007.81,+0000.98,+0004.82,-0004.67,-0009.80
+1580774322.37,+0009.77,-0006.84,+0000.00,-0001.07,+0001.45,-0011.87
+1580774322.38,-0001.95,-0004.88,-0000.98,-0000.15,-0006.28,-0001.68
+1580774322.38,+0002.93,-0004.88,-0000.98,-0000.38,+0002.60,-0013.93
+1580774322.39,-0006.84,-0007.81,+0000.00,+0002.99,+0000.61,-0016.61
+1580774322.39,+0005.86,-0004.88,+0001.95,+0002.76,+0002.53,-0010.57
+1580774322.40,+0002.93,-0004.88,+0001.95,-0000.23,-0001.99,-0008.65
+1580774322.40,-0005.86,-0004.88,+0001.95,+0002.37,-0001.45,-0004.75
+1580774322.41,-0005.86,-0004.88,+0002.93,+0001.45,+0000.08,-0010.72
+1580774322.41,-0003.91,-0005.86,+0003.91,+0002.37,-0002.53,-0006.66
+1580774322.42,+0000.00,-0004.88,+0003.91,+0000.61,+0000.00,-0008.27
+1580774322.42,-0008.79,-0004.88,+0002.93,+0001.30,-0001.38,-0008.04
+1580774322.43,-0010.74,-0002.93,+0004.88,-0000.92,+0000.08,-0015.31
+1580774322.43,-0008.79,-0004.88,+0004.88,+0002.53,-0003.45,-0013.86
+1580774322.44,-0001.95,-0004.88,+0004.88,+0001.76,-0001.84,-0011.18
+1580774322.44,-0004.88,-0003.91,+0003.91,+0000.38,-0000.15,-0009.19
+1580774322.45,-0010.74,-0001.95,+0003.91,+0000.15,-0002.22,-0009.80
+1580774322.45,-0006.84,-0002.93,+0005.86,+0001.07,-0003.45,-0008.27
+1580774322.46,-0002.93,-0002.93,+0004.88,+0000.54,-0000.08,-0008.96
+1580774322.46,-0007.81,-0001.95,+0004.88,+0000.61,-0004.29,-0009.03
+1580774322.47,-0003.91,-0000.98,+0005.86,+0001.30,-0001.23,-0010.72
+1580774322.47,-0003.91,-0000.98,+0006.84,+0001.76,-0001.23,-0011.10
+1580774322.48,-0002.93,+0000.98,+0007.81,+0001.61,-0003.68,-0008.50
+1580774322.48,-0001.95,+0001.95,+0007.81,+0001.53,-0001.23,-0011.10
+1580774322.49,-0004.88,+0001.95,+0008.79,+0000.15,-0003.14,-0007.35
+1580774322.49,-0001.95,+0002.93,+0008.79,+0001.84,-0002.91,-0007.12
+1580774322.50,-0000.98,+0002.93,+0008.79,+0000.84,-0001.84,-0007.20
+1580774322.50,-0004.88,+0003.91,+0009.77,+0000.92,+0000.77,-0009.72
+1580774322.51,-0007.81,+0003.91,+0010.74,+0000.61,-0000.84,-0014.39
+1580774322.51,-0003.91,+0003.91,+0011.72,+0001.53,-0001.84,-0014.32
+1580774322.52,+0005.86,+0002.93,+0011.72,-0001.23,+0000.15,-0003.22
+1580774322.52,-0004.88,+0005.86,+0011.72,+0003.90,+0004.13,-0013.09
+1580774322.53,-0019.53,+0005.86,+0011.72,-0001.61,-0004.59,-0011.18
+1580774322.53,+0004.88,+0002.93,+0011.72,+0000.00,-0000.54,-0012.56
+1580774322.54,+0005.86,+0001.95,+0010.74,+0001.91,-0000.54,-0006.66
+1580774322.54,-0006.84,+0006.84,+0009.77,+0003.29,+0000.61,-0007.89
+1580774322.55,-0011.72,+0005.86,+0010.74,-0002.22,-0001.91,-0015.93
+1580774322.55,+0003.91,+0002.93,+0011.72,+0000.38,-0002.30,-0011.79
+1580774322.56,+0006.84,+0002.93,+0010.74,+0000.15,+0000.54,-0009.65
+1580774322.56,-0003.91,+0004.88,+0009.77,+0001.38,-0001.30,-0007.04
+1580774322.57,-0003.91,+0003.91,+0009.77,+0002.45,-0002.45,-0012.48
+1580774322.57,+0004.88,+0002.93,+0009.77,+0000.69,-0001.61,-0009.49
+1580774322.58,+0004.88,+0001.95,+0009.77,+0001.23,+0000.77,-0009.65
+1580774322.58,-0000.98,+0003.91,+0008.79,+0002.37,-0001.23,-0011.79
+1580774322.59,+0002.93,+0001.95,+0008.79,+0000.92,+0001.45,-0009.57
+1580774322.59,+0000.98,+0001.95,+0009.77,-0000.46,+0001.76,-0014.55
+1580774322.60,-0002.93,+0001.95,+0009.77,-0000.23,-0001.53,-0012.02
+1580774322.60,+0006.84,+0000.98,+0009.77,-0003.37,+0001.61,-0011.18
+1580774322.61,+0000.00,-0000.98,+0008.79,+0001.38,-0000.69,-0007.66
+1580774322.61,-0002.93,+0000.98,+0007.81,-0001.76,-0000.31,-0009.26
+1580774322.62,+0000.00,-0001.95,+0006.84,-0000.77,-0000.54,-0011.87
+1580774322.62,+0001.95,-0002.93,+0006.84,-0000.84,+0000.23,-0007.73
+1580774322.63,-0000.98,-0002.93,+0004.88,+0000.46,+0000.00,-0012.10
+1580774322.63,-0003.91,-0002.93,+0004.88,-0001.23,-0002.22,-0007.73
+1580774322.64,+0000.98,-0003.91,+0005.86,-0001.07,+0000.00,-0012.71
+1580774322.64,-0002.93,-0002.93,+0005.86,+0001.07,-0000.46,-0009.57
+1580774322.65,-0002.93,-0002.93,+0004.88,+0000.38,-0000.31,-0010.95
+1580774322.65,-0002.93,-0003.91,+0004.88,-0001.00,-0000.46,-0012.79
+1580774322.66,-0001.95,-0003.91,+0003.91,+0000.77,-0000.61,-0011.41
+1580774322.66,-0001.95,-0004.88,+0002.93,-0001.45,-0000.92,-0012.25
+1580774322.67,-0001.95,-0004.88,+0002.93,+0001.38,-0001.84,-0011.18
+1580774322.67,+0000.98,-0004.88,+0002.93,+0000.08,+0000.92,-0010.34
+1580774322.68,-0001.95,-0004.88,+0001.95,-0001.68,-0001.38,-0008.12
+1580774322.68,-0001.95,-0005.86,+0001.95,-0001.00,-0000.38,-0008.35
+1580774322.69,-0001.95,-0005.86,+0002.93,+0000.54,+0001.15,-0009.57
+1580774322.69,-0003.91,-0005.86,+0001.95,-0000.92,-0002.45,-0009.26
+1580774322.70,+0010.74,-0006.84,+0001.95,+0000.61,-0006.74,+0002.53
+1580774322.70,+0000.98,-0005.86,+0000.98,+0002.22,+0013.70,-0014.47
+1580774322.71,-0023.44,-0004.88,+0001.95,+0000.00,-0005.97,-0009.11
+1580774322.71,+0007.81,-0006.84,+0002.93,-0000.08,+0002.68,-0018.68
+1580774322.72,+0003.91,-0010.74,+0001.95,-0004.36,+0002.53,-0006.81
+1580774322.72,-0006.84,-0004.88,+0000.00,+0003.98,+0000.31,-0002.53
+1580774322.73,-0010.74,-0006.84,+0000.98,+0000.69,-0002.30,-0012.86
+1580774322.73,-0000.98,-0009.77,+0001.95,-0000.31,-0001.53,-0008.65
+1580774322.74,+0002.93,-0007.81,+0000.98,-0003.68,+0003.68,-0008.73
+1580774322.74,-0007.81,-0005.86,+0000.98,-0001.15,-0000.15,-0011.18
+1580774322.75,-0005.86,-0007.81,+0000.98,-0000.23,-0000.61,-0013.78
+1580774322.75,+0000.98,-0008.79,+0001.95,+0001.38,-0001.45,-0009.03
+1580774322.76,+0001.95,-0006.84,+0001.95,+0000.46,-0000.15,-0007.58
+1580774322.76,-0002.93,-0005.86,+0000.98,+0000.08,-0002.91,-0009.65
+1580774322.77,+0000.00,-0006.84,+0001.95,-0000.77,-0000.31,-0012.10
+1580774322.77,+0002.93,-0006.84,+0001.95,+0001.68,-0000.77,-0012.25
+1580774322.78,+0002.93,-0004.88,+0002.93,-0000.31,-0002.99,-0007.73
+1580774322.78,+0005.86,-0004.88,+0002.93,-0001.23,-0002.60,-0008.04
+1580774322.79,+0001.95,-0003.91,+0003.91,+0001.15,+0003.52,-0012.79
+1580774322.79,-0001.95,-0002.93,+0004.88,-0001.15,-0004.52,-0008.12
+1580774322.80,+0007.81,-0002.93,+0004.88,-0001.38,+0000.23,-0013.02
+1580774322.80,+0003.91,-0002.93,+0005.86,+0003.60,-0001.76,-0008.19
+1580774322.81,+0001.95,+0000.00,+0005.86,+0000.77,-0000.08,-0008.65
+1580774322.81,+0000.98,-0000.98,+0006.84,+0002.76,-0004.29,-0010.57
+1580774322.82,+0003.91,-0000.98,+0007.81,+0001.76,+0000.00,-0009.11
+1580774322.82,+0000.98,+0000.00,+0008.79,+0001.07,+0000.38,-0010.80
+1580774322.83,-0002.93,+0000.98,+0008.79,-0000.08,-0002.68,-0009.72
+1580774322.83,+0000.00,+0000.98,+0008.79,+0001.99,-0000.08,-0012.63
+1580774322.84,+0000.98,+0000.98,+0009.77,+0001.15,-0002.45,-0009.72
+1580774322.84,+0000.00,+0000.98,+0009.77,+0001.45,+0000.08,-0009.80
+1580774322.85,-0001.95,+0001.95,+0009.77,-0000.31,-0002.83,-0008.19
+1580774322.85,+0004.88,+0000.98,+0010.74,-0000.84,+0000.31,-0006.89
+1580774322.86,+0000.98,+0001.95,+0009.77,+0000.61,+0003.06,-0011.48
+1580774322.86,-0004.88,+0002.93,+0010.74,-0001.00,-0002.07,-0009.72
+1580774322.87,+0004.88,+0001.95,+0010.74,+0000.08,+0000.92,-0011.41
+1580774322.87,+0002.93,+0001.95,+0010.74,-0000.92,-0001.53,-0006.43
+1580774322.88,+0000.00,+0003.91,+0010.74,+0001.07,+0000.92,-0006.05
+1580774322.88,-0001.95,+0002.93,+0010.74,+0000.61,-0001.30,-0010.11
+1580774322.89,-0000.98,+0001.95,+0011.72,-0000.61,+0001.76,-0010.95
+1580774322.89,+0000.00,+0001.95,+0010.74,-0001.68,+0001.23,-0013.93
+1580774322.90,+0004.88,+0001.95,+0010.74,-0000.23,-0006.20,-0004.67
+1580774322.90,+0001.95,+0001.95,+0010.74,+0001.00,+0002.45,-0016.61
+1580774322.91,-0012.70,+0002.93,+0011.72,-0002.68,-0006.20,-0007.35
+1580774322.91,+0006.84,+0001.95,+0011.72,+0003.37,+0000.15,-0010.72
+1580774322.92,+0000.00,+0000.00,+0010.74,+0001.45,-0001.61,-0001.15
+1580774322.92,-0003.91,+0001.95,+0008.79,+0000.31,+0000.31,-0006.20
+1580774322.93,-0008.79,+0000.98,+0008.79,-0002.60,+0000.92,-0013.32
+1580774322.93,-0008.79,+0000.00,+0009.77,+0001.00,-0001.91,-0008.80
+1580774322.94,-0002.93,+0000.00,+0009.77,-0000.08,+0000.46,-0012.02
+1580774322.94,-0010.74,+0000.98,+0009.77,+0000.15,-0001.15,-0006.97
+1580774322.95,-0012.70,+0000.00,+0008.79,-0002.45,+0002.22,-0004.98
+1580774322.95,-0016.60,+0000.00,+0009.77,-0002.99,-0000.08,-0001.53
+1580774322.96,-0013.67,-0000.98,+0008.79,+0000.46,+0002.99,-0008.35
+1580774322.96,-0012.70,-0001.95,+0007.81,-0000.61,+0000.46,-0015.16
+1580774322.97,-0012.70,-0001.95,+0007.81,+0001.07,-0002.30,-0017.76
+1580774322.97,-0007.81,-0001.95,+0007.81,-0000.54,-0003.75,-0018.76
+1580774322.98,-0004.88,-0001.95,+0007.81,-0001.38,-0001.07,-0017.69
+1580774322.98,-0004.88,-0000.98,+0007.81,-0001.15,-0001.38,-0013.63
+1580774322.99,+0000.00,-0000.98,+0006.84,-0001.91,+0000.84,-0008.42
+1580774322.99,+0001.95,-0000.98,+0006.84,-0002.14,+0000.08,-0008.73
+1580774323.00,+0001.95,-0000.98,+0006.84,-0000.61,-0001.84,-0009.65
+1580774323.00,+0005.86,+0000.00,+0007.81,-0001.30,+0000.46,-0009.03
+1580774323.01,+0004.88,-0000.98,+0007.81,-0000.38,-0000.08,-0010.57
+1580774323.01,+0005.86,+0000.00,+0008.79,-0000.23,+0001.30,-0009.80
+1580774323.02,+0006.84,+0000.98,+0008.79,+0000.54,+0000.15,-0010.34
+1580774323.02,+0003.91,+0000.00,+0009.77,+0000.08,+0001.07,-0011.10
+1580774323.03,+0003.91,+0000.00,+0009.77,+0000.92,-0000.61,-0011.18
+1580774323.03,+0004.88,+0000.00,+0009.77,+0000.08,+0000.46,-0012.17
+1580774323.04,+0003.91,-0000.98,+0009.77,+0000.84,-0000.69,-0010.18
+1580774323.04,+0002.93,+0000.00,+0009.77,-0000.23,+0000.15,-0010.64
+1580774323.05,+0000.98,+0000.00,+0010.74,-0000.23,+0000.23,-0009.57
+1580774323.05,+0001.95,-0000.98,+0010.74,+0000.31,+0000.46,-0009.34
+1580774323.06,+0000.98,-0000.98,+0009.77,-0000.38,-0001.00,-0008.96
+1580774323.06,+0001.95,-0000.98,+0009.77,-0000.46,-0000.92,-0010.11
+1580774323.07,+0000.98,-0001.95,+0008.79,+0000.61,+0000.46,-0010.41
+1580774323.07,+0002.93,-0001.95,+0009.77,-0000.61,-0001.00,-0008.65
+1580774323.08,+0001.95,-0000.98,+0008.79,-0001.84,-0001.15,-0010.49
+1580774323.08,+0003.91,-0000.98,+0008.79,-0000.69,-0002.14,-0006.81
+1580774323.09,+0005.86,-0000.98,+0008.79,+0000.92,+0001.15,-0009.95
+1580774323.09,+0000.00,+0000.00,+0009.77,+0001.61,-0001.68,-0007.66
+1580774323.10,+0002.93,+0000.98,+0009.77,-0000.77,+0000.46,-0010.26
+1580774323.10,+0002.93,+0000.98,+0010.74,+0000.23,-0001.15,-0010.49
+1580774323.11,+0001.95,+0001.95,+0010.74,+0000.23,+0000.92,-0008.27
+1580774323.11,+0000.00,+0001.95,+0010.74,+0001.30,-0000.15,-0011.03
+1580774323.12,-0000.98,+0001.95,+0010.74,-0000.92,+0000.08,-0009.49
+1580774323.12,+0000.00,+0002.93,+0010.74,+0001.15,+0000.77,-0012.63
+1580774323.13,-0001.95,+0002.93,+0011.72,+0001.23,-0000.46,-0010.64
+1580774323.13,+0000.00,+0003.91,+0011.72,+0001.68,+0000.61,-0011.94
+1580774323.14,-0000.98,+0004.88,+0011.72,+0000.46,+0000.23,-0008.65
+1580774323.14,-0000.98,+0004.88,+0012.70,+0001.53,+0000.08,-0007.27
+1580774323.15,-0000.98,+0004.88,+0011.72,+0001.00,-0001.15,-0007.66
+1580774323.15,-0000.98,+0005.86,+0011.72,+0000.38,+0000.46,-0006.97
+1580774323.16,+0000.98,+0006.84,+0011.72,+0000.92,-0001.23,-0007.73
+1580774323.16,-0001.95,+0006.84,+0011.72,-0000.31,-0001.53,-0010.34
+1580774323.17,-0002.93,+0007.81,+0012.70,+0000.31,-0001.91,-0011.33
+1580774323.17,+0000.98,+0007.81,+0013.67,+0000.92,-0001.23,-0011.41
+1580774323.18,+0000.98,+0008.79,+0013.67,+0000.92,+0000.61,-0010.49
+1580774323.18,-0000.98,+0009.77,+0013.67,+0000.54,-0000.77,-0011.87
+1580774323.19,-0000.98,+0010.74,+0013.67,-0000.15,-0001.61,-0012.25
+1580774323.19,+0004.88,+0010.74,+0014.65,+0000.38,-0001.38,-0010.49
+1580774323.20,+0004.88,+0011.72,+0014.65,+0000.31,-0000.54,-0010.03
+1580774323.20,+0002.93,+0012.70,+0014.65,+0000.23,-0002.45,-0011.41
+1580774323.21,+0005.86,+0011.72,+0014.65,-0000.38,-0001.23,-0008.35
+1580774323.21,+0005.86,+0012.70,+0014.65,+0000.92,+0001.61,-0013.40
+1580774323.22,+0008.79,+0012.70,+0014.65,-0000.61,-0008.42,-0004.29
+1580774323.22,+0037.11,+0010.74,+0014.65,+0000.15,-0009.49,+0013.48
+1580774323.23,+0027.34,+0014.65,+0012.70,-0001.91,+0012.40,-0007.81
+1580774323.23,-0026.37,+0014.65,+0014.65,-0007.20,-0000.46,-0018.83
+1580774323.24,+0008.79,+0017.58,+0017.58,-0000.31,+0003.06,-0032.46
+1580774323.24,+0024.41,+0008.79,+0017.58,-0000.84,-0000.15,-0012.02
+1580774323.25,+0010.74,+0012.70,+0013.67,+0005.44,+0004.13,-0011.10
+1580774323.25,-0009.77,+0014.65,+0011.72,-0000.77,-0002.45,-0015.01
+1580774323.26,-0000.98,+0009.77,+0012.70,+0001.00,-0000.08,-0008.04
+1580774323.26,+0012.70,+0009.77,+0013.67,-0004.36,+0003.90,-0006.28
+1580774323.27,-0001.95,+0010.74,+0011.72,-0000.31,+0001.53,-0005.90
+1580774323.27,-0009.77,+0009.77,+0009.77,-0000.77,-0000.31,-0012.33
+1580774323.28,-0001.95,+0007.81,+0009.77,-0000.38,-0002.83,-0012.79
+1580774323.28,+0007.81,+0006.84,+0009.77,-0001.30,-0001.53,-0007.27
+1580774323.29,+0000.98,+0007.81,+0006.84,-0000.69,-0000.77,-0011.87
+1580774323.29,-0004.88,+0007.81,+0006.84,-0001.38,-0003.52,-0012.17
+1580774323.30,+0002.93,+0005.86,+0005.86,-0002.91,-0000.08,-0013.32
+1580774323.30,+0003.91,+0004.88,+0005.86,-0001.84,-0000.31,-0010.80
+1580774323.31,+0000.98,+0006.84,+0003.91,-0003.75,+0002.53,-0009.26
+1580774323.31,-0001.95,+0004.88,+0002.93,-0000.77,-0001.84,-0009.88
+1580774323.32,+0000.98,+0002.93,+0001.95,-0001.38,+0000.77,-0008.27
+1580774323.32,+0000.98,+0001.95,+0000.98,-0001.00,-0001.15,-0005.67
+1580774323.33,-0000.98,+0002.93,+0000.00,-0002.07,+0000.00,-0004.29
+1580774323.33,-0003.91,+0000.98,-0000.98,-0000.77,-0000.31,-0006.12
+1580774323.34,-0004.88,+0000.98,-0000.98,-0001.07,-0000.69,-0007.20
+1580774323.34,-0004.88,-0000.98,-0001.95,-0002.14,+0001.91,-0010.03
+1580774323.35,-0004.88,-0000.98,-0002.93,-0001.61,-0002.91,-0009.49
+1580774323.35,-0002.93,-0001.95,-0003.91,-0004.13,+0001.38,-0008.96
+1580774323.36,-0009.77,-0001.95,-0004.88,-0003.98,-0002.53,-0012.63
+1580774323.36,-0005.86,-0002.93,-0004.88,+0002.68,-0000.08,-0011.87
+1580774323.37,-0001.95,-0003.91,-0004.88,-0005.36,+0002.30,-0013.25
+1580774323.37,-0006.84,-0003.91,-0005.86,+0001.38,-0001.30,-0010.57
+1580774323.38,-0003.91,-0002.93,-0007.81,-0002.60,-0000.84,-0011.48
+1580774323.38,-0004.88,-0004.88,-0008.79,-0001.84,-0000.46,-0011.79
+1580774323.39,-0001.95,-0003.91,-0008.79,-0001.53,-0000.54,-0010.57
+1580774323.39,-0000.98,-0003.91,-0008.79,-0000.31,-0001.30,-0008.73
+1580774323.40,-0002.93,-0002.93,-0008.79,-0000.31,-0000.31,-0009.49
+1580774323.40,-0003.91,-0002.93,-0008.79,+0000.23,-0000.15,-0008.73
+1580774323.41,-0003.91,-0002.93,-0007.81,-0000.38,+0000.38,-0011.41
+1580774323.41,+0000.00,-0002.93,-0007.81,+0001.30,+0001.15,-0008.73
+1580774323.42,-0000.98,-0001.95,-0008.79,+0000.00,-0000.61,-0010.80
+1580774323.42,-0002.93,-0001.95,-0007.81,-0000.54,-0001.00,-0009.72
+1580774323.43,+0000.00,-0001.95,-0007.81,-0000.61,+0000.23,-0013.25
+1580774323.43,+0000.00,-0001.95,-0007.81,+0000.61,-0000.38,-0011.48
+1580774323.44,+0000.00,-0000.98,-0006.84,+0000.38,+0000.92,-0011.71
+1580774323.44,-0000.98,-0000.98,-0006.84,+0000.00,-0000.38,-0010.64
+1580774323.45,+0000.00,-0000.98,-0005.86,-0000.15,+0001.30,-0010.64
+1580774323.45,+0000.98,+0000.00,-0005.86,+0000.61,-0000.46,-0009.42
+1580774323.46,-0000.98,+0000.98,-0005.86,+0001.00,+0001.45,-0010.95
+1580774323.46,-0000.98,+0000.98,-0004.88,+0001.00,+0000.77,-0010.03
+1580774323.47,-0000.98,+0000.98,-0004.88,-0000.08,+0001.53,-0010.87
+1580774323.47,-0001.95,+0000.98,-0003.91,+0000.69,-0001.68,-0008.58
+1580774323.48,-0001.95,+0001.95,-0003.91,+0000.23,+0000.84,-0009.03
+1580774323.48,-0005.86,+0002.93,-0002.93,+0000.46,-0002.37,-0008.58
+1580774323.49,+0000.00,+0002.93,-0001.95,+0002.68,+0001.15,-0011.03
+1580774323.49,-0000.98,+0003.91,-0001.95,+0000.15,+0001.00,-0011.10
+1580774323.50,-0001.95,+0004.88,-0000.98,+0000.46,+0000.38,-0010.41
+1580774323.50,-0002.93,+0004.88,-0000.98,+0000.23,-0000.31,-0010.72
+1580774323.51,-0000.98,+0005.86,+0000.00,+0000.38,-0000.38,-0008.27
+1580774323.51,+0000.98,+0006.84,+0000.00,+0001.07,-0000.23,-0010.87
+1580774323.52,-0001.95,+0007.81,+0000.98,+0001.53,-0001.38,-0010.87
+1580774323.52,+0001.95,+0007.81,+0000.98,-0000.54,+0001.38,-0011.87
+1580774323.53,+0003.91,+0007.81,+0001.95,+0000.15,-0001.07,-0010.49
+1580774323.53,+0003.91,+0008.79,+0001.95,-0001.15,+0004.59,-0012.94
+1580774323.54,-0003.91,+0009.77,+0001.95,-0001.23,-0001.99,-0013.78
+1580774323.54,+0004.88,+0008.79,+0002.93,-0000.08,-0003.60,-0009.88
+1580774323.55,+0012.70,+0008.79,+0002.93,+0000.31,+0002.14,-0010.18
+1580774323.55,-0002.93,+0011.72,+0002.93,+0000.84,-0000.84,-0006.28
+1580774323.56,+0000.00,+0012.70,+0004.88,-0000.92,-0000.54,-0010.26
+1580774323.56,+0005.86,+0009.77,+0005.86,+0002.68,+0000.08,-0010.41
+1580774323.57,+0004.88,+0010.74,+0004.88,-0001.30,+0000.69,-0008.12
+1580774323.57,-0001.95,+0012.70,+0004.88,-0000.23,-0001.61,-0007.43
+1580774323.58,+0001.95,+0010.74,+0004.88,+0001.76,-0001.00,-0008.50
+1580774323.58,+0000.98,+0008.79,+0004.88,+0000.31,+0000.46,-0009.88
+1580774323.59,+0000.00,+0010.74,+0004.88,+0000.38,-0000.23,-0007.20
+1580774323.59,-0000.98,+0009.77,+0004.88,-0001.00,+0000.69,-0008.73
+1580774323.60,-0003.91,+0008.79,+0004.88,-0001.00,-0001.45,-0007.04
+1580774323.60,+0000.00,+0007.81,+0003.91,-0000.38,+0000.15,-0005.97
+1580774323.61,-0003.91,+0006.84,+0002.93,-0001.30,+0000.08,-0005.97
+1580774323.61,-0006.84,+0005.86,+0000.98,-0001.23,-0001.30,-0008.19
+1580774323.62,-0003.91,+0004.88,+0000.98,-0000.92,-0001.00,-0008.96
+1580774323.62,-0002.93,+0003.91,+0000.98,-0001.15,-0000.61,-0009.11
+1580774323.63,-0007.81,+0003.91,+0000.00,-0001.15,+0000.31,-0011.48
+1580774323.63,-0013.67,+0002.93,-0000.98,-0003.37,+0001.15,-0012.48
+1580774323.64,-0009.77,+0000.98,-0001.95,-0000.31,+0001.53,-0015.39
+1580774323.64,-0006.84,+0000.00,-0002.93,-0002.53,+0001.15,-0013.55
+1580774323.65,-0010.74,+0000.00,-0003.91,-0001.15,-0000.15,-0012.63
+1580774323.65,-0010.74,-0000.98,-0005.86,-0002.76,-0000.77,-0012.71
+1580774323.66,-0007.81,-0001.95,-0005.86,-0001.68,-0000.23,-0011.94
+1580774323.66,-0004.88,-0002.93,-0006.84,-0001.23,-0002.30,-0011.71
+1580774323.67,-0004.88,-0001.95,-0007.81,-0001.91,+0001.30,-0010.18
+1580774323.67,-0001.95,-0002.93,-0008.79,-0000.61,-0001.91,-0008.50
+1580774323.68,+0001.95,-0002.93,-0009.77,-0002.07,-0000.23,-0008.42
+1580774323.68,+0001.95,-0002.93,-0010.74,-0001.23,-0001.38,-0009.34
+1580774323.69,+0002.93,-0002.93,-0010.74,-0002.76,-0001.00,-0010.49
+1580774323.69,+0004.88,-0004.88,-0011.72,-0001.45,+0001.45,-0012.25
+1580774323.70,+0001.95,-0003.91,-0011.72,-0001.68,+0000.23,-0013.25
+1580774323.70,+0000.98,-0004.88,-0012.70,-0001.99,+0000.84,-0013.09
+1580774323.71,+0004.88,-0004.88,-0012.70,-0001.38,+0002.83,-0011.56
+1580774323.71,+0001.95,-0004.88,-0012.70,-0002.07,+0000.84,-0010.03
+1580774323.72,+0000.00,-0003.91,-0013.67,-0000.84,+0001.53,-0010.03
+1580774323.72,+0000.00,-0004.88,-0012.70,+0000.38,+0000.84,-0011.56
+1580774323.73,+0001.95,-0004.88,-0012.70,+0000.31,+0001.76,-0009.19
+1580774323.73,+0000.00,-0003.91,-0013.67,-0001.61,+0000.69,-0009.34
+1580774323.74,+0000.00,-0003.91,-0013.67,+0000.08,-0000.84,-0008.73
+1580774323.74,+0000.00,-0003.91,-0013.67,-0000.61,+0001.07,-0008.88
+1580774323.75,+0000.98,-0002.93,-0012.70,-0001.00,-0001.23,-0007.73
+1580774323.75,+0000.98,-0002.93,-0012.70,+0000.00,+0000.15,-0008.04
+1580774323.76,-0001.95,-0001.95,-0012.70,-0002.37,+0000.92,-0008.73
+1580774323.76,-0000.98,-0000.98,-0012.70,-0000.84,+0000.00,-0010.26
+1580774323.77,+0002.93,-0000.98,-0012.70,-0001.07,-0001.45,-0008.27
+1580774323.77,+0001.95,+0000.00,-0013.67,-0001.84,-0000.23,-0006.58
+1580774323.78,-0002.93,+0000.98,-0012.70,-0001.53,+0000.61,-0010.80
+1580774323.78,-0004.88,+0000.98,-0011.72,+0000.38,+0001.15,-0011.10
+1580774323.79,-0002.93,+0001.95,-0010.74,+0001.61,-0001.07,-0010.95
+1580774323.79,-0001.95,+0002.93,-0010.74,-0001.00,+0001.07,-0009.80
+1580774323.80,-0005.86,+0002.93,-0009.77,-0000.46,+0001.15,-0012.56
+1580774323.80,-0005.86,+0002.93,-0009.77,-0001.38,-0002.45,-0009.42
+1580774323.81,-0001.95,+0001.95,-0009.77,-0000.54,+0002.83,-0010.41
+1580774323.81,-0011.72,+0002.93,-0009.77,-0002.91,-0005.05,-0011.10
+1580774323.82,-0003.91,+0000.98,-0009.77,+0002.30,+0001.53,-0012.17
+1580774323.82,-0001.95,+0000.98,-0010.74,-0003.60,+0002.45,-0014.78
+1580774323.83,-0005.86,+0000.98,-0010.74,+0001.61,-0001.23,-0007.43
+1580774323.83,-0004.88,+0001.95,-0010.74,-0002.68,-0000.54,-0008.80
+1580774323.84,-0005.86,+0000.00,-0010.74,+0001.53,-0000.69,-0007.04
+1580774323.84,-0003.91,+0000.00,-0010.74,-0000.77,+0000.31,-0008.88
+1580774323.85,-0001.95,+0000.00,-0010.74,-0000.31,-0001.30,-0007.50
+1580774323.85,+0001.95,+0000.00,-0010.74,-0000.23,-0001.00,-0009.19
+1580774323.86,-0000.98,-0000.98,-0010.74,-0000.38,-0001.38,-0010.72
+1580774323.86,+0001.95,+0000.00,-0010.74,-0001.68,-0003.37,-0006.58
+1580774323.87,+0005.86,-0001.95,-0011.72,-0002.83,-0000.84,-0009.11
+1580774323.87,+0003.91,-0001.95,-0012.70,-0000.69,-0001.84,-0007.73
+1580774323.88,+0007.81,-0000.98,-0012.70,-0001.07,-0000.69,-0010.64
+1580774323.88,+0006.84,-0001.95,-0012.70,+0000.15,-0003.06,-0010.57
+1580774323.89,+0010.74,-0001.95,-0013.67,-0001.38,-0000.77,-0011.33
+1580774323.89,+0010.74,-0001.95,-0013.67,-0000.69,-0001.61,-0012.02
+1580774323.90,+0010.74,-0001.95,-0013.67,-0001.53,-0001.07,-0010.95
+1580774323.90,+0009.77,-0001.95,-0013.67,-0000.46,+0000.08,-0009.72
