+1581210783.19,-0002.93,-0004.88,-0002.93,+0000.08,-0005.59,-0012.02
+1581210783.19,+0000.00,-0003.91,-0002.93,+0000.31,-0001.99,-0011.64
+1581210783.20,-0000.98,-0004.88,-0002.93,-0000.46,-0004.06,-0006.20
+1581210783.20,-0000.98,-0004.88,-0003.91,-0001.38,-0001.91,-0007.50
+1581210783.21,-0001.95,-0004.88,-0003.91,-0001.07,-0002.99,-0007.35
+1581210783.21,-0003.91,-0005.86,-0003.91,-0001.45,-0002.37,-0006.81
+1581210783.22,-0004.88,-0004.88,-0003.91,-0001.00,-0001.53,-0005.67
+1581210783.22,-0008.79,-0005.86,-0003.91,-0000.15,-0000.84,+0000.61
+1581210783.23,-0010.74,-0006.84,-0003.91,-0000.54,-0002.68,+0001.30
+1581210783.23,-0007.81,-0007.81,-0003.91,-0001.68,+0000.38,-0016.54
+1581210783.24,-0010.74,-0008.79,-0003.91,-0001.45,-0003.37,-0020.37
+1581210783.24,-0007.81,-0006.84,-0004.88,+0001.91,-0002.14,-0021.67
+1581210783.25,-0010.74,-0007.81,-0003.91,+0000.84,-0004.06,-0024.12
+1581210783.25,+0000.00,-0005.86,-0001.95,-0000.31,-0001.38,-0013.02
+1581210783.26,+0000.98,-0005.86,-0002.93,-0002.22,-0002.60,-0006.81
+1581210783.26,+0000.00,-0004.88,-0002.93,-0001.07,-0002.30,-0004.13
+1581210783.27,-0002.93,-0005.86,-0003.91,-0000.69,-0002.14,-0004.52
+1581210783.27,+0001.95,-0006.84,-0004.88,-0001.07,-0001.30,-0004.29
+1581210783.28,+0002.93,-0008.79,-0004.88,+0000.61,-0001.45,-0006.05
+1581210783.28,-0000.98,-0007.81,-0005.86,-0000.92,-0001.53,-0008.27
+1581210783.28,+0001.95,-0007.81,-0003.91,+0001.07,-0002.83,-0011.64
+1581210783.29,+0003.91,-0008.79,-0003.91,+0001.61,+0002.30,-0013.02
+1581210783.29,-0003.91,-0007.81,-0002.93,+0000.77,-0000.77,-0014.55
+1581210783.30,-0001.95,-0005.86,-0001.95,+0001.38,-0001.84,-0013.09
+1581210783.30,+0002.93,-0008.79,-0000.98,+0000.46,+0002.14,-0009.95
+1581210783.31,-0001.95,-0007.81,+0000.00,+0002.99,+0002.14,-0009.80
+1581210783.31,-0008.79,-0004.88,+0000.00,+0000.38,-0002.45,-0012.79
+1581210783.32,+0000.98,-0006.84,+0000.98,+0001.23,+0000.69,-0008.88
+1581210783.32,+0001.95,-0007.81,+0001.95,+0001.68,+0000.31,-0009.19
+1581210783.33,-0002.93,-0005.86,+0001.95,+0000.69,-0001.84,-0008.80
+1581210783.33,+0000.98,-0006.84,+0002.93,-0000.84,-0001.38,-0009.19
+1581210783.34,+0001.95,-0008.79,+0002.93,+0001.00,+0001.15,-0008.58
+1581210783.34,-0003.91,-0007.81,+0001.95,-0000.92,+0002.45,-0010.80
+1581210783.35,-0005.86,-0006.84,+0001.95,+0000.84,-0001.23,-0011.48
+1581210783.35,-0000.98,-0010.74,+0002.93,-0000.92,+0001.15,-0007.73
+1581210783.36,-0004.88,-0011.72,+0002.93,-0000.08,+0001.99,-0009.03
+1581210783.36,-0009.77,-0008.79,+0002.93,-0000.69,-0004.06,-0005.05
+1581210783.37,-0005.86,-0011.72,+0001.95,+0000.92,+0000.77,-0008.12
+1581210783.37,-0011.72,-0012.70,+0001.95,+0001.61,-0001.30,-0010.41
+1581210783.38,-0007.81,-0010.74,+0002.93,+0000.15,-0000.31,-0008.35
+1581210783.38,-0007.81,-0013.67,+0003.91,-0002.14,+0002.45,-0010.57
+1581210783.39,-0013.67,-0014.65,+0002.93,-0000.15,-0000.46,-0011.03
+1581210783.39,-0010.74,-0014.65,+0002.93,-0003.45,+0000.84,-0012.86
+1581210783.40,-0004.88,-0017.58,+0001.95,-0000.08,-0001.68,-0008.50
+1581210783.40,-0005.86,-0018.55,+0000.98,+0001.00,+0000.54,-0009.34
+1581210783.41,-0009.77,-0017.58,+0000.98,-0000.54,-0003.29,-0012.33
+1581210783.41,-0003.91,-0017.58,+0000.98,-0000.15,+0001.53,-0014.16
+1581210783.42,-0001.95,-0021.48,+0000.00,-0000.08,+0000.84,-0012.48
+1581210783.42,-0000.98,-0019.53,+0000.00,-0001.53,-0000.15,-0010.41
+1581210783.43,-0001.95,-0020.51,-0000.98,-0001.38,+0000.08,-0011.25
+1581210783.43,+0000.00,-0021.48,+0000.00,+0000.08,-0001.15,-0008.88
+1581210783.44,+0005.86,-0020.51,+0000.98,+0000.00,-0001.23,-0009.42
+1581210783.44,+0010.74,-0022.46,+0001.95,-0001.07,-0009.19,+0002.76
+1581210783.45,+0032.23,-0025.39,+0002.93,+0001.30,-0000.23,+0020.06
+1581210783.45,-0007.81,-0020.51,-0001.95,+0002.99,+0009.03,-0019.83
+1581210783.46,-0025.39,-0026.37,+0000.00,+0018.53,+0000.46,-0023.73
+1581210783.46,+0010.74,-0012.70,+0003.91,-0015.85,+0004.21,-0035.53
+1581210783.47,+0005.86,-0034.18,+0003.91,+0011.94,-0004.06,+0004.36
+1581210783.47,-0009.77,-0022.46,+0004.88,+0003.60,+0010.80,-0019.68
+1581210783.48,-0012.70,-0019.53,+0004.88,+0001.38,+0001.38,-0017.30
+1581210783.48,+0000.00,-0024.41,+0003.91,+0005.44,+0002.22,-0010.26
+1581210783.49,+0000.98,-0027.34,+0005.86,-0000.31,+0001.99,-0008.27
+1581210783.49,-0003.91,-0022.46,+0007.81,-0000.69,-0002.60,-0006.66
+1581210783.50,+0001.95,-0020.51,+0007.81,+0001.07,-0001.68,-0010.49
+1581210783.50,+0007.81,-0023.44,+0007.81,-0000.69,+0002.07,-0006.43
+1581210783.51,+0000.98,-0020.51,+0007.81,+0001.23,+0002.07,-0011.25
+1581210783.51,+0000.98,-0018.55,+0007.81,+0000.08,-0000.69,-0014.85
+1581210783.52,+0011.72,-0021.48,+0008.79,+0000.38,-0000.84,-0011.25
+1581210783.52,+0008.79,-0020.51,+0008.79,+0001.53,+0000.31,-0009.42
+1581210783.53,+0003.91,-0017.58,+0010.74,+0001.23,+0001.91,-0012.33
+1581210783.53,+0001.95,-0017.58,+0011.72,+0001.07,+0001.61,-0013.63
+1581210783.54,+0006.84,-0015.62,+0013.67,+0003.68,+0000.54,-0010.57
+1581210783.54,+0007.81,-0015.62,+0014.65,+0003.22,-0000.31,-0006.89
+1581210783.55,+0001.95,-0013.67,+0015.62,+0003.22,-0000.08,-0007.04
+1581210783.55,+0001.95,-0011.72,+0017.58,+0002.53,-0000.54,-0008.04
+1581210783.56,+0004.88,-0011.72,+0018.55,+0001.15,+0002.53,-0010.18
+1581210783.56,+0000.98,-0009.77,+0020.51,+0001.07,+0000.77,-0012.40
+1581210783.57,+0006.84,-0006.84,+0022.46,+0002.60,-0002.83,-0012.79
+1581210783.57,+0006.84,-0006.84,+0023.44,+0001.76,+0000.54,-0012.02
+1581210783.58,+0003.91,-0003.91,+0024.41,+0002.30,+0000.92,-0010.95
+1581210783.58,+0003.91,-0001.95,+0024.41,+0001.84,-0001.91,-0009.72
+1581210783.59,+0006.84,-0001.95,+0025.39,+0000.31,+0001.91,-0009.34
+1581210783.59,+0003.91,-0000.98,+0026.37,+0002.45,-0001.61,-0008.42
+1581210783.60,+0007.81,+0000.00,+0026.37,+0000.46,-0001.68,-0007.89
+1581210783.60,+0006.84,+0000.00,+0028.32,+0001.91,-0001.07,-0008.96
+1581210783.61,+0004.88,+0003.91,+0029.30,+0001.99,-0000.61,-0011.56
+1581210783.61,+0004.88,+0005.86,+0030.27,+0002.60,-0001.45,-0012.48
+1581210783.62,+0006.84,+0005.86,+0031.25,+0000.92,+0000.92,-0013.78
+1581210783.62,+0005.86,+0007.81,+0032.23,+0001.53,-0000.31,-0012.94
+1581210783.63,+0004.88,+0008.79,+0032.23,+0001.00,-0004.36,-0009.95
+1581210783.63,+0005.86,+0008.79,+0032.23,-0001.53,+0001.07,-0011.87
+1581210783.64,+0000.00,+0009.77,+0032.23,+0001.23,-0001.00,-0009.19
+1581210783.64,+0002.93,+0012.70,+0032.23,-0000.08,-0001.53,-0009.49
+1581210783.65,+0002.93,+0010.74,+0031.25,-0000.92,-0002.83,-0007.66
+1581210783.65,+0001.95,+0010.74,+0031.25,-0002.45,+0000.00,-0009.11
+1581210783.66,-0000.98,+0011.72,+0031.25,+0000.38,-0003.29,-0010.41
+1581210783.66,+0001.95,+0012.70,+0030.27,-0001.30,-0001.45,-0010.87
+1581210783.67,+0004.88,+0010.74,+0030.27,-0000.31,-0002.22,-0011.33
+1581210783.67,+0003.91,+0011.72,+0028.32,-0002.22,-0001.00,-0012.17
+1581210783.68,+0003.91,+0012.70,+0027.34,-0001.68,-0004.59,-0011.41
+1581210783.68,+0008.79,+0012.70,+0025.39,-0000.23,-0003.60,-0011.56
+1581210783.69,+0009.77,+0011.72,+0025.39,-0001.00,-0001.53,-0011.10
+1581210783.69,+0005.86,+0012.70,+0023.44,-0003.29,-0002.83,-0009.88
+1581210783.70,+0008.79,+0013.67,+0022.46,-0001.00,-0004.44,-0012.02
+1581210783.70,+0011.72,+0011.72,+0021.48,-0002.91,-0000.46,-0007.66
+1581210783.71,+0011.72,+0011.72,+0019.53,-0002.30,-0002.53,-0008.88
+1581210783.71,+0006.84,+0011.72,+0017.58,-0003.14,-0002.07,-0009.95
+1581210783.72,+0007.81,+0011.72,+0015.62,-0002.07,-0002.53,-0009.11
+1581210783.72,+0010.74,+0009.77,+0014.65,-0003.90,-0002.45,-0009.34
+1581210783.73,+0010.74,+0009.77,+0012.70,-0002.76,-0002.14,-0006.97
+1581210783.73,+0008.79,+0008.79,+0010.74,-0002.83,+0000.15,-0009.42
+1581210783.74,+0000.00,+0008.79,+0008.79,-0002.45,-0001.38,-0007.81
+1581210783.74,+0002.93,+0008.79,+0007.81,-0002.53,+0000.46,-0010.34
+1581210783.75,+0002.93,+0005.86,+0005.86,-0004.06,+0000.31,-0008.35
+1581210783.75,-0000.98,+0005.86,+0003.91,-0003.37,+0002.14,-0007.73
+1581210783.76,-0003.91,+0004.88,+0001.95,-0002.30,+0000.00,-0008.35
+1581210783.76,-0001.95,+0002.93,+0000.00,-0002.22,+0002.37,-0009.80
+1581210783.77,-0007.81,+0001.95,-0000.98,-0005.74,-0001.45,-0005.28
+1581210783.77,-0005.86,+0000.98,-0001.95,-0001.30,+0001.07,-0009.49
+1581210783.78,-0004.88,-0001.95,-0002.93,-0003.37,-0002.53,-0013.86
+1581210783.78,+0000.00,-0002.93,-0004.88,-0001.00,+0001.00,-0015.39
+1581210783.79,-0004.88,-0001.95,-0004.88,-0002.14,+0000.38,-0014.85
+1581210783.79,-0005.86,-0001.95,-0005.86,-0002.30,-0004.06,-0012.40
+1581210783.80,+0002.93,-0003.91,-0006.84,-0001.30,+0000.77,-0005.82
+1581210783.80,-0000.98,-0004.88,-0007.81,-0001.53,+0001.15,-0008.50
+1581210783.81,-0005.86,-0004.88,-0007.81,-0001.91,-0003.37,-0003.06
+1581210783.81,+0003.91,-0006.84,-0007.81,-0001.84,+0001.00,-0008.65
+1581210783.82,+0000.98,-0009.77,-0008.79,-0001.61,+0000.92,-0002.76
+1581210783.82,-0001.95,-0010.74,-0008.79,-0001.30,-0001.45,-0008.50
+1581210783.83,-0000.98,-0011.72,-0007.81,+0000.84,+0004.29,-0014.47
+1581210783.83,-0007.81,-0011.72,-0006.84,-0002.30,-0000.46,-0013.78
+1581210783.84,-0004.88,-0013.67,-0004.88,+0002.91,+0000.77,-0017.15
+1581210783.84,-0001.95,-0014.65,-0004.88,-0001.76,+0002.53,-0013.55
+1581210783.85,-0003.91,-0015.62,-0004.88,+0001.45,-0000.54,-0009.19
+1581210783.85,-0001.95,-0015.62,-0004.88,-0001.07,-0000.15,-0005.90
+1581210783.86,-0006.84,-0016.60,-0003.91,-0000.54,+0001.76,-0010.11
+1581210783.86,-0001.95,-0016.60,-0002.93,+0001.68,-0001.23,-0006.28
+1581210783.87,+0003.91,-0017.58,-0001.95,+0000.84,+0000.15,-0007.66
+1581210783.87,-0000.98,-0020.51,-0001.95,+0001.68,-0000.46,-0004.67
+1581210783.88,-0001.95,-0017.58,-0000.98,+0000.31,-0001.91,-0009.42
+1581210783.88,-0000.98,-0017.58,+0000.00,+0002.30,+0000.23,-0012.94
+1581210783.89,+0000.98,-0019.53,+0001.95,+0000.61,-0001.45,-0007.73
+1581210783.89,+0000.00,-0019.53,+0002.93,+0002.45,-0000.61,-0010.64
+1581210783.90,-0004.88,-0019.53,+0004.88,+0003.22,-0001.61,-0012.02
+1581210783.90,-0000.98,-0018.55,+0006.84,+0002.76,-0000.54,-0014.32
+1581210783.91,+0000.00,-0017.58,+0007.81,+0001.61,+0000.61,-0012.40
+1581210783.91,-0001.95,-0016.60,+0009.77,+0002.99,+0000.84,-0011.41
+1581210783.92,-0004.88,-0014.65,+0010.74,+0000.08,-0000.61,-0009.34
+1581210783.92,+0000.00,-0014.65,+0011.72,+0001.45,-0000.46,-0008.58
+1581210783.93,+0000.00,-0013.67,+0012.70,+0001.15,+0001.07,-0006.89
+1581210783.93,-0003.91,-0011.72,+0013.67,+0002.45,-0001.68,-0005.90
+1581210783.94,+0000.00,-0011.72,+0015.62,+0001.99,+0000.84,-0009.80
+1581210783.94,-0002.93,-0010.74,+0016.60,+0001.45,+0001.38,-0009.57
+1581210783.95,-0004.88,-0008.79,+0018.55,+0002.14,-0000.69,-0010.57
+1581210783.95,-0003.91,-0005.86,+0019.53,+0001.00,-0000.31,-0013.09
+1581210783.96,+0000.00,-0004.88,+0021.48,+0002.91,-0001.76,-0012.40
+1581210783.96,+0000.00,-0001.95,+0022.46,+0002.60,+0001.91,-0012.02
+1581210783.97,-0006.84,+0000.98,+0023.44,+0001.99,-0001.84,-0008.27
+1581210783.97,+0000.00,+0001.95,+0025.39,+0001.15,+0000.15,-0008.65
+1581210783.98,-0001.95,+0001.95,+0026.37,+0001.61,+0003.52,-0009.34
+1581210783.98,-0005.86,+0006.84,+0027.34,+0002.53,-0000.77,-0009.65
+1581210783.99,+0000.98,+0008.79,+0029.30,+0001.38,+0001.91,-0012.10
+1581210783.99,+0004.88,+0008.79,+0031.25,+0000.54,-0009.65,+0006.97
+1581210784.00,+0005.86,+0010.74,+0031.25,+0006.51,+0011.33,-0008.96
+1581210784.00,-0032.23,+0014.65,+0032.23,+0009.65,-0004.82,-0016.77
+1581210784.01,-0000.98,+0023.44,+0035.16,-0003.14,+0002.45,-0034.68
+1581210784.01,+0008.79,+0014.65,+0036.13,+0000.69,-0003.29,-0001.45
+1581210784.02,-0002.93,+0019.53,+0038.09,+0007.58,+0008.88,-0016.46
+1581210784.02,-0010.74,+0028.32,+0038.09,-0002.45,+0000.77,-0015.93
+1581210784.03,-0001.95,+0024.41,+0038.09,+0002.60,-0001.00,-0011.87
+1581210784.03,+0012.70,+0025.39,+0040.04,+0000.77,-0001.91,-0003.68
+1581210784.04,+0005.86,+0028.32,+0039.06,+0000.84,-0001.23,-0003.75
+1581210784.04,-0003.91,+0029.30,+0039.06,-0000.77,-0002.60,-0009.42
+1581210784.05,+0004.88,+0031.25,+0039.06,+0004.13,-0002.60,-0013.86
+1581210784.05,+0011.72,+0031.25,+0039.06,+0000.23,+0001.84,-0013.48
+1581210784.06,+0003.91,+0033.20,+0040.04,+0000.77,-0003.14,-0011.87
+1581210784.06,+0006.84,+0036.13,+0040.04,+0000.54,+0000.92,-0014.47
+1581210784.07,+0004.88,+0035.16,+0040.04,+0000.00,+0001.53,-0015.31
+1581210784.07,+0003.91,+0037.11,+0040.04,+0000.31,-0000.61,-0009.34
+1581210784.08,+0007.81,+0038.09,+0038.09,+0000.00,+0002.68,-0009.42
+1581210784.08,+0002.93,+0037.11,+0038.09,+0001.61,-0001.45,-0006.58
+1581210784.09,+0006.84,+0039.06,+0037.11,-0000.77,-0001.61,-0006.51
+1581210784.09,+0007.81,+0036.13,+0036.13,+0000.46,+0000.31,-0006.66
+1581210784.10,+0003.91,+0038.09,+0035.16,+0000.38,-0000.23,-0009.88
+1581210784.10,+0002.93,+0039.06,+0034.18,-0000.31,+0000.38,-0012.86
+1581210784.11,+0006.84,+0038.09,+0033.20,-0002.30,-0001.68,-0011.48
+1581210784.11,+0011.72,+0037.11,+0032.23,-0001.68,-0001.15,-0006.97
+1581210784.12,+0008.79,+0037.11,+0031.25,-0001.23,+0001.53,-0008.65
+1581210784.12,+0000.00,+0038.09,+0029.30,-0000.84,-0000.46,-0008.58
+1581210784.13,+0006.84,+0038.09,+0027.34,-0001.38,+0003.14,-0007.50
+1581210784.13,+0003.91,+0035.16,+0025.39,-0000.92,+0002.68,-0007.73
+1581210784.14,-0000.98,+0036.13,+0024.41,+0000.23,-0002.91,-0009.42
+1581210784.14,+0003.91,+0036.13,+0023.44,-0000.08,+0000.15,-0011.03
+1581210784.15,+0000.00,+0032.23,+0022.46,+0001.30,-0001.23,-0010.03
+1581210784.15,+0000.98,+0035.16,+0021.48,-0001.61,+0000.61,-0010.87
+1581210784.16,-0002.93,+0033.20,+0020.51,-0001.68,+0001.30,-0011.64
+1581210784.16,-0001.95,+0032.23,+0018.55,-0000.46,-0000.46,-0007.73
+1581210784.17,+0000.98,+0031.25,+0016.60,-0001.61,+0001.07,-0008.19
+1581210784.17,-0005.86,+0029.30,+0014.65,-0001.53,+0001.15,-0008.19
+1581210784.18,-0005.86,+0029.30,+0013.67,-0002.45,+0002.37,-0012.02
+1581210784.18,-0005.86,+0027.34,+0011.72,-0003.22,-0000.54,-0010.72
+1581210784.19,-0001.95,+0025.39,+0010.74,-0000.61,+0000.77,-0008.19
+1581210784.19,-0005.86,+0025.39,+0007.81,-0003.37,+0000.92,-0008.58
+1581210784.20,-0005.86,+0024.41,+0005.86,-0002.30,+0000.38,-0008.04
+1581210784.20,-0003.91,+0022.46,+0003.91,-0002.37,-0000.08,-0011.48
+1581210784.21,-0004.88,+0019.53,+0002.93,-0001.45,-0000.92,-0011.25
+1581210784.21,-0002.93,+0019.53,+0001.95,-0002.14,-0001.84,-0010.87
+1581210784.22,-0002.93,+0017.58,+0000.00,-0000.38,-0000.46,-0008.88
+1581210784.22,-0005.86,+0016.60,-0001.95,-0004.13,+0000.46,-0011.64
+1581210784.23,-0007.81,+0015.62,-0003.91,-0001.68,-0001.07,-0011.64
+1581210784.23,+0000.00,+0013.67,-0004.88,-0003.37,+0001.07,-0011.33
+1581210784.24,-0002.93,+0011.72,-0006.84,+0000.46,-0001.99,-0009.57
+1581210784.24,-0001.95,+0012.70,-0007.81,-0003.29,+0000.54,-0012.25
+1581210784.25,-0002.93,+0010.74,-0009.77,-0002.22,-0002.53,-0012.71
+1581210784.25,-0000.98,+0009.77,-0010.74,-0002.07,+0001.00,-0012.94
+1581210784.26,+0000.00,+0007.81,-0012.70,-0001.00,-0001.38,-0009.49
+1581210784.26,+0000.00,+0007.81,-0012.70,-0002.45,-0000.08,-0012.48
+1581210784.27,+0000.00,+0005.86,-0013.67,-0000.84,-0000.84,-0011.41
+1581210784.27,-0000.98,+0005.86,-0014.65,-0003.75,+0000.77,-0010.18
+1581210784.28,+0001.95,+0003.91,-0015.62,+0000.61,-0000.77,-0008.27
+1581210784.28,-0000.98,+0001.95,-0016.60,-0003.14,+0000.08,-0010.11
+1581210784.29,+0000.00,+0000.98,-0017.58,-0000.84,-0001.23,-0011.64
+1581210784.29,+0002.93,+0000.00,-0018.55,-0003.14,-0000.84,-0011.10
+1581210784.30,+0004.88,-0000.98,-0017.58,+0001.30,-0001.45,-0011.18
+1581210784.30,+0003.91,-0000.98,-0018.55,-0000.92,-0002.76,-0007.66
+1581210784.31,+0000.98,-0001.95,-0019.53,-0001.91,-0000.84,-0007.81
+1581210784.31,-0002.93,-0002.93,-0019.53,-0002.30,-0002.68,-0003.29
+1581210784.32,+0006.84,-0004.88,-0019.53,+0000.69,+0001.00,-0008.42
+1581210784.32,+0001.95,-0005.86,-0019.53,+0001.53,-0005.21,-0018.91
+1581210784.33,+0008.79,-0005.86,-0018.55,-0001.76,-0004.21,-0019.60
+1581210784.33,+0007.81,-0006.84,-0019.53,-0001.99,+0001.61,-0014.62
+1581210784.34,+0001.95,-0004.88,-0020.51,-0002.68,-0000.23,-0011.48
+1581210784.34,+0005.86,-0004.88,-0020.51,-0001.30,-0002.53,-0006.20
+1581210784.35,+0006.84,-0006.84,-0021.48,-0001.00,+0000.69,-0001.76
+1581210784.35,+0004.88,-0006.84,-0021.48,-0001.00,-0001.15,+0001.07
+1581210784.36,+0000.00,-0007.81,-0021.48,+0000.92,+0001.07,-0004.21
+1581210784.36,-0003.91,-0007.81,-0020.51,+0000.08,-0003.68,-0006.51
+1581210784.37,+0003.91,-0008.79,-0020.51,+0000.69,-0001.38,-0005.44
+1581210784.37,-0004.88,-0008.79,-0019.53,-0001.30,-0002.60,-0015.39
+1581210784.38,-0004.88,-0006.84,-0017.58,+0001.53,-0005.44,-0013.25
+1581210784.38,+0000.98,-0006.84,-0017.58,-0001.53,+0002.76,-0017.30
+1581210784.39,-0007.81,-0006.84,-0017.58,+0000.38,+0000.77,-0017.07
+1581210784.39,+0000.98,-0003.91,-0016.60,-0001.68,-0001.00,-0012.56
+1581210784.40,+0001.95,-0006.84,-0017.58,-0001.61,-0000.54,-0010.11
+1581210784.40,+0000.00,-0004.88,-0018.55,-0000.77,-0002.99,-0005.82
+1581210784.41,+0000.98,-0005.86,-0019.53,-0000.77,-0000.15,-0009.49
+1581210784.41,-0002.93,-0004.88,-0019.53,-0001.00,-0002.37,-0007.27
+1581210784.42,+0001.95,-0005.86,-0019.53,-0000.08,-0001.99,-0009.57
+1581210784.42,+0004.88,-0004.88,-0018.55,-0000.84,-0001.38,-0010.18
+1581210784.43,+0006.84,-0005.86,-0018.55,+0000.23,-0001.45,-0009.72
+1581210784.43,+0003.91,-0004.88,-0018.55,-0001.68,-0001.15,-0012.02
+1581210784.44,+0002.93,-0003.91,-0018.55,+0000.38,-0003.22,-0013.55
+1581210784.44,+0007.81,-0005.86,-0018.55,+0001.76,-0000.31,-0014.78
+1581210784.45,+0007.81,-0004.88,-0018.55,-0000.77,-0004.98,-0008.35
+1581210784.45,+0007.81,-0004.88,-0018.55,+0000.92,-0001.61,-0009.42
+1581210784.46,+0004.88,-0004.88,-0018.55,-0001.91,+0000.61,-0013.32
+1581210784.46,+0006.84,-0004.88,-0017.58,-0000.08,-0001.84,-0011.71
+1581210784.47,+0008.79,-0003.91,-0017.58,-0001.84,-0000.77,-0010.49
+1581210784.47,+0006.84,-0004.88,-0016.60,+0000.08,-0000.38,-0008.50
+1581210784.48,+0005.86,-0003.91,-0015.62,-0001.07,-0001.45,-0007.35
+1581210784.48,+0005.86,-0004.88,-0015.62,+0000.46,-0000.23,-0008.27
+1581210784.49,+0003.91,-0004.88,-0015.62,-0001.76,+0001.30,-0011.18
+1581210784.49,+0001.95,-0005.86,-0015.62,-0000.54,-0001.61,-0009.26
+1581210784.50,+0007.81,-0006.84,-0015.62,-0001.99,+0000.69,-0007.89
+1581210784.50,+0000.98,-0008.79,-0015.62,+0000.61,-0000.54,-0007.58
+1581210784.51,-0001.95,-0007.81,-0015.62,-0001.07,-0000.46,-0007.35
+1581210784.51,-0001.95,-0010.74,-0014.65,-0000.54,+0001.38,-0006.81
+1581210784.52,-0003.91,-0010.74,-0015.62,-0000.77,+0003.75,-0011.25
+1581210784.52,-0012.70,-0009.77,-0015.62,+0000.69,+0000.15,-0016.46
+1581210784.53,-0003.91,-0011.72,-0013.67,-0001.45,-0002.91,-0014.16
+1581210784.53,+0003.91,-0013.67,-0012.70,-0001.91,-0004.98,-0007.66
+1581210784.54,+0015.62,-0015.62,-0013.67,-0001.99,-0002.14,+0032.23
+1581210784.54,-0023.44,-0013.67,-0019.53,+0005.28,+0026.95,-0037.75
+1581210784.55,-0061.52,-0011.72,-0017.58,+0018.53,-0001.53,-0023.43
+1581210784.55,+0016.60,-0005.86,-0013.67,-0010.95,-0004.13,-0026.11
+1581210784.56,+0015.62,-0032.23,-0015.62,-0003.45,+0008.42,+0013.48
+1581210784.56,-0026.37,-0015.62,-0012.70,+0002.76,+0006.51,-0015.39
+1581210784.57,-0014.65,-0005.86,-0015.62,-0002.91,+0001.45,-0019.14
+1581210784.57,-0001.95,-0024.41,-0018.55,+0000.84,-0005.74,-0001.30
+1581210784.58,+0004.88,-0023.44,-0018.55,+0001.23,+0000.15,-0004.13
+1581210784.58,-0004.88,-0016.60,-0017.58,-0004.21,-0003.29,-0013.02
+1581210784.59,-0009.77,-0020.51,-0016.60,+0000.69,-0002.68,-0015.01
+1581210784.59,+0003.91,-0024.41,-0016.60,+0002.45,-0003.29,-0013.93
+1581210784.60,+0003.91,-0022.46,-0016.60,-0001.61,+0001.38,-0013.55
+1581210784.60,-0002.93,-0021.48,-0016.60,-0002.60,-0000.77,-0012.48
+1581210784.61,-0000.98,-0023.44,-0015.62,+0000.77,-0001.45,-0012.79
+1581210784.61,-0000.98,-0023.44,-0015.62,+0000.69,+0000.31,-0012.86
+1581210784.62,+0002.93,-0024.41,-0013.67,-0001.61,+0000.08,-0007.96
+1581210784.62,-0001.95,-0025.39,-0013.67,-0000.38,+0002.37,-0012.56
+1581210784.63,-0005.86,-0024.41,-0013.67,-0000.46,-0001.53,-0012.33
+1581210784.63,+0003.91,-0025.39,-0012.70,+0002.60,-0001.91,-0010.26
+1581210784.64,+0001.95,-0027.34,-0010.74,+0004.44,+0001.30,-0010.18
+1581210784.64,-0004.88,-0022.46,-0008.79,-0001.00,-0002.30,-0009.95
+1581210784.65,+0000.98,-0023.44,-0008.79,+0002.14,+0001.07,-0012.71
+1581210784.65,+0000.98,-0024.41,-0006.84,+0000.23,-0000.84,-0011.56
+1581210784.66,+0004.88,-0024.41,-0005.86,+0001.61,+0001.99,-0008.35
+1581210784.66,-0003.91,-0023.44,-0005.86,-0000.23,-0000.46,-0011.33
+1581210784.67,-0001.95,-0023.44,-0004.88,+0001.53,-0002.60,-0010.03
+1581210784.67,+0004.88,-0024.41,-0003.91,+0002.68,+0001.45,-0009.19
+1581210784.68,-0002.93,-0024.41,-0003.91,+0001.30,+0000.54,-0009.65
+1581210784.68,-0003.91,-0022.46,-0001.95,-0001.38,-0001.30,-0012.56
+1581210784.69,+0004.88,-0023.44,-0000.98,+0001.84,-0003.06,-0006.89
+1581210784.69,-0000.98,-0023.44,+0000.00,+0000.92,+0002.37,-0012.56
+1581210784.70,-0006.84,-0020.51,+0000.98,+0001.15,-0005.21,-0005.13
+1581210784.70,+0004.88,-0021.48,+0001.95,+0001.61,-0001.07,-0007.66
+1581210784.71,-0001.95,-0022.46,+0002.93,+0001.07,-0000.38,-0005.97
+1581210784.71,-0004.88,-0018.55,+0003.91,-0000.38,-0001.61,-0008.73
+1581210784.72,-0001.95,-0019.53,+0004.88,+0000.92,+0001.00,-0012.25
+1581210784.72,-0002.93,-0018.55,+0006.84,+0003.83,+0000.46,-0012.10
+1581210784.73,-0000.98,-0016.60,+0008.79,+0001.07,+0000.00,-0012.02
+1581210784.73,-0003.91,-0016.60,+0009.77,+0001.76,+0000.00,-0010.80
+1581210784.74,-0005.86,-0014.65,+0010.74,+0002.30,+0000.54,-0011.64
+1581210784.74,+0000.00,-0013.67,+0011.72,+0002.07,+0000.00,-0006.81
+1581210784.75,-0000.98,-0012.70,+0012.70,+0000.31,+0002.07,-0006.43
+1581210784.75,-0008.79,-0010.74,+0013.67,+0002.45,-0003.22,-0005.51
+1581210784.76,+0002.93,-0010.74,+0014.65,+0000.46,-0004.06,-0005.05
+1581210784.76,-0000.98,-0012.70,+0014.65,+0006.20,+0000.61,-0023.50
+1581210784.77,-0007.81,-0006.84,+0016.60,+0003.90,-0006.12,-0017.61
+1581210784.77,+0007.81,-0004.88,+0018.55,+0005.74,-0003.22,-0018.22
+1581210784.78,+0003.91,-0004.88,+0020.51,+0004.98,-0001.15,-0012.10
+1581210784.78,-0000.98,+0000.98,+0022.46,+0000.46,-0002.99,-0011.03
+1581210784.79,+0004.88,+0000.00,+0022.46,+0000.23,-0000.84,-0007.96
+1581210784.79,+0003.91,+0000.00,+0023.44,+0001.68,+0000.54,-0005.21
+1581210784.80,+0003.91,+0000.98,+0023.44,+0002.83,+0003.68,-0006.12
+1581210784.80,-0003.91,+0001.95,+0023.44,+0001.23,+0000.00,-0009.57
+1581210784.81,+0002.93,+0002.93,+0025.39,+0004.44,-0001.30,-0008.88
+1581210784.81,+0003.91,+0002.93,+0027.34,+0003.22,+0001.23,-0012.56
+1581210784.82,+0000.00,+0004.88,+0029.30,+0004.21,+0000.46,-0013.78
+1581210784.82,-0000.98,+0008.79,+0030.27,+0001.07,-0000.84,-0017.07
+1581210784.83,+0001.95,+0008.79,+0032.23,+0002.22,-0000.92,-0014.70
+1581210784.83,+0006.84,+0009.77,+0033.20,+0000.77,+0000.69,-0010.64
+1581210784.84,+0000.98,+0010.74,+0033.20,+0003.83,-0001.99,-0008.96
+1581210784.84,+0003.91,+0012.70,+0034.18,-0001.76,-0000.08,-0007.81
+1581210784.85,+0001.95,+0012.70,+0034.18,+0001.84,+0001.53,-0012.25
+1581210784.85,+0000.00,+0014.65,+0035.16,+0002.83,-0000.23,-0011.10
+1581210784.86,+0005.86,+0015.62,+0036.13,+0001.61,-0001.07,-0013.93
+1581210784.86,+0005.86,+0015.62,+0036.13,+0001.53,+0000.54,-0009.72
+1581210784.87,+0001.95,+0017.58,+0037.11,+0002.14,-0001.68,-0011.56
+1581210784.87,+0003.91,+0017.58,+0037.11,+0000.08,+0000.77,-0007.58
+1581210784.88,+0004.88,+0018.55,+0037.11,+0003.37,+0000.69,-0010.80
+1581210784.88,+0000.00,+0019.53,+0037.11,+0002.83,-0001.30,-0006.12
+1581210784.89,+0006.84,+0019.53,+0037.11,+0000.08,-0000.69,-0005.90
+1581210784.89,+0004.88,+0017.58,+0037.11,+0001.68,+0002.37,-0007.58
+1581210784.90,-0001.95,+0019.53,+0037.11,+0001.15,-0002.37,-0007.35
+1581210784.90,+0003.91,+0018.55,+0037.11,+0000.77,+0004.29,-0010.95
+1581210784.91,-0003.91,+0018.55,+0036.13,+0000.00,+0000.69,-0013.55
+1581210784.91,+0001.95,+0019.53,+0037.11,+0000.92,-0003.68,-0008.19
+1581210784.92,+0001.95,+0017.58,+0036.13,-0000.31,+0000.38,-0011.25
+1581210784.92,-0005.86,+0018.55,+0036.13,+0002.91,-0002.07,-0007.89
+1581210784.93,+0000.00,+0019.53,+0035.16,-0002.83,+0001.99,-0010.95
+1581210784.93,-0000.98,+0015.62,+0033.20,+0000.61,-0002.30,-0007.96
+1581210784.94,+0000.00,+0016.60,+0032.23,-0001.38,+0003.22,-0010.72
+1581210784.94,-0006.84,+0017.58,+0031.25,+0000.08,-0001.00,-0012.40
+1581210784.95,-0000.98,+0017.58,+0031.25,+0000.00,-0002.37,-0009.19
+1581210784.95,+0001.95,+0016.60,+0030.27,-0000.92,+0000.61,-0010.49
+1581210784.96,-0003.91,+0016.60,+0029.30,-0001.07,+0000.92,-0010.95
+1581210784.96,-0001.95,+0017.58,+0028.32,-0000.46,-0001.07,-0013.93
+1581210784.97,+0000.98,+0015.62,+0027.34,-0000.77,-0000.38,-0011.56
+1581210784.97,+0001.95,+0016.60,+0026.37,-0001.07,-0003.52,-0013.63
+1581210784.98,+0008.79,+0016.60,+0026.37,-0002.22,-0008.80,+0004.98
+1581210784.98,+0018.55,+0012.70,+0023.44,-0003.90,+0009.11,+0004.67
+1581210784.99,-0032.23,+0018.55,+0020.51,-0002.99,-0009.88,-0009.42
+1581210784.99,-0005.86,+0021.48,+0021.48,+0005.82,+0004.06,-0028.63
+1581210785.00,+0016.60,+0013.67,+0021.48,-0005.13,-0002.91,-0005.21
+1581210785.00,+0000.00,+0013.67,+0021.48,+0005.36,+0006.20,-0011.64
+1581210785.01,-0005.86,+0024.41,+0020.51,-0004.75,+0001.38,-0016.38
+1581210785.01,-0002.93,+0016.60,+0018.55,+0001.00,-0001.23,-0011.48
+1581210785.02,+0004.88,+0016.60,+0016.60,-0001.07,-0002.07,-0007.81
+1581210785.02,+0004.88,+0017.58,+0016.60,+0001.07,+0001.45,-0007.04
+1581210785.03,-0003.91,+0019.53,+0015.62,-0002.99,-0002.30,-0012.86
+1581210785.03,+0001.95,+0018.55,+0014.65,+0000.92,-0000.92,-0013.09
+1581210785.04,+0005.86,+0017.58,+0013.67,-0002.76,-0001.76,-0013.70
+1581210785.04,+0012.70,+0016.60,+0011.72,+0001.45,+0004.21,-0013.93
+1581210785.05,-0002.93,+0020.51,+0010.74,-0003.52,-0003.68,-0013.93
+1581210785.05,+0005.86,+0019.53,+0010.74,+0001.45,-0004.82,-0010.49
+1581210785.06,+0012.70,+0017.58,+0009.77,-0001.84,+0000.69,-0012.40
+1581210785.06,+0003.91,+0017.58,+0009.77,+0000.38,-0002.22,-0003.83
+1581210785.07,+0006.84,+0019.53,+0007.81,-0005.44,+0000.38,-0010.03
+1581210785.07,+0001.95,+0015.62,+0005.86,-0000.46,-0001.30,-0009.57
+1581210785.08,+0003.91,+0017.58,+0005.86,-0000.31,+0000.08,-0008.27
+1581210785.08,+0001.95,+0015.62,+0004.88,-0000.54,-0001.68,-0008.12
+1581210785.09,+0001.95,+0015.62,+0003.91,-0001.15,+0001.00,-0008.58
+1581210785.09,-0000.98,+0014.65,+0003.91,+0000.08,-0000.69,-0010.11
+1581210785.10,+0000.98,+0013.67,+0002.93,-0001.61,-0001.45,-0009.72
+1581210785.10,+0003.91,+0011.72,+0000.98,-0000.92,+0000.31,-0009.11
+1581210785.11,-0005.86,+0011.72,-0000.98,-0000.77,+0000.84,-0014.16
+1581210785.11,-0004.88,+0011.72,-0000.98,-0001.99,-0003.37,-0009.42
+1581210785.12,+0003.91,+0008.79,-0002.93,-0002.53,+0000.23,-0006.58
+1581210785.12,-0001.95,+0006.84,-0003.91,-0000.54,+0000.84,-0007.58
+1581210785.13,-0005.86,+0008.79,-0004.88,-0002.37,-0003.52,-0006.35
+1581210785.13,+0000.00,+0005.86,-0006.84,-0002.22,-0001.61,-0008.19
+1581210785.14,+0001.95,+0002.93,-0007.81,-0001.15,-0001.07,-0006.66
+1581210785.14,-0004.88,+0004.88,-0008.79,+0000.38,-0001.68,-0008.80
+1581210785.15,-0004.88,+0003.91,-0008.79,-0000.38,-0000.77,-0011.25
+1581210785.15,-0000.98,+0001.95,-0009.77,-0000.92,-0001.61,-0010.26
+1581210785.16,+0000.00,+0000.98,-0009.77,-0000.61,-0000.54,-0010.26
+1581210785.16,-0002.93,+0002.93,-0009.77,-0000.46,+0000.15,-0010.18
+1581210785.17,-0005.86,+0001.95,-0010.74,-0000.54,-0000.23,-0011.56
+1581210785.17,-0003.91,+0000.98,-0010.74,-0000.31,+0000.00,-0008.73
+1581210785.18,-0003.91,+0000.98,-0010.74,-0001.00,+0000.23,-0008.42
+1581210785.18,-0005.86,+0000.98,-0010.74,-0001.53,+0001.84,-0007.81
+1581210785.19,-0008.79,+0000.98,-0011.72,+0000.08,-0000.84,-0007.35
+1581210785.19,-0008.79,+0000.00,-0010.74,+0000.00,-0001.99,-0003.60
+1581210785.20,-0005.86,+0000.00,-0010.74,-0000.46,-0000.77,-0003.29
+1581210785.20,-0010.74,-0001.95,-0011.72,+0000.08,-0001.07,-0020.29
+1581210785.21,-0002.93,-0000.98,-0010.74,+0000.61,-0005.21,-0024.19
+1581210785.21,+0000.98,+0000.00,-0009.77,+0001.07,+0000.77,-0025.34
+1581210785.22,+0000.98,+0002.93,-0007.81,+0000.31,-0002.30,-0014.93
+1581210785.22,+0002.93,+0005.86,-0008.79,-0002.37,+0001.00,-0014.78
+1581210785.23,+0002.93,+0004.88,-0008.79,-0001.07,-0003.45,-0007.20
+1581210785.23,+0009.77,+0004.88,-0008.79,-0000.77,-0002.07,-0005.44
+1581210785.24,+0005.86,+0004.88,-0008.79,+0001.45,-0003.83,-0002.22
+1581210785.24,+0008.79,+0006.84,-0007.81,+0001.91,-0002.30,-0003.22
+1581210785.25,+0007.81,+0006.84,-0007.81,+0002.91,-0000.38,-0005.28
+1581210785.25,+0003.91,+0008.79,-0005.86,+0001.38,+0000.00,-0010.18
+1581210785.26,+0004.88,+0009.77,-0002.93,+0002.37,-0000.31,-0013.86
+1581210785.26,+0003.91,+0010.74,-0001.95,+0002.99,-0000.15,-0011.87
+1581210785.27,+0000.98,+0011.72,-0000.98,+0002.68,+0003.14,-0010.80
+1581210785.27,-0004.88,+0013.67,+0000.00,+0001.00,+0000.00,-0010.34
+1581210785.28,-0004.88,+0013.67,+0000.98,+0001.84,-0000.31,-0007.89
+1581210785.28,-0002.93,+0012.70,+0001.95,-0000.84,+0002.14,-0005.90
+1581210785.29,-0009.77,+0015.62,+0001.95,-0001.61,-0001.84,-0005.67
+1581210785.29,-0007.81,+0015.62,+0001.95,+0003.22,+0000.38,-0008.27
+1581210785.30,-0007.81,+0014.65,+0001.95,-0000.92,+0001.61,-0009.34
+1581210785.30,-0011.72,+0014.65,+0001.95,+0001.99,-0002.45,-0008.58
+1581210785.31,-0008.79,+0015.62,+0001.95,-0001.76,+0000.08,-0008.88
+1581210785.31,-0010.74,+0012.70,+0000.00,+0000.23,+0001.00,-0010.18
+1581210785.32,-0013.67,+0013.67,+0000.00,-0002.45,-0001.00,-0010.11
+1581210785.32,-0011.72,+0012.70,-0000.98,-0003.45,+0001.00,-0013.32
+1581210785.33,-0013.67,+0011.72,-0001.95,-0001.15,-0000.61,-0011.48
+1581210785.33,-0009.77,+0011.72,-0001.95,-0001.53,-0002.37,-0009.11
+1581210785.34,-0009.77,+0010.74,-0003.91,-0000.61,-0001.00,-0010.49
+1581210785.34,-0008.79,+0010.74,-0004.88,-0001.53,-0000.23,-0007.81
+1581210785.35,-0006.84,+0010.74,-0006.84,-0002.76,-0001.38,-0011.03
+1581210785.35,-0005.86,+0008.79,-0007.81,-0001.23,-0003.90,-0008.73
+1581210785.36,-0001.95,+0009.77,-0008.79,-0002.14,-0001.38,-0013.32
+1581210785.36,-0005.86,+0008.79,-0009.77,-0001.68,-0002.22,-0009.11
+1581210785.37,-0000.98,+0008.79,-0010.74,-0001.91,-0000.15,-0011.18
+1581210785.37,-0002.93,+0007.81,-0011.72,-0002.76,+0000.08,-0011.41
+1581210785.38,+0000.00,+0007.81,-0012.70,-0002.45,+0001.00,-0010.18
+1581210785.38,-0000.98,+0006.84,-0013.67,-0002.53,-0000.38,-0011.71
+1581210785.39,+0000.00,+0006.84,-0015.62,-0001.45,-0002.68,-0009.26
+1581210785.39,+0003.91,+0004.88,-0015.62,-0001.84,+0000.69,-0012.56
+1581210785.40,-0000.98,+0005.86,-0016.60,-0001.68,-0002.14,-0010.41
+1581210785.40,+0002.93,+0005.86,-0017.58,-0001.84,-0000.69,-0013.48
+1581210785.41,+0006.84,+0003.91,-0018.55,-0000.69,-0001.23,-0011.87
+1581210785.41,+0006.84,+0004.88,-0019.53,-0001.15,+0000.46,-0016.92
+1581210785.42,+0014.65,+0003.91,-0018.55,-0009.42,-0018.38,+0007.73
+1581210785.42,+0035.16,+0000.98,-0022.46,+0009.26,+0017.38,+0006.58
+1581210785.43,-0038.09,+0004.88,-0027.34,+0003.52,-0011.10,-0013.86
+1581210785.43,-0011.72,+0009.77,-0020.51,-0001.61,+0004.82,-0027.10
+1581210785.44,+0027.34,+0000.98,-0022.46,-0003.60,-0007.96,-0012.02
+1581210785.44,+0004.88,-0004.88,-0022.46,+0004.67,+0013.32,-0005.82
+1581210785.45,-0014.65,+0013.67,-0022.46,-0008.42,+0001.38,-0017.46
+1581210785.45,-0003.91,+0001.95,-0024.41,+0000.00,-0001.53,-0008.12
+1581210785.46,+0004.88,-0001.95,-0025.39,+0000.69,-0000.08,-0005.44
+1581210785.46,-0004.88,+0003.91,-0024.41,+0000.54,+0001.38,-0004.06
+1581210785.47,-0012.70,+0004.88,-0024.41,-0003.29,-0001.30,-0009.80
+1581210785.47,-0001.95,-0000.98,-0024.41,+0000.15,-0001.53,-0010.64
+1581210785.48,+0001.95,-0000.98,-0025.39,-0001.45,-0001.38,-0007.43
+1581210785.48,-0002.93,+0000.98,-0025.39,-0002.30,-0001.91,-0010.95
+1581210785.49,-0004.88,+0000.00,-0027.34,-0002.60,-0001.00,-0013.86
+1581210785.49,-0001.95,-0002.93,-0027.34,-0000.15,-0002.14,-0013.25
+1581210785.50,+0000.98,-0002.93,-0028.32,-0001.45,+0000.00,-0010.11
+1581210785.50,-0000.98,-0003.91,-0028.32,-0002.83,-0002.91,-0008.42
+1581210785.51,+0000.98,-0004.88,-0029.30,-0000.84,-0000.23,-0009.88
+1581210785.51,-0001.95,-0006.84,-0029.30,-0002.07,-0000.69,-0010.26
+1581210785.52,+0001.95,-0006.84,-0029.30,-0001.61,+0001.00,-0009.42
+1581210785.52,+0000.00,-0008.79,-0030.27,-0001.30,-0000.15,-0010.49
+1581210785.53,+0000.98,-0008.79,-0029.30,-0000.84,-0003.60,-0008.80
+1581210785.53,+0004.88,-0008.79,-0030.27,-0001.30,-0000.46,-0009.65
+1581210785.54,+0001.95,-0010.74,-0030.27,+0000.46,-0001.45,-0011.33
+1581210785.54,+0001.95,-0009.77,-0030.27,-0002.68,-0001.00,-0011.79
+1581210785.55,+0002.93,-0010.74,-0030.27,-0001.00,-0000.84,-0014.09
+1581210785.55,+0003.91,-0011.72,-0030.27,-0000.54,-0001.23,-0008.96
+1581210785.56,+0004.88,-0011.72,-0030.27,-0000.15,+0001.61,-0011.18
+1581210785.56,-0000.98,-0012.70,-0030.27,-0003.29,-0000.15,-0011.94
+1581210785.57,+0002.93,-0012.70,-0030.27,+0001.23,-0001.53,-0010.41
+1581210785.57,+0002.93,-0014.65,-0030.27,+0000.46,-0000.23,-0010.87
+1581210785.58,+0001.95,-0013.67,-0030.27,-0001.84,-0000.31,-0008.88
+1581210785.58,+0002.93,-0014.65,-0030.27,-0000.92,-0001.15,-0009.03
+1581210785.59,+0004.88,-0015.62,-0030.27,-0001.68,-0000.23,-0009.26
+1581210785.59,+0005.86,-0016.60,-0030.27,-0001.30,+0000.92,-0009.49
+1581210785.60,+0001.95,-0016.60,-0030.27,-0001.07,-0001.76,-0007.58
+1581210785.60,+0002.93,-0016.60,-0031.25,-0001.15,-0001.38,-0007.73
+1581210785.61,+0003.91,-0017.58,-0030.27,+0000.77,+0000.38,-0014.62
+1581210785.61,+0007.81,-0017.58,-0029.30,+0000.84,-0002.60,-0016.69
+1581210785.62,+0009.77,-0017.58,-0028.32,+0000.00,-0000.46,-0020.67
+1581210785.62,+0005.86,-0015.62,-0028.32,+0000.46,-0002.07,-0011.18
+1581210785.63,+0006.84,-0015.62,-0029.30,-0002.68,-0002.07,-0010.49
+1581210785.63,+0009.77,-0018.55,-0029.30,-0000.61,-0001.30,-0003.90
+1581210785.64,+0009.77,-0017.58,-0030.27,-0002.07,+0000.38,+0000.23
+1581210785.64,+0000.98,-0018.55,-0030.27,+0001.30,-0000.23,-0003.60
+1581210785.65,+0002.93,-0018.55,-0028.32,-0001.53,-0001.38,-0005.74
+1581210785.65,+0003.91,-0020.51,-0027.34,+0002.45,-0000.23,-0006.81
+1581210785.66,+0000.98,-0018.55,-0025.39,+0000.84,-0000.38,-0012.71
+1581210785.66,-0002.93,-0018.55,-0023.44,-0000.54,-0003.06,-0012.63
+1581210785.67,+0000.98,-0019.53,-0023.44,-0000.15,+0003.52,-0017.84
+1581210785.67,-0002.93,-0019.53,-0022.46,-0001.30,-0000.23,-0016.15
+1581210785.68,+0000.98,-0018.55,-0021.48,-0000.54,+0001.15,-0009.88
+1581210785.68,-0002.93,-0019.53,-0021.48,-0001.91,+0000.38,-0010.57
+1581210785.69,-0004.88,-0018.55,-0021.48,-0000.31,-0001.07,-0007.50
+1581210785.69,+0000.98,-0020.51,-0021.48,+0000.31,-0001.00,-0006.89
+1581210785.70,+0000.98,-0022.46,-0020.51,-0000.23,+0000.38,-0003.83
+1581210785.70,-0002.93,-0019.53,-0020.51,-0001.15,+0000.61,-0009.80
+1581210785.71,-0002.93,-0021.48,-0020.51,-0001.61,-0004.06,-0009.49
+1581210785.71,+0003.91,-0023.44,-0020.51,-0001.45,+0001.91,-0012.48
+1581210785.72,-0003.91,-0022.46,-0019.53,+0000.00,-0001.61,-0012.56
+1581210785.72,-0001.95,-0021.48,-0018.55,-0000.46,-0002.07,-0012.94
+1581210785.73,+0000.98,-0023.44,-0018.55,-0000.38,-0002.14,-0014.16
+1581210785.73,+0000.00,-0022.46,-0017.58,-0000.08,+0000.38,-0008.80
+1581210785.74,+0001.95,-0021.48,-0016.60,-0002.07,-0000.54,-0010.18
+1581210785.74,-0003.91,-0022.46,-0017.58,+0001.07,-0001.23,-0009.57
+1581210785.75,+0000.00,-0022.46,-0016.60,+0000.84,+0000.84,-0008.19
+1581210785.75,+0001.95,-0022.46,-0014.65,-0000.15,-0001.15,-0007.20
+1581210785.76,-0000.98,-0022.46,-0014.65,-0000.15,+0001.53,-0009.03
+1581210785.76,-0000.98,-0021.48,-0013.67,+0000.46,-0002.53,-0011.03
+1581210785.77,+0003.91,-0022.46,-0012.70,+0000.08,-0001.38,-0011.18
+1581210785.77,+0003.91,-0021.48,-0011.72,-0000.46,+0000.92,-0010.18
+1581210785.78,+0002.93,-0020.51,-0010.74,+0001.15,-0000.31,-0011.79
+1581210785.78,+0001.95,-0021.48,-0010.74,+0003.45,+0001.30,-0013.25
+1581210785.79,+0000.98,-0020.51,-0008.79,-0000.92,-0000.15,-0013.32
+1581210785.79,+0008.79,-0021.48,-0007.81,+0001.30,-0005.28,-0003.60
+1581210785.80,+0002.93,-0019.53,-0007.81,-0000.84,+0001.45,-0016.84
+1581210785.80,-0009.77,-0017.58,-0006.84,+0003.52,-0002.83,-0011.18
+1581210785.81,+0006.84,-0017.58,-0004.88,+0000.08,-0000.46,-0011.56
+1581210785.81,+0002.93,-0020.51,-0002.93,+0003.60,+0003.29,-0010.87
+1581210785.82,-0002.93,-0013.67,-0000.98,+0000.23,+0000.15,-0012.02
+1581210785.82,+0000.98,-0015.62,-0000.98,-0000.77,-0006.74,-0006.05
+1581210785.83,+0019.53,-0019.53,-0000.98,+0002.30,+0000.31,+0009.42
+1581210785.83,-0021.48,-0013.67,-0001.95,-0005.13,-0009.95,-0009.42
+1581210785.84,-0018.55,-0009.77,+0001.95,+0006.20,+0003.29,-0018.45
+1581210785.84,+0010.74,-0014.65,+0002.93,-0003.45,-0003.83,-0013.78
+1581210785.85,+0001.95,-0018.55,+0004.88,+0004.21,+0009.49,-0010.18
+1581210785.85,-0009.77,-0005.86,+0005.86,-0007.20,-0000.69,-0015.93
+1581210785.86,-0004.88,-0012.70,+0004.88,+0004.98,-0003.37,-0008.50
+1581210785.86,+0004.88,-0014.65,+0005.86,+0001.84,-0000.08,-0009.34
+1581210785.87,-0000.98,-0010.74,+0007.81,+0003.22,-0002.14,-0005.90
+1581210785.87,-0004.88,-0006.84,+0008.79,-0002.07,-0000.92,-0009.42
+1581210785.88,+0000.00,-0011.72,+0008.79,+0000.54,-0000.23,-0009.49
+1581210785.88,-0001.95,-0009.77,+0008.79,+0002.07,+0000.31,-0012.63
+1581210785.89,-0001.95,-0008.79,+0009.77,+0001.38,-0000.69,-0010.87
+1581210785.89,-0000.98,-0008.79,+0011.72,-0002.07,-0000.69,-0010.18
+1581210785.90,-0005.86,-0007.81,+0011.72,+0002.37,+0004.29,-0010.18
+1581210785.90,-0007.81,-0006.84,+0011.72,+0002.07,+0000.00,-0010.87
+1581210785.91,-0002.93,-0007.81,+0013.67,+0000.77,+0001.84,-0010.80
+1581210785.91,-0003.91,-0006.84,+0014.65,+0000.61,+0001.07,-0011.56
+1581210785.92,-0003.91,-0004.88,+0014.65,+0001.30,-0000.46,-0011.48
+1581210785.92,-0000.98,-0005.86,+0014.65,+0002.22,-0002.07,-0009.57
+1581210785.93,+0004.88,-0006.84,+0015.62,-0000.77,-0003.45,-0001.84
+1581210785.93,+0000.00,-0006.84,+0015.62,+0001.99,+0003.68,-0009.03
+1581210785.94,-0011.72,-0004.88,+0015.62,-0002.68,+0001.61,-0013.02
+1581210785.94,+0005.86,-0005.86,+0016.60,-0000.54,+0001.07,-0010.95
+1581210785.95,+0005.86,-0008.79,+0016.60,+0000.46,+0005.90,-0011.87
+1581210785.95,-0008.79,-0003.91,+0016.60,+0003.68,-0002.99,-0007.81
+1581210785.96,-0000.98,-0004.88,+0015.62,+0002.76,-0001.00,-0012.94
+1581210785.96,+0003.91,-0007.81,+0016.60,-0001.15,+0001.38,-0011.71
+1581210785.97,+0002.93,-0004.88,+0017.58,+0002.14,-0001.07,-0005.90
+1581210785.97,-0002.93,-0003.91,+0017.58,+0001.00,+0001.00,-0010.18
+1581210785.98,-0001.95,-0004.88,+0017.58,+0001.61,-0001.84,-0007.89
+1581210785.98,+0008.79,-0004.88,+0018.55,+0000.00,+0000.61,-0008.80
+1581210785.99,+0001.95,-0004.88,+0018.55,+0000.84,+0001.61,-0008.80
+1581210785.99,-0003.91,-0001.95,+0018.55,-0001.61,-0000.84,-0012.48
+1581210786.00,+0003.91,-0003.91,+0018.55,+0000.23,-0001.99,-0010.80
+1581210786.00,+0006.84,-0003.91,+0017.58,-0000.23,+0001.61,-0008.27
+1581210786.01,+0000.00,-0001.95,+0017.58,+0001.45,-0001.15,-0009.11
+1581210786.01,+0000.98,-0001.95,+0016.60,+0001.23,-0000.31,-0007.35
+1581210786.02,+0003.91,-0002.93,+0016.60,+0000.46,+0002.14,-0012.25
+1581210786.02,-0001.95,-0000.98,+0017.58,+0000.38,-0000.84,-0008.88
+1581210786.03,+0001.95,-0000.98,+0018.55,+0001.61,+0002.22,-0010.80
+1581210786.03,-0001.95,-0000.98,+0018.55,-0001.45,-0001.30,-0010.11
+1581210786.04,-0000.98,-0000.98,+0018.55,+0002.99,-0001.68,-0005.51
+1581210786.04,-0001.95,-0001.95,+0018.55,-0001.84,+0001.76,-0002.91
+1581210786.05,-0014.65,-0001.95,+0017.58,+0000.38,+0001.38,-0005.44
+1581210786.05,-0011.72,-0001.95,+0017.58,+0002.30,+0003.37,-0016.23
+1581210786.06,-0000.98,-0001.95,+0018.55,+0001.68,-0000.54,-0020.14
+1581210786.06,-0001.95,-0001.95,+0020.51,+0000.23,+0001.91,-0017.46
+1581210786.07,-0009.77,+0000.98,+0019.53,+0000.46,-0002.37,-0018.15
+1581210786.07,-0004.88,+0000.98,+0019.53,+0000.23,-0000.84,-0017.15
+1581210786.08,+0002.93,+0000.00,+0019.53,-0000.77,-0000.69,-0011.25
+1581210786.08,+0004.88,+0000.00,+0018.55,-0002.45,-0000.38,-0005.44
+1581210786.09,+0000.00,-0000.98,+0017.58,-0001.91,-0002.83,-0001.61
+1581210786.09,+0004.88,-0000.98,+0016.60,+0001.07,+0000.54,-0007.04
+1581210786.10,+0007.81,+0001.95,+0017.58,+0000.31,+0001.15,-0006.97
+1581210786.10,+0008.79,+0002.93,+0017.58,+0003.68,+0002.30,-0013.02
+1581210786.11,+0000.98,+0004.88,+0019.53,-0001.38,-0001.45,-0015.16
+1581210786.11,+0005.86,+0006.84,+0020.51,+0006.20,-0001.61,-0014.32
+1581210786.12,+0006.84,+0004.88,+0022.46,+0005.59,-0000.69,-0011.48
+1581210786.12,+0000.98,+0007.81,+0022.46,-0000.84,-0001.00,-0008.73
+1581210786.13,+0000.98,+0005.86,+0021.48,+0003.52,-0000.69,-0010.87
+1581210786.13,+0000.00,+0007.81,+0022.46,+0001.00,-0001.15,-0007.12
+1581210786.14,+0005.86,+0007.81,+0023.44,-0000.84,+0000.08,-0006.89
+1581210786.14,+0002.93,+0007.81,+0022.46,-0000.23,+0001.07,-0010.80
+1581210786.15,+0000.98,+0008.79,+0023.44,+0001.38,-0001.68,-0010.87
+1581210786.15,+0006.84,+0009.77,+0022.46,-0001.53,+0001.00,-0012.48
+1581210786.16,+0005.86,+0009.77,+0022.46,+0001.15,-0001.30,-0011.25
+1581210786.16,+0006.84,+0009.77,+0021.48,-0001.00,-0001.30,-0009.72
+1581210786.17,+0006.84,+0008.79,+0021.48,+0001.00,+0001.38,-0013.25
+1581210786.17,+0003.91,+0010.74,+0021.48,+0001.61,-0001.84,-0012.40
+1581210786.18,+0006.84,+0011.72,+0022.46,+0000.38,-0000.38,-0011.71
+1581210786.18,+0008.79,+0010.74,+0022.46,+0000.54,+0000.08,-0010.26
+1581210786.19,+0006.84,+0011.72,+0022.46,+0000.46,-0000.77,-0010.03
+1581210786.19,+0005.86,+0011.72,+0022.46,+0002.45,-0001.68,-0010.64
+1581210786.20,+0006.84,+0012.70,+0022.46,+0000.23,+0000.54,-0009.57
+1581210786.20,+0008.79,+0012.70,+0022.46,+0000.23,-0000.77,-0008.88
+1581210786.21,+0007.81,+0011.72,+0021.48,-0001.15,-0001.61,-0007.66
+1581210786.21,+0004.88,+0012.70,+0020.51,+0000.77,+0001.68,-0010.26
+1581210786.22,+0003.91,+0013.67,+0020.51,-0000.61,-0001.15,-0010.18
+1581210786.22,+0005.86,+0012.70,+0020.51,+0000.00,-0000.84,-0008.88
+1581210786.23,+0004.88,+0012.70,+0021.48,+0000.31,-0001.68,-0007.35
+1581210786.23,+0004.88,+0012.70,+0020.51,+0000.77,-0001.15,-0006.74
+1581210786.24,+0001.95,+0011.72,+0020.51,+0002.53,-0002.45,-0008.88
+1581210786.24,+0004.88,+0012.70,+0019.53,-0000.92,-0001.84,-0009.42
+1581210786.25,+0005.86,+0011.72,+0019.53,+0000.77,+0000.15,-0011.03
+1581210786.25,+0003.91,+0012.70,+0018.55,-0000.46,-0004.06,-0006.66
+1581210786.26,+0000.98,+0011.72,+0018.55,-0001.45,+0000.31,-0014.55
+1581210786.26,-0001.95,+0011.72,+0017.58,-0000.46,-0003.06,-0010.03
+1581210786.27,+0005.86,+0011.72,+0016.60,+0000.69,+0001.00,-0012.71
+1581210786.27,+0005.86,+0010.74,+0016.60,+0001.07,-0010.64,-0003.37
+1581210786.28,+0031.25,+0007.81,+0016.60,-0000.77,-0006.20,+0031.85
+1581210786.28,+0015.62,+0008.79,+0010.74,+0003.14,+0020.83,-0031.08
+1581210786.29,-0049.80,+0008.79,+0011.72,-0018.15,-0011.48,-0019.37
+1581210786.29,+0014.65,+0022.46,+0015.62,-0006.43,-0001.99,-0032.16
+1581210786.30,+0023.44,+0007.81,+0013.67,-0003.52,+0003.37,+0012.86
+1581210786.30,-0004.88,+0013.67,+0012.70,+0000.00,+0003.45,-0010.80
+1581210786.31,-0011.72,+0019.53,+0012.70,+0001.76,+0000.61,-0013.09
+1581210786.31,+0000.98,+0013.67,+0013.67,-0001.76,-0002.91,-0007.66
+1581210786.32,+0008.79,+0014.65,+0011.72,-0001.53,+0000.84,+0001.61
+1581210786.32,-0005.86,+0015.62,+0011.72,-0000.61,+0003.75,-0006.74
+1581210786.33,-0008.79,+0016.60,+0011.72,+0000.46,+0001.23,-0014.70
+1581210786.33,-0000.98,+0015.62,+0011.72,-0001.00,-0001.23,-0010.80
+1581210786.34,+0003.91,+0015.62,+0010.74,-0001.23,+0002.14,-0008.50
+1581210786.34,-0002.93,+0015.62,+0008.79,-0002.76,-0002.30,-0012.63
+1581210786.35,+0000.00,+0016.60,+0007.81,-0001.07,-0000.31,-0013.70
+1581210786.35,+0002.93,+0015.62,+0005.86,+0000.15,+0000.31,-0012.94
+1581210786.36,+0003.91,+0016.60,+0005.86,-0001.00,-0000.92,-0010.41
+1581210786.36,+0003.91,+0016.60,+0005.86,-0000.31,-0001.00,-0010.72
+1581210786.37,+0004.88,+0016.60,+0005.86,-0000.84,-0002.99,-0008.65
+1581210786.37,+0004.88,+0017.58,+0004.88,-0000.38,-0000.08,-0009.72
+1581210786.38,+0003.91,+0017.58,+0003.91,-0001.07,+0000.77,-0010.18
+1581210786.38,+0003.91,+0017.58,+0003.91,-0001.76,-0000.54,-0009.65
+1581210786.39,+0007.81,+0017.58,+0003.91,-0000.23,-0001.30,-0009.11
+1581210786.39,+0005.86,+0018.55,+0002.93,-0000.38,+0000.46,-0009.49
+1581210786.40,+0001.95,+0018.55,+0001.95,+0000.54,-0001.30,-0012.10
+1581210786.40,+0004.88,+0018.55,+0000.98,-0002.07,+0000.08,-0009.95
+1581210786.41,+0003.91,+0016.60,+0000.00,+0000.38,-0000.23,-0007.20
+1581210786.41,+0000.00,+0017.58,-0000.98,-0001.53,+0002.07,-0007.66
+1581210786.42,-0001.95,+0016.60,-0000.98,-0001.23,+0000.15,-0006.43
+1581210786.42,-0000.98,+0016.60,-0000.98,-0001.76,+0000.84,-0007.66
+1581210786.43,-0002.93,+0015.62,-0001.95,-0000.15,+0000.54,-0008.27
+1581210786.43,-0003.91,+0015.62,-0002.93,-0000.08,+0000.31,-0011.03
+1581210786.44,-0004.88,+0014.65,-0002.93,-0001.45,-0001.30,-0012.02
+1581210786.44,-0001.95,+0013.67,-0003.91,-0002.76,+0000.46,-0011.18
+1581210786.45,-0002.93,+0012.70,-0004.88,-0001.84,+0000.84,-0011.33
+1581210786.45,-0003.91,+0011.72,-0005.86,-0000.15,-0000.15,-0008.42
+1581210786.46,-0003.91,+0010.74,-0006.84,-0002.60,-0000.08,-0009.26
+1581210786.46,-0004.88,+0009.77,-0007.81,-0001.23,-0000.54,-0007.35
+1581210786.47,-0002.93,+0008.79,-0009.77,-0001.38,-0001.38,-0009.34
+1581210786.47,-0003.91,+0007.81,-0009.77,-0002.22,+0000.31,-0008.42
+1581210786.48,-0004.88,+0007.81,-0010.74,-0001.00,-0001.15,-0010.95
+1581210786.48,-0003.91,+0007.81,-0011.72,-0002.14,+0001.07,-0011.41
+1581210786.49,-0001.95,+0005.86,-0012.70,-0001.76,-0001.15,-0008.80
+1581210786.49,-0004.88,+0005.86,-0014.65,-0001.61,+0000.92,-0011.94
+1581210786.50,-0004.88,+0006.84,-0014.65,-0001.30,-0001.61,-0011.87
+1581210786.50,+0000.00,+0004.88,-0015.62,-0001.68,+0001.45,-0010.34
+1581210786.51,-0001.95,+0004.88,-0015.62,-0001.23,-0000.31,-0010.72
+1581210786.51,-0004.88,+0005.86,-0017.58,-0000.08,-0000.46,-0011.64
+1581210786.52,-0005.86,+0005.86,-0017.58,-0002.91,+0002.14,-0011.48
+1581210786.52,-0001.95,+0005.86,-0018.55,-0001.76,+0000.69,-0007.96
+1581210786.53,-0000.98,+0004.88,-0018.55,+0000.23,+0000.23,-0007.58
+1581210786.53,-0002.93,+0005.86,-0019.53,-0000.92,+0001.76,-0010.03
+1581210786.54,-0003.91,+0004.88,-0019.53,-0001.91,-0000.23,-0011.18
+1581210786.54,+0000.98,+0004.88,-0019.53,-0002.22,+0000.38,-0012.10
+1581210786.55,+0000.98,+0003.91,-0020.51,-0002.76,-0001.07,-0010.49
+1581210786.55,+0001.95,+0003.91,-0021.48,-0001.07,+0000.31,-0009.19
+1581210786.56,-0000.98,+0003.91,-0022.46,-0001.91,+0000.46,-0013.55
+1581210786.56,+0001.95,+0003.91,-0022.46,-0002.30,+0000.31,-0010.41
+1581210786.56,+0003.91,+0002.93,-0023.44,-0000.84,+0000.84,-0010.72
+1581210786.57,+0001.95,+0004.88,-0023.44,-0002.07,+0000.77,-0008.73
+1581210786.57,+0000.00,+0003.91,-0023.44,-0000.61,+0000.46,-0011.48
+1581210786.58,-0000.98,+0004.88,-0023.44,-0000.92,+0000.54,-0011.33
+1581210786.58,+0000.98,+0004.88,-0023.44,-0000.31,+0000.54,-0009.49
+1581210786.59,+0000.98,+0004.88,-0024.41,-0001.07,-0001.45,-0009.19
+1581210786.59,+0001.95,+0004.88,-0024.41,-0002.60,+0000.38,-0008.19
+1581210786.60,+0000.00,+0004.88,-0024.41,-0001.30,+0001.38,-0010.03
+1581210786.60,-0004.88,+0004.88,-0025.39,-0000.15,-0000.69,-0008.50
+1581210786.61,-0001.95,+0004.88,-0026.37,-0002.07,+0003.22,-0009.26
+1581210786.61,-0004.88,+0004.88,-0025.39,-0000.23,+0001.76,-0007.20
+1581210786.62,-0003.91,+0005.86,-0026.37,-0001.15,+0000.08,-0009.49
+1581210786.62,-0004.88,+0004.88,-0025.39,+0000.54,+0000.38,-0011.87
+1581210786.63,-0004.88,+0004.88,-0025.39,-0001.68,+0000.77,-0012.94
+1581210786.63,-0002.93,+0003.91,-0025.39,-0001.30,-0000.31,-0012.02
+1581210786.64,+0000.00,+0003.91,-0026.37,-0001.91,-0000.69,-0012.71
+1581210786.64,-0000.98,+0003.91,-0026.37,-0000.69,+0000.77,-0010.11
+1581210786.65,-0000.98,+0003.91,-0027.34,-0000.92,-0001.38,-0009.34
+1581210786.65,+0001.95,+0001.95,-0027.34,-0003.22,-0002.14,-0004.52
+1581210786.66,-0001.95,+0002.93,-0028.32,-0003.22,+0001.91,-0008.65
+1581210786.66,-0005.86,+0002.93,-0028.32,+0001.23,-0001.23,-0008.42
+1581210786.67,-0001.95,+0002.93,-0027.34,-0001.45,+0002.53,-0010.72
+1581210786.67,-0003.91,+0001.95,-0027.34,-0000.08,-0000.46,-0009.34
+1581210786.68,-0003.91,+0003.91,-0027.34,-0001.00,-0001.30,-0011.18
+1581210786.68,-0005.86,+0002.93,-0027.34,-0001.07,+0001.38,-0013.25
+1581210786.69,-0003.91,+0002.93,-0027.34,-0000.08,-0001.76,-0009.72
+1581210786.69,-0001.95,+0001.95,-0027.34,-0001.00,-0001.00,-0008.58
+1581210786.70,-0000.98,+0000.98,-0027.34,-0002.07,+0000.15,-0009.88
+1581210786.70,-0001.95,+0001.95,-0027.34,-0000.54,+0000.23,-0010.41
+1581210786.71,-0000.98,+0000.98,-0028.32,-0001.07,-0001.68,-0010.87
+1581210786.71,+0001.95,+0000.00,-0027.34,-0002.68,+0000.46,-0010.64
+1581210786.72,+0000.98,+0000.00,-0027.34,-0000.15,-0001.07,-0008.96
+1581210786.72,+0000.98,+0000.00,-0029.30,-0001.53,-0001.23,-0010.03
+1581210786.73,+0000.98,+0000.00,-0028.32,-0001.15,-0000.69,-0009.72
+1581210786.73,+0001.95,+0000.00,-0029.30,-0000.46,-0000.84,-0012.25
+1581210786.74,+0003.91,-0001.95,-0029.30,-0002.60,-0000.31,-0009.95
+1581210786.74,+0002.93,-0001.95,-0030.27,-0002.22,-0000.23,-0014.16
+1581210786.75,-0000.98,-0001.95,-0030.27,-0001.23,-0001.76,-0013.02
+1581210786.75,+0005.86,-0002.93,-0030.27,-0001.15,-0000.46,-0010.64
+1581210786.76,+0005.86,-0004.88,-0030.27,-0002.14,-0000.61,-0010.26
+1581210786.76,+0004.88,-0004.88,-0031.25,-0001.84,-0001.07,-0009.49
+1581210786.77,+0003.91,-0005.86,-0031.25,-0001.99,-0000.23,-0011.03
+1581210786.77,+0003.91,-0006.84,-0032.23,-0000.61,+0000.00,-0009.03
+1581210786.78,+0003.91,-0008.79,-0033.20,-0001.53,-0002.22,-0012.02
+1581210786.78,+0004.88,-0009.77,-0033.20,-0001.00,-0000.15,-0011.18
+1581210786.79,+0006.84,-0010.74,-0033.20,-0002.30,-0000.31,-0010.87
+1581210786.79,+0006.84,-0012.70,-0034.18,-0001.07,-0001.23,-0012.17
+1581210786.80,+0007.81,-0013.67,-0034.18,-0002.22,-0001.68,-0009.11
+1581210786.80,+0007.81,-0015.62,-0035.16,-0002.30,+0001.07,-0010.72
+1581210786.81,+0004.88,-0017.58,-0035.16,-0001.07,-0002.07,-0010.26
+1581210786.81,+0007.81,-0018.55,-0036.13,-0001.23,+0000.00,-0009.72
+1581210786.82,+0008.79,-0021.48,-0036.13,-0000.69,-0001.30,-0007.04
+1581210786.82,+0005.86,-0022.46,-0037.11,-0001.76,+0000.08,-0008.35
+1581210786.83,+0001.95,-0023.44,-0037.11,-0001.30,-0000.77,-0009.88
+1581210786.83,+0002.93,-0025.39,-0037.11,-0001.23,+0001.38,-0009.11
+1581210786.84,+0001.95,-0027.34,-0037.11,-0001.68,-0001.15,-0010.49
+1581210786.84,+0000.98,-0028.32,-0037.11,-0000.46,+0001.61,-0011.94
+1581210786.85,+0000.00,-0029.30,-0036.13,-0001.45,+0000.00,-0015.62
+1581210786.85,+0010.74,-0031.25,-0035.16,-0002.91,-0007.89,+0005.90
+1581210786.86,+0015.62,-0035.16,-0037.11,-0000.84,+0009.88,-0009.26
+1581210786.86,-0015.62,-0032.23,-0039.06,-0006.05,-0003.37,-0015.24
+1581210786.87,+0004.88,-0034.18,-0038.09,-0001.00,+0000.92,-0013.17
+1581210786.87,+0009.77,-0039.06,-0038.09,-0004.44,+0005.05,-0010.34
+1581210786.88,-0003.91,-0039.06,-0037.11,+0006.05,-0002.60,-0004.36
+1581210786.88,-0001.95,-0038.09,-0036.13,-0004.13,+0001.15,-0017.76
+1581210786.89,+0000.00,-0040.04,-0035.16,-0000.15,-0000.54,-0007.43
+1581210786.89,+0003.91,-0040.04,-0034.18,+0000.77,+0001.76,-0010.57
+1581210786.90,-0005.86,-0040.04,-0033.20,+0000.54,-0001.15,-0008.73
+1581210786.90,-0000.98,-0041.02,-0032.23,+0001.23,+0000.15,-0009.88
+1581210786.91,+0001.95,-0042.97,-0031.25,-0000.23,-0001.38,-0009.19
+1581210786.91,+0000.98,-0042.97,-0030.27,+0001.38,+0000.69,-0007.58
+1581210786.92,-0000.98,-0043.95,-0029.30,-0000.92,-0001.53,-0011.71
+1581210786.92,+0000.98,-0044.92,-0027.34,+0002.22,-0001.76,-0008.19
+1581210786.93,+0002.93,-0044.92,-0026.37,+0000.46,+0001.15,-0010.87
+1581210786.93,-0001.95,-0044.92,-0024.41,+0001.76,-0000.38,-0011.41
+1581210786.94,+0000.00,-0044.92,-0022.46,+0003.45,+0000.15,-0012.25
+1581210786.94,+0001.95,-0044.92,-0020.51,+0000.69,+0000.15,-0011.10
+1581210786.95,+0000.00,-0043.95,-0018.55,+0002.68,-0000.61,-0010.64
+1581210786.95,+0000.00,-0044.92,-0017.58,+0000.31,-0001.53,-0011.87
+1581210786.96,+0001.95,-0044.92,-0015.62,+0002.53,-0001.23,-0008.65
+1581210786.96,+0000.98,-0043.95,-0013.67,+0001.45,+0000.92,-0010.26
+1581210786.97,-0000.98,-0042.97,-0011.72,+0002.22,-0000.31,-0011.79
+1581210786.97,+0001.95,-0041.99,-0008.79,+0004.06,-0000.84,-0011.71
+1581210786.98,+0003.91,-0041.02,-0005.86,+0004.13,-0001.68,-0008.42
+1581210786.98,+0002.93,-0039.06,-0003.91,+0002.91,+0001.00,-0011.10
+1581210786.99,-0002.93,-0037.11,-0001.95,+0003.06,+0000.61,-0013.70
+1581210786.99,+0001.95,-0035.16,+0000.98,+0002.83,+0001.45,-0011.41
+1581210787.00,+0004.88,-0034.18,+0003.91,+0001.61,+0001.07,-0010.72
+1581210787.00,+0000.98,-0030.27,+0006.84,+0004.59,-0000.15,-0009.88
+1581210787.01,+0000.00,-0028.32,+0008.79,+0003.83,+0000.23,-0008.80
+1581210787.01,+0004.88,-0026.37,+0011.72,+0003.22,-0002.14,-0007.43
+1581210787.02,+0006.84,-0024.41,+0014.65,+0004.21,-0001.07,-0006.89
+1581210787.02,+0003.91,-0021.48,+0016.60,+0002.22,+0001.00,-0006.81
+1581210787.03,+0002.93,-0019.53,+0019.53,+0003.52,-0000.31,-0009.19
+1581210787.03,+0002.93,-0016.60,+0022.46,+0005.36,+0001.00,-0009.26
+1581210787.04,+0002.93,-0013.67,+0025.39,+0004.13,+0002.68,-0010.34
+1581210787.04,+0000.98,-0010.74,+0028.32,+0003.06,+0000.61,-0011.18
+1581210787.05,+0000.98,-0008.79,+0031.25,+0002.68,+0001.23,-0011.03
+1581210787.05,-0000.98,-0006.84,+0032.23,+0001.68,+0000.77,-0011.48
+1581210787.06,-0000.98,-0004.88,+0033.20,+0003.14,+0000.84,-0012.40
+1581210787.06,+0000.98,-0002.93,+0034.18,+0004.29,-0000.54,-0012.17
+1581210787.07,+0000.98,-0000.98,+0036.13,+0002.60,+0000.92,-0010.87
+1581210787.07,+0002.93,+0001.95,+0038.09,+0001.38,+0000.23,-0008.80
+1581210787.08,+0002.93,+0002.93,+0039.06,+0000.84,+0001.76,-0007.81
+1581210787.08,+0002.93,+0005.86,+0040.04,+0002.14,-0000.23,-0007.58
+1581210787.09,+0003.91,+0008.79,+0041.02,+0001.68,+0002.07,-0010.41
+1581210787.09,+0001.95,+0010.74,+0041.99,+0001.53,+0002.76,-0010.26
+1581210787.10,+0000.98,+0014.65,+0042.97,+0001.15,+0001.68,-0012.79
+1581210787.10,+0000.98,+0015.62,+0043.95,+0002.07,+0000.23,-0010.95
+1581210787.11,+0002.93,+0017.58,+0044.92,+0001.76,+0002.07,-0010.18
+1581210787.11,-0000.98,+0019.53,+0043.95,+0000.54,+0000.84,-0008.88
+1581210787.12,-0000.98,+0021.48,+0043.95,-0000.31,+0000.69,-0010.03
+1581210787.12,+0000.98,+0021.48,+0043.95,-0000.23,+0003.29,-0012.17
+1581210787.13,+0001.95,+0024.41,+0043.95,+0001.23,+0001.76,-0013.09
+1581210787.13,+0001.95,+0025.39,+0042.97,+0000.69,+0001.07,-0013.32
+1581210787.14,+0002.93,+0025.39,+0042.97,+0000.00,+0001.61,-0011.18
+1581210787.14,+0002.93,+0026.37,+0042.97,+0001.00,+0000.69,-0011.87
+1581210787.15,+0003.91,+0027.34,+0041.99,-0000.08,+0001.84,-0008.58
+1581210787.15,+0003.91,+0026.37,+0041.02,-0001.23,+0002.07,-0008.50
+1581210787.16,+0001.95,+0026.37,+0040.04,+0000.15,+0000.77,-0007.89
+1581210787.16,+0003.91,+0025.39,+0038.09,-0001.23,+0000.23,-0009.34
+1581210787.17,+0003.91,+0024.41,+0037.11,+0000.92,+0000.84,-0012.25
+1581210787.17,+0004.88,+0024.41,+0036.13,+0000.46,-0000.69,-0012.40
+1581210787.18,+0003.91,+0024.41,+0036.13,+0000.84,+0000.15,-0011.79
+1581210787.18,+0004.88,+0024.41,+0036.13,+0001.53,-0000.61,-0011.94
+1581210787.19,+0005.86,+0023.44,+0035.16,+0000.38,-0001.15,-0009.95
+1581210787.19,+0004.88,+0022.46,+0034.18,-0000.92,-0002.07,-0007.27
+1581210787.20,+0007.81,+0021.48,+0032.23,-0000.54,-0001.76,-0006.12
+1581210787.20,+0005.86,+0020.51,+0031.25,-0001.15,-0001.76,-0006.66
+1581210787.21,+0003.91,+0019.53,+0030.27,-0000.23,-0001.91,-0008.42
+1581210787.21,+0004.88,+0018.55,+0029.30,+0000.00,-0000.08,-0010.03
+1581210787.22,+0003.91,+0017.58,+0029.30,+0000.84,-0001.84,-0009.03
+1581210787.22,+0003.91,+0016.60,+0029.30,+0001.07,-0000.92,-0008.42
+1581210787.23,+0000.00,+0015.62,+0028.32,+0000.77,-0002.45,-0010.80
+1581210787.23,-0002.93,+0014.65,+0027.34,+0001.07,-0002.45,-0013.32
+1581210787.24,+0000.98,+0013.67,+0026.37,+0001.53,-0002.91,-0011.10
+1581210787.24,+0001.95,+0011.72,+0026.37,+0000.46,-0001.84,-0010.34
+1581210787.25,-0003.91,+0010.74,+0025.39,+0000.46,-0002.60,-0008.65
+1581210787.25,-0003.91,+0010.74,+0024.41,-0000.61,-0000.77,-0010.26
+1581210787.26,-0004.88,+0008.79,+0024.41,+0000.84,-0002.30,-0008.19
+1581210787.26,-0001.95,+0008.79,+0024.41,-0000.38,-0001.00,-0002.68
+1581210787.27,-0004.88,+0006.84,+0024.41,-0002.37,-0002.45,-0000.46
+1581210787.27,-0005.86,+0004.88,+0022.46,-0001.99,+0000.92,-0008.80
+1581210787.28,-0003.91,+0002.93,+0020.51,+0001.84,-0002.22,-0014.78
+1581210787.28,-0001.95,+0003.91,+0021.48,+0001.68,-0003.22,-0016.54
+1581210787.29,-0002.93,+0004.88,+0022.46,+0002.30,-0003.14,-0016.15
+1581210787.29,-0002.93,+0004.88,+0023.44,+0001.53,-0002.22,-0012.94
+1581210787.30,-0002.93,+0004.88,+0023.44,+0001.15,-0003.90,-0010.11
+1581210787.30,-0001.95,+0003.91,+0022.46,+0000.15,-0003.60,-0009.34
+1581210787.31,+0000.00,+0002.93,+0022.46,+0000.54,-0003.22,-0005.67
+1581210787.31,-0001.95,+0001.95,+0021.48,-0000.84,-0001.30,-0006.05
+1581210787.32,-0003.91,+0001.95,+0022.46,-0000.15,+0000.00,-0007.58
+1581210787.32,-0003.91,+0001.95,+0022.46,+0000.38,-0000.77,-0008.65
+1581210787.33,-0002.93,+0001.95,+0023.44,+0002.22,-0000.77,-0011.33
+1581210787.33,-0003.91,+0002.93,+0025.39,+0002.91,-0001.23,-0011.33
+1581210787.34,-0006.84,+0002.93,+0025.39,+0003.37,-0002.37,-0012.79
+1581210787.34,-0005.86,+0002.93,+0025.39,+0002.22,-0001.84,-0012.71
+1581210787.35,-0004.88,+0002.93,+0026.37,+0002.30,-0001.53,-0011.56
+1581210787.35,-0007.81,+0002.93,+0026.37,-0000.23,-0001.45,-0011.56
+1581210787.36,-0005.86,+0002.93,+0026.37,-0001.68,-0001.30,-0009.88
+1581210787.36,-0003.91,+0000.98,+0025.39,-0001.15,+0000.61,-0005.74
+1581210787.37,-0003.91,+0000.98,+0025.39,+0000.15,-0002.53,-0005.90
+1581210787.37,-0004.88,+0000.98,+0024.41,+0000.38,-0004.06,-0006.81
+1581210787.38,-0002.93,+0000.00,+0024.41,+0002.22,-0003.14,-0010.41
+1581210787.38,-0002.93,+0000.98,+0025.39,+0001.30,-0002.91,-0010.72
+1581210787.39,-0006.84,+0000.98,+0025.39,-0000.38,-0000.08,-0014.16
+1581210787.39,-0004.88,+0000.98,+0025.39,-0001.45,+0000.38,-0015.93
+1581210787.40,-0002.93,+0000.00,+0024.41,-0001.15,-0000.23,-0012.02
+1581210787.40,-0003.91,+0000.00,+0023.44,+0000.15,-0000.15,-0012.17
+1581210787.41,-0007.81,+0000.00,+0022.46,-0000.61,-0002.68,-0011.03
+1581210787.41,-0000.98,-0001.95,+0021.48,-0000.69,-0002.37,-0007.12
+1581210787.42,+0000.98,-0002.93,+0021.48,-0002.22,-0001.00,-0003.68
+1581210787.42,-0004.88,-0001.95,+0020.51,-0002.91,+0002.07,-0005.90
+1581210787.43,-0009.77,-0001.95,+0018.55,-0002.37,+0000.38,-0009.88
+1581210787.43,-0005.86,-0003.91,+0017.58,+0000.54,-0000.61,-0012.25
+1581210787.44,-0000.98,-0003.91,+0017.58,+0000.00,-0000.69,-0011.25
+1581210787.44,-0009.77,-0003.91,+0015.62,-0002.14,-0000.54,-0011.18
+1581210787.45,-0007.81,-0004.88,+0013.67,-0004.21,-0001.68,-0012.02
+1581210787.45,-0003.91,-0007.81,+0011.72,-0002.53,-0001.30,-0008.42
+1581210787.46,+0000.00,-0007.81,+0010.74,-0002.45,+0000.00,-0007.27
+1581210787.46,-0007.81,-0007.81,+0007.81,-0001.38,-0003.90,-0006.66
+1581210787.47,-0001.95,-0008.79,+0006.84,-0001.76,-0004.44,-0008.19
+1581210787.47,+0001.95,-0010.74,+0005.86,-0002.60,-0001.99,-0004.13
+1581210787.48,+0002.93,-0010.74,+0004.88,-0002.76,+0001.23,-0005.13
+1581210787.48,-0005.86,-0010.74,+0002.93,-0001.45,-0003.14,-0011.87
+1581210787.49,-0002.93,-0011.72,+0001.95,+0000.38,-0004.21,-0013.32
+1581210787.49,-0000.98,-0013.67,+0000.00,-0001.68,-0001.38,-0012.79
+1581210787.50,-0002.93,-0012.70,+0000.00,-0001.61,+0000.54,-0012.71
+1581210787.50,-0007.81,-0012.70,-0001.95,-0003.22,-0000.77,-0012.02
+1581210787.51,-0005.86,-0014.65,-0002.93,-0000.15,+0001.68,-0013.86
+1581210787.51,-0005.86,-0013.67,-0002.93,-0001.53,-0003.52,-0014.32
+1581210787.52,+0017.58,-0018.55,-0003.91,+0010.64,+0013.25,+0006.05
+1581210787.52,-0004.88,-0014.65,-0008.79,-0008.80,+0006.58,-0020.37
+1581210787.53,-0044.92,-0020.51,-0009.77,-0009.26,-0006.20,-0007.89
+1581210787.53,+0014.65,-0008.79,-0005.86,+0008.42,-0009.42,-0022.13
+1581210787.54,+0015.62,-0020.51,-0006.84,-0003.75,+0004.36,+0017.76
+1581210787.54,-0011.72,-0017.58,-0005.86,-0009.11,+0004.82,-0022.97
+1581210787.55,-0017.58,-0009.77,-0007.81,+0000.77,-0008.88,-0005.21
+1581210787.55,+0003.91,-0015.62,-0009.77,-0002.45,-0001.15,+0000.31
+1581210787.56,+0005.86,-0019.53,-0007.81,+0003.83,+0004.67,-0015.16
+1581210787.56,-0007.81,-0013.67,-0006.84,+0002.22,-0002.14,-0003.90
+1581210787.57,-0004.88,-0009.77,-0006.84,-0004.36,-0001.68,-0013.32
+1581210787.57,+0002.93,-0015.62,-0007.81,+0001.45,+0001.45,-0007.27
+1581210787.58,+0000.98,-0011.72,-0005.86,+0000.54,+0004.75,-0007.81
+1581210787.58,-0004.88,-0007.81,-0005.86,-0000.23,+0002.22,-0011.41
+1581210787.59,-0000.98,-0010.74,-0004.88,+0001.53,+0001.91,-0010.49
+1581210787.59,+0003.91,-0008.79,-0003.91,-0001.53,+0004.13,-0011.71
+1581210787.60,-0001.95,-0005.86,-0002.93,-0000.69,+0001.76,-0009.80
+1581210787.60,-0000.98,-0003.91,-0002.93,-0001.30,+0001.91,-0013.25
+1581210787.61,+0002.93,-0003.91,-0001.95,+0001.45,+0002.45,-0010.49
+1581210787.61,+0003.91,-0000.98,-0000.98,+0000.46,+0001.53,-0010.11
+1581210787.62,+0000.98,+0000.98,-0000.98,-0001.38,+0001.53,-0010.18
+1581210787.62,+0001.95,+0001.95,+0000.00,+0000.00,+0002.14,-0010.18
+1581210787.63,+0002.93,+0003.91,+0000.98,+0000.54,+0001.45,-0009.49
+1581210787.63,+0001.95,+0005.86,+0001.95,-0000.15,+0003.29,-0010.64
+1581210787.64,+0001.95,+0007.81,+0002.93,+0000.61,+0002.22,-0009.72
+1581210787.64,+0000.98,+0008.79,+0003.91,+0000.77,+0002.14,-0009.95
+1581210787.65,+0002.93,+0009.77,+0003.91,+0000.15,+0002.91,-0010.41
+1581210787.65,+0000.98,+0011.72,+0005.86,+0000.00,+0002.14,-0008.65
+1581210787.66,+0000.00,+0012.70,+0004.88,+0000.31,+0001.38,-0008.27
+1581210787.66,-0000.98,+0012.70,+0005.86,+0000.23,+0001.45,-0010.57
+1581210787.67,-0000.98,+0013.67,+0006.84,-0000.61,+0000.23,-0010.11
+1581210787.67,+0000.98,+0015.62,+0006.84,+0000.46,+0000.77,-0009.19
+1581210787.68,-0000.98,+0015.62,+0007.81,+0000.00,+0000.23,-0007.96
+1581210787.68,-0001.95,+0015.62,+0007.81,-0000.46,+0000.00,-0008.27
+1581210787.69,-0000.98,+0015.62,+0007.81,-0001.00,+0000.69,-0008.50
+1581210787.69,+0000.00,+0014.65,+0007.81,-0000.84,-0000.92,-0007.81
+1581210787.70,-0000.98,+0014.65,+0006.84,-0001.76,+0000.61,-0008.73
+1581210787.70,-0001.95,+0013.67,+0006.84,-0000.31,-0000.92,-0009.88
+1581210787.71,-0000.98,+0013.67,+0006.84,-0000.38,-0000.38,-0012.56
+1581210787.71,+0000.00,+0013.67,+0006.84,+0000.23,-0000.84,-0012.10
+1581210787.72,+0000.00,+0013.67,+0006.84,+0000.00,-0000.69,-0011.03
+1581210787.72,-0002.93,+0012.70,+0006.84,-0001.53,-0001.76,-0010.18
+1581210787.73,-0002.93,+0011.72,+0006.84,-0000.84,-0000.92,-0009.49
+1581210787.73,-0002.93,+0010.74,+0005.86,-0000.84,-0000.46,-0008.04
+1581210787.74,-0002.93,+0010.74,+0004.88,-0000.38,-0000.84,-0009.03
+1581210787.74,-0003.91,+0009.77,+0004.88,-0001.00,-0000.15,-0009.57
+1581210787.75,-0003.91,+0008.79,+0004.88,-0000.84,-0000.54,-0011.18
+1581210787.75,-0003.91,+0008.79,+0004.88,-0000.08,-0001.84,-0009.80
+1581210787.76,-0002.93,+0007.81,+0004.88,+0000.84,-0001.76,-0010.49
+1581210787.76,-0002.93,+0007.81,+0004.88,+0000.77,-0000.38,-0011.79
+1581210787.77,-0002.93,+0006.84,+0004.88,+0000.54,-0001.91,-0010.26
+1581210787.77,+0000.00,+0005.86,+0004.88,+0000.69,-0001.99,-0011.10
+1581210787.78,-0000.98,+0005.86,+0004.88,+0000.08,-0001.76,-0011.79
+1581210787.78,-0001.95,+0005.86,+0004.88,+0000.69,-0003.14,-0012.40
+1581210787.79,+0001.95,+0005.86,+0004.88,+0000.92,-0001.23,-0011.25
+1581210787.79,+0002.93,+0005.86,+0005.86,+0000.23,-0001.68,-0007.96
+1581210787.80,+0000.98,+0005.86,+0005.86,+0000.46,-0001.53,-0007.73
+1581210787.80,-0000.98,+0005.86,+0006.84,+0000.31,-0000.15,-0008.04
+1581210787.81,+0001.95,+0006.84,+0006.84,+0001.68,-0000.15,-0010.80
+1581210787.81,+0000.98,+0007.81,+0007.81,+0001.00,+0001.76,-0010.80
+1581210787.82,+0001.95,+0007.81,+0009.77,+0001.23,+0000.84,-0013.48
+1581210787.82,+0001.95,+0007.81,+0010.74,+0000.61,-0000.77,-0009.42
+1581210787.83,+0001.95,+0008.79,+0010.74,+0002.83,-0000.61,-0011.64
+1581210787.83,+0000.00,+0010.74,+0012.70,+0002.07,+0001.84,-0013.17
+1581210787.84,-0001.95,+0011.72,+0013.67,+0002.60,-0000.31,-0010.87
+1581210787.84,+0001.95,+0013.67,+0015.62,+0003.06,+0001.07,-0012.33
+1581210787.85,+0001.95,+0013.67,+0017.58,+0003.37,+0000.00,-0008.19
+1581210787.85,-0000.98,+0016.60,+0017.58,+0001.84,-0000.61,-0010.34
+1581210787.86,-0000.98,+0016.60,+0017.58,+0001.30,-0000.38,-0010.18
+1581210787.86,+0001.95,+0018.55,+0019.53,+0002.37,+0000.61,-0011.10
+1581210787.87,+0005.86,+0018.55,+0019.53,+0001.00,-0002.14,-0009.42
+1581210787.87,+0004.88,+0019.53,+0020.51,+0002.22,-0001.00,-0009.49
+1581210787.88,+0001.95,+0021.48,+0020.51,+0001.99,-0001.76,-0009.57
+1581210787.88,+0001.95,+0021.48,+0022.46,+0002.53,-0002.14,-0011.33
+1581210787.89,+0004.88,+0022.46,+0023.44,+0001.84,+0000.08,-0009.34
+1581210787.89,+0002.93,+0023.44,+0024.41,+0001.07,+0000.08,-0008.19
+1581210787.90,+0000.98,+0024.41,+0024.41,+0000.54,-0000.92,-0009.80
+1581210787.90,-0000.98,+0024.41,+0025.39,+0000.23,-0000.61,-0009.03
+1581210787.91,+0000.98,+0025.39,+0026.37,+0000.61,+0000.31,-0008.42
+1581210787.91,-0000.98,+0025.39,+0027.34,-0000.61,+0000.23,-0007.89
+1581210787.92,-0002.93,+0026.37,+0027.34,+0001.53,-0001.76,-0008.19
+1581210787.92,-0002.93,+0025.39,+0026.37,+0000.61,-0002.45,-0009.80
+1581210787.93,-0001.95,+0025.39,+0026.37,+0001.68,-0003.06,-0009.19
+1581210787.93,-0003.91,+0026.37,+0025.39,+0001.68,-0001.61,-0012.56
+1581210787.94,-0006.84,+0026.37,+0025.39,+0002.37,-0002.22,-0012.94
+1581210787.94,-0002.93,+0026.37,+0025.39,-0000.08,-0001.76,-0010.34
+1581210787.95,-0003.91,+0026.37,+0024.41,-0000.84,-0000.77,-0009.95
+1581210787.95,-0006.84,+0027.34,+0023.44,-0001.84,-0002.07,-0010.72
+1581210787.96,-0002.93,+0026.37,+0022.46,-0002.07,-0001.30,-0008.27
+1581210787.96,+0000.00,+0025.39,+0020.51,-0000.77,-0002.91,-0006.20
+1581210787.97,-0002.93,+0027.34,+0019.53,+0001.45,-0002.45,-0008.80
+1581210787.97,-0008.79,+0027.34,+0018.55,+0000.84,-0003.83,-0011.64
+1581210787.98,-0001.95,+0027.34,+0018.55,+0000.69,-0003.98,-0011.48
+1581210787.98,+0002.93,+0028.32,+0017.58,-0000.61,-0002.83,-0008.42
+1581210787.99,+0000.00,+0028.32,+0015.62,-0001.76,-0002.45,-0008.80
+1581210787.99,-0002.93,+0028.32,+0014.65,-0002.22,-0003.37,-0012.25
+1581210788.00,-0000.98,+0028.32,+0013.67,-0000.61,-0003.14,-0011.18
+1581210788.00,+0004.88,+0029.30,+0012.70,-0000.31,-0003.90,-0008.58
+1581210788.01,+0000.00,+0028.32,+0010.74,-0000.15,-0002.37,-0010.18
+1581210788.01,-0003.91,+0030.27,+0010.74,-0001.53,-0003.37,-0011.41
+1581210788.02,-0000.98,+0029.30,+0008.79,-0002.07,-0001.23,-0010.64
+1581210788.02,+0004.88,+0028.32,+0008.79,-0001.84,-0000.46,-0008.19
+1581210788.03,+0000.00,+0029.30,+0005.86,-0001.45,-0002.30,-0010.03
+1581210788.03,-0002.93,+0029.30,+0004.88,-0001.84,-0003.14,-0013.32
+1581210788.04,+0000.98,+0028.32,+0002.93,-0001.76,-0002.53,-0010.41
+1581210788.04,+0004.88,+0027.34,+0001.95,-0002.53,-0000.38,-0010.18
+1581210788.05,-0000.98,+0027.34,+0000.00,-0002.91,-0002.22,-0009.80
+1581210788.05,+0000.98,+0026.37,-0001.95,-0001.61,-0002.07,-0011.56
+1581210788.06,+0000.98,+0025.39,-0003.91,-0002.45,-0003.14,-0011.10
+1581210788.06,+0005.86,+0025.39,-0004.88,-0001.45,-0002.99,-0008.88
+1581210788.07,+0001.95,+0024.41,-0007.81,-0003.45,-0001.00,-0010.64
+1581210788.07,+0004.88,+0023.44,-0009.77,-0003.52,+0000.00,-0010.26
+1581210788.08,-0003.91,+0022.46,-0012.70,-0001.07,+0000.69,-0018.76
+1581210788.08,+0011.72,+0019.53,-0012.70,+0004.13,+0000.84,-0003.14
+1581210788.09,+0012.70,+0019.53,-0017.58,-0005.67,+0005.05,-0010.64
+1581210788.09,-0010.74,+0018.55,-0018.55,-0006.28,-0002.83,-0009.72
+1581210788.10,+0005.86,+0019.53,-0019.53,+0000.54,-0003.29,-0016.38
+1581210788.10,+0008.79,+0011.72,-0021.48,+0000.61,+0004.21,-0009.88
+1581210788.11,-0000.98,+0014.65,-0024.41,-0003.60,-0001.38,-0002.37
+1581210788.11,-0000.98,+0013.67,-0026.37,-0007.81,+0002.07,-0014.93
+1581210788.12,+0000.00,+0008.79,-0029.30,-0003.29,+0000.38,-0008.35
+1581210788.12,+0001.95,+0007.81,-0031.25,-0004.06,+0001.00,-0008.27
+1581210788.13,-0001.95,+0005.86,-0033.20,-0002.37,+0000.54,-0006.12
+1581210788.13,+0002.93,+0003.91,-0034.18,-0005.67,+0001.30,-0009.19
+1581210788.14,+0002.93,+0001.95,-0036.13,-0003.37,-0000.69,-0010.34
+1581210788.14,+0000.98,+0000.00,-0039.06,-0003.98,-0001.00,-0009.88
+1581210788.15,+0001.95,-0001.95,-0041.02,-0003.52,-0001.23,-0009.57
+1581210788.15,+0001.95,-0002.93,-0042.97,-0001.68,+0000.69,-0008.80
+1581210788.16,+0001.95,-0004.88,-0044.92,-0005.28,+0001.07,-0010.57
+1581210788.16,-0001.95,-0006.84,-0046.88,-0002.37,-0000.15,-0012.33
+1581210788.17,-0000.98,-0007.81,-0047.85,-0003.29,+0001.07,-0012.48
+1581210788.17,+0001.95,-0008.79,-0047.85,-0002.91,+0002.83,-0010.80
+1581210788.18,+0000.98,-0009.77,-0048.83,-0002.45,+0000.15,-0011.18
+1581210788.18,+0000.00,-0010.74,-0049.80,-0002.14,+0000.00,-0010.18
+1581210788.19,-0000.98,-0012.70,-0050.78,-0001.68,+0000.54,-0010.18
+1581210788.19,+0000.98,-0012.70,-0050.78,-0003.06,-0000.31,-0009.65
+1581210788.20,+0002.93,-0013.67,-0051.76,-0002.91,+0001.00,-0007.58
+1581210788.20,+0001.95,-0013.67,-0051.76,-0002.22,+0003.14,-0009.88
+1581210788.21,-0000.98,-0013.67,-0051.76,-0001.07,-0001.30,-0011.79
+1581210788.21,+0006.84,-0014.65,-0050.78,-0000.84,-0000.92,-0009.49
+1581210788.22,+0004.88,-0015.62,-0050.78,+0000.69,+0000.54,-0009.19
+1581210788.22,+0001.95,-0013.67,-0049.80,-0001.07,+0000.69,-0009.65
+1581210788.23,+0001.95,-0015.62,-0049.80,-0000.23,+0002.37,-0013.78
+1581210788.23,+0001.95,-0015.62,-0048.83,-0000.69,+0001.38,-0011.33
+1581210788.24,+0003.91,-0015.62,-0047.85,-0000.31,+0000.00,-0010.64
+1581210788.24,+0003.91,-0015.62,-0047.85,-0000.84,+0000.15,-0009.88
+1581210788.25,+0001.95,-0015.62,-0046.88,-0000.84,-0000.92,-0010.34
+1581210788.25,+0003.91,-0016.60,-0045.90,-0001.00,+0000.15,-0010.18
+1581210788.26,+0002.93,-0015.62,-0044.92,+0000.15,-0000.69,-0012.40
+1581210788.26,+0002.93,-0015.62,-0043.95,+0000.61,+0001.23,-0011.87
+1581210788.27,+0004.88,-0016.60,-0042.97,+0000.92,+0000.61,-0012.17
+1581210788.27,+0003.91,-0015.62,-0041.99,+0000.84,-0000.38,-0012.02
+1581210788.28,+0004.88,-0014.65,-0041.02,+0000.46,+0000.54,-0012.48
+1581210788.28,+0004.88,-0014.65,-0040.04,-0000.92,-0000.84,-0010.57
+1581210788.29,+0007.81,-0014.65,-0038.09,+0001.23,-0001.00,-0007.04
+1581210788.29,+0006.84,-0014.65,-0038.09,+0000.00,+0000.31,-0008.35
+1581210788.30,+0002.93,-0014.65,-0037.11,+0000.84,-0001.91,-0007.73
+1581210788.30,+0007.81,-0015.62,-0036.13,+0001.53,-0000.92,-0007.20
+1581210788.31,+0004.88,-0014.65,-0035.16,+0003.06,+0000.84,-0009.19
+1581210788.31,+0002.93,-0013.67,-0033.20,+0002.22,-0002.37,-0011.41
+1581210788.32,+0004.88,-0014.65,-0031.25,+0001.76,+0000.61,-0012.71
+1581210788.32,+0003.91,-0014.65,-0029.30,+0000.77,+0002.14,-0010.49
+1581210788.33,+0001.95,-0013.67,-0028.32,+0001.38,-0000.84,-0010.80
+1581210788.33,-0000.98,-0014.65,-0027.34,+0000.31,+0000.15,-0008.80
+1581210788.34,+0000.98,-0014.65,-0026.37,+0001.15,-0000.77,-0006.81
+1581210788.34,+0000.98,-0014.65,-0025.39,+0003.52,-0001.07,-0008.04
+1581210788.35,-0001.95,-0014.65,-0023.44,+0001.00,-0003.52,-0007.27
+1581210788.35,+0000.00,-0015.62,-0022.46,-0000.54,+0000.23,-0008.04
+1581210788.36,-0001.95,-0015.62,-0021.48,+0001.45,+0000.31,-0007.66
+1581210788.36,-0005.86,-0015.62,-0020.51,+0001.30,+0001.15,-0010.72
+1581210788.37,-0003.91,-0015.62,-0019.53,+0001.99,-0001.30,-0011.94
+1581210788.37,-0000.98,-0016.60,-0018.55,+0001.61,-0002.99,-0010.26
+1581210788.38,+0001.95,-0016.60,-0017.58,+0001.15,+0001.30,-0009.57
+1581210788.38,-0001.95,-0016.60,-0016.60,+0000.46,-0003.90,-0009.88
+1581210788.39,+0000.00,-0016.60,-0015.62,+0000.77,+0001.53,-0011.56
+1581210788.39,+0000.00,-0017.58,-0014.65,+0000.23,-0001.45,-0011.94
+1581210788.40,+0000.00,-0016.60,-0013.67,-0000.61,+0001.15,-0012.25
+1581210788.40,+0000.00,-0016.60,-0013.67,+0002.14,-0000.92,-0011.10
+1581210788.41,+0001.95,-0017.58,-0011.72,+0000.69,-0000.61,-0008.35
+1581210788.41,+0001.95,-0018.55,-0010.74,+0001.38,+0000.08,-0008.80
+1581210788.42,+0000.00,-0018.55,-0009.77,+0001.76,-0002.37,-0007.96
+1581210788.42,+0000.98,-0017.58,-0007.81,+0002.07,+0000.15,-0007.96
+1581210788.43,+0002.93,-0018.55,-0006.84,+0002.07,-0000.61,-0007.66
+1581210788.43,+0000.98,-0018.55,-0005.86,+0003.45,+0000.92,-0010.03
+1581210788.44,-0002.93,-0018.55,-0005.86,+0001.00,+0000.84,-0012.56
+1581210788.44,-0002.93,-0019.53,-0004.88,+0001.84,-0001.61,-0013.17
+1581210788.45,+0000.98,-0019.53,-0002.93,+0002.14,-0000.61,-0012.63
+1581210788.45,+0001.95,-0020.51,-0002.93,+0001.68,-0002.37,-0009.88
+1581210788.46,-0000.98,-0020.51,-0002.93,-0000.61,-0001.61,-0009.65
+1581210788.46,-0001.95,-0021.48,-0002.93,+0002.37,+0000.61,-0011.10
+1581210788.47,-0001.95,-0020.51,-0000.98,+0002.07,+0000.15,-0012.71
+1581210788.47,+0001.95,-0019.53,+0000.00,+0002.99,-0001.99,-0008.12
+1581210788.48,+0000.00,-0020.51,+0000.98,+0000.69,+0001.53,-0005.74
+1581210788.48,-0007.81,-0019.53,+0001.95,+0002.99,-0002.45,-0001.91
+1581210788.49,+0000.00,-0020.51,+0002.93,+0000.38,+0004.75,-0004.75
+1581210788.49,+0000.98,-0021.48,+0002.93,-0000.54,+0002.30,-0013.86
+1581210788.50,-0005.86,-0020.51,+0002.93,+0001.91,-0001.68,-0018.60
+1581210788.50,-0002.93,-0020.51,+0004.88,+0003.37,-0002.07,-0018.22
+1581210788.51,+0000.00,-0019.53,+0006.84,+0002.14,-0001.00,-0011.25
+1581210788.51,-0002.93,-0017.58,+0007.81,+0001.07,-0000.08,-0008.73
+1581210788.52,-0004.88,-0017.58,+0007.81,+0000.23,-0000.38,-0007.81
+1581210788.52,-0002.93,-0017.58,+0008.79,-0000.77,+0000.46,-0005.44
+1581210788.53,-0000.98,-0016.60,+0009.77,+0001.15,+0000.84,-0004.06
+1581210788.53,-0001.95,-0016.60,+0010.74,+0002.14,+0000.00,-0006.05
+1581210788.54,-0002.93,-0016.60,+0011.72,+0000.23,-0001.76,-0005.97
+1581210788.54,-0000.98,-0015.62,+0011.72,+0002.99,+0001.15,-0011.48
+1581210788.55,-0006.84,-0015.62,+0012.70,+0003.22,-0002.14,-0012.10
+1581210788.55,-0002.93,-0014.65,+0014.65,+0001.53,-0001.68,-0013.40
+1581210788.56,-0002.93,-0014.65,+0015.62,+0000.69,+0000.00,-0012.86
+1581210788.56,-0005.86,-0013.67,+0016.60,+0002.22,+0001.07,-0012.40
+1581210788.57,-0007.81,-0013.67,+0016.60,-0000.38,+0002.22,-0011.94
+1581210788.57,-0007.81,-0013.67,+0017.58,+0001.99,-0000.23,-0010.80
+1581210788.58,-0005.86,-0012.70,+0017.58,+0001.45,+0000.61,-0006.97
+1581210788.58,-0006.84,-0014.65,+0017.58,+0000.92,-0001.45,-0005.51
+1581210788.59,-0004.88,-0014.65,+0018.55,+0001.76,-0000.31,-0006.97
+1581210788.59,-0008.79,-0013.67,+0018.55,+0002.68,-0001.30,-0007.12
+1581210788.60,-0006.84,-0012.70,+0018.55,+0002.53,-0000.69,-0007.66
+1581210788.60,-0005.86,-0011.72,+0019.53,+0002.22,+0001.15,-0009.34
+1581210788.61,-0006.84,-0012.70,+0020.51,+0000.92,-0001.84,-0009.34
+1581210788.61,-0004.88,-0012.70,+0020.51,+0001.15,-0001.53,-0011.56
+1581210788.62,-0003.91,-0012.70,+0020.51,+0002.07,-0000.31,-0012.86
+1581210788.62,-0007.81,-0011.72,+0020.51,-0000.23,-0000.23,-0015.16
+1581210788.63,-0006.84,-0010.74,+0021.48,+0001.15,-0000.92,-0013.40
+1581210788.63,-0003.91,-0009.77,+0021.48,+0001.84,+0000.61,-0010.26
+1581210788.64,-0004.88,-0008.79,+0022.46,-0000.46,+0001.53,-0008.50
+1581210788.64,-0006.84,-0008.79,+0022.46,+0000.46,-0000.84,-0007.73
+1581210788.65,-0004.88,-0008.79,+0022.46,+0002.30,+0000.84,-0012.02
+1581210788.65,+0000.00,-0008.79,+0022.46,+0002.14,+0001.76,-0013.48
+1581210788.66,+0000.00,-0007.81,+0023.44,+0002.68,+0000.15,-0014.62
+1581210788.66,+0000.98,-0007.81,+0023.44,+0002.83,-0001.00,-0007.58
+1581210788.67,-0001.95,-0005.86,+0023.44,-0000.23,-0002.30,-0007.73
+1581210788.67,-0000.98,-0004.88,+0024.41,+0002.30,-0001.23,-0003.14
+1581210788.68,+0000.98,-0004.88,+0023.44,-0001.23,+0001.61,-0001.68
+1581210788.68,-0001.95,-0004.88,+0023.44,+0000.61,-0001.76,-0009.11
+1581210788.69,+0001.95,-0004.88,+0023.44,+0000.46,-0001.00,-0008.80
+1581210788.69,+0002.93,-0005.86,+0024.41,+0000.77,+0001.68,-0011.33
+1581210788.70,-0003.91,-0002.93,+0025.39,+0000.31,-0001.76,-0017.69
+1581210788.70,-0000.98,-0001.95,+0026.37,+0002.76,-0000.08,-0017.69
+1581210788.71,+0002.93,-0001.95,+0027.34,+0001.00,+0000.15,-0016.77
+1581210788.71,+0001.95,+0000.00,+0027.34,+0000.46,+0001.68,-0013.09
+1581210788.72,-0000.98,-0000.98,+0026.37,-0001.45,+0001.07,-0011.25
+1581210788.72,-0002.93,-0000.98,+0025.39,-0000.31,+0000.54,-0008.96
+1581210788.73,+0002.93,+0000.00,+0025.39,+0001.30,-0001.61,-0009.42
+1581210788.73,+0010.74,+0000.00,+0025.39,-0004.21,-0012.48,+0020.75
+1581210788.74,+0033.20,-0004.88,+0024.41,+0002.68,+0012.79,+0009.80
+1581210788.74,-0022.46,+0001.95,+0021.48,-0000.61,+0011.56,-0033.00
+1581210788.75,-0033.20,+0002.93,+0025.39,+0005.82,-0013.55,-0013.86
+1581210788.75,+0024.41,+0005.86,+0027.34,-0001.45,-0010.41,-0009.72
+1581210788.76,+0023.44,-0000.98,+0026.37,-0001.00,+0014.09,-0002.22
+1581210788.76,-0010.74,+0004.88,+0024.41,-0002.83,-0006.97,-0005.67
+1581210788.77,-0008.79,+0000.98,+0023.44,+0004.29,+0000.15,-0014.39
+1581210788.77,+0006.84,+0000.00,+0023.44,+0000.54,-0002.83,-0010.49
+1581210788.78,+0009.77,+0004.88,+0023.44,-0000.08,+0001.00,-0002.76
+1581210788.78,-0004.88,+0005.86,+0022.46,+0001.53,-0000.84,-0004.44
+1581210788.79,-0004.88,+0001.95,+0021.48,+0002.07,-0000.08,-0009.19
+1581210788.79,+0000.00,+0001.95,+0022.46,+0000.77,-0002.37,-0009.42
+1581210788.80,+0004.88,+0004.88,+0021.48,+0002.91,-0001.23,-0007.04
+1581210788.80,-0001.95,+0003.91,+0021.48,+0001.07,-0003.83,-0010.41
+1581210788.81,-0000.98,+0001.95,+0020.51,+0000.69,-0001.38,-0012.94
+1581210788.81,+0000.98,+0001.95,+0020.51,-0001.23,-0001.53,-0011.87
+1581210788.82,+0002.93,+0002.93,+0020.51,-0000.84,-0001.84,-0009.95
+1581210788.82,-0000.98,+0003.91,+0019.53,-0000.92,-0000.92,-0013.09
+1581210788.83,-0000.98,+0001.95,+0019.53,-0001.00,-0004.06,-0010.95
+1581210788.83,+0005.86,+0000.98,+0018.55,+0000.54,-0001.76,-0010.34
+1581210788.84,+0002.93,+0001.95,+0017.58,+0000.31,-0005.59,-0007.81
+1581210788.84,+0003.91,+0002.93,+0016.60,+0000.46,-0001.68,-0009.72
+1581210788.85,+0002.93,+0000.98,+0015.62,-0000.46,-0004.06,-0007.58
+1581210788.85,+0008.79,+0001.95,+0015.62,-0000.61,-0002.07,-0004.59
+1581210788.86,+0004.88,+0001.95,+0015.62,-0000.92,-0003.29,-0010.80
+1581210788.86,+0004.88,+0002.93,+0014.65,-0000.54,-0000.69,-0010.18
+1581210788.87,+0005.86,+0002.93,+0014.65,+0000.84,-0002.53,-0013.48
+1581210788.87,+0003.91,+0002.93,+0013.67,-0000.31,-0001.99,-0012.79
+1581210788.88,+0006.84,+0003.91,+0013.67,-0001.99,-0001.15,-0011.94
+1581210788.88,+0004.88,+0002.93,+0011.72,-0000.31,-0001.00,-0011.56
+1581210788.89,+0003.91,+0004.88,+0011.72,-0001.23,-0002.22,-0009.03
+1581210788.89,+0004.88,+0003.91,+0011.72,+0000.77,-0001.84,-0008.50
+1581210788.90,+0001.95,+0004.88,+0010.74,-0001.99,-0000.54,-0008.80
+1581210788.90,+0001.95,+0005.86,+0009.77,-0000.77,-0002.99,-0008.50
+1581210788.91,+0004.88,+0005.86,+0009.77,-0001.76,+0000.46,-0008.12
+1581210788.91,+0001.95,+0005.86,+0008.79,-0000.77,-0000.77,-0010.34
+1581210788.92,+0001.95,+0006.84,+0008.79,-0000.38,-0001.07,-0012.17
+1581210788.92,+0001.95,+0006.84,+0007.81,-0000.69,-0003.60,-0012.17
+1581210788.93,+0004.88,+0008.79,+0007.81,-0000.92,-0001.00,-0012.71
+1581210788.93,+0001.95,+0008.79,+0006.84,-0002.37,-0001.91,-0010.95
+1581210788.94,+0005.86,+0008.79,+0005.86,-0001.07,-0002.07,-0008.96
+1581210788.94,+0002.93,+0008.79,+0004.88,-0001.15,-0002.37,-0007.20
+1581210788.95,+0003.91,+0008.79,+0003.91,-0001.23,-0000.46,-0007.43
+1581210788.95,+0000.98,+0008.79,+0002.93,-0001.38,-0000.92,-0008.50
+1581210788.96,+0003.91,+0008.79,+0002.93,-0001.61,-0000.84,-0008.96
+1581210788.96,+0000.98,+0008.79,+0001.95,-0001.84,-0001.84,-0009.34
+1581210788.97,+0003.91,+0007.81,+0000.98,-0002.91,-0001.15,-0009.42
+1581210788.97,+0000.98,+0007.81,+0000.00,-0002.76,+0000.77,-0010.72
+1581210788.98,-0000.98,+0007.81,-0000.98,-0002.37,+0000.77,-0009.65
+1581210788.98,-0001.95,+0006.84,-0001.95,-0003.06,+0000.61,-0012.63
+1581210788.99,+0000.00,+0005.86,-0002.93,-0000.08,-0003.60,-0008.42
+1581210788.99,+0000.00,+0004.88,-0004.88,-0003.37,+0000.54,-0006.28
+1581210789.00,-0003.91,+0003.91,-0005.86,-0003.68,+0000.23,-0010.64
+1581210789.00,-0005.86,+0001.95,-0007.81,-0001.68,-0000.46,-0011.56
+1581210789.01,+0000.00,+0000.98,-0008.79,-0002.45,-0001.53,-0010.80
+1581210789.01,+0000.00,-0000.98,-0009.77,-0001.23,-0001.76,-0008.27
+1581210789.02,-0002.93,-0000.98,-0011.72,-0004.36,-0000.31,-0011.64
+1581210789.02,-0004.88,-0002.93,-0012.70,-0002.83,-0000.46,-0009.34
+1581210789.03,+0001.95,-0003.91,-0014.65,-0002.60,-0001.07,-0011.18
+1581210789.03,-0000.98,-0005.86,-0016.60,-0002.83,-0002.45,-0008.27
+1581210789.04,+0001.95,-0005.86,-0017.58,-0003.45,-0001.00,-0011.18
+1581210789.04,-0002.93,-0008.79,-0018.55,-0003.22,+0000.84,-0013.25
+1581210789.05,+0000.98,-0008.79,-0018.55,-0003.06,-0000.46,-0010.11
+1581210789.05,+0000.98,-0010.74,-0020.51,-0004.59,+0000.38,-0008.19
+1581210789.06,-0002.93,-0011.72,-0021.48,-0002.76,-0000.38,-0006.81
+1581210789.06,-0004.88,-0012.70,-0022.46,-0002.83,+0001.07,-0010.18
+1581210789.07,-0000.98,-0014.65,-0023.44,-0001.23,+0000.15,-0009.19
+1581210789.07,+0001.95,-0015.62,-0023.44,-0000.31,+0001.99,-0012.02
+1581210789.08,-0003.91,-0015.62,-0023.44,-0001.15,-0000.77,-0011.03
+1581210789.08,-0002.93,-0016.60,-0024.41,-0002.83,-0002.60,-0013.09
+1581210789.09,+0002.93,-0018.55,-0024.41,-0002.68,+0003.22,-0010.72
+1581210789.09,-0000.98,-0018.55,-0025.39,-0000.38,-0000.46,-0011.33
+1581210789.10,-0001.95,-0018.55,-0025.39,-0004.06,-0001.45,-0009.34
+1581210789.10,-0000.98,-0020.51,-0025.39,-0001.61,+0000.77,-0009.49
+1581210789.11,-0001.95,-0020.51,-0025.39,+0000.54,-0000.54,-0009.34
+1581210789.11,+0000.98,-0020.51,-0023.44,-0000.54,-0000.31,-0007.50
+1581210789.12,-0002.93,-0020.51,-0023.44,+0000.92,+0002.91,-0012.17
+1581210789.12,-0003.91,-0019.53,-0021.48,+0000.69,-0003.29,-0006.05
+1581210789.13,+0004.88,-0020.51,-0020.51,+0000.08,+0001.91,-0007.20
+1581210789.13,-0004.88,-0019.53,-0020.51,-0002.22,+0000.61,-0010.34
+1581210789.14,-0001.95,-0018.55,-0019.53,-0002.07,+0000.15,-0010.11
+1581210789.14,+0000.98,-0021.48,-0018.55,-0001.23,-0000.08,-0012.48
+1581210789.15,+0000.98,-0018.55,-0016.60,+0002.22,-0002.76,-0004.90
+1581210789.15,-0001.95,-0017.58,-0016.60,-0000.15,-0001.15,-0007.96
+1581210789.16,-0006.84,-0017.58,-0014.65,+0000.15,-0000.23,-0010.80
+1581210789.16,-0002.93,-0016.60,-0012.70,+0001.00,+0001.07,-0012.10
+1581210789.17,+0000.98,-0016.60,-0010.74,+0002.07,+0000.77,-0013.09
+1581210789.17,-0003.91,-0015.62,-0009.77,+0002.91,-0003.22,-0010.49
+1581210789.18,-0000.98,-0013.67,-0008.79,+0000.31,-0002.22,-0010.72
+1581210789.18,+0000.00,-0014.65,-0007.81,-0000.31,+0000.84,-0008.65
+1581210789.19,-0001.95,-0011.72,-0005.86,+0000.00,+0000.69,-0008.27
+1581210789.19,-0005.86,-0010.74,-0004.88,+0002.30,-0002.14,-0008.42
+1581210789.20,-0000.98,-0010.74,-0003.91,+0000.84,+0000.08,-0009.11
+1581210789.20,-0002.93,-0009.77,-0002.93,+0000.38,-0001.45,-0007.73
+1581210789.21,+0000.00,-0008.79,-0000.98,-0000.61,+0002.07,-0009.42
+1581210789.21,-0004.88,-0007.81,+0000.00,+0001.84,-0000.92,-0008.58
+1581210789.22,-0000.98,-0005.86,+0001.95,+0001.99,-0002.14,-0009.34
+1581210789.22,+0000.00,-0005.86,+0002.93,+0000.54,+0000.46,-0007.27
+1581210789.23,-0004.88,-0004.88,+0003.91,-0000.38,-0000.08,-0013.25
+1581210789.23,-0007.81,-0002.93,+0003.91,-0000.46,+0000.61,-0014.32
+1581210789.24,-0002.93,-0002.93,+0004.88,-0000.46,+0000.54,-0015.47
+1581210789.24,-0000.98,-0002.93,+0004.88,-0000.15,+0000.08,-0012.10
+1581210789.25,-0000.98,-0000.98,+0005.86,+0001.00,-0002.53,-0011.18
+1581210789.25,-0000.98,-0000.98,+0005.86,-0000.92,-0001.30,-0006.74
+1581210789.26,-0003.91,+0000.00,+0004.88,-0000.46,-0000.15,-0004.29
+1581210789.26,-0007.81,+0000.00,+0004.88,+0000.54,+0000.00,-0008.27
+1581210789.27,-0001.95,+0000.00,+0005.86,-0000.54,-0001.23,-0005.51
+1581210789.27,+0000.00,+0000.00,+0005.86,+0002.14,+0001.68,-0009.42
+1581210789.28,-0006.84,+0001.95,+0005.86,+0001.68,-0001.23,-0014.16
+1581210789.28,-0005.86,+0002.93,+0006.84,-0000.69,+0001.07,-0016.92
+1581210789.29,-0001.95,+0002.93,+0007.81,-0001.45,-0002.53,-0014.70
+1581210789.29,+0005.86,+0003.91,+0007.81,+0001.07,-0001.07,-0011.71
+1581210789.30,-0000.98,+0002.93,+0006.84,+0000.15,-0005.74,-0009.95
+1581210789.30,-0000.98,+0004.88,+0005.86,-0003.06,-0002.91,-0008.35
+1581210789.31,+0004.88,+0002.93,+0004.88,-0000.46,+0000.00,-0015.39
+1581210789.31,+0005.86,+0003.91,+0005.86,-0001.23,+0003.22,-0008.50
+1581210789.32,-0001.95,+0005.86,+0005.86,-0000.15,-0003.52,-0011.87
+1581210789.32,+0008.79,+0005.86,+0005.86,-0001.84,-0009.57,-0001.30
+1581210789.33,+0014.65,+0003.91,+0004.88,+0001.45,+0003.29,-0005.44
+1581210789.33,-0008.79,+0006.84,+0004.88,-0001.30,-0007.96,+0002.53
+1581210789.34,+0009.77,+0006.84,+0004.88,-0001.00,-0000.69,-0018.30
+1581210789.34,+0013.67,+0000.98,+0004.88,-0004.75,+0000.08,-0001.23
+1581210789.35,+0000.98,+0004.88,+0003.91,+0004.59,+0003.90,-0015.47
+1581210789.35,-0000.98,+0005.86,+0003.91,+0000.38,-0001.91,-0018.07
+1581210789.36,+0002.93,+0003.91,+0003.91,-0001.68,+0000.00,-0013.17
+1581210789.36,+0006.84,+0003.91,+0003.91,-0002.45,+0001.15,-0009.72
+1581210789.37,+0003.91,+0004.88,+0003.91,-0002.76,-0003.75,-0002.37
+1581210789.37,+0003.91,+0001.95,+0001.95,-0000.84,-0000.61,-0005.28
+1581210789.38,-0004.88,+0001.95,+0000.98,-0000.15,+0002.07,-0010.11
+1581210789.38,-0003.91,+0003.91,+0001.95,-0002.99,-0001.76,-0010.57
+1581210789.39,+0005.86,+0001.95,+0000.98,-0001.91,+0001.53,-0008.35
+1581210789.39,+0000.00,+0000.00,+0000.98,-0001.53,-0000.77,-0009.80
+1581210789.40,-0004.88,+0001.95,+0000.00,-0001.15,-0003.29,-0005.05
+1581210789.40,-0007.81,+0000.00,-0000.98,-0001.15,-0002.30,-0012.94
+1581210789.41,-0004.88,-0000.98,-0000.98,-0002.53,+0000.00,-0007.73
+1581210789.41,-0000.98,-0000.98,-0000.98,-0001.45,+0003.45,-0013.86
+1581210789.42,-0011.72,-0001.95,-0001.95,-0000.92,-0001.68,-0011.56
+1581210789.42,-0002.93,-0000.98,-0000.98,-0001.45,-0001.76,-0011.25
+1581210789.43,-0002.93,-0003.91,-0001.95,-0001.45,-0000.31,-0008.88
+1581210789.43,+0000.00,-0002.93,-0001.95,-0001.38,+0000.23,-0005.36
+1581210789.44,-0007.81,-0003.91,-0002.93,-0000.46,-0003.60,-0010.64
+1581210789.44,+0000.00,-0004.88,-0002.93,-0001.30,-0002.83,-0011.25
+1581210789.45,+0001.95,-0005.86,-0002.93,+0000.61,-0001.00,-0013.55
+1581210789.45,+0003.91,-0004.88,-0001.95,-0001.23,-0001.53,-0009.42
+1581210789.46,+0004.88,-0006.84,-0002.93,-0001.30,-0000.38,-0011.25
+1581210789.46,+0000.98,-0005.86,-0002.93,+0000.84,-0003.29,-0009.88
+1581210789.47,+0004.88,-0005.86,-0002.93,-0000.84,-0002.30,-0008.50
+1581210789.47,+0004.88,-0006.84,-0001.95,+0000.69,+0001.45,-0010.95
+1581210789.48,-0001.95,-0005.86,-0000.98,+0000.61,-0001.07,-0010.18
+1581210789.48,+0003.91,-0006.84,+0000.00,+0000.38,+0001.00,-0010.34
+1581210789.49,+0001.95,-0007.81,+0000.98,+0002.30,-0000.15,-0010.26
+1581210789.49,+0000.00,-0006.84,+0001.95,+0001.15,-0001.30,-0009.88
+1581210789.50,+0001.95,-0006.84,+0002.93,-0000.38,+0000.31,-0010.03
+1581210789.50,+0004.88,-0008.79,+0003.91,+0002.30,-0001.07,-0007.89
+1581210789.51,+0000.00,-0007.81,+0004.88,+0000.23,-0002.68,-0011.33
+1581210789.51,+0001.95,-0007.81,+0004.88,+0000.92,-0001.53,-0011.03
+1581210789.52,+0004.88,-0008.79,+0005.86,-0000.38,+0001.00,-0012.40
+1581210789.52,+0002.93,-0007.81,+0006.84,+0002.45,+0000.77,-0012.17
+1581210789.53,+0001.95,-0007.81,+0007.81,+0001.99,-0001.68,-0010.64
+1581210789.53,+0004.88,-0008.79,+0008.79,+0000.46,+0000.38,-0010.87
+1581210789.54,-0000.98,-0007.81,+0009.77,+0001.30,+0001.00,-0011.64
+1581210789.54,+0000.98,-0006.84,+0010.74,+0000.92,-0001.68,-0008.27
+1581210789.55,+0006.84,-0007.81,+0010.74,+0001.07,+0000.08,-0006.20
+1581210789.55,+0000.00,-0007.81,+0011.72,+0000.61,-0000.77,-0007.12
+1581210789.56,-0002.93,-0005.86,+0012.70,+0001.91,+0001.00,-0009.88
+1581210789.56,+0000.98,-0006.84,+0013.67,+0003.90,-0001.38,-0008.50
+1581210789.57,+0004.88,-0006.84,+0014.65,+0000.84,+0001.76,-0007.12
+1581210789.57,-0004.88,-0005.86,+0015.62,+0002.14,-0001.68,-0009.57
+1581210789.58,-0003.91,-0003.91,+0015.62,+0000.38,+0000.92,-0012.71
+1581210789.58,-0000.98,-0004.88,+0016.60,+0001.45,+0001.15,-0013.63
+1581210789.59,+0000.00,-0001.95,+0017.58,+0000.84,-0000.54,-0011.25
+1581210789.59,-0002.93,-0001.95,+0018.55,+0001.30,+0000.15,-0012.48
+1581210789.60,-0002.93,+0000.00,+0019.53,+0001.15,-0002.53,-0008.73
+1581210789.60,+0000.00,+0000.00,+0019.53,-0000.77,+0000.92,-0005.67
+1581210789.61,-0002.93,+0000.98,+0019.53,+0001.53,+0001.61,-0008.27
+1581210789.61,-0008.79,+0001.95,+0020.51,+0002.37,-0001.76,-0009.34
+1581210789.62,+0000.00,+0002.93,+0020.51,+0001.00,+0000.31,-0012.94
+1581210789.62,-0000.98,+0002.93,+0021.48,+0001.61,-0003.37,-0008.65
+1581210789.63,+0000.00,+0004.88,+0022.46,+0002.07,-0000.23,-0008.19
+1581210789.63,-0005.86,+0005.86,+0022.46,+0002.14,-0001.68,-0010.72
+1581210789.64,+0000.00,+0008.79,+0023.44,+0001.76,-0003.45,-0009.57
+1581210789.64,+0002.93,+0007.81,+0023.44,-0001.53,-0000.54,-0010.34
+1581210789.65,+0002.93,+0008.79,+0023.44,+0000.08,-0000.46,-0008.42
+1581210789.65,-0000.98,+0008.79,+0023.44,+0002.83,-0001.00,-0010.95
+1581210789.66,-0000.98,+0009.77,+0024.41,-0000.69,-0000.31,-0011.56
+1581210789.66,+0000.00,+0012.70,+0025.39,+0004.82,-0003.45,-0010.87
+1581210789.67,+0004.88,+0012.70,+0026.37,+0001.00,+0001.91,-0007.96
+1581210789.67,-0002.93,+0012.70,+0025.39,-0000.69,+0001.91,-0010.03
