+1581210516.98,-0003.91,+0012.70,+0005.86,-0000.92,-0001.68,-0012.63
+1581210516.98,-0005.86,+0013.67,+0005.86,-0001.91,-0001.99,-0011.03
+1581210516.99,-0001.95,+0012.70,+0003.91,-0000.61,-0000.54,-0008.65
+1581210516.99,-0003.91,+0012.70,+0002.93,-0000.84,-0000.92,-0005.44
+1581210517.00,-0006.84,+0012.70,+0000.98,-0001.15,-0001.30,-0008.88
+1581210517.00,-0006.84,+0011.72,+0000.00,-0000.46,-0001.53,-0008.04
+1581210517.01,-0002.93,+0011.72,+0000.00,+0000.23,+0000.38,-0011.18
+1581210517.01,-0003.91,+0010.74,+0000.00,-0001.23,-0001.61,-0011.79
+1581210517.02,-0002.93,+0010.74,-0000.98,-0002.45,-0001.45,-0011.64
+1581210517.02,+0000.00,+0010.74,-0001.95,-0000.92,+0001.38,-0011.25
+1581210517.03,-0003.91,+0010.74,-0001.95,-0001.45,-0000.08,-0011.56
+1581210517.03,-0002.93,+0010.74,-0002.93,-0000.84,+0000.54,-0010.87
+1581210517.04,-0002.93,+0008.79,-0002.93,-0000.61,-0000.54,-0012.63
+1581210517.04,-0000.98,+0007.81,-0003.91,-0001.30,-0001.76,-0009.34
+1581210517.05,+0003.91,+0006.84,-0005.86,-0001.53,-0002.07,-0008.58
+1581210517.05,+0000.98,+0004.88,-0006.84,-0001.00,+0000.38,-0007.58
+1581210517.06,-0000.98,+0004.88,-0007.81,-0001.91,-0001.07,-0009.11
+1581210517.06,+0001.95,+0002.93,-0006.84,+0000.31,-0001.30,-0009.57
+1581210517.07,+0001.95,+0001.95,-0007.81,-0002.45,+0002.22,-0009.34
+1581210517.07,-0000.98,+0001.95,-0008.79,-0002.30,+0001.91,-0010.72
+1581210517.08,-0000.98,+0000.00,-0009.77,-0002.30,+0000.00,-0011.10
+1581210517.08,+0000.00,-0001.95,-0010.74,-0001.07,+0000.54,-0012.56
+1581210517.09,-0000.98,-0002.93,-0010.74,+0001.15,+0001.30,-0011.71
+1581210517.09,-0002.93,-0002.93,-0011.72,-0001.45,-0001.84,-0011.03
+1581210517.10,-0000.98,-0004.88,-0011.72,-0000.31,-0002.30,-0010.87
+1581210517.10,+0000.98,-0005.86,-0011.72,-0001.15,-0001.45,-0009.72
+1581210517.11,+0000.00,-0006.84,-0012.70,-0001.38,-0001.07,-0007.89
+1581210517.11,+0001.95,-0007.81,-0013.67,-0000.92,-0001.15,-0008.19
+1581210517.12,+0001.95,-0008.79,-0014.65,-0001.99,-0000.54,-0009.19
+1581210517.12,+0003.91,-0008.79,-0014.65,-0002.30,+0000.92,-0009.26
+1581210517.13,+0005.86,-0010.74,-0015.62,-0001.53,-0000.23,-0010.95
+1581210517.13,+0005.86,-0011.72,-0015.62,-0001.53,-0000.77,-0010.18
+1581210517.14,+0004.88,-0011.72,-0017.58,-0000.38,-0000.31,-0011.71
+1581210517.14,+0002.93,-0011.72,-0017.58,-0000.23,-0001.23,-0009.88
+1581210517.15,+0003.91,-0012.70,-0017.58,-0000.54,-0000.84,-0009.34
+1581210517.15,-0000.98,-0012.70,-0017.58,+0000.08,-0001.99,-0008.96
+1581210517.16,+0000.00,-0012.70,-0016.60,-0000.84,-0000.08,-0006.97
+1581210517.16,+0000.98,-0014.65,-0017.58,+0000.23,+0001.00,-0007.50
+1581210517.17,-0004.88,-0012.70,-0016.60,+0000.00,+0001.68,-0008.27
+1581210517.17,-0005.86,-0011.72,-0015.62,-0000.08,+0001.15,-0009.42
+1581210517.18,-0004.88,-0012.70,-0015.62,-0000.46,+0002.68,-0011.03
+1581210517.18,-0005.86,-0011.72,-0014.65,+0000.08,+0001.07,-0010.34
+1581210517.19,-0004.88,-0010.74,-0013.67,-0000.31,-0002.30,-0009.88
+1581210517.19,-0000.98,-0011.72,-0013.67,+0000.46,-0001.91,-0009.34
+1581210517.20,-0000.98,-0011.72,-0013.67,+0000.77,-0001.30,-0011.71
+1581210517.20,+0000.98,-0009.77,-0013.67,+0000.46,-0006.43,-0007.58
+1581210517.21,+0006.84,-0011.72,-0014.65,+0000.23,+0004.98,-0015.77
+1581210517.21,-0010.74,-0009.77,-0014.65,-0002.30,-0006.58,-0010.57
+1581210517.22,+0006.84,-0007.81,-0013.67,+0004.06,-0002.53,-0010.80
+1581210517.22,+0006.84,-0010.74,-0013.67,-0000.15,+0004.36,-0013.55
+1581210517.23,-0007.81,-0006.84,-0013.67,+0000.46,-0001.38,-0010.34
+1581210517.23,-0001.95,-0005.86,-0013.67,-0001.07,-0001.30,-0014.85
+1581210517.24,+0001.95,-0008.79,-0011.72,+0001.99,-0000.61,-0011.33
+1581210517.24,+0000.00,-0005.86,-0010.74,+0002.45,-0000.77,-0006.97
+1581210517.25,-0003.91,-0004.88,-0009.77,+0003.29,-0003.90,-0007.73
+1581210517.25,-0001.95,-0004.88,-0009.77,+0001.07,-0000.46,-0007.73
+1581210517.26,+0000.98,-0004.88,-0008.79,+0001.38,-0002.83,-0008.73
+1581210517.26,+0000.00,-0002.93,-0008.79,-0000.84,+0001.61,-0010.41
+1581210517.27,-0002.93,-0002.93,-0008.79,-0000.77,-0002.22,-0013.09
+1581210517.27,-0000.98,-0001.95,-0007.81,-0001.00,+0000.84,-0013.48
+1581210517.28,+0000.98,-0000.98,-0007.81,-0001.84,+0000.38,-0010.80
+1581210517.28,-0000.98,-0001.95,-0006.84,-0000.54,+0003.45,-0010.41
+1581210517.29,-0003.91,+0000.00,-0006.84,-0000.54,+0000.00,-0011.18
+1581210517.29,+0000.98,-0000.98,-0005.86,-0000.38,-0000.31,-0008.96
+1581210517.30,+0002.93,-0001.95,-0005.86,+0000.69,+0001.91,-0010.49
+1581210517.30,-0003.91,-0000.98,-0005.86,+0001.07,-0002.60,-0009.65
+1581210517.31,+0000.98,-0000.98,-0006.84,-0000.46,-0003.60,-0009.11
+1581210517.31,+0001.95,-0001.95,-0006.84,+0001.76,-0000.77,-0011.33
+1581210517.32,+0000.00,+0000.00,-0005.86,+0000.46,-0001.15,-0009.72
+1581210517.32,+0002.93,+0000.00,-0004.88,-0001.23,-0000.31,-0011.64
+1581210517.33,+0001.95,-0000.98,-0005.86,+0000.00,+0000.69,-0008.27
+1581210517.33,+0002.93,+0000.00,-0005.86,-0000.84,-0000.54,-0008.42
+1581210517.34,+0000.98,-0000.98,-0005.86,-0000.23,-0000.23,-0008.73
+1581210517.34,+0000.00,-0001.95,-0005.86,-0000.46,-0000.15,-0008.35
+1581210517.35,+0000.98,-0001.95,-0005.86,+0000.31,-0001.61,-0011.03
+1581210517.35,+0001.95,-0001.95,-0005.86,+0000.08,+0000.15,-0010.87
+1581210517.36,+0000.98,-0001.95,-0005.86,-0000.31,-0001.45,-0011.25
+1581210517.36,+0000.98,-0001.95,-0006.84,-0000.31,+0000.46,-0010.11
+1581210517.37,+0000.98,-0002.93,-0007.81,-0001.23,+0000.92,-0011.71
+1581210517.37,-0001.95,-0002.93,-0007.81,-0000.69,+0000.61,-0010.87
+1581210517.38,+0001.95,-0002.93,-0006.84,-0001.07,-0000.46,-0009.26
+1581210517.38,+0000.00,-0004.88,-0006.84,-0000.61,+0000.23,-0006.89
+1581210517.39,-0002.93,-0004.88,-0007.81,-0000.38,+0000.15,-0007.58
+1581210517.39,-0004.88,-0004.88,-0008.79,+0000.08,-0000.31,-0009.80
+1581210517.40,-0000.98,-0006.84,-0008.79,+0001.53,-0001.00,-0008.58
+1581210517.40,-0000.98,-0007.81,-0007.81,-0000.15,-0000.61,-0010.34
+1581210517.41,-0005.86,-0007.81,-0008.79,-0001.15,-0001.23,-0010.11
+1581210517.41,-0001.95,-0008.79,-0009.77,-0001.99,-0002.22,-0010.49
+1581210517.42,+0000.98,-0009.77,-0009.77,-0000.23,-0001.00,-0011.79
+1581210517.42,+0000.00,-0009.77,-0009.77,-0001.00,-0000.15,-0009.65
+1581210517.43,+0000.00,-0009.77,-0008.79,-0000.54,+0000.69,-0009.26
+1581210517.43,+0000.98,-0011.72,-0009.77,-0000.15,-0001.76,-0009.03
+1581210517.44,+0000.98,-0012.70,-0010.74,-0001.38,-0000.38,-0008.65
+1581210517.44,+0000.00,-0012.70,-0010.74,-0000.15,+0000.77,-0009.95
+1581210517.45,+0001.95,-0013.67,-0010.74,+0001.23,-0001.07,-0011.33
+1581210517.45,+0001.95,-0014.65,-0010.74,+0000.92,-0001.38,-0011.33
+1581210517.46,-0000.98,-0014.65,-0010.74,+0000.61,-0000.61,-0011.87
+1581210517.46,-0001.95,-0014.65,-0010.74,+0000.46,-0001.07,-0011.41
+1581210517.47,+0000.98,-0015.62,-0009.77,-0000.23,+0000.46,-0009.34
+1581210517.47,+0000.00,-0016.60,-0008.79,-0001.00,+0001.30,-0010.11
+1581210517.48,-0001.95,-0016.60,-0008.79,-0001.30,+0000.84,-0010.34
+1581210517.48,-0000.98,-0016.60,-0008.79,-0001.53,+0000.08,-0010.72
+1581210517.49,+0000.00,-0017.58,-0008.79,+0000.08,-0001.84,-0010.41
+1581210517.49,+0000.98,-0017.58,-0007.81,+0000.54,+0000.08,-0008.27
+1581210517.50,+0000.00,-0017.58,-0007.81,+0000.31,-0001.45,-0007.66
+1581210517.50,-0001.95,-0018.55,-0007.81,+0000.38,-0001.15,-0008.42
+1581210517.51,+0000.00,-0018.55,-0007.81,-0000.92,+0000.38,-0009.42
+1581210517.51,-0000.98,-0019.53,-0006.84,+0000.08,-0000.31,-0010.80
+1581210517.52,+0000.00,-0018.55,-0005.86,+0000.15,+0000.00,-0011.64
+1581210517.52,+0000.00,-0019.53,-0005.86,-0000.08,+0000.69,-0009.95
+1581210517.53,-0002.93,-0019.53,-0006.84,-0000.38,+0001.38,-0011.64
+1581210517.53,-0000.98,-0019.53,-0005.86,-0000.15,-0002.60,-0009.72
+1581210517.54,+0001.95,-0020.51,-0004.88,+0001.53,+0002.76,-0010.80
+1581210517.54,-0004.88,-0020.51,-0004.88,+0002.30,-0001.45,-0011.64
+1581210517.55,-0004.88,-0017.58,-0003.91,+0001.23,-0002.30,-0013.02
+1581210517.55,+0000.98,-0019.53,-0002.93,-0000.61,-0000.46,-0012.25
+1581210517.56,+0001.95,-0019.53,-0001.95,+0001.15,-0000.84,-0012.17
+1581210517.56,+0000.00,-0017.58,-0000.98,+0000.00,-0000.31,-0010.80
+1581210517.57,+0000.98,-0017.58,-0001.95,-0001.61,-0001.53,-0009.80
+1581210517.57,+0001.95,-0018.55,-0001.95,-0002.30,+0000.54,-0005.82
+1581210517.58,+0001.95,-0019.53,-0000.98,-0001.15,+0003.37,-0008.19
+1581210517.58,-0000.98,-0018.55,+0000.00,-0001.76,+0002.22,-0008.65
+1581210517.59,+0003.91,-0019.53,+0000.00,+0000.54,-0003.14,-0013.55
+1581210517.59,+0001.95,-0019.53,+0000.00,+0000.92,+0000.08,-0011.79
+1581210517.60,+0002.93,-0016.60,+0000.98,+0001.53,-0002.37,-0010.18
+1581210517.60,+0003.91,-0017.58,+0002.93,+0001.38,-0001.91,-0009.34
+1581210517.61,+0001.95,-0017.58,+0002.93,+0002.30,-0001.84,-0007.96
+1581210517.61,+0002.93,-0015.62,+0004.88,+0000.69,-0001.45,-0006.74
+1581210517.62,+0001.95,-0016.60,+0004.88,+0001.45,-0000.61,-0007.20
+1581210517.62,+0000.00,-0016.60,+0005.86,-0000.15,+0000.61,-0009.72
+1581210517.63,-0000.98,-0015.62,+0006.84,+0000.61,+0000.69,-0011.64
+1581210517.63,+0000.00,-0015.62,+0006.84,+0000.31,+0001.15,-0011.18
+1581210517.64,+0000.98,-0015.62,+0007.81,+0001.99,-0000.38,-0010.49
+1581210517.64,-0000.98,-0014.65,+0008.79,+0002.37,-0000.38,-0008.58
+1581210517.65,-0001.95,-0013.67,+0009.77,+0001.45,-0001.00,-0007.27
+1581210517.65,-0002.93,-0013.67,+0009.77,+0000.61,+0000.38,-0008.65
+1581210517.66,-0004.88,-0013.67,+0010.74,+0001.76,-0001.45,-0007.66
+1581210517.66,-0002.93,-0013.67,+0011.72,+0002.07,-0000.61,-0009.11
+1581210517.67,-0003.91,-0013.67,+0012.70,+0000.46,-0001.00,-0009.88
+1581210517.67,-0005.86,-0013.67,+0012.70,+0000.92,+0000.31,-0011.03
+1581210517.68,-0004.88,-0012.70,+0013.67,+0000.23,+0000.69,-0011.94
+1581210517.68,-0004.88,-0012.70,+0013.67,-0000.46,+0000.69,-0010.87
+1581210517.69,-0003.91,-0011.72,+0014.65,+0000.69,+0000.54,-0012.48
+1581210517.69,-0005.86,-0010.74,+0015.62,-0000.23,+0001.91,-0010.26
+1581210517.70,-0004.88,-0010.74,+0015.62,+0000.15,+0000.84,-0009.80
+1581210517.70,-0003.91,-0011.72,+0015.62,+0000.54,-0000.08,-0010.95
+1581210517.71,-0005.86,-0010.74,+0016.60,+0002.99,-0000.77,-0011.10
+1581210517.71,-0002.93,-0009.77,+0017.58,+0001.53,-0002.30,-0011.64
+1581210517.72,-0001.95,-0009.77,+0018.55,+0000.77,+0000.61,-0009.34
+1581210517.72,-0004.88,-0008.79,+0018.55,+0001.07,-0001.91,-0008.04
+1581210517.73,-0003.91,-0008.79,+0019.53,+0000.38,+0000.54,-0008.73
+1581210517.73,-0001.95,-0007.81,+0019.53,+0000.23,+0000.38,-0012.94
+1581210517.74,-0000.98,-0006.84,+0020.51,+0000.38,+0001.68,-0011.64
+1581210517.74,-0000.98,-0006.84,+0021.48,-0000.08,+0001.68,-0012.33
+1581210517.75,-0001.95,-0004.88,+0022.46,+0001.00,+0000.84,-0014.32
+1581210517.75,+0001.95,-0004.88,+0023.44,+0002.53,-0000.08,-0011.94
+1581210517.76,+0003.91,-0003.91,+0024.41,+0003.06,-0000.38,-0009.57
+1581210517.76,+0002.93,-0002.93,+0025.39,+0002.30,-0001.61,-0008.73
+1581210517.77,+0000.98,-0001.95,+0026.37,+0001.84,-0000.38,-0010.18
+1581210517.77,+0003.91,-0000.98,+0026.37,+0002.37,-0001.45,-0009.72
+1581210517.78,+0005.86,+0000.00,+0027.34,+0002.07,-0000.61,-0012.10
+1581210517.78,+0007.81,+0001.95,+0028.32,+0000.38,-0002.14,-0009.57
+1581210517.79,+0012.70,+0000.00,+0029.30,+0000.23,+0001.15,-0007.50
+1581210517.79,+0002.93,+0000.98,+0028.32,+0001.84,+0000.92,-0013.09
+1581210517.80,+0003.91,+0004.88,+0030.27,+0001.99,-0002.22,-0011.94
+1581210517.80,+0012.70,+0004.88,+0031.25,-0001.15,+0002.53,-0009.65
+1581210517.81,+0006.84,+0003.91,+0032.23,+0002.22,+0001.99,-0009.03
+1581210517.81,+0001.95,+0007.81,+0034.18,+0000.54,-0000.31,-0010.80
+1581210517.82,+0003.91,+0006.84,+0034.18,+0001.07,+0002.07,-0009.72
+1581210517.82,-0001.95,+0007.81,+0034.18,+0002.30,+0004.90,-0015.24
+1581210517.83,-0006.84,+0011.72,+0036.13,+0002.30,-0000.92,-0015.54
+1581210517.83,+0009.77,+0011.72,+0037.11,-0000.23,-0005.90,-0009.11
+1581210517.84,+0029.30,+0001.95,+0038.09,+0001.45,+0018.99,-0006.35
+1581210517.84,-0028.32,+0005.86,+0032.23,-0001.84,-0004.44,-0019.29
+1581210517.85,-0020.51,+0013.67,+0034.18,+0004.75,-0007.43,-0007.58
+1581210517.85,+0023.44,+0012.70,+0035.16,+0001.76,-0001.99,-0030.93
+1581210517.86,+0011.72,+0001.95,+0037.11,+0003.22,+0007.89,-0011.03
+1581210517.86,-0015.62,+0010.74,+0037.11,+0002.99,-0003.90,-0013.40
+1581210517.87,-0004.88,+0012.70,+0037.11,+0000.46,-0004.29,-0017.38
+1581210517.87,+0010.74,+0009.77,+0036.13,-0004.67,+0002.91,-0004.90
+1581210517.88,+0002.93,+0006.84,+0036.13,+0001.07,+0003.14,-0005.74
+1581210517.88,-0006.84,+0009.77,+0036.13,-0000.54,-0000.69,-0007.12
+1581210517.89,-0002.93,+0009.77,+0036.13,+0001.38,-0000.08,-0013.48
+1581210517.89,+0005.86,+0010.74,+0036.13,+0000.15,+0000.31,-0006.97
+1581210517.90,+0005.86,+0009.77,+0036.13,+0000.15,+0001.99,-0007.96
+1581210517.90,-0003.91,+0009.77,+0036.13,+0001.53,-0001.00,-0013.02
+1581210517.91,+0001.95,+0011.72,+0036.13,+0003.83,-0001.38,-0013.55
+1581210517.91,+0008.79,+0010.74,+0036.13,+0003.83,-0001.61,-0011.71
+1581210517.92,+0003.91,+0009.77,+0036.13,+0001.84,-0002.30,-0007.58
+1581210517.92,+0001.95,+0011.72,+0036.13,+0004.52,-0002.07,-0011.48
+1581210517.93,+0005.86,+0011.72,+0036.13,+0003.83,-0002.76,-0011.25
+1581210517.93,+0008.79,+0012.70,+0036.13,+0000.61,-0000.77,-0011.03
+1581210517.94,+0002.93,+0011.72,+0036.13,+0001.38,-0001.15,-0010.72
+1581210517.94,+0003.91,+0013.67,+0036.13,+0000.31,+0000.23,-0009.42
+1581210517.95,+0004.88,+0013.67,+0036.13,+0000.46,+0000.84,-0010.87
+1581210517.95,+0004.88,+0013.67,+0035.16,-0000.54,-0000.84,-0010.41
+1581210517.96,+0006.84,+0013.67,+0035.16,-0001.53,+0000.61,-0008.88
+1581210517.96,+0006.84,+0014.65,+0035.16,+0000.00,-0000.84,-0007.35
+1581210517.97,+0006.84,+0014.65,+0035.16,+0001.00,+0001.45,-0010.34
+1581210517.97,+0001.95,+0016.60,+0034.18,-0000.61,+0000.00,-0013.40
+1581210517.98,+0005.86,+0018.55,+0035.16,+0001.07,+0000.23,-0010.41
+1581210517.98,+0007.81,+0017.58,+0035.16,+0002.22,-0001.07,-0010.64
+1581210517.99,+0002.93,+0018.55,+0035.16,+0002.76,-0003.37,-0008.65
+1581210517.99,+0004.88,+0019.53,+0035.16,+0000.00,-0002.53,-0009.03
+1581210518.00,+0004.88,+0019.53,+0034.18,+0000.69,-0002.07,-0009.57
+1581210518.00,+0003.91,+0020.51,+0034.18,-0000.38,-0001.30,-0008.65
+1581210518.01,+0002.93,+0020.51,+0033.20,-0000.54,-0000.31,-0013.02
+1581210518.01,+0000.00,+0022.46,+0033.20,+0000.38,-0000.08,-0013.09
+1581210518.02,+0003.91,+0023.44,+0033.20,+0000.00,-0001.38,-0013.25
+1581210518.02,+0007.81,+0023.44,+0034.18,-0000.61,-0000.08,-0011.25
+1581210518.03,+0004.88,+0023.44,+0033.20,-0001.38,-0000.77,-0006.20
+1581210518.03,+0000.98,+0024.41,+0032.23,-0000.31,-0001.38,-0011.87
+1581210518.04,+0004.88,+0027.34,+0031.25,+0001.23,-0005.05,-0008.88
+1581210518.04,+0011.72,+0026.37,+0030.27,+0000.54,-0003.83,-0005.74
+1581210518.05,+0004.88,+0024.41,+0030.27,+0000.15,-0003.37,-0004.59
+1581210518.05,+0000.00,+0028.32,+0029.30,+0000.23,-0002.37,-0006.43
+1581210518.06,+0005.86,+0027.34,+0029.30,-0001.30,+0000.92,-0008.88
+1581210518.06,+0005.86,+0027.34,+0030.27,-0000.46,+0000.54,-0008.58
+1581210518.07,+0000.00,+0028.32,+0029.30,-0001.23,+0000.15,-0012.40
+1581210518.07,-0001.95,+0030.27,+0028.32,+0002.07,-0002.68,-0013.02
+1581210518.08,+0001.95,+0029.30,+0028.32,-0001.23,-0001.23,-0012.02
+1581210518.08,+0002.93,+0028.32,+0027.34,-0000.54,-0001.38,-0009.65
+1581210518.09,-0003.91,+0030.27,+0026.37,-0001.53,-0001.76,-0009.49
+1581210518.09,-0002.93,+0030.27,+0025.39,-0002.60,-0002.14,-0007.66
+1581210518.10,+0000.00,+0028.32,+0024.41,-0002.76,-0001.45,-0006.74
+1581210518.10,-0001.95,+0029.30,+0022.46,-0002.60,-0000.61,-0007.73
+1581210518.11,-0003.91,+0028.32,+0020.51,-0001.38,-0001.30,-0008.50
+1581210518.11,-0000.98,+0026.37,+0019.53,-0002.30,-0002.91,-0009.19
+1581210518.12,-0002.93,+0025.39,+0018.55,+0000.69,-0002.14,-0011.10
+1581210518.12,-0001.95,+0026.37,+0017.58,+0000.77,-0003.45,-0011.64
+1581210518.13,-0000.98,+0025.39,+0016.60,-0001.53,-0002.22,-0010.80
+1581210518.13,+0000.98,+0025.39,+0015.62,-0002.37,-0000.15,-0010.26
+1581210518.14,-0001.95,+0024.41,+0013.67,-0002.60,-0000.77,-0011.48
+1581210518.14,+0000.98,+0024.41,+0011.72,-0000.61,-0000.92,-0010.87
+1581210518.15,+0001.95,+0022.46,+0010.74,-0000.92,-0000.84,-0011.33
+1581210518.15,+0000.00,+0022.46,+0009.77,-0001.61,-0000.84,-0011.10
+1581210518.16,-0000.98,+0021.48,+0008.79,-0001.61,-0002.14,-0010.57
+1581210518.16,+0000.98,+0020.51,+0007.81,-0001.91,+0000.84,-0010.80
+1581210518.17,+0001.95,+0019.53,+0006.84,-0001.76,-0000.23,-0009.80
+1581210518.17,+0000.00,+0019.53,+0004.88,-0000.61,+0000.77,-0010.03
+1581210518.18,-0001.95,+0018.55,+0002.93,-0001.53,-0001.23,-0012.17
+1581210518.18,+0000.00,+0017.58,+0001.95,-0001.23,-0002.30,-0010.11
+1581210518.19,+0002.93,+0016.60,+0000.98,-0001.91,-0001.07,-0009.11
+1581210518.19,-0000.98,+0016.60,+0000.00,-0002.30,-0000.08,-0008.73
+1581210518.20,+0000.00,+0016.60,-0001.95,-0001.68,-0001.23,-0008.50
+1581210518.20,+0001.95,+0015.62,-0002.93,-0002.76,-0000.61,-0009.26
+1581210518.21,+0000.98,+0014.65,-0003.91,-0001.76,-0002.07,-0010.26
+1581210518.21,+0000.00,+0014.65,-0004.88,-0001.15,-0000.61,-0012.25
+1581210518.22,+0000.00,+0014.65,-0005.86,-0000.61,-0000.92,-0010.26
+1581210518.22,+0001.95,+0014.65,-0006.84,-0002.53,+0000.15,-0011.79
+1581210518.23,+0000.98,+0013.67,-0006.84,-0002.53,+0000.38,-0011.87
+1581210518.23,+0003.91,+0013.67,-0007.81,-0002.68,-0001.07,-0009.72
+1581210518.24,+0003.91,+0012.70,-0009.77,-0001.38,-0002.14,-0010.34
+1581210518.24,+0005.86,+0011.72,-0010.74,-0001.53,-0000.77,-0006.97
+1581210518.25,+0003.91,+0011.72,-0013.67,-0003.22,-0000.15,-0009.49
+1581210518.25,+0000.98,+0010.74,-0015.62,-0002.99,-0000.77,-0008.35
+1581210518.26,+0003.91,+0008.79,-0016.60,-0003.45,+0003.45,-0008.27
+1581210518.26,-0000.98,+0006.84,-0018.55,-0001.53,+0002.76,-0009.34
+1581210518.27,-0003.91,+0007.81,-0018.55,-0002.07,+0001.07,-0009.11
+1581210518.27,-0004.88,+0004.88,-0020.51,-0001.15,-0000.84,-0009.11
+1581210518.28,-0004.88,+0003.91,-0021.48,-0000.54,+0002.30,-0009.65
+1581210518.28,-0009.77,+0002.93,-0022.46,-0003.98,+0000.15,-0012.02
+1581210518.29,-0005.86,+0002.93,-0023.44,-0002.22,-0000.15,-0011.56
+1581210518.29,-0000.98,+0000.98,-0023.44,-0002.37,+0003.37,-0010.95
+1581210518.30,-0005.86,+0000.00,-0025.39,-0001.30,-0000.46,-0009.95
+1581210518.30,-0002.93,+0000.00,-0026.37,-0004.59,+0000.23,-0010.11
+1581210518.31,-0000.98,-0001.95,-0028.32,-0002.53,-0000.38,-0008.96
+1581210518.31,+0001.95,-0003.91,-0030.27,-0003.29,-0001.07,-0005.90
+1581210518.32,+0000.00,-0004.88,-0032.23,-0003.14,+0000.08,-0007.04
+1581210518.32,-0002.93,-0005.86,-0034.18,-0001.68,+0000.54,-0009.72
+1581210518.33,-0001.95,-0006.84,-0035.16,-0001.45,-0000.15,-0010.87
+1581210518.33,-0001.95,-0007.81,-0035.16,-0001.91,+0001.45,-0010.80
+1581210518.34,-0001.95,-0008.79,-0035.16,-0002.07,+0003.37,-0011.25
+1581210518.34,-0004.88,-0007.81,-0036.13,-0002.45,+0002.14,-0011.41
+1581210518.35,-0003.91,-0007.81,-0036.13,-0001.61,+0000.92,-0011.64
+1581210518.35,-0000.98,-0008.79,-0036.13,-0001.15,-0000.31,-0009.49
+1581210518.36,-0001.95,-0008.79,-0036.13,-0001.15,+0001.00,-0006.89
+1581210518.36,-0003.91,-0007.81,-0037.11,-0001.23,+0001.53,-0009.03
+1581210518.37,-0004.88,-0007.81,-0037.11,-0000.46,+0000.54,-0008.80
+1581210518.37,-0001.95,-0008.79,-0037.11,-0001.30,+0002.07,-0010.03
+1581210518.38,-0003.91,-0007.81,-0036.13,-0001.30,+0002.68,-0009.88
+1581210518.38,-0003.91,-0007.81,-0036.13,+0000.31,+0001.53,-0012.63
+1581210518.39,-0002.93,-0006.84,-0035.16,+0001.23,+0001.30,-0014.01
+1581210518.39,-0001.95,-0005.86,-0035.16,+0000.00,+0000.69,-0013.02
+1581210518.40,-0001.95,-0004.88,-0034.18,+0000.54,+0001.30,-0011.33
+1581210518.40,-0002.93,-0003.91,-0034.18,+0000.54,-0000.61,-0009.72
+1581210518.41,-0002.93,-0003.91,-0033.20,+0000.84,+0000.54,-0009.34
+1581210518.41,-0001.95,-0002.93,-0032.23,+0000.15,+0000.69,-0008.19
+1581210518.42,-0002.93,-0002.93,-0031.25,-0000.61,+0000.15,-0009.65
+1581210518.42,-0003.91,-0002.93,-0030.27,+0000.84,+0000.15,-0009.11
+1581210518.43,-0002.93,-0001.95,-0030.27,+0000.46,+0000.23,-0010.87
+1581210518.43,-0002.93,-0000.98,-0028.32,-0001.00,-0000.15,-0011.64
+1581210518.44,-0000.98,+0000.00,-0027.34,+0000.69,-0001.45,-0012.71
+1581210518.44,+0001.95,+0000.00,-0026.37,-0000.77,+0000.00,-0009.57
+1581210518.45,+0001.95,+0000.00,-0026.37,-0000.38,+0000.54,-0009.57
+1581210518.45,-0001.95,+0000.98,-0026.37,-0001.61,-0001.30,-0009.11
+1581210518.46,+0002.93,+0000.98,-0025.39,-0000.61,-0000.08,-0009.88
+1581210518.46,+0003.91,+0000.98,-0025.39,-0001.61,+0001.76,-0010.34
+1581210518.47,+0004.88,+0000.98,-0024.41,-0001.68,-0002.45,-0002.68
+1581210518.47,-0005.86,+0002.93,-0024.41,-0001.07,-0001.45,-0014.09
+1581210518.48,+0000.00,+0003.91,-0022.46,+0004.29,-0004.52,-0006.05
+1581210518.48,+0009.77,+0001.95,-0021.48,+0000.23,+0002.91,-0007.73
+1581210518.49,-0007.81,+0003.91,-0020.51,+0002.76,-0001.68,-0005.36
+1581210518.49,-0002.93,+0006.84,-0019.53,-0002.30,-0000.84,-0011.18
+1581210518.50,+0000.00,+0001.95,-0019.53,+0003.29,+0000.61,-0012.10
+1581210518.50,-0001.95,+0004.88,-0018.55,+0003.06,+0000.77,-0009.26
+1581210518.51,-0004.88,+0005.86,-0017.58,+0001.38,-0002.14,-0013.40
+1581210518.51,-0003.91,+0005.86,-0016.60,+0000.61,-0001.30,-0011.48
+1581210518.52,+0000.98,+0005.86,-0015.62,+0001.30,+0000.15,-0009.88
+1581210518.52,-0002.93,+0005.86,-0015.62,-0000.08,-0002.76,-0006.12
+1581210518.53,-0002.93,+0005.86,-0015.62,-0001.23,-0001.61,-0007.04
+1581210518.53,-0002.93,+0003.91,-0016.60,+0001.07,+0000.23,-0008.73
+1581210518.54,-0001.95,+0004.88,-0016.60,+0000.38,-0000.92,-0008.50
+1581210518.54,-0001.95,+0003.91,-0015.62,-0000.69,+0000.61,-0012.71
+1581210518.55,-0002.93,+0003.91,-0015.62,+0000.61,-0000.23,-0012.02
+1581210518.55,-0000.98,+0003.91,-0014.65,-0000.69,-0000.15,-0011.48
+1581210518.56,-0001.95,+0003.91,-0014.65,-0001.15,-0000.38,-0011.56
+1581210518.56,-0001.95,+0003.91,-0013.67,+0000.08,-0000.84,-0008.80
+1581210518.57,+0000.00,+0002.93,-0013.67,-0001.07,+0000.77,-0009.03
+1581210518.57,-0000.98,+0001.95,-0013.67,-0000.15,-0001.45,-0010.34
+1581210518.58,+0001.95,+0001.95,-0013.67,-0000.54,-0001.61,-0008.35
+1581210518.58,+0001.95,+0000.00,-0014.65,+0001.07,-0001.53,-0010.80
+1581210518.59,+0001.95,+0000.00,-0014.65,+0001.23,-0001.84,-0009.72
+1581210518.59,+0002.93,-0000.98,-0014.65,+0002.37,-0003.45,-0009.72
+1581210518.60,+0002.93,-0002.93,-0014.65,+0001.61,-0002.37,-0009.72
+1581210518.60,+0001.95,-0002.93,-0014.65,+0000.00,-0002.14,-0010.18
+1581210518.61,+0000.98,-0003.91,-0014.65,+0001.00,-0003.37,-0012.10
+1581210518.61,+0001.95,-0003.91,-0014.65,+0000.54,-0000.84,-0012.33
+1581210518.62,+0002.93,-0004.88,-0014.65,-0000.38,-0003.06,-0011.18
+1581210518.62,+0005.86,-0005.86,-0013.67,-0000.69,-0001.30,-0009.49
+1581210518.63,+0004.88,-0005.86,-0014.65,-0002.99,-0001.68,-0007.20
+1581210518.63,+0001.95,-0006.84,-0016.60,-0000.84,-0000.31,-0009.49
+1581210518.64,+0003.91,-0006.84,-0016.60,-0001.07,-0001.00,-0010.95
+1581210518.64,+0004.88,-0006.84,-0016.60,-0000.15,-0002.14,-0011.71
+1581210518.65,+0005.86,-0006.84,-0016.60,+0001.07,-0002.30,-0012.17
+1581210518.65,+0001.95,-0006.84,-0016.60,+0000.23,-0001.99,-0012.94
+1581210518.66,+0002.93,-0006.84,-0016.60,+0000.15,-0001.99,-0010.03
+1581210518.66,+0006.84,-0007.81,-0015.62,-0001.91,+0000.61,-0009.03
+1581210518.67,+0003.91,-0007.81,-0015.62,-0001.91,-0001.84,-0006.81
+1581210518.67,+0004.88,-0007.81,-0016.60,-0001.68,-0001.00,-0006.81
+1581210518.68,+0005.86,-0008.79,-0016.60,-0002.14,-0001.23,-0007.66
+1581210518.68,+0003.91,-0008.79,-0017.58,-0001.15,-0002.22,-0009.65
+1581210518.69,+0004.88,-0008.79,-0017.58,+0000.31,-0002.76,-0009.03
+1581210518.69,+0002.93,-0009.77,-0017.58,+0000.61,-0000.31,-0012.33
+1581210518.70,+0000.00,-0007.81,-0016.60,-0000.15,-0002.68,-0009.03
+1581210518.70,+0003.91,-0008.79,-0016.60,-0001.38,+0001.23,-0009.95
+1581210518.71,+0000.98,-0009.77,-0016.60,-0001.07,+0001.38,-0009.49
+1581210518.71,-0000.98,-0007.81,-0016.60,-0000.54,-0002.37,-0007.73
+1581210518.72,+0000.98,-0009.77,-0016.60,+0000.84,-0002.37,-0009.19
+1581210518.72,+0000.00,-0010.74,-0016.60,+0000.77,-0003.37,-0007.96
+1581210518.73,+0000.00,-0010.74,-0017.58,-0001.38,-0000.92,-0009.72
+1581210518.73,-0001.95,-0010.74,-0017.58,+0000.00,-0001.99,-0010.26
+1581210518.74,+0001.95,-0010.74,-0016.60,-0001.00,-0000.38,-0009.42
+1581210518.74,+0003.91,-0011.72,-0016.60,-0000.54,-0001.38,-0007.81
+1581210518.75,-0001.95,-0012.70,-0017.58,-0000.92,-0001.84,-0006.28
+1581210518.75,-0003.91,-0012.70,-0018.55,+0000.54,+0000.00,-0011.18
+1581210518.76,-0003.91,-0013.67,-0018.55,+0000.46,-0001.61,-0011.87
+1581210518.76,-0000.98,-0013.67,-0017.58,-0000.38,+0000.69,-0011.56
+1581210518.77,-0004.88,-0012.70,-0016.60,+0000.92,-0001.07,-0010.26
+1581210518.77,-0005.86,-0013.67,-0015.62,+0001.00,-0001.68,-0011.10
+1581210518.78,-0002.93,-0013.67,-0015.62,+0001.07,-0001.45,-0012.02
+1581210518.78,-0002.93,-0013.67,-0015.62,+0001.15,-0000.08,-0011.87
+1581210518.79,-0002.93,-0012.70,-0014.65,-0001.91,-0002.53,-0007.43
+1581210518.79,-0004.88,-0013.67,-0014.65,-0001.99,-0003.29,-0000.77
+1581210518.80,+0000.00,-0013.67,-0015.62,+0000.38,+0000.31,-0007.81
+1581210518.80,-0001.95,-0014.65,-0015.62,+0001.23,-0004.06,-0011.33
+1581210518.81,+0001.95,-0014.65,-0014.65,-0000.31,-0003.22,-0013.09
+1581210518.81,-0000.98,-0013.67,-0014.65,+0001.30,-0000.77,-0013.55
+1581210518.82,-0000.98,-0012.70,-0013.67,+0002.30,-0002.45,-0011.03
+1581210518.82,+0001.95,-0012.70,-0011.72,+0000.23,+0000.15,-0012.25
+1581210518.83,+0001.95,-0012.70,-0010.74,+0000.61,+0000.08,-0008.88
+1581210518.83,+0001.95,-0011.72,-0009.77,+0001.38,+0000.00,-0010.26
+1581210518.84,-0001.95,-0012.70,-0009.77,+0001.45,-0002.99,-0009.42
+1581210518.84,+0002.93,-0011.72,-0009.77,+0000.92,+0000.77,-0010.80
+1581210518.85,+0000.98,-0011.72,-0008.79,+0002.22,-0000.92,-0010.57
+1581210518.85,+0001.95,-0010.74,-0007.81,+0001.68,-0000.23,-0010.87
+1581210518.86,+0000.00,-0009.77,-0006.84,+0000.77,-0000.31,-0010.80
+1581210518.86,+0001.95,-0008.79,-0005.86,+0001.91,-0000.77,-0009.57
+1581210518.87,+0000.00,-0008.79,-0004.88,+0001.76,+0000.08,-0010.49
+1581210518.87,+0000.98,-0008.79,-0003.91,+0000.77,-0000.77,-0008.27
+1581210518.88,+0001.95,-0008.79,-0003.91,+0000.00,+0002.07,-0008.80
+1581210518.88,-0000.98,-0008.79,-0003.91,+0000.84,+0000.92,-0009.57
+1581210518.89,-0002.93,-0006.84,-0002.93,+0000.46,+0000.31,-0010.34
+1581210518.89,+0000.00,-0006.84,-0001.95,+0000.69,+0000.08,-0010.11
+1581210518.90,+0000.00,-0005.86,-0001.95,+0000.84,-0000.38,-0010.34
+1581210518.90,-0002.93,-0004.88,-0000.98,+0000.15,-0000.38,-0010.18
+1581210518.91,-0001.95,-0003.91,-0000.98,+0001.53,+0001.45,-0009.42
+1581210518.91,-0001.95,-0003.91,-0000.98,-0000.08,+0000.00,-0009.26
+1581210518.92,-0000.98,-0002.93,+0000.00,+0000.77,-0000.38,-0007.20
+1581210518.92,-0001.95,-0002.93,+0000.00,+0001.15,-0000.77,-0006.43
+1581210518.93,-0002.93,-0002.93,+0000.00,+0000.23,-0000.61,-0007.96
+1581210518.93,-0005.86,-0002.93,+0000.00,+0000.38,+0000.08,-0011.03
+1581210518.94,-0002.93,-0002.93,+0000.98,+0000.31,+0001.68,-0012.48
+1581210518.94,-0002.93,-0001.95,+0001.95,-0000.15,-0000.54,-0011.71
+1581210518.95,-0002.93,-0001.95,+0001.95,-0000.23,+0002.07,-0011.03
+1581210518.95,-0003.91,-0000.98,+0001.95,+0001.00,-0001.53,-0011.03
+1581210518.96,-0002.93,-0001.95,+0001.95,+0000.15,-0002.83,-0009.57
+1581210518.96,-0000.98,-0002.93,+0001.95,-0000.15,+0000.00,-0008.42
+1581210518.97,-0004.88,-0002.93,+0001.95,-0000.46,+0000.31,-0009.49
+1581210518.97,-0001.95,-0002.93,+0001.95,-0001.23,+0000.92,-0009.57
+1581210518.98,+0000.00,-0003.91,+0002.93,-0000.69,+0000.46,-0009.34
+1581210518.98,+0000.00,-0004.88,+0001.95,+0001.61,-0000.77,-0009.65
+1581210518.99,-0000.98,-0004.88,+0002.93,+0000.92,-0000.38,-0012.25
+1581210518.99,+0000.00,-0005.86,+0001.95,+0001.68,-0002.60,-0011.03
+1581210519.00,+0003.91,-0005.86,+0002.93,+0000.08,+0001.68,-0010.80
+1581210519.00,-0002.93,-0006.84,+0001.95,-0000.61,+0001.68,-0010.64
+1581210519.01,+0000.00,-0006.84,+0001.95,+0000.15,-0000.54,-0010.72
+1581210519.01,+0002.93,-0007.81,+0002.93,+0000.77,+0002.60,-0009.03
+1581210519.02,+0001.95,-0008.79,+0002.93,+0001.76,-0001.23,-0005.67
+1581210519.02,+0000.98,-0008.79,+0002.93,+0000.00,+0001.07,-0005.44
+1581210519.03,-0008.79,-0009.77,+0001.95,-0000.15,+0004.75,-0009.65
+1581210519.03,-0013.67,-0008.79,+0001.95,+0001.07,+0000.77,-0018.83
+1581210519.04,+0000.00,-0007.81,+0004.88,+0001.53,+0000.31,-0018.22
+1581210519.04,+0024.41,-0013.67,+0006.84,-0004.44,-0012.48,+0019.45
+1581210519.05,-0005.86,-0009.77,+0000.00,-0014.09,+0001.07,-0010.34
+1581210519.05,-0039.06,-0014.65,-0001.95,+0013.48,-0009.49,-0004.98
+1581210519.06,+0014.65,+0000.98,+0003.91,-0011.56,+0004.36,-0027.33
+1581210519.06,+0003.91,-0013.67,+0004.88,+0005.90,+0001.45,-0024.19
+1581210519.07,+0001.95,-0013.67,+0001.95,+0006.51,+0016.61,-0031.47
+1581210519.07,-0018.55,-0000.98,+0002.93,-0006.74,-0016.61,+0005.21
+1581210519.08,+0007.81,-0007.81,+0002.93,-0007.27,+0011.56,-0024.12
+1581210519.08,-0000.98,-0005.86,+0005.86,-0003.45,+0002.91,+0000.92
+1581210519.09,+0004.88,-0006.84,+0004.88,-0001.91,+0000.23,-0008.19
+1581210519.09,-0006.84,-0005.86,+0003.91,+0001.61,+0002.83,-0010.18
+1581210519.10,-0004.88,-0000.98,+0004.88,+0003.75,-0000.23,-0012.02
+1581210519.10,+0001.95,-0000.98,+0006.84,+0001.15,-0001.61,-0011.33
+1581210519.11,+0004.88,-0001.95,+0008.79,+0003.98,-0000.54,-0010.41
+1581210519.11,+0000.00,+0000.00,+0007.81,-0000.61,-0002.76,-0007.66
+1581210519.12,+0001.95,+0000.98,+0007.81,-0001.07,-0001.84,-0008.88
+1581210519.12,+0002.93,+0000.98,+0007.81,+0000.46,-0000.54,-0007.27
+1581210519.13,+0003.91,+0001.95,+0008.79,+0001.99,+0000.23,-0007.66
+1581210519.13,+0002.93,+0002.93,+0008.79,-0000.69,-0000.69,-0005.05
+1581210519.14,+0001.95,+0004.88,+0009.77,-0001.15,-0000.08,-0006.51
+1581210519.14,+0002.93,+0005.86,+0009.77,+0000.31,+0000.46,-0007.66
+1581210519.15,+0001.95,+0005.86,+0010.74,+0000.15,-0000.61,-0008.04
+1581210519.15,-0002.93,+0007.81,+0009.77,+0002.91,+0000.84,-0012.56
+1581210519.16,-0003.91,+0008.79,+0010.74,+0001.91,-0000.69,-0012.79
+1581210519.16,-0001.95,+0008.79,+0010.74,+0000.23,-0001.99,-0011.48
+1581210519.17,-0003.91,+0009.77,+0010.74,+0000.84,-0000.23,-0009.88
+1581210519.17,-0004.88,+0011.72,+0010.74,-0001.23,-0000.23,-0008.19
+1581210519.18,-0005.86,+0011.72,+0009.77,-0001.68,-0000.61,-0008.35
+1581210519.18,-0004.88,+0010.74,+0008.79,-0001.61,+0000.31,-0009.11
+1581210519.19,-0005.86,+0011.72,+0007.81,-0001.99,+0000.38,-0009.65
+1581210519.19,-0007.81,+0012.70,+0006.84,-0002.45,+0000.46,-0010.34
+1581210519.20,-0006.84,+0012.70,+0005.86,-0002.30,-0001.61,-0010.41
+1581210519.20,-0006.84,+0012.70,+0004.88,-0000.69,-0001.30,-0010.87
+1581210519.21,-0006.84,+0012.70,+0002.93,-0001.15,-0001.23,-0011.03
+1581210519.21,-0005.86,+0013.67,+0001.95,-0000.61,-0002.45,-0011.48
+1581210519.22,-0006.84,+0012.70,+0000.00,-0001.53,-0002.99,-0009.72
+1581210519.22,-0003.91,+0012.70,-0000.98,-0002.60,-0001.53,-0009.26
+1581210519.23,-0004.88,+0013.67,-0001.95,-0002.68,-0002.22,-0008.80
+1581210519.23,-0003.91,+0013.67,-0002.93,-0002.83,+0000.38,-0008.50
+1581210519.24,-0003.91,+0012.70,-0003.91,-0002.45,+0001.61,-0008.65
+1581210519.24,-0006.84,+0012.70,-0005.86,-0001.23,-0000.69,-0010.57
+1581210519.25,-0004.88,+0012.70,-0006.84,-0001.38,-0000.08,-0012.40
+1581210519.25,-0005.86,+0011.72,-0008.79,-0001.53,-0001.38,-0012.40
+1581210519.26,-0003.91,+0010.74,-0009.77,-0001.91,-0002.37,-0011.18
+1581210519.26,-0002.93,+0010.74,-0010.74,-0002.68,-0001.15,-0009.65
+1581210519.27,-0004.88,+0010.74,-0012.70,-0003.37,-0000.46,-0009.19
+1581210519.27,-0003.91,+0009.77,-0014.65,-0003.06,-0001.23,-0010.95
+1581210519.28,-0001.95,+0008.79,-0015.62,-0002.30,+0001.45,-0008.80
+1581210519.28,-0001.95,+0008.79,-0016.60,-0003.90,-0000.08,-0010.34
+1581210519.29,+0000.00,+0007.81,-0017.58,-0003.68,-0001.68,-0010.18
+1581210519.29,+0000.00,+0006.84,-0019.53,-0001.15,-0001.15,-0009.49
+1581210519.30,+0000.98,+0005.86,-0021.48,-0002.53,-0001.15,-0009.88
+1581210519.30,+0000.00,+0004.88,-0022.46,-0002.30,-0002.37,-0011.03
+1581210519.31,+0001.95,+0003.91,-0023.44,-0004.06,-0001.99,-0011.33
+1581210519.31,+0002.93,+0002.93,-0024.41,-0002.91,+0000.46,-0011.71
+1581210519.32,-0000.98,+0001.95,-0025.39,-0003.37,+0001.84,-0010.64
+1581210519.32,+0001.95,+0000.98,-0026.37,-0002.68,-0000.61,-0011.56
+1581210519.33,+0001.95,-0000.98,-0027.34,-0002.60,-0000.23,-0011.25
+1581210519.33,+0000.98,-0001.95,-0028.32,-0001.68,-0002.30,-0008.73
+1581210519.34,+0000.00,-0002.93,-0029.30,-0001.61,-0000.46,-0008.19
+1581210519.34,+0000.00,-0004.88,-0030.27,-0002.07,-0000.77,-0006.58
+1581210519.35,-0001.95,-0006.84,-0031.25,-0001.84,+0001.91,-0007.50
+1581210519.35,-0004.88,-0007.81,-0031.25,-0002.83,+0002.30,-0006.97
+1581210519.36,-0004.88,-0008.79,-0031.25,-0001.38,+0001.23,-0009.95
+1581210519.36,-0008.79,-0010.74,-0032.23,-0000.61,+0002.37,-0011.03
+1581210519.37,-0006.84,-0011.72,-0031.25,-0001.38,-0000.38,-0011.94
+1581210519.37,-0005.86,-0012.70,-0031.25,-0000.38,+0000.31,-0013.48
+1581210519.38,-0007.81,-0013.67,-0032.23,-0001.61,-0000.61,-0011.56
+1581210519.38,-0004.88,-0013.67,-0031.25,-0002.37,-0000.23,-0008.50
+1581210519.39,-0005.86,-0016.60,-0032.23,-0002.07,-0000.38,-0006.51
+1581210519.39,-0003.91,-0017.58,-0032.23,-0003.22,+0000.77,-0006.43
+1581210519.40,-0003.91,-0018.55,-0033.20,-0001.07,-0001.38,-0007.73
+1581210519.40,-0001.95,-0020.51,-0032.23,-0000.31,-0001.99,-0008.35
+1581210519.41,+0000.00,-0021.48,-0033.20,-0001.30,-0002.30,-0008.88
+1581210519.41,-0002.93,-0021.48,-0032.23,-0001.07,-0002.68,-0009.88
+1581210519.42,-0002.93,-0022.46,-0033.20,-0001.23,+0000.31,-0010.80
+1581210519.42,-0003.91,-0022.46,-0032.23,+0001.76,+0000.46,-0011.10
+1581210519.43,-0004.88,-0021.48,-0030.27,+0001.38,-0000.23,-0011.87
+1581210519.43,-0004.88,-0020.51,-0028.32,+0000.61,-0001.00,-0013.02
+1581210519.44,-0005.86,-0019.53,-0027.34,+0000.54,-0001.84,-0010.87
+1581210519.44,-0001.95,-0018.55,-0025.39,+0000.38,-0003.68,-0011.48
+1581210519.45,-0003.91,-0017.58,-0024.41,+0001.38,+0000.92,-0009.80
+1581210519.45,-0004.88,-0015.62,-0022.46,+0000.77,-0001.61,-0008.19
+1581210519.46,-0001.95,-0014.65,-0020.51,+0000.54,+0000.84,-0007.27
+1581210519.46,+0000.98,-0014.65,-0019.53,+0003.45,-0001.00,-0007.50
+1581210519.47,-0002.93,-0012.70,-0017.58,+0001.61,+0000.77,-0010.26
+1581210519.47,-0000.98,-0009.77,-0015.62,+0003.45,-0004.82,-0012.71
+1581210519.48,+0005.86,-0009.77,-0012.70,+0001.91,-0002.45,-0011.71
+1581210519.48,+0003.91,-0008.79,-0011.72,+0001.76,-0001.23,-0011.03
+1581210519.49,+0000.00,-0006.84,-0010.74,+0001.30,+0000.54,-0012.94
+1581210519.49,+0000.00,-0005.86,-0008.79,+0003.68,-0002.30,-0012.63
+1581210519.50,+0007.81,-0004.88,-0005.86,+0003.90,-0001.68,-0010.64
+1581210519.50,+0005.86,-0004.88,-0002.93,+0004.36,-0001.68,-0008.12
+1581210519.51,+0000.98,-0003.91,-0000.98,+0002.07,-0000.92,-0008.65
+1581210519.51,+0000.98,-0002.93,+0000.98,+0002.91,-0002.37,-0009.95
+1581210519.52,+0006.84,-0002.93,+0002.93,+0003.45,+0000.84,-0009.34
+1581210519.52,+0002.93,-0001.95,+0005.86,+0002.30,-0002.68,-0010.57
+1581210519.53,+0001.95,-0000.98,+0007.81,+0003.22,-0001.68,-0012.02
+1581210519.53,+0003.91,-0000.98,+0007.81,+0000.61,-0001.00,-0011.41
+1581210519.53,+0004.88,-0000.98,+0007.81,+0004.36,-0000.61,-0011.18
+1581210519.54,+0000.00,+0000.00,+0009.77,+0003.68,-0001.15,-0010.87
+1581210519.54,+0002.93,+0000.98,+0011.72,+0003.06,-0003.06,-0009.19
+1581210519.55,+0003.91,+0000.00,+0012.70,+0004.13,+0000.31,-0008.42
+1581210519.55,+0001.95,+0001.95,+0014.65,+0001.99,-0000.46,-0006.28
+1581210519.56,-0000.98,+0001.95,+0015.62,+0001.84,+0000.92,-0010.41
+1581210519.56,+0000.00,+0002.93,+0016.60,+0002.91,+0000.46,-0010.49
+1581210519.57,+0000.98,+0003.91,+0017.58,+0003.06,+0001.68,-0012.56
+1581210519.57,+0004.88,+0002.93,+0019.53,-0001.07,+0002.30,-0008.80
+1581210519.58,-0004.88,+0002.93,+0018.55,+0002.45,+0003.14,-0017.07
+1581210519.58,-0005.86,+0005.86,+0020.51,+0000.77,-0002.99,-0010.64
+1581210519.59,+0004.88,+0005.86,+0021.48,+0000.38,+0002.45,-0008.19
+1581210519.59,-0001.95,+0003.91,+0022.46,+0004.06,+0001.68,-0007.35
+1581210519.60,-0006.84,+0006.84,+0022.46,+0002.53,-0003.83,-0006.74
+1581210519.60,-0000.98,+0005.86,+0023.44,+0001.61,-0000.69,-0010.26
+1581210519.61,+0001.95,+0007.81,+0024.41,+0003.22,+0001.00,-0008.73
+1581210519.61,+0000.00,+0007.81,+0025.39,+0002.91,-0001.00,-0009.19
+1581210519.62,-0002.93,+0007.81,+0026.37,+0003.60,-0000.15,-0012.02
+1581210519.62,-0002.93,+0008.79,+0027.34,+0001.61,-0002.60,-0010.34
+1581210519.63,+0004.88,+0009.77,+0028.32,+0001.00,+0001.23,-0009.72
+1581210519.63,-0000.98,+0008.79,+0028.32,+0002.76,+0000.92,-0011.18
+1581210519.64,-0001.95,+0010.74,+0029.30,+0001.91,-0000.84,-0009.57
+1581210519.64,+0000.98,+0010.74,+0029.30,+0003.29,-0002.53,-0012.25
+1581210519.65,+0003.91,+0012.70,+0031.25,+0002.60,-0000.31,-0008.50
+1581210519.65,+0002.93,+0011.72,+0031.25,+0001.84,-0001.30,-0012.25
+1581210519.66,+0001.95,+0012.70,+0032.23,+0002.68,+0000.00,-0007.27
+1581210519.66,+0000.98,+0014.65,+0032.23,+0001.91,-0001.76,-0006.74
+1581210519.67,+0004.88,+0013.67,+0033.20,+0001.91,+0000.38,-0010.41
+1581210519.67,+0001.95,+0013.67,+0033.20,+0003.06,-0001.15,-0008.19
+1581210519.68,-0001.95,+0015.62,+0034.18,+0000.54,-0005.67,-0001.91
+1581210519.68,+0008.79,+0013.67,+0034.18,+0001.91,+0003.52,-0009.65
+1581210519.69,-0001.95,+0011.72,+0032.23,+0000.84,+0004.13,-0013.32
+1581210519.69,-0002.93,+0015.62,+0032.23,+0000.38,-0003.06,-0014.01
+1581210519.70,+0009.77,+0013.67,+0032.23,-0000.54,+0002.07,-0012.17
+1581210519.70,-0002.93,+0011.72,+0033.20,+0005.67,+0001.07,-0012.94
+1581210519.71,-0002.93,+0015.62,+0033.20,-0001.15,-0001.68,-0008.73
+1581210519.71,-0000.98,+0013.67,+0032.23,+0001.76,+0000.00,-0011.64
+1581210519.72,+0003.91,+0013.67,+0032.23,+0000.15,+0000.08,-0010.03
+1581210519.72,+0001.95,+0013.67,+0030.27,-0001.15,-0000.46,-0008.73
+1581210519.73,+0000.00,+0012.70,+0028.32,-0001.68,+0001.23,-0008.58
+1581210519.73,+0000.00,+0011.72,+0026.37,-0001.38,+0000.61,-0010.87
+1581210519.74,+0003.91,+0012.70,+0026.37,-0000.15,-0002.07,-0009.34
+1581210519.74,+0003.91,+0010.74,+0024.41,-0001.07,+0001.45,-0007.96
+1581210519.75,+0001.95,+0009.77,+0022.46,-0002.45,+0000.54,-0008.50
+1581210519.75,+0000.00,+0009.77,+0020.51,-0000.92,-0000.46,-0011.25
+1581210519.76,+0001.95,+0007.81,+0019.53,-0002.30,+0001.00,-0009.80
+1581210519.76,+0001.95,+0006.84,+0017.58,-0002.53,+0001.99,-0009.19
+1581210519.77,-0001.95,+0004.88,+0015.62,-0001.15,+0000.15,-0009.49
+1581210519.77,-0002.93,+0004.88,+0013.67,-0000.46,-0001.61,-0009.49
+1581210519.78,-0000.98,+0001.95,+0010.74,-0001.76,+0000.23,-0009.88
+1581210519.78,-0001.95,+0000.00,+0009.77,-0001.15,+0001.76,-0007.89
+1581210519.79,-0004.88,-0000.98,+0006.84,-0002.07,+0001.07,-0010.18
+1581210519.79,-0006.84,-0002.93,+0004.88,-0001.68,+0000.00,-0009.49
+1581210519.80,-0004.88,-0004.88,+0002.93,-0002.83,+0001.30,-0010.11
+1581210519.80,-0002.93,-0007.81,+0001.95,-0001.45,+0000.61,-0010.49
+1581210519.81,-0004.88,-0008.79,+0000.00,-0001.38,-0001.45,-0010.11
+1581210519.81,-0003.91,-0010.74,-0001.95,-0002.60,+0000.61,-0009.72
+1581210519.82,-0005.86,-0012.70,-0003.91,-0001.30,+0001.00,-0011.10
+1581210519.82,-0003.91,-0012.70,-0004.88,-0001.00,-0000.61,-0010.41
+1581210519.83,-0004.88,-0013.67,-0005.86,-0001.99,-0000.84,-0010.18
+1581210519.83,-0002.93,-0014.65,-0006.84,-0001.53,-0000.15,-0008.50
+1581210519.84,-0001.95,-0015.62,-0007.81,-0001.76,+0000.31,-0010.26
+1581210519.84,-0001.95,-0015.62,-0008.79,-0000.38,-0001.07,-0010.72
+1581210519.85,-0001.95,-0015.62,-0009.77,-0000.46,-0000.84,-0011.03
+1581210519.85,-0001.95,-0014.65,-0008.79,+0000.54,-0000.46,-0011.41
+1581210519.86,-0001.95,-0012.70,-0008.79,+0000.84,-0001.68,-0011.10
+1581210519.86,+0000.98,-0012.70,-0007.81,+0000.46,+0000.08,-0011.18
+1581210519.87,+0000.98,-0011.72,-0007.81,+0001.45,-0000.23,-0010.57
+1581210519.87,+0000.00,-0009.77,-0006.84,+0001.38,-0001.61,-0009.49
+1581210519.88,+0001.95,-0008.79,-0005.86,+0001.91,-0002.07,-0009.65
+1581210519.88,+0000.98,-0006.84,-0004.88,+0001.00,-0000.08,-0010.72
+1581210519.89,+0000.98,-0004.88,-0002.93,+0002.53,+0000.46,-0011.10
+1581210519.89,+0000.98,-0001.95,-0001.95,+0001.84,-0000.23,-0011.25
+1581210519.90,+0000.98,+0000.00,+0000.00,+0004.44,+0000.08,-0012.17
+1581210519.90,+0000.98,+0002.93,+0002.93,+0002.60,-0001.00,-0011.56
+1581210519.91,+0002.93,+0004.88,+0004.88,+0004.13,-0001.00,-0010.72
+1581210519.91,+0001.95,+0006.84,+0006.84,+0002.22,+0000.46,-0009.34
+1581210519.92,+0002.93,+0009.77,+0008.79,+0002.76,+0000.46,-0008.42
+1581210519.92,+0003.91,+0010.74,+0010.74,+0002.99,+0001.07,-0008.65
+1581210519.93,+0003.91,+0012.70,+0012.70,+0004.21,-0003.29,-0007.35
+1581210519.93,+0003.91,+0014.65,+0013.67,+0002.83,-0001.00,-0007.04
+1581210519.94,+0004.88,+0015.62,+0016.60,+0002.60,+0001.45,-0008.80
+1581210519.94,+0002.93,+0017.58,+0018.55,+0004.75,-0000.46,-0009.72
+1581210519.95,+0004.88,+0018.55,+0020.51,+0002.91,+0000.00,-0011.10
+1581210519.95,+0000.98,+0020.51,+0021.48,+0005.05,+0000.23,-0010.57
+1581210519.96,+0001.95,+0022.46,+0023.44,+0003.37,+0000.15,-0009.80
+1581210519.96,+0000.00,+0023.44,+0025.39,+0002.45,+0000.61,-0010.41
+1581210519.97,+0000.98,+0023.44,+0025.39,+0001.38,+0001.45,-0011.79
+1581210519.97,+0000.98,+0023.44,+0026.37,+0001.45,+0000.08,-0007.81
+1581210519.98,-0000.98,+0024.41,+0026.37,+0002.14,-0000.08,-0004.75
+1581210519.98,-0007.81,+0025.39,+0025.39,-0000.15,-0002.76,-0001.53
+1581210519.99,-0003.91,+0024.41,+0025.39,+0000.00,+0001.15,-0007.66
+1581210519.99,-0002.93,+0022.46,+0024.41,+0001.76,-0000.46,-0014.09
+1581210520.00,-0001.95,+0023.44,+0024.41,+0002.22,+0000.77,-0016.00
+1581210520.00,-0005.86,+0024.41,+0025.39,+0001.07,-0002.53,-0013.09
+1581210520.01,-0002.93,+0024.41,+0024.41,-0000.23,-0000.77,-0013.09
+1581210520.01,+0001.95,+0024.41,+0023.44,+0000.08,-0002.45,-0008.35
+1581210520.02,+0002.93,+0023.44,+0021.48,-0001.00,+0000.54,-0007.89
+1581210520.02,+0000.00,+0023.44,+0020.51,-0002.14,-0000.54,-0008.96
+1581210520.03,+0000.98,+0023.44,+0017.58,-0000.77,-0001.91,-0008.19
+1581210520.03,+0005.86,+0022.46,+0016.60,-0001.45,+0000.00,-0009.19
+1581210520.04,+0001.95,+0021.48,+0015.62,+0000.84,-0001.84,-0009.19
+1581210520.04,+0002.93,+0021.48,+0014.65,-0000.77,-0000.15,-0012.25
+1581210520.05,+0001.95,+0020.51,+0012.70,-0000.92,+0002.14,-0012.17
+1581210520.05,+0003.91,+0020.51,+0011.72,-0002.30,+0000.54,-0012.25
+1581210520.06,+0000.98,+0018.55,+0009.77,-0001.23,-0001.00,-0010.34
+1581210520.06,+0000.00,+0018.55,+0007.81,-0002.14,+0000.84,-0010.03
+1581210520.07,-0003.91,+0017.58,+0005.86,-0002.14,+0001.91,-0007.12
+1581210520.07,+0000.00,+0015.62,+0004.88,-0001.76,+0001.00,-0007.43
+1581210520.08,-0003.91,+0013.67,+0001.95,-0002.07,+0000.54,-0010.03
+1581210520.08,-0003.91,+0012.70,+0000.98,-0000.84,-0001.30,-0010.95
+1581210520.09,-0000.98,+0011.72,-0000.98,-0003.98,-0000.61,-0011.18
+1581210520.09,-0000.98,+0009.77,-0003.91,-0000.31,-0001.38,-0009.80
+1581210520.10,-0003.91,+0009.77,-0005.86,-0002.07,+0000.61,-0012.71
+1581210520.10,-0002.93,+0008.79,-0007.81,-0003.29,-0002.30,-0013.32
+1581210520.11,+0002.93,+0007.81,-0008.79,-0003.29,-0001.38,-0010.64
+1581210520.11,+0001.95,+0006.84,-0010.74,-0002.68,-0001.61,-0008.96
+1581210520.12,+0000.00,+0006.84,-0012.70,-0001.91,-0002.14,-0009.72
+1581210520.12,+0000.98,+0004.88,-0014.65,-0001.15,-0001.30,-0008.65
+1581210520.13,+0004.88,+0003.91,-0015.62,-0002.91,+0001.30,-0011.10
+1581210520.13,+0000.98,+0003.91,-0016.60,-0002.45,-0001.68,-0010.26
+1581210520.14,+0003.91,+0002.93,-0017.58,-0000.15,+0000.77,-0011.25
+1581210520.14,+0001.95,+0001.95,-0019.53,-0002.30,-0000.84,-0011.79
+1581210520.15,+0003.91,+0001.95,-0019.53,-0001.53,-0001.15,-0010.11
+1581210520.15,+0001.95,+0000.98,-0021.48,-0001.91,+0000.23,-0010.64
+1581210520.16,+0000.98,+0000.00,-0022.46,-0001.00,-0000.54,-0007.96
+1581210520.16,+0001.95,-0000.98,-0022.46,-0001.07,-0001.76,-0007.27
+1581210520.17,+0000.98,-0001.95,-0023.44,-0001.23,+0000.23,-0004.82
+1581210520.17,-0001.95,-0001.95,-0024.41,-0001.30,+0000.46,-0009.11
+1581210520.18,-0000.98,-0002.93,-0024.41,-0000.84,-0001.45,-0008.50
+1581210520.18,+0003.91,-0003.91,-0024.41,-0001.61,-0001.84,-0006.28
+1581210520.19,-0002.93,-0003.91,-0025.39,+0000.46,-0002.53,-0011.10
+1581210520.19,-0006.84,-0003.91,-0025.39,-0000.54,-0001.30,-0012.25
+1581210520.20,+0000.00,-0003.91,-0025.39,-0000.92,-0001.15,-0011.94
+1581210520.20,-0002.93,-0004.88,-0024.41,-0001.23,+0001.00,-0007.12
+1581210520.21,-0004.88,-0004.88,-0025.39,-0000.84,+0000.54,-0010.18
+1581210520.21,-0011.72,-0004.88,-0026.37,-0000.08,+0001.38,-0014.09
+1581210520.22,-0009.77,-0003.91,-0025.39,+0001.23,+0000.31,-0018.15
+1581210520.22,+0003.91,-0003.91,-0022.46,-0002.53,-0010.87,-0001.23
+1581210520.23,+0030.27,-0007.81,-0021.48,+0001.91,-0000.54,+0022.74
+1581210520.23,-0019.53,-0007.81,-0030.27,+0001.45,+0021.51,-0026.49
+1581210520.24,-0038.09,-0004.88,-0028.32,+0014.39,+0001.15,-0020.52
+1581210520.24,+0019.53,+0000.00,-0026.37,-0007.66,-0010.18,-0027.41
+1581210520.25,+0019.53,-0014.65,-0025.39,+0001.84,+0005.97,+0003.29
+1581210520.25,-0005.86,-0004.88,-0024.41,+0000.00,+0004.06,-0010.41
+1581210520.26,-0013.67,-0003.91,-0025.39,+0000.92,-0001.76,-0015.01
+1581210520.26,+0005.86,-0008.79,-0025.39,+0000.92,-0003.14,-0012.71
+1581210520.27,+0013.67,-0010.74,-0024.41,-0001.15,+0000.54,-0005.36
+1581210520.27,-0000.98,-0005.86,-0023.44,-0001.23,+0000.00,-0008.80
+1581210520.28,-0007.81,-0006.84,-0024.41,-0001.45,-0000.54,-0013.25
+1581210520.28,+0005.86,-0010.74,-0023.44,-0000.08,-0000.61,-0012.25
+1581210520.29,+0010.74,-0010.74,-0022.46,-0000.23,+0001.00,-0009.72
+1581210520.29,+0001.95,-0007.81,-0022.46,-0003.29,-0000.08,-0009.80
+1581210520.30,+0001.95,-0009.77,-0023.44,-0001.30,-0001.99,-0014.16
+1581210520.30,+0006.84,-0011.72,-0022.46,-0000.46,-0001.07,-0013.40
+1581210520.31,+0011.72,-0009.77,-0021.48,+0000.00,+0000.38,-0009.19
+1581210520.31,+0004.88,-0009.77,-0022.46,-0000.61,-0000.92,-0008.19
+1581210520.32,+0001.95,-0009.77,-0022.46,+0000.38,-0002.53,-0008.58
+1581210520.32,+0006.84,-0010.74,-0021.48,+0001.07,-0000.92,-0011.10
+1581210520.33,+0005.86,-0009.77,-0021.48,+0000.69,-0000.15,-0007.96
+1581210520.33,+0004.88,-0009.77,-0020.51,+0000.38,-0000.69,-0010.26
+1581210520.34,+0001.95,-0010.74,-0020.51,+0001.91,-0001.91,-0010.87
+1581210520.34,+0003.91,-0009.77,-0020.51,+0002.53,-0000.08,-0014.24
+1581210520.35,+0000.98,-0008.79,-0020.51,-0000.54,-0000.46,-0013.17
+1581210520.35,+0006.84,-0008.79,-0019.53,+0001.15,-0002.76,-0007.66
+1581210520.36,+0005.86,-0009.77,-0018.55,-0000.69,-0000.54,-0007.27
+1581210520.36,-0000.98,-0008.79,-0018.55,-0001.00,-0003.45,-0006.89
+1581210520.37,-0000.98,-0008.79,-0018.55,-0000.38,-0000.77,-0008.58
+1581210520.37,+0005.86,-0009.77,-0017.58,-0000.31,+0000.61,-0007.89
+1581210520.38,+0001.95,-0009.77,-0017.58,-0001.00,+0000.00,-0008.35
+1581210520.38,-0000.98,-0009.77,-0017.58,-0000.61,-0001.53,-0010.49
+1581210520.39,-0001.95,-0009.77,-0017.58,+0000.46,-0001.91,-0012.40
+1581210520.39,+0001.95,-0008.79,-0016.60,+0001.61,+0000.31,-0013.48
+1581210520.40,+0000.98,-0008.79,-0015.62,+0000.77,-0000.31,-0009.95
+1581210520.40,-0000.98,-0007.81,-0014.65,+0001.07,-0001.45,-0007.66
+1581210520.41,-0000.98,-0008.79,-0014.65,+0000.23,-0004.44,-0006.74
+1581210520.41,+0000.98,-0008.79,-0014.65,-0000.54,+0000.69,-0009.11
+1581210520.42,-0000.98,-0008.79,-0014.65,+0001.84,-0002.45,-0009.95
+1581210520.42,+0002.93,-0007.81,-0013.67,-0000.31,-0001.07,-0011.48
+1581210520.43,+0001.95,-0009.77,-0013.67,+0000.54,-0004.21,-0010.03
+1581210520.43,+0003.91,-0008.79,-0013.67,+0000.08,-0000.23,-0011.18
+1581210520.44,-0002.93,-0008.79,-0013.67,+0000.00,-0002.22,-0011.71
+1581210520.44,+0002.93,-0008.79,-0013.67,+0000.69,-0001.61,-0011.71
+1581210520.45,+0003.91,-0009.77,-0012.70,+0000.08,+0000.08,-0012.56
+1581210520.45,-0000.98,-0008.79,-0012.70,+0000.61,-0000.31,-0011.71
+1581210520.46,-0001.95,-0008.79,-0011.72,+0000.31,-0000.61,-0012.33
+1581210520.46,+0000.98,-0008.79,-0011.72,+0002.53,-0000.54,-0012.86
+1581210520.47,+0004.88,-0007.81,-0010.74,+0000.08,-0000.15,-0007.73
+1581210520.47,-0001.95,-0007.81,-0010.74,-0000.84,+0002.14,-0009.95
+1581210520.48,-0001.95,-0007.81,-0010.74,+0001.45,-0002.07,-0009.19
+1581210520.48,+0002.93,-0007.81,-0010.74,+0000.54,-0001.30,-0009.80
+1581210520.49,+0001.95,-0007.81,-0009.77,+0000.38,+0000.54,-0010.11
+1581210520.49,-0002.93,-0006.84,-0010.74,+0000.00,-0000.38,-0010.87
+1581210520.50,+0000.00,-0007.81,-0010.74,-0000.23,-0001.99,-0012.10
+1581210520.50,+0003.91,-0008.79,-0009.77,+0002.37,-0001.07,-0009.95
+1581210520.51,+0000.00,-0006.84,-0009.77,+0001.15,-0000.15,-0010.26
+1581210520.51,-0003.91,-0007.81,-0009.77,+0000.69,+0000.54,-0011.79
+1581210520.52,+0000.00,-0006.84,-0009.77,+0000.23,-0000.31,-0009.88
+1581210520.52,+0001.95,-0006.84,-0008.79,+0002.83,-0000.77,-0009.95
+1581210520.53,-0003.91,-0006.84,-0008.79,-0001.38,+0001.15,-0009.11
+1581210520.53,-0004.88,-0006.84,-0007.81,+0001.23,+0001.00,-0011.64
+1581210520.54,-0002.93,-0006.84,-0007.81,+0001.45,-0001.30,-0009.34
+1581210520.54,+0001.95,-0006.84,-0007.81,+0001.15,-0000.15,-0010.03
+1581210520.55,-0003.91,-0006.84,-0007.81,-0001.45,-0001.07,-0009.49
+1581210520.55,-0000.98,-0006.84,-0007.81,-0000.92,-0000.38,-0009.03
+1581210520.56,+0000.98,-0008.79,-0008.79,+0000.00,-0002.30,-0008.42
+1581210520.56,+0003.91,-0006.84,-0007.81,+0000.46,-0000.54,-0006.35
+1581210520.57,-0001.95,-0006.84,-0007.81,-0001.38,-0002.37,-0007.12
+1581210520.57,-0001.95,-0006.84,-0007.81,-0000.77,-0000.23,-0008.50
+1581210520.58,+0001.95,-0006.84,-0006.84,+0002.53,-0000.23,-0009.34
+1581210520.58,-0000.98,-0006.84,-0006.84,-0001.23,+0000.31,-0010.57
+1581210520.59,-0002.93,-0006.84,-0006.84,+0001.23,-0000.15,-0012.25
+1581210520.59,-0002.93,-0006.84,-0006.84,-0001.61,+0000.77,-0009.65
+1581210520.60,-0000.98,-0007.81,-0006.84,+0001.91,-0000.31,-0007.43
+1581210520.60,-0004.88,-0006.84,-0006.84,-0000.38,+0001.07,-0007.96
+1581210520.61,-0006.84,-0005.86,-0005.86,+0000.23,+0000.84,-0007.81
+1581210520.61,-0007.81,-0006.84,-0006.84,-0001.76,+0002.22,-0010.64
+1581210520.62,-0005.86,-0006.84,-0006.84,+0000.15,+0000.15,-0011.03
+1581210520.62,-0005.86,-0006.84,-0005.86,+0000.77,+0000.08,-0012.40
+1581210520.63,-0007.81,-0006.84,-0005.86,+0000.38,+0001.07,-0012.40
+1581210520.63,-0010.74,-0004.88,-0006.84,+0000.08,-0001.76,-0011.71
+1581210520.64,-0000.98,-0005.86,-0006.84,+0000.31,-0003.37,-0009.95
+1581210520.64,-0000.98,-0007.81,-0007.81,+0001.07,+0000.08,-0010.18
+1581210520.65,-0009.77,-0004.88,-0007.81,-0001.30,-0002.68,-0010.26
+1581210520.65,-0002.93,-0004.88,-0007.81,+0000.54,-0000.61,-0011.56
+1581210520.66,-0000.98,-0006.84,-0007.81,+0001.84,-0000.77,-0010.49
+1581210520.66,-0000.98,-0003.91,-0006.84,-0001.15,-0002.30,-0008.42
+1581210520.67,-0000.98,-0003.91,-0007.81,+0000.69,-0000.54,-0009.49
+1581210520.67,-0002.93,-0004.88,-0007.81,+0000.08,+0002.91,-0009.34
+1581210520.68,-0002.93,-0002.93,-0007.81,-0001.53,+0000.77,-0012.10
+1581210520.68,+0000.98,-0002.93,-0007.81,+0000.54,-0000.23,-0009.95
+1581210520.69,-0000.98,-0003.91,-0007.81,+0000.38,+0001.61,-0009.88
+1581210520.69,-0002.93,-0001.95,-0007.81,+0000.31,-0000.61,-0011.18
+1581210520.70,-0001.95,-0001.95,-0007.81,-0001.38,+0000.00,-0009.80
+1581210520.70,+0002.93,-0001.95,-0007.81,+0000.69,+0001.23,-0011.94
+1581210520.71,-0002.93,-0000.98,-0007.81,-0000.69,+0000.84,-0011.56
+1581210520.71,+0000.00,-0000.98,-0007.81,-0000.92,+0002.22,-0009.42
+1581210520.72,+0001.95,-0000.98,-0008.79,-0000.77,-0000.08,-0009.72
+1581210520.72,+0001.95,+0000.00,-0008.79,-0000.15,+0000.54,-0009.03
+1581210520.73,+0000.98,+0000.00,-0008.79,+0000.54,-0000.08,-0011.03
+1581210520.73,+0002.93,+0000.00,-0008.79,-0000.23,-0001.99,-0008.88
+1581210520.74,+0004.88,+0000.00,-0009.77,-0001.07,+0002.60,-0009.49
+1581210520.74,+0001.95,+0000.00,-0008.79,-0001.30,-0000.38,-0011.41
+1581210520.75,+0001.95,+0000.00,-0009.77,-0000.38,+0001.30,-0011.25
+1581210520.75,+0003.91,+0000.00,-0009.77,-0001.15,-0001.45,-0010.64
+1581210520.76,+0002.93,+0000.98,-0010.74,-0000.61,+0000.08,-0006.51
+1581210520.76,+0001.95,+0000.98,-0010.74,-0000.38,-0000.15,-0006.28
+1581210520.77,-0000.98,+0000.98,-0010.74,+0000.31,+0000.69,-0005.13
+1581210520.77,+0000.00,+0000.98,-0010.74,-0000.92,+0001.23,-0007.20
+1581210520.78,-0003.91,+0000.98,-0010.74,+0000.46,+0001.61,-0007.96
+1581210520.78,-0004.88,+0001.95,-0010.74,+0000.23,+0001.38,-0011.18
+1581210520.79,-0003.91,+0000.98,-0010.74,-0000.23,+0001.84,-0013.55
+1581210520.79,-0005.86,+0000.98,-0010.74,-0000.46,+0001.45,-0013.70
+1581210520.80,-0006.84,+0001.95,-0010.74,+0000.00,+0000.69,-0011.64
+1581210520.80,-0006.84,+0000.98,-0010.74,-0001.38,+0000.15,-0010.49
+1581210520.81,-0005.86,+0000.98,-0010.74,-0000.69,-0000.08,-0008.80
+1581210520.81,-0002.93,+0000.98,-0011.72,-0001.30,+0001.23,-0006.97
+1581210520.82,-0003.91,+0000.00,-0011.72,+0000.46,-0000.15,-0009.19
+1581210520.82,-0003.91,+0000.00,-0011.72,+0000.08,-0001.45,-0008.88
+1581210520.83,-0001.95,-0000.98,-0012.70,-0001.38,-0001.30,-0008.12
+1581210520.83,-0000.98,-0001.95,-0012.70,+0000.23,+0000.69,-0010.57
+1581210520.84,-0001.95,-0000.98,-0012.70,-0000.54,-0001.68,-0009.42
+1581210520.84,+0000.98,-0001.95,-0011.72,-0000.23,+0000.54,-0009.72
+1581210520.85,+0000.00,-0002.93,-0011.72,+0001.84,-0001.61,-0011.48
+1581210520.85,-0002.93,-0000.98,-0012.70,+0000.69,-0002.45,-0013.17
+1581210520.86,+0000.00,-0001.95,-0010.74,-0000.61,-0001.76,-0011.56
+1581210520.86,+0001.95,-0002.93,-0010.74,-0000.31,+0003.45,-0010.80
+1581210520.87,-0004.88,-0000.98,-0010.74,-0000.54,+0002.14,-0011.71
+1581210520.87,+0001.95,-0000.98,-0009.77,-0001.38,-0005.05,-0001.99
+1581210520.88,+0007.81,-0004.88,-0009.77,-0000.31,+0007.20,-0008.73
+1581210520.88,-0012.70,-0001.95,-0010.74,+0000.31,-0001.07,-0011.87
+1581210520.89,+0001.95,-0000.98,-0009.77,+0001.00,+0002.22,-0010.41
+1581210520.89,+0002.93,-0005.86,-0009.77,-0002.83,+0004.36,-0014.78
+1581210520.90,-0005.86,-0001.95,-0008.79,+0004.52,-0003.06,-0007.73
+1581210520.90,-0000.98,-0002.93,-0009.77,-0004.06,+0002.14,-0013.55
+1581210520.91,-0002.93,-0004.88,-0008.79,+0000.61,-0002.53,-0010.49
+1581210520.91,+0000.98,-0002.93,-0008.79,-0002.07,+0001.76,-0012.25
+1581210520.92,-0001.95,-0003.91,-0007.81,-0000.38,-0000.77,-0010.49
+1581210520.92,-0000.98,-0003.91,-0008.79,+0000.38,+0000.38,-0009.88
+1581210520.93,+0000.00,-0004.88,-0007.81,+0000.54,-0002.22,-0008.50
+1581210520.93,+0001.95,-0004.88,-0007.81,-0000.31,-0001.07,-0007.35
+1581210520.94,-0001.95,-0004.88,-0008.79,+0000.31,+0000.69,-0010.11
+1581210520.94,-0001.95,-0004.88,-0008.79,+0001.45,-0000.54,-0011.41
+1581210520.95,+0002.93,-0005.86,-0008.79,-0000.77,-0000.54,-0012.94
+1581210520.95,+0002.93,-0006.84,-0007.81,+0001.91,-0000.92,-0010.41
+1581210520.96,+0000.98,-0005.86,-0008.79,-0000.92,-0002.76,-0010.57
+1581210520.96,+0000.00,-0006.84,-0007.81,+0001.15,-0001.45,-0009.49
+1581210520.97,+0000.98,-0006.84,-0007.81,-0000.69,-0000.08,-0008.04
+1581210520.97,+0002.93,-0006.84,-0006.84,+0001.38,-0000.38,-0008.12
+1581210520.98,-0001.95,-0006.84,-0006.84,-0000.08,-0000.54,-0009.80
+1581210520.98,-0000.98,-0007.81,-0006.84,+0000.38,+0000.00,-0009.57
+1581210520.99,-0000.98,-0008.79,-0006.84,+0001.30,-0001.53,-0010.34
+1581210520.99,-0001.95,-0007.81,-0005.86,-0000.54,-0000.69,-0010.57
+1581210521.00,-0003.91,-0008.79,-0005.86,+0001.99,+0000.38,-0011.10
+1581210521.00,-0001.95,-0007.81,-0005.86,+0000.00,-0001.00,-0010.03
+1581210521.01,-0002.93,-0008.79,-0005.86,-0000.08,-0000.31,-0008.42
+1581210521.01,-0003.91,-0008.79,-0004.88,+0000.15,-0002.60,-0008.58
+1581210521.02,-0001.95,-0009.77,-0005.86,+0000.15,-0001.53,-0008.65
+1581210521.02,-0001.95,-0010.74,-0004.88,-0000.31,-0001.91,-0011.18
+1581210521.03,-0001.95,-0009.77,-0004.88,+0001.00,-0002.30,-0009.72
+1581210521.03,-0000.98,-0009.77,-0004.88,+0000.08,-0001.23,-0010.87
+1581210521.04,-0000.98,-0009.77,-0004.88,+0001.30,-0001.07,-0010.49
+1581210521.04,-0001.95,-0008.79,-0004.88,+0000.84,-0002.37,-0010.11
+1581210521.05,-0000.98,-0008.79,-0002.93,+0000.08,-0001.30,-0011.33
+1581210521.05,+0000.00,-0008.79,-0002.93,+0000.23,-0000.08,-0011.41
+1581210521.06,+0001.95,-0007.81,-0001.95,-0000.38,-0000.15,-0010.72
+1581210521.06,+0000.98,-0007.81,-0001.95,+0000.61,-0001.53,-0009.65
+1581210521.07,+0001.95,-0005.86,-0000.98,+0000.46,-0000.46,-0009.65
+1581210521.07,+0000.98,-0005.86,-0000.98,+0000.23,-0001.76,-0008.27
+1581210521.08,+0004.88,-0005.86,+0000.00,-0000.08,-0000.54,-0006.35
+1581210521.08,+0002.93,-0006.84,+0000.00,+0000.92,+0001.68,-0007.89
+1581210521.09,-0001.95,-0004.88,+0000.00,+0001.61,-0000.77,-0010.49
+1581210521.09,-0000.98,-0003.91,+0000.98,+0001.30,-0002.14,-0012.33
+1581210521.10,+0004.88,-0003.91,+0001.95,+0000.92,+0001.07,-0013.55
+1581210521.10,+0000.98,-0003.91,+0001.95,-0000.23,-0000.23,-0012.17
+1581210521.11,+0001.95,-0001.95,+0002.93,+0000.46,-0001.53,-0012.48
+1581210521.11,+0001.95,-0002.93,+0002.93,+0001.68,-0002.76,-0012.48
+1581210521.12,+0006.84,-0001.95,+0002.93,+0000.61,+0001.00,-0010.18
+1581210521.12,+0001.95,-0000.98,+0002.93,-0000.15,-0001.99,-0009.34
+1581210521.13,+0005.86,+0000.00,+0002.93,+0000.46,-0001.15,-0007.43
+1581210521.13,+0007.81,+0000.00,+0002.93,+0000.31,-0001.23,-0006.43
+1581210521.14,+0002.93,+0000.98,+0002.93,-0001.07,+0000.23,-0010.57
+1581210521.15,+0003.91,+0000.98,+0002.93,+0002.68,-0000.69,-0011.10
+1581210521.15,+0003.91,+0000.98,+0003.91,+0002.60,-0002.68,-0012.48
+1581210521.16,+0004.88,+0001.95,+0003.91,-0001.23,+0000.92,-0013.02
+1581210521.16,+0003.91,+0001.95,+0003.91,-0000.54,-0000.31,-0013.32
+1581210521.17,+0002.93,+0002.93,+0003.91,+0000.46,-0001.68,-0007.73
+1581210521.17,+0000.98,+0002.93,+0003.91,-0000.15,-0000.31,-0007.50
+1581210521.18,+0005.86,+0002.93,+0003.91,+0000.69,+0000.69,-0013.63
+1581210521.18,+0006.84,+0001.95,+0003.91,-0000.08,+0001.00,-0012.94
+1581210521.19,+0010.74,+0002.93,+0002.93,-0000.08,-0000.23,-0014.85
+1581210521.19,+0004.88,+0002.93,+0001.95,-0001.30,-0002.60,-0010.26
+1581210521.20,+0005.86,+0003.91,+0001.95,+0000.08,-0002.60,-0006.05
+1581210521.20,+0007.81,+0002.93,+0000.98,+0000.84,-0000.54,-0003.68
+1581210521.21,+0005.86,+0001.95,+0000.98,-0001.00,+0000.92,-0002.45
+1581210521.21,+0003.91,+0000.00,+0000.98,+0001.15,+0000.46,-0004.59
+1581210521.22,+0000.00,-0000.98,+0000.00,-0001.68,+0000.00,-0005.74
+1581210521.22,+0000.00,+0000.98,+0000.98,+0000.00,+0000.38,-0014.16
+1581210521.23,+0000.98,+0000.98,+0001.95,+0001.53,-0001.15,-0013.93
+1581210521.23,+0003.91,+0000.98,+0002.93,-0000.23,+0001.23,-0012.86
+1581210521.24,-0000.98,+0000.00,+0001.95,+0000.69,+0001.00,-0009.34
+1581210521.24,-0004.88,+0000.98,+0001.95,-0001.38,-0002.45,-0009.11
+1581210521.25,-0003.91,+0000.00,+0000.98,+0000.15,-0000.38,-0007.96
+1581210521.25,-0001.95,+0000.00,+0000.00,-0001.38,+0001.91,-0009.57
+1581210521.26,-0007.81,+0000.00,-0000.98,-0001.07,-0000.15,-0009.11
+1581210521.26,-0003.91,+0000.00,-0000.98,+0000.38,-0002.53,-0011.41
+1581210521.27,-0003.91,-0000.98,-0000.98,-0001.23,-0000.46,-0008.88
+1581210521.27,-0001.95,+0000.00,-0000.98,-0000.23,+0001.61,-0010.41
+1581210521.28,-0008.79,+0000.00,-0000.98,+0000.54,-0002.14,-0009.49
+1581210521.28,-0002.93,+0000.00,-0000.98,+0000.38,-0000.77,-0009.11
+1581210521.29,-0003.91,-0001.95,-0000.98,+0000.00,+0000.92,-0011.18
+1581210521.29,-0006.84,+0000.00,-0000.98,+0001.15,-0001.99,-0010.03
+1581210521.30,-0004.88,+0000.00,-0000.98,-0001.45,+0001.15,-0012.17
+1581210521.30,-0000.98,-0000.98,+0000.00,-0001.30,-0001.53,-0009.65
+1581210521.31,-0002.93,-0000.98,-0000.98,+0000.92,-0001.61,-0009.72
+1581210521.31,-0001.95,+0000.00,+0000.00,-0000.69,-0001.23,-0009.88
+1581210521.32,-0002.93,-0000.98,-0000.98,-0000.15,-0000.84,-0010.95
+1581210521.32,+0000.00,+0000.00,+0000.00,-0000.38,+0000.84,-0010.57
+1581210521.33,+0000.98,+0000.00,+0000.00,+0000.08,+0000.15,-0007.73
+1581210521.33,+0000.98,+0000.00,+0000.98,+0000.77,-0001.76,-0009.34
+1581210521.34,-0002.93,+0000.98,+0000.00,+0000.46,+0000.08,-0011.48
+1581210521.34,+0001.95,+0000.98,+0000.98,+0000.92,+0000.92,-0012.25
+1581210521.35,+0000.00,+0000.98,+0001.95,-0000.46,+0001.76,-0011.25
+1581210521.35,-0002.93,+0000.98,+0002.93,+0000.77,-0000.46,-0011.10
+1581210521.36,-0002.93,+0001.95,+0001.95,+0000.23,-0001.91,-0011.41
+1581210521.36,+0000.98,+0000.98,+0002.93,+0002.83,-0002.37,-0009.19
+1581210521.37,+0000.98,+0000.98,+0002.93,-0002.45,-0000.31,-0004.36
+1581210521.37,+0000.98,+0000.00,+0002.93,-0000.61,+0000.08,-0004.82
+1581210521.38,-0004.88,+0000.98,+0002.93,+0001.00,-0001.53,-0009.34
+1581210521.38,-0001.95,+0000.98,+0002.93,+0002.83,-0001.45,-0009.88
+1581210521.39,+0001.95,+0000.00,+0003.91,-0000.69,-0001.07,-0007.81
+1581210521.39,+0000.98,-0000.98,+0002.93,+0001.07,+0001.23,-0007.73
+1581210521.40,-0011.72,+0000.00,+0001.95,+0002.60,+0003.75,-0017.76
+1581210521.40,-0015.62,+0002.93,+0001.95,+0000.77,+0001.07,-0021.36
+1581210521.41,-0005.86,+0003.91,+0004.88,+0002.53,-0001.76,-0022.28
+1581210521.41,+0020.51,-0003.91,+0006.84,+0001.38,+0029.02,-0006.97
+1581210521.42,-0037.11,-0001.95,+0000.00,-0008.80,+0011.64,-0027.41
+1581210521.42,-0061.52,+0005.86,+0001.95,+0006.20,-0012.17,-0009.19
+1581210521.43,+0011.72,+0008.79,+0003.91,+0001.23,-0001.15,-0037.13
+1581210521.43,+0022.46,-0009.77,+0004.88,-0008.65,+0012.86,+0021.21
+1581210521.44,-0013.67,-0005.86,+0002.93,+0002.14,+0001.53,-0019.06
+1581210521.44,-0028.32,+0006.84,+0001.95,-0003.83,-0008.80,+0006.43
+1581210521.45,-0001.95,-0002.93,-0001.95,+0003.52,-0006.58,-0004.67
+1581210521.45,+0006.84,-0004.88,-0000.98,+0000.15,+0002.22,-0004.13
+1581210521.46,-0003.91,-0002.93,+0000.00,+0000.54,+0000.92,-0006.12
+1581210521.46,-0015.62,+0001.95,+0000.98,+0000.54,-0001.68,-0019.29
+1581210521.47,-0003.91,-0001.95,+0000.00,-0000.31,-0001.61,-0017.15
+1581210521.47,+0004.88,-0003.91,+0000.00,+0000.15,+0002.76,-0010.72
+1581210521.48,-0004.88,-0000.98,+0000.98,-0000.31,+0001.99,-0008.50
+1581210521.48,-0011.72,+0000.00,+0000.98,-0000.15,-0002.68,-0009.88
+1581210521.49,+0000.00,-0001.95,+0000.98,+0000.69,-0000.23,-0009.26
+1581210521.49,+0002.93,-0002.93,+0001.95,+0002.45,-0000.31,-0005.13
+1581210521.50,-0002.93,-0000.98,+0001.95,+0000.61,+0000.54,-0006.20
+1581210521.50,-0002.93,+0000.00,+0000.98,+0000.61,-0001.61,-0009.11
+1581210521.51,+0003.91,-0002.93,+0000.98,+0000.38,-0000.46,-0008.80
+1581210521.51,+0001.95,-0001.95,+0000.98,+0001.07,+0000.54,-0010.57
+1581210521.52,-0002.93,+0000.00,+0000.98,+0001.07,-0001.38,-0012.71
+1581210521.52,+0000.98,-0000.98,+0001.95,+0000.31,-0000.69,-0013.02
+1581210521.53,+0003.91,-0002.93,+0000.98,-0000.08,+0000.38,-0009.11
+1581210521.53,+0001.95,-0001.95,+0001.95,-0001.61,+0000.23,-0009.11
+1581210521.54,-0003.91,-0000.98,+0000.98,+0000.77,-0002.68,-0008.42
+1581210521.54,+0002.93,-0001.95,+0000.98,-0000.23,-0000.08,-0009.88
+1581210521.55,+0000.00,-0000.98,+0000.98,+0000.92,+0001.30,-0010.64
+1581210521.55,+0000.00,+0000.98,+0001.95,+0000.77,+0001.38,-0010.11
+1581210521.56,+0000.00,+0000.00,+0001.95,+0000.31,-0001.23,-0009.72
+1581210521.56,+0000.98,+0000.00,+0001.95,+0000.08,-0000.46,-0009.42
+1581210521.57,+0000.00,+0000.00,+0001.95,+0000.15,-0001.00,-0008.58
+1581210521.57,-0000.98,+0000.98,+0000.98,+0000.00,-0001.53,-0008.27
+1581210521.58,+0000.98,+0000.98,+0000.98,+0000.61,-0000.46,-0008.19
+1581210521.58,+0000.00,+0000.98,+0001.95,-0000.15,+0000.77,-0008.73
+1581210521.59,-0003.91,+0002.93,+0001.95,-0000.38,-0000.15,-0011.64
+1581210521.59,-0001.95,+0001.95,+0001.95,+0000.08,-0001.76,-0010.11
+1581210521.60,+0000.00,+0002.93,+0001.95,+0000.84,-0000.84,-0010.18
+1581210521.60,+0000.00,+0003.91,+0002.93,-0000.46,+0000.69,-0010.80
+1581210521.61,-0003.91,+0004.88,+0002.93,+0000.46,+0000.23,-0011.94
+1581210521.61,-0000.98,+0005.86,+0002.93,-0000.23,-0001.23,-0011.79
+1581210521.62,+0000.98,+0006.84,+0002.93,+0000.84,-0000.84,-0010.72
+1581210521.62,-0000.98,+0006.84,+0002.93,-0000.54,-0000.08,-0009.11
+1581210521.63,-0003.91,+0007.81,+0001.95,-0000.31,-0001.61,-0009.03
+1581210521.63,-0001.95,+0007.81,+0001.95,+0001.00,+0000.23,-0008.73
+1581210521.64,+0000.00,+0007.81,+0002.93,+0000.38,+0001.61,-0010.95
+1581210521.64,-0004.88,+0009.77,+0002.93,+0001.15,-0001.07,-0012.02
+1581210521.65,-0000.98,+0009.77,+0003.91,+0000.38,-0001.38,-0011.64
+1581210521.65,-0000.98,+0008.79,+0002.93,+0000.15,-0000.08,-0010.41
+1581210521.66,-0000.98,+0010.74,+0002.93,-0001.53,-0001.38,-0006.97
+1581210521.66,+0000.98,+0009.77,+0002.93,+0000.61,+0001.61,-0009.57
+1581210521.67,-0000.98,+0009.77,+0001.95,+0000.77,-0001.23,-0011.10
+1581210521.67,-0001.95,+0009.77,+0001.95,+0000.15,-0000.77,-0011.18
+1581210521.68,+0003.91,+0009.77,+0001.95,-0001.84,-0000.08,-0010.57
+1581210521.68,+0000.98,+0008.79,+0001.95,+0000.77,-0001.23,-0010.87
+1581210521.69,+0000.98,+0009.77,+0000.98,-0001.00,-0001.00,-0009.11
+1581210521.69,+0005.86,+0008.79,+0000.98,-0001.00,-0000.92,-0008.73
+1581210521.70,+0004.88,+0007.81,-0000.98,-0001.15,-0000.31,-0009.72
+1581210521.70,+0002.93,+0007.81,-0001.95,+0000.46,-0001.38,-0011.41
+1581210521.71,+0003.91,+0007.81,-0001.95,-0000.23,-0002.53,-0010.80
+1581210521.71,+0005.86,+0006.84,-0001.95,+0000.31,-0000.84,-0009.72
+1581210521.72,+0003.91,+0006.84,-0002.93,-0000.84,+0000.23,-0011.03
+1581210521.72,+0001.95,+0007.81,-0002.93,+0001.07,-0001.84,-0009.65
+1581210521.73,+0002.93,+0006.84,-0003.91,-0001.15,-0001.68,-0010.87
+1581210521.73,+0001.95,+0005.86,-0003.91,-0002.37,-0000.31,-0009.65
+1581210521.74,+0002.93,+0005.86,-0004.88,+0000.08,-0001.84,-0008.27
+1581210521.74,+0002.93,+0003.91,-0005.86,-0001.00,-0000.77,-0008.80
+1581210521.75,+0003.91,+0004.88,-0006.84,-0002.07,-0001.53,-0009.65
+1581210521.75,+0003.91,+0003.91,-0006.84,-0000.61,-0002.07,-0010.34
+1581210521.76,+0005.86,+0002.93,-0006.84,-0002.22,-0000.31,-0011.10
+1581210521.76,+0004.88,+0002.93,-0007.81,+0000.31,-0002.91,-0010.03
+1581210521.77,+0006.84,+0001.95,-0008.79,-0000.46,-0001.91,-0010.11
+1581210521.77,+0002.93,+0000.98,-0009.77,-0002.37,-0001.91,-0009.26
+1581210521.78,+0005.86,+0000.00,-0010.74,-0001.61,-0002.14,-0006.66
+1581210521.78,+0002.93,-0000.98,-0011.72,-0000.31,-0001.15,-0008.04
+1581210521.79,+0000.98,-0000.98,-0011.72,+0000.23,-0002.22,-0006.05
+1581210521.79,-0000.98,-0001.95,-0011.72,-0001.23,-0002.22,-0007.96
+1581210521.80,+0000.98,-0002.93,-0011.72,+0000.08,+0000.23,-0009.26
+1581210521.80,-0001.95,-0002.93,-0012.70,+0001.00,-0000.15,-0012.48
+1581210521.81,-0001.95,-0001.95,-0011.72,+0000.00,-0003.37,-0011.56
+1581210521.81,-0001.95,-0002.93,-0011.72,+0000.00,-0001.91,-0010.95
+1581210521.82,-0000.98,-0002.93,-0010.74,-0001.91,-0001.45,-0008.04
+1581210521.82,-0000.98,-0003.91,-0011.72,+0001.30,-0001.38,-0008.35
+1581210521.83,-0002.93,-0004.88,-0012.70,-0001.07,-0002.91,-0008.50
+1581210521.83,-0003.91,-0003.91,-0012.70,-0000.46,-0000.61,-0012.10
+1581210521.84,-0001.95,-0004.88,-0012.70,+0000.54,-0000.92,-0011.56
+1581210521.84,+0002.93,-0004.88,-0011.72,+0000.15,-0001.99,-0013.09
+1581210521.85,-0002.93,-0005.86,-0012.70,-0001.23,-0001.91,-0009.65
+1581210521.85,-0001.95,-0004.88,-0012.70,-0002.83,+0000.46,-0012.17
+1581210521.86,-0001.95,-0005.86,-0012.70,+0002.91,-0001.23,-0011.10
+1581210521.86,+0001.95,-0004.88,-0011.72,-0000.84,-0001.99,-0011.25
+1581210521.87,+0001.95,-0005.86,-0010.74,+0000.84,-0001.84,-0009.42
+1581210521.87,+0000.98,-0005.86,-0011.72,+0000.15,-0000.61,-0008.42
+1581210521.88,-0000.98,-0004.88,-0010.74,+0001.00,+0000.46,-0009.03
+1581210521.88,-0004.88,-0003.91,-0010.74,+0000.77,-0003.37,-0010.11
+1581210521.89,+0001.95,-0003.91,-0008.79,+0000.15,+0000.31,-0009.42
+1581210521.89,+0001.95,-0004.88,-0007.81,+0001.30,+0000.31,-0009.65
+1581210521.90,-0001.95,-0002.93,-0007.81,+0000.46,-0001.84,-0008.96
+1581210521.90,+0000.00,-0001.95,-0007.81,-0000.61,-0001.99,-0008.58
+1581210521.91,+0000.00,-0003.91,-0006.84,+0000.23,+0000.38,-0009.80
+1581210521.91,-0002.93,-0001.95,-0005.86,+0003.14,+0000.00,-0014.09
+1581210521.92,-0003.91,+0000.00,-0004.88,-0000.23,-0001.15,-0012.79
+1581210521.92,+0002.93,-0001.95,-0003.91,-0000.15,+0002.22,-0010.57
+1581210521.93,-0000.98,-0000.98,-0003.91,+0000.00,+0001.45,-0009.49
+1581210521.93,-0006.84,+0001.95,-0003.91,+0000.54,-0002.45,-0009.11
+1581210521.94,+0000.00,+0000.98,-0002.93,+0001.30,-0001.15,-0011.71
+1581210521.94,-0000.98,+0000.00,-0001.95,+0000.23,-0001.00,-0008.80
+1581210521.95,-0001.95,+0001.95,-0000.98,+0000.46,-0001.45,-0010.49
+1581210521.95,-0001.95,+0002.93,-0001.95,-0001.76,+0000.61,-0010.11
+1581210521.96,+0001.95,+0001.95,-0001.95,+0001.15,-0003.06,-0009.19
+1581210521.96,+0002.93,+0001.95,-0001.95,-0000.61,-0001.00,-0008.12
+1581210521.97,+0002.93,+0001.95,-0002.93,-0000.84,-0000.61,-0007.43
+1581210521.97,+0001.95,+0001.95,-0002.93,+0001.23,-0001.76,-0008.27
+1581210521.98,-0001.95,+0002.93,-0002.93,+0000.38,-0000.77,-0008.88
+1581210521.98,+0000.98,+0002.93,-0000.98,+0001.76,-0002.22,-0008.73
+1581210521.99,+0000.98,+0001.95,-0000.98,+0000.46,+0000.61,-0009.72
+1581210521.99,-0003.91,+0002.93,-0001.95,+0001.00,-0001.30,-0010.87
+1581210522.00,-0000.98,+0002.93,-0000.98,+0000.77,-0001.45,-0010.57
+1581210522.00,-0001.95,+0001.95,-0000.98,+0000.23,-0000.61,-0010.03
+1581210522.01,-0000.98,+0002.93,-0000.98,+0001.53,+0000.92,-0009.03
+1581210522.01,-0003.91,+0003.91,-0000.98,+0000.54,-0000.08,-0009.03
+1581210522.02,-0002.93,+0003.91,-0000.98,-0000.31,-0002.07,-0007.89
+1581210522.02,+0002.93,+0000.98,+0000.00,-0002.07,+0000.84,-0005.21
+1581210522.03,-0007.81,+0001.95,-0001.95,-0000.23,-0001.99,-0010.80
+1581210522.03,-0005.86,+0003.91,-0001.95,+0000.38,-0001.07,-0011.48
+1581210522.04,-0000.98,+0001.95,-0002.93,-0001.68,+0003.83,-0015.31
+1581210522.04,-0002.93,+0000.98,-0002.93,+0000.08,-0003.45,-0009.11
+1581210522.05,+0000.98,+0000.98,-0003.91,-0000.38,+0006.81,-0018.30
+1581210522.05,-0015.62,+0000.98,-0003.91,-0001.68,-0004.90,-0009.95
+1581210522.06,+0004.88,+0002.93,-0002.93,+0002.99,-0002.53,-0013.32
+1581210522.06,+0000.98,-0002.93,-0003.91,+0002.76,+0003.45,-0013.93
+1581210522.07,-0010.74,+0003.91,-0003.91,-0002.68,-0003.06,-0010.80
+1581210522.07,-0001.95,+0002.93,-0004.88,-0003.75,-0000.08,-0011.64
+1581210522.08,+0000.00,-0001.95,-0005.86,+0001.23,-0000.08,-0008.88
+1581210522.08,-0003.91,+0000.98,-0004.88,-0001.07,+0000.84,-0009.88
+1581210522.09,-0006.84,+0002.93,-0005.86,-0000.23,-0001.84,-0010.03
+1581210522.09,+0000.00,+0000.00,-0006.84,-0001.23,-0000.31,-0010.41
+1581210522.10,+0000.98,+0000.00,-0006.84,-0000.84,-0000.23,-0009.42
+1581210522.10,-0002.93,+0001.95,-0006.84,-0001.23,-0000.46,-0010.72
+1581210522.11,-0000.98,+0000.98,-0006.84,+0000.31,-0001.99,-0011.41
+1581210522.11,+0003.91,+0000.00,-0007.81,-0000.54,-0001.07,-0011.94
+1581210522.12,+0005.86,+0000.98,-0006.84,+0000.08,+0000.31,-0009.34
+1581210522.12,+0001.95,+0000.98,-0007.81,+0000.00,-0000.92,-0012.02
+1581210522.13,+0003.91,+0000.98,-0008.79,-0001.61,-0002.37,-0010.87
+1581210522.13,+0009.77,+0000.00,-0009.77,-0001.30,+0003.90,-0011.94
+1581210522.14,+0000.98,+0000.00,-0009.77,-0000.15,-0000.23,-0011.33
+1581210522.14,+0001.95,+0001.95,-0009.77,-0000.31,-0002.07,-0010.87
+1581210522.15,+0006.84,-0000.98,-0009.77,-0001.23,-0001.15,-0011.18
+1581210522.15,+0004.88,-0001.95,-0009.77,-0000.77,+0000.77,-0007.66
+1581210522.16,+0000.98,+0000.98,-0010.74,-0002.60,-0001.15,-0008.12
+1581210522.16,+0002.93,-0001.95,-0011.72,-0001.91,-0001.45,-0006.05
+1581210522.17,+0001.95,-0002.93,-0012.70,-0001.00,+0001.15,-0010.26
+1581210522.17,-0003.91,-0000.98,-0011.72,+0001.07,-0001.23,-0006.20
+1581210522.18,+0001.95,-0001.95,-0011.72,-0002.83,+0000.92,-0008.73
+1581210522.18,-0001.95,-0004.88,-0011.72,-0001.38,+0000.08,-0008.96
+1581210522.19,-0003.91,-0001.95,-0012.70,-0002.45,+0000.38,-0010.87
+1581210522.19,-0000.98,-0003.91,-0014.65,-0001.23,+0000.08,-0012.40
+1581210522.20,-0003.91,-0004.88,-0014.65,-0000.15,-0001.00,-0013.70
+1581210522.20,-0000.98,-0003.91,-0014.65,-0000.61,-0001.07,-0010.57
+1581210522.21,+0000.00,-0003.91,-0014.65,-0002.68,+0000.08,-0007.96
+1581210522.21,-0000.98,-0004.88,-0015.62,-0000.31,-0000.54,-0006.81
+1581210522.22,-0004.88,-0004.88,-0016.60,-0002.45,+0000.38,-0009.26
+1581210522.22,-0001.95,-0005.86,-0017.58,-0001.00,+0001.61,-0011.64
+1581210522.23,+0001.95,-0006.84,-0016.60,-0001.76,-0001.00,-0009.19
+1581210522.23,-0000.98,-0007.81,-0017.58,-0001.15,-0001.68,-0008.58
+1581210522.24,-0004.88,-0006.84,-0018.55,-0002.68,-0001.30,-0010.11
+1581210522.24,-0002.93,-0007.81,-0018.55,+0001.00,-0002.07,-0011.41
+1581210522.25,+0003.91,-0008.79,-0018.55,-0002.07,+0001.15,-0011.03
+1581210522.25,+0000.00,-0007.81,-0019.53,-0000.84,-0000.54,-0010.11
+1581210522.26,+0000.00,-0007.81,-0019.53,-0001.84,-0000.15,-0014.55
+1581210522.26,+0003.91,-0008.79,-0019.53,+0000.54,-0003.83,-0010.80
+1581210522.27,+0006.84,-0009.77,-0019.53,+0000.08,-0001.45,-0008.65
+1581210522.27,+0001.95,-0009.77,-0019.53,-0001.30,-0000.61,-0008.19
+1581210522.28,+0001.95,-0009.77,-0021.48,-0001.23,-0002.53,-0008.65
+1581210522.28,+0005.86,-0012.70,-0020.51,-0002.53,+0002.45,-0011.48
+1581210522.29,+0000.00,-0010.74,-0020.51,-0000.61,+0000.92,-0013.25
+1581210522.29,+0003.91,-0011.72,-0020.51,-0001.91,+0000.38,-0011.87
+1581210522.30,+0006.84,-0013.67,-0020.51,-0001.45,-0000.69,-0011.33
+1581210522.30,+0002.93,-0012.70,-0021.48,-0000.31,-0001.68,-0008.35
+1581210522.31,+0005.86,-0012.70,-0021.48,-0001.99,+0000.54,-0009.34
+1581210522.31,+0001.95,-0014.65,-0021.48,+0000.46,+0000.54,-0009.88
+1581210522.32,+0001.95,-0013.67,-0020.51,-0001.07,-0003.14,-0010.11
+1581210522.32,+0007.81,-0015.62,-0019.53,-0001.23,-0001.30,-0007.43
+1581210522.33,+0000.98,-0016.60,-0021.48,-0001.07,-0001.15,-0009.65
+1581210522.33,-0000.98,-0015.62,-0021.48,-0001.30,-0002.53,-0009.26
+1581210522.34,+0002.93,-0017.58,-0022.46,-0001.45,+0000.15,-0012.17
+1581210522.34,+0002.93,-0018.55,-0021.48,+0001.45,-0001.45,-0011.41
+1581210522.35,+0002.93,-0017.58,-0021.48,-0001.91,-0000.46,-0013.48
+1581210522.35,+0001.95,-0019.53,-0021.48,-0000.15,-0000.15,-0015.01
+1581210522.36,+0002.93,-0017.58,-0020.51,-0001.61,-0001.45,-0010.57
+1581210522.36,+0001.95,-0020.51,-0021.48,-0002.53,-0000.69,+0001.84
+1581210522.37,-0001.95,-0021.48,-0021.48,-0001.53,+0001.76,-0001.15
+1581210522.37,-0001.95,-0023.44,-0021.48,+0000.38,-0000.38,-0007.96
+1581210522.38,+0002.93,-0024.41,-0020.51,-0001.30,+0000.46,-0012.10
+1581210522.38,-0001.95,-0023.44,-0020.51,+0003.14,-0002.14,-0011.41
+1581210522.39,-0005.86,-0023.44,-0019.53,-0000.46,-0000.92,-0013.48
+1581210522.39,+0000.00,-0023.44,-0017.58,+0000.69,+0000.15,-0012.79
+1581210522.40,+0000.98,-0023.44,-0015.62,-0000.84,-0001.68,-0006.66
+1581210522.40,-0001.95,-0024.41,-0016.60,-0000.23,+0001.91,-0008.04
+1581210522.41,-0007.81,-0024.41,-0016.60,-0001.23,-0000.23,-0007.58
+1581210522.41,-0002.93,-0025.39,-0016.60,+0000.23,+0001.68,-0010.72
+1581210522.42,-0000.98,-0025.39,-0014.65,+0000.54,+0001.38,-0014.01
+1581210522.42,-0005.86,-0023.44,-0013.67,+0000.92,-0001.76,-0010.95
+1581210522.43,-0003.91,-0022.46,-0011.72,+0000.92,-0000.77,-0011.10
+1581210522.43,-0002.93,-0023.44,-0010.74,+0000.54,+0000.54,-0006.28
+1581210522.44,-0005.86,-0023.44,-0009.77,+0002.14,-0000.77,-0009.49
+1581210522.44,-0005.86,-0022.46,-0008.79,+0001.61,+0000.15,-0008.58
+1581210522.45,-0005.86,-0022.46,-0006.84,+0001.61,-0001.15,-0011.94
+1581210522.45,-0003.91,-0022.46,-0004.88,+0001.53,-0000.77,-0011.87
+1581210522.46,-0004.88,-0021.48,-0003.91,+0001.45,-0000.08,-0009.42
+1581210522.46,-0006.84,-0020.51,-0001.95,+0002.37,+0000.84,-0010.64
+1581210522.47,-0006.84,-0018.55,-0000.98,+0001.84,-0000.23,-0011.56
+1581210522.47,-0004.88,-0018.55,+0000.98,+0000.92,+0001.23,-0010.57
+1581210522.48,-0002.93,-0018.55,+0001.95,+0000.84,+0000.38,-0011.18
+1581210522.48,-0006.84,-0016.60,+0002.93,+0000.77,-0000.38,-0011.10
+1581210522.49,-0003.91,-0016.60,+0003.91,+0002.53,-0000.92,-0012.40
+1581210522.49,-0000.98,-0015.62,+0005.86,+0001.84,+0000.23,-0010.72
+1581210522.50,-0004.88,-0013.67,+0006.84,+0002.60,+0000.23,-0009.42
+1581210522.50,-0003.91,-0012.70,+0008.79,+0002.30,+0000.61,-0011.10
+1581210522.51,-0003.91,-0011.72,+0008.79,+0002.30,-0001.15,-0011.33
+1581210522.51,+0000.00,-0011.72,+0010.74,+0002.30,-0000.54,-0009.72
+1581210522.52,-0001.95,-0010.74,+0011.72,+0001.68,-0001.15,-0011.87
+1581210522.52,-0005.86,-0009.77,+0012.70,+0001.45,+0000.31,-0010.26
+1581210522.53,+0000.00,-0008.79,+0014.65,+0001.15,-0000.69,-0010.18
+1581210522.53,-0000.98,-0008.79,+0015.62,+0003.22,-0000.92,-0011.64
+1581210522.54,+0000.98,-0006.84,+0017.58,+0001.15,-0001.38,-0009.72
+1581210522.54,+0000.00,-0005.86,+0018.55,+0001.84,-0001.00,-0011.25
+1581210522.55,+0000.00,-0005.86,+0018.55,+0001.07,-0001.91,-0008.12
+1581210522.55,+0003.91,-0004.88,+0020.51,+0002.07,-0000.92,-0008.80
+1581210522.56,-0000.98,-0003.91,+0020.51,+0002.45,-0000.92,-0006.12
+1581210522.56,+0002.93,-0002.93,+0021.48,+0000.15,-0001.07,-0006.05
+1581210522.57,+0000.00,-0002.93,+0021.48,+0002.14,+0001.15,-0007.89
+1581210522.57,-0007.81,-0000.98,+0022.46,+0001.07,+0002.45,-0014.09
+1581210522.58,-0006.84,+0001.95,+0023.44,+0002.76,+0003.52,-0018.45
+1581210522.58,-0006.84,+0002.93,+0026.37,+0003.75,+0001.84,-0021.13
+1581210522.59,+0001.95,+0003.91,+0027.34,-0006.74,-0014.47,+0011.48
+1581210522.59,+0028.32,-0001.95,+0028.32,+0009.57,+0015.93,+0011.18
+1581210522.60,-0023.44,+0002.93,+0022.46,-0006.51,+0009.26,-0022.89
+1581210522.60,-0041.02,+0003.91,+0022.46,+0001.68,-0014.01,-0003.75
+1581210522.61,+0025.39,+0015.62,+0026.37,+0000.15,-0005.21,-0025.11
+1581210522.61,+0017.58,+0000.00,+0026.37,-0007.04,+0000.08,+0023.28
+1581210522.62,-0008.79,+0000.00,+0026.37,+0007.04,+0010.34,-0027.72
+1581210522.62,-0009.77,+0013.67,+0026.37,+0000.77,+0004.29,-0028.18
+1581210522.63,+0001.95,+0007.81,+0023.44,-0001.76,-0005.82,-0005.36
+1581210522.63,+0009.77,+0003.91,+0024.41,+0004.75,+0004.36,-0006.28
+1581210522.64,-0006.84,+0008.79,+0025.39,-0001.07,+0002.14,-0009.57
+1581210522.64,-0005.86,+0012.70,+0025.39,-0000.38,-0001.91,-0013.55
+1581210522.65,+0005.86,+0006.84,+0024.41,+0000.84,+0000.15,-0011.18
+1581210522.65,+0002.93,+0007.81,+0024.41,+0000.23,-0000.46,-0004.82
+1581210522.66,-0002.93,+0009.77,+0024.41,+0000.08,+0002.14,-0008.04
+1581210522.66,-0003.91,+0008.79,+0022.46,+0000.38,-0002.60,-0010.80
+1581210522.66,+0005.86,+0007.81,+0023.44,-0001.45,+0000.31,-0009.26
+1581210522.67,+0003.91,+0006.84,+0022.46,+0000.46,+0002.99,-0010.11
+1581210522.67,-0002.93,+0008.79,+0021.48,-0001.00,+0000.69,-0011.87
+1581210522.68,+0001.95,+0008.79,+0020.51,-0000.23,-0001.23,-0014.32
+1581210522.68,+0001.95,+0006.84,+0020.51,-0000.15,+0000.54,-0013.17
+1581210522.69,+0003.91,+0007.81,+0020.51,-0000.77,+0000.77,-0009.88
+1581210522.69,+0002.93,+0007.81,+0019.53,-0000.69,-0001.15,-0008.73
+1581210522.70,+0001.95,+0006.84,+0018.55,+0000.84,-0000.69,-0009.65
+1581210522.70,+0004.88,+0006.84,+0017.58,-0000.69,-0001.53,-0008.19
+1581210522.71,+0006.84,+0005.86,+0017.58,-0000.31,+0001.84,-0011.41
+1581210522.71,+0002.93,+0006.84,+0016.60,+0001.07,+0000.08,-0012.33
+1581210522.72,+0002.93,+0006.84,+0016.60,+0000.08,-0003.37,-0011.56
+1581210522.72,+0010.74,+0004.88,+0016.60,+0000.00,-0001.45,-0010.26
+1581210522.73,+0005.86,+0003.91,+0015.62,-0000.77,+0001.07,-0008.80
+1581210522.73,+0000.00,+0005.86,+0014.65,-0000.31,+0001.38,-0010.87
+1581210522.74,-0001.95,+0004.88,+0013.67,-0000.08,-0001.45,-0011.71
+1581210522.74,+0007.81,+0003.91,+0014.65,-0000.31,+0001.30,-0005.28
+1581210522.75,+0003.91,+0001.95,+0013.67,+0000.08,+0000.38,-0005.67
+1581210522.75,-0002.93,+0002.93,+0012.70,-0001.68,-0001.84,-0003.83
+1581210522.76,-0002.93,+0001.95,+0011.72,+0000.31,+0000.61,-0009.65
+1581210522.76,-0000.98,+0000.98,+0011.72,+0001.53,-0001.38,-0011.03
+1581210522.77,+0001.95,+0001.95,+0011.72,-0000.69,+0001.15,-0013.70
+1581210522.77,-0002.93,+0001.95,+0010.74,-0000.38,+0000.61,-0012.56
+1581210522.78,-0003.91,+0002.93,+0010.74,-0000.23,-0000.54,-0011.18
+1581210522.78,-0003.91,+0000.98,+0010.74,-0001.15,-0002.14,-0008.65
+1581210522.79,-0001.95,+0000.98,+0009.77,+0000.23,+0000.38,-0007.73
+1581210522.79,-0002.93,+0000.98,+0008.79,-0002.45,-0000.84,-0008.27
+1581210522.80,-0003.91,+0000.98,+0007.81,-0000.08,+0001.15,-0009.49
+1581210522.80,-0004.88,+0000.98,+0007.81,+0000.84,-0001.15,-0012.10
+1581210522.81,-0002.93,+0000.98,+0008.79,+0000.15,-0001.61,-0011.79
+1581210522.81,-0000.98,+0000.98,+0008.79,-0000.15,+0000.38,-0010.26
+1581210522.82,-0003.91,+0000.98,+0008.79,+0000.15,-0001.45,-0009.49
+1581210522.82,-0003.91,+0001.95,+0007.81,-0000.23,-0000.46,-0009.11
+1581210522.83,-0003.91,+0000.98,+0007.81,+0000.61,+0000.61,-0011.64
+1581210522.83,-0000.98,+0000.98,+0008.79,+0001.76,-0000.23,-0007.96
+1581210522.84,-0001.95,+0000.98,+0008.79,+0000.38,+0001.53,-0009.95
+1581210522.84,-0008.79,+0001.95,+0008.79,+0001.23,-0000.92,-0012.10
+1581210522.85,-0002.93,+0001.95,+0008.79,+0000.38,-0000.08,-0010.57
+1581210522.85,+0000.98,+0000.98,+0008.79,+0000.54,-0000.08,-0009.95
+1581210522.86,-0000.98,+0001.95,+0009.77,-0000.84,-0001.07,-0007.81
+1581210522.86,-0002.93,+0002.93,+0008.79,-0000.61,-0001.53,-0009.26
+1581210522.87,-0000.98,+0001.95,+0008.79,+0000.54,-0001.61,-0011.10
+1581210522.87,+0002.93,+0002.93,+0008.79,-0001.00,-0001.61,-0009.57
+1581210522.88,+0002.93,+0003.91,+0008.79,+0000.84,+0002.07,-0011.41
+1581210522.88,-0000.98,+0003.91,+0008.79,-0000.77,-0002.60,-0010.64
+1581210522.89,+0002.93,+0003.91,+0008.79,-0001.30,+0001.07,-0012.79
+1581210522.89,+0000.98,+0003.91,+0008.79,+0001.38,-0000.15,-0011.10
+1581210522.90,+0000.98,+0006.84,+0008.79,+0000.31,-0000.15,-0011.48
+1581210522.90,+0003.91,+0004.88,+0008.79,+0000.54,+0000.08,-0010.57
+1581210522.91,+0001.95,+0005.86,+0008.79,+0000.23,+0000.77,-0012.63
+1581210522.91,+0002.93,+0006.84,+0008.79,-0001.53,-0001.45,-0010.87
+1581210522.92,+0004.88,+0006.84,+0008.79,-0002.60,-0000.84,-0009.49
+1581210522.92,+0003.91,+0005.86,+0007.81,-0000.15,-0000.08,-0007.50
+1581210522.93,+0002.93,+0005.86,+0006.84,-0001.91,+0001.00,-0008.96
+1581210522.93,+0000.98,+0005.86,+0005.86,-0000.15,-0001.99,-0007.66
+1581210522.94,+0002.93,+0004.88,+0005.86,+0000.69,+0001.45,-0009.42
+1581210522.94,-0001.95,+0005.86,+0005.86,+0000.00,-0000.31,-0009.49
+1581210522.95,+0000.98,+0005.86,+0005.86,-0000.15,-0000.46,-0010.34
+1581210522.95,+0000.98,+0004.88,+0005.86,-0001.53,+0001.38,-0010.11
+1581210522.96,-0001.95,+0005.86,+0005.86,+0000.84,-0001.07,-0016.00
+1581210522.96,-0000.98,+0006.84,+0005.86,-0002.60,-0000.15,-0013.17
+1581210522.97,+0001.95,+0004.88,+0004.88,+0002.45,-0001.84,-0009.42
+1581210522.97,-0000.98,+0004.88,+0003.91,-0000.38,-0001.91,-0005.51
+1581210522.98,-0004.88,+0004.88,+0001.95,-0001.38,-0001.76,-0004.59
+1581210522.98,-0000.98,+0002.93,+0000.98,-0002.60,+0001.38,-0006.43
+1581210522.99,-0004.88,+0001.95,+0000.98,-0000.38,-0003.29,-0008.88
+1581210522.99,-0000.98,+0001.95,+0000.98,-0000.92,+0001.45,-0009.03
+1581210523.00,-0002.93,+0000.98,+0000.00,-0001.15,+0001.76,-0013.02
+1581210523.00,-0006.84,+0001.95,+0000.00,-0000.46,-0001.53,-0010.95
+1581210523.01,+0001.95,+0000.98,-0000.98,-0002.68,+0002.99,-0010.18
+1581210523.01,-0002.93,-0000.98,-0000.98,-0000.38,-0000.46,-0010.18
+1581210523.02,-0003.91,+0000.98,-0000.98,-0001.15,-0000.61,-0009.95
+1581210523.02,-0001.95,-0000.98,-0001.95,-0000.31,-0001.76,-0012.02
+1581210523.03,+0000.98,-0001.95,-0001.95,-0002.07,+0000.23,-0008.50
+1581210523.03,+0000.98,-0001.95,-0002.93,-0000.08,+0001.23,-0008.19
+1581210523.04,-0004.88,-0001.95,-0003.91,-0000.54,-0000.69,-0010.64
+1581210523.04,+0000.98,-0002.93,-0002.93,-0001.30,+0001.07,-0009.26
+1581210523.05,+0002.93,-0004.88,-0003.91,-0001.53,+0001.53,-0011.48
+1581210523.05,+0000.98,-0003.91,-0002.93,-0000.46,-0002.91,-0007.35
+1581210523.06,+0003.91,-0005.86,-0003.91,+0000.00,+0001.53,-0012.79
+1581210523.06,-0001.95,-0005.86,-0003.91,-0000.38,-0002.14,-0010.72
+1581210523.07,+0002.93,-0003.91,-0003.91,+0002.30,-0000.84,-0010.64
+1581210523.07,+0003.91,-0005.86,-0002.93,+0000.15,+0000.46,-0013.55
+1581210523.08,+0002.93,-0004.88,-0002.93,+0000.84,-0000.61,-0010.49
+1581210523.08,+0001.95,-0004.88,-0002.93,+0000.54,-0000.46,-0013.55
+1581210523.09,+0002.93,-0004.88,-0001.95,+0000.15,-0001.38,-0009.11
+1581210523.09,+0006.84,-0003.91,-0001.95,+0000.23,+0000.23,-0009.80
+1581210523.10,+0002.93,-0004.88,-0001.95,+0000.23,-0000.61,-0006.89
+1581210523.10,+0003.91,-0003.91,-0001.95,+0000.31,-0000.08,-0008.35
+1581210523.11,+0000.00,-0003.91,-0000.98,+0001.07,+0000.23,-0011.94
+1581210523.11,+0003.91,-0003.91,+0000.00,+0001.00,-0001.30,-0007.58
+1581210523.12,+0002.93,-0004.88,+0000.00,-0000.23,+0003.14,-0010.95
+1581210523.12,-0003.91,-0002.93,+0000.00,+0002.68,-0001.99,-0008.58
+1581210523.13,+0000.00,-0002.93,+0000.00,+0001.76,+0003.06,-0011.18
+1581210523.13,-0005.86,-0002.93,+0000.98,+0000.69,+0001.15,-0007.43
+1581210523.14,-0004.88,-0001.95,+0002.93,+0000.77,+0000.08,-0007.20
+1581210523.14,-0007.81,-0001.95,+0002.93,-0001.45,+0003.37,-0010.34
+1581210523.15,-0008.79,-0000.98,+0003.91,+0001.68,-0001.23,-0010.80
+1581210523.15,-0002.93,-0000.98,+0003.91,+0000.31,-0000.15,-0011.18
+1581210523.16,-0002.93,-0000.98,+0003.91,+0000.84,-0001.00,-0008.73
+1581210523.16,-0006.84,+0000.98,+0003.91,+0000.92,-0001.53,-0012.33
+1581210523.17,-0006.84,+0000.00,+0003.91,-0000.15,+0000.15,-0011.56
+1581210523.17,-0000.98,+0000.98,+0004.88,+0000.00,+0000.92,-0010.49
+1581210523.18,-0001.95,+0000.00,+0004.88,+0000.23,-0001.23,-0009.88
+1581210523.18,-0008.79,+0002.93,+0004.88,-0003.29,-0006.58,-0002.30
+1581210523.19,+0000.98,+0000.00,+0004.88,+0005.28,+0006.58,-0013.32
+1581210523.19,-0012.70,+0001.95,+0004.88,-0001.30,+0000.46,-0014.70
+1581210523.20,-0002.93,+0003.91,+0006.84,+0000.23,-0000.15,-0008.04
+1581210523.20,+0003.91,+0000.00,+0005.86,-0002.37,+0004.90,-0008.12
+1581210523.21,-0009.77,+0002.93,+0006.84,+0004.29,-0002.76,-0007.12
+1581210523.21,-0002.93,+0004.88,+0007.81,-0004.29,-0001.23,-0008.19
+1581210523.22,-0000.98,+0000.98,+0007.81,+0002.68,-0000.77,-0010.87
+1581210523.22,-0000.98,+0003.91,+0008.79,+0000.69,-0000.77,-0010.87
+1581210523.23,-0001.95,+0004.88,+0008.79,+0001.23,-0001.23,-0013.02
+1581210523.23,+0000.00,+0002.93,+0008.79,+0001.99,+0001.68,-0010.49
+1581210523.24,-0000.98,+0003.91,+0007.81,-0000.92,-0000.15,-0012.94
+1581210523.24,-0002.93,+0004.88,+0008.79,+0001.76,-0000.69,-0009.34
+1581210523.25,+0000.00,+0004.88,+0008.79,-0000.92,+0001.84,-0011.71
+1581210523.25,-0000.98,+0003.91,+0008.79,+0001.53,-0001.84,-0008.04
+1581210523.26,+0000.98,+0005.86,+0008.79,-0001.15,+0001.15,-0009.88
+1581210523.26,-0000.98,+0004.88,+0008.79,-0001.53,+0000.92,-0009.80
+1581210523.27,-0000.98,+0004.88,+0008.79,-0001.30,+0001.84,-0011.64
+1581210523.27,+0000.00,+0004.88,+0007.81,+0000.61,+0000.69,-0011.71
+1581210523.28,-0000.98,+0004.88,+0007.81,-0000.61,-0001.15,-0009.95
+1581210523.28,-0000.98,+0004.88,+0007.81,-0000.77,+0002.45,-0009.57
+1581210523.29,+0000.00,+0004.88,+0007.81,-0001.15,+0000.92,-0010.41
+1581210523.29,+0000.00,+0004.88,+0007.81,+0000.92,+0001.15,-0011.56
+1581210523.30,+0000.00,+0004.88,+0007.81,-0000.38,-0002.53,-0009.88
+1581210523.30,+0000.98,+0003.91,+0006.84,-0002.30,-0002.14,-0010.18
+1581210523.31,+0000.98,+0003.91,+0005.86,+0001.76,-0001.76,-0010.49
+1581210523.31,+0000.00,+0003.91,+0004.88,-0000.69,+0001.61,-0010.57
+1581210523.32,+0001.95,+0002.93,+0004.88,+0000.00,-0002.14,-0009.65
+1581210523.32,+0000.98,+0002.93,+0004.88,-0000.84,-0001.30,-0007.04
+1581210523.33,+0001.95,+0002.93,+0004.88,-0000.61,-0001.23,-0006.43
+1581210523.33,+0001.95,+0001.95,+0003.91,-0001.38,+0000.54,-0007.96
+1581210523.34,+0000.00,+0001.95,+0003.91,+0001.30,-0001.07,-0009.88
+1581210523.34,+0000.00,+0001.95,+0002.93,-0000.46,-0000.46,-0011.71
+1581210523.35,+0002.93,+0000.98,+0002.93,+0001.61,-0001.23,-0012.33
+1581210523.35,+0001.95,+0000.98,+0003.91,+0000.08,-0000.08,-0008.88
+1581210523.36,-0002.93,+0000.98,+0002.93,-0001.68,-0001.07,-0007.66
+1581210523.36,+0001.95,+0000.98,+0002.93,-0002.83,-0001.07,-0007.35
+1581210523.37,+0000.00,-0000.98,+0001.95,-0000.61,+0002.22,-0010.87
+1581210523.37,-0001.95,+0000.00,+0000.98,+0000.23,-0000.61,-0010.57
+1581210523.38,+0001.95,-0000.98,+0000.98,-0000.54,+0000.08,-0010.11
+1581210523.38,-0000.98,-0002.93,+0000.00,+0000.84,-0000.61,-0010.72
+1581210523.39,-0001.95,-0000.98,+0000.00,-0000.84,-0000.38,-0009.34
+1581210523.39,-0002.93,-0001.95,-0000.98,-0001.53,+0000.15,-0010.49
+1581210523.40,-0003.91,-0001.95,-0000.98,+0000.61,+0000.15,-0009.42
+1581210523.40,-0003.91,-0001.95,-0000.98,-0000.92,+0000.84,-0009.65
+1581210523.41,-0003.91,-0001.95,+0000.00,-0000.61,+0001.07,-0012.40
+1581210523.41,-0005.86,-0001.95,-0000.98,-0000.23,-0002.22,-0008.58
+1581210523.42,-0001.95,-0002.93,-0000.98,-0002.60,+0000.84,-0008.42
+1581210523.42,-0005.86,-0002.93,-0000.98,-0000.69,+0000.69,-0009.49
+1581210523.43,-0005.86,-0001.95,-0000.98,-0001.30,+0000.38,-0009.88
+1581210523.43,-0002.93,-0003.91,-0001.95,+0000.69,+0000.61,-0011.79
+1581210523.44,-0003.91,-0002.93,-0000.98,-0000.15,-0001.84,-0011.41
+1581210523.44,+0000.98,-0002.93,-0000.98,-0000.61,+0001.45,-0012.56
+1581210523.45,-0001.95,-0003.91,-0001.95,-0000.08,-0000.46,-0013.02
+1581210523.45,-0001.95,-0001.95,-0001.95,-0000.38,-0001.30,-0009.26
+1581210523.46,-0000.98,-0001.95,-0001.95,+0000.23,-0002.99,-0008.12
+1581210523.46,+0003.91,-0002.93,-0000.98,-0000.92,+0004.75,-0011.79
+1581210523.47,+0000.98,-0002.93,-0000.98,+0000.69,-0002.68,-0015.54
