+1580603458.78,+0000.00,+0009.77,-0004.88,+0001.00,-0007.27,-0009.19
+1580603458.78,+0008.79,+0011.72,-0002.93,+0002.60,-0000.23,-0008.65
+1580603458.79,+0003.91,+0013.67,-0001.95,+0000.23,+0001.23,-0015.85
+1580603458.79,+0005.86,+0015.62,+0000.00,+0004.13,+0000.08,-0012.25
+1580603458.80,+0008.79,+0015.62,+0000.98,+0000.15,-0000.08,-0015.39
+1580603458.80,+0009.77,+0015.62,+0002.93,+0002.60,-0004.59,-0006.74
+1580603458.81,+0014.65,+0018.55,+0003.91,-0001.15,+0002.99,-0007.12
+1580603458.81,+0000.00,+0017.58,+0004.88,+0005.05,-0000.23,-0005.44
+1580603458.82,+0000.98,+0020.51,+0006.84,+0001.61,-0000.38,-0007.89
+1580603458.82,+0004.88,+0018.55,+0006.84,+0001.53,+0001.53,-0010.95
+1580603458.83,+0000.98,+0018.55,+0006.84,+0001.84,+0000.69,-0010.72
+1580603458.83,-0001.95,+0020.51,+0006.84,+0001.45,+0000.84,-0011.10
+1580603458.84,-0002.93,+0020.51,+0007.81,-0000.77,+0001.38,-0011.87
+1580603458.84,-0003.91,+0019.53,+0007.81,-0002.60,-0000.31,-0006.58
+1580603458.85,-0000.98,+0019.53,+0005.86,+0000.46,+0001.38,-0009.11
+1580603458.85,-0006.84,+0019.53,+0004.88,-0000.77,+0000.69,-0012.79
+1580603458.86,+0002.93,+0019.53,+0004.88,-0000.31,-0011.48,+0001.15
+1580603458.86,-0005.86,+0022.46,+0002.93,-0006.05,-0000.38,-0013.63
+1580603458.87,-0011.72,+0019.53,+0002.93,+0004.82,-0008.27,-0008.19
+1580603458.87,+0011.72,+0024.41,+0001.95,-0000.84,-0003.98,-0013.09
+1580603458.88,+0003.91,+0015.62,+0000.00,+0000.61,+0000.46,-0004.90
+1580603458.88,-0003.91,+0022.46,-0000.98,-0005.44,-0002.22,-0012.17
+1580603458.89,+0000.98,+0021.48,+0000.00,-0001.45,-0003.75,-0011.64
+1580603458.89,+0009.77,+0017.58,-0001.95,-0001.68,-0002.14,-0010.49
+1580603458.90,+0003.91,+0014.65,-0003.91,+0000.15,-0001.91,-0010.41
+1580603458.90,-0000.98,+0017.58,-0004.88,-0004.52,-0002.45,-0011.94
+1580603458.91,+0004.88,+0014.65,-0004.88,-0002.76,-0000.61,-0013.78
+1580603458.91,+0008.79,+0011.72,-0006.84,-0004.06,-0001.45,-0008.88
+1580603458.92,+0006.84,+0009.77,-0008.79,-0002.30,+0001.45,-0011.25
+1580603458.92,-0001.95,+0008.79,-0010.74,-0006.20,-0000.84,-0013.63
+1580603458.93,+0002.93,+0006.84,-0010.74,-0001.68,-0001.38,-0012.71
+1580603458.93,+0011.72,+0003.91,-0013.67,-0005.67,+0003.37,-0010.18
+1580603458.94,+0000.98,+0000.98,-0016.60,-0004.52,-0000.54,-0010.03
+1580603458.94,+0000.00,+0000.00,-0018.55,-0005.51,-0004.21,-0007.35
+1580603458.95,+0006.84,-0002.93,-0021.48,-0004.67,+0000.92,-0010.49
+1580603458.95,-0000.98,-0006.84,-0023.44,-0005.21,-0000.31,-0008.50
+1580603458.96,+0001.95,-0006.84,-0025.39,-0003.60,-0001.76,-0011.71
+1580603458.96,+0003.91,-0010.74,-0027.34,-0008.42,-0001.53,-0008.04
+1580603458.97,-0000.98,-0010.74,-0029.30,-0007.81,+0001.23,-0012.33
+1580603458.97,-0005.86,-0012.70,-0030.27,-0002.14,-0000.61,-0016.15
+1580603458.98,+0001.95,-0013.67,-0031.25,-0006.81,-0001.68,-0013.09
+1580603458.98,+0002.93,-0018.55,-0034.18,-0006.66,+0000.69,-0014.16
+1580603458.99,-0000.98,-0017.58,-0036.13,-0006.05,+0001.68,-0012.10
+1580603458.99,-0003.91,-0018.55,-0038.09,-0008.04,-0004.90,-0008.88
+1580603459.00,+0009.77,-0022.46,-0040.04,-0004.44,-0005.74,-0001.30
+1580603459.00,+0006.84,-0024.41,-0042.97,-0006.12,-0001.84,-0000.61
+1580603459.01,-0000.98,-0023.44,-0042.97,-0000.08,-0002.91,-0004.36
+1580603459.01,+0000.98,-0022.46,-0042.97,-0005.05,-0003.45,-0012.25
+1580603459.02,+0007.81,-0026.37,-0042.97,-0002.37,-0003.83,-0011.48
+1580603459.02,+0005.86,-0026.37,-0042.97,-0004.44,-0000.77,-0013.55
+1580603459.03,-0001.95,-0026.37,-0041.99,-0001.30,-0002.14,-0011.87
+1580603459.03,+0001.95,-0026.37,-0041.99,-0002.99,-0000.08,-0010.80
+1580603459.04,+0000.00,-0028.32,-0041.02,-0000.08,+0002.60,-0011.10
+1580603459.04,-0006.84,-0027.34,-0040.04,-0002.37,+0001.45,-0010.11
+1580603459.05,-0006.84,-0026.37,-0039.06,-0000.69,-0000.84,-0010.41
+1580603459.05,-0005.86,-0028.32,-0039.06,-0000.31,+0002.45,-0010.34
+1580603459.06,-0007.81,-0027.34,-0037.11,+0001.76,-0000.46,-0010.11
+1580603459.06,-0005.86,-0024.41,-0036.13,+0000.46,-0000.61,-0012.02
+1580603459.07,-0002.93,-0025.39,-0034.18,+0000.08,-0002.45,-0010.87
+1580603459.07,-0002.93,-0023.44,-0032.23,-0001.38,-0001.45,-0012.40
+1580603459.08,-0002.93,-0021.48,-0030.27,+0001.45,-0002.37,-0011.41
+1580603459.08,+0001.95,-0020.51,-0028.32,+0001.07,-0000.69,-0013.86
+1580603459.09,+0002.93,-0020.51,-0025.39,+0001.68,-0001.38,-0012.86
+1580603459.09,+0002.93,-0017.58,-0023.44,+0001.15,-0000.31,-0013.09
+1580603459.10,+0001.95,-0017.58,-0020.51,+0004.90,-0002.76,-0013.02
+1580603459.10,+0005.86,-0015.62,-0017.58,+0003.06,-0003.29,-0009.88
+1580603459.11,+0007.81,-0014.65,-0015.62,+0003.22,+0000.15,-0008.65
+1580603459.11,+0002.93,-0012.70,-0011.72,+0002.45,-0000.15,-0007.12
+1580603459.12,+0001.95,-0010.74,-0008.79,+0004.36,+0001.76,-0012.86
+1580603459.12,+0005.86,-0011.72,-0005.86,-0001.84,-0003.14,-0011.41
+1580603459.13,+0011.72,-0011.72,-0003.91,+0001.53,+0000.23,-0006.51
+1580603459.13,+0003.91,-0009.77,-0001.95,+0005.82,+0003.83,-0010.34
+1580603459.14,-0003.91,-0006.84,+0000.98,+0004.29,-0005.13,-0008.58
+1580603459.14,+0006.84,-0007.81,+0002.93,+0002.53,-0001.07,-0010.34
+1580603459.15,+0008.79,-0009.77,+0003.91,+0002.22,+0000.54,-0005.36
+1580603459.15,-0000.98,-0005.86,+0004.88,+0004.06,+0001.61,-0006.97
+1580603459.16,-0006.84,-0003.91,+0007.81,+0001.99,+0001.07,-0009.80
+1580603459.16,+0003.91,-0005.86,+0008.79,+0000.54,+0003.60,-0020.67
+1580603459.17,+0009.77,-0005.86,+0008.79,+0003.22,-0002.22,-0024.65
+1580603459.17,+0004.88,-0001.95,+0009.77,+0000.84,-0002.60,-0015.24
+1580603459.18,+0001.95,-0001.95,+0009.77,+0001.30,-0000.61,-0002.14
+1580603459.18,+0002.93,-0003.91,+0009.77,-0000.31,-0001.00,+0000.31
+1580603459.19,+0000.98,-0003.91,+0009.77,+0001.30,-0000.69,+0003.22
+1580603459.19,+0000.98,-0004.88,+0008.79,-0000.15,-0001.30,-0001.84
+1580603459.20,-0003.91,-0004.88,+0010.74,+0002.68,-0001.23,-0006.51
+1580603459.20,-0005.86,-0004.88,+0011.72,+0001.30,-0000.92,-0009.11
+1580603459.21,-0002.93,-0004.88,+0010.74,+0000.92,+0001.45,-0008.58
+1580603459.21,-0011.72,-0006.84,+0010.74,+0001.91,+0003.22,-0010.34
+1580603459.22,-0012.70,-0005.86,+0010.74,-0002.37,-0000.31,-0009.88
+1580603459.22,-0007.81,-0007.81,+0009.77,-0000.46,+0003.37,-0012.33
+1580603459.23,-0014.65,-0009.77,+0008.79,-0003.14,+0003.14,-0011.03
+1580603459.23,-0013.67,-0007.81,+0007.81,-0003.52,+0002.07,-0010.95
+1580603459.24,-0012.70,-0009.77,+0006.84,-0002.45,+0001.84,-0013.48
+1580603459.24,-0012.70,-0011.72,+0005.86,-0001.61,-0002.07,-0009.72
+1580603459.25,-0010.74,-0010.74,+0004.88,-0001.91,+0001.99,-0012.56
+1580603459.25,-0014.65,-0012.70,+0004.88,-0000.38,-0003.14,-0011.79
+1580603459.26,-0006.84,-0012.70,+0003.91,-0002.60,-0000.38,-0010.87
+1580603459.26,-0008.79,-0014.65,+0002.93,-0001.91,+0004.36,-0013.70
+1580603459.27,-0013.67,-0013.67,+0002.93,-0000.23,+0000.77,-0012.02
+1580603459.27,-0007.81,-0014.65,+0002.93,-0002.07,+0001.38,-0014.55
+1580603459.28,-0007.81,-0016.60,+0001.95,+0000.08,-0000.31,-0014.01
+1580603459.28,-0005.86,-0015.62,+0002.93,+0000.38,+0000.08,-0012.94
+1580603459.29,-0005.86,-0014.65,+0002.93,-0001.00,-0004.67,-0008.12
+1580603459.29,+0002.93,-0015.62,+0001.95,-0001.23,-0000.69,-0004.75
+1580603459.30,-0003.91,-0015.62,+0000.98,-0001.68,+0002.22,-0009.72
+1580603459.30,-0007.81,-0013.67,+0002.93,+0000.00,-0003.29,-0002.68
+1580603459.31,-0001.95,-0014.65,+0001.95,-0003.68,-0000.38,-0006.51
+1580603459.31,-0001.95,-0017.58,+0002.93,+0003.68,-0000.08,-0006.05
+1580603459.32,-0003.91,-0013.67,+0003.91,+0000.92,+0001.07,-0007.96
+1580603459.32,-0004.88,-0013.67,+0004.88,+0003.68,+0000.84,-0009.57
+1580603459.33,-0007.81,-0014.65,+0004.88,+0000.00,+0002.83,-0010.80
+1580603459.33,-0009.77,-0013.67,+0005.86,+0002.22,-0000.46,-0008.04
+1580603459.34,-0010.74,-0011.72,+0006.84,+0003.29,+0006.58,-0015.62
+1580603459.34,-0002.93,-0017.58,+0006.84,+0016.38,+0040.88,-0027.64
+1580603459.35,-0068.36,-0003.91,+0005.86,-0023.12,+0000.15,-0024.58
+1580603459.35,-0031.25,-0012.70,+0009.77,+0021.97,-0017.30,+0001.91
+1580603459.36,+0007.81,-0002.93,+0007.81,-0024.88,-0018.53,+0011.64
+1580603459.36,-0008.79,-0027.34,+0005.86,+0022.51,+0017.76,-0012.40
+1580603459.37,-0031.25,-0001.95,+0009.77,-0005.13,-0010.49,+0006.05
+1580603459.37,-0016.60,-0000.98,+0008.79,-0007.58,-0003.75,-0012.63
+1580603459.38,-0002.93,-0005.86,+0007.81,+0002.14,+0000.46,-0012.33
+1580603459.38,-0004.88,-0005.86,+0008.79,+0001.15,-0006.05,-0002.60
+1580603459.39,-0002.93,+0002.93,+0012.70,+0003.06,+0000.92,-0012.79
+1580603459.39,+0000.00,+0004.88,+0015.62,+0003.29,-0003.83,-0013.70
+1580603459.40,+0008.79,+0004.88,+0018.55,+0005.90,+0000.92,-0010.95
+1580603459.40,+0003.91,+0006.84,+0020.51,+0002.53,-0003.52,-0013.25
+1580603459.41,+0005.86,+0010.74,+0023.44,+0003.06,-0003.52,-0008.96
+1580603459.41,+0007.81,+0010.74,+0024.41,+0003.06,-0000.38,-0012.33
+1580603459.42,+0004.88,+0010.74,+0026.37,+0004.98,-0001.30,-0009.42
+1580603459.42,+0006.84,+0013.67,+0028.32,+0003.37,+0000.92,-0015.54
+1580603459.43,+0005.86,+0013.67,+0030.27,+0006.05,-0001.15,-0011.48
+1580603459.43,+0008.79,+0015.62,+0032.23,+0001.99,+0001.61,-0012.48
+1580603459.44,+0003.91,+0016.60,+0034.18,+0004.36,+0002.30,-0014.39
+1580603459.44,+0004.88,+0019.53,+0035.16,+0003.06,-0001.68,-0012.40
+1580603459.45,+0010.74,+0019.53,+0036.13,+0001.91,+0001.68,-0009.88
+1580603459.45,+0005.86,+0020.51,+0036.13,-0000.15,+0001.99,-0009.49
+1580603459.46,+0001.95,+0023.44,+0037.11,+0000.08,-0001.23,-0008.88
+1580603459.46,+0004.88,+0024.41,+0037.11,+0000.69,+0000.54,-0009.65
+1580603459.47,+0001.95,+0023.44,+0037.11,+0001.23,-0000.46,-0007.73
+1580603459.47,+0003.91,+0025.39,+0037.11,+0000.23,-0000.61,-0008.65
+1580603459.48,+0000.98,+0025.39,+0037.11,+0001.53,-0000.31,-0008.58
+1580603459.48,-0001.95,+0026.37,+0038.09,+0000.31,-0003.60,-0010.34
+1580603459.49,+0000.98,+0027.34,+0039.06,+0003.14,-0003.75,-0010.18
+1580603459.49,+0002.93,+0027.34,+0039.06,+0002.37,-0003.75,-0007.27
+1580603459.50,-0001.95,+0028.32,+0039.06,+0005.28,-0002.60,-0006.74
+1580603459.50,-0005.86,+0031.25,+0039.06,+0002.83,-0005.59,-0011.33
+1580603459.51,+0000.98,+0030.27,+0040.04,+0000.23,-0004.06,-0010.72
+1580603459.51,+0006.84,+0028.32,+0039.06,-0000.61,-0003.68,-0009.65
+1580603459.52,+0001.95,+0029.30,+0037.11,+0000.54,-0003.14,-0010.41
+1580603459.52,+0000.98,+0032.23,+0037.11,-0000.23,-0004.36,-0010.11
+1580603459.53,+0009.77,+0029.30,+0036.13,-0001.38,-0004.06,-0010.26
+1580603459.53,+0012.70,+0027.34,+0035.16,-0000.46,-0003.75,-0008.42
+1580603459.54,+0003.91,+0029.30,+0033.20,-0001.45,-0003.14,-0009.19
+1580603459.54,+0005.86,+0029.30,+0032.23,-0000.08,-0000.08,-0012.25
+1580603459.55,+0008.79,+0025.39,+0029.30,-0004.29,+0000.15,-0014.09
+1580603459.55,+0008.79,+0022.46,+0027.34,-0002.91,-0002.14,-0012.94
+1580603459.56,+0010.74,+0021.48,+0024.41,-0003.98,+0001.68,-0012.17
+1580603459.56,+0004.88,+0018.55,+0021.48,-0002.14,+0002.68,-0012.86
+1580603459.57,+0000.98,+0015.62,+0017.58,-0004.29,+0001.07,-0013.40
+1580603459.57,+0008.79,+0012.70,+0014.65,-0006.28,+0000.00,-0013.09
+1580603459.58,+0008.79,+0008.79,+0010.74,-0003.45,+0000.46,-0009.95
+1580603459.58,+0005.86,+0007.81,+0006.84,-0001.91,-0000.61,-0008.19
+1580603459.59,+0008.79,+0005.86,+0002.93,-0006.66,-0002.76,-0009.72
+1580603459.59,+0010.74,+0000.00,-0000.98,-0005.36,-0000.15,-0008.42
+1580603459.60,+0007.81,-0001.95,-0004.88,-0004.36,+0001.15,-0009.80
+1580603459.60,+0006.84,-0002.93,-0007.81,-0006.20,+0000.69,-0011.48
+1580603459.61,+0012.70,-0007.81,-0011.72,-0005.82,-0001.84,-0012.40
+1580603459.61,+0014.65,-0011.72,-0015.62,-0003.68,+0000.00,-0008.50
+1580603459.62,+0009.77,-0011.72,-0018.55,-0003.22,+0000.84,-0008.04
+1580603459.62,+0007.81,-0014.65,-0020.51,-0006.66,-0002.83,-0001.30
+1580603459.63,+0009.77,-0017.58,-0023.44,-0002.45,+0006.43,-0014.09
+1580603459.63,+0000.98,-0020.51,-0024.41,-0003.37,+0000.84,-0015.39
+1580603459.64,+0005.86,-0020.51,-0024.41,-0000.92,-0001.38,-0015.08
+1580603459.64,+0008.79,-0023.44,-0025.39,-0001.99,+0002.30,-0010.11
+1580603459.65,+0000.00,-0022.46,-0026.37,-0001.68,+0001.91,-0006.20
+1580603459.65,-0000.98,-0021.48,-0027.34,-0001.23,+0001.76,-0007.35
+1580603459.66,+0000.98,-0025.39,-0027.34,-0001.99,-0000.08,-0008.35
+1580603459.66,-0000.98,-0025.39,-0025.39,+0000.31,+0000.69,-0006.12
+1580603459.67,-0002.93,-0020.51,-0024.41,+0001.07,-0000.08,-0006.74
+1580603459.67,-0004.88,-0022.46,-0023.44,+0000.38,+0001.00,-0005.36
+1580603459.68,-0005.86,-0021.48,-0022.46,-0001.15,-0000.54,-0007.35
+1580603459.68,-0004.88,-0019.53,-0020.51,-0000.31,+0003.60,-0013.70
+1580603459.69,-0005.86,-0018.55,-0018.55,-0000.77,-0000.08,-0013.48
+1580603459.69,-0002.93,-0016.60,-0016.60,+0002.07,+0001.68,-0012.79
+1580603459.70,-0006.84,-0015.62,-0014.65,+0000.31,-0001.99,-0010.49
+1580603459.70,-0002.93,-0013.67,-0012.70,+0002.30,-0000.46,-0009.03
+1580603459.71,-0000.98,-0012.70,-0010.74,-0000.92,+0001.00,-0012.86
+1580603459.71,+0000.00,-0010.74,-0008.79,+0003.45,+0001.45,-0010.64
+1580603459.72,+0000.98,-0007.81,-0006.84,-0000.54,+0002.07,-0011.48
+1580603459.72,-0001.95,-0007.81,-0003.91,+0003.60,+0000.69,-0012.86
+1580603459.73,+0003.91,-0005.86,-0001.95,+0001.68,-0000.77,-0012.63
+1580603459.73,+0001.95,-0005.86,-0000.98,+0001.76,-0000.15,-0013.86
+1580603459.74,+0003.91,-0003.91,+0000.98,+0001.00,-0001.07,-0010.64
+1580603459.74,+0004.88,-0002.93,+0002.93,+0003.22,+0002.45,-0010.95
+1580603459.75,-0000.98,-0003.91,+0004.88,+0003.52,+0000.38,-0011.33
+1580603459.75,+0001.95,-0001.95,+0005.86,-0001.07,-0000.84,-0010.64
+1580603459.76,+0005.86,-0004.88,+0004.88,+0001.15,+0002.68,-0013.70
+1580603459.76,+0000.98,-0003.91,+0005.86,+0000.00,-0000.38,-0009.95
+1580603459.77,+0000.98,-0003.91,+0005.86,-0000.61,+0002.99,-0009.49
+1580603459.77,-0001.95,-0005.86,+0005.86,-0002.30,-0001.91,-0004.67
+1580603459.78,+0000.00,-0005.86,+0005.86,+0001.38,+0002.22,-0005.97
+1580603459.78,-0005.86,-0005.86,+0005.86,+0001.61,-0000.54,-0009.49
+1580603459.79,-0006.84,-0005.86,+0005.86,+0002.53,-0000.92,-0011.87
+1580603459.79,-0002.93,-0006.84,+0005.86,-0001.23,+0002.37,-0013.02
+1580603459.80,-0004.88,-0006.84,+0005.86,+0001.61,-0000.69,-0015.01
+1580603459.80,+0004.88,-0007.81,+0004.88,+0006.97,+0016.84,-0019.68
+1580603459.81,-0021.48,-0003.91,+0003.91,-0010.87,-0003.52,-0007.12
+1580603459.81,-0011.72,-0005.86,+0005.86,+0006.89,-0001.15,-0013.55
+1580603459.82,+0000.98,-0004.88,+0005.86,-0003.45,-0001.30,-0021.44
+1580603459.82,-0005.86,-0010.74,+0004.88,+0004.44,+0001.07,-0006.81
+1580603459.83,-0009.77,-0003.91,+0005.86,-0006.05,-0003.45,-0006.74
+1580603459.83,-0004.88,-0002.93,+0006.84,+0003.22,-0000.92,-0013.02
+1580603459.84,+0000.98,-0007.81,+0006.84,+0004.82,-0000.92,-0010.49
+1580603459.84,-0000.98,-0004.88,+0007.81,+0001.76,-0001.53,-0011.48
+1580603459.85,-0001.95,-0001.95,+0008.79,+0001.07,-0005.05,-0008.80
+1580603459.85,+0005.86,-0003.91,+0010.74,+0003.98,-0001.99,-0012.56
+1580603459.86,+0006.84,-0005.86,+0010.74,+0003.45,-0002.53,-0007.81
+1580603459.86,+0005.86,-0001.95,+0012.70,+0000.84,+0001.23,-0011.56
+1580603459.87,+0000.98,-0001.95,+0013.67,+0001.30,-0000.54,-0015.31
+1580603459.87,+0008.79,-0002.93,+0016.60,+0002.45,-0001.76,-0011.41
+1580603459.88,+0013.67,-0003.91,+0016.60,+0002.14,+0001.15,-0013.02
+1580603459.88,+0005.86,-0001.95,+0017.58,+0003.29,-0004.29,-0009.26
+1580603459.89,+0009.77,-0000.98,+0019.53,+0002.83,-0003.75,-0007.73
+1580603459.89,+0007.81,-0002.93,+0020.51,+0000.54,-0001.84,-0007.20
+1580603459.90,+0007.81,-0001.95,+0021.48,+0004.67,-0000.31,-0009.11
+1580603459.90,+0006.84,+0000.00,+0022.46,+0000.54,+0000.77,-0012.56
+1580603459.91,+0004.88,-0000.98,+0022.46,+0003.83,-0001.00,-0011.18
+1580603459.91,+0007.81,+0000.98,+0023.44,-0000.15,+0000.77,-0014.85
+1580603459.92,+0002.93,+0000.00,+0024.41,+0001.91,-0001.07,-0012.48
+1580603459.92,+0008.79,+0001.95,+0024.41,+0002.30,-0004.90,-0006.74
+1580603459.93,+0008.79,+0001.95,+0025.39,+0002.99,+0002.30,-0006.74
+1580603459.93,-0004.88,+0004.88,+0026.37,+0002.45,+0000.23,-0008.58
+1580603459.94,+0000.98,+0007.81,+0027.34,+0001.91,-0003.75,-0010.80
+1580603459.94,+0005.86,+0006.84,+0028.32,+0001.53,+0000.00,-0011.03
+1580603459.95,+0002.93,+0006.84,+0028.32,+0003.75,-0001.53,-0006.58
+1580603459.95,+0002.93,+0011.72,+0029.30,+0001.23,-0000.46,-0008.73
+1580603459.96,-0001.95,+0011.72,+0029.30,+0001.91,-0001.84,-0009.49
+1580603459.96,+0001.95,+0013.67,+0030.27,+0003.06,-0000.38,-0009.95
+1580603459.97,+0000.00,+0014.65,+0031.25,+0001.07,-0001.45,-0007.58
+1580603459.97,-0002.93,+0017.58,+0031.25,+0004.44,+0000.46,-0008.73
+1580603459.98,-0002.93,+0018.55,+0032.23,+0001.45,+0000.77,-0011.64
+1580603459.98,+0000.98,+0019.53,+0033.20,+0001.30,-0002.68,-0011.64
+1580603459.99,+0002.93,+0020.51,+0033.20,+0000.69,+0000.46,-0012.94
+1580603459.99,-0000.98,+0023.44,+0033.20,+0002.45,-0000.15,-0012.33
+1580603460.00,+0000.00,+0025.39,+0034.18,+0000.38,-0003.98,-0009.49
+1580603460.00,+0008.79,+0023.44,+0033.20,+0001.30,+0000.84,-0010.95
+1580603460.01,+0001.95,+0023.44,+0032.23,+0000.61,-0000.46,-0013.09
+1580603460.01,+0001.95,+0028.32,+0033.20,+0001.91,-0002.53,-0009.57
+1580603460.02,+0007.81,+0028.32,+0032.23,-0000.46,-0000.92,-0014.09
+1580603460.02,+0008.79,+0025.39,+0031.25,+0001.30,-0002.83,-0010.57
+1580603460.03,+0008.79,+0027.34,+0030.27,+0000.92,+0000.23,-0012.56
+1580603460.03,+0003.91,+0028.32,+0029.30,-0001.15,-0000.08,-0011.10
+1580603460.04,+0006.84,+0029.30,+0028.32,-0000.69,-0001.61,-0012.10
+1580603460.04,+0010.74,+0026.37,+0027.34,+0000.23,-0001.15,-0008.27
+1580603460.05,+0007.81,+0026.37,+0024.41,+0001.84,+0001.91,-0010.18
+1580603460.05,+0004.88,+0026.37,+0023.44,-0002.30,-0003.14,-0008.27
+1580603460.06,+0010.74,+0027.34,+0021.48,-0001.61,+0001.07,-0008.96
+1580603460.06,+0003.91,+0023.44,+0018.55,+0000.15,+0001.99,-0009.34
+1580603460.07,+0005.86,+0024.41,+0016.60,-0001.45,+0000.61,-0002.91
+1580603460.07,+0002.93,+0023.44,+0014.65,-0001.68,+0001.53,-0009.49
+1580603460.08,-0001.95,+0020.51,+0013.67,-0000.77,-0000.54,-0009.72
+1580603460.08,+0000.98,+0021.48,+0011.72,-0001.53,-0001.99,-0006.97
+1580603460.09,-0003.91,+0018.55,+0008.79,-0001.15,-0000.69,-0007.81
+1580603460.09,-0007.81,+0017.58,+0005.86,-0001.61,+0001.99,-0010.87
+1580603460.10,-0012.70,+0016.60,+0003.91,-0001.91,+0002.45,-0012.25
+1580603460.10,-0006.84,+0013.67,+0001.95,-0002.99,+0003.75,-0008.73
+1580603460.11,-0012.70,+0011.72,-0000.98,-0004.36,+0002.14,-0010.11
+1580603460.11,-0018.55,+0009.77,-0002.93,-0000.15,-0001.84,-0008.19
+1580603460.12,-0012.70,+0009.77,-0004.88,-0002.37,+0000.54,-0012.79
+1580603460.12,-0013.67,+0004.88,-0006.84,+0000.92,+0000.61,-0009.42
+1580603460.13,-0016.60,+0006.84,-0007.81,-0003.37,-0000.54,-0011.41
+1580603460.13,-0013.67,+0005.86,-0008.79,-0002.14,-0003.98,-0010.95
+1580603460.14,-0006.84,+0002.93,-0009.77,-0001.53,-0000.46,-0009.95
+1580603460.14,-0010.74,+0002.93,-0010.74,+0000.61,-0001.68,-0008.27
+1580603460.15,-0010.74,+0003.91,-0010.74,-0000.92,-0001.99,-0008.27
+1580603460.15,-0006.84,+0000.98,-0011.72,-0001.00,-0002.91,-0008.80
+1580603460.16,-0008.79,+0000.98,-0011.72,-0002.76,-0002.14,-0010.49
+1580603460.16,-0006.84,+0000.00,-0011.72,+0000.92,+0000.15,-0012.40
+1580603460.17,-0004.88,+0000.00,-0011.72,+0000.23,-0000.08,-0012.48
+1580603460.17,-0004.88,-0001.95,-0011.72,-0000.15,-0000.54,-0010.64
+1580603460.18,-0003.91,+0000.00,-0010.74,-0003.98,-0001.07,-0014.01
+1580603460.18,-0004.88,-0001.95,-0010.74,+0002.45,+0000.15,-0013.09
+1580603460.19,-0002.93,-0001.95,-0010.74,+0000.31,+0000.84,-0011.64
+1580603460.19,-0003.91,-0001.95,-0009.77,-0000.84,+0001.30,-0014.24
+1580603460.20,-0004.88,-0000.98,-0008.79,-0001.00,+0000.08,-0012.86
+1580603460.20,-0001.95,-0000.98,-0007.81,+0000.38,-0000.61,-0010.41
+1580603460.21,-0001.95,-0001.95,-0007.81,-0000.23,+0001.38,-0008.80
+1580603460.21,-0003.91,-0000.98,-0007.81,-0000.38,-0002.22,-0005.28
+1580603460.22,-0003.91,-0000.98,-0006.84,+0000.46,+0000.54,-0006.74
+1580603460.22,-0006.84,-0001.95,-0007.81,-0000.23,+0001.07,-0005.74
+1580603460.23,-0007.81,-0001.95,-0006.84,+0002.30,-0000.31,-0006.51
+1580603460.23,-0005.86,-0000.98,-0006.84,-0000.61,+0000.15,-0009.49
+1580603460.24,-0005.86,-0000.98,-0005.86,+0000.08,+0001.53,-0011.87
+1580603460.24,-0004.88,+0000.00,-0004.88,+0001.23,-0001.07,-0018.60
+1580603460.25,+0012.70,-0002.93,-0005.86,+0013.86,+0028.71,-0036.60
+1580603460.25,-0044.92,+0002.93,-0006.84,-0029.78,-0020.75,+0006.58
+1580603460.26,+0000.00,+0004.88,-0001.95,+0039.12,+0005.44,-0015.39
+1580603460.26,+0003.91,+0001.95,-0004.88,+0001.68,-0002.14,+0007.81
+1580603460.27,-0008.79,-0009.77,-0004.88,+0000.31,+0006.97,-0014.85
+1580603460.27,-0016.60,+0009.77,-0002.93,-0001.99,-0008.50,-0004.06
+1580603460.28,-0000.98,+0004.88,-0001.95,-0003.60,+0002.91,-0020.83
+1580603460.28,-0000.98,+0000.00,-0003.91,+0000.61,-0005.13,-0009.26
+1580603460.29,-0000.98,+0003.91,-0002.93,+0000.38,+0002.53,-0007.81
+1580603460.29,-0007.81,+0008.79,-0001.95,-0002.60,-0002.99,-0014.47
+1580603460.30,+0001.95,+0005.86,-0000.98,+0003.68,-0003.06,-0008.80
+1580603460.30,+0002.93,+0005.86,+0000.00,+0001.45,+0003.68,-0012.33
+1580603460.31,-0002.93,+0009.77,+0000.98,+0002.99,-0003.22,-0010.41
+1580603460.31,+0003.91,+0010.74,+0001.95,-0002.83,-0003.52,-0012.63
+1580603460.32,+0006.84,+0008.79,+0001.95,-0001.07,-0003.37,-0008.50
+1580603460.32,+0006.84,+0009.77,+0001.95,+0003.52,+0001.07,-0008.65
+1580603460.33,+0003.91,+0014.65,+0002.93,-0001.53,-0002.22,-0010.64
+1580603460.33,+0003.91,+0012.70,+0003.91,+0001.61,-0001.45,-0011.48
+1580603460.34,+0007.81,+0012.70,+0003.91,+0002.45,+0000.92,-0013.09
+1580603460.34,+0003.91,+0013.67,+0003.91,+0000.38,-0002.37,-0008.80
+1580603460.35,+0005.86,+0014.65,+0003.91,-0000.46,-0000.23,-0011.48
+1580603460.35,+0001.95,+0012.70,+0003.91,+0000.15,-0002.22,-0010.64
+1580603460.36,+0005.86,+0013.67,+0002.93,+0001.61,+0001.00,-0010.26
+1580603460.36,+0003.91,+0013.67,+0002.93,-0001.99,+0001.45,-0010.41
+1580603460.37,-0001.95,+0013.67,+0001.95,-0001.99,+0001.00,-0008.35
+1580603460.37,-0002.93,+0013.67,+0001.95,-0002.14,-0001.15,-0008.42
+1580603460.38,-0000.98,+0011.72,+0000.98,+0001.30,+0000.31,-0006.66
+1580603460.38,-0002.93,+0010.74,-0000.98,-0002.37,+0001.84,-0006.35
+1580603460.39,-0006.84,+0010.74,-0001.95,-0002.37,-0003.45,-0009.34
+1580603460.39,-0004.88,+0008.79,-0002.93,+0001.00,+0001.38,-0011.41
+1580603460.40,-0002.93,+0008.79,-0003.91,-0001.84,-0001.76,-0008.88
+1580603460.40,-0002.93,+0008.79,-0004.88,-0001.23,-0002.83,-0006.05
+1580603460.41,-0002.93,+0008.79,-0006.84,-0004.75,-0001.23,-0010.57
+1580603460.41,-0003.91,+0007.81,-0006.84,+0001.91,-0001.07,-0011.33
+1580603460.42,+0000.00,+0007.81,-0007.81,-0003.06,+0000.15,-0011.25
+1580603460.42,-0000.98,+0005.86,-0008.79,-0003.29,-0003.90,-0009.11
+1580603460.43,+0000.98,+0006.84,-0010.74,-0001.07,+0000.08,-0010.95
+1580603460.43,+0000.98,+0005.86,-0011.72,-0002.45,-0000.54,-0009.88
+1580603460.44,+0002.93,+0005.86,-0012.70,-0001.45,-0001.45,-0011.25
+1580603460.44,+0000.00,+0004.88,-0012.70,-0000.54,-0001.76,-0011.48
+1580603460.45,+0000.98,+0003.91,-0012.70,+0001.15,+0000.77,-0011.18
+1580603460.45,+0000.98,+0002.93,-0012.70,-0003.75,-0000.23,-0013.32
+1580603460.46,+0000.98,+0002.93,-0013.67,-0000.38,-0000.46,-0011.33
+1580603460.46,+0004.88,+0001.95,-0014.65,-0002.30,+0000.84,-0011.03
+1580603460.47,+0002.93,+0000.98,-0014.65,-0002.22,-0003.75,-0009.49
+1580603460.47,+0002.93,+0000.98,-0015.62,+0000.31,+0000.77,-0007.73
+1580603460.48,+0002.93,+0000.00,-0015.62,-0002.37,-0000.46,-0010.18
+1580603460.48,+0000.98,+0000.00,-0015.62,-0001.68,-0000.38,-0008.88
+1580603460.49,+0002.93,+0000.00,-0015.62,+0001.23,-0001.45,-0007.04
+1580603460.49,+0002.93,-0001.95,-0016.60,+0000.31,+0001.07,-0012.10
+1580603460.50,+0001.95,-0001.95,-0015.62,-0001.07,-0003.90,-0013.17
+1580603460.50,+0004.88,-0001.95,-0016.60,-0001.53,+0000.54,-0012.40
+1580603460.51,+0000.98,-0003.91,-0016.60,-0000.92,+0000.23,-0009.26
+1580603460.51,+0001.95,-0003.91,-0017.58,-0001.00,-0001.07,-0004.36
+1580603460.52,+0001.95,-0003.91,-0019.53,+0000.31,+0003.22,-0005.36
+1580603460.52,-0001.95,-0004.88,-0019.53,-0002.30,-0001.53,-0005.59
+1580603460.53,-0001.95,-0004.88,-0019.53,-0002.45,-0000.15,-0007.96
+1580603460.53,-0003.91,-0006.84,-0019.53,-0002.14,-0000.61,-0010.72
+1580603460.54,-0002.93,-0006.84,-0020.51,-0002.99,+0000.46,-0012.02
+1580603460.54,-0003.91,-0006.84,-0021.48,-0001.91,+0000.00,-0014.24
+1580603460.55,-0001.95,-0008.79,-0022.46,-0002.30,-0000.77,-0010.49
+1580603460.55,-0003.91,-0009.77,-0023.44,-0004.21,-0000.84,-0008.73
+1580603460.56,-0005.86,-0009.77,-0024.41,+0000.77,+0001.99,-0010.18
+1580603460.56,-0004.88,-0009.77,-0025.39,-0005.44,-0000.61,-0012.02
+1580603460.57,-0005.86,-0011.72,-0026.37,-0002.68,+0001.00,-0010.41
+1580603460.57,-0003.91,-0012.70,-0027.34,-0004.52,-0000.54,-0012.10
+1580603460.58,-0003.91,-0013.67,-0028.32,-0003.90,-0002.30,-0012.56
+1580603460.58,-0000.98,-0013.67,-0029.30,-0000.61,+0002.14,-0014.93
+1580603460.59,-0001.95,-0014.65,-0029.30,-0003.68,-0002.45,-0012.40
+1580603460.59,+0000.98,-0013.67,-0029.30,-0001.76,-0001.99,-0010.80
+1580603460.60,+0002.93,-0015.62,-0030.27,-0000.61,+0001.76,-0010.11
+1580603460.60,-0000.98,-0015.62,-0030.27,-0004.52,+0000.54,-0010.11
+1580603460.61,+0000.00,-0015.62,-0030.27,-0001.84,-0001.76,-0012.17
+1580603460.61,+0002.93,-0017.58,-0029.30,+0000.92,+0000.00,-0011.18
+1580603460.62,+0005.86,-0018.55,-0030.27,-0001.15,+0000.92,-0013.32
+1580603460.62,-0000.98,-0017.58,-0029.30,-0002.45,-0001.76,-0012.33
+1580603460.63,+0002.93,-0017.58,-0029.30,+0000.84,+0000.69,-0013.63
+1580603460.63,+0006.84,-0019.53,-0028.32,-0004.75,-0001.68,-0013.55
+1580603460.64,+0009.77,-0019.53,-0028.32,-0000.23,+0001.30,-0005.28
+1580603460.64,+0005.86,-0018.55,-0027.34,-0003.68,+0000.61,-0009.72
+1580603460.65,-0002.93,-0017.58,-0026.37,+0000.15,-0001.00,-0010.41
+1580603460.65,+0009.77,-0019.53,-0025.39,-0000.46,-0002.60,-0008.96
+1580603460.66,+0012.70,-0021.48,-0025.39,-0002.91,-0004.98,-0004.06
+1580603460.66,+0011.72,-0020.51,-0024.41,+0002.14,+0005.51,+0000.38
+1580603460.67,-0009.77,-0015.62,-0023.44,-0004.44,+0002.91,-0016.00
+1580603460.67,+0000.98,-0020.51,-0021.48,+0006.05,+0001.61,-0019.14
+1580603460.68,+0013.67,-0019.53,-0020.51,-0008.80,-0003.52,-0007.35
+1580603460.68,+0004.88,-0023.44,-0020.51,+0007.73,+0003.29,-0008.35
+1580603460.69,-0005.86,-0016.60,-0019.53,-0001.15,+0000.15,-0007.50
+1580603460.69,-0000.98,-0017.58,-0016.60,-0002.30,-0002.76,-0008.35
+1580603460.70,+0008.79,-0022.46,-0016.60,+0002.76,+0001.84,-0007.43
+1580603460.70,-0001.95,-0020.51,-0015.62,+0001.45,+0002.99,-0010.95
+1580603460.71,-0005.86,-0015.62,-0013.67,+0003.22,-0000.38,-0012.48
+1580603460.71,+0000.98,-0017.58,-0011.72,-0001.53,-0000.08,-0012.71
+1580603460.72,-0000.98,-0020.51,-0010.74,+0000.15,-0000.15,-0011.03
+1580603460.72,-0001.95,-0014.65,-0009.77,+0005.13,-0000.23,-0009.95
+1580603460.73,-0002.93,-0015.62,-0007.81,+0001.53,-0002.14,-0013.09
+1580603460.73,+0000.00,-0016.60,-0006.84,+0002.37,-0000.15,-0010.11
+1580603460.74,+0000.00,-0013.67,-0003.91,+0002.76,-0000.31,-0009.11
+1580603460.74,-0000.98,-0011.72,-0002.93,+0002.45,+0002.37,-0010.95
+1580603460.75,-0002.93,-0011.72,-0000.98,+0002.22,-0001.15,-0011.79
+1580603460.75,+0001.95,-0009.77,+0001.95,+0000.92,-0002.60,-0013.32
+1580603460.76,+0002.93,-0008.79,+0002.93,+0002.45,-0000.15,-0012.63
+1580603460.76,+0002.93,-0007.81,+0004.88,+0002.30,-0001.38,-0013.32
+1580603460.77,+0001.95,-0005.86,+0006.84,+0001.45,-0003.29,-0012.17
+1580603460.77,+0005.86,-0004.88,+0008.79,+0006.66,+0000.23,-0012.48
+1580603460.78,+0006.84,-0004.88,+0010.74,+0004.36,-0002.60,-0010.11
+1580603460.78,+0008.79,-0001.95,+0012.70,+0002.83,+0000.31,-0009.80
+1580603460.79,+0005.86,+0000.00,+0013.67,+0001.23,-0000.61,-0012.40
+1580603460.79,+0002.93,+0000.98,+0015.62,+0002.53,-0000.08,-0011.79
+1580603460.80,+0010.74,+0001.95,+0016.60,+0002.91,-0004.52,-0009.26
+1580603460.80,+0014.65,+0001.95,+0017.58,+0002.07,+0000.84,-0004.59
+1580603460.81,+0005.86,+0005.86,+0018.55,+0002.99,+0000.92,-0008.04
+1580603460.81,-0000.98,+0007.81,+0020.51,+0001.53,-0001.45,-0007.35
+1580603460.81,+0014.65,+0007.81,+0021.48,+0000.46,+0002.99,-0007.89
+1580603460.82,+0002.93,+0006.84,+0019.53,+0003.68,+0004.44,-0011.33
+1580603460.82,-0005.86,+0011.72,+0021.48,+0002.45,-0002.22,-0007.89
+1580603460.83,+0006.84,+0013.67,+0021.48,+0001.15,+0000.69,-0010.80
+1580603460.83,+0004.88,+0007.81,+0021.48,+0002.60,+0002.22,-0008.35
+1580603460.84,-0001.95,+0014.65,+0021.48,-0001.15,-0000.84,-0007.58
+1580603460.84,-0005.86,+0015.62,+0020.51,+0002.30,-0000.54,-0011.18
+1580603460.85,-0003.91,+0013.67,+0020.51,-0001.53,-0001.68,-0007.20
+1580603460.85,-0003.91,+0013.67,+0019.53,+0001.61,+0002.99,-0008.27
+1580603460.86,-0005.86,+0015.62,+0017.58,-0002.60,-0003.14,-0009.11
+1580603460.86,-0002.93,+0014.65,+0016.60,+0000.61,+0002.14,-0012.63
+1580603460.87,-0006.84,+0013.67,+0015.62,-0001.38,-0001.68,-0012.48
+1580603460.87,-0004.88,+0016.60,+0014.65,-0001.15,-0001.61,-0011.10
+1580603460.88,-0001.95,+0016.60,+0013.67,-0003.14,-0000.15,-0012.40
+1580603460.88,-0001.95,+0014.65,+0012.70,-0000.38,-0001.23,-0003.60
+1580603460.89,-0001.95,+0016.60,+0010.74,-0000.69,+0002.53,-0010.87
+1580603460.89,-0010.74,+0016.60,+0008.79,-0002.07,-0001.45,-0011.56
+1580603460.90,+0002.93,+0016.60,+0008.79,-0001.30,-0001.00,-0010.87
+1580603460.90,+0003.91,+0014.65,+0007.81,-0001.99,+0002.22,-0010.95
+1580603460.91,-0006.84,+0015.62,+0006.84,+0001.15,-0002.14,-0008.27
+1580603460.91,-0003.91,+0018.55,+0005.86,-0002.30,-0001.15,-0013.02
+1580603460.92,-0000.98,+0013.67,+0004.88,-0002.91,-0002.68,-0006.58
+1580603460.92,+0000.00,+0012.70,+0002.93,-0000.69,+0005.13,-0014.93
+1580603460.93,-0004.88,+0013.67,+0001.95,-0000.46,-0001.30,-0018.07
+1580603460.93,-0001.95,+0014.65,+0000.98,-0001.91,+0003.68,-0011.79
+1580603460.94,-0000.98,+0012.70,+0000.00,-0000.15,-0001.61,-0007.89
+1580603460.94,-0000.98,+0011.72,-0001.95,-0002.91,-0000.77,-0005.74
+1580603460.95,-0005.86,+0009.77,-0002.93,-0001.07,+0003.22,-0005.36
+1580603460.95,-0007.81,+0007.81,-0003.91,-0002.99,-0001.76,-0006.51
+1580603460.96,-0003.91,+0006.84,-0004.88,-0001.61,+0004.67,-0010.11
+1580603460.96,-0008.79,+0005.86,-0004.88,-0000.54,-0000.54,-0012.33
+1580603460.97,-0007.81,+0005.86,-0005.86,+0000.23,+0003.14,-0012.02
+1580603460.97,-0007.81,+0004.88,-0005.86,-0004.44,-0000.54,-0012.25
+1580603460.98,-0008.79,+0002.93,-0006.84,-0000.31,-0001.76,-0008.88
+1580603460.98,-0004.88,+0001.95,-0007.81,-0001.23,+0001.53,-0011.03
+1580603460.99,-0009.77,-0000.98,-0008.79,-0000.54,-0001.38,-0009.26
+1580603460.99,-0008.79,+0000.00,-0009.77,-0001.45,-0000.69,-0010.11
+1580603461.00,-0005.86,-0001.95,-0010.74,-0001.38,-0001.15,-0013.25
+1580603461.00,-0007.81,-0002.93,-0010.74,+0000.46,+0001.23,-0010.41
+1580603461.01,-0005.86,-0003.91,-0011.72,-0001.00,-0002.83,-0009.19
+1580603461.01,-0003.91,-0003.91,-0010.74,-0000.92,+0000.15,-0009.26
+1580603461.02,-0001.95,-0005.86,-0010.74,+0001.15,-0004.44,-0006.20
+1580603461.02,-0002.93,-0003.91,-0010.74,-0000.77,+0002.76,-0013.40
+1580603461.03,-0010.74,-0003.91,-0009.77,-0001.61,-0005.05,-0010.57
+1580603461.03,+0003.91,-0003.91,-0008.79,+0004.52,-0000.77,-0012.10
+1580603461.04,-0000.98,-0005.86,-0008.79,-0001.38,+0004.44,-0015.31
+1580603461.04,-0005.86,-0004.88,-0007.81,+0003.29,-0003.45,-0010.95
+1580603461.05,+0006.84,-0003.91,-0006.84,-0003.37,-0002.45,-0010.80
+1580603461.05,+0005.86,-0007.81,-0006.84,+0003.06,-0000.31,-0008.27
+1580603461.06,+0000.98,-0003.91,-0005.86,+0001.38,-0001.07,-0009.88
+1580603461.06,+0000.98,-0003.91,-0004.88,+0002.99,-0001.45,-0011.03
+1580603461.07,+0005.86,-0005.86,-0003.91,+0000.77,-0002.07,-0011.64
+1580603461.07,+0008.79,-0005.86,-0002.93,+0002.83,+0000.08,-0010.87
+1580603461.08,+0008.79,-0004.88,-0001.95,+0002.07,+0006.66,-0015.77
+1580603461.08,+0006.84,-0004.88,+0000.00,-0004.36,-0021.59,+0010.41
+1580603461.09,+0019.53,-0003.91,-0000.98,+0011.79,+0027.72,-0010.57
+1580603461.09,-0033.20,-0004.88,-0000.98,+0017.38,-0009.57,+0002.99
+1580603461.10,+0012.70,+0005.86,+0004.88,-0001.30,+0009.19,-0034.38
+1580603461.10,+0014.65,-0006.84,+0001.95,-0012.25,-0012.10,+0004.36
+1580603461.11,-0005.86,-0009.77,+0002.93,+0019.52,+0016.84,-0015.47
+1580603461.11,-0008.79,+0004.88,+0003.91,+0004.06,-0004.75,-0015.85
+1580603461.12,-0001.95,+0001.95,+0004.88,-0005.74,+0005.21,-0008.50
+1580603461.12,+0001.95,-0006.84,+0002.93,+0005.51,-0001.15,-0008.65
+1580603461.13,-0007.81,+0000.98,+0002.93,+0001.07,-0001.15,-0009.72
+1580603461.13,-0007.81,+0003.91,+0003.91,-0002.45,-0001.68,-0013.02
+1580603461.14,-0002.93,-0000.98,+0002.93,-0001.76,+0000.23,-0011.79
+1580603461.14,-0000.98,-0001.95,+0002.93,+0002.07,-0000.15,-0008.42
+1580603461.15,-0004.88,+0005.86,+0002.93,-0001.23,+0000.23,-0013.48
+1580603461.15,-0006.84,+0002.93,+0002.93,+0003.14,-0003.29,-0011.18
+1580603461.16,+0001.95,+0002.93,+0002.93,-0002.76,-0000.23,-0011.56
+1580603461.16,-0002.93,+0002.93,+0002.93,+0003.29,+0002.37,-0012.79
+1580603461.17,-0003.91,+0006.84,+0002.93,-0000.61,-0005.97,-0011.56
+1580603461.17,+0009.77,+0002.93,+0002.93,+0000.08,-0002.30,-0008.27
+1580603461.18,+0007.81,+0002.93,+0001.95,-0001.53,+0001.23,-0010.34
+1580603461.18,-0001.95,+0006.84,+0001.95,-0000.46,-0004.52,-0010.11
+1580603461.19,+0009.77,+0007.81,+0002.93,-0002.30,-0002.22,-0013.40
+1580603461.19,+0012.70,+0002.93,+0001.95,+0000.23,+0000.23,-0011.25
+1580603461.20,+0009.77,+0005.86,+0001.95,+0000.69,-0002.60,-0007.66
+1580603461.20,+0005.86,+0007.81,+0001.95,-0001.38,-0004.06,-0011.10
+1580603461.21,+0012.70,+0005.86,+0002.93,+0000.15,-0000.69,-0010.34
+1580603461.21,+0011.72,+0004.88,+0001.95,+0001.00,+0002.68,-0013.86
+1580603461.22,+0008.79,+0006.84,+0001.95,+0001.07,-0001.99,-0004.36
+1580603461.22,+0009.77,+0006.84,+0000.98,-0000.61,+0002.99,-0008.27
+1580603461.23,+0001.95,+0003.91,+0000.98,-0000.38,-0000.77,-0004.29
+1580603461.23,+0005.86,+0005.86,+0000.98,+0001.38,-0000.92,-0005.97
+1580603461.24,+0003.91,+0002.93,+0000.00,-0000.54,-0001.53,-0009.49
+1580603461.24,+0000.00,+0003.91,-0000.98,+0000.84,+0002.60,-0011.87
+1580603461.25,-0000.98,+0004.88,-0000.98,-0002.22,-0000.84,-0010.87
+1580603461.25,-0000.98,+0002.93,-0000.98,-0002.37,+0003.68,-0010.18
+1580603461.26,-0006.84,+0001.95,-0002.93,-0000.69,-0000.31,-0012.17
+1580603461.26,-0003.91,+0003.91,-0002.93,+0000.46,-0002.99,-0011.71
+1580603461.27,+0004.88,+0000.98,-0004.88,-0001.30,-0002.68,-0004.13
+1580603461.27,-0010.74,+0001.95,-0005.86,-0001.15,-0001.07,-0009.57
+1580603461.28,-0009.77,+0003.91,-0004.88,+0002.68,-0005.74,-0011.41
+1580603461.28,+0007.81,+0002.93,-0005.86,-0003.68,-0003.14,-0012.71
+1580603461.29,+0000.98,-0000.98,-0006.84,-0002.07,+0000.54,-0008.58
+1580603461.29,-0009.77,+0005.86,-0006.84,+0000.00,-0001.30,-0012.17
+1580603461.30,-0002.93,+0005.86,-0005.86,-0000.61,-0002.37,-0016.00
+1580603461.30,+0007.81,+0000.98,-0005.86,-0000.92,-0003.52,-0012.40
+1580603461.31,+0009.77,+0003.91,-0005.86,-0000.15,+0005.44,-0013.55
+1580603461.31,-0007.81,+0007.81,-0006.84,-0000.69,-0003.98,-0013.78
+1580603461.32,+0004.88,+0006.84,-0004.88,+0001.15,-0005.67,-0010.80
+1580603461.32,+0013.67,+0005.86,-0004.88,-0003.14,-0003.06,-0008.73
+1580603461.33,+0006.84,+0005.86,-0004.88,+0006.43,+0001.84,-0008.12
+1580603461.33,-0000.98,+0011.72,-0004.88,-0002.99,+0000.38,-0012.25
+1580603461.34,+0002.93,+0006.84,-0002.93,+0001.99,-0004.75,-0010.18
+1580603461.34,+0015.62,+0007.81,-0002.93,-0002.76,+0004.06,-0017.84
+1580603461.35,+0005.86,+0005.86,-0002.93,+0002.60,-0005.90,-0012.79
+1580603461.35,+0007.81,+0010.74,-0002.93,-0001.07,+0000.15,-0015.93
+1580603461.36,+0010.74,+0005.86,-0001.95,+0001.00,-0000.77,-0014.32
+1580603461.36,+0010.74,+0006.84,-0002.93,-0001.38,-0001.76,-0004.06
+1580603461.37,+0009.77,+0005.86,-0002.93,-0000.54,-0000.61,-0003.98
+1580603461.37,+0002.93,+0004.88,-0003.91,+0000.61,+0002.45,-0006.81
+1580603461.38,+0005.86,+0003.91,-0003.91,+0002.53,-0001.61,-0010.03
+1580603461.38,+0011.72,+0001.95,-0003.91,-0001.53,-0001.53,-0010.87
+1580603461.39,+0008.79,+0000.98,-0004.88,+0000.77,+0001.15,-0009.42
+1580603461.39,+0002.93,+0001.95,-0004.88,+0000.08,-0002.53,-0009.49
+1580603461.40,+0003.91,+0000.98,-0004.88,+0000.38,-0000.84,-0010.11
+1580603461.40,+0007.81,-0000.98,-0005.86,-0002.68,+0001.84,-0011.33
+1580603461.41,+0003.91,-0001.95,-0006.84,-0000.54,-0000.92,-0010.49
+1580603461.41,+0005.86,-0001.95,-0006.84,-0002.30,+0000.00,-0010.11
+1580603461.42,+0005.86,-0003.91,-0007.81,-0001.45,+0000.54,-0010.72
+1580603461.42,+0004.88,-0004.88,-0008.79,-0001.76,-0002.22,-0012.10
+1580603461.43,+0005.86,-0004.88,-0008.79,-0001.76,+0000.08,-0010.64
+1580603461.43,+0001.95,-0005.86,-0009.77,-0001.68,-0006.12,-0008.35
+1580603461.44,+0007.81,-0006.84,-0010.74,+0000.38,+0000.38,-0009.26
+1580603461.44,+0008.79,-0007.81,-0010.74,-0001.15,-0000.46,-0012.86
+1580603461.45,+0004.88,-0007.81,-0009.77,+0000.69,-0004.90,-0012.56
+1580603461.45,+0010.74,-0007.81,-0009.77,-0001.23,-0002.14,-0011.79
+1580603461.46,+0013.67,-0009.77,-0009.77,+0001.76,-0002.14,-0011.64
+1580603461.46,+0009.77,-0008.79,-0009.77,-0001.53,+0001.38,-0010.49
+1580603461.47,+0010.74,-0008.79,-0008.79,+0000.46,+0000.69,-0014.32
+1580603461.47,+0010.74,-0009.77,-0007.81,-0001.76,-0003.37,-0011.25
+1580603461.48,+0017.58,-0010.74,-0007.81,+0005.05,-0001.00,-0005.97
+1580603461.48,+0010.74,-0009.77,-0007.81,+0001.07,+0001.45,-0011.18
+1580603461.49,+0004.88,-0009.77,-0005.86,+0002.60,-0006.05,-0010.57
+1580603461.49,+0017.58,-0010.74,-0004.88,-0000.46,+0001.00,-0011.25
+1580603461.50,+0016.60,-0012.70,-0004.88,+0000.54,-0005.51,-0005.74
+1580603461.50,+0010.74,-0008.79,-0004.88,+0002.68,+0009.65,-0017.53
+1580603461.51,-0017.58,-0007.81,-0003.91,-0000.77,-0006.35,-0002.14
+1580603461.51,+0004.88,-0005.86,-0000.98,+0010.11,+0003.22,-0021.36
+1580603461.52,+0008.79,-0014.65,-0001.95,-0010.18,-0000.77,-0010.26
+1580603461.52,-0009.77,-0009.77,-0001.95,+0000.77,+0002.07,-0008.27
+1580603461.53,-0012.70,-0003.91,-0000.98,-0000.31,-0002.22,-0011.41
+1580603461.53,-0003.91,-0009.77,+0000.00,-0003.37,-0000.23,-0012.02
+1580603461.54,+0000.00,-0011.72,-0001.95,+0001.07,+0007.20,-0008.42
+1580603461.54,-0016.60,-0004.88,-0001.95,-0001.38,-0000.77,-0007.20
+1580603461.55,-0018.55,-0004.88,-0000.98,-0000.31,-0002.91,-0010.80
+1580603461.55,-0003.91,-0008.79,-0000.98,+0000.23,+0001.07,-0012.63
+1580603461.56,-0005.86,-0007.81,-0001.95,+0001.30,-0001.45,-0010.57
+1580603461.56,-0005.86,-0002.93,-0000.98,+0000.23,-0001.68,-0011.64
+1580603461.57,-0006.84,-0001.95,-0000.98,+0001.30,-0000.69,-0015.62
+1580603461.57,-0001.95,-0002.93,+0000.00,+0002.83,-0001.68,-0010.34
+1580603461.58,+0002.93,-0000.98,+0000.00,+0000.23,+0000.15,-0010.80
+1580603461.58,-0002.93,+0000.00,+0000.00,+0001.07,+0000.38,-0010.11
+1580603461.59,-0003.91,+0001.95,+0000.00,+0003.14,-0000.46,-0013.55
+1580603461.59,+0006.84,+0000.98,+0000.98,+0001.15,-0002.91,-0007.81
+1580603461.60,+0011.72,+0001.95,+0001.95,+0001.38,+0002.83,-0012.79
+1580603461.60,-0001.95,+0004.88,+0002.93,+0000.77,+0000.00,-0009.80
+1580603461.61,+0002.93,+0008.79,+0004.88,-0003.75,-0002.45,-0011.33
+1580603461.61,+0010.74,+0004.88,+0005.86,+0003.52,+0001.61,-0011.41
+1580603461.62,+0003.91,+0006.84,+0005.86,+0002.60,+0001.76,-0011.33
+1580603461.62,+0002.93,+0009.77,+0006.84,+0000.00,-0002.45,-0009.49
+1580603461.63,+0007.81,+0008.79,+0006.84,-0000.08,+0003.68,-0010.72
+1580603461.63,+0001.95,+0007.81,+0006.84,+0003.52,-0000.46,-0007.50
+1580603461.64,+0002.93,+0010.74,+0007.81,-0002.14,-0002.53,-0006.05
+1580603461.64,+0005.86,+0007.81,+0005.86,+0000.92,+0005.44,-0008.73
+1580603461.65,-0001.95,+0007.81,+0004.88,-0001.23,-0001.23,-0005.82
+1580603461.65,-0002.93,+0009.77,+0004.88,+0004.21,+0000.84,-0015.31
+1580603461.66,+0001.95,+0008.79,+0005.86,-0003.52,-0001.45,-0010.49
+1580603461.66,+0004.88,+0007.81,+0004.88,+0000.15,+0004.67,-0008.27
+1580603461.67,-0005.86,+0007.81,+0003.91,-0002.53,-0001.53,-0008.73
+1580603461.67,-0003.91,+0010.74,+0002.93,+0001.15,-0001.91,-0009.72
+1580603461.68,+0003.91,+0007.81,+0002.93,-0001.30,+0000.38,-0011.94
+1580603461.68,-0000.98,+0006.84,+0000.98,+0001.61,-0000.61,-0009.49
+1580603461.69,-0002.93,+0007.81,+0000.00,-0003.37,-0001.00,-0008.80
+1580603461.69,+0001.95,+0007.81,-0000.98,+0000.08,-0001.68,-0012.63
+1580603461.70,+0002.93,+0004.88,-0001.95,+0000.77,-0001.53,-0010.03
+1580603461.70,+0001.95,+0006.84,-0002.93,-0000.31,+0000.00,-0009.80
+1580603461.71,+0002.93,+0006.84,-0002.93,-0001.00,-0003.52,-0006.74
+1580603461.71,+0006.84,+0006.84,-0002.93,+0000.15,-0000.15,-0007.66
+1580603461.72,+0000.98,+0004.88,-0003.91,+0000.31,-0002.22,-0011.48
+1580603461.72,+0004.88,+0007.81,-0002.93,-0000.61,-0000.77,-0012.94
+1580603461.73,+0004.88,+0005.86,-0003.91,-0001.68,+0000.46,-0013.70
+1580603461.73,+0003.91,+0005.86,-0003.91,+0000.23,-0000.46,-0009.65
+1580603461.74,+0003.91,+0005.86,-0003.91,-0000.15,+0001.15,-0011.03
+1580603461.74,+0001.95,+0005.86,-0003.91,+0000.23,-0001.15,-0008.04
+1580603461.75,+0001.95,+0006.84,-0003.91,+0000.38,+0001.68,-0007.96
+1580603461.75,+0002.93,+0005.86,-0003.91,-0000.92,+0003.22,-0019.29
+1580603461.76,+0006.84,+0004.88,-0003.91,+0000.08,-0003.29,-0021.13
+1580603461.76,+0010.74,+0005.86,-0003.91,-0001.53,-0002.60,-0020.75
+1580603461.77,+0001.95,+0005.86,-0003.91,+0001.91,-0004.06,+0003.68
+1580603461.77,+0000.00,+0005.86,-0005.86,-0004.75,-0000.38,+0005.97
+1580603461.78,-0005.86,+0003.91,-0005.86,+0001.23,+0005.90,+0006.28
+1580603461.78,-0006.84,+0001.95,-0005.86,-0000.15,-0000.77,+0002.53
+1580603461.79,-0014.65,+0002.93,-0005.86,+0001.23,+0002.91,-0008.65
+1580603461.79,-0011.72,+0002.93,-0003.91,-0000.69,-0003.06,-0011.10
+1580603461.80,-0007.81,+0000.98,-0004.88,-0000.69,+0002.99,-0013.55
+1580603461.80,-0018.55,+0000.98,-0004.88,-0000.38,+0000.23,-0007.96
+1580603461.81,-0020.51,+0004.88,-0004.88,-0001.23,+0001.99,-0010.64
+1580603461.81,-0022.46,+0001.95,-0005.86,-0001.00,+0000.84,-0010.87
+1580603461.82,-0017.58,+0000.00,-0006.84,-0001.76,-0001.91,-0010.64
+1580603461.82,-0021.48,+0000.00,-0008.79,-0002.99,-0001.68,-0009.65
+1580603461.83,-0023.44,+0000.00,-0009.77,-0002.22,-0001.23,-0009.57
+1580603461.83,-0020.51,-0000.98,-0011.72,-0002.30,-0000.61,-0008.88
+1580603461.84,-0018.55,-0002.93,-0013.67,-0002.60,-0001.07,-0006.51
+1580603461.84,-0021.48,-0001.95,-0014.65,-0004.29,-0000.69,-0010.72
+1580603461.85,-0018.55,-0003.91,-0015.62,-0000.15,-0001.23,-0012.79
+1580603461.85,-0013.67,-0005.86,-0016.60,-0004.98,-0001.53,-0011.18
+1580603461.86,-0016.60,-0004.88,-0017.58,-0001.30,-0000.38,-0015.01
+1580603461.86,-0016.60,-0004.88,-0018.55,-0003.37,-0002.45,-0018.07
+1580603461.87,-0003.91,-0007.81,-0019.53,-0001.76,-0002.68,-0012.17
+1580603461.87,-0001.95,-0009.77,-0021.48,-0002.99,-0001.30,-0010.87
+1580603461.88,-0010.74,-0007.81,-0022.46,+0000.08,+0001.68,-0010.72
+1580603461.88,-0010.74,-0007.81,-0022.46,-0003.83,-0002.53,-0012.79
+1580603461.89,-0002.93,-0010.74,-0022.46,-0001.38,-0002.14,-0010.57
+1580603461.89,-0001.95,-0010.74,-0023.44,-0002.76,-0000.38,-0009.26
+1580603461.90,-0006.84,-0008.79,-0023.44,-0000.31,+0001.07,-0011.41
+1580603461.90,-0003.91,-0009.77,-0022.46,+0001.30,-0003.52,-0010.72
+1580603461.91,+0003.91,-0012.70,-0023.44,-0002.14,-0000.84,-0009.11
+1580603461.91,-0002.93,-0011.72,-0023.44,-0003.45,-0003.90,-0002.83
+1580603461.92,+0009.77,-0013.67,-0023.44,+0002.68,+0012.02,+0018.30
+1580603461.92,-0044.92,-0003.91,-0025.39,+0003.52,+0016.38,-0050.61
+1580603461.93,-0017.58,-0015.62,-0021.48,+0022.36,+0026.34,-0042.57
+1580603461.93,+0009.77,+0003.91,-0024.41,-0031.08,-0014.09,-0022.36
+1580603461.94,+0001.95,-0037.11,-0028.32,+0000.00,-0011.94,+0016.84
+1580603461.94,+0007.81,-0001.95,-0022.46,+0020.75,+0010.80,-0002.91
+1580603461.95,-0016.60,-0019.53,-0025.39,+0019.37,+0003.29,+0003.06
+1580603461.95,-0005.86,-0003.91,-0020.51,-0008.65,-0004.29,-0007.35
+1580603461.96,+0003.91,-0015.62,-0021.48,-0000.69,-0006.28,-0013.48
+1580603461.96,+0000.00,-0018.55,-0022.46,-0009.03,-0007.73,-0009.95
+1580603461.97,-0004.88,-0015.62,-0022.46,-0000.69,+0003.37,-0012.40
+1580603461.97,-0001.95,-0015.62,-0021.48,+0004.44,-0002.99,-0011.48
+1580603461.98,+0005.86,-0019.53,-0021.48,-0000.77,-0004.82,-0011.18
+1580603461.98,+0000.98,-0018.55,-0020.51,+0000.00,-0000.92,-0013.02
+1580603461.99,-0005.86,-0017.58,-0019.53,+0000.92,-0000.08,-0013.17
+1580603461.99,+0000.00,-0018.55,-0018.55,+0001.30,-0002.30,-0012.48
+1580603462.00,+0001.95,-0021.48,-0017.58,+0002.30,-0001.23,-0005.97
+1580603462.00,+0000.98,-0020.51,-0017.58,+0000.23,-0000.84,-0006.58
+1580603462.01,-0003.91,-0018.55,-0016.60,-0001.76,+0001.68,-0008.65
+1580603462.01,-0000.98,-0021.48,-0015.62,+0000.38,-0001.91,-0007.04
+1580603462.02,+0003.91,-0022.46,-0015.62,-0001.07,+0001.91,-0012.56
+1580603462.02,-0001.95,-0022.46,-0013.67,+0001.53,-0001.61,-0009.88
+1580603462.03,-0001.95,-0020.51,-0013.67,+0000.15,+0001.15,-0014.32
+1580603462.03,-0001.95,-0022.46,-0011.72,+0000.46,-0001.84,-0012.40
+1580603462.04,+0000.98,-0020.51,-0010.74,-0001.53,+0000.46,-0010.72
+1580603462.04,-0003.91,-0021.48,-0009.77,+0001.76,+0000.84,-0012.40
+1580603462.05,-0001.95,-0019.53,-0008.79,+0000.15,-0002.91,-0007.58
+1580603462.05,-0002.93,-0019.53,-0007.81,+0000.38,-0001.45,-0007.73
+1580603462.06,-0004.88,-0019.53,-0005.86,+0000.46,-0000.69,-0007.43
+1580603462.06,-0002.93,-0018.55,-0004.88,+0000.69,+0000.08,-0008.12
+1580603462.07,-0001.95,-0017.58,-0002.93,-0000.92,-0002.45,-0006.58
+1580603462.07,-0007.81,-0015.62,-0002.93,+0000.00,+0000.54,-0011.71
+1580603462.08,-0007.81,-0014.65,-0001.95,+0002.68,-0004.21,-0014.93
+1580603462.08,+0000.00,-0014.65,+0000.00,+0000.69,-0001.84,-0011.18
+1580603462.09,-0004.88,-0012.70,+0000.00,+0001.61,+0001.23,-0010.18
+1580603462.09,-0013.67,-0009.77,+0001.95,+0000.77,-0003.29,-0008.19
+1580603462.10,-0004.88,-0009.77,+0002.93,+0001.76,-0001.68,-0013.78
+1580603462.10,-0001.95,-0010.74,+0003.91,-0000.54,+0000.31,-0009.80
+1580603462.11,-0007.81,-0006.84,+0004.88,-0000.23,-0000.08,-0012.10
+1580603462.11,-0011.72,-0005.86,+0005.86,+0001.53,-0001.84,-0011.64
+1580603462.12,-0003.91,-0005.86,+0005.86,+0000.46,-0002.07,-0011.25
+1580603462.12,-0002.93,-0007.81,+0006.84,+0003.98,+0000.77,-0011.64
+1580603462.13,-0003.91,-0004.88,+0006.84,-0000.77,-0003.98,-0008.73
+1580603462.13,-0001.95,-0004.88,+0006.84,+0002.83,-0001.99,-0009.88
+1580603462.14,-0000.98,-0004.88,+0006.84,-0001.38,-0000.61,-0009.88
+1580603462.14,+0000.98,-0004.88,+0007.81,+0002.30,+0000.46,-0012.56
+1580603462.15,-0001.95,-0003.91,+0008.79,-0002.76,-0001.91,-0011.87
+1580603462.15,+0001.95,-0004.88,+0008.79,+0003.83,+0000.38,-0013.25
+1580603462.16,+0004.88,-0004.88,+0008.79,+0001.30,+0002.14,-0012.33
+1580603462.16,+0000.98,-0004.88,+0008.79,+0000.46,-0002.68,-0011.48
+1580603462.17,+0004.88,-0004.88,+0009.77,-0000.92,-0001.23,-0010.49
+1580603462.17,+0010.74,-0006.84,+0009.77,+0001.38,-0005.44,-0003.22
+1580603462.18,+0003.91,-0005.86,+0008.79,+0001.91,+0003.06,-0008.65
+1580603462.18,-0005.86,-0004.88,+0009.77,+0000.23,-0005.05,-0006.97
+1580603462.19,+0006.84,-0004.88,+0009.77,+0000.92,+0000.54,-0009.49
+1580603462.19,+0002.93,-0008.79,+0008.79,-0000.23,+0003.06,-0009.80
+1580603462.20,-0001.95,-0007.81,+0008.79,+0000.38,-0000.08,-0001.53
+1580603462.20,-0004.88,-0005.86,+0008.79,+0000.38,+0004.90,-0006.81
+1580603462.21,-0011.72,-0008.79,+0007.81,-0001.61,-0000.77,-0005.90
+1580603462.21,-0004.88,-0007.81,+0008.79,-0001.23,+0000.69,-0008.35
+1580603462.22,-0007.81,-0009.77,+0007.81,+0000.00,+0000.08,-0005.74
+1580603462.22,-0013.67,-0007.81,+0007.81,+0001.53,+0004.29,-0008.19
+1580603462.23,-0022.46,-0006.84,+0007.81,-0000.38,+0002.22,-0014.16
+1580603462.23,-0013.67,-0007.81,+0007.81,+0003.14,-0001.15,-0012.56
+1580603462.24,-0011.72,-0008.79,+0007.81,-0002.91,+0003.98,-0012.10
+1580603462.24,-0022.46,-0006.84,+0007.81,+0003.83,+0002.30,-0014.70
+1580603462.25,-0015.62,-0004.88,+0007.81,+0001.45,-0000.61,-0013.48
+1580603462.25,-0008.79,-0006.84,+0007.81,-0001.99,+0001.45,-0008.19
+1580603462.26,-0011.72,-0006.84,+0007.81,+0000.77,-0001.45,-0006.81
+1580603462.26,-0018.55,-0001.95,+0008.79,+0001.00,+0003.14,-0012.71
+1580603462.27,-0010.74,-0002.93,+0009.77,+0002.45,-0000.23,-0010.95
+1580603462.27,-0006.84,-0002.93,+0010.74,+0001.91,+0005.05,-0013.48
+1580603462.28,-0012.70,-0001.95,+0011.72,+0001.30,-0006.20,-0006.20
+1580603462.28,-0008.79,+0002.93,+0013.67,-0001.91,-0001.99,-0011.03
+1580603462.29,-0009.77,-0000.98,+0014.65,+0003.37,+0000.15,-0010.26
+1580603462.29,-0009.77,+0003.91,+0015.62,+0002.45,+0001.23,-0011.64
+1580603462.30,-0009.77,+0002.93,+0015.62,+0000.31,-0001.61,-0011.64
+1580603462.30,-0007.81,+0004.88,+0017.58,-0000.46,+0000.92,-0011.41
+1580603462.31,-0010.74,+0004.88,+0017.58,+0002.76,+0001.53,-0007.89
+1580603462.31,-0013.67,+0008.79,+0019.53,+0004.98,+0000.08,-0012.63
+1580603462.32,-0009.77,+0008.79,+0020.51,+0005.51,-0003.14,-0012.48
+1580603462.32,-0004.88,+0010.74,+0020.51,-0001.30,+0000.69,-0010.87
+1580603462.33,-0008.79,+0009.77,+0020.51,+0003.06,+0002.53,-0010.11
+1580603462.33,-0014.65,+0013.67,+0020.51,+0000.15,-0000.46,-0011.41
+1580603462.34,-0004.88,+0011.72,+0020.51,-0000.23,-0008.80,+0005.44
+1580603462.34,+0004.88,+0010.74,+0019.53,+0006.20,+0008.96,-0016.69
+1580603462.35,-0017.58,+0010.74,+0017.58,-0007.12,-0005.67,+0004.98
+1580603462.35,-0002.93,+0014.65,+0018.55,+0006.51,+0000.54,-0008.88
+1580603462.36,+0003.91,+0008.79,+0017.58,+0005.13,+0001.99,-0009.34
+1580603462.36,-0000.98,+0009.77,+0017.58,-0003.68,-0002.83,-0002.14
+1580603462.37,-0004.88,+0009.77,+0016.60,+0002.22,-0000.38,-0007.50
+1580603462.37,-0004.88,+0012.70,+0016.60,-0003.75,-0001.07,-0009.11
+1580603462.38,+0000.98,+0007.81,+0014.65,+0001.99,+0000.08,-0011.18
+1580603462.38,-0001.95,+0006.84,+0013.67,-0003.68,+0000.31,-0010.72
+1580603462.39,-0004.88,+0007.81,+0012.70,+0000.38,+0000.77,-0010.87
+1580603462.39,-0006.84,+0007.81,+0011.72,+0000.00,+0000.08,-0010.95
+1580603462.40,-0004.88,+0005.86,+0010.74,-0002.07,+0002.91,-0012.94
+1580603462.40,-0005.86,+0004.88,+0008.79,-0002.22,-0002.14,-0010.26
+1580603462.41,-0006.84,+0004.88,+0006.84,-0003.52,+0001.76,-0011.25
+1580603462.41,-0010.74,+0002.93,+0005.86,-0001.30,-0000.61,-0013.09
+1580603462.42,-0004.88,+0001.95,+0004.88,-0004.13,-0000.61,-0007.04
+1580603462.42,-0005.86,+0000.98,+0003.91,-0000.15,+0002.07,-0012.56
+1580603462.43,-0011.72,+0000.00,+0001.95,-0002.30,-0006.20,-0004.52
+1580603462.43,-0000.98,-0001.95,+0000.00,-0000.92,+0003.14,-0010.95
+1580603462.44,-0008.79,-0004.88,-0000.98,-0001.99,+0000.69,-0012.02
+1580603462.44,-0002.93,-0003.91,-0001.95,+0001.38,-0001.00,-0010.72
+1580603462.45,+0000.98,-0005.86,-0002.93,-0004.90,+0001.00,-0016.46
+1580603462.45,-0000.98,-0006.84,-0002.93,+0000.08,-0004.44,-0006.81
+1580603462.46,+0003.91,-0004.88,-0002.93,+0001.07,-0001.00,-0016.54
+1580603462.46,+0003.91,-0007.81,-0002.93,+0004.06,-0002.83,-0011.56
+1580603462.47,+0005.86,-0005.86,-0002.93,-0004.90,-0003.98,-0004.06
+1580603462.47,+0006.84,-0008.79,-0002.93,+0001.76,-0001.15,-0008.88
+1580603462.48,+0000.00,-0006.84,-0003.91,+0001.23,-0001.76,-0006.97
+1580603462.48,+0000.00,-0007.81,-0003.91,+0001.84,+0000.31,-0008.27
+1580603462.49,+0000.00,-0008.79,-0003.91,-0001.45,+0000.00,-0005.74
+1580603462.49,-0005.86,-0008.79,-0002.93,+0001.76,+0004.13,-0011.64
+1580603462.50,-0006.84,-0007.81,-0001.95,+0001.84,+0002.07,-0012.86
+1580603462.50,-0004.88,-0006.84,-0000.98,+0000.00,-0001.15,-0010.34
+1580603462.51,-0006.84,-0007.81,-0000.98,-0001.45,+0003.37,-0010.03
+1580603462.51,-0007.81,-0006.84,-0000.98,-0000.31,+0006.74,-0006.43
+1580603462.52,-0012.70,-0005.86,-0000.98,-0000.15,+0002.83,-0016.00
+1580603462.52,-0020.51,-0005.86,+0000.00,-0001.30,-0004.67,-0010.57
+1580603462.53,+0000.98,-0004.88,+0000.00,+0004.06,-0006.20,-0009.26
+1580603462.53,-0005.86,-0007.81,+0000.00,-0001.53,-0001.07,-0009.11
+1580603462.54,-0018.55,-0003.91,+0000.98,+0001.23,-0003.68,-0012.94
+1580603462.54,-0003.91,-0000.98,+0001.95,+0002.30,-0002.14,-0018.76
+1580603462.55,-0000.98,-0004.88,+0001.95,-0001.45,+0002.07,-0016.92
+1580603462.55,-0000.98,-0001.95,+0002.93,+0000.31,+0001.30,-0010.49
+1580603462.56,-0002.93,+0000.98,+0003.91,+0001.38,-0004.59,-0011.94
+1580603462.56,-0000.98,+0000.98,+0005.86,+0001.68,-0000.15,-0010.18
+1580603462.57,+0006.84,-0000.98,+0006.84,+0001.91,+0001.84,-0012.25
+1580603462.57,+0003.91,+0002.93,+0007.81,+0001.45,-0003.14,-0010.95
+1580603462.58,+0002.93,+0004.88,+0008.79,+0002.91,-0001.45,-0008.58
+1580603462.58,+0002.93,+0005.86,+0009.77,+0001.38,-0001.61,-0002.91
+1580603462.59,+0003.91,+0004.88,+0010.74,+0002.68,+0005.97,-0016.46
+1580603462.59,+0010.74,+0005.86,+0011.72,+0001.00,-0002.91,-0031.01
+1580603462.60,+0020.51,+0007.81,+0013.67,+0003.06,-0002.76,-0038.36
+1580603462.60,+0024.41,+0009.77,+0015.62,+0004.06,+0000.08,-0023.89
+1580603462.61,+0018.55,+0012.70,+0014.65,-0001.76,-0003.90,-0017.15
+1580603462.61,+0022.46,+0013.67,+0015.62,+0002.30,-0004.36,-0009.11
+1580603462.62,+0031.25,+0013.67,+0014.65,+0001.30,-0001.61,-0004.98
+1580603462.62,+0029.30,+0009.77,+0013.67,+0004.21,-0001.30,-0002.14
+1580603462.63,+0022.46,+0011.72,+0012.70,-0000.92,-0002.60,-0002.91
+1580603462.63,+0024.41,+0011.72,+0012.70,+0001.76,+0002.60,-0009.03
+1580603462.64,+0025.39,+0011.72,+0012.70,+0000.77,+0001.00,-0007.20
+1580603462.64,+0025.39,+0010.74,+0012.70,-0003.22,+0002.14,-0007.50
+1580603462.65,+0019.53,+0010.74,+0011.72,+0000.84,-0001.76,-0009.95
+1580603462.65,+0017.58,+0010.74,+0011.72,-0001.07,+0002.14,-0009.19
+1580603462.66,+0016.60,+0009.77,+0010.74,-0002.14,-0002.76,-0009.49
+1580603462.66,+0017.58,+0008.79,+0009.77,+0000.31,+0003.22,-0008.58
+1580603462.67,+0016.60,+0008.79,+0006.84,-0003.90,-0000.31,-0008.80
+1580603462.67,+0010.74,+0007.81,+0004.88,-0004.59,+0002.53,-0009.57
+1580603462.68,+0010.74,+0007.81,+0002.93,-0003.75,-0000.54,-0013.25
+1580603462.68,+0009.77,+0005.86,+0000.98,-0001.99,-0003.83,-0012.17
+1580603462.69,+0017.58,+0003.91,-0001.95,-0005.59,+0000.84,-0009.11
+1580603462.69,+0015.62,+0003.91,-0003.91,-0003.22,+0004.82,-0014.24
+1580603462.70,+0002.93,+0004.88,-0005.86,-0004.67,-0002.53,-0014.09
+1580603462.70,+0013.67,+0002.93,-0006.84,-0002.45,-0004.59,-0016.31
+1580603462.71,+0024.41,+0000.00,-0009.77,-0000.84,-0000.46,-0017.00
+1580603462.71,+0021.48,-0002.93,-0011.72,+0001.38,-0001.53,-0009.88
+1580603462.72,+0016.60,+0000.98,-0012.70,-0005.97,-0000.92,-0012.71
+1580603462.72,+0016.60,-0001.95,-0012.70,-0001.45,-0001.84,-0013.25
+1580603462.73,+0025.39,-0001.95,-0013.67,-0002.60,-0002.68,-0015.08
+1580603462.73,+0026.37,-0004.88,-0014.65,-0001.91,+0001.07,-0017.15
+1580603462.74,+0042.97,-0007.81,-0015.62,-0006.66,-0022.20,+0005.05
+1580603462.74,+0066.41,-0011.72,-0018.55,+0010.49,+0015.01,+0041.65
+1580603462.75,-0060.55,-0004.88,-0021.48,-0024.81,-0028.40,+0019.83
+1580603462.75,+0000.98,+0005.86,-0009.77,+0032.16,+0022.74,-0041.65
+1580603462.76,+0033.20,-0003.91,-0013.67,-0048.85,-0023.81,-0025.65
+1580603462.76,+0020.51,-0029.30,-0014.65,-0003.60,+0012.79,-0026.41
+1580603462.77,-0033.20,+0003.91,-0012.70,+0005.21,-0014.55,+0005.90
+1580603462.77,-0005.86,+0001.95,-0009.77,-0001.61,+0012.48,-0028.63
+1580603462.78,+0000.00,-0012.70,-0008.79,-0000.46,-0003.52,-0006.12
+1580603462.78,-0002.93,-0008.79,-0008.79,-0000.46,+0010.03,-0007.66
+1580603462.79,-0029.30,-0002.93,-0007.81,-0000.84,-0007.89,+0003.14
+1580603462.79,-0011.72,-0002.93,-0007.81,-0003.06,-0002.07,-0012.25
+1580603462.80,-0008.79,-0011.72,-0008.79,+0001.68,-0003.29,-0008.58
+1580603462.80,-0008.79,-0006.84,-0008.79,+0001.61,-0002.68,-0008.42
+1580603462.81,-0012.70,-0002.93,-0007.81,-0002.37,-0001.45,-0011.94
+1580603462.81,-0006.84,-0002.93,-0006.84,+0002.53,-0005.74,-0015.54
+1580603462.82,+0000.98,-0005.86,-0005.86,+0002.83,-0001.38,-0007.96
+1580603462.82,+0000.98,-0001.95,-0005.86,+0001.23,-0002.83,-0011.10
+1580603462.83,-0005.86,-0000.98,-0003.91,-0000.38,-0001.53,-0010.41
+1580603462.83,+0001.95,+0001.95,-0002.93,+0000.92,-0005.44,-0014.01
+1580603462.84,+0004.88,-0000.98,-0000.98,+0001.23,+0004.59,-0010.49
+1580603462.84,+0000.00,+0000.98,+0000.00,+0001.53,-0002.53,-0010.18
+1580603462.85,-0002.93,+0002.93,+0000.98,+0003.98,-0001.76,-0013.48
+1580603462.85,+0001.95,+0004.88,+0002.93,+0000.84,-0006.89,-0011.33
+1580603462.86,+0009.77,+0002.93,+0004.88,+0002.30,+0002.53,-0009.80
+1580603462.86,+0000.00,+0003.91,+0005.86,+0000.69,+0006.05,-0009.49
+1580603462.87,-0002.93,+0005.86,+0007.81,+0002.14,-0004.82,-0008.50
+1580603462.87,+0004.88,+0006.84,+0008.79,+0001.45,+0004.13,-0011.41
+1580603462.88,-0000.98,+0002.93,+0008.79,+0001.15,-0002.07,-0005.74
+1580603462.88,+0000.00,+0004.88,+0009.77,+0001.30,+0005.74,-0008.50
+1580603462.89,-0006.84,+0003.91,+0009.77,+0001.68,+0001.00,-0011.56
+1580603462.89,-0003.91,+0003.91,+0009.77,+0000.31,+0003.14,-0011.18
+1580603462.90,-0003.91,+0000.98,+0009.77,-0002.30,+0001.00,-0009.49
+1580603462.90,-0007.81,+0001.95,+0009.77,+0001.68,+0003.90,-0008.27
+1580603462.91,-0008.79,+0000.98,+0008.79,+0001.61,-0002.76,-0008.12
+1580603462.91,-0004.88,+0000.00,+0007.81,-0001.23,+0003.98,-0009.72
+1580603462.92,-0007.81,-0001.95,+0005.86,-0001.53,-0002.30,-0008.12
+1580603462.92,-0005.86,+0000.00,+0005.86,-0002.45,+0002.14,-0011.71
+1580603462.93,-0007.81,-0001.95,+0003.91,-0000.69,-0001.91,-0013.32
+1580603462.93,-0001.95,-0001.95,+0003.91,+0000.31,-0002.37,-0010.26
+1580603462.94,+0000.98,-0002.93,+0001.95,-0003.14,-0001.99,-0011.56
+1580603462.94,-0001.95,-0001.95,+0001.95,-0004.13,-0002.45,-0010.11
+1580603462.95,+0001.95,-0000.98,+0001.95,+0002.14,-0002.22,-0012.25
+1580603462.95,+0004.88,-0001.95,+0001.95,-0003.60,-0000.31,-0010.95
+1580603462.96,+0006.84,-0001.95,+0000.98,+0000.31,+0003.45,-0008.50
+1580603462.96,+0005.86,+0000.00,+0001.95,+0003.06,-0002.22,-0009.19
+1580603462.97,+0001.95,+0000.98,+0002.93,+0000.84,+0000.92,-0011.71
+1580603462.97,+0007.81,+0000.98,+0003.91,+0000.23,-0001.07,-0012.40
+1580603462.98,+0012.70,+0000.00,+0005.86,+0001.23,+0006.58,-0007.96
+1580603462.98,+0000.00,+0001.95,+0005.86,+0001.15,-0001.45,-0003.90
+1580603462.99,-0002.93,+0004.88,+0007.81,+0003.45,+0001.38,-0006.89
+1580603462.99,+0004.88,+0003.91,+0008.79,+0001.84,+0001.84,-0012.94
+1580603463.00,+0002.93,+0002.93,+0009.77,+0001.61,+0004.52,-0011.18
+1580603463.00,-0004.88,+0004.88,+0011.72,+0003.45,+0000.31,-0011.18
+1580603463.01,-0002.93,+0005.86,+0012.70,+0001.61,+0000.08,-0009.72
+1580603463.01,-0002.93,+0004.88,+0013.67,+0001.99,+0002.45,-0008.80
+1580603463.02,-0004.88,+0005.86,+0013.67,+0001.68,+0000.46,-0009.72
+1580603463.02,-0004.88,+0006.84,+0014.65,+0001.84,-0001.68,-0008.27
+1580603463.03,-0006.84,+0005.86,+0014.65,+0002.83,-0001.30,-0006.51
+1580603463.03,-0007.81,+0006.84,+0014.65,+0000.31,+0005.13,-0010.03
+1580603463.04,-0009.77,+0008.79,+0014.65,+0000.00,-0002.22,-0009.49
+1580603463.04,-0005.86,+0008.79,+0015.62,+0002.37,-0000.69,-0010.72
+1580603463.05,-0009.77,+0008.79,+0015.62,+0000.61,-0002.14,-0011.79
+1580603463.05,-0006.84,+0009.77,+0015.62,+0002.30,-0000.38,-0010.80
+1580603463.06,-0006.84,+0010.74,+0015.62,-0000.23,+0002.30,-0013.70
+1580603463.06,-0005.86,+0010.74,+0015.62,-0001.07,-0003.37,-0010.18
+1580603463.07,-0001.95,+0011.72,+0014.65,-0002.91,+0000.38,-0013.09
+1580603463.07,-0003.91,+0010.74,+0014.65,+0003.68,-0003.45,-0008.19
+1580603463.08,-0000.98,+0012.70,+0014.65,-0000.38,+0001.84,-0008.96
+1580603463.08,-0007.81,+0013.67,+0014.65,+0000.38,-0005.21,-0009.57
+1580603463.09,+0002.93,+0015.62,+0015.62,+0001.45,+0000.38,-0010.64
+1580603463.09,+0002.93,+0014.65,+0014.65,-0001.91,-0000.08,-0009.95
+1580603463.10,-0003.91,+0015.62,+0014.65,+0003.68,+0000.92,-0011.71
+1580603463.10,-0000.98,+0017.58,+0014.65,+0001.07,-0001.45,-0016.92
+1580603463.11,+0004.88,+0015.62,+0014.65,-0000.15,-0001.61,-0010.72
+1580603463.11,+0004.88,+0017.58,+0014.65,+0002.22,+0003.06,-0014.24
+1580603463.12,+0000.98,+0018.55,+0014.65,+0000.84,-0005.28,-0007.04
+1580603463.12,+0007.81,+0017.58,+0013.67,+0000.23,+0005.28,-0011.87
+1580603463.13,+0000.98,+0015.62,+0012.70,-0000.23,-0002.68,-0006.51
+1580603463.13,+0004.88,+0018.55,+0012.70,+0003.29,-0000.23,-0004.52
+1580603463.14,+0002.93,+0015.62,+0010.74,+0000.69,+0001.45,-0010.18
+1580603463.14,+0007.81,+0014.65,+0010.74,-0006.28,-0013.63,+0009.34
+1580603463.15,+0015.62,+0014.65,+0008.79,+0008.27,+0010.41,-0010.95
+1580603463.15,-0016.60,+0013.67,+0006.84,+0008.73,-0006.20,-0005.28
+1580603463.16,+0002.93,+0018.55,+0008.79,-0000.84,+0002.37,-0020.83
+1580603463.16,+0008.79,+0011.72,+0006.84,-0006.05,-0002.37,-0009.80
+1580603463.17,-0004.88,+0009.77,+0003.91,+0003.29,+0006.28,-0008.27
+1580603463.17,-0009.77,+0015.62,+0002.93,-0004.44,+0001.61,-0014.85
+1580603463.18,-0004.88,+0012.70,+0001.95,-0001.76,-0002.91,-0010.34
+1580603463.18,+0001.95,+0007.81,+0000.00,-0002.45,+0003.22,-0007.81
+1580603463.19,-0007.81,+0008.79,-0001.95,-0001.99,+0001.23,-0004.06
+1580603463.19,-0011.72,+0010.74,-0002.93,-0001.68,-0001.68,-0009.42
+1580603463.20,-0007.81,+0006.84,-0005.86,-0003.90,-0000.08,-0012.25
+1580603463.20,-0000.98,+0004.88,-0006.84,-0001.68,-0003.06,-0007.35
+1580603463.21,-0008.79,+0006.84,-0008.79,-0003.75,-0002.07,-0013.55
+1580603463.21,-0008.79,+0005.86,-0008.79,-0001.15,-0001.30,-0014.16
+1580603463.22,+0001.95,+0004.88,-0009.77,-0003.29,-0001.45,-0013.32
+1580603463.22,-0001.95,+0002.93,-0011.72,-0001.30,+0001.76,-0015.39
+1580603463.23,-0000.98,+0003.91,-0013.67,+0000.00,+0001.61,-0011.79
+1580603463.23,-0003.91,+0001.95,-0014.65,-0003.29,-0001.61,-0010.87
+1580603463.24,+0000.00,+0001.95,-0014.65,-0001.00,-0001.99,-0008.50
+1580603463.24,+0001.95,+0001.95,-0014.65,+0000.38,+0000.92,-0013.09
+1580603463.25,-0001.95,+0001.95,-0014.65,-0000.38,-0002.53,-0011.10
+1580603463.25,+0003.91,+0001.95,-0013.67,+0001.00,-0001.00,-0011.64
+1580603463.26,+0000.00,+0000.98,-0014.65,-0003.14,+0001.30,-0012.94
+1580603463.26,-0001.95,+0000.98,-0014.65,-0002.68,-0001.99,-0009.49
+1580603463.27,+0002.93,+0001.95,-0014.65,+0000.54,-0000.31,-0009.03
+1580603463.27,-0001.95,+0000.00,-0014.65,-0002.30,+0002.30,-0007.04
+1580603463.28,-0003.91,+0000.98,-0014.65,-0002.45,+0001.61,-0005.59
+1580603463.28,-0001.95,+0000.98,-0013.67,+0000.92,-0001.84,-0006.35
+1580603463.29,-0001.95,+0000.00,-0013.67,-0002.14,+0003.45,-0008.35
+1580603463.29,-0003.91,+0001.95,-0012.70,+0003.14,-0004.90,-0008.50
+1580603463.30,-0004.88,+0002.93,-0011.72,+0001.45,-0001.15,-0009.95
+1580603463.30,-0007.81,+0002.93,-0011.72,-0001.68,+0001.38,-0011.18
+1580603463.31,-0007.81,+0002.93,-0010.74,+0000.69,-0002.53,-0010.64
+1580603463.31,-0003.91,+0002.93,-0011.72,+0001.68,-0000.31,-0010.26
+1580603463.32,-0008.79,+0003.91,-0011.72,-0001.00,+0003.37,-0011.18
+1580603463.32,-0012.70,+0004.88,-0010.74,+0001.07,-0003.29,-0013.17
+1580603463.33,-0004.88,+0004.88,-0010.74,-0000.84,+0000.31,-0014.24
+1580603463.33,-0003.91,+0003.91,-0010.74,-0000.54,+0001.00,-0013.70
+1580603463.34,-0002.93,+0005.86,-0010.74,+0000.23,-0003.37,-0012.17
+1580603463.34,-0001.95,+0006.84,-0010.74,+0000.15,-0002.14,-0012.40
+1580603463.35,+0002.93,+0005.86,-0010.74,+0000.69,-0002.76,-0010.03
+1580603463.35,+0005.86,+0005.86,-0010.74,-0002.60,-0001.76,-0009.72
+1580603463.36,+0004.88,+0006.84,-0010.74,+0000.46,-0000.77,-0012.25
+1580603463.36,+0004.88,+0006.84,-0010.74,-0001.91,+0000.61,-0011.79
+1580603463.37,+0010.74,+0006.84,-0010.74,-0001.23,+0001.15,-0011.87
+1580603463.37,+0008.79,+0005.86,-0009.77,+0000.61,-0001.68,-0013.63
+1580603463.38,+0007.81,+0007.81,-0009.77,-0001.76,+0000.77,-0010.26
+1580603463.38,+0013.67,+0007.81,-0008.79,+0000.08,+0002.99,-0010.72
+1580603463.39,+0010.74,+0006.84,-0008.79,+0000.08,-0001.99,-0007.96
+1580603463.39,+0009.77,+0007.81,-0007.81,+0001.61,-0002.99,-0004.52
+1580603463.40,+0013.67,+0006.84,-0007.81,-0002.14,+0002.76,-0009.80
+1580603463.40,+0011.72,+0005.86,-0008.79,-0000.38,+0000.61,-0013.63
+1580603463.41,+0007.81,+0006.84,-0008.79,-0000.08,-0000.77,-0008.96
+1580603463.41,+0005.86,+0004.88,-0008.79,+0000.08,+0000.61,-0008.96
+1580603463.42,+0009.77,+0002.93,-0009.77,-0002.07,-0003.37,-0008.04
+1580603463.42,+0003.91,+0002.93,-0011.72,-0003.90,+0000.77,-0005.97
+1580603463.43,+0003.91,+0000.98,-0012.70,+0000.69,-0004.13,-0004.75
+1580603463.43,-0000.98,+0000.98,-0013.67,-0001.45,+0006.43,-0006.35
+1580603463.44,-0003.91,-0000.98,-0014.65,-0000.23,-0000.23,-0005.51
+1580603463.44,-0002.93,-0000.98,-0015.62,-0003.22,+0001.23,-0006.97
+1580603463.45,-0005.86,-0002.93,-0016.60,-0001.07,+0001.07,-0009.03
+1580603463.45,-0007.81,-0002.93,-0017.58,-0001.91,-0000.15,-0009.03
+1580603463.46,-0008.79,-0004.88,-0018.55,+0000.77,+0002.30,-0012.71
+1580603463.46,-0010.74,-0004.88,-0019.53,-0004.44,-0002.07,-0014.62
+1580603463.47,-0006.84,-0004.88,-0020.51,+0000.23,+0000.61,-0016.08
+1580603463.47,+0000.98,-0005.86,-0021.48,-0000.69,+0005.36,-0012.63
+1580603463.48,-0008.79,-0005.86,-0023.44,-0006.43,-0002.22,-0006.81
+1580603463.48,-0008.79,-0004.88,-0023.44,+0000.23,-0002.60,-0011.94
+1580603463.49,-0003.91,-0005.86,-0023.44,-0004.06,+0000.84,-0012.63
+1580603463.49,+0000.98,-0008.79,-0024.41,-0002.53,+0003.29,-0009.80
+1580603463.50,-0004.88,-0006.84,-0025.39,-0000.84,-0002.53,-0014.32
+1580603463.50,-0004.88,-0006.84,-0024.41,-0000.84,+0000.00,-0012.71
+1580603463.51,+0002.93,-0006.84,-0024.41,-0003.14,+0002.30,-0012.86
+1580603463.51,-0000.98,-0008.79,-0024.41,+0001.23,+0000.38,-0014.55
+1580603463.52,+0000.00,-0006.84,-0022.46,-0002.91,-0004.44,-0009.03
+1580603463.52,+0002.93,-0006.84,-0021.48,+0000.23,+0003.37,-0015.01
+1580603463.53,-0001.95,-0007.81,-0021.48,+0000.38,-0003.06,-0008.88
+1580603463.53,+0006.84,-0006.84,-0020.51,-0002.37,-0002.07,-0009.19
+1580603463.54,+0000.98,-0009.77,-0021.48,-0000.61,-0000.08,-0010.87
+1580603463.54,+0000.00,-0007.81,-0020.51,+0000.84,-0001.84,-0007.58
+1580603463.55,+0000.98,-0008.79,-0020.51,-0006.35,-0006.66,-0004.44
+1580603463.55,+0013.67,-0013.67,-0021.48,+0008.04,+0013.63,+0007.50
+1580603463.56,-0030.27,-0005.86,-0023.44,-0005.90,+0004.75,-0033.76
+1580603463.56,-0000.98,-0011.72,-0018.55,+0015.85,+0014.09,-0031.70
+1580603463.57,+0005.86,-0001.95,-0019.53,-0026.11,-0012.40,+0001.91
+1580603463.57,-0011.72,-0024.41,-0021.48,+0017.23,+0015.39,-0020.52
+1580603463.58,-0014.65,-0004.88,-0019.53,-0012.25,-0003.90,+0000.38
+1580603463.58,-0001.95,-0009.77,-0019.53,-0002.07,+0003.90,-0003.83
+1580603463.59,-0003.91,-0014.65,-0022.46,-0002.91,-0004.06,-0007.66
+1580603463.59,-0005.86,-0014.65,-0022.46,-0000.15,-0001.45,-0004.21
+1580603463.60,-0006.84,-0010.74,-0022.46,-0000.92,-0008.35,-0008.50
+1580603463.60,+0003.91,-0015.62,-0022.46,-0003.37,+0000.92,-0009.72
+1580603463.61,+0003.91,-0017.58,-0023.44,+0000.08,-0002.83,-0009.49
+1580603463.61,-0002.93,-0014.65,-0022.46,-0000.38,-0000.31,-0010.18
+1580603463.62,-0000.98,-0013.67,-0022.46,-0001.00,-0001.23,-0011.94
+1580603463.62,+0004.88,-0016.60,-0021.48,-0001.76,+0000.46,-0011.56
+1580603463.62,+0002.93,-0015.62,-0021.48,-0000.46,-0000.15,-0011.56
+1580603463.63,+0000.98,-0014.65,-0020.51,-0001.38,+0000.23,-0014.32
+1580603463.63,+0005.86,-0016.60,-0019.53,+0000.23,-0002.83,-0011.94
+1580603463.64,+0008.79,-0016.60,-0019.53,+0000.84,+0001.99,-0011.79
+1580603463.64,+0003.91,-0015.62,-0017.58,+0000.38,-0001.00,-0008.27
+1580603463.65,+0004.88,-0014.65,-0016.60,+0000.38,+0002.68,-0010.26
+1580603463.65,+0003.91,-0016.60,-0014.65,-0000.69,-0001.45,-0007.35
+1580603463.66,+0006.84,-0014.65,-0014.65,+0002.83,-0000.31,-0009.03
+1580603463.66,+0002.93,-0015.62,-0012.70,+0002.14,-0001.99,-0005.21
+1580603463.67,+0003.91,-0014.65,-0010.74,+0001.53,+0005.28,-0008.96
+1580603463.67,-0001.95,-0015.62,-0009.77,-0002.14,+0000.00,-0006.89
+1580603463.68,-0000.98,-0014.65,-0008.79,+0005.44,-0001.23,-0006.89
+1580603463.68,-0000.98,-0015.62,-0007.81,+0002.53,-0003.37,-0009.42
+1580603463.69,-0002.93,-0014.65,-0006.84,+0000.15,+0007.20,-0011.64
+1580603463.69,-0008.79,-0012.70,-0005.86,+0001.76,-0001.45,-0010.57
+1580603463.70,-0007.81,-0012.70,-0003.91,-0001.00,+0000.84,-0008.35
+1580603463.70,-0003.91,-0013.67,-0002.93,+0001.61,+0000.77,-0011.18
+1580603463.71,-0010.74,-0011.72,-0002.93,-0001.61,+0002.91,-0009.88
+1580603463.71,-0011.72,-0009.77,-0000.98,+0002.37,-0002.60,-0009.42
+1580603463.72,-0007.81,-0010.74,-0000.98,+0001.38,-0003.45,-0009.26
+1580603463.72,-0004.88,-0010.74,+0000.00,+0000.61,+0002.99,-0012.40
+1580603463.73,-0008.79,-0007.81,+0000.98,+0000.54,-0000.69,-0013.93
+1580603463.73,-0001.95,-0005.86,+0000.98,+0001.00,+0001.23,-0008.58
+1580603463.74,-0000.98,-0006.84,+0000.98,+0002.83,+0000.92,-0012.94
+1580603463.74,-0008.79,-0005.86,+0002.93,+0001.15,-0001.99,-0010.18
+1580603463.75,+0002.93,-0004.88,+0003.91,+0003.14,-0006.05,-0007.66
+1580603463.75,+0000.98,-0005.86,+0004.88,-0000.23,-0002.83,-0008.42
+1580603463.76,-0003.91,-0002.93,+0005.86,+0005.97,-0003.52,-0011.41
+1580603463.76,+0003.91,-0001.95,+0006.84,-0000.61,+0003.90,-0013.02
+1580603463.77,+0001.95,-0002.93,+0008.79,+0005.28,-0004.29,-0011.03
+1580603463.77,+0003.91,+0000.00,+0009.77,+0002.76,-0001.68,-0010.34
+1580603463.78,+0000.98,-0000.98,+0010.74,+0001.07,+0001.84,-0009.26
+1580603463.78,+0000.00,-0000.98,+0011.72,+0001.00,+0001.30,-0010.11
+1580603463.79,-0001.95,+0000.00,+0011.72,-0001.30,+0001.38,-0008.27
+1580603463.79,-0000.98,+0000.00,+0012.70,+0004.98,-0002.60,-0005.05
+1580603463.80,-0002.93,-0000.98,+0012.70,-0002.91,+0008.12,-0008.27
+1580603463.80,-0006.84,-0000.98,+0012.70,+0003.52,-0003.90,-0004.98
+1580603463.81,-0004.88,+0000.00,+0012.70,-0000.77,-0001.23,-0006.51
+1580603463.81,-0005.86,-0001.95,+0011.72,+0000.23,+0003.75,-0007.96
+1580603463.82,-0009.77,-0000.98,+0011.72,+0001.76,+0001.00,-0010.80
+1580603463.82,-0006.84,-0000.98,+0011.72,+0002.07,+0001.45,-0012.71
+1580603463.83,-0005.86,-0001.95,+0010.74,-0001.45,+0000.38,-0012.94
+1580603463.83,-0008.79,-0002.93,+0010.74,-0000.31,+0000.00,-0008.35
+1580603463.84,-0004.88,-0000.98,+0008.79,+0001.07,-0001.68,-0009.72
+1580603463.84,-0008.79,-0002.93,+0007.81,+0004.13,-0002.53,-0011.48
+1580603463.85,-0007.81,-0001.95,+0007.81,-0003.75,-0000.61,-0006.66
+1580603463.85,-0003.91,-0002.93,+0006.84,+0002.53,-0000.15,-0012.40
+1580603463.86,-0005.86,-0003.91,+0005.86,+0002.37,-0001.38,-0011.41
+1580603463.86,-0007.81,-0001.95,+0004.88,-0001.53,+0004.44,-0014.24
+1580603463.87,-0004.88,-0003.91,+0003.91,-0001.45,-0003.90,-0011.25
+1580603463.87,-0000.98,-0002.93,+0003.91,+0000.08,+0001.61,-0011.25
+1580603463.88,-0005.86,-0003.91,+0002.93,+0000.23,+0000.54,-0010.34
+1580603463.88,-0001.95,-0001.95,+0002.93,-0000.15,-0001.15,-0012.02
+1580603463.89,-0001.95,-0003.91,+0001.95,-0002.76,+0001.76,-0013.93
+1580603463.89,+0002.93,-0003.91,+0001.95,-0001.53,+0005.82,-0007.20
+1580603463.90,+0002.93,-0002.93,+0000.98,-0000.38,-0001.30,-0009.80
+1580603463.90,-0005.86,-0003.91,+0000.98,-0003.83,+0000.38,-0008.88
+1580603463.91,+0000.98,-0002.93,+0000.98,+0002.22,-0002.37,-0010.41
+1580603463.91,+0003.91,-0005.86,+0000.00,+0001.91,-0001.23,-0009.11
+1580603463.92,+0000.00,-0003.91,-0000.98,-0003.68,+0002.22,-0010.26
+1580603463.92,-0001.95,-0004.88,-0000.98,-0000.77,-0002.37,-0012.56
+1580603463.93,+0003.91,-0005.86,-0000.98,-0001.91,-0000.69,-0011.71
+1580603463.93,+0006.84,-0006.84,-0001.95,-0001.38,+0003.60,-0008.27
+1580603463.94,-0005.86,-0004.88,-0002.93,-0001.38,+0001.15,-0006.35
+1580603463.94,-0004.88,-0004.88,-0003.91,-0000.69,-0000.77,-0008.42
+1580603463.95,-0000.98,-0008.79,-0003.91,-0000.54,+0001.30,-0013.70
+1580603463.95,+0006.84,-0009.77,-0004.88,-0002.30,-0008.42,+0009.34
+1580603463.96,+0002.93,-0007.81,-0006.84,+0003.60,+0008.88,-0014.39
+1580603463.96,-0021.48,-0010.74,-0007.81,-0009.11,-0000.92,-0004.44
+1580603463.97,-0002.93,-0003.91,-0006.84,-0009.80,-0002.83,-0017.69
+1580603463.97,+0003.91,-0013.67,-0007.81,+0000.84,+0004.36,-0006.74
+1580603463.98,-0008.79,-0011.72,-0008.79,-0004.90,+0002.30,-0006.89
+1580603463.98,-0019.53,-0008.79,-0009.77,+0000.92,-0001.38,-0014.32
+1580603463.99,-0009.77,-0008.79,-0009.77,-0003.60,-0001.76,-0013.32
+1580603463.99,-0001.95,-0014.65,-0010.74,-0003.60,+0001.68,-0011.18
+1580603464.00,-0012.70,-0012.70,-0011.72,-0001.15,+0004.29,-0012.02
+1580603464.00,-0011.72,-0009.77,-0010.74,-0002.45,+0000.08,-0010.64
+1580603464.01,-0004.88,-0012.70,-0011.72,-0001.68,-0001.23,-0009.72
+1580603464.01,-0005.86,-0013.67,-0011.72,-0001.68,+0001.84,-0010.87
+1580603464.02,-0006.84,-0010.74,-0010.74,-0001.45,-0003.37,-0010.57
+1580603464.02,-0001.95,-0012.70,-0010.74,-0003.90,+0002.76,-0012.71
+1580603464.03,-0005.86,-0012.70,-0010.74,-0001.68,-0001.68,-0014.39
+1580603464.03,-0001.95,-0012.70,-0010.74,-0000.31,-0000.84,-0011.18
+1580603464.04,+0000.98,-0013.67,-0009.77,-0001.91,+0001.84,-0014.24
+1580603464.04,-0003.91,-0013.67,-0009.77,+0004.59,-0001.76,-0014.09
+1580603464.05,+0005.86,-0011.72,-0008.79,-0003.60,-0004.44,-0008.58
+1580603464.05,+0009.77,-0014.65,-0007.81,+0000.08,+0001.84,-0009.65
+1580603464.06,-0002.93,-0013.67,-0007.81,+0002.37,-0001.99,-0006.97
+1580603464.06,+0003.91,-0010.74,-0005.86,+0001.45,-0002.53,-0010.41
+1580603464.07,+0008.79,-0013.67,-0004.88,-0000.84,-0001.84,-0008.27
+1580603464.07,+0003.91,-0012.70,-0003.91,+0001.30,-0002.99,-0004.52
+1580603464.08,-0002.93,-0011.72,-0002.93,+0001.53,+0004.13,-0007.73
+1580603464.08,-0003.91,-0010.74,-0000.98,+0003.45,-0001.76,-0007.20
+1580603464.09,-0001.95,-0012.70,-0000.98,+0003.45,+0000.84,-0011.56
+1580603464.09,-0001.95,-0011.72,+0000.00,-0002.83,+0001.84,-0006.89
+1580603464.10,-0007.81,-0010.74,+0000.98,+0004.59,+0001.53,-0011.64
+1580603464.10,-0010.74,-0010.74,+0001.95,-0005.28,+0001.00,-0009.03
+1580603464.11,-0002.93,-0010.74,+0001.95,-0002.76,+0000.54,-0010.11
+1580603464.11,-0001.95,-0011.72,+0002.93,+0001.23,+0002.07,-0008.04
+1580603464.12,-0010.74,-0009.77,+0001.95,+0000.69,+0000.15,-0008.35
+1580603464.12,-0009.77,-0009.77,+0002.93,-0001.07,-0000.77,-0011.94
+1580603464.13,-0001.95,-0009.77,+0003.91,-0003.37,-0002.45,-0011.64
+1580603464.13,+0002.93,-0011.72,+0003.91,+0004.75,-0000.08,-0012.56
+1580603464.14,-0003.91,-0009.77,+0004.88,-0001.76,+0001.84,-0012.94
+1580603464.14,-0002.93,-0007.81,+0005.86,-0000.92,-0001.00,-0013.17
+1580603464.15,+0001.95,-0008.79,+0006.84,+0003.22,-0003.06,-0007.12
+1580603464.15,+0004.88,-0008.79,+0007.81,+0001.91,+0001.00,-0004.59
+1580603464.16,-0001.95,-0007.81,+0008.79,+0000.61,+0000.23,-0007.96
+1580603464.16,-0000.98,-0008.79,+0009.77,+0002.99,+0000.31,-0010.95
+1580603464.17,+0002.93,-0008.79,+0010.74,-0001.45,+0000.00,-0009.88
+1580603464.17,+0000.98,-0007.81,+0012.70,+0006.74,+0000.23,-0011.87
+1580603464.18,-0003.91,-0005.86,+0014.65,+0007.58,-0000.08,-0012.17
+1580603464.18,-0003.91,-0005.86,+0016.60,+0002.30,-0000.46,-0017.15
+1580603464.19,+0006.84,-0006.84,+0017.58,+0001.38,+0001.53,-0017.99
+1580603464.19,+0007.81,-0005.86,+0018.55,+0004.90,-0000.77,-0024.27
+1580603464.20,+0001.95,-0003.91,+0019.53,+0005.51,-0000.92,-0012.79
+1580603464.20,+0011.72,-0001.95,+0019.53,-0000.38,-0004.29,-0013.32
+1580603464.21,+0012.70,-0004.88,+0020.51,+0002.68,-0002.37,-0008.27
+1580603464.21,+0011.72,-0001.95,+0021.48,+0002.22,-0003.22,-0006.66
+1580603464.22,+0008.79,-0002.93,+0023.44,+0001.68,-0002.22,-0002.76
+1580603464.22,+0013.67,-0001.95,+0024.41,+0003.06,+0000.23,-0006.89
+1580603464.23,+0010.74,-0002.93,+0025.39,+0000.08,-0000.69,-0011.48
+1580603464.23,+0009.77,-0000.98,+0026.37,+0000.31,+0000.46,-0009.65
+1580603464.24,+0010.74,+0000.00,+0027.34,+0004.75,-0000.54,-0012.56
+1580603464.24,+0008.79,+0000.00,+0029.30,+0001.76,-0000.15,-0010.26
+1580603464.25,+0010.74,+0000.98,+0029.30,+0000.92,+0004.44,-0011.10
+1580603464.25,+0001.95,+0001.95,+0030.27,+0005.05,-0000.61,-0012.33
+1580603464.26,+0000.00,+0002.93,+0030.27,+0001.91,-0001.84,-0008.12
+1580603464.26,+0009.77,+0003.91,+0031.25,+0005.21,-0001.00,-0011.87
+1580603464.27,+0000.00,+0002.93,+0031.25,+0004.52,-0003.83,-0010.87
+1580603464.27,+0000.98,+0006.84,+0031.25,+0001.91,+0000.54,-0013.02
+1580603464.28,+0003.91,+0006.84,+0031.25,-0000.08,-0002.60,-0012.17
+1580603464.28,+0003.91,+0006.84,+0031.25,+0004.67,+0000.38,-0009.72
+1580603464.29,+0004.88,+0007.81,+0031.25,+0005.90,+0001.84,-0011.18
+1580603464.29,+0000.00,+0009.77,+0031.25,-0001.30,-0001.45,-0010.34
+1580603464.30,+0005.86,+0009.77,+0031.25,+0006.20,-0003.22,-0012.25
+1580603464.30,+0008.79,+0009.77,+0032.23,+0004.44,-0004.90,-0008.80
+1580603464.31,+0017.58,+0008.79,+0032.23,+0001.84,-0002.91,-0005.13
+1580603464.31,+0014.65,+0010.74,+0031.25,+0002.14,-0003.37,-0010.57
+1580603464.32,+0009.77,+0010.74,+0032.23,-0000.84,-0000.77,-0008.58
+1580603464.32,+0018.55,+0013.67,+0033.20,-0001.23,-0001.61,-0014.32
+1580603464.33,+0022.46,+0011.72,+0033.20,+0002.45,-0003.60,-0009.26
+1580603464.33,+0024.41,+0012.70,+0032.23,+0000.69,-0002.91,-0007.43
+1580603464.34,+0014.65,+0013.67,+0032.23,-0005.97,-0020.90,+0013.70
+1580603464.34,+0033.20,+0013.67,+0033.20,+0018.38,+0025.34,-0022.13
+1580603464.35,-0006.84,+0018.55,+0029.30,-0015.31,-0004.67,-0012.71
+1580603464.35,-0000.98,+0016.60,+0033.20,+0019.14,+0002.07,-0010.26
+1580603464.36,+0015.62,+0021.48,+0031.25,-0002.37,-0002.99,-0013.17
+1580603464.36,+0003.91,+0009.77,+0028.32,+0007.81,+0008.04,-0003.37
+1580603464.37,-0009.77,+0023.44,+0027.34,-0002.76,-0000.69,-0007.73
+1580603464.37,-0009.77,+0020.51,+0026.37,+0000.92,-0001.61,-0009.03
+1580603464.38,-0000.98,+0019.53,+0024.41,-0003.22,+0003.60,-0008.42
+1580603464.38,-0009.77,+0017.58,+0022.46,-0000.31,+0001.38,-0009.65
+1580603464.39,-0011.72,+0022.46,+0020.51,+0000.61,-0004.21,-0004.44
+1580603464.39,-0006.84,+0020.51,+0018.55,-0000.61,-0003.06,-0012.40
+1580603464.40,-0006.84,+0017.58,+0016.60,-0002.30,-0002.22,-0011.33
+1580603464.40,-0001.95,+0021.48,+0015.62,+0000.46,-0002.83,-0012.71
+1580603464.41,+0002.93,+0021.48,+0014.65,+0003.22,-0000.23,-0012.48
+1580603464.41,-0001.95,+0022.46,+0012.70,-0005.44,-0001.15,-0013.02
+1580603464.42,+0000.98,+0022.46,+0011.72,+0001.99,-0006.35,-0012.17
+1580603464.42,+0008.79,+0022.46,+0010.74,-0003.45,-0000.15,-0011.25
+1580603464.43,+0005.86,+0020.51,+0008.79,-0000.15,+0002.91,-0011.48
+1580603464.43,+0000.00,+0024.41,+0007.81,-0000.92,-0005.51,-0011.71
+1580603464.44,+0008.79,+0024.41,+0006.84,-0000.77,-0001.23,-0011.10
+1580603464.44,+0010.74,+0022.46,+0005.86,-0003.37,+0000.69,-0011.10
+1580603464.45,+0003.91,+0023.44,+0004.88,-0001.00,+0001.76,-0008.65
+1580603464.45,+0002.93,+0026.37,+0003.91,-0001.30,-0000.38,-0014.70
+1580603464.46,+0007.81,+0023.44,+0003.91,-0002.53,-0001.45,-0011.94
+1580603464.46,+0008.79,+0023.44,+0002.93,-0002.91,-0001.15,-0012.63
+1580603464.47,+0005.86,+0024.41,+0000.98,-0001.61,+0001.00,-0006.43
+1580603464.47,+0004.88,+0025.39,+0000.00,-0001.23,-0000.46,-0007.66
+1580603464.48,+0000.00,+0023.44,-0000.98,-0000.38,+0001.38,-0006.66
+1580603464.48,-0000.98,+0023.44,-0001.95,-0001.15,-0002.60,-0008.42
+1580603464.49,+0002.93,+0021.48,-0002.93,-0003.06,+0002.22,-0007.35
+1580603464.49,+0000.98,+0020.51,-0003.91,+0001.45,-0000.92,-0009.65
+1580603464.50,-0009.77,+0020.51,-0004.88,-0000.84,-0004.98,-0007.96
+1580603464.50,-0003.91,+0021.48,-0005.86,-0001.91,+0002.99,-0012.40
+1580603464.51,-0001.95,+0017.58,-0007.81,-0005.05,-0002.37,-0007.20
+1580603464.51,-0002.93,+0017.58,-0009.77,+0000.61,+0000.46,-0007.96
+1580603464.52,-0008.79,+0017.58,-0010.74,-0001.91,-0007.12,-0005.59
+1580603464.52,-0001.95,+0016.60,-0011.72,-0002.60,+0003.06,-0008.73
+1580603464.53,-0000.98,+0012.70,-0013.67,-0004.67,-0003.98,-0008.04
+1580603464.53,-0006.84,+0013.67,-0014.65,-0004.06,-0002.60,-0012.33
+1580603464.54,-0002.93,+0012.70,-0015.62,-0002.83,-0002.37,-0014.93
+1580603464.54,+0002.93,+0009.77,-0016.60,-0004.52,+0001.38,-0013.09
+1580603464.55,-0000.98,+0008.79,-0018.55,-0002.07,-0003.60,-0011.48
+1580603464.55,+0001.95,+0008.79,-0019.53,-0000.15,+0000.38,-0014.78
+1580603464.56,-0003.91,+0006.84,-0020.51,-0005.13,-0002.37,-0008.42
+1580603464.56,+0004.88,+0005.86,-0020.51,+0000.61,+0001.53,-0011.64
+1580603464.57,+0000.98,+0003.91,-0021.48,-0002.99,-0001.38,-0007.50
+1580603464.57,+0004.88,+0003.91,-0021.48,+0003.60,-0000.84,-0010.11
+1580603464.58,+0002.93,+0001.95,-0021.48,-0005.36,+0002.91,-0015.24
+1580603464.58,+0004.88,+0000.00,-0020.51,+0002.60,-0004.36,-0013.70
+1580603464.59,+0012.70,+0000.98,-0020.51,-0004.44,+0005.36,-0013.25
+1580603464.59,+0001.95,-0000.98,-0021.48,+0000.08,-0004.21,-0005.13
+1580603464.60,+0000.98,-0001.95,-0022.46,-0002.22,+0002.60,-0003.68
+1580603464.60,+0004.88,-0004.88,-0021.48,-0001.45,-0004.06,-0004.29
+1580603464.61,+0003.91,-0004.88,-0021.48,-0001.99,+0001.53,-0005.90
+1580603464.61,-0001.95,-0003.91,-0020.51,+0002.37,-0000.08,-0010.03
+1580603464.62,-0005.86,-0003.91,-0019.53,-0000.38,+0005.74,-0012.63
+1580603464.62,+0000.98,-0005.86,-0018.55,-0002.91,+0005.51,-0013.70
+1580603464.63,+0000.00,-0005.86,-0018.55,+0000.92,-0001.68,-0011.10
+1580603464.63,-0006.84,-0004.88,-0018.55,-0003.37,+0002.30,-0008.58
+1580603464.64,-0002.93,-0004.88,-0018.55,+0000.15,-0003.29,-0005.51
+1580603464.64,-0004.88,-0006.84,-0019.53,-0001.68,+0000.84,-0008.73
+1580603464.65,-0008.79,-0005.86,-0018.55,+0001.91,+0000.61,-0009.19
+1580603464.65,-0008.79,-0005.86,-0018.55,-0002.14,+0000.69,-0010.11
+1580603464.66,-0007.81,-0006.84,-0018.55,-0002.76,+0000.08,-0011.56
+1580603464.66,-0003.91,-0006.84,-0018.55,+0000.84,-0000.46,-0013.25
+1580603464.67,-0005.86,-0005.86,-0018.55,-0000.92,+0001.53,-0014.09
+1580603464.67,-0001.95,-0004.88,-0017.58,+0001.45,-0004.67,-0011.18
+1580603464.68,+0002.93,-0005.86,-0017.58,-0000.61,-0001.38,-0009.95
+1580603464.68,+0000.00,-0005.86,-0016.60,+0002.22,-0000.46,-0011.33
+1580603464.69,+0000.00,-0003.91,-0016.60,-0002.83,+0000.61,-0011.41
+1580603464.69,+0003.91,-0005.86,-0015.62,-0000.69,+0002.99,-0013.17
+1580603464.70,+0002.93,-0005.86,-0016.60,+0000.23,-0002.37,-0014.62
+1580603464.70,+0003.91,-0004.88,-0015.62,+0002.22,-0000.92,-0012.94
+1580603464.71,+0008.79,-0005.86,-0015.62,-0000.38,-0002.99,-0011.87
+1580603464.71,+0006.84,-0005.86,-0014.65,-0000.84,-0004.52,-0006.43
+1580603464.72,+0007.81,-0003.91,-0013.67,+0002.53,+0004.67,-0010.95
+1580603464.72,+0004.88,-0004.88,-0013.67,-0002.53,-0003.37,-0011.79
+1580603464.73,+0010.74,-0004.88,-0012.70,-0002.60,-0000.08,-0010.87
+1580603464.73,+0014.65,-0004.88,-0012.70,+0001.53,-0006.58,+0003.90
+1580603464.74,+0002.93,-0001.95,-0013.67,+0002.60,+0015.70,-0018.60
+1580603464.74,-0011.72,-0002.93,-0012.70,-0009.80,-0008.12,-0004.52
+1580603464.75,+0010.74,+0000.00,-0011.72,-0003.22,-0007.66,-0010.87
+1580603464.75,+0018.55,-0009.77,-0013.67,+0000.54,+0003.90,-0006.58
+1580603464.76,+0005.86,-0004.88,-0014.65,-0002.76,-0002.83,+0003.90
+1580603464.76,-0009.77,+0000.00,-0014.65,-0003.29,+0000.08,-0010.49
+1580603464.77,-0003.91,-0002.93,-0013.67,-0002.76,-0004.75,-0012.17
+1580603464.77,+0011.72,-0005.86,-0015.62,-0002.60,+0003.83,-0012.40
+1580603464.78,+0000.00,-0006.84,-0017.58,+0000.54,+0001.15,-0011.94
+1580603464.78,-0006.84,-0002.93,-0017.58,-0002.83,-0001.53,-0016.08
+1580603464.79,+0000.98,-0002.93,-0017.58,-0001.76,+0000.84,-0010.57
+1580603464.79,+0005.86,-0008.79,-0018.55,-0002.68,-0003.06,-0008.80
+1580603464.80,+0000.00,-0005.86,-0020.51,-0001.30,+0002.53,-0007.96
+1580603464.80,-0003.91,-0004.88,-0021.48,-0001.99,+0001.15,-0010.57
+1580603464.81,+0001.95,-0007.81,-0021.48,-0005.90,-0002.91,-0012.56
+1580603464.81,+0005.86,-0009.77,-0022.46,-0000.31,+0000.84,-0012.79
+1580603464.82,+0003.91,-0007.81,-0023.44,-0000.38,-0001.84,-0013.02
+1580603464.82,+0004.88,-0009.77,-0024.41,-0004.52,-0000.31,-0012.02
+1580603464.83,+0007.81,-0010.74,-0025.39,-0001.45,-0003.14,-0010.95
+1580603464.83,+0008.79,-0011.72,-0025.39,-0004.52,-0000.54,-0011.18
+1580603464.84,+0006.84,-0010.74,-0027.34,-0005.28,-0000.54,-0010.87
+1580603464.84,+0008.79,-0012.70,-0027.34,+0000.00,-0003.22,-0011.33
+1580603464.85,+0008.79,-0013.67,-0027.34,-0004.98,+0002.22,-0012.02
+1580603464.85,+0010.74,-0014.65,-0027.34,-0003.06,+0003.60,-0011.41
+1580603464.86,+0006.84,-0014.65,-0027.34,-0002.14,-0000.15,-0014.09
+1580603464.86,+0007.81,-0014.65,-0027.34,-0002.07,-0001.76,-0013.78
+1580603464.87,+0015.62,-0015.62,-0027.34,-0003.06,-0001.38,-0011.18
+1580603464.87,+0008.79,-0016.60,-0028.32,-0002.37,+0000.08,-0003.45
+1580603464.88,+0004.88,-0015.62,-0029.30,+0000.23,-0002.07,-0004.67
+1580603464.88,+0003.91,-0018.55,-0029.30,-0004.75,+0002.68,-0007.50
+1580603464.89,+0005.86,-0019.53,-0029.30,+0000.38,+0002.68,-0008.96
+1580603464.89,+0003.91,-0017.58,-0028.32,-0001.15,+0000.54,-0010.18
+1580603464.90,-0004.88,-0017.58,-0028.32,-0001.15,+0001.91,-0008.12
+1580603464.90,-0002.93,-0017.58,-0027.34,-0003.14,+0000.00,-0008.80
+1580603464.91,-0000.98,-0018.55,-0027.34,-0004.67,+0001.53,-0010.41
+1580603464.91,-0003.91,-0018.55,-0027.34,+0000.61,+0000.15,-0010.49
+1580603464.92,-0004.88,-0016.60,-0027.34,-0004.52,-0000.15,-0011.87
+1580603464.92,-0004.88,-0017.58,-0027.34,-0001.07,-0003.52,-0008.27
+1580603464.93,-0002.93,-0017.58,-0027.34,-0000.54,+0003.75,-0012.79
+1580603464.93,-0005.86,-0017.58,-0026.37,-0002.99,-0004.29,-0012.25
+1580603464.94,+0000.98,-0016.60,-0025.39,+0001.23,-0002.37,-0009.19
+1580603464.94,-0000.98,-0017.58,-0025.39,+0001.45,-0001.00,-0009.49
+1580603464.95,-0005.86,-0015.62,-0023.44,-0000.69,-0001.76,-0010.03
+1580603464.95,+0001.95,-0014.65,-0021.48,+0000.31,-0003.45,-0009.57
+1580603464.96,+0004.88,-0017.58,-0020.51,-0001.76,-0001.15,-0006.20
+1580603464.96,-0003.91,-0014.65,-0019.53,-0002.60,+0001.15,-0010.64
+1580603464.97,-0003.91,-0012.70,-0016.60,+0004.13,-0006.35,-0010.03
+1580603464.97,+0004.88,-0013.67,-0014.65,-0002.14,+0002.60,-0009.11
+1580603464.98,-0004.88,-0013.67,-0012.70,+0002.83,+0002.30,-0004.44
+1580603464.98,-0013.67,-0007.81,-0010.74,+0002.07,+0001.07,-0000.54
+1580603464.99,-0010.74,-0009.77,-0007.81,+0000.92,+0001.91,-0006.20
+1580603464.99,-0001.95,-0011.72,-0006.84,+0001.23,-0000.23,-0016.00
+1580603465.00,-0005.86,-0007.81,-0003.91,+0001.07,-0002.99,-0016.92
+1580603465.00,-0011.72,-0003.91,-0001.95,+0000.61,+0003.14,-0012.40
+1580603465.01,-0007.81,-0003.91,-0000.98,+0002.22,-0003.98,-0010.87
+1580603465.01,-0007.81,-0004.88,+0000.00,+0002.91,-0001.00,-0000.23
+1580603465.02,-0010.74,-0002.93,+0000.98,+0000.46,+0005.74,-0005.21
+1580603465.02,-0019.53,-0000.98,+0002.93,+0001.68,+0001.00,-0012.33
+1580603465.03,-0012.70,+0000.00,+0004.88,+0002.07,-0001.61,-0014.01
+1580603465.03,-0002.93,-0000.98,+0006.84,+0000.23,+0000.46,-0012.17
+1580603465.04,-0012.70,+0000.98,+0007.81,+0005.05,+0001.00,-0004.90
+1580603465.04,-0013.67,+0004.88,+0009.77,-0000.54,-0002.53,-0006.97
+1580603465.05,-0010.74,+0002.93,+0010.74,+0001.15,-0000.77,-0006.43
+1580603465.05,-0008.79,+0003.91,+0011.72,+0003.75,+0001.00,-0009.42
+1580603465.06,-0011.72,+0005.86,+0011.72,+0001.45,-0000.92,-0006.43
+1580603465.06,-0013.67,+0006.84,+0013.67,+0001.99,+0001.30,-0009.19
+1580603465.07,-0013.67,+0006.84,+0014.65,+0002.14,+0000.77,-0012.48
+1580603465.07,-0011.72,+0008.79,+0016.60,+0005.90,+0001.53,-0011.94
+1580603465.08,-0012.70,+0009.77,+0017.58,+0002.91,-0001.15,-0008.73
+1580603465.08,-0017.58,+0010.74,+0018.55,-0001.15,-0002.22,-0009.95
+1580603465.09,-0011.72,+0011.72,+0020.51,+0004.29,+0001.38,-0014.01
+1580603465.09,-0009.77,+0012.70,+0020.51,+0001.61,+0000.84,-0014.78
+1580603465.10,-0011.72,+0013.67,+0020.51,+0001.61,-0000.77,-0012.94
+1580603465.10,-0009.77,+0014.65,+0021.48,-0001.30,+0000.00,-0014.01
+1580603465.11,-0008.79,+0014.65,+0022.46,+0005.90,-0005.28,-0009.42
+1580603465.11,-0000.98,+0016.60,+0023.44,-0000.69,-0000.15,-0005.82
+1580603465.12,-0007.81,+0015.62,+0022.46,+0004.13,+0004.29,-0009.88
+1580603465.12,-0006.84,+0017.58,+0024.41,+0002.30,+0000.92,-0013.40
+1580603465.13,-0000.98,+0016.60,+0024.41,+0002.68,-0003.68,-0014.09
+1580603465.13,+0004.88,+0014.65,+0024.41,+0002.68,-0001.23,-0012.79
+1580603465.14,+0006.84,+0014.65,+0024.41,-0001.07,-0004.98,-0008.88
+1580603465.14,+0012.70,+0014.65,+0025.39,+0004.75,-0003.60,-0006.97
+1580603465.15,+0029.30,+0010.74,+0024.41,-0009.65,-0018.45,+0035.07
+1580603465.15,-0012.70,+0016.60,+0020.51,+0020.21,+0034.15,-0031.85
+1580603465.16,-0024.41,+0004.88,+0022.46,+0044.71,-0000.15,-0004.13
+1580603465.16,+0022.46,+0031.25,+0025.39,-0016.77,+0012.86,-0050.84
+1580603465.17,+0006.84,-0005.86,+0019.53,+0001.84,-0024.19,+0020.29
+1580603465.17,-0008.79,+0004.88,+0020.51,-0006.12,-0013.63,+0008.19
+1580603465.18,-0003.91,+0013.67,+0019.53,-0004.90,+0011.87,-0023.50
+1580603465.18,-0004.88,+0002.93,+0017.58,+0004.44,-0005.28,-0001.38
+1580603465.19,-0003.91,+0002.93,+0015.62,+0003.90,+0008.42,-0019.22
+1580603465.19,-0014.65,+0001.95,+0013.67,+0001.76,+0000.46,-0013.78
+1580603465.20,-0005.86,+0000.98,+0012.70,-0003.52,-0003.68,-0008.27
+1580603465.20,+0000.98,-0003.91,+0009.77,-0000.77,+0001.53,-0010.41
+1580603465.21,-0013.67,-0005.86,+0006.84,-0003.29,-0002.68,-0009.03
+1580603465.21,-0005.86,-0003.91,+0005.86,+0000.54,-0002.76,-0013.09
+1580603465.22,+0001.95,-0004.88,+0004.88,-0002.99,+0000.77,-0011.03
+1580603465.22,-0000.98,-0009.77,+0001.95,-0000.23,-0001.45,-0010.11
+1580603465.23,-0001.95,-0007.81,+0001.95,+0001.15,-0001.84,-0012.86
+1580603465.23,+0003.91,-0009.77,+0000.00,-0002.76,-0004.13,-0010.95
+1580603465.24,+0007.81,-0011.72,-0000.98,-0000.31,+0000.69,-0012.02
+1580603465.24,+0007.81,-0012.70,-0001.95,+0002.68,+0002.76,-0009.11
+1580603465.25,+0004.88,-0011.72,-0002.93,-0001.38,-0000.69,-0011.48
+1580603465.25,+0001.95,-0013.67,-0003.91,+0000.15,-0001.68,-0009.80
+1580603465.26,+0007.81,-0011.72,-0002.93,+0000.69,+0000.84,-0015.31
+1580603465.26,+0007.81,-0014.65,-0001.95,+0002.14,+0001.38,-0014.01
