+1581210413.05,+0000.98,+0000.98,+0007.81,-0001.07,-0000.31,-0012.10
+1581210413.05,+0004.88,-0002.93,+0007.81,-0000.54,-0000.84,-0005.59
+1581210413.06,+0000.98,-0002.93,+0006.84,-0000.38,+0000.84,-0008.65
+1581210413.06,-0007.81,-0001.95,+0005.86,+0001.00,-0001.23,-0012.40
+1581210413.07,+0000.00,+0000.98,+0006.84,+0000.84,-0001.23,-0015.47
+1581210413.07,+0007.81,-0000.98,+0007.81,+0000.38,-0001.23,-0012.71
+1581210413.08,+0002.93,-0000.98,+0007.81,+0002.45,+0000.77,-0007.89
+1581210413.08,-0004.88,+0000.00,+0007.81,+0000.84,-0000.38,-0013.02
+1581210413.09,+0000.98,+0001.95,+0007.81,+0001.99,-0003.60,-0009.34
+1581210413.09,+0006.84,-0000.98,+0007.81,+0001.76,+0001.23,-0009.72
+1581210413.10,+0000.98,-0000.98,+0008.79,-0000.15,+0000.08,-0007.66
+1581210413.10,-0001.95,+0000.00,+0008.79,+0001.38,-0001.00,-0012.02
+1581210413.11,+0001.95,+0000.00,+0008.79,-0002.14,+0000.00,-0013.48
+1581210413.11,+0008.79,+0000.00,+0009.77,-0001.84,-0000.61,-0007.27
+1581210413.12,+0005.86,-0000.98,+0009.77,+0000.77,+0001.76,-0006.89
+1581210413.12,-0001.95,+0000.98,+0008.79,-0000.84,-0002.07,-0009.65
+1581210413.13,+0001.95,+0001.95,+0008.79,-0001.23,+0000.08,-0012.48
+1581210413.13,+0009.77,+0000.98,+0009.77,+0001.30,-0000.54,-0009.03
+1581210413.14,+0003.91,+0000.00,+0009.77,-0001.15,+0000.84,-0010.49
+1581210413.14,+0000.00,+0001.95,+0009.77,+0000.00,-0001.15,-0009.80
+1581210413.15,+0004.88,+0002.93,+0009.77,+0000.69,-0000.92,-0011.71
+1581210413.15,+0006.84,+0000.98,+0008.79,+0001.23,+0001.00,-0008.96
+1581210413.16,+0001.95,+0001.95,+0008.79,+0002.37,-0000.61,-0008.88
+1581210413.16,-0002.93,+0003.91,+0009.77,+0000.61,-0000.61,-0012.17
+1581210413.17,+0002.93,+0003.91,+0009.77,+0001.68,-0000.46,-0012.02
+1581210413.17,+0004.88,+0003.91,+0010.74,-0001.53,-0000.84,-0011.41
+1581210413.18,+0002.93,+0003.91,+0009.77,+0000.15,-0000.69,-0005.67
+1581210413.18,+0000.00,+0003.91,+0009.77,-0000.46,-0001.15,-0008.42
+1581210413.19,+0000.98,+0004.88,+0008.79,-0000.92,-0001.45,-0007.96
+1581210413.19,+0003.91,+0003.91,+0008.79,-0000.46,+0001.38,-0007.66
+1581210413.20,+0000.00,+0002.93,+0008.79,-0000.69,+0000.77,-0009.57
+1581210413.20,-0001.95,+0003.91,+0009.77,-0000.08,+0001.68,-0012.02
+1581210413.21,-0002.93,+0004.88,+0009.77,+0000.08,-0001.53,-0013.32
+1581210413.21,+0003.91,+0002.93,+0008.79,-0000.92,-0001.07,-0009.03
+1581210413.22,+0000.98,+0001.95,+0007.81,-0000.84,+0000.54,-0012.63
+1581210413.22,-0003.91,+0002.93,+0007.81,+0001.84,-0003.68,-0007.81
+1581210413.23,+0000.00,+0002.93,+0007.81,-0000.46,+0000.00,-0011.33
+1581210413.23,-0000.98,+0001.95,+0006.84,+0001.00,-0000.23,-0006.89
+1581210413.24,-0001.95,+0001.95,+0006.84,-0001.91,-0000.54,-0011.79
+1581210413.24,-0002.93,+0001.95,+0006.84,+0000.46,-0001.07,-0009.11
+1581210413.25,+0002.93,+0000.00,+0005.86,-0001.07,-0001.15,-0009.42
+1581210413.25,-0003.91,+0000.00,+0004.88,-0000.23,-0001.61,-0012.79
+1581210413.26,-0001.95,+0000.98,+0004.88,-0001.23,-0003.52,-0008.73
+1581210413.26,+0005.86,-0000.98,+0003.91,-0002.07,+0000.08,-0008.96
+1581210413.27,-0000.98,-0000.98,+0002.93,-0000.38,-0000.77,-0009.26
+1581210413.27,-0000.98,+0000.00,+0001.95,+0000.54,-0002.53,-0010.41
+1581210413.28,+0006.84,+0000.00,+0002.93,+0000.15,-0001.91,-0010.49
+1581210413.28,+0009.77,-0000.98,+0002.93,+0000.31,-0002.30,-0004.90
+1581210413.29,+0000.98,-0001.95,+0001.95,-0000.46,+0000.54,-0010.80
+1581210413.29,-0002.93,+0000.00,+0001.95,+0000.69,-0004.52,-0011.64
+1581210413.30,+0008.79,-0000.98,+0002.93,-0001.15,-0000.08,-0012.94
+1581210413.30,+0001.95,-0001.95,+0002.93,+0001.99,-0001.68,-0007.12
+1581210413.31,-0005.86,-0000.98,+0002.93,+0000.84,-0002.14,-0010.49
+1581210413.31,+0003.91,-0000.98,+0002.93,-0001.23,+0000.46,-0012.40
+1581210413.32,+0006.84,-0002.93,+0001.95,-0002.68,+0000.00,-0008.88
+1581210413.32,+0000.98,-0001.95,+0000.00,-0000.69,+0001.38,-0015.47
+1581210413.33,-0006.84,+0000.00,+0000.00,-0000.46,-0000.84,-0015.08
+1581210413.33,+0003.91,+0000.98,+0000.98,-0000.38,-0000.84,-0016.54
+1581210413.34,+0006.84,-0000.98,+0000.98,+0001.00,+0000.15,-0005.90
+1581210413.34,+0003.91,+0000.00,+0000.98,+0001.38,+0001.30,-0008.04
+1581210413.35,-0002.93,+0000.98,+0000.98,-0000.54,-0003.52,-0009.95
+1581210413.35,+0005.86,+0001.95,+0000.98,+0000.69,-0002.91,-0006.35
+1581210413.36,+0007.81,+0000.98,+0000.98,-0000.77,-0001.91,-0007.43
+1581210413.36,+0002.93,+0001.95,+0000.98,+0001.99,-0001.53,-0005.13
+1581210413.37,+0004.88,+0002.93,+0000.98,-0000.84,+0000.92,-0009.95
+1581210413.37,+0002.93,+0002.93,+0000.98,+0000.38,+0000.92,-0012.79
+1581210413.38,+0005.86,+0003.91,+0001.95,-0000.23,-0002.22,-0010.26
+1581210413.38,+0007.81,+0003.91,+0002.93,+0000.46,+0001.68,-0011.33
+1581210413.39,-0000.98,+0005.86,+0003.91,+0000.15,+0004.06,-0011.33
+1581210413.39,+0000.98,+0006.84,+0003.91,-0000.31,-0000.31,-0008.65
+1581210413.40,+0007.81,+0005.86,+0003.91,+0001.00,+0002.68,-0009.80
+1581210413.40,+0000.98,+0005.86,+0002.93,+0000.61,-0001.45,-0008.19
+1581210413.41,+0000.98,+0006.84,+0002.93,+0001.61,-0001.23,-0007.73
+1581210413.41,+0000.98,+0006.84,+0002.93,-0000.15,-0000.84,-0006.89
+1581210413.42,-0001.95,+0006.84,+0001.95,+0002.37,+0001.30,-0008.58
+1581210413.42,-0003.91,+0007.81,+0003.91,+0001.07,-0000.61,-0010.03
+1581210413.43,-0002.93,+0008.79,+0003.91,-0001.15,+0000.38,-0012.17
+1581210413.43,-0001.95,+0007.81,+0004.88,-0000.31,-0001.00,-0010.49
+1581210413.44,-0000.98,+0007.81,+0003.91,+0000.00,-0000.31,-0011.03
+1581210413.44,-0005.86,+0008.79,+0003.91,-0000.15,-0000.08,-0008.58
+1581210413.45,-0004.88,+0009.77,+0003.91,-0000.08,-0001.00,-0005.97
+1581210413.45,-0005.86,+0008.79,+0002.93,-0001.91,+0002.30,-0011.48
+1581210413.46,-0004.88,+0008.79,+0002.93,+0000.61,-0002.30,-0006.20
+1581210413.46,-0001.95,+0007.81,+0002.93,+0000.08,-0001.53,-0006.81
+1581210413.47,-0003.91,+0007.81,+0002.93,-0001.91,+0001.00,-0007.20
+1581210413.47,-0007.81,+0008.79,+0001.95,-0000.15,+0000.46,-0012.94
+1581210413.48,-0004.88,+0008.79,+0001.95,+0001.68,-0001.23,-0011.64
+1581210413.48,+0000.98,+0008.79,+0002.93,-0000.08,+0001.07,-0011.94
+1581210413.49,-0003.91,+0008.79,+0001.95,+0001.45,-0000.38,-0011.03
+1581210413.49,-0003.91,+0008.79,+0001.95,+0001.07,-0002.30,-0007.81
+1581210413.50,-0002.93,+0007.81,+0000.98,+0000.00,-0000.31,-0011.41
+1581210413.50,-0003.91,+0007.81,+0000.98,+0000.15,-0000.23,-0012.17
+1581210413.51,-0003.91,+0008.79,+0000.98,+0001.53,+0001.53,-0012.25
+1581210413.51,-0003.91,+0007.81,+0001.95,-0000.54,-0001.15,-0009.88
+1581210413.52,-0000.98,+0007.81,+0001.95,-0000.15,+0000.46,-0007.96
+1581210413.52,-0003.91,+0006.84,+0000.98,-0001.00,+0000.61,-0008.35
+1581210413.53,-0004.88,+0006.84,+0000.00,-0000.15,+0000.08,-0006.12
+1581210413.53,-0005.86,+0005.86,+0000.00,+0000.77,-0001.68,-0009.95
+1581210413.54,+0001.95,+0005.86,+0000.98,-0000.15,+0000.08,-0008.96
+1581210413.54,-0000.98,+0004.88,+0000.00,-0000.84,+0001.15,-0011.18
+1581210413.55,-0003.91,+0005.86,-0000.98,-0000.15,+0000.38,-0012.71
+1581210413.55,-0002.93,+0005.86,-0000.98,-0001.00,-0001.00,-0010.95
+1581210413.56,+0003.91,+0004.88,-0000.98,+0000.31,-0001.68,-0008.58
+1581210413.56,+0000.00,+0004.88,-0000.98,-0000.08,+0002.53,-0010.57
+1581210413.57,-0004.88,+0005.86,-0000.98,-0000.23,-0009.72,-0005.28
+1581210413.57,+0016.60,+0002.93,-0001.95,-0002.68,+0001.76,+0000.38
+1581210413.58,-0007.81,+0001.95,-0004.88,+0003.45,+0013.17,-0019.60
+1581210413.58,-0018.55,+0006.84,-0002.93,+0005.59,-0001.91,-0014.47
+1581210413.59,+0009.77,+0005.86,-0001.95,-0004.21,+0003.37,-0014.24
+1581210413.59,-0000.98,+0000.98,-0000.98,+0002.45,+0005.28,-0011.79
+1581210413.60,-0011.72,+0005.86,-0001.95,+0001.53,+0001.38,-0007.58
+1581210413.60,-0009.77,+0004.88,-0002.93,+0000.92,-0002.45,-0012.17
+1581210413.61,+0003.91,+0003.91,-0002.93,+0000.00,-0001.91,-0004.36
+1581210413.61,+0003.91,+0000.98,-0002.93,-0000.15,+0003.06,-0005.97
+1581210413.62,-0008.79,+0002.93,-0003.91,+0000.15,-0003.68,-0005.05
+1581210413.62,-0000.98,+0002.93,-0004.88,+0000.31,+0000.38,-0010.87
+1581210413.63,-0000.98,+0001.95,-0004.88,-0000.61,-0001.38,-0011.79
+1581210413.63,+0002.93,+0002.93,-0003.91,+0002.99,-0001.30,-0007.12
+1581210413.64,+0000.98,+0001.95,-0003.91,+0001.15,-0000.38,-0008.65
+1581210413.64,-0002.93,+0001.95,-0003.91,+0000.77,+0000.15,-0008.88
+1581210413.65,-0002.93,+0001.95,-0003.91,+0000.00,+0000.38,-0011.18
+1581210413.65,-0003.91,+0002.93,-0002.93,+0001.45,+0000.46,-0012.40
+1581210413.66,+0000.98,+0002.93,-0002.93,+0000.46,-0001.00,-0010.80
+1581210413.66,+0000.00,+0001.95,-0003.91,+0000.54,-0000.84,-0008.27
+1581210413.67,-0005.86,+0001.95,-0004.88,+0002.30,+0000.69,-0009.42
+1581210413.67,-0006.84,+0001.95,-0004.88,+0001.38,-0001.38,-0011.33
+1581210413.68,-0001.95,+0002.93,-0003.91,-0000.54,-0001.07,-0008.80
+1581210413.68,-0000.98,+0000.98,-0002.93,+0001.15,+0000.84,-0005.67
+1581210413.69,-0008.79,+0000.98,-0003.91,+0001.15,-0001.53,-0008.12
+1581210413.69,-0008.79,+0001.95,-0004.88,-0000.77,-0000.69,-0011.56
+1581210413.70,+0001.95,+0000.00,-0004.88,-0000.92,-0002.30,-0008.04
+1581210413.70,-0001.95,-0000.98,-0005.86,-0000.38,+0002.83,-0011.25
+1581210413.71,-0007.81,+0000.00,-0004.88,+0000.61,-0003.29,-0010.11
+1581210413.71,-0000.98,+0000.98,-0004.88,-0000.61,-0000.77,-0012.86
+1581210413.72,-0001.95,+0000.00,-0004.88,-0000.54,-0000.46,-0010.03
+1581210413.72,+0000.98,+0000.00,-0005.86,-0000.69,+0000.38,-0007.43
+1581210413.73,-0003.91,-0000.98,-0005.86,-0000.84,-0001.07,-0011.56
+1581210413.73,-0003.91,+0000.00,-0005.86,+0000.61,-0001.38,-0011.71
+1581210413.74,+0000.98,+0000.00,-0005.86,+0000.92,-0000.54,-0010.49
+1581210413.74,+0000.98,+0000.00,-0005.86,-0001.30,+0000.08,-0008.88
+1581210413.75,-0000.98,-0000.98,-0006.84,+0000.15,-0000.84,-0010.18
+1581210413.75,-0004.88,+0000.00,-0006.84,+0000.23,-0000.77,-0012.17
+1581210413.76,+0001.95,-0000.98,-0006.84,+0000.08,+0000.46,-0008.12
+1581210413.76,-0000.98,-0000.98,-0006.84,-0000.92,+0002.53,-0011.33
+1581210413.77,-0004.88,+0000.00,-0006.84,+0002.14,-0001.76,-0008.50
+1581210413.77,-0001.95,+0000.00,-0006.84,-0001.30,+0001.23,-0012.40
+1581210413.78,-0003.91,+0000.00,-0006.84,+0000.23,-0001.91,-0010.95
+1581210413.78,-0000.98,+0000.98,-0007.81,-0001.30,+0001.30,-0012.56
+1581210413.79,-0002.93,+0000.00,-0006.84,-0002.14,-0000.61,-0008.88
+1581210413.79,+0000.98,+0000.00,-0007.81,-0001.53,+0000.15,-0007.89
+1581210413.80,+0000.00,+0000.00,-0007.81,-0001.15,-0000.15,-0011.10
+1581210413.80,-0001.95,+0000.98,-0008.79,-0001.23,-0000.08,-0010.64
+1581210413.81,+0002.93,+0000.98,-0008.79,-0000.92,-0001.68,-0011.87
+1581210413.81,+0003.91,+0000.00,-0008.79,-0001.07,-0000.54,-0012.17
+1581210413.82,+0002.93,+0001.95,-0009.77,-0002.07,-0001.23,-0008.96
+1581210413.82,+0002.93,+0001.95,-0008.79,+0001.76,-0001.00,-0010.72
+1581210413.83,+0002.93,+0001.95,-0008.79,+0000.08,-0001.61,-0008.19
+1581210413.83,+0005.86,+0001.95,-0007.81,-0000.31,+0000.08,-0009.42
+1581210413.84,+0002.93,+0001.95,-0007.81,-0000.46,-0000.38,-0008.27
+1581210413.84,+0000.98,+0003.91,-0007.81,+0001.53,-0000.46,-0010.26
+1581210413.85,+0003.91,+0002.93,-0007.81,+0000.15,-0002.14,-0009.49
+1581210413.85,+0004.88,+0002.93,-0007.81,-0002.68,+0002.22,-0011.33
+1581210413.86,+0000.00,+0003.91,-0007.81,+0000.08,+0000.23,-0010.03
+1581210413.86,+0001.95,+0003.91,-0007.81,-0000.46,+0001.53,-0010.80
+1581210413.87,+0000.98,+0003.91,-0007.81,-0000.92,-0001.30,-0008.35
+1581210413.87,+0001.95,+0003.91,-0007.81,+0000.46,+0001.45,-0007.20
+1581210413.88,-0003.91,+0003.91,-0007.81,-0000.38,+0001.07,-0008.42
+1581210413.88,-0000.98,+0004.88,-0006.84,+0000.61,-0000.84,-0006.66
+1581210413.89,+0000.98,+0003.91,-0006.84,-0001.84,+0002.30,-0010.72
+1581210413.89,-0005.86,+0003.91,-0008.79,-0000.08,-0000.31,-0008.50
+1581210413.90,-0002.93,+0004.88,-0008.79,-0000.23,-0002.22,-0011.94
+1581210413.90,+0001.95,+0003.91,-0007.81,-0000.84,+0000.84,-0010.03
+1581210413.91,-0002.93,+0004.88,-0007.81,-0000.23,-0000.92,-0009.11
+1581210413.91,-0005.86,+0004.88,-0007.81,-0001.15,-0000.46,-0010.11
+1581210413.92,-0000.98,+0004.88,-0006.84,-0001.30,+0000.61,-0008.27
+1581210413.92,+0000.00,+0003.91,-0007.81,-0000.08,-0000.46,-0007.50
+1581210413.93,-0003.91,+0003.91,-0009.77,-0003.14,-0000.15,-0010.03
+1581210413.93,-0003.91,+0003.91,-0009.77,-0001.07,-0000.23,-0013.70
+1581210413.94,+0000.98,+0002.93,-0009.77,+0002.22,-0001.53,-0010.26
+1581210413.94,+0000.00,+0002.93,-0009.77,-0000.38,+0002.76,-0012.56
+1581210413.95,-0005.86,+0003.91,-0009.77,+0000.84,-0002.76,-0010.11
+1581210413.95,-0003.91,+0001.95,-0010.74,+0001.15,-0000.54,-0002.68
+1581210413.96,-0004.88,+0000.00,-0011.72,-0001.38,+0001.68,-0009.19
+1581210413.96,-0003.91,+0000.98,-0010.74,+0001.15,+0001.84,-0012.79
+1581210413.97,+0002.93,+0000.98,-0011.72,+0002.37,-0000.84,-0021.90
+1581210413.97,+0001.95,+0000.98,-0011.72,-0001.45,-0000.92,-0018.60
+1581210413.98,+0000.98,+0001.95,-0011.72,+0000.23,-0002.68,-0011.94
+1581210413.98,+0003.91,+0000.98,-0012.70,-0002.14,-0001.53,-0010.95
+1581210413.99,+0005.86,+0000.00,-0012.70,-0000.61,-0001.38,-0003.68
+1581210413.99,+0003.91,+0000.00,-0014.65,-0001.38,+0000.46,-0005.05
+1581210414.00,+0002.93,-0001.95,-0014.65,-0001.76,-0001.91,-0005.05
+1581210414.00,+0005.86,-0001.95,-0014.65,-0000.54,+0000.08,-0011.10
+1581210414.01,+0006.84,-0001.95,-0014.65,+0000.15,-0000.84,-0009.80
+1581210414.01,+0006.84,-0002.93,-0014.65,-0001.53,+0000.61,-0011.48
+1581210414.02,+0000.00,-0002.93,-0015.62,-0000.54,-0001.00,-0013.63
+1581210414.02,+0001.95,-0001.95,-0015.62,+0000.46,-0000.92,-0011.71
+1581210414.03,+0004.88,-0003.91,-0015.62,-0001.07,+0001.68,-0011.41
+1581210414.03,+0002.93,-0003.91,-0015.62,-0001.38,-0002.07,-0008.80
+1581210414.04,+0000.98,-0004.88,-0016.60,-0003.29,+0000.69,-0010.57
+1581210414.04,-0003.91,-0004.88,-0017.58,-0001.00,-0000.23,-0011.03
+1581210414.05,+0000.98,-0004.88,-0017.58,-0002.37,+0000.38,-0010.64
+1581210414.05,+0003.91,-0006.84,-0016.60,-0002.07,+0000.23,-0007.35
+1581210414.06,+0001.95,-0007.81,-0017.58,-0000.77,-0000.84,-0005.36
+1581210414.06,+0000.98,-0007.81,-0019.53,-0002.22,+0002.53,-0009.42
+1581210414.07,-0003.91,-0008.79,-0020.51,-0000.46,-0000.38,-0012.48
+1581210414.07,+0000.98,-0007.81,-0020.51,+0000.69,+0002.07,-0013.93
+1581210414.08,+0001.95,-0007.81,-0018.55,-0001.07,+0001.07,-0012.71
+1581210414.08,-0000.98,-0007.81,-0018.55,-0000.46,-0000.23,-0010.34
+1581210414.09,+0002.93,-0008.79,-0017.58,-0002.45,+0001.07,-0007.73
+1581210414.09,+0000.98,-0010.74,-0018.55,-0000.23,-0000.46,-0006.66
+1581210414.10,+0000.00,-0009.77,-0019.53,-0002.76,+0000.54,-0005.05
+1581210414.10,+0000.98,-0010.74,-0018.55,+0001.76,-0001.00,-0005.67
+1581210414.11,+0000.00,-0010.74,-0018.55,+0002.14,+0000.54,-0007.12
+1581210414.11,-0001.95,-0010.74,-0018.55,-0001.53,+0000.84,-0011.33
+1581210414.12,-0000.98,-0011.72,-0017.58,+0000.92,-0002.60,-0010.49
+1581210414.12,+0001.95,-0011.72,-0017.58,+0000.77,+0003.68,-0014.16
+1581210414.13,-0009.77,-0011.72,-0018.55,+0001.15,-0000.61,-0014.78
+1581210414.13,-0006.84,-0009.77,-0016.60,+0001.00,-0000.54,-0013.40
+1581210414.14,+0000.00,-0010.74,-0016.60,+0000.61,+0001.30,-0012.94
+1581210414.14,-0004.88,-0010.74,-0015.62,+0001.00,-0001.23,-0005.59
+1581210414.15,-0004.88,-0009.77,-0015.62,+0000.69,-0001.61,-0005.59
+1581210414.15,-0002.93,-0012.70,-0014.65,-0000.54,-0001.15,-0005.21
+1581210414.16,-0000.98,-0011.72,-0014.65,-0000.38,-0000.31,-0008.80
+1581210414.16,-0001.95,-0010.74,-0015.62,+0000.46,+0000.08,-0007.20
+1581210414.17,-0003.91,-0010.74,-0015.62,+0001.15,+0000.92,-0013.17
+1581210414.17,-0003.91,-0010.74,-0014.65,+0000.31,-0000.92,-0015.77
+1581210414.18,+0000.00,-0009.77,-0013.67,-0000.38,+0001.00,-0012.25
+1581210414.18,+0000.00,-0009.77,-0012.70,+0002.30,-0000.08,-0010.49
+1581210414.19,-0003.91,-0008.79,-0012.70,-0000.31,-0000.15,-0009.34
+1581210414.19,-0001.95,-0008.79,-0011.72,-0001.38,+0001.30,-0010.03
+1581210414.20,+0000.00,-0009.77,-0010.74,+0002.14,-0000.84,-0005.05
+1581210414.20,-0001.95,-0008.79,-0009.77,-0001.15,+0002.30,-0008.27
+1581210414.21,-0006.84,-0007.81,-0009.77,+0002.76,-0000.77,-0008.73
+1581210414.21,-0002.93,-0006.84,-0008.79,+0001.53,+0002.76,-0014.47
+1581210414.22,-0002.93,-0006.84,-0006.84,+0001.76,+0001.00,-0011.03
+1581210414.22,-0003.91,-0004.88,-0004.88,+0002.60,-0001.30,-0011.94
+1581210414.23,+0014.65,-0007.81,-0002.93,+0003.98,+0006.20,+0005.90
+1581210414.23,+0005.86,-0008.79,-0007.81,-0000.54,+0014.01,-0027.56
+1581210414.24,-0043.95,-0005.86,-0009.77,+0000.38,-0005.90,-0011.48
+1581210414.24,+0000.98,+0002.93,-0005.86,+0009.11,-0002.91,-0024.35
+1581210414.25,+0014.65,-0008.79,-0004.88,+0004.59,+0008.19,-0004.98
+1581210414.25,-0006.84,-0008.79,-0004.88,+0003.90,+0000.00,-0005.13
+1581210414.26,-0017.58,-0000.98,-0004.88,-0002.83,-0002.14,-0012.79
+1581210414.26,+0000.98,-0003.91,-0003.91,+0000.00,-0002.99,-0005.44
+1581210414.27,+0010.74,-0009.77,-0003.91,+0002.37,+0002.91,-0004.98
+1581210414.27,-0005.86,-0005.86,-0003.91,+0001.00,+0000.23,-0006.28
+1581210414.28,-0006.84,-0002.93,-0003.91,-0003.98,-0004.06,-0008.35
+1581210414.28,+0003.91,-0006.84,-0003.91,-0002.22,+0003.22,-0013.93
+1581210414.29,+0000.98,-0008.79,-0004.88,+0002.53,-0001.07,-0010.03
+1581210414.29,-0000.98,-0004.88,-0003.91,-0000.23,-0001.68,-0012.33
+1581210414.30,+0000.98,-0007.81,-0003.91,-0001.23,-0000.61,-0008.96
+1581210414.30,+0002.93,-0008.79,-0003.91,-0002.07,+0002.07,-0008.58
+1581210414.31,-0001.95,-0008.79,-0004.88,-0000.69,+0001.53,-0008.73
+1581210414.31,-0003.91,-0006.84,-0004.88,-0000.54,-0000.46,-0010.26
+1581210414.32,-0002.93,-0008.79,-0003.91,-0000.38,-0001.84,-0009.49
+1581210414.32,+0002.93,-0010.74,-0003.91,-0001.38,+0000.77,-0006.58
+1581210414.33,-0001.95,-0009.77,-0004.88,-0000.54,+0002.45,-0008.27
+1581210414.33,-0007.81,-0008.79,-0005.86,-0000.84,-0002.53,-0006.05
+1581210414.34,+0000.00,-0010.74,-0005.86,-0002.68,+0000.92,-0009.19
+1581210414.34,-0000.98,-0012.70,-0006.84,-0000.31,+0001.15,-0008.19
+1581210414.35,-0005.86,-0010.74,-0005.86,-0002.76,-0000.23,-0007.58
+1581210414.35,-0002.93,-0012.70,-0005.86,-0002.37,+0000.69,-0010.18
+1581210414.36,-0000.98,-0012.70,-0006.84,-0001.53,+0000.92,-0009.26
+1581210414.36,-0003.91,-0012.70,-0007.81,-0002.53,-0001.00,-0009.95
+1581210414.37,-0000.98,-0012.70,-0006.84,-0001.38,+0002.37,-0012.40
+1581210414.37,-0003.91,-0011.72,-0007.81,-0001.38,-0000.61,-0009.42
+1581210414.38,-0003.91,-0011.72,-0007.81,+0001.61,-0001.38,-0010.64
+1581210414.38,-0001.95,-0012.70,-0007.81,-0001.91,+0000.77,-0008.96
+1581210414.39,-0001.95,-0012.70,-0007.81,-0000.31,+0003.45,-0011.48
+1581210414.39,-0007.81,-0011.72,-0007.81,+0000.46,-0000.54,-0010.03
+1581210414.40,-0005.86,-0010.74,-0005.86,+0001.07,-0001.00,-0013.32
+1581210414.40,+0000.98,-0011.72,-0003.91,-0001.61,-0000.84,-0010.87
+1581210414.41,-0000.98,-0011.72,-0003.91,+0001.00,+0000.54,-0008.27
+1581210414.41,-0004.88,-0010.74,-0004.88,-0002.30,+0003.14,-0011.79
+1581210414.42,-0005.86,-0010.74,-0005.86,-0000.84,-0001.61,-0012.10
+1581210414.42,+0002.93,-0011.72,-0004.88,-0000.38,+0002.14,-0010.80
+1581210414.43,+0000.98,-0011.72,-0003.91,-0000.77,+0001.84,-0008.42
+1581210414.43,-0004.88,-0009.77,-0002.93,+0000.92,-0002.30,-0008.80
+1581210414.44,-0000.98,-0009.77,-0002.93,+0000.31,-0000.69,-0008.65
+1581210414.44,+0001.95,-0011.72,-0002.93,+0001.53,+0000.84,-0009.42
+1581210414.45,-0001.95,-0010.74,-0002.93,+0000.84,+0002.99,-0010.26
+1581210414.45,-0005.86,-0008.79,-0001.95,+0000.46,-0000.61,-0009.95
+1581210414.46,-0000.98,-0009.77,-0000.98,-0002.07,+0000.69,-0010.34
+1581210414.46,+0000.98,-0010.74,+0000.00,+0000.61,+0001.45,-0008.12
+1581210414.47,-0002.93,-0009.77,+0000.00,+0000.23,-0000.15,-0008.50
+1581210414.47,-0004.88,-0009.77,+0000.00,-0001.30,-0000.61,-0006.97
+1581210414.48,-0000.98,-0009.77,+0000.98,-0000.61,-0001.84,-0010.72
+1581210414.48,-0000.98,-0010.74,+0000.98,+0001.30,+0002.83,-0012.86
+1581210414.49,+0000.00,-0009.77,+0000.98,+0000.31,-0002.07,-0011.03
+1581210414.49,+0001.95,-0009.77,+0000.98,-0000.69,+0003.14,-0017.23
+1581210414.50,-0003.91,-0008.79,+0002.93,+0002.45,-0002.76,-0012.63
+1581210414.50,+0001.95,-0007.81,+0004.88,+0001.30,-0000.77,-0015.70
+1581210414.51,+0002.93,-0006.84,+0004.88,-0001.91,-0001.30,-0008.58
+1581210414.51,+0004.88,-0007.81,+0001.95,+0002.60,+0001.45,-0007.43
+1581210414.52,+0001.95,-0008.79,+0000.00,+0000.61,-0001.91,-0008.50
+1581210414.52,+0002.93,-0006.84,+0000.98,+0004.06,-0002.07,-0007.50
+1581210414.53,+0006.84,-0006.84,+0002.93,+0002.76,+0001.30,-0010.95
+1581210414.53,+0002.93,-0004.88,+0004.88,+0002.22,-0002.53,-0008.04
+1581210414.54,+0006.84,-0003.91,+0006.84,-0000.15,-0000.08,-0010.34
+1581210414.54,+0003.91,-0004.88,+0006.84,-0000.84,+0000.54,-0011.87
+1581210414.55,+0001.95,-0004.88,+0006.84,+0002.14,-0002.30,-0010.80
+1581210414.55,+0007.81,-0003.91,+0006.84,-0001.76,+0000.31,-0010.34
+1581210414.56,+0003.91,-0003.91,+0006.84,+0001.00,+0002.68,-0010.72
+1581210414.56,+0000.00,-0003.91,+0006.84,+0002.76,-0001.07,-0010.18
+1581210414.57,+0001.95,-0002.93,+0007.81,+0001.45,+0000.23,-0008.58
+1581210414.57,+0001.95,-0002.93,+0008.79,+0001.76,-0000.77,-0006.05
+1581210414.58,-0000.98,-0002.93,+0009.77,+0001.30,+0001.99,-0009.42
+1581210414.58,-0005.86,-0000.98,+0010.74,+0002.30,-0001.76,-0010.95
+1581210414.59,+0000.98,+0000.00,+0012.70,+0000.77,-0001.68,-0009.95
+1581210414.59,+0002.93,-0001.95,+0013.67,+0000.84,-0000.08,-0007.50
+1581210414.60,-0004.88,-0000.98,+0012.70,+0000.77,-0001.99,-0011.03
+1581210414.60,-0005.86,+0000.98,+0012.70,+0001.38,-0003.14,-0011.03
+1581210414.61,+0001.95,+0000.00,+0013.67,+0000.54,+0001.84,-0012.10
+1581210414.61,-0003.91,+0000.00,+0013.67,+0000.84,+0000.08,-0010.03
+1581210414.62,-0004.88,+0001.95,+0014.65,+0000.92,+0000.61,-0012.79
+1581210414.62,-0001.95,+0001.95,+0014.65,+0000.23,-0002.14,-0012.71
+1581210414.63,+0004.88,+0000.98,+0015.62,+0000.38,-0002.30,-0005.28
+1581210414.63,+0000.00,+0000.98,+0014.65,+0002.91,-0001.53,-0010.87
+1581210414.64,-0004.88,+0003.91,+0015.62,+0001.23,-0003.90,-0007.89
+1581210414.64,+0007.81,+0002.93,+0016.60,+0000.69,+0000.69,-0007.81
+1581210414.65,-0000.98,+0000.98,+0017.58,+0003.60,-0000.54,-0008.19
+1581210414.65,-0003.91,+0004.88,+0018.55,+0000.84,-0002.07,-0010.49
+1581210414.66,+0001.95,+0003.91,+0018.55,-0000.46,-0000.15,-0012.02
+1581210414.66,+0002.93,+0001.95,+0018.55,+0000.46,+0000.46,-0009.03
+1581210414.67,-0000.98,+0001.95,+0018.55,+0001.91,+0000.54,-0011.94
+1581210414.67,-0003.91,+0003.91,+0017.58,+0000.77,-0002.30,-0012.71
+1581210414.68,+0000.00,+0003.91,+0018.55,-0001.00,+0001.91,-0013.70
+1581210414.68,+0000.98,+0002.93,+0018.55,+0000.15,+0003.45,-0013.32
+1581210414.68,-0008.79,+0003.91,+0018.55,+0001.30,-0000.61,-0011.33
+1581210414.69,-0006.84,+0005.86,+0018.55,+0000.15,-0002.22,-0011.79
+1581210414.69,+0000.98,+0003.91,+0018.55,+0000.15,+0000.61,-0008.50
+1581210414.70,-0003.91,+0002.93,+0016.60,+0000.31,-0004.21,-0006.89
+1581210414.70,-0002.93,+0004.88,+0016.60,+0000.38,-0001.15,-0008.50
+1581210414.71,+0000.98,+0003.91,+0015.62,-0000.61,-0002.30,-0009.11
+1581210414.71,+0000.98,+0002.93,+0014.65,+0001.68,-0000.46,-0009.88
+1581210414.72,+0000.00,+0004.88,+0014.65,-0001.30,-0002.53,-0011.94
+1581210414.72,+0002.93,+0004.88,+0014.65,+0000.92,-0002.91,-0009.42
+1581210414.73,+0003.91,+0004.88,+0014.65,-0002.76,-0000.31,-0013.63
+1581210414.73,+0002.93,+0005.86,+0014.65,-0000.23,-0002.99,-0010.34
+1581210414.74,+0005.86,+0005.86,+0013.67,-0000.61,+0000.69,-0011.25
+1581210414.74,+0001.95,+0005.86,+0012.70,-0000.23,-0000.84,-0014.55
+1581210414.75,+0008.79,+0006.84,+0012.70,-0000.92,-0002.83,+0002.37
+1581210414.75,+0013.67,+0004.88,+0010.74,-0000.69,+0012.63,-0013.09
+1581210414.76,-0020.51,+0006.84,+0008.79,-0000.69,-0000.23,-0015.93
+1581210414.76,-0006.84,+0010.74,+0009.77,+0001.76,-0004.36,-0014.55
+1581210414.77,+0013.67,+0007.81,+0010.74,-0006.12,+0005.44,-0007.66
+1581210414.77,+0000.00,+0004.88,+0009.77,+0000.23,+0001.68,-0006.51
+1581210414.78,-0011.72,+0008.79,+0008.79,-0002.68,+0000.69,-0010.41
+1581210414.78,-0004.88,+0008.79,+0006.84,-0005.90,-0003.06,-0008.80
+1581210414.79,+0006.84,+0005.86,+0005.86,-0003.22,+0002.07,-0002.76
+1581210414.79,-0001.95,+0003.91,+0003.91,-0000.92,+0003.83,-0005.90
+1581210414.80,-0011.72,+0006.84,+0003.91,-0001.00,-0001.23,-0007.20
+1581210414.80,-0000.98,+0006.84,+0003.91,-0003.14,-0000.08,-0009.11
+1581210414.81,+0003.91,+0004.88,+0002.93,-0000.15,+0000.61,-0006.58
+1581210414.81,-0003.91,+0004.88,+0001.95,-0000.15,+0001.76,-0009.49
+1581210414.82,-0006.84,+0005.86,+0000.98,-0002.30,-0002.53,-0011.33
+1581210414.82,+0002.93,+0004.88,+0000.98,-0003.06,+0000.77,-0011.41
+1581210414.83,-0000.98,+0003.91,+0000.00,-0001.61,+0002.91,-0014.70
+1581210414.83,-0007.81,+0006.84,-0000.98,-0000.15,-0001.53,-0011.41
+1581210414.84,+0000.98,+0005.86,+0000.00,-0002.99,+0000.23,-0013.32
+1581210414.84,+0000.98,+0004.88,-0000.98,-0000.31,-0001.38,-0007.73
+1581210414.85,-0000.98,+0004.88,-0001.95,-0001.84,+0000.69,-0006.05
+1581210414.85,-0005.86,+0004.88,-0002.93,-0002.22,-0001.38,-0009.26
+1581210414.86,-0001.95,+0004.88,-0002.93,+0000.92,-0001.76,-0008.42
+1581210414.86,+0003.91,+0003.91,-0003.91,-0001.53,+0001.00,-0008.50
+1581210414.87,-0003.91,+0002.93,-0003.91,+0000.54,+0000.31,-0010.49
+1581210414.87,-0001.95,+0003.91,-0003.91,-0000.23,+0000.77,-0011.18
+1581210414.88,-0001.95,+0002.93,-0004.88,-0000.84,+0001.76,-0013.48
+1581210414.88,-0003.91,+0003.91,-0003.91,-0000.54,+0000.61,-0012.40
+1581210414.89,+0000.98,+0003.91,-0002.93,-0001.99,+0000.69,-0008.73
+1581210414.89,+0002.93,+0000.98,-0002.93,-0000.08,+0001.68,-0007.20
+1581210414.90,-0004.88,+0001.95,-0003.91,-0000.54,-0001.00,-0011.18
+1581210414.90,-0001.95,+0002.93,-0003.91,-0001.23,-0000.54,-0008.42
+1581210414.91,+0001.95,+0000.98,-0003.91,-0001.91,+0001.15,-0012.56
+1581210414.91,+0000.00,+0000.98,-0002.93,+0000.23,-0000.61,-0008.80
+1581210414.92,+0001.95,+0000.00,-0001.95,-0000.84,-0001.00,-0008.35
+1581210414.92,+0001.95,-0000.98,-0001.95,-0001.23,+0000.15,-0008.19
+1581210414.93,-0001.95,+0000.00,-0001.95,-0001.30,-0000.61,-0007.20
+1581210414.93,+0001.95,+0000.00,-0000.98,+0000.77,-0000.38,-0009.26
+1581210414.94,+0001.95,-0001.95,-0000.98,-0000.23,+0001.99,-0009.95
+1581210414.94,-0000.98,-0001.95,-0000.98,-0000.92,+0000.31,-0012.02
+1581210414.95,+0000.00,-0001.95,-0000.98,+0000.46,+0001.15,-0013.63
+1581210414.95,-0000.98,-0001.95,+0000.00,+0000.31,-0000.31,-0013.40
+1581210414.96,+0001.95,-0002.93,+0000.00,-0000.54,+0001.00,-0011.03
+1581210414.96,-0001.95,-0003.91,+0000.00,+0000.61,+0001.23,-0009.19
+1581210414.97,-0001.95,-0003.91,+0000.98,+0000.08,-0002.07,-0006.81
+1581210414.97,+0000.98,-0004.88,+0000.98,+0000.15,-0000.23,-0008.73
+1581210414.98,-0000.98,-0004.88,+0000.98,-0000.92,-0000.31,-0007.35
+1581210414.98,-0000.98,-0005.86,+0000.00,-0000.38,+0000.69,-0010.87
+1581210414.99,-0001.95,-0006.84,+0000.98,-0000.46,-0001.45,-0008.65
+1581210414.99,+0000.98,-0006.84,+0000.98,-0001.07,+0000.23,-0008.88
+1581210415.00,+0000.00,-0007.81,+0001.95,-0000.31,+0000.46,-0010.34
+1581210415.00,-0000.98,-0008.79,+0001.95,+0000.08,-0003.29,-0008.35
+1581210415.01,+0001.95,-0009.77,+0000.98,-0000.23,+0001.00,-0010.34
+1581210415.01,+0000.98,-0008.79,+0000.98,-0001.15,-0001.30,-0007.04
+1581210415.02,+0002.93,-0009.77,+0000.00,+0001.23,+0002.07,-0009.88
+1581210415.02,-0002.93,-0009.77,+0000.00,-0001.38,-0000.08,-0012.48
+1581210415.03,+0000.98,-0008.79,+0000.98,+0000.23,+0001.07,-0009.88
+1581210415.03,+0003.91,-0009.77,+0000.98,+0001.76,+0000.77,-0008.96
+1581210415.04,-0001.95,-0009.77,+0000.98,-0000.38,+0000.69,-0005.13
+1581210415.04,-0004.88,-0008.79,+0000.00,-0001.30,+0000.54,-0007.27
+1581210415.05,-0005.86,-0009.77,+0000.00,+0001.00,+0001.30,-0014.32
+1581210415.05,-0002.93,-0009.77,+0000.00,-0000.69,+0003.37,-0015.47
+1581210415.06,+0000.00,-0009.77,+0000.98,-0000.31,-0001.00,-0015.93
+1581210415.06,+0003.91,-0009.77,+0000.98,-0000.15,-0000.84,-0019.60
+1581210415.07,-0000.98,-0007.81,+0000.98,+0001.45,-0004.75,-0010.87
+1581210415.07,+0006.84,-0005.86,+0001.95,-0002.45,-0005.36,-0003.29
+1581210415.08,+0006.84,-0007.81,+0000.98,+0001.07,-0000.92,-0003.22
+1581210415.08,-0000.98,-0007.81,+0000.98,+0001.23,-0004.90,-0000.08
+1581210415.09,+0004.88,-0007.81,+0000.98,-0000.46,-0002.30,-0003.90
+1581210415.09,+0003.91,-0008.79,+0001.95,+0001.61,+0001.15,-0006.12
+1581210415.10,+0000.00,-0007.81,+0001.95,+0002.60,+0001.53,-0011.71
+1581210415.10,-0002.93,-0005.86,+0002.93,+0003.45,+0000.00,-0017.69
+1581210415.11,-0002.93,-0004.88,+0002.93,+0002.83,-0003.22,-0015.24
+1581210415.11,+0001.95,-0005.86,+0004.88,+0001.30,+0001.38,-0014.24
+1581210415.12,-0007.81,-0004.88,+0004.88,+0000.08,-0000.15,-0011.94
+1581210415.12,-0008.79,-0001.95,+0004.88,+0000.54,-0002.37,-0011.33
+1581210415.13,-0000.98,-0002.93,+0004.88,-0000.69,+0000.23,-0010.72
+1581210415.13,-0003.91,-0003.91,+0004.88,+0000.00,-0000.61,-0006.81
+1581210415.14,-0005.86,-0002.93,+0003.91,-0000.31,-0001.91,-0006.35
+1581210415.14,-0004.88,-0001.95,+0003.91,+0001.84,-0001.61,-0009.26
+1581210415.15,-0002.93,-0001.95,+0004.88,-0000.15,-0001.07,-0009.26
+1581210415.15,-0002.93,-0001.95,+0004.88,+0000.77,-0001.84,-0009.11
+1581210415.16,+0000.00,-0001.95,+0005.86,+0000.77,-0001.30,-0006.89
+1581210415.16,-0002.93,-0001.95,+0004.88,+0001.07,+0003.22,-0011.48
+1581210415.17,-0008.79,-0000.98,+0004.88,+0002.83,-0002.22,-0013.25
+1581210415.17,+0001.95,+0000.00,+0005.86,-0003.06,+0001.84,-0013.48
+1581210415.18,+0000.00,-0002.93,+0005.86,+0000.84,+0000.23,-0011.33
+1581210415.18,-0004.88,-0001.95,+0004.88,+0000.54,-0001.30,-0011.33
+1581210415.19,-0002.93,-0000.98,+0004.88,-0000.08,-0001.23,-0011.48
+1581210415.19,-0002.93,-0000.98,+0004.88,-0000.08,+0000.15,-0009.95
+1581210415.20,-0001.95,-0000.98,+0004.88,+0000.84,-0000.31,-0009.65
+1581210415.20,+0002.93,-0000.98,+0004.88,-0001.07,+0000.54,-0005.97
+1581210415.21,+0000.98,-0000.98,+0003.91,+0000.08,+0000.54,-0009.26
+1581210415.21,-0001.95,+0000.98,+0003.91,-0000.77,-0001.53,-0006.81
+1581210415.22,-0000.98,+0001.95,+0002.93,+0000.15,+0002.45,-0012.02
+1581210415.22,-0004.88,+0002.93,+0003.91,+0000.84,-0002.60,-0010.11
+1581210415.23,+0003.91,+0002.93,+0004.88,+0000.77,+0001.38,-0011.64
+1581210415.23,+0000.00,+0000.98,+0004.88,-0000.77,+0001.38,-0010.87
+1581210415.24,-0004.88,+0003.91,+0003.91,-0000.84,+0000.00,-0010.87
+1581210415.24,+0000.00,+0004.88,+0002.93,-0000.61,+0000.61,-0009.03
+1581210415.25,+0001.95,+0002.93,+0003.91,+0001.07,-0000.31,-0007.20
+1581210415.25,-0004.88,+0003.91,+0003.91,-0001.61,+0002.60,-0009.11
+1581210415.26,-0004.88,+0005.86,+0004.88,+0000.46,-0003.68,-0009.42
+1581210415.26,+0004.88,+0005.86,+0003.91,-0001.23,+0001.00,-0007.89
+1581210415.27,+0003.91,+0004.88,+0004.88,-0000.92,+0001.53,-0004.29
+1581210415.27,-0004.88,+0005.86,+0004.88,-0000.92,+0001.53,-0010.57
+1581210415.28,-0005.86,+0008.79,+0004.88,+0000.92,-0003.14,-0011.33
+1581210415.28,+0005.86,+0007.81,+0005.86,-0000.84,+0000.38,-0007.50
+1581210415.29,+0001.95,+0004.88,+0005.86,-0000.15,+0003.60,-0007.58
+1581210415.29,-0012.70,+0008.79,+0005.86,+0000.08,-0001.76,-0011.18
+1581210415.30,-0002.93,+0009.77,+0006.84,-0000.54,-0000.69,-0014.62
+1581210415.30,+0004.88,+0006.84,+0007.81,-0001.45,+0001.99,-0010.03
+1581210415.31,-0004.88,+0006.84,+0007.81,-0000.54,-0000.46,-0009.49
+1581210415.31,-0009.77,+0008.79,+0007.81,-0000.23,-0001.15,-0010.72
+1581210415.32,-0000.98,+0008.79,+0006.84,-0000.77,-0002.68,-0011.33
+1581210415.32,+0016.60,+0002.93,+0005.86,-0002.53,-0003.68,+0017.46
+1581210415.33,-0030.27,+0002.93,+0001.95,-0002.91,+0001.38,-0022.89
+1581210415.33,-0046.88,+0011.72,+0006.84,+0006.35,-0006.66,-0017.46
+1581210415.34,+0009.77,+0016.60,+0011.72,+0001.23,-0002.91,-0034.15
+1581210415.34,+0011.72,+0000.00,+0010.74,-0004.75,+0007.89,+0000.92
+1581210415.35,-0019.53,+0000.00,+0008.79,-0000.46,-0004.52,-0005.36
+1581210415.35,-0016.60,+0010.74,+0007.81,-0003.22,-0006.43,-0003.45
+1581210415.36,+0002.93,+0005.86,+0004.88,-0002.22,-0002.07,-0011.56
+1581210415.36,+0003.91,-0001.95,+0003.91,+0001.91,-0000.61,-0002.99
+1581210415.37,-0003.91,+0001.95,+0004.88,-0001.00,-0001.30,-0005.97
+1581210415.37,-0003.91,+0004.88,+0005.86,-0000.08,-0003.06,-0013.93
+1581210415.38,+0004.88,+0001.95,+0005.86,-0000.77,+0001.53,-0013.09
+1581210415.38,+0004.88,+0001.95,+0004.88,-0000.46,+0001.61,-0013.86
+1581210415.39,-0002.93,+0003.91,+0005.86,-0000.23,+0000.23,-0011.10
+1581210415.39,-0003.91,+0002.93,+0004.88,-0000.84,-0001.23,-0014.85
+1581210415.40,+0000.98,+0001.95,+0004.88,-0000.61,+0000.46,-0005.90
+1581210415.40,+0000.00,+0000.98,+0002.93,-0003.29,+0003.83,-0009.34
+1581210415.41,-0007.81,+0000.00,+0002.93,+0000.08,+0001.00,-0009.88
+1581210415.41,-0006.84,+0000.98,+0002.93,-0001.68,-0000.15,-0011.25
+1581210415.42,+0000.98,+0000.00,+0002.93,-0002.30,+0001.91,-0009.26
+1581210415.42,-0002.93,-0001.95,+0001.95,-0001.07,+0000.31,-0009.11
+1581210415.43,-0003.91,+0000.00,+0001.95,-0000.15,-0002.68,-0006.89
+1581210415.43,-0000.98,-0001.95,+0000.98,-0000.31,-0002.76,-0008.04
+1581210415.44,+0001.95,-0002.93,+0000.98,-0001.45,-0000.23,-0008.27
+1581210415.44,+0000.00,-0002.93,+0000.00,-0001.68,-0000.61,-0010.18
+1581210415.45,+0000.98,-0001.95,-0000.98,-0000.31,+0000.15,-0011.10
+1581210415.45,-0000.98,-0002.93,-0000.98,-0000.23,-0000.92,-0012.79
+1581210415.46,+0000.98,-0001.95,+0000.00,+0000.38,-0000.84,-0011.87
+1581210415.46,+0003.91,-0001.95,+0000.98,-0001.53,+0000.77,-0012.25
+1581210415.47,+0000.98,-0001.95,+0000.00,-0001.07,-0000.46,-0010.41
+1581210415.47,+0001.95,-0000.98,+0000.00,-0000.77,-0001.61,-0009.19
+1581210415.48,+0002.93,-0001.95,+0000.00,-0001.30,+0001.84,-0009.49
+1581210415.48,-0000.98,-0000.98,+0000.00,-0001.38,-0002.45,-0008.42
+1581210415.49,+0004.88,-0000.98,+0000.00,-0000.61,+0000.46,-0008.12
+1581210415.49,+0000.98,-0000.98,-0000.98,-0002.30,+0002.22,-0010.11
+1581210415.50,-0003.91,+0000.00,+0000.00,-0000.31,-0001.53,-0007.27
+1581210415.50,+0003.91,+0000.98,+0000.98,-0000.61,+0001.07,-0011.64
+1581210415.51,+0001.95,+0000.98,+0001.95,-0001.68,-0000.92,-0005.51
+1581210415.51,+0000.00,+0000.98,+0001.95,-0000.15,+0001.23,-0005.74
+1581210415.52,-0005.86,+0001.95,+0001.95,-0000.69,-0001.68,-0010.26
+1581210415.52,-0000.98,+0002.93,+0001.95,+0000.08,+0001.38,-0009.65
+1581210415.53,+0000.98,+0001.95,+0001.95,-0002.53,+0002.07,-0011.71
+1581210415.53,-0001.95,+0002.93,+0001.95,+0001.38,-0003.37,-0007.73
+1581210415.54,-0000.98,+0002.93,+0001.95,-0000.77,-0000.23,-0010.26
+1581210415.54,-0001.95,+0003.91,+0002.93,+0000.38,+0000.00,-0010.49
+1581210415.55,-0002.93,+0003.91,+0002.93,-0000.92,+0000.23,-0011.41
+1581210415.55,-0000.98,+0004.88,+0002.93,-0000.08,-0000.92,-0009.03
+1581210415.56,+0001.95,+0003.91,+0002.93,+0000.00,+0000.00,-0008.80
+1581210415.56,-0000.98,+0002.93,+0002.93,-0000.61,-0003.90,-0007.66
+1581210415.57,+0002.93,+0002.93,+0001.95,+0000.46,-0001.45,-0006.81
+1581210415.57,+0000.98,+0002.93,+0001.95,+0001.99,-0002.60,-0009.34
+1581210415.58,+0000.98,+0003.91,+0001.95,+0001.15,-0001.00,-0010.80
+1581210415.58,+0000.00,+0002.93,+0001.95,+0000.92,-0000.84,-0011.64
+1581210415.59,-0002.93,+0002.93,+0002.93,+0000.38,-0000.69,-0008.80
+1581210415.59,-0000.98,+0003.91,+0002.93,+0000.00,-0001.07,-0009.03
+1581210415.60,-0000.98,+0003.91,+0002.93,+0000.00,-0001.91,-0009.11
+1581210415.60,-0000.98,+0002.93,+0001.95,-0000.69,-0001.15,-0007.81
+1581210415.61,-0001.95,+0002.93,+0000.98,+0000.77,-0001.53,-0011.71
+1581210415.61,-0002.93,+0003.91,+0000.98,-0001.15,-0002.76,-0010.87
+1581210415.62,-0000.98,+0003.91,+0000.98,+0001.23,-0001.38,-0006.89
+1581210415.62,-0003.91,+0004.88,+0000.98,+0001.00,-0001.45,-0010.72
+1581210415.63,-0003.91,+0004.88,+0000.98,+0001.00,-0001.00,-0012.56
+1581210415.63,+0000.00,+0005.86,+0002.93,-0000.08,+0000.00,-0017.76
+1581210415.64,+0000.98,+0005.86,+0002.93,+0000.61,-0002.76,-0014.70
+1581210415.64,+0002.93,+0006.84,+0002.93,-0001.30,-0003.60,-0010.64
+1581210415.65,+0001.95,+0006.84,+0002.93,-0002.45,+0000.00,-0008.88
+1581210415.65,+0000.98,+0006.84,+0001.95,-0001.84,+0000.46,-0009.72
+1581210415.66,+0002.93,+0007.81,+0001.95,+0001.45,-0001.61,-0011.41
+1581210415.66,+0007.81,+0007.81,+0003.91,-0000.84,-0003.52,-0003.52
+1581210415.67,+0010.74,+0005.86,+0002.93,+0002.30,+0001.30,-0005.82
+1581210415.67,-0000.98,+0006.84,+0002.93,-0000.31,+0001.45,-0012.33
+1581210415.68,+0002.93,+0009.77,+0003.91,+0003.14,+0000.31,-0012.56
+1581210415.68,+0009.77,+0008.79,+0005.86,+0000.84,+0000.61,-0013.32
+1581210415.69,+0002.93,+0007.81,+0006.84,+0002.53,-0000.84,-0008.88
+1581210415.69,+0001.95,+0009.77,+0005.86,+0000.23,-0000.69,-0012.02
+1581210415.70,+0001.95,+0008.79,+0005.86,+0001.53,-0001.38,-0009.57
+1581210415.70,+0003.91,+0008.79,+0005.86,-0001.84,+0001.61,-0011.41
+1581210415.71,+0001.95,+0006.84,+0005.86,+0000.23,-0001.30,-0009.11
+1581210415.71,+0000.98,+0007.81,+0005.86,-0001.61,-0000.31,-0006.43
+1581210415.72,+0000.00,+0005.86,+0004.88,-0000.15,+0001.23,-0009.88
+1581210415.72,+0000.00,+0006.84,+0003.91,-0002.30,-0001.45,-0007.96
+1581210415.73,+0001.95,+0005.86,+0003.91,+0000.38,+0001.99,-0008.27
+1581210415.73,-0001.95,+0005.86,+0002.93,+0000.15,-0000.54,-0009.34
+1581210415.74,-0000.98,+0006.84,+0003.91,+0000.84,-0000.84,-0007.43
+1581210415.74,+0000.00,+0005.86,+0002.93,-0000.84,+0000.84,-0010.18
+1581210415.75,-0001.95,+0005.86,+0002.93,+0001.00,-0000.61,-0008.12
+1581210415.75,-0001.95,+0004.88,+0002.93,-0001.45,-0000.46,-0010.95
+1581210415.76,-0004.88,+0004.88,+0001.95,+0001.30,-0001.07,-0011.56
+1581210415.76,-0002.93,+0005.86,+0000.98,+0001.45,-0002.22,-0012.33
+1581210415.77,-0001.95,+0004.88,+0000.00,-0001.45,-0001.61,-0011.25
+1581210415.77,-0002.93,+0005.86,-0000.98,-0000.92,+0001.38,-0008.88
+1581210415.78,-0005.86,+0006.84,-0000.98,+0000.00,+0000.23,-0009.95
+1581210415.78,-0001.95,+0005.86,-0000.98,-0000.84,-0000.69,-0004.59
+1581210415.79,-0000.98,+0005.86,-0001.95,-0003.45,+0002.30,-0009.42
+1581210415.79,-0006.84,+0006.84,-0002.93,+0000.54,-0000.92,-0007.89
+1581210415.80,-0000.98,+0006.84,-0002.93,-0001.07,+0001.23,-0011.03
+1581210415.80,+0000.00,+0005.86,-0002.93,-0002.68,+0002.45,-0010.34
+1581210415.81,-0004.88,+0005.86,-0003.91,+0000.46,+0000.23,-0011.33
+1581210415.81,-0005.86,+0007.81,-0004.88,-0001.30,+0000.77,-0014.39
+1581210415.82,-0001.95,+0007.81,-0004.88,+0000.23,+0000.46,-0007.96
+1581210415.82,+0000.00,+0005.86,-0004.88,-0000.54,+0002.83,-0014.09
+1581210415.83,-0003.91,+0006.84,-0003.91,-0000.69,+0001.00,-0013.32
+1581210415.83,-0000.98,+0008.79,-0003.91,+0000.38,-0002.53,-0012.40
+1581210415.84,+0005.86,+0007.81,-0003.91,-0000.31,+0000.69,-0011.25
+1581210415.84,-0001.95,+0007.81,-0003.91,-0000.46,-0001.23,-0008.35
+1581210415.85,+0001.95,+0007.81,-0004.88,-0000.23,-0002.60,-0005.82
+1581210415.85,+0006.84,+0007.81,-0004.88,-0002.45,-0001.45,-0007.43
+1581210415.86,+0008.79,+0005.86,-0005.86,+0000.31,-0003.37,-0000.77
+1581210415.86,+0006.84,+0004.88,-0007.81,-0001.84,+0002.37,-0007.81
+1581210415.87,-0002.93,+0006.84,-0008.79,-0000.69,-0002.07,-0013.25
+1581210415.87,+0006.84,+0006.84,-0006.84,+0000.92,+0001.68,-0015.85
+1581210415.88,+0006.84,+0006.84,-0004.88,-0001.23,+0004.21,-0019.91
+1581210415.88,+0007.81,+0007.81,-0003.91,-0001.84,-0005.36,-0011.64
+1581210415.89,+0018.55,+0004.88,-0006.84,+0001.84,+0012.63,-0013.93
+1581210415.89,-0015.62,+0005.86,-0010.74,-0001.76,-0000.61,-0012.86
+1581210415.90,-0005.86,+0008.79,-0009.77,+0003.60,-0003.60,-0010.87
+1581210415.90,+0012.70,+0007.81,-0007.81,-0001.15,+0004.59,-0005.28
+1581210415.91,+0000.00,+0003.91,-0007.81,+0004.06,-0001.30,-0003.22
+1581210415.91,-0006.84,+0007.81,-0008.79,-0002.76,+0000.69,-0011.03
+1581210415.92,-0002.93,+0006.84,-0008.79,-0000.92,-0002.14,-0011.41
+1581210415.92,+0004.88,+0005.86,-0008.79,-0002.53,+0000.84,-0009.19
+1581210415.93,+0001.95,+0004.88,-0009.77,+0001.07,+0000.54,-0010.87
+1581210415.93,-0000.98,+0005.86,-0010.74,-0000.92,-0002.99,-0009.57
+1581210415.94,+0001.95,+0004.88,-0010.74,-0002.30,-0001.07,-0013.40
+1581210415.94,+0003.91,+0004.88,-0010.74,+0001.15,-0000.69,-0008.88
+1581210415.95,+0006.84,+0003.91,-0011.72,-0001.30,-0001.53,-0007.04
+1581210415.95,+0003.91,+0003.91,-0011.72,-0001.84,-0000.31,-0008.50
+1581210415.96,+0000.98,+0003.91,-0012.70,+0001.91,-0001.45,-0011.03
+1581210415.96,+0006.84,+0004.88,-0011.72,-0001.07,-0001.68,-0007.89
+1581210415.97,+0008.79,+0002.93,-0010.74,-0000.61,+0001.00,-0006.74
+1581210415.97,+0000.98,+0001.95,-0011.72,+0002.22,-0000.46,-0011.03
+1581210415.98,-0000.98,+0003.91,-0012.70,+0000.08,-0001.38,-0015.01
+1581210415.98,+0006.84,+0001.95,-0011.72,+0001.61,-0001.38,-0009.72
+1581210415.99,+0006.84,+0000.98,-0012.70,+0000.46,+0002.53,-0009.88
+1581210415.99,-0001.95,+0000.98,-0011.72,+0001.53,-0003.83,-0006.58
+1581210416.00,+0002.93,+0001.95,-0011.72,+0003.06,-0001.07,-0007.96
+1581210416.00,+0001.95,+0000.00,-0012.70,+0000.00,+0001.23,-0009.57
+1581210416.01,+0000.98,+0000.00,-0012.70,-0001.38,-0002.60,-0009.03
+1581210416.01,+0003.91,-0000.98,-0011.72,+0001.45,-0003.22,-0007.35
+1581210416.02,+0001.95,-0000.98,-0011.72,+0000.31,+0002.07,-0009.19
+1581210416.02,-0000.98,-0000.98,-0011.72,+0000.46,-0001.84,-0008.27
+1581210416.03,+0000.00,-0000.98,-0011.72,-0001.00,-0000.31,-0012.56
+1581210416.03,+0000.00,-0001.95,-0011.72,+0000.31,-0000.23,-0011.25
+1581210416.04,+0001.95,-0001.95,-0011.72,+0001.15,+0000.31,-0009.19
+1581210416.04,-0000.98,-0002.93,-0010.74,+0000.54,-0002.45,-0008.58
+1581210416.05,+0001.95,-0001.95,-0010.74,-0001.61,+0002.45,-0008.96
+1581210416.05,+0000.00,-0001.95,-0010.74,-0000.08,+0001.76,-0011.33
+1581210416.06,-0002.93,-0000.98,-0010.74,-0000.23,-0002.45,-0010.87
+1581210416.06,+0007.81,-0000.98,-0009.77,+0001.23,+0000.77,-0011.10
+1581210416.07,+0002.93,-0001.95,-0009.77,-0000.38,+0001.53,-0009.34
+1581210416.07,-0003.91,-0000.98,-0009.77,+0001.45,-0002.83,-0009.72
+1581210416.08,+0000.00,-0000.98,-0008.79,+0002.37,+0000.00,-0012.40
+1581210416.08,+0007.81,+0000.00,-0006.84,-0001.00,-0007.12,-0003.37
+1581210416.09,+0014.65,-0004.88,-0007.81,-0003.60,+0004.44,+0004.59
+1581210416.09,-0022.46,-0000.98,-0011.72,+0002.83,+0011.18,-0022.74
+1581210416.10,-0015.62,+0001.95,-0007.81,+0009.88,-0002.53,-0020.44
+1581210416.10,+0020.51,+0002.93,-0005.86,-0005.74,-0001.23,-0007.58
+1581210416.11,+0005.86,-0005.86,-0006.84,-0001.30,+0010.72,-0007.20
+1581210416.11,-0018.55,+0000.00,-0007.81,-0003.52,-0003.06,-0013.17
+1581210416.12,-0005.86,+0001.95,-0007.81,+0000.31,+0001.15,-0014.47
+1581210416.12,+0008.79,+0000.00,-0006.84,-0002.22,-0001.00,-0008.88
+1581210416.13,+0001.95,-0002.93,-0007.81,-0002.83,+0004.29,-0006.51
+1581210416.13,-0008.79,+0000.98,-0008.79,-0001.61,-0003.45,-0012.10
+1581210416.14,+0000.00,+0000.00,-0008.79,+0000.00,-0001.53,-0009.19
+1581210416.14,+0006.84,-0001.95,-0009.77,-0000.92,+0000.54,-0008.88
+1581210416.15,-0000.98,-0000.98,-0010.74,+0001.15,-0000.46,-0007.04
+1581210416.15,-0005.86,+0000.98,-0009.77,+0000.00,-0001.91,-0011.33
+1581210416.16,+0000.00,-0000.98,-0008.79,+0000.31,-0002.76,-0012.10
+1581210416.16,+0006.84,-0000.98,-0008.79,-0000.69,-0000.92,-0009.57
+1581210416.17,-0000.98,-0000.98,-0009.77,-0000.38,-0000.46,-0007.43
+1581210416.17,-0005.86,+0000.00,-0011.72,+0001.23,-0002.76,-0011.87
+1581210416.18,-0003.91,+0000.00,-0011.72,-0001.07,-0000.15,-0011.71
+1581210416.18,-0002.93,+0000.00,-0011.72,-0001.84,+0001.38,-0002.14
+1581210416.19,-0008.79,+0000.00,-0011.72,-0001.23,+0001.30,+0001.23
+1581210416.19,-0014.65,-0000.98,-0012.70,+0000.08,+0000.54,-0004.13
+1581210416.20,-0008.79,-0000.98,-0012.70,+0002.30,+0003.22,-0017.23
+1581210416.20,-0000.98,-0000.98,-0012.70,+0000.54,-0003.68,-0029.55
+1581210416.21,+0001.95,+0000.98,-0012.70,-0002.07,+0003.90,-0026.57
+1581210416.21,-0003.91,+0002.93,-0012.70,-0000.46,-0003.14,-0020.90
+1581210416.22,+0000.00,+0004.88,-0013.67,-0001.30,-0000.61,-0004.29
+1581210416.22,+0009.77,+0002.93,-0014.65,-0004.06,-0002.14,-0001.76
+1581210416.23,+0005.86,+0000.00,-0016.60,-0001.84,+0000.54,+0000.31
+1581210416.23,+0001.95,-0000.98,-0017.58,-0001.84,-0002.91,+0002.22
+1581210416.24,+0007.81,+0000.00,-0017.58,+0001.84,-0000.38,-0006.66
+1581210416.24,+0006.84,+0000.98,-0015.62,+0003.90,-0002.99,-0007.35
+1581210416.25,+0010.74,+0001.95,-0014.65,+0001.61,-0000.84,-0010.26
+1581210416.25,+0007.81,+0001.95,-0014.65,+0002.07,-0000.69,-0015.08
+1581210416.26,+0003.91,+0003.91,-0012.70,-0000.46,+0000.46,-0015.77
+1581210416.26,+0003.91,+0003.91,-0011.72,+0000.84,-0000.38,-0016.31
+1581210416.27,+0006.84,+0004.88,-0011.72,-0002.14,+0000.08,-0009.19
+1581210416.27,+0000.00,+0003.91,-0013.67,-0000.84,+0000.54,-0010.41
+1581210416.28,-0002.93,+0003.91,-0013.67,-0002.14,-0001.45,-0009.34
+1581210416.28,+0003.91,+0003.91,-0012.70,+0000.38,+0002.30,-0007.50
+1581210416.29,-0000.98,+0003.91,-0012.70,-0000.46,+0000.69,-0006.20
+1581210416.29,-0001.95,+0004.88,-0011.72,+0000.61,-0002.99,-0004.67
+1581210416.30,+0002.93,+0004.88,-0012.70,+0000.38,-0000.23,-0005.74
+1581210416.30,-0000.98,+0003.91,-0012.70,+0000.77,+0000.38,-0002.99
+1581210416.31,-0003.91,+0005.86,-0013.67,+0001.53,-0001.84,-0010.18
+1581210416.31,+0001.95,+0005.86,-0012.70,+0001.76,-0002.76,-0010.34
+1581210416.32,+0005.86,+0004.88,-0012.70,+0001.07,+0000.46,-0014.78
+1581210416.32,+0000.00,+0005.86,-0012.70,-0000.54,-0004.21,-0012.79
+1581210416.33,+0003.91,+0006.84,-0012.70,+0000.69,-0001.76,-0014.01
+1581210416.33,+0000.98,+0006.84,-0013.67,-0000.38,-0000.54,-0015.62
+1581210416.34,+0003.91,+0007.81,-0012.70,-0000.08,-0003.75,-0009.03
+1581210416.34,+0006.84,+0006.84,-0013.67,-0002.30,+0002.83,-0011.41
+1581210416.35,+0000.98,+0006.84,-0013.67,-0000.38,-0001.53,-0008.42
+1581210416.35,+0006.84,+0006.84,-0012.70,-0001.45,-0001.99,-0009.57
+1581210416.36,+0011.72,+0005.86,-0012.70,-0001.38,-0000.84,-0007.04
+1581210416.36,+0007.81,+0006.84,-0013.67,-0001.38,-0000.23,-0011.56
+1581210416.37,+0008.79,+0005.86,-0014.65,-0002.37,-0002.37,-0008.27
+1581210416.37,+0009.77,+0005.86,-0014.65,+0001.15,+0001.38,-0012.71
+1581210416.38,+0010.74,+0005.86,-0014.65,+0000.54,-0003.68,-0008.04
+1581210416.38,+0012.70,+0005.86,-0014.65,+0000.00,+0001.76,-0011.03
+1581210416.39,+0005.86,+0004.88,-0015.62,-0001.23,-0000.69,-0011.18
+1581210416.39,+0009.77,+0004.88,-0015.62,-0000.84,-0001.45,-0008.50
+1581210416.40,+0013.67,+0003.91,-0016.60,-0001.53,-0000.15,-0008.80
+1581210416.40,+0009.77,+0003.91,-0017.58,+0000.08,-0000.54,-0006.81
+1581210416.41,+0006.84,+0002.93,-0017.58,-0001.99,-0000.69,-0004.98
+1581210416.41,+0006.84,+0003.91,-0017.58,-0003.22,-0001.53,-0010.18
+1581210416.42,+0013.67,+0002.93,-0016.60,+0000.15,-0004.90,-0005.28
+1581210416.42,+0016.60,+0000.98,-0019.53,-0000.61,+0002.30,-0002.45
+1581210416.43,-0004.88,+0001.95,-0021.48,-0000.84,-0006.74,-0013.25
+1581210416.43,+0008.79,+0002.93,-0020.51,+0000.00,-0005.90,-0014.62
+1581210416.44,+0023.44,+0000.98,-0020.51,-0003.52,+0000.46,-0008.04
+1581210416.44,+0003.91,+0001.95,-0021.48,+0003.83,+0003.06,-0018.45
+1581210416.45,+0012.70,+0003.91,-0020.51,-0003.90,-0010.11,-0004.13
+1581210416.45,+0041.99,+0000.00,-0022.46,+0005.21,+0007.27,+0028.02
+1581210416.46,-0014.65,+0000.00,-0031.25,-0007.12,+0024.81,-0029.55
+1581210416.46,-0053.71,-0000.98,-0026.37,+0020.06,+0000.92,-0029.63
+1581210416.47,+0013.67,+0018.55,-0019.53,-0002.37,-0004.67,-0037.59
+1581210416.47,+0022.46,-0001.95,-0018.55,-0000.15,+0008.12,-0007.66
+1581210416.48,-0011.72,+0000.98,-0019.53,-0000.84,+0010.49,-0003.68
+1581210416.48,-0024.41,+0010.74,-0020.51,-0000.46,-0002.30,-0002.53
+1581210416.49,-0002.93,+0006.84,-0020.51,-0003.98,-0001.53,-0010.11
+1581210416.49,+0007.81,+0000.00,-0022.46,-0001.91,-0002.07,+0002.60
+1581210416.50,-0005.86,+0001.95,-0021.48,-0000.31,-0004.44,-0005.67
+1581210416.50,-0005.86,+0004.88,-0020.51,+0003.29,-0005.44,-0009.49
+1581210416.51,+0009.77,+0001.95,-0020.51,-0002.30,-0004.75,-0007.89
+1581210416.51,+0005.86,+0001.95,-0022.46,+0000.15,+0001.99,-0013.25
+1581210416.52,-0006.84,+0004.88,-0021.48,+0001.15,-0002.99,-0017.46
+1581210416.52,+0007.81,+0003.91,-0019.53,+0000.84,-0002.14,-0016.77
+1581210416.53,+0011.72,+0000.98,-0018.55,-0002.07,+0001.61,-0010.80
+1581210416.53,+0001.95,+0002.93,-0019.53,+0000.46,+0000.54,-0009.03
+1581210416.54,-0002.93,+0002.93,-0019.53,+0000.23,-0003.75,-0006.89
+1581210416.54,+0006.84,+0000.00,-0018.55,+0000.00,+0001.61,-0006.89
+1581210416.55,+0000.00,+0000.98,-0019.53,-0000.38,+0004.21,-0010.11
+1581210416.55,-0001.95,+0001.95,-0017.58,+0000.38,-0004.36,-0009.26
+1581210416.56,+0008.79,+0000.00,-0017.58,-0000.92,-0001.45,-0009.42
+1581210416.56,+0004.88,-0001.95,-0017.58,+0001.45,+0000.77,-0009.26
+1581210416.57,+0002.93,+0000.00,-0019.53,+0000.08,-0001.91,-0012.02
+1581210416.57,+0002.93,-0000.98,-0019.53,+0000.23,-0001.15,-0015.08
+1581210416.58,+0001.95,-0001.95,-0019.53,+0001.45,-0001.07,-0015.08
+1581210416.58,+0005.86,-0001.95,-0018.55,+0000.46,-0001.15,-0013.17
+1581210416.59,+0005.86,-0002.93,-0017.58,+0000.46,+0001.53,-0010.64
+1581210416.59,+0000.00,-0002.93,-0018.55,-0000.84,-0002.53,-0007.66
+1581210416.60,+0005.86,-0002.93,-0017.58,-0000.84,+0001.15,-0007.89
+1581210416.60,+0005.86,-0004.88,-0018.55,-0000.15,+0003.06,-0009.80
+1581210416.61,-0002.93,-0003.91,-0018.55,+0001.68,-0001.23,-0008.96
+1581210416.61,+0001.95,-0003.91,-0017.58,+0000.15,-0000.77,-0011.33
+1581210416.62,+0004.88,-0005.86,-0017.58,+0001.15,-0000.23,-0009.49
+1581210416.62,-0001.95,-0004.88,-0016.60,+0002.37,+0001.38,-0009.65
+1581210416.63,-0005.86,-0003.91,-0015.62,-0000.08,+0000.77,-0010.03
+1581210416.63,-0003.91,-0003.91,-0014.65,+0001.68,-0001.45,-0011.87
+1581210416.64,-0003.91,-0003.91,-0013.67,+0001.84,+0000.23,-0008.35
+1581210416.64,-0005.86,-0003.91,-0013.67,-0001.38,-0000.77,-0011.10
+1581210416.65,-0004.88,-0004.88,-0013.67,-0000.54,-0002.22,-0006.35
+1581210416.65,-0002.93,-0005.86,-0013.67,-0000.15,+0000.77,-0009.65
+1581210416.66,-0006.84,-0003.91,-0013.67,-0000.61,-0003.14,-0007.58
+1581210416.66,-0000.98,-0003.91,-0012.70,+0002.45,-0001.68,-0006.51
+1581210416.67,-0002.93,-0004.88,-0012.70,-0000.69,+0001.53,-0009.65
+1581210416.67,-0005.86,-0002.93,-0011.72,+0001.68,-0003.06,-0008.04
+1581210416.68,+0000.98,-0002.93,-0010.74,-0001.00,+0001.00,-0011.10
+1581210416.68,-0000.98,-0003.91,-0010.74,-0000.69,+0001.61,-0009.49
+1581210416.69,-0003.91,-0001.95,-0010.74,-0000.15,+0000.54,-0012.63
+1581210416.69,-0000.98,-0002.93,-0008.79,+0000.54,+0000.31,-0011.03
+1581210416.70,+0000.98,-0002.93,-0008.79,+0000.92,+0000.46,-0011.41
+1581210416.70,-0000.98,-0001.95,-0007.81,+0000.00,-0002.45,-0008.04
+1581210416.71,-0003.91,-0000.98,-0007.81,+0000.92,-0001.00,-0008.73
+1581210416.71,-0001.95,-0001.95,-0007.81,+0001.91,-0000.23,-0010.26
+1581210416.72,-0002.93,-0001.95,-0007.81,+0000.92,+0002.99,-0011.94
+1581210416.72,-0004.88,-0000.98,-0005.86,+0001.91,-0001.68,-0013.25
+1581210416.73,+0003.91,-0001.95,-0004.88,-0001.00,+0000.61,-0006.51
+1581210416.73,-0001.95,-0002.93,-0006.84,+0001.91,+0002.22,-0011.18
+1581210416.74,-0012.70,-0000.98,-0007.81,+0001.68,-0000.92,-0011.94
+1581210416.74,-0002.93,+0000.00,-0006.84,+0000.15,-0000.54,-0012.17
+1581210416.75,+0001.95,-0001.95,-0005.86,+0003.06,-0001.00,-0009.11
+1581210416.75,-0000.98,-0001.95,-0005.86,+0000.00,-0000.92,-0005.28
+1581210416.76,-0003.91,-0000.98,-0006.84,+0000.54,-0000.84,-0007.66
+1581210416.76,-0004.88,-0000.98,-0006.84,+0000.92,-0000.15,-0009.49
+1581210416.77,-0002.93,+0000.00,-0006.84,+0000.23,-0001.99,-0013.78
+1581210416.77,+0002.93,-0000.98,-0006.84,-0000.54,+0001.53,-0009.88
+1581210416.78,-0001.95,-0000.98,-0006.84,-0001.84,+0001.15,-0015.31
+1581210416.78,-0004.88,+0000.00,-0006.84,+0001.76,-0004.52,-0006.97
+1581210416.79,+0004.88,+0000.00,-0006.84,-0001.15,+0002.68,-0012.94
+1581210416.79,+0000.00,-0000.98,-0007.81,-0001.23,+0002.37,-0009.11
+1581210416.80,-0000.98,+0000.00,-0007.81,+0001.15,-0002.76,-0010.64
+1581210416.80,+0005.86,+0000.00,-0007.81,-0000.84,+0001.68,-0011.41
+1581210416.81,+0003.91,+0000.00,-0008.79,+0000.46,+0000.69,-0009.95
+1581210416.81,+0000.98,+0001.95,-0009.77,+0001.38,-0003.98,-0011.56
+1581210416.82,+0006.84,+0000.98,-0009.77,+0000.77,+0000.84,-0012.02
+1581210416.82,+0003.91,+0000.98,-0009.77,-0000.69,+0001.23,-0008.96
+1581210416.83,+0001.95,+0001.95,-0009.77,-0001.00,-0002.07,-0008.19
+1581210416.83,+0006.84,+0000.98,-0010.74,-0000.15,+0000.54,-0007.04
+1581210416.84,+0004.88,+0000.00,-0010.74,+0001.61,+0000.61,-0008.27
+1581210416.84,+0000.98,+0000.00,-0011.72,-0001.76,-0000.31,-0006.28
+1581210416.85,+0000.98,+0000.98,-0011.72,-0000.46,+0000.77,-0011.03
+1581210416.85,-0000.98,+0000.98,-0011.72,+0000.61,-0002.37,-0003.75
+1581210416.86,+0001.95,+0000.00,-0011.72,-0001.68,-0001.15,-0004.59
+1581210416.86,+0000.00,-0000.98,-0013.67,-0000.23,+0002.14,-0006.74
+1581210416.87,-0010.74,+0000.98,-0013.67,+0000.46,-0002.68,-0016.54
+1581210416.87,-0003.91,+0001.95,-0013.67,+0000.08,-0001.99,-0015.01
+1581210416.88,+0002.93,+0000.98,-0013.67,-0001.07,+0000.61,-0012.48
+1581210416.88,-0005.86,+0002.93,-0014.65,-0000.23,+0000.00,-0009.42
+1581210416.89,-0007.81,+0004.88,-0015.62,-0002.37,-0003.68,-0009.57
+1581210416.89,+0000.98,+0001.95,-0016.60,-0002.99,+0001.15,-0006.05
+1581210416.90,-0004.88,+0001.95,-0017.58,-0002.60,+0003.60,-0008.35
+1581210416.90,-0009.77,+0003.91,-0018.55,-0000.69,-0001.84,-0009.65
+1581210416.91,-0001.95,+0002.93,-0019.53,-0002.53,-0000.84,-0009.65
+1581210416.91,+0001.95,+0000.98,-0019.53,-0002.30,+0000.46,-0006.97
+1581210416.92,-0004.88,+0002.93,-0020.51,-0001.00,+0000.61,-0011.64
+1581210416.92,-0007.81,+0004.88,-0020.51,-0000.92,-0001.15,-0013.32
+1581210416.93,+0000.00,+0004.88,-0019.53,-0001.15,-0001.84,-0014.01
+1581210416.93,+0002.93,+0003.91,-0019.53,-0001.53,+0000.77,-0010.57
+1581210416.94,-0002.93,+0004.88,-0021.48,-0001.76,-0000.61,-0006.58
+1581210416.94,-0002.93,+0004.88,-0021.48,-0001.00,-0001.76,-0009.11
+1581210416.95,+0000.98,+0003.91,-0022.46,-0001.23,-0000.38,-0008.42
+1581210416.95,-0000.98,+0004.88,-0022.46,+0000.08,+0001.38,-0013.78
+1581210416.96,-0003.91,+0004.88,-0021.48,-0001.38,-0004.06,-0007.81
+1581210416.96,+0002.93,+0003.91,-0021.48,-0001.00,-0000.54,-0012.17
+1581210416.97,+0000.00,+0002.93,-0023.44,-0002.30,+0002.91,-0010.64
+1581210416.97,-0004.88,+0003.91,-0024.41,-0000.84,-0001.23,-0010.41
+1581210416.98,-0002.93,+0003.91,-0024.41,-0001.38,-0000.23,-0010.03
+1581210416.98,-0002.93,+0002.93,-0024.41,+0000.00,+0000.00,-0009.65
+1581210416.99,-0002.93,+0002.93,-0024.41,-0002.14,+0002.07,-0011.03
+1581210416.99,-0006.84,+0002.93,-0025.39,-0000.69,-0001.45,-0009.49
+1581210417.00,-0002.93,+0001.95,-0025.39,-0000.84,+0000.23,-0012.40
+1581210417.00,-0002.93,+0000.98,-0026.37,-0001.15,+0000.54,-0012.40
+1581210417.01,-0004.88,+0000.98,-0026.37,-0000.38,-0001.30,-0010.34
+1581210417.01,-0002.93,+0000.98,-0027.34,-0002.37,-0001.91,-0011.94
+1581210417.02,-0000.98,-0000.98,-0028.32,-0000.61,-0003.52,-0009.26
+1581210417.02,+0000.00,-0000.98,-0029.30,-0000.77,+0001.15,-0013.63
+1581210417.03,-0005.86,-0000.98,-0030.27,-0000.92,-0003.14,-0010.26
+1581210417.03,+0002.93,-0000.98,-0030.27,+0000.00,-0004.98,-0009.88
+1581210417.04,+0004.88,-0003.91,-0031.25,-0002.91,-0000.08,-0009.34
+1581210417.04,-0003.91,-0002.93,-0032.23,-0000.54,-0001.00,-0012.94
+1581210417.05,+0000.00,-0002.93,-0031.25,-0001.68,-0004.06,-0011.71
+1581210417.05,+0008.79,-0004.88,-0031.25,-0001.45,-0001.91,-0009.34
+1581210417.06,+0002.93,-0005.86,-0033.20,+0000.31,-0002.37,-0005.67
+1581210417.06,+0000.00,-0006.84,-0034.18,-0001.61,+0000.08,-0009.49
+1581210417.07,+0000.00,-0007.81,-0035.16,-0000.61,+0000.08,-0013.40
+1581210417.07,+0000.98,-0006.84,-0034.18,+0000.54,+0000.46,-0011.79
+1581210417.08,+0002.93,-0007.81,-0033.20,-0001.23,+0003.37,-0010.03
+1581210417.08,-0004.88,-0008.79,-0033.20,-0000.31,+0000.84,-0009.42
+1581210417.09,-0004.88,-0007.81,-0034.18,+0000.23,+0001.53,-0010.57
+1581210417.09,-0003.91,-0009.77,-0033.20,-0001.30,+0002.14,-0008.42
+1581210417.10,-0001.95,-0009.77,-0032.23,-0001.68,-0001.76,-0005.97
+1581210417.10,-0000.98,-0010.74,-0032.23,-0001.99,+0000.69,-0005.13
+1581210417.11,-0005.86,-0011.72,-0033.20,+0000.15,+0000.31,-0006.66
+1581210417.11,-0007.81,-0012.70,-0034.18,+0000.54,+0000.00,-0014.24
+1581210417.12,-0002.93,-0011.72,-0033.20,+0000.54,-0001.30,-0013.93
+1581210417.12,+0002.93,-0011.72,-0031.25,+0000.38,-0001.23,-0016.69
+1581210417.13,+0015.62,-0014.65,-0030.27,-0003.83,+0006.51,+0007.89
+1581210417.13,-0002.93,-0016.60,-0035.16,-0002.30,+0009.95,-0019.06
+1581210417.14,-0028.32,-0013.67,-0035.16,-0002.91,-0006.12,-0014.55
+1581210417.14,+0006.84,-0009.77,-0032.23,+0008.58,-0002.07,-0024.04
+1581210417.15,+0012.70,-0017.58,-0029.30,+0004.44,+0008.19,-0013.40
+1581210417.15,-0005.86,-0012.70,-0027.34,+0000.23,-0001.38,-0001.00
+1581210417.16,-0007.81,-0011.72,-0028.32,-0001.38,-0001.45,-0009.88
+1581210417.16,-0002.93,-0013.67,-0028.32,+0000.23,-0000.46,-0005.59
+1581210417.17,+0002.93,-0012.70,-0027.34,-0002.14,+0001.91,-0006.12
+1581210417.17,-0000.98,-0013.67,-0026.37,+0000.00,-0000.08,-0004.52
+1581210417.18,-0005.86,-0012.70,-0025.39,-0000.38,-0001.30,-0009.49
+1581210417.18,-0000.98,-0011.72,-0023.44,+0001.23,-0001.45,-0011.71
+1581210417.19,+0007.81,-0012.70,-0022.46,+0001.68,-0002.53,-0007.66
+1581210417.19,-0000.98,-0010.74,-0022.46,+0000.84,+0003.98,-0010.26
+1581210417.20,-0007.81,-0009.77,-0021.48,+0002.37,-0001.07,-0013.09
+1581210417.20,+0002.93,-0008.79,-0018.55,+0002.83,-0001.30,-0011.25
+1581210417.21,+0006.84,-0009.77,-0015.62,+0002.60,-0001.15,-0010.03
+1581210417.21,+0001.95,-0007.81,-0013.67,+0002.22,-0001.68,-0004.90
+1581210417.22,-0000.98,-0007.81,-0015.62,+0001.99,+0002.22,-0011.94
+1581210417.22,-0003.91,-0005.86,-0014.65,+0001.68,-0001.68,-0010.11
+1581210417.23,+0002.93,-0004.88,-0013.67,+0002.68,-0002.07,-0012.02
+1581210417.23,+0005.86,-0005.86,-0012.70,+0001.91,+0001.53,-0008.80
+1581210417.24,+0000.00,-0004.88,-0011.72,+0000.92,-0001.38,-0011.18
+1581210417.24,-0000.98,-0003.91,-0011.72,+0001.23,-0004.98,-0009.88
+1581210417.25,+0006.84,-0003.91,-0010.74,+0001.00,-0001.15,-0009.65
+1581210417.25,+0000.98,-0002.93,-0009.77,+0002.45,-0001.07,-0012.10
+1581210417.26,-0001.95,-0000.98,-0008.79,-0000.15,-0002.22,-0011.03
+1581210417.26,+0006.84,-0000.98,-0008.79,+0000.77,-0003.14,-0009.88
+1581210417.27,+0003.91,-0001.95,-0009.77,+0001.07,+0000.77,-0006.74
+1581210417.27,-0003.91,-0000.98,-0009.77,-0001.15,-0001.84,-0011.03
+1581210417.28,+0000.98,+0000.98,-0008.79,+0001.00,+0000.08,-0012.86
+1581210417.28,+0006.84,+0000.98,-0008.79,+0000.08,+0000.00,-0011.33
+1581210417.29,+0001.95,+0000.98,-0008.79,+0000.15,-0000.23,-0010.87
+1581210417.29,-0000.98,+0001.95,-0008.79,+0000.61,-0003.75,-0010.64
+1581210417.30,+0006.84,+0001.95,-0008.79,-0000.54,+0000.84,-0009.80
+1581210417.30,+0002.93,+0001.95,-0009.77,-0002.53,-0001.00,-0006.81
+1581210417.31,+0002.93,+0001.95,-0009.77,-0000.15,-0000.69,-0007.27
+1581210417.31,+0003.91,+0000.98,-0009.77,-0002.53,+0001.84,-0008.27
+1581210417.32,+0000.98,+0001.95,-0009.77,-0000.61,+0001.30,-0005.90
+1581210417.32,-0001.95,+0002.93,-0009.77,-0000.84,+0000.15,-0012.79
+1581210417.33,+0001.95,+0002.93,-0009.77,+0000.23,-0002.07,-0009.42
+1581210417.33,+0004.88,+0000.98,-0010.74,+0000.08,+0003.22,-0008.58
+1581210417.34,-0002.93,+0000.98,-0011.72,+0000.46,+0001.61,-0011.33
+1581210417.34,-0005.86,+0002.93,-0012.70,-0000.38,-0000.69,-0014.01
+1581210417.35,-0001.95,+0002.93,-0011.72,+0001.30,-0001.61,-0013.63
+1581210417.35,+0002.93,+0001.95,-0011.72,-0000.69,+0000.54,-0009.49
+1581210417.36,-0002.93,+0000.98,-0013.67,-0001.68,+0001.99,-0006.74
+1581210417.36,-0009.77,+0002.93,-0016.60,-0002.83,-0000.69,-0009.65
+1581210417.37,-0003.91,+0001.95,-0017.58,-0001.91,-0000.54,-0012.10
+1581210417.37,+0003.91,+0000.00,-0017.58,-0000.84,+0000.77,-0007.43
+1581210417.38,+0000.00,+0000.00,-0018.55,-0000.31,+0002.37,-0010.11
+1581210417.38,-0007.81,+0001.95,-0018.55,+0000.08,-0002.30,-0013.02
+1581210417.39,+0000.00,+0001.95,-0018.55,-0000.77,-0003.37,-0014.85
+1581210417.39,+0007.81,+0000.00,-0018.55,-0000.23,+0002.07,-0008.35
+1581210417.40,-0001.95,+0000.00,-0020.51,-0001.91,+0002.45,-0009.03
+1581210417.40,-0006.84,+0000.98,-0021.48,-0001.30,-0003.45,-0010.26
+1581210417.41,+0003.91,+0000.00,-0022.46,-0000.69,+0001.76,-0013.25
+1581210417.41,+0004.88,-0000.98,-0021.48,+0000.38,-0001.23,-0009.80
+1581210417.42,+0000.98,+0000.00,-0022.46,+0000.54,+0000.15,-0009.03
+1581210417.42,-0004.88,+0000.98,-0023.44,-0001.38,+0000.61,-0012.25
+1581210417.43,-0000.98,+0000.98,-0022.46,-0000.92,-0001.61,-0011.41
+1581210417.43,+0003.91,+0000.00,-0022.46,-0001.53,+0000.46,-0008.27
+1581210417.44,-0000.98,-0000.98,-0022.46,-0000.77,+0000.38,-0006.28
+1581210417.44,-0003.91,-0000.98,-0024.41,-0001.61,-0000.46,-0009.11
+1581210417.45,-0002.93,-0001.95,-0024.41,-0000.46,-0002.07,-0008.65
+1581210417.45,+0000.98,-0002.93,-0024.41,-0000.84,+0000.38,-0009.11
+1581210417.46,-0000.98,-0003.91,-0025.39,-0002.07,+0001.84,-0013.55
+1581210417.46,-0000.98,-0004.88,-0026.37,-0001.15,+0000.31,-0011.41
+1581210417.47,+0000.00,-0004.88,-0027.34,-0001.91,+0000.84,-0013.09
+1581210417.47,-0001.95,-0005.86,-0026.37,+0001.53,-0001.30,-0010.87
+1581210417.48,+0000.00,-0005.86,-0026.37,-0002.37,+0001.68,-0003.52
+1581210417.48,-0006.84,-0006.84,-0026.37,-0000.23,-0000.54,-0008.19
+1581210417.49,-0001.95,-0007.81,-0024.41,+0000.84,+0000.61,-0011.25
+1581210417.49,+0009.77,-0009.77,-0024.41,-0001.30,-0000.92,-0013.78
+1581210417.50,+0001.95,-0008.79,-0026.37,-0002.91,+0000.46,-0017.92
+1581210417.50,-0002.93,-0007.81,-0027.34,-0000.61,-0002.99,-0015.93
+1581210417.51,+0006.84,-0009.77,-0027.34,-0001.61,-0000.61,-0015.62
+1581210417.51,+0005.86,-0009.77,-0025.39,-0001.91,+0000.61,-0006.05
+1581210417.52,+0007.81,-0009.77,-0025.39,-0003.06,-0002.30,-0000.38
+1581210417.52,+0006.84,-0013.67,-0026.37,+0000.54,+0001.61,-0001.53
+1581210417.53,-0002.93,-0012.70,-0027.34,+0000.38,+0002.91,-0005.74
+1581210417.53,+0002.93,-0012.70,-0025.39,+0003.37,-0000.69,-0009.80
+1581210417.54,+0009.77,-0012.70,-0023.44,+0000.23,+0000.38,-0009.49
+1581210417.54,+0004.88,-0013.67,-0021.48,+0002.99,+0001.61,-0006.35
+1581210417.55,-0002.93,-0012.70,-0021.48,+0000.23,-0001.61,-0011.64
+1581210417.55,-0000.98,-0013.67,-0021.48,+0003.37,-0000.54,-0011.41
+1581210417.56,+0001.95,-0013.67,-0020.51,-0000.23,+0002.22,-0012.17
+1581210417.56,-0002.93,-0013.67,-0019.53,+0001.91,+0002.14,-0011.41
+1581210417.57,-0004.88,-0013.67,-0017.58,+0001.76,-0001.68,-0011.03
+1581210417.57,+0000.00,-0013.67,-0016.60,+0001.45,+0000.46,-0010.41
+1581210417.58,-0000.98,-0013.67,-0016.60,-0000.61,-0000.92,-0007.20
+1581210417.58,-0004.88,-0014.65,-0017.58,+0000.23,-0001.15,-0007.81
+1581210417.59,-0007.81,-0013.67,-0016.60,+0002.37,-0001.45,-0009.34
+1581210417.59,-0003.91,-0013.67,-0015.62,+0002.30,-0002.14,-0008.50
+1581210417.60,-0004.88,-0013.67,-0014.65,+0001.91,+0000.77,-0012.17
+1581210417.60,-0006.84,-0012.70,-0013.67,+0004.13,-0003.60,-0010.03
+1581210417.61,-0001.95,-0011.72,-0012.70,+0001.53,-0000.38,-0013.02
+1581210417.61,-0002.93,-0010.74,-0011.72,+0002.53,-0002.30,-0010.34
+1581210417.62,-0001.95,-0010.74,-0010.74,+0001.53,+0000.31,-0010.72
+1581210417.62,-0005.86,-0010.74,-0010.74,+0001.00,-0000.54,-0010.87
+1581210417.63,-0004.88,-0008.79,-0009.77,+0002.37,-0003.83,-0010.49
+1581210417.63,+0004.88,-0009.77,-0009.77,-0000.69,-0002.68,-0005.36
+1581210417.64,-0006.84,-0008.79,-0009.77,-0000.31,+0000.00,-0011.10
+1581210417.64,-0009.77,-0005.86,-0007.81,+0002.30,-0002.76,-0011.71
+1581210417.65,+0002.93,-0005.86,-0005.86,+0001.00,-0000.23,-0012.56
+1581210417.65,-0000.98,-0006.84,-0004.88,+0001.15,+0001.45,-0010.03
+1581210417.66,-0008.79,-0003.91,-0004.88,-0002.22,-0000.31,-0009.72
+1581210417.66,-0003.91,-0002.93,-0003.91,-0000.08,-0001.23,-0011.79
+1581210417.67,+0000.98,-0003.91,-0002.93,-0000.46,+0000.61,-0009.11
+1581210417.67,-0002.93,-0003.91,-0003.91,+0000.15,-0000.54,-0011.10
+1581210417.68,-0006.84,-0001.95,-0002.93,+0000.61,-0002.30,-0012.10
+1581210417.68,+0004.88,-0001.95,-0001.95,+0000.38,-0001.68,-0010.41
+1581210417.69,+0010.74,-0003.91,-0003.91,+0000.38,+0001.38,-0002.99
+1581210417.69,-0003.91,-0002.93,-0005.86,+0002.45,+0004.36,-0014.32
+1581210417.70,-0012.70,+0000.00,-0003.91,+0001.68,-0003.98,-0017.07
+1581210417.70,+0009.77,+0000.98,-0001.95,+0003.52,-0004.75,-0013.25
+1581210417.71,+0007.81,-0002.93,-0001.95,+0003.14,+0002.99,-0012.02
+1581210417.71,-0006.84,+0000.98,-0000.98,+0002.22,-0005.74,-0004.36
+1581210417.71,+0000.98,+0000.98,-0002.93,-0001.53,-0002.83,-0009.42
+1581210417.72,+0003.91,-0000.98,-0002.93,+0000.61,-0001.38,-0007.43
+1581210417.72,+0004.88,+0000.98,-0002.93,+0001.68,-0000.15,-0005.97
+1581210417.73,+0000.00,+0000.98,-0002.93,-0000.69,-0001.53,-0010.95
+1581210417.73,+0001.95,+0000.98,-0001.95,-0001.45,-0001.53,-0011.41
+1581210417.74,+0011.72,+0000.00,-0002.93,-0002.22,-0001.07,-0013.17
+1581210417.74,+0013.67,+0000.98,-0001.95,+0000.23,-0003.98,-0009.65
+1581210417.75,+0030.27,-0003.91,-0003.91,-0006.35,-0012.17,+0022.97
+1581210417.75,-0008.79,-0003.91,-0009.77,-0010.18,+0002.45,-0022.51
+1581210417.76,-0035.16,+0001.95,-0007.81,+0009.03,-0005.82,-0018.22
+1581210417.76,+0017.58,+0008.79,-0002.93,+0001.45,-0001.76,-0030.55
+1581210417.77,+0017.58,-0005.86,-0001.95,-0004.21,+0006.97,-0013.02
+1581210417.77,-0012.70,+0001.95,-0001.95,-0002.07,-0002.45,-0006.81
+1581210417.78,-0008.79,+0004.88,-0001.95,+0000.54,-0002.53,-0005.67
+1581210417.78,+0005.86,-0000.98,-0004.88,-0001.84,-0002.07,-0006.12
+1581210417.79,+0004.88,-0003.91,-0007.81,+0001.07,+0002.68,-0002.99
+1581210417.79,-0008.79,+0000.00,-0007.81,-0001.68,-0001.99,-0006.28
+1581210417.80,-0005.86,+0000.00,-0006.84,-0000.38,-0004.06,-0011.25
+1581210417.80,+0006.84,-0001.95,-0006.84,+0002.14,-0002.22,-0011.79
+1581210417.81,+0003.91,+0000.00,-0006.84,+0002.68,+0000.38,-0011.71
+1581210417.81,-0003.91,+0000.98,-0007.81,-0000.38,-0002.53,-0012.02
+1581210417.82,-0000.98,+0000.00,-0007.81,+0001.53,-0003.45,-0014.24
+1581210417.82,+0003.91,+0000.00,-0006.84,+0000.08,+0000.23,-0010.64
+1581210417.83,+0000.98,+0000.98,-0006.84,+0001.38,+0001.23,-0013.40
+1581210417.83,-0003.91,+0001.95,-0006.84,-0000.92,-0003.14,-0010.80
+1581210417.84,+0005.86,+0000.00,-0006.84,+0001.23,-0003.98,-0009.19
+1581210417.84,+0003.91,-0000.98,-0006.84,+0000.54,+0000.23,-0005.28
+1581210417.85,-0001.95,+0000.98,-0008.79,-0000.31,-0002.22,-0008.88
+1581210417.85,+0000.98,+0000.00,-0008.79,-0000.69,-0001.45,-0009.26
+1581210417.86,+0004.88,-0000.98,-0008.79,-0000.84,+0001.38,-0011.41
+1581210417.86,+0001.95,+0000.00,-0007.81,-0001.07,-0001.15,-0010.80
+1581210417.87,+0001.95,+0000.00,-0007.81,+0000.08,-0000.69,-0008.88
+1581210417.87,+0002.93,-0000.98,-0007.81,-0003.06,+0002.60,-0010.11
+1581210417.88,+0000.00,+0000.00,-0008.79,-0001.99,+0001.91,-0010.87
+1581210417.88,+0000.00,+0000.00,-0008.79,+0000.69,-0001.15,-0008.19
+1581210417.89,+0000.00,-0000.98,-0008.79,+0000.84,+0001.99,-0009.80
+1581210417.89,+0000.98,-0001.95,-0007.81,-0001.84,-0000.46,-0008.50
+1581210417.90,+0002.93,-0001.95,-0008.79,-0000.15,-0001.53,-0009.57
+1581210417.90,+0000.98,-0001.95,-0009.77,-0000.77,-0000.46,-0009.95
+1581210417.91,+0001.95,-0002.93,-0010.74,+0000.46,-0001.15,-0013.40
+1581210417.91,+0002.93,-0002.93,-0010.74,+0000.61,-0000.77,-0013.02
+1581210417.92,+0002.93,-0002.93,-0010.74,+0001.07,-0002.99,-0012.40
+1581210417.92,+0002.93,-0002.93,-0010.74,+0000.92,+0000.38,-0012.56
+1581210417.93,+0004.88,-0003.91,-0009.77,+0000.31,+0000.77,-0010.87
+1581210417.93,+0000.98,-0002.93,-0010.74,+0000.54,+0000.46,-0011.94
+1581210417.94,-0001.95,-0002.93,-0009.77,+0001.53,-0002.53,-0011.71
+1581210417.94,+0006.84,-0002.93,-0009.77,-0000.46,+0001.30,-0008.58
+1581210417.95,+0002.93,-0003.91,-0009.77,+0001.07,+0001.07,-0009.26
+1581210417.95,-0001.95,-0002.93,-0010.74,-0000.84,-0001.76,-0009.65
+1581210417.96,+0002.93,-0002.93,-0009.77,+0001.00,-0000.46,-0011.41
+1581210417.96,+0004.88,-0002.93,-0008.79,-0000.08,+0000.84,-0011.10
+1581210417.97,+0002.93,-0001.95,-0007.81,-0001.53,-0001.00,-0009.19
+1581210417.97,+0001.95,-0002.93,-0007.81,+0000.23,-0000.31,-0009.72
+1581210417.98,+0003.91,-0002.93,-0007.81,+0001.23,-0002.14,-0009.95
+1581210417.98,+0005.86,-0002.93,-0006.84,-0000.92,-0000.84,-0009.11
+1581210417.99,+0005.86,-0002.93,-0006.84,+0003.14,-0002.22,-0006.89
+1581210417.99,+0002.93,-0003.91,-0007.81,-0000.61,-0000.46,-0008.27
+1581210418.00,+0001.95,-0002.93,-0006.84,+0001.15,-0002.37,-0009.57
+1581210418.00,+0002.93,-0002.93,-0005.86,+0003.29,+0000.69,-0009.72
+1581210418.01,+0000.98,-0002.93,-0004.88,+0001.30,-0001.61,-0011.71
+1581210418.01,+0000.98,-0002.93,-0004.88,+0000.54,+0001.91,-0009.88
+1581210418.02,+0000.98,-0003.91,-0004.88,-0000.54,-0000.38,-0013.32
+1581210418.02,-0000.98,-0003.91,-0003.91,+0001.84,-0002.68,-0010.11
+1581210418.03,+0001.95,-0003.91,-0004.88,-0001.99,+0002.22,-0010.03
+1581210418.03,-0003.91,-0003.91,-0003.91,-0001.38,-0000.31,-0008.35
+1581210418.04,-0000.98,-0002.93,-0004.88,-0000.69,-0000.15,-0007.81
+1581210418.04,-0001.95,-0004.88,-0004.88,-0002.22,+0002.30,-0008.58
+1581210418.05,-0002.93,-0004.88,-0004.88,-0002.83,+0000.77,-0006.58
+1581210418.05,-0002.93,-0004.88,-0005.86,+0002.07,+0001.00,-0010.80
+1581210418.06,-0004.88,-0003.91,-0005.86,-0000.38,+0000.23,-0012.10
+1581210418.06,+0000.00,-0004.88,-0005.86,+0001.00,-0001.91,-0008.96
+1581210418.07,-0001.95,-0003.91,-0005.86,+0001.45,-0000.77,-0009.72
+1581210418.07,-0003.91,-0003.91,-0006.84,+0002.14,-0000.92,-0008.65
+1581210418.08,+0000.00,-0002.93,-0005.86,-0000.54,-0000.61,-0012.17
+1581210418.08,+0001.95,-0002.93,-0005.86,+0000.69,+0000.69,-0013.55
+1581210418.09,-0001.95,-0002.93,-0005.86,-0000.15,-0001.84,-0013.17
+1581210418.09,+0000.00,-0002.93,-0005.86,+0000.38,-0003.98,-0010.03
+1581210418.10,+0003.91,-0002.93,-0005.86,-0000.92,-0000.31,-0011.56
+1581210418.10,-0000.98,-0001.95,-0005.86,+0001.30,-0002.60,-0008.12
+1581210418.11,+0001.95,-0001.95,-0005.86,-0000.92,-0000.69,-0007.96
+1581210418.11,+0001.95,-0002.93,-0005.86,+0000.23,+0000.54,-0007.96
+1581210418.12,+0000.00,-0001.95,-0004.88,-0000.46,-0000.08,-0009.34
+1581210418.12,+0000.00,-0001.95,-0004.88,+0000.31,+0000.08,-0010.18
+1581210418.13,+0001.95,-0000.98,-0004.88,-0000.69,+0000.00,-0008.35
+1581210418.13,+0001.95,-0001.95,-0004.88,+0000.08,-0000.38,-0005.90
+1581210418.14,+0000.98,-0001.95,-0004.88,+0000.92,-0000.15,-0011.48
+1581210418.14,+0000.98,-0000.98,-0004.88,-0001.45,-0001.53,-0017.07
+1581210418.15,+0007.81,-0000.98,-0004.88,-0000.08,-0002.14,-0016.46
+1581210418.15,+0008.79,-0001.95,-0004.88,-0000.08,+0001.38,-0011.10
+1581210418.16,+0000.98,-0000.98,-0005.86,+0000.77,-0001.91,-0011.18
+1581210418.16,+0001.95,+0000.00,-0005.86,+0001.84,-0003.22,-0011.56
+1581210418.17,+0006.84,+0000.00,-0005.86,+0000.77,+0000.15,-0012.40
+1581210418.17,+0007.81,-0000.98,-0004.88,+0001.99,+0000.38,-0004.67
+1581210418.18,+0002.93,-0000.98,-0005.86,-0000.31,+0002.83,-0010.80
+1581210418.18,-0001.95,+0000.00,-0004.88,-0000.08,-0002.14,-0009.11
+1581210418.19,+0009.77,+0000.98,-0003.91,-0000.54,+0001.68,-0007.89
+1581210418.19,+0006.84,+0000.00,-0003.91,-0001.68,+0002.68,-0009.88
+1581210418.20,+0000.00,+0001.95,-0004.88,-0001.91,+0000.23,-0008.58
+1581210418.20,+0001.95,+0000.98,-0004.88,-0001.07,-0000.69,-0012.17
+1581210418.21,+0006.84,+0000.98,-0004.88,-0000.08,+0001.30,-0003.14
+1581210418.21,+0004.88,+0000.00,-0004.88,-0000.54,+0001.68,-0007.96
+1581210418.22,-0005.86,+0001.95,-0005.86,-0000.54,+0000.38,-0006.58
+1581210418.22,-0002.93,+0001.95,-0004.88,+0001.23,+0000.15,-0009.88
+1581210418.23,+0003.91,+0001.95,-0002.93,+0000.46,+0002.68,-0009.80
+1581210418.23,-0002.93,+0001.95,-0002.93,+0001.45,-0000.31,-0008.35
+1581210418.24,-0007.81,+0002.93,-0003.91,+0000.84,-0000.38,-0010.49
+1581210418.24,-0004.88,+0002.93,-0003.91,+0001.84,-0002.07,-0011.25
+1581210418.25,-0002.93,+0001.95,-0003.91,-0000.77,+0000.54,-0010.34
+1581210418.25,-0005.86,+0001.95,-0003.91,+0000.46,-0001.15,-0010.80
+1581210418.26,-0004.88,+0002.93,-0003.91,-0000.31,-0001.91,-0005.51
+1581210418.26,-0003.91,+0001.95,-0003.91,-0001.45,+0001.38,-0009.65
+1581210418.27,-0008.79,+0001.95,-0004.88,-0001.07,-0000.46,-0007.89
+1581210418.27,-0003.91,+0001.95,-0004.88,-0000.31,-0002.37,-0009.03
+1581210418.28,-0003.91,+0000.98,-0004.88,-0001.45,+0000.23,-0011.64
+1581210418.28,-0006.84,+0000.00,-0004.88,+0001.23,-0000.84,-0011.87
+1581210418.29,-0005.86,+0000.98,-0004.88,-0001.61,+0002.22,-0014.16
+1581210418.29,-0005.86,+0000.00,-0005.86,+0000.00,+0000.08,-0011.10
+1581210418.30,-0001.95,+0000.00,-0005.86,-0000.23,+0000.92,-0010.80
+1581210418.30,-0003.91,-0000.98,-0005.86,-0001.15,-0001.15,-0009.03
+1581210418.31,-0000.98,-0000.98,-0006.84,-0001.91,+0000.15,-0009.26
+1581210418.31,+0000.00,-0001.95,-0006.84,-0001.00,+0000.92,-0010.95
+1581210418.32,-0002.93,-0000.98,-0006.84,-0000.46,-0001.07,-0011.10
+1581210418.32,+0001.95,-0000.98,-0006.84,-0003.29,-0001.91,-0010.87
+1581210418.33,+0004.88,-0003.91,-0007.81,-0000.77,+0002.60,-0011.18
+1581210418.33,+0000.00,-0002.93,-0008.79,-0001.23,-0004.06,-0006.28
+1581210418.34,+0005.86,-0003.91,-0009.77,-0001.38,-0000.84,-0006.89
+1581210418.34,-0001.95,-0006.84,-0010.74,-0000.46,+0003.45,-0009.80
+1581210418.35,-0006.84,-0004.88,-0010.74,+0001.84,+0000.84,-0012.94
+1581210418.35,-0002.93,-0003.91,-0009.77,+0000.15,+0000.69,-0014.01
+1581210418.36,-0000.98,-0006.84,-0008.79,+0001.00,-0001.91,-0012.25
+1581210418.36,+0001.95,-0006.84,-0008.79,-0002.22,+0001.68,-0010.03
+1581210418.37,-0005.86,-0006.84,-0010.74,-0001.07,-0001.76,-0011.48
+1581210418.37,-0004.88,-0005.86,-0011.72,-0001.00,-0002.22,-0011.03
+1581210418.38,+0003.91,-0007.81,-0011.72,-0001.15,-0000.31,-0008.35
+1581210418.38,-0001.95,-0008.79,-0012.70,-0001.45,-0000.31,-0006.81
+1581210418.39,-0005.86,-0007.81,-0012.70,-0000.31,-0001.68,-0011.25
+1581210418.39,-0001.95,-0008.79,-0012.70,-0001.07,+0000.69,-0016.23
+1581210418.40,+0004.88,-0007.81,-0012.70,-0001.30,-0005.74,+0000.46
+1581210418.40,+0014.65,-0010.74,-0014.65,-0001.68,+0009.80,-0008.58
+1581210418.41,-0014.65,-0009.77,-0017.58,-0003.37,+0001.68,-0019.83
+1581210418.41,-0009.77,-0005.86,-0014.65,-0000.38,-0006.28,-0013.70
+1581210418.42,+0013.67,-0007.81,-0012.70,-0005.28,+0004.82,-0011.87
+1581210418.42,+0001.95,-0009.77,-0010.74,-0001.30,-0001.07,-0005.90
+1581210418.43,-0001.95,-0004.88,-0010.74,-0003.06,-0001.45,-0006.97
+1581210418.43,+0000.00,-0009.77,-0013.67,-0000.77,-0000.08,-0007.27
+1581210418.44,+0003.91,-0008.79,-0014.65,-0001.30,-0001.15,-0004.98
+1581210418.44,+0003.91,-0009.77,-0013.67,-0002.30,+0002.14,-0007.20
+1581210418.45,+0000.00,-0008.79,-0012.70,-0000.08,-0000.15,-0008.27
+1581210418.45,+0002.93,-0009.77,-0011.72,-0000.38,-0000.23,-0007.58
+1581210418.46,+0003.91,-0009.77,-0010.74,+0000.23,+0001.45,-0008.88
+1581210418.46,-0001.95,-0008.79,-0010.74,-0002.30,+0001.53,-0010.26
+1581210418.47,-0001.95,-0008.79,-0010.74,+0001.07,+0001.15,-0015.47
+1581210418.47,+0000.00,-0009.77,-0010.74,-0001.07,-0001.15,-0012.17
+1581210418.48,+0004.88,-0009.77,-0009.77,+0000.00,-0001.76,-0006.58
+1581210418.48,+0001.95,-0011.72,-0010.74,-0001.38,+0001.45,-0008.12
+1581210418.49,-0006.84,-0010.74,-0010.74,+0001.00,-0002.53,-0008.19
+1581210418.49,+0000.00,-0009.77,-0009.77,-0000.23,-0001.45,-0009.49
+1581210418.50,+0002.93,-0011.72,-0008.79,-0000.08,+0000.69,-0010.03
+1581210418.50,-0002.93,-0010.74,-0008.79,-0000.08,-0003.98,-0008.73
+1581210418.51,+0000.98,-0011.72,-0008.79,-0000.69,-0000.77,-0012.48
+1581210418.51,+0000.98,-0012.70,-0009.77,+0001.15,-0001.84,-0012.10
+1581210418.52,+0000.00,-0011.72,-0010.74,+0001.00,-0002.37,-0009.65
+1581210418.52,+0001.95,-0011.72,-0010.74,+0001.07,-0002.07,-0010.11
+1581210418.53,+0000.98,-0012.70,-0010.74,+0000.38,-0003.68,-0005.44
+1581210418.53,+0004.88,-0013.67,-0010.74,+0001.00,-0001.07,-0006.20
+1581210418.54,-0000.98,-0013.67,-0010.74,+0000.00,-0002.91,-0010.26
+1581210418.54,+0000.98,-0011.72,-0009.77,+0000.46,-0001.61,-0013.70
+1581210418.55,+0004.88,-0013.67,-0009.77,-0000.54,+0001.91,-0013.48
+1581210418.55,+0000.98,-0012.70,-0008.79,-0000.38,-0000.23,-0012.56
+1581210418.56,+0000.98,-0011.72,-0008.79,-0002.45,+0001.68,-0013.86
+1581210418.56,-0001.95,-0012.70,-0008.79,-0001.91,-0001.76,-0010.11
+1581210418.57,+0003.91,-0011.72,-0007.81,-0001.38,+0000.38,-0007.89
+1581210418.57,+0000.00,-0012.70,-0008.79,-0001.38,-0000.08,-0008.88
+1581210418.58,-0003.91,-0011.72,-0007.81,+0000.15,-0001.15,-0008.65
+1581210418.58,+0003.91,-0010.74,-0006.84,-0001.91,+0001.00,-0010.80
+1581210418.59,+0001.95,-0011.72,-0006.84,+0001.00,+0001.15,-0009.57
+1581210418.59,-0001.95,-0009.77,-0006.84,-0000.77,+0000.08,-0013.48
+1581210418.60,-0003.91,-0009.77,-0006.84,+0000.08,-0001.84,-0012.63
+1581210418.60,+0004.88,-0008.79,-0004.88,-0000.38,-0001.38,-0009.57
+1581210418.61,+0004.88,-0009.77,-0004.88,+0000.00,-0001.23,-0007.20
+1581210418.61,+0000.00,-0009.77,-0003.91,+0001.30,-0002.76,-0008.04
+1581210418.62,+0000.98,-0008.79,-0004.88,-0000.15,-0001.76,-0011.41
+1581210418.62,+0005.86,-0007.81,-0003.91,+0002.37,-0003.83,-0011.71
+1581210418.63,+0008.79,-0007.81,-0003.91,+0002.83,-0001.68,-0008.35
+1581210418.63,+0004.88,-0007.81,-0001.95,+0001.53,-0001.91,-0011.87
+1581210418.64,+0001.95,-0005.86,-0001.95,+0002.14,-0001.68,-0013.48
+1581210418.64,+0005.86,-0004.88,-0000.98,+0001.15,-0003.06,-0012.63
+1581210418.65,+0010.74,-0004.88,+0000.00,-0000.31,+0001.07,-0011.64
+1581210418.65,+0004.88,-0004.88,+0000.00,+0000.00,-0001.45,-0007.81
+1581210418.66,+0005.86,-0004.88,+0000.00,-0000.77,-0001.07,-0007.81
+1581210418.66,+0005.86,-0004.88,+0000.00,+0000.00,-0000.84,-0007.96
+1581210418.67,+0005.86,-0003.91,+0000.98,+0000.15,-0001.15,-0007.20
+1581210418.67,+0006.84,-0003.91,+0001.95,-0000.61,+0002.22,-0005.74
+1581210418.68,-0001.95,-0002.93,+0001.95,+0000.54,-0001.53,-0008.88
+1581210418.68,+0000.00,-0001.95,+0003.91,+0002.53,-0000.61,-0010.11
+1581210418.69,+0003.91,-0002.93,+0004.88,+0001.91,+0002.60,-0010.49
+1581210418.69,-0005.86,-0001.95,+0004.88,+0001.76,+0002.22,-0012.40
+1581210418.70,-0004.88,-0000.98,+0005.86,-0000.15,-0002.22,-0013.48
+1581210418.70,-0000.98,-0001.95,+0005.86,+0002.30,-0001.45,-0011.25
+1581210418.71,+0000.00,-0001.95,+0004.88,+0001.45,-0001.45,-0007.27
+1581210418.71,-0004.88,-0001.95,+0004.88,+0000.92,-0002.60,-0007.20
+1581210418.72,-0005.86,+0000.00,+0005.86,+0001.23,-0002.76,-0009.26
+1581210418.72,-0000.98,+0000.00,+0006.84,+0001.68,-0001.07,-0008.65
+1581210418.73,+0000.98,-0001.95,+0006.84,+0000.46,-0002.99,-0005.51
+1581210418.73,-0002.93,-0000.98,+0005.86,-0000.54,-0001.07,-0008.27
+1581210418.74,-0003.91,-0000.98,+0004.88,+0000.92,-0001.30,-0012.10
+1581210418.74,-0000.98,+0000.00,+0005.86,+0000.23,+0000.08,-0013.70
+1581210418.75,-0000.98,+0000.00,+0006.84,+0000.31,-0000.15,-0012.79
+1581210418.75,-0000.98,+0000.98,+0007.81,-0000.61,-0000.38,-0012.25
+1581210418.76,+0000.98,+0000.00,+0007.81,-0000.15,-0000.69,-0007.73
+1581210418.76,-0000.98,+0000.00,+0007.81,-0001.99,+0001.91,-0006.35
+1581210418.77,-0004.88,-0000.98,+0006.84,-0002.14,+0001.84,-0010.34
+1581210418.77,-0005.86,+0000.00,+0006.84,-0000.92,+0000.54,-0010.57
+1581210418.78,-0000.98,+0000.00,+0007.81,-0001.23,+0000.77,-0011.10
+1581210418.78,-0000.98,-0001.95,+0006.84,-0002.07,+0001.45,-0002.45
+1581210418.79,-0005.86,-0001.95,+0006.84,-0000.23,-0002.22,+0002.83
+1581210418.79,-0007.81,-0001.95,+0006.84,-0000.69,+0000.69,-0004.29
+1581210418.80,-0004.88,-0002.93,+0005.86,+0000.15,+0000.54,-0012.71
+1581210418.80,-0000.98,-0002.93,+0005.86,+0001.45,-0000.69,-0021.51
+1581210418.81,-0002.93,-0001.95,+0005.86,+0000.31,+0000.08,-0018.53
+1581210418.81,+0000.00,-0000.98,+0006.84,-0000.08,-0002.30,-0016.38
+1581210418.82,+0000.00,-0001.95,+0006.84,+0000.92,-0000.38,-0013.25
+1581210418.82,-0000.98,-0000.98,+0005.86,-0000.61,-0001.68,-0009.03
+1581210418.83,+0001.95,-0001.95,+0005.86,-0000.38,-0001.15,-0010.03
+1581210418.83,+0002.93,-0003.91,+0004.88,-0000.08,-0002.76,-0005.36
+1581210418.84,+0001.95,-0003.91,+0003.91,-0000.23,+0000.23,-0009.57
+1581210418.84,-0002.93,-0001.95,+0002.93,+0001.45,-0002.14,-0011.03
+1581210418.85,+0000.98,-0001.95,+0003.91,-0000.23,-0002.22,-0012.33
+1581210418.85,+0007.81,-0002.93,+0004.88,+0000.92,+0001.15,-0010.34
+1581210418.86,+0002.93,-0002.93,+0003.91,-0000.38,-0000.08,-0008.27
+1581210418.86,+0000.98,-0001.95,+0003.91,-0000.77,-0001.53,-0010.49
+1581210418.87,+0004.88,-0001.95,+0003.91,-0000.15,+0000.38,-0012.63
+1581210418.87,+0006.84,-0001.95,+0003.91,-0001.15,+0001.45,-0009.11
+1581210418.88,+0005.86,-0001.95,+0003.91,-0000.77,+0000.00,-0009.03
+1581210418.88,+0001.95,-0000.98,+0003.91,-0000.15,+0001.53,-0011.71
+1581210418.89,+0003.91,-0000.98,+0003.91,-0001.61,+0001.53,-0009.95
+1581210418.89,+0002.93,-0002.93,+0003.91,-0000.23,+0003.22,-0009.34
+1581210418.90,-0001.95,-0001.95,+0003.91,-0001.91,+0001.84,-0009.57
+1581210418.90,-0001.95,-0000.98,+0004.88,+0001.38,-0000.77,-0008.80
+1581210418.91,+0000.98,-0001.95,+0004.88,+0000.15,+0002.37,-0006.58
+1581210418.91,-0004.88,-0001.95,+0003.91,-0000.92,+0002.68,-0009.11
+1581210418.92,-0010.74,+0000.00,+0003.91,+0001.07,-0000.69,-0010.72
+1581210418.92,-0002.93,-0000.98,+0003.91,-0000.69,+0000.84,-0006.81
+1581210418.93,-0001.95,-0003.91,+0004.88,-0000.54,+0002.68,-0008.19
+1581210418.93,-0011.72,-0001.95,+0004.88,-0001.45,-0000.08,-0008.88
+1581210418.94,-0007.81,+0000.00,+0003.91,-0001.30,-0003.14,-0009.42
+1581210418.94,-0000.98,-0002.93,+0003.91,-0000.15,+0001.53,-0010.34
+1581210418.95,-0005.86,-0002.93,+0003.91,-0000.84,-0000.08,-0009.49
+1581210418.95,-0005.86,+0000.00,+0003.91,-0001.23,-0003.60,-0009.26
+1581210418.96,-0000.98,-0001.95,+0003.91,+0000.84,+0001.45,-0008.50
+1581210418.96,-0003.91,-0001.95,+0002.93,-0000.69,+0000.38,-0009.88
+1581210418.97,-0006.84,+0000.00,+0003.91,-0000.92,-0000.23,-0012.94
+1581210418.97,-0002.93,+0000.98,+0004.88,-0000.08,-0000.23,-0012.02
+1581210418.98,+0001.95,+0000.00,+0004.88,-0000.54,+0001.07,-0010.18
+1581210418.98,-0000.98,+0000.00,+0004.88,+0000.61,-0001.61,-0009.88
+1581210418.99,-0002.93,+0000.98,+0004.88,+0000.23,-0001.00,-0007.96
+1581210418.99,-0000.98,+0000.98,+0003.91,+0000.69,+0000.46,-0012.10
+1581210419.00,-0002.93,+0000.98,+0004.88,+0002.45,-0002.45,-0007.43
+1581210419.00,+0000.98,+0001.95,+0005.86,+0001.38,-0001.68,-0011.56
+1581210419.01,+0000.00,+0000.00,+0006.84,+0000.46,-0001.30,-0010.95
+1581210419.01,-0000.98,+0000.00,+0005.86,+0001.76,-0001.15,-0012.25
+1581210419.02,-0002.93,+0000.98,+0005.86,+0000.69,-0001.07,-0012.25
+1581210419.02,-0000.98,+0001.95,+0005.86,+0002.83,-0003.14,-0009.95
+1581210419.03,+0003.91,+0000.00,+0006.84,-0000.38,-0000.92,-0006.28
+1581210419.03,-0000.98,+0000.00,+0005.86,+0001.07,-0001.45,-0005.13
+1581210419.04,-0004.88,+0000.98,+0005.86,+0000.84,-0001.15,-0009.11
+1581210419.04,-0001.95,+0000.98,+0004.88,+0000.54,-0002.30,-0011.87
+1581210419.05,+0000.00,+0000.00,+0005.86,+0001.23,-0001.30,-0013.32
+1581210419.05,+0000.00,+0000.00,+0005.86,+0001.45,-0002.68,-0014.16
+1581210419.06,+0005.86,+0000.98,+0006.84,+0000.23,-0004.59,-0013.93
+1581210419.06,+0029.30,-0003.91,+0004.88,+0004.67,+0018.07,+0003.29
+1581210419.07,+0001.95,-0003.91,-0000.98,-0005.44,+0002.91,-0023.28
+1581210419.07,-0038.09,-0001.95,+0000.00,+0011.33,-0005.28,-0013.32
+1581210419.08,+0010.74,+0009.77,+0004.88,-0002.60,-0002.37,-0026.11
+1581210419.08,+0019.53,-0002.93,+0006.84,-0003.75,+0011.56,-0003.90
+1581210419.09,-0007.81,-0003.91,+0005.86,-0005.90,+0001.84,-0007.73
+1581210419.09,-0012.70,+0002.93,+0004.88,-0004.75,-0004.82,-0010.11
+1581210419.10,+0004.88,+0000.98,+0001.95,-0007.50,+0003.22,-0003.22
+1581210419.10,+0003.91,-0005.86,+0000.98,-0001.91,+0004.44,-0007.50
+1581210419.11,-0011.72,-0001.95,+0001.95,-0001.45,+0000.54,-0007.81
+1581210419.11,-0005.86,+0000.98,+0002.93,-0001.45,-0000.15,-0010.41
+1581210419.12,+0001.95,-0003.91,+0002.93,-0003.83,+0001.61,-0005.36
+1581210419.12,-0000.98,-0004.88,+0000.98,-0002.99,+0000.77,-0009.19
+1581210419.13,-0005.86,-0002.93,+0000.98,-0001.68,-0001.30,-0008.12
+1581210419.13,+0000.00,-0004.88,+0000.00,-0003.06,+0001.53,-0008.27
+1581210419.14,-0000.98,-0005.86,+0000.00,-0001.15,+0000.00,-0008.80
+1581210419.14,-0003.91,-0004.88,+0000.00,-0001.53,+0000.38,-0009.26
+1581210419.15,-0004.88,-0004.88,+0000.00,-0002.14,+0002.30,-0009.72
+1581210419.15,-0004.88,-0006.84,+0000.98,-0002.22,-0000.31,-0007.81
+1581210419.16,-0000.98,-0006.84,+0000.98,-0002.07,+0002.76,-0009.88
+1581210419.16,-0009.77,-0007.81,+0000.00,-0001.68,+0001.99,-0011.94
+1581210419.17,-0007.81,-0006.84,+0000.00,-0002.14,-0001.30,-0011.41
+1581210419.17,+0001.95,-0007.81,+0000.98,-0003.68,+0003.52,-0009.65
+1581210419.18,-0004.88,-0009.77,+0000.00,-0000.84,+0000.31,-0006.74
+1581210419.18,-0008.79,-0007.81,+0000.00,-0001.30,-0000.46,-0008.80
+1581210419.19,-0005.86,-0007.81,+0000.98,-0001.68,-0000.15,-0008.04
+1581210419.19,-0002.93,-0008.79,+0000.98,-0002.45,+0000.92,-0005.59
+1581210419.20,-0004.88,-0009.77,+0000.98,-0000.69,+0000.54,-0005.90
+1581210419.20,-0007.81,-0008.79,+0000.98,+0000.23,-0001.68,-0010.34
+1581210419.21,-0003.91,-0008.79,+0001.95,-0001.53,-0000.23,-0011.48
+1581210419.21,-0000.98,-0009.77,+0001.95,-0001.84,+0001.30,-0010.87
+1581210419.22,-0006.84,-0008.79,+0002.93,-0001.15,+0001.23,-0012.25
+1581210419.22,-0005.86,-0007.81,+0002.93,+0000.15,-0001.07,-0010.95
+1581210419.23,-0001.95,-0007.81,+0003.91,-0000.31,+0001.76,-0012.63
+1581210419.23,-0003.91,-0007.81,+0004.88,+0000.15,-0000.15,-0010.03
+1581210419.24,-0003.91,-0007.81,+0004.88,+0000.92,-0000.69,-0009.72
+1581210419.24,-0002.93,-0007.81,+0004.88,+0000.54,-0001.68,-0010.57
+1581210419.25,-0001.95,-0006.84,+0005.86,+0001.45,-0002.68,-0008.50
+1581210419.25,+0000.00,-0006.84,+0005.86,+0001.30,-0000.92,-0009.65
+1581210419.26,-0004.88,-0006.84,+0005.86,+0003.22,-0001.84,-0010.18
+1581210419.26,-0002.93,-0003.91,+0007.81,+0003.52,-0002.91,-0011.18
+1581210419.27,+0000.98,-0004.88,+0008.79,+0001.61,-0001.99,-0008.65
+1581210419.27,-0000.98,-0004.88,+0009.77,+0002.37,-0000.23,-0011.41
+1581210419.28,-0003.91,-0002.93,+0010.74,+0003.29,-0002.99,-0010.34
+1581210419.28,-0000.98,-0001.95,+0010.74,+0002.22,-0001.07,-0013.25
+1581210419.29,+0000.98,-0001.95,+0010.74,+0002.53,-0001.07,-0011.33
+1581210419.29,+0000.00,-0000.98,+0011.72,+0002.37,-0000.38,-0012.63
+1581210419.30,-0001.95,+0000.00,+0012.70,+0001.45,-0003.60,-0010.11
+1581210419.30,+0002.93,+0000.98,+0012.70,+0002.76,-0001.91,-0010.18
+1581210419.31,+0001.95,+0000.98,+0012.70,+0002.22,-0003.45,-0009.57
+1581210419.31,+0001.95,+0002.93,+0013.67,+0001.15,-0002.68,-0008.96
+1581210419.32,+0003.91,+0001.95,+0013.67,+0000.15,-0000.84,-0008.42
+1581210419.32,+0001.95,+0002.93,+0013.67,+0001.23,-0002.30,-0009.26
+1581210419.33,+0002.93,+0003.91,+0013.67,+0000.84,-0001.45,-0010.72
+1581210419.33,+0002.93,+0004.88,+0014.65,+0001.15,+0000.23,-0011.56
+1581210419.34,+0003.91,+0005.86,+0014.65,+0000.84,-0001.45,-0010.26
+1581210419.34,+0006.84,+0005.86,+0015.62,-0000.31,+0001.15,-0010.03
+1581210419.35,+0000.00,+0006.84,+0014.65,-0000.08,+0000.92,-0013.02
+1581210419.35,-0000.98,+0007.81,+0014.65,-0000.23,-0002.83,-0010.95
+1581210419.36,+0007.81,+0007.81,+0015.62,-0002.07,+0000.84,-0012.25
+1581210419.36,+0002.93,+0005.86,+0014.65,-0001.61,+0001.53,-0007.20
+1581210419.37,-0004.88,+0007.81,+0013.67,-0001.68,-0000.61,-0006.43
+1581210419.37,+0000.00,+0008.79,+0013.67,-0001.61,+0000.08,-0008.04
+1581210419.38,+0000.00,+0007.81,+0013.67,-0000.38,+0000.23,-0004.21
+1581210419.38,-0001.95,+0007.81,+0013.67,-0001.38,+0000.46,-0006.74
+1581210419.39,-0002.93,+0008.79,+0013.67,-0002.07,+0000.54,-0005.51
+1581210419.39,-0004.88,+0008.79,+0012.70,-0001.84,-0000.69,-0003.60
+1581210419.40,-0005.86,+0007.81,+0010.74,-0001.07,+0003.22,-0014.47
+1581210419.40,-0004.88,+0007.81,+0010.74,+0000.61,-0001.07,-0017.99
+1581210419.41,+0000.00,+0009.77,+0011.72,+0001.00,-0002.22,-0021.59
+1581210419.41,+0001.95,+0009.77,+0011.72,+0000.84,-0001.53,-0014.85
+1581210419.42,+0002.93,+0010.74,+0010.74,+0000.00,-0003.60,-0011.10
+1581210419.42,+0003.91,+0009.77,+0008.79,-0001.15,-0003.98,-0009.11
+1581210419.43,+0005.86,+0008.79,+0007.81,-0000.92,-0003.75,-0006.43
+1581210419.43,+0006.84,+0007.81,+0006.84,+0000.23,-0001.76,-0006.97
+1581210419.44,+0003.91,+0008.79,+0005.86,-0000.61,-0001.99,-0006.12
+1581210419.44,+0003.91,+0007.81,+0005.86,+0000.00,-0000.92,-0008.88
+1581210419.45,+0004.88,+0007.81,+0004.88,-0000.31,-0001.84,-0008.27
+1581210419.45,+0006.84,+0007.81,+0004.88,-0001.53,-0001.53,-0009.65
+1581210419.46,+0005.86,+0005.86,+0003.91,-0001.15,+0000.92,-0010.26
+1581210419.46,+0004.88,+0005.86,+0003.91,-0000.23,-0000.69,-0009.80
+1581210419.47,+0005.86,+0006.84,+0002.93,-0003.52,+0001.38,-0011.33
+1581210419.47,+0002.93,+0004.88,+0002.93,-0001.91,+0002.60,-0011.33
+1581210419.48,+0000.98,+0005.86,+0002.93,-0001.45,+0001.53,-0013.09
+1581210419.48,+0002.93,+0005.86,+0002.93,-0000.84,+0000.92,-0009.57
+1581210419.49,+0002.93,+0004.88,+0001.95,-0002.99,+0003.52,-0009.34
+1581210419.49,-0000.98,+0003.91,+0000.98,-0001.07,-0000.23,-0006.43
+1581210419.50,+0000.00,+0003.91,+0000.98,-0000.77,-0001.53,-0008.19
+1581210419.50,+0000.98,+0001.95,+0000.00,-0000.54,+0000.15,-0007.89
+1581210419.51,+0000.00,+0001.95,+0000.00,-0001.53,-0001.38,-0007.27
+1581210419.51,-0000.98,+0002.93,-0000.98,+0000.38,-0001.91,-0009.26
+1581210419.52,+0000.98,+0001.95,-0000.98,+0001.68,-0001.45,-0009.49
+1581210419.52,+0001.95,+0001.95,+0000.00,-0000.31,-0000.46,-0012.48
+1581210419.53,-0001.95,+0001.95,+0000.00,+0001.30,-0001.99,-0011.71
+1581210419.53,+0000.98,+0001.95,+0000.98,+0000.69,-0003.45,-0012.17
