+1580687683.76,-0000.98,-0016.60,-0008.79,-0000.15,+0002.07,-0013.25
+1580687683.76,-0000.98,-0016.60,-0007.81,-0000.31,-0003.22,-0009.72
+1580687683.77,+0004.88,-0015.62,-0006.84,+0000.84,+0002.60,-0007.96
+1580687683.77,-0001.95,-0016.60,-0006.84,+0001.68,-0002.68,-0006.58
+1580687683.78,+0002.93,-0014.65,-0005.86,-0000.38,+0001.61,-0005.28
+1580687683.78,+0000.98,-0015.62,-0005.86,-0001.61,+0000.92,-0009.49
+1580687683.79,-0002.93,-0013.67,-0004.88,+0001.45,+0001.45,-0011.94
+1580687683.79,+0000.00,-0012.70,-0002.93,+0002.83,-0002.60,-0011.41
+1580687683.80,+0007.81,-0013.67,-0001.95,-0000.92,-0000.61,-0006.74
+1580687683.80,-0003.91,-0010.74,-0000.98,+0002.83,+0006.12,-0012.40
+1580687683.81,-0004.88,-0009.77,+0000.00,+0005.90,-0003.22,-0009.57
+1580687683.81,+0005.86,-0008.79,+0000.98,-0002.68,+0004.29,-0009.19
+1580687683.82,-0007.81,-0009.77,+0000.98,+0005.44,+0002.30,-0010.64
+1580687683.82,-0006.84,-0003.91,+0002.93,+0000.61,+0000.38,-0006.58
+1580687683.83,-0000.98,-0004.88,+0003.91,+0003.98,+0000.69,-0007.96
+1580687683.83,-0006.84,-0005.86,+0004.88,+0001.15,-0000.38,-0002.07
+1580687683.84,-0006.84,-0002.93,+0005.86,+0001.99,-0002.60,+0004.75
+1580687683.84,-0013.67,-0002.93,+0005.86,-0000.38,+0001.23,-0006.74
+1580687683.85,-0017.58,-0002.93,+0005.86,+0002.76,-0000.54,-0009.57
+1580687683.85,-0007.81,-0000.98,+0006.84,-0000.92,-0001.38,-0016.46
+1580687683.86,-0002.93,-0002.93,+0007.81,-0000.31,+0001.15,-0031.62
+1580687683.86,-0002.93,-0001.95,+0007.81,+0000.15,-0002.30,-0036.67
+1580687683.87,-0000.98,+0001.95,+0007.81,-0000.61,-0002.07,-0029.09
+1580687683.87,+0009.77,-0000.98,+0006.84,-0000.92,-0004.21,-0017.00
+1580687683.88,+0012.70,-0000.98,+0004.88,-0002.45,-0000.08,-0006.20
+1580687683.88,+0002.93,+0000.00,+0002.93,-0003.45,-0003.75,+0002.60
+1580687683.89,+0010.74,-0000.98,+0001.95,-0004.36,-0002.83,+0004.13
+1580687683.89,+0007.81,-0004.88,+0000.00,-0000.46,-0001.61,+0001.45
+1580687683.90,+0005.86,-0004.88,+0000.00,-0000.15,-0001.91,-0003.14
+1580687683.90,+0006.84,-0005.86,+0000.00,-0000.84,+0000.61,-0007.89
+1580687683.91,+0005.86,-0005.86,+0000.98,+0000.54,-0000.61,-0008.65
+1580687683.91,+0003.91,-0004.88,+0000.98,-0000.92,-0000.15,-0015.93
+1580687683.92,+0001.95,-0004.88,+0000.98,+0002.83,-0000.92,-0014.70
+1580687683.92,+0003.91,-0003.91,+0001.95,-0000.38,+0001.68,-0016.08
+1580687683.93,+0001.95,-0002.93,+0002.93,+0000.08,-0000.15,-0010.41
+1580687683.93,+0003.91,-0000.98,+0002.93,-0001.91,+0001.99,-0010.18
+1580687683.94,-0002.93,-0000.98,+0001.95,-0000.15,+0000.23,-0008.27
+1580687683.94,-0004.88,+0000.00,+0000.98,-0002.83,+0000.77,-0007.04
+1580687683.95,-0002.93,+0000.00,+0000.98,-0001.15,+0000.38,-0006.66
+1580687683.95,-0003.91,-0000.98,+0000.00,+0002.53,-0001.53,-0004.90
+1580687683.96,-0000.98,+0000.00,+0000.98,-0001.68,-0001.61,-0001.53
+1580687683.96,-0007.81,+0000.00,+0000.00,-0002.60,-0001.07,-0009.26
+1580687683.97,-0010.74,+0000.98,+0000.00,+0002.60,-0000.61,-0014.39
+1580687683.97,-0006.84,+0002.93,+0000.00,+0000.15,-0000.92,-0015.77
+1580687683.98,-0007.81,+0002.93,+0000.98,+0002.83,+0001.30,-0014.70
+1580687683.98,-0007.81,+0004.88,+0001.95,-0000.31,+0001.53,-0012.02
+1580687683.99,-0011.72,+0004.88,+0002.93,+0000.69,-0000.61,-0012.56
+1580687683.99,-0010.74,+0004.88,+0002.93,-0002.60,+0000.77,-0010.03
+1580687684.00,-0006.84,+0004.88,+0002.93,-0000.92,+0000.61,-0008.73
+1580687684.00,-0007.81,+0005.86,+0003.91,+0000.84,-0002.68,-0007.89
+1580687684.01,-0003.91,+0005.86,+0003.91,-0000.38,-0002.37,-0005.51
+1580687684.01,-0003.91,+0006.84,+0004.88,+0001.00,+0001.15,-0013.70
+1580687684.02,+0006.84,+0006.84,+0005.86,+0001.91,-0006.51,-0007.12
+1580687684.02,+0018.55,+0006.84,+0006.84,-0002.68,-0005.21,+0001.23
+1580687684.03,+0011.72,+0006.84,+0005.86,+0001.91,+0000.23,-0003.60
+1580687684.03,-0002.93,+0007.81,+0005.86,-0000.77,-0014.78,-0005.59
+1580687684.04,+0025.39,+0006.84,+0006.84,+0004.06,+0013.63,-0006.12
+1580687684.04,-0011.72,+0007.81,+0002.93,-0001.68,+0016.15,-0044.02
+1580687684.05,-0033.20,+0009.77,+0006.84,+0006.89,-0009.19,-0024.35
+1580687684.05,+0018.55,+0015.62,+0008.79,-0010.87,+0013.86,-0028.10
+1580687684.06,-0010.74,-0000.98,+0010.74,+0011.94,+0006.20,-0008.35
+1580687684.06,-0020.51,+0016.60,+0011.72,+0000.23,-0003.45,-0006.58
+1580687684.07,-0002.93,+0009.77,+0011.72,+0000.69,-0000.54,+0001.07
+1580687684.07,-0001.95,+0003.91,+0009.77,-0000.38,+0000.00,+0001.15
+1580687684.08,-0002.93,+0007.81,+0009.77,-0000.15,-0000.15,-0002.60
+1580687684.08,-0004.88,+0008.79,+0008.79,-0000.77,-0002.30,-0004.75
+1580687684.09,+0005.86,+0004.88,+0007.81,-0001.23,-0002.83,-0007.35
+1580687684.09,+0006.84,+0003.91,+0005.86,-0002.99,+0000.46,-0008.88
+1580687684.10,+0000.00,+0004.88,+0004.88,-0000.38,-0002.99,-0010.26
+1580687684.10,+0002.93,+0003.91,+0002.93,-0001.91,-0001.07,-0010.80
+1580687684.11,+0003.91,+0000.00,+0001.95,+0001.23,-0000.69,-0010.26
+1580687684.11,+0000.00,+0000.00,+0000.00,-0002.37,-0001.45,-0010.49
+1580687684.12,-0000.98,+0000.98,+0000.00,+0001.38,-0000.46,-0012.94
+1580687684.12,+0001.95,-0001.95,+0000.00,+0003.14,-0002.60,-0009.03
+1580687684.13,+0004.88,-0001.95,+0000.00,-0001.30,-0000.31,-0006.66
+1580687684.13,-0002.93,-0000.98,+0000.00,+0002.99,+0001.53,-0008.88
+1580687684.14,-0004.88,-0001.95,+0000.00,+0001.15,-0001.53,-0010.11
+1580687684.14,+0002.93,-0002.93,-0000.98,-0002.14,+0000.00,-0010.80
+1580687684.15,+0000.00,-0005.86,-0001.95,+0001.91,-0000.84,-0007.04
+1580687684.15,-0003.91,-0004.88,-0002.93,-0003.37,+0001.68,-0008.88
+1580687684.16,-0007.81,-0007.81,-0003.91,-0000.54,-0001.53,-0012.63
+1580687684.16,+0000.98,-0007.81,-0004.88,-0001.61,+0000.15,-0010.72
+1580687684.17,+0004.88,-0010.74,-0005.86,-0002.07,-0000.23,-0009.19
+1580687684.17,-0003.91,-0010.74,-0005.86,-0003.45,-0001.07,-0012.94
+1580687684.18,-0004.88,-0011.72,-0006.84,+0001.99,-0001.53,-0012.56
+1580687684.18,+0001.95,-0012.70,-0006.84,-0004.06,-0000.54,-0012.10
+1580687684.19,+0001.95,-0013.67,-0006.84,+0001.45,+0002.07,-0011.87
+1580687684.19,+0001.95,-0012.70,-0006.84,-0000.31,-0000.54,-0007.50
+1580687684.20,+0000.98,-0013.67,-0007.81,-0001.07,-0000.08,-0007.43
+1580687684.20,-0001.95,-0015.62,-0007.81,-0001.61,+0000.15,-0006.74
+1580687684.21,+0000.98,-0015.62,-0008.79,-0001.53,+0001.84,-0006.12
+1580687684.21,+0000.98,-0015.62,-0007.81,+0002.60,+0001.61,-0010.49
+1580687684.22,-0002.93,-0015.62,-0007.81,-0001.61,-0000.15,-0006.66
+1580687684.22,-0003.91,-0013.67,-0006.84,+0002.83,+0001.45,-0013.70
+1580687684.23,-0000.98,-0015.62,-0005.86,+0002.91,+0000.92,-0022.66
+1580687684.23,+0005.86,-0013.67,-0004.88,+0000.08,-0000.15,-0025.11
+1580687684.24,+0000.00,-0012.70,-0003.91,+0001.00,+0001.84,-0019.68
+1580687684.24,+0005.86,-0009.77,-0002.93,+0001.38,-0002.37,-0013.40
+1580687684.25,+0009.77,-0011.72,-0002.93,-0000.15,-0001.38,-0007.20
+1580687684.25,+0007.81,-0011.72,-0002.93,+0001.61,-0000.46,-0001.61
+1580687684.26,+0005.86,-0009.77,-0001.95,-0000.92,-0001.61,-0004.52
+1580687684.26,+0011.72,-0010.74,-0000.98,+0002.76,+0005.05,-0005.51
+1580687684.27,+0002.93,-0009.77,-0000.98,-0001.38,-0003.68,-0007.12
+1580687684.27,+0005.86,-0007.81,+0001.95,+0007.66,-0001.61,-0007.89
+1580687684.28,+0011.72,-0006.84,+0003.91,+0000.00,+0001.00,-0012.10
+1580687684.28,+0002.93,-0006.84,+0005.86,+0005.21,-0000.23,-0009.57
+1580687684.29,+0002.93,-0002.93,+0007.81,+0000.31,-0000.23,-0012.63
+1580687684.29,+0000.98,-0004.88,+0009.77,+0003.98,-0001.23,-0010.34
+1580687684.30,+0001.95,-0002.93,+0009.77,+0002.91,+0001.38,-0007.35
+1580687684.30,-0004.88,-0000.98,+0010.74,+0002.22,-0000.31,-0006.74
+1580687684.31,-0006.84,+0000.98,+0010.74,+0000.00,-0000.31,-0005.13
+1580687684.31,-0006.84,+0000.98,+0011.72,+0002.22,+0001.30,-0008.65
+1580687684.32,-0005.86,+0001.95,+0012.70,+0001.99,+0000.46,-0011.64
+1580687684.32,-0007.81,+0002.93,+0012.70,+0000.46,+0000.23,-0013.55
+1580687684.33,-0004.88,+0003.91,+0012.70,+0001.23,-0003.45,-0011.25
+1580687684.33,-0003.91,+0003.91,+0012.70,+0001.30,-0000.84,-0013.86
+1580687684.34,-0006.84,+0004.88,+0012.70,+0000.31,-0000.77,-0010.11
+1580687684.34,-0004.88,+0006.84,+0011.72,-0000.84,-0001.99,-0011.56
+1580687684.35,+0000.00,+0005.86,+0010.74,-0002.07,-0003.06,-0010.03
+1580687684.35,-0002.93,+0004.88,+0010.74,-0001.53,-0001.53,-0010.80
+1580687684.36,-0002.93,+0006.84,+0009.77,+0002.14,-0001.84,-0010.87
+1580687684.36,+0000.00,+0005.86,+0008.79,-0002.99,-0001.68,-0011.41
+1580687684.37,+0002.93,+0005.86,+0007.81,-0001.45,-0002.22,-0008.12
+1580687684.37,+0004.88,+0004.88,+0008.79,+0001.45,-0000.15,-0012.25
+1580687684.38,+0000.00,+0005.86,+0008.79,+0000.38,-0000.84,-0014.09
+1580687684.38,+0006.84,+0005.86,+0008.79,+0001.45,-0004.06,-0012.10
+1580687684.39,+0020.51,+0004.88,+0008.79,-0000.15,+0001.23,-0007.66
+1580687684.39,+0011.72,+0003.91,+0007.81,+0000.08,-0004.21,-0007.66
+1580687684.40,+0017.58,+0003.91,+0005.86,+0000.84,-0007.43,+0007.66
+1580687684.40,-0002.93,+0004.88,+0002.93,-0010.03,-0018.53,-0005.82
+1580687684.41,+0024.41,+0000.98,+0003.91,+0016.54,+0005.67,+0001.99
+1580687684.41,+0015.62,+0007.81,+0000.98,-0022.89,+0010.03,-0018.68
+1580687684.42,-0028.32,-0006.84,+0002.93,-0008.27,+0001.99,-0017.38
+1580687684.42,+0004.88,+0013.67,+0003.91,-0012.10,+0002.37,-0021.74
+1580687684.43,+0003.91,-0005.86,+0001.95,+0009.65,+0006.28,-0009.80
+1580687684.43,-0006.84,+0002.93,+0001.95,-0000.31,+0003.37,-0006.74
+1580687684.44,-0017.58,+0005.86,+0002.93,-0001.00,-0003.90,-0008.42
+1580687684.44,-0003.91,+0000.98,+0002.93,-0002.14,-0002.30,-0004.29
+1580687684.45,+0004.88,-0002.93,+0000.00,-0004.29,+0004.75,-0000.69
+1580687684.45,-0018.55,+0000.98,-0001.95,-0000.31,+0004.90,-0004.29
+1580687684.46,-0019.53,-0000.98,-0003.91,-0000.31,+0001.53,-0010.41
+1580687684.46,-0011.72,-0002.93,-0005.86,-0004.90,+0000.38,-0011.71
+1580687684.47,-0005.86,-0003.91,-0005.86,+0000.23,-0000.46,-0009.65
+1580687684.47,-0008.79,-0000.98,-0005.86,-0002.53,-0003.29,-0011.87
+1580687684.48,-0011.72,-0001.95,-0006.84,+0002.30,+0000.08,-0015.31
+1580687684.48,-0005.86,-0002.93,-0007.81,-0002.37,-0005.97,-0017.38
+1580687684.49,+0005.86,-0003.91,-0007.81,+0001.23,-0001.76,-0011.56
+1580687684.49,+0001.95,-0002.93,-0007.81,-0003.60,-0004.13,-0007.89
+1580687684.50,+0003.91,-0004.88,-0007.81,-0000.61,-0002.99,-0003.37
+1580687684.50,+0000.00,-0005.86,-0009.77,-0002.99,+0001.68,-0012.40
+1580687684.51,+0000.00,-0005.86,-0009.77,+0001.99,-0004.98,-0012.10
+1580687684.51,+0015.62,-0005.86,-0009.77,-0004.36,+0001.38,-0008.42
+1580687684.52,+0005.86,-0008.79,-0008.79,+0003.06,+0005.05,-0018.45
+1580687684.52,-0003.91,-0005.86,-0007.81,-0003.29,-0003.83,-0010.57
+1580687684.53,+0007.81,-0005.86,-0007.81,-0002.22,-0003.14,-0011.41
+1580687684.53,+0014.65,-0009.77,-0006.84,+0002.37,+0003.22,-0007.20
+1580687684.54,+0007.81,-0006.84,-0005.86,+0001.15,-0001.23,-0005.36
+1580687684.54,-0004.88,-0007.81,-0006.84,+0001.91,-0003.98,-0013.48
+1580687684.55,+0008.79,-0008.79,-0004.88,+0000.00,-0003.75,-0008.12
+1580687684.55,+0021.48,-0010.74,-0004.88,+0003.14,+0003.60,-0003.22
+1580687684.56,-0003.91,-0007.81,-0004.88,+0000.31,+0004.82,-0006.58
+1580687684.56,-0009.77,-0005.86,-0003.91,-0002.60,-0005.51,-0011.94
+1580687684.57,+0017.58,-0009.77,-0003.91,+0001.15,+0001.38,-0011.03
+1580687684.57,+0012.70,-0011.72,-0002.93,-0000.54,+0004.44,-0004.36
+1580687684.58,-0009.77,-0006.84,-0002.93,-0000.61,-0000.92,-0010.26
+1580687684.58,-0008.79,-0006.84,-0001.95,-0001.00,-0003.60,-0010.57
+1580687684.59,+0012.70,-0010.74,-0001.95,+0001.68,-0002.45,-0000.77
+1580687684.59,+0005.86,-0010.74,-0001.95,-0001.30,+0007.96,-0004.44
+1580687684.60,-0021.48,-0005.86,-0000.98,-0001.38,-0003.60,-0010.72
+1580687684.60,-0006.84,-0006.84,-0000.98,+0003.68,+0000.08,-0017.00
+1580687684.61,+0003.91,-0010.74,-0000.98,-0002.14,+0000.23,-0011.79
+1580687684.61,-0006.84,-0008.79,-0000.98,-0002.14,+0001.91,-0010.95
+1580687684.62,-0016.60,-0004.88,-0001.95,-0000.46,-0001.30,-0016.00
+1580687684.62,-0005.86,-0007.81,-0000.98,-0001.91,-0004.44,-0007.50
+1580687684.63,+0005.86,-0009.77,-0001.95,-0001.15,+0000.38,+0002.53
+1580687684.63,-0018.55,-0006.84,-0001.95,-0002.99,-0008.42,-0010.72
+1580687684.64,+0000.00,-0006.84,-0000.98,+0003.98,-0002.99,-0020.98
+1580687684.64,+0008.79,-0007.81,-0001.95,-0005.74,+0001.30,-0025.95
+1580687684.65,+0012.70,-0009.77,+0000.00,+0001.38,-0004.21,+0002.30
+1580687684.65,+0014.65,-0006.84,-0000.98,-0002.45,+0010.18,-0021.74
+1580687684.66,-0014.65,-0009.77,-0001.95,+0002.53,-0008.73,-0007.04
+1580687684.66,+0015.62,-0005.86,-0000.98,+0002.30,-0003.98,-0010.11
+1580687684.67,+0016.60,-0013.67,+0000.00,+0004.67,-0003.37,+0003.52
+1580687684.67,+0006.84,-0008.79,+0001.95,-0000.38,+0004.82,-0004.21
+1580687684.68,-0007.81,-0008.79,+0000.98,-0001.30,-0000.38,-0014.78
+1580687684.68,+0003.91,-0011.72,+0001.95,+0002.68,+0003.90,-0012.63
+1580687684.69,+0011.72,-0010.74,+0001.95,+0000.84,+0001.00,-0014.32
+1580687684.69,+0004.88,-0009.77,+0002.93,+0000.00,-0003.60,-0001.00
+1580687684.70,-0001.95,-0006.84,+0001.95,+0000.92,+0006.58,-0013.48
+1580687684.70,-0009.77,-0010.74,+0003.91,+0008.27,-0002.99,-0010.49
+1580687684.71,+0005.86,-0005.86,+0005.86,-0003.29,+0004.29,-0010.64
+1580687684.71,-0001.95,-0007.81,+0007.81,+0005.82,+0004.29,-0018.07
+1580687684.72,+0000.00,-0004.88,+0008.79,-0001.61,-0009.72,+0002.76
+1580687684.72,-0005.86,-0004.88,+0008.79,-0001.84,-0003.37,-0010.57
+1580687684.73,-0006.84,-0006.84,+0008.79,+0000.38,-0003.45,-0003.37
+1580687684.73,+0000.00,-0003.91,+0007.81,+0000.38,+0005.74,-0009.03
+1580687684.74,-0016.60,-0006.84,+0007.81,+0007.73,-0000.84,-0011.87
+1580687684.74,-0006.84,+0000.00,+0009.77,-0001.91,-0002.60,-0012.17
+1580687684.75,+0015.62,-0005.86,+0010.74,-0000.15,-0010.64,+0009.57
+1580687684.75,-0012.70,-0003.91,+0009.77,+0006.28,+0017.69,-0013.02
+1580687684.76,-0029.30,-0000.98,+0010.74,+0004.36,-0007.43,-0018.30
+1580687684.76,+0010.74,+0000.98,+0011.72,-0003.68,-0001.91,-0017.07
+1580687684.77,+0010.74,-0008.79,+0012.70,+0000.38,+0000.00,-0007.73
+1580687684.77,-0006.84,+0000.98,+0013.67,-0005.28,-0000.77,-0016.00
+1580687684.78,-0013.67,-0000.98,+0013.67,-0001.99,-0008.35,-0012.48
+1580687684.78,+0012.70,-0002.93,+0012.70,+0001.38,-0000.46,-0005.13
+1580687684.79,+0006.84,-0006.84,+0012.70,-0001.84,+0000.61,-0003.14
+1580687684.79,-0008.79,-0000.98,+0013.67,-0002.30,+0003.06,-0005.67
+1580687684.80,-0011.72,-0002.93,+0013.67,-0000.46,-0005.13,-0011.64
+1580687684.80,+0007.81,-0005.86,+0014.65,+0001.23,-0000.61,-0013.63
+1580687684.81,+0002.93,-0005.86,+0013.67,+0000.92,-0004.52,-0016.38
+1580687684.81,+0000.00,-0001.95,+0015.62,+0001.84,-0002.45,-0016.84
+1580687684.82,+0009.77,-0003.91,+0015.62,-0002.76,-0008.80,+0001.15
+1580687684.82,+0001.95,-0006.84,+0013.67,+0002.91,+0013.70,-0011.18
+1580687684.83,-0028.32,-0001.95,+0013.67,+0001.00,-0006.58,-0019.91
+1580687684.83,+0007.81,+0000.98,+0015.62,+0005.82,+0000.61,-0010.64
+1580687684.84,+0006.84,-0007.81,+0015.62,-0007.96,+0008.04,-0019.29
+1580687684.84,-0007.81,-0002.93,+0016.60,-0005.36,+0002.14,+0004.82
+1580687684.85,-0001.95,-0000.98,+0014.65,-0001.23,+0009.57,-0022.43
+1580687684.85,-0014.65,-0005.86,+0012.70,-0003.37,-0012.48,-0008.19
+1580687684.86,+0018.55,-0002.93,+0010.74,+0004.82,+0000.92,-0005.21
+1580687684.86,+0010.74,-0005.86,+0011.72,+0003.06,-0003.60,-0002.14
+1580687684.87,+0003.91,+0000.00,+0013.67,-0000.23,+0000.00,-0002.83
+1580687684.87,+0000.00,+0000.00,+0013.67,-0003.29,+0000.15,-0017.92
+1580687684.88,+0008.79,-0000.98,+0012.70,-0001.91,-0000.23,-0010.80
+1580687684.88,+0021.48,-0000.98,+0011.72,+0002.30,-0001.15,-0010.72
+1580687684.89,+0007.81,+0001.95,+0013.67,+0000.46,+0002.76,-0014.78
+1580687684.89,+0003.91,+0003.91,+0014.65,-0001.53,-0004.44,-0005.74
+1580687684.90,+0015.62,+0002.93,+0015.62,+0001.61,+0000.69,-0008.80
+1580687684.90,+0018.55,+0002.93,+0015.62,+0001.61,-0002.07,+0001.84
+1580687684.91,+0009.77,+0006.84,+0015.62,+0004.44,+0001.53,-0004.36
+1580687684.91,-0004.88,+0005.86,+0016.60,+0007.58,-0001.76,-0015.77
+1580687684.92,+0006.84,+0007.81,+0018.55,-0003.52,-0006.97,-0006.58
+1580687684.92,+0022.46,+0005.86,+0019.53,+0005.97,+0004.98,-0009.03
+1580687684.93,-0004.88,+0007.81,+0019.53,+0000.31,+0004.90,-0013.25
+1580687684.93,-0006.84,+0011.72,+0021.48,+0004.06,-0001.45,-0014.39
+1580687684.94,+0007.81,+0008.79,+0020.51,-0004.13,+0000.84,-0009.11
+1580687684.94,+0004.88,+0006.84,+0019.53,+0005.36,+0001.15,-0011.33
+1580687684.95,-0001.95,+0009.77,+0019.53,+0001.00,+0010.03,-0008.96
+1580687684.95,-0016.60,+0011.72,+0019.53,+0000.54,-0001.00,-0010.87
+1580687684.96,-0011.72,+0008.79,+0020.51,-0001.07,-0006.20,-0005.82
+1580687684.96,+0006.84,+0010.74,+0020.51,+0003.45,+0005.13,-0005.82
+1580687684.97,-0016.60,+0009.77,+0020.51,+0004.59,-0003.22,-0006.12
+1580687684.97,-0012.70,+0014.65,+0020.51,+0001.76,-0002.07,-0013.02
+1580687684.98,+0000.00,+0008.79,+0021.48,-0001.15,-0002.14,-0011.25
+1580687684.98,+0002.93,+0009.77,+0020.51,-0002.53,-0002.60,+0001.15
+1580687684.99,-0005.86,+0010.74,+0019.53,+0001.99,+0005.67,-0010.34
+1580687684.99,-0017.58,+0013.67,+0019.53,-0002.53,-0005.36,-0011.03
+1580687685.00,-0004.88,+0010.74,+0019.53,+0000.92,-0001.00,-0016.15
+1580687685.00,+0008.79,+0010.74,+0018.55,-0003.75,+0003.90,-0003.22
+1580687685.01,-0012.70,+0012.70,+0017.58,+0009.26,+0008.35,-0013.86
+1580687685.01,-0028.32,+0014.65,+0019.53,-0005.28,-0009.42,-0000.38
+1580687685.02,+0003.91,+0013.67,+0019.53,-0006.89,+0007.81,-0024.19
+1580687685.02,-0007.81,+0007.81,+0017.58,+0007.12,-0004.90,-0022.05
+1580687685.03,-0009.77,+0018.55,+0019.53,+0002.37,+0000.61,-0018.15
+1580687685.03,-0004.88,+0015.62,+0018.55,-0005.13,+0002.68,-0015.93
+1580687685.04,-0001.95,+0011.72,+0017.58,-0000.15,+0005.74,-0011.18
+1580687685.04,-0008.79,+0013.67,+0017.58,-0002.83,-0001.84,-0004.67
+1580687685.05,-0005.86,+0015.62,+0016.60,+0003.22,-0001.53,-0004.98
+1580687685.05,-0006.84,+0011.72,+0016.60,+0001.45,-0004.59,+0003.37
+1580687685.06,-0003.91,+0010.74,+0016.60,+0001.15,+0008.50,-0006.28
+1580687685.06,-0018.55,+0013.67,+0014.65,-0004.98,+0001.45,-0010.03
+1580687685.07,-0011.72,+0010.74,+0013.67,+0000.15,-0003.75,-0003.68
+1580687685.07,-0003.91,+0009.77,+0012.70,-0004.90,+0002.14,-0008.50
+1580687685.08,-0012.70,+0008.79,+0012.70,+0005.44,+0004.67,-0008.50
+1580687685.08,-0020.51,+0012.70,+0011.72,-0003.52,+0001.84,-0018.99
+1580687685.09,-0014.65,+0008.79,+0011.72,+0001.84,+0003.06,-0010.80
+1580687685.09,-0008.79,+0009.77,+0010.74,-0001.38,+0003.68,-0012.56
+1580687685.09,-0022.46,+0010.74,+0010.74,+0001.00,-0000.38,-0004.90
+1580687685.10,-0019.53,+0011.72,+0008.79,-0005.05,+0003.06,-0011.03
+1580687685.10,-0017.58,+0006.84,+0007.81,+0000.00,-0001.38,-0009.11
+1580687685.11,-0009.77,+0008.79,+0005.86,-0003.98,+0000.38,-0008.96
+1580687685.11,-0011.72,+0007.81,+0003.91,-0002.07,-0002.07,-0003.45
+1580687685.12,-0017.58,+0007.81,+0001.95,-0005.28,-0001.91,-0009.34
+1580687685.12,-0012.70,+0004.88,+0000.98,+0003.52,-0001.07,-0011.33
+1580687685.13,-0007.81,+0005.86,+0000.00,-0003.37,-0000.84,-0013.86
+1580687685.13,-0010.74,+0004.88,+0000.00,+0002.60,+0002.45,-0013.93
+1580687685.14,-0007.81,+0005.86,+0000.00,-0002.60,-0003.52,-0013.32
+1580687685.14,+0000.98,+0002.93,+0000.00,+0001.91,-0001.76,-0007.27
+1580687685.15,+0000.98,+0003.91,-0000.98,-0003.45,+0002.68,-0010.26
+1580687685.15,-0003.91,+0002.93,-0002.93,-0001.38,-0003.68,-0005.13
+1580687685.16,+0004.88,+0002.93,-0003.91,-0003.75,+0000.31,-0005.59
+1580687685.16,+0002.93,+0000.00,-0005.86,+0000.23,-0003.37,-0003.06
+1580687685.17,+0001.95,+0000.98,-0005.86,-0001.76,+0002.22,-0005.05
+1580687685.17,-0005.86,+0000.98,-0005.86,-0001.76,-0003.06,-0012.10
+1580687685.18,+0002.93,-0000.98,-0005.86,+0001.61,+0001.23,-0016.61
+1580687685.18,+0005.86,-0001.95,-0005.86,-0003.83,+0002.30,-0015.24
+1580687685.19,+0006.84,+0000.00,-0005.86,-0002.68,-0002.76,-0006.97
+1580687685.19,+0012.70,-0001.95,-0005.86,-0004.59,+0001.23,-0001.99
+1580687685.20,+0000.00,-0001.95,-0007.81,+0001.53,+0007.89,-0021.13
+1580687685.20,+0002.93,-0002.93,-0008.79,-0009.34,-0015.16,-0005.74
+1580687685.21,+0041.02,-0001.95,-0011.72,-0009.80,+0018.83,-0021.36
+1580687685.21,-0027.34,-0007.81,-0015.62,-0011.94,-0001.53,-0012.79
+1580687685.22,-0011.72,+0003.91,-0010.74,+0011.79,-0005.97,-0014.70
+1580687685.22,+0018.55,-0002.93,-0010.74,-0011.41,-0002.53,-0020.67
+1580687685.23,+0000.98,-0007.81,-0010.74,+0000.61,+0003.06,-0001.99
+1580687685.23,-0007.81,+0002.93,-0009.77,-0002.99,+0001.84,-0010.41
+1580687685.24,-0005.86,-0000.98,-0010.74,-0002.22,-0002.37,-0006.43
+1580687685.24,+0005.86,-0005.86,-0011.72,+0000.00,-0000.38,-0006.81
+1580687685.25,+0002.93,-0002.93,-0012.70,+0001.00,+0002.22,-0006.05
+1580687685.25,-0006.84,-0000.98,-0012.70,-0001.15,-0000.61,-0007.50
+1580687685.26,-0001.95,-0001.95,-0011.72,-0001.38,-0003.22,-0009.42
+1580687685.26,+0004.88,-0002.93,-0010.74,+0000.69,+0000.08,-0007.89
+1580687685.27,+0000.00,+0000.00,-0009.77,+0002.37,-0000.15,-0011.64
+1580687685.27,-0006.84,+0001.95,-0007.81,+0001.00,-0001.38,-0012.63
+1580687685.28,+0003.91,+0001.95,-0006.84,+0000.23,+0001.61,-0011.41
+1580687685.28,+0000.00,+0001.95,-0006.84,-0000.61,+0002.30,-0015.08
+1580687685.29,-0004.88,+0003.91,-0005.86,-0001.68,-0004.29,-0007.20
+1580687685.29,+0001.95,+0005.86,-0004.88,+0001.91,+0001.53,-0014.78
+1580687685.30,+0002.93,+0002.93,-0003.91,+0006.35,+0004.82,-0013.55
+1580687685.30,-0006.84,+0007.81,-0002.93,-0001.07,-0002.14,-0015.08
+1580687685.31,-0000.98,+0006.84,-0000.98,+0003.52,-0004.29,-0010.64
+1580687685.31,+0008.79,+0007.81,+0000.00,-0000.54,+0007.89,-0016.69
+1580687685.32,-0012.70,+0008.79,+0000.00,+0005.21,-0005.74,-0012.40
+1580687685.32,+0000.98,+0011.72,+0001.95,+0000.00,-0005.36,-0006.12
+1580687685.33,+0010.74,+0006.84,+0001.95,+0000.92,+0002.37,-0011.03
+1580687685.33,-0010.74,+0009.77,+0000.98,+0000.84,+0000.15,-0009.11
+1580687685.34,-0006.84,+0013.67,+0001.95,+0000.61,-0001.53,-0013.40
+1580687685.34,+0000.98,+0009.77,+0001.95,-0000.31,-0000.46,-0018.15
+1580687685.35,+0007.81,+0011.72,+0003.91,+0001.84,+0001.00,-0006.74
+1580687685.35,+0000.98,+0014.65,+0004.88,+0002.76,+0000.54,-0013.63
+1580687685.36,-0001.95,+0014.65,+0005.86,-0001.68,-0005.44,-0006.28
+1580687685.36,+0013.67,+0012.70,+0005.86,-0000.54,-0003.52,-0003.60
+1580687685.37,+0003.91,+0013.67,+0004.88,-0000.69,-0005.05,-0006.74
+1580687685.37,+0001.95,+0015.62,+0005.86,+0000.08,-0003.75,-0006.74
+1580687685.38,+0006.84,+0014.65,+0004.88,-0000.77,+0002.37,-0015.47
+1580687685.38,+0006.84,+0012.70,+0004.88,+0004.06,-0000.77,-0005.90
+1580687685.39,+0007.81,+0016.60,+0004.88,-0005.67,+0005.67,-0014.32
+1580687685.39,-0006.84,+0014.65,+0003.91,+0002.60,-0005.90,-0008.04
+1580687685.40,+0007.81,+0014.65,+0003.91,-0003.60,-0001.23,-0001.00
+1580687685.40,-0003.91,+0011.72,+0003.91,-0000.92,+0002.60,-0007.50
+1580687685.41,-0011.72,+0015.62,+0003.91,+0002.91,-0001.23,-0007.66
+1580687685.41,-0007.81,+0014.65,+0002.93,-0005.13,+0002.99,-0014.47
+1580687685.42,-0005.86,+0010.74,+0001.95,-0001.15,+0004.36,-0013.09
+1580687685.42,-0007.81,+0012.70,+0000.98,-0000.08,-0001.45,-0014.78
+1580687685.43,-0004.88,+0010.74,+0000.00,-0004.82,-0001.23,-0012.63
+1580687685.43,-0015.62,+0009.77,-0001.95,+0001.00,+0006.74,-0024.35
+1580687685.44,+0000.00,+0006.84,-0001.95,+0005.21,-0003.83,-0003.29
+1580687685.44,+0007.81,+0008.79,-0003.91,-0008.12,+0009.49,-0016.46
+1580687685.45,-0017.58,+0005.86,-0004.88,-0000.77,-0007.73,-0005.44
+1580687685.45,+0004.88,+0009.77,-0005.86,-0007.58,-0001.45,-0010.72
+1580687685.46,+0004.88,+0000.00,-0006.84,+0000.69,-0004.06,-0005.82
+1580687685.46,+0005.86,+0004.88,-0007.81,-0000.69,+0000.00,-0006.35
+1580687685.47,+0002.93,+0002.93,-0008.79,-0004.36,-0002.53,-0011.03
+1580687685.47,+0008.79,+0002.93,-0009.77,-0001.07,+0003.83,-0011.25
+1580687685.48,+0002.93,+0000.98,-0009.77,-0001.00,-0003.90,-0007.20
+1580687685.48,+0002.93,+0002.93,-0009.77,+0004.52,+0002.91,-0013.17
+1580687685.49,+0002.93,+0001.95,-0009.77,+0003.75,+0001.99,-0012.63
+1580687685.49,+0005.86,+0001.95,-0008.79,-0000.84,+0002.07,-0014.62
+1580687685.50,-0000.98,+0001.95,-0008.79,-0001.68,+0000.61,-0015.39
+1580687685.50,+0011.72,+0002.93,-0008.79,+0002.30,-0007.12,+0001.68
+1580687685.51,-0004.88,+0000.98,-0009.77,+0002.68,-0004.13,-0010.34
+1580687685.51,-0004.88,+0002.93,-0008.79,+0003.60,-0001.99,-0009.88
+1580687685.52,+0007.81,+0002.93,-0007.81,-0000.31,+0001.68,-0014.01
+1580687685.52,+0005.86,-0000.98,-0007.81,+0004.06,+0002.37,-0008.65
+1580687685.53,-0003.91,+0004.88,-0007.81,-0007.04,+0000.84,-0014.93
+1580687685.53,-0001.95,+0001.95,-0006.84,+0004.59,-0006.35,-0008.73
+1580687685.54,+0009.77,+0000.98,-0005.86,-0003.68,+0002.76,-0012.56
+1580687685.54,+0000.00,+0002.93,-0006.84,+0000.46,-0002.99,-0011.10
+1580687685.55,+0000.98,+0005.86,-0005.86,-0002.37,-0005.67,-0007.35
+1580687685.55,+0009.77,+0001.95,-0004.88,+0001.23,+0001.07,-0008.50
+1580687685.56,+0004.88,+0001.95,-0004.88,+0001.76,+0000.54,-0005.21
+1580687685.56,-0000.98,+0005.86,-0004.88,+0002.60,-0001.45,-0010.11
+1580687685.57,+0000.98,+0002.93,-0004.88,-0002.68,-0002.45,-0008.88
+1580687685.57,+0005.86,+0003.91,-0004.88,+0005.90,+0000.84,-0009.57
+1580687685.58,+0002.93,+0003.91,-0002.93,+0006.12,+0000.46,-0009.26
+1580687685.58,-0002.93,+0007.81,-0001.95,-0001.68,-0001.30,-0011.48
+1580687685.59,+0004.88,+0004.88,-0000.98,-0000.46,-0003.52,-0006.51
+1580687685.59,+0007.81,+0006.84,-0001.95,-0003.45,-0003.37,-0003.52
+1580687685.60,+0003.91,+0004.88,-0001.95,+0003.75,+0001.84,-0005.82
+1580687685.60,-0006.84,+0008.79,-0002.93,-0001.15,+0004.13,-0018.53
+1580687685.61,+0000.98,+0003.91,-0002.93,-0002.53,-0016.08,-0006.12
+1580687685.61,+0011.72,+0005.86,-0004.88,-0003.14,+0013.78,-0024.73
+1580687685.62,-0029.30,+0005.86,-0005.86,+0002.14,-0004.82,-0012.63
+1580687685.62,-0004.88,+0012.70,-0003.91,+0004.06,-0000.61,-0018.83
+1580687685.63,+0003.91,+0000.98,-0003.91,+0005.97,+0003.22,-0009.26
+1580687685.63,-0005.86,+0007.81,-0003.91,-0000.38,+0001.30,-0003.75
+1580687685.64,-0013.67,+0009.77,-0003.91,-0001.68,-0001.15,-0008.50
+1580687685.64,-0006.84,+0004.88,-0003.91,-0000.54,-0003.52,-0005.51
+1580687685.65,+0000.00,+0002.93,-0005.86,+0000.77,+0000.84,-0006.28
+1580687685.65,-0002.93,+0007.81,-0007.81,-0001.99,-0001.68,-0008.80
+1580687685.66,-0008.79,+0005.86,-0008.79,-0002.22,+0000.84,-0014.09
+1580687685.66,+0001.95,+0004.88,-0008.79,-0002.99,-0001.61,-0011.10
+1580687685.67,+0009.77,+0002.93,-0009.77,+0000.31,+0001.15,-0013.17
+1580687685.67,+0001.95,+0004.88,-0010.74,-0004.59,-0003.90,-0010.57
+1580687685.68,+0005.86,+0004.88,-0011.72,-0000.15,-0001.23,-0011.79
+1580687685.68,+0006.84,+0001.95,-0012.70,-0001.00,-0004.59,-0011.41
+1580687685.69,+0014.65,+0003.91,-0013.67,+0001.07,+0001.68,-0014.09
+1580687685.69,+0009.77,+0004.88,-0013.67,-0001.53,-0000.92,-0013.02
+1580687685.70,+0010.74,+0003.91,-0013.67,+0002.07,-0002.37,-0010.64
+1580687685.70,+0015.62,+0001.95,-0013.67,-0004.13,-0002.91,-0006.12
+1580687685.71,+0013.67,+0002.93,-0014.65,+0002.76,+0004.52,-0011.03
+1580687685.71,+0004.88,+0003.91,-0015.62,-0005.82,-0002.30,-0006.66
+1580687685.72,+0010.74,+0001.95,-0016.60,-0003.68,+0003.98,-0009.72
+1580687685.72,+0002.93,-0000.98,-0017.58,-0002.76,-0000.92,-0006.97
+1580687685.73,+0003.91,+0001.95,-0016.60,+0004.06,+0002.68,-0005.44
+1580687685.73,-0002.93,-0000.98,-0016.60,-0007.66,+0006.28,-0012.40
+1580687685.74,-0004.88,-0000.98,-0017.58,-0003.06,+0002.14,-0008.88
+1580687685.74,-0000.98,-0001.95,-0017.58,-0000.46,+0003.68,-0014.85
+1580687685.75,-0004.88,-0002.93,-0017.58,-0001.15,-0003.98,-0005.59
+1580687685.75,-0006.84,-0003.91,-0018.55,-0004.13,+0000.54,-0006.89
+1580687685.76,-0010.74,-0006.84,-0019.53,-0001.68,-0002.68,-0006.66
+1580687685.76,-0006.84,-0005.86,-0018.55,-0001.38,+0001.68,-0010.26
+1580687685.77,-0001.95,-0006.84,-0019.53,-0000.54,-0002.76,-0008.58
+1580687685.77,-0001.95,-0006.84,-0020.51,-0004.29,+0000.00,-0007.89
+1580687685.78,-0007.81,-0007.81,-0021.48,-0000.08,-0001.99,-0011.41
+1580687685.78,-0002.93,-0007.81,-0021.48,-0001.38,-0003.22,-0011.48
+1580687685.79,-0000.98,-0009.77,-0021.48,-0000.38,-0001.61,-0013.17
+1580687685.79,-0001.95,-0008.79,-0022.46,-0001.23,+0001.53,-0017.61
+1580687685.80,+0004.88,-0009.77,-0021.48,+0001.00,-0002.68,-0022.82
+1580687685.80,+0009.77,-0009.77,-0021.48,-0001.07,-0004.98,-0021.05
+1580687685.81,+0003.91,-0007.81,-0021.48,+0001.15,-0003.45,-0011.87
+1580687685.81,+0005.86,-0007.81,-0021.48,-0001.07,-0003.29,-0010.34
+1580687685.82,+0007.81,-0009.77,-0021.48,+0001.76,+0003.29,-0008.65
+1580687685.82,+0009.77,-0009.77,-0020.51,+0002.07,-0000.23,-0006.12
+1580687685.83,+0011.72,-0007.81,-0019.53,-0000.31,+0002.14,-0006.81
+1580687685.83,+0005.86,-0008.79,-0018.55,-0000.54,-0000.77,-0010.49
+1580687685.84,+0010.74,-0007.81,-0016.60,+0002.99,-0001.99,-0007.66
+1580687685.84,+0009.77,-0007.81,-0015.62,+0001.00,+0001.99,-0010.57
+1580687685.85,+0005.86,-0006.84,-0013.67,+0001.76,+0000.38,-0010.72
+1580687685.85,+0007.81,-0006.84,-0012.70,-0000.92,-0001.30,-0009.49
+1580687685.86,+0003.91,-0006.84,-0011.72,+0000.61,-0000.46,-0011.33
+1580687685.86,+0001.95,-0005.86,-0010.74,+0003.45,-0001.45,-0008.50
+1580687685.87,+0004.88,-0004.88,-0009.77,+0001.00,+0003.29,-0009.72
+1580687685.87,-0006.84,-0005.86,-0008.79,+0001.53,+0002.07,-0011.94
+1580687685.88,+0000.00,-0003.91,-0007.81,-0000.08,+0000.15,-0006.20
+1580687685.88,-0000.98,-0003.91,-0006.84,+0002.60,+0004.29,-0010.03
+1580687685.89,-0009.77,-0002.93,-0005.86,-0001.53,-0001.23,-0004.98
+1580687685.89,-0004.88,-0001.95,-0004.88,-0001.68,-0001.30,-0012.71
+1580687685.90,-0003.91,-0003.91,-0004.88,-0001.68,-0002.68,-0006.74
+1580687685.90,-0000.98,-0000.98,-0003.91,+0001.68,+0003.22,-0008.80
+1580687685.91,-0010.74,-0000.98,-0003.91,-0001.00,-0000.92,-0008.88
+1580687685.91,-0007.81,-0000.98,-0003.91,-0003.06,-0001.00,-0009.95
+1580687685.92,-0001.95,-0002.93,-0004.88,+0002.53,-0001.07,-0008.88
+1580687685.92,-0006.84,-0001.95,-0003.91,+0000.54,+0000.69,-0010.72
+1580687685.93,-0009.77,+0000.00,-0001.95,+0000.08,-0008.19,-0004.59
+1580687685.93,+0004.88,-0001.95,-0001.95,+0001.07,+0006.28,-0009.57
+1580687685.94,-0009.77,-0001.95,-0002.93,+0000.92,+0002.76,-0014.85
+1580687685.94,-0007.81,+0000.98,-0001.95,-0002.14,-0007.96,-0010.49
+1580687685.95,+0010.74,-0000.98,-0002.93,-0001.91,+0003.90,-0012.25
+1580687685.95,-0002.93,-0002.93,-0002.93,+0002.45,-0002.60,-0008.80
+1580687685.96,-0000.98,+0001.95,-0001.95,+0000.15,-0002.83,-0006.74
+1580687685.96,-0001.95,-0000.98,-0001.95,+0001.61,-0002.91,-0010.49
+1580687685.97,+0002.93,-0001.95,-0000.98,+0001.99,-0002.14,-0005.82
+1580687685.97,+0006.84,-0000.98,-0000.98,-0001.07,+0006.35,-0014.32
+1580687685.98,-0000.98,-0001.95,+0000.98,+0000.31,-0003.22,-0013.40
+1580687685.98,+0016.60,-0002.93,-0001.95,+0004.52,+0025.65,-0049.15
+1580687685.99,-0049.80,-0004.88,-0005.86,-0014.78,-0013.09,-0004.82
+1580687685.99,+0005.86,+0003.91,+0000.00,+0024.65,+0001.15,-0025.11
+1580687686.00,+0018.55,-0006.84,-0000.98,+0012.25,+0010.80,-0015.54
+1580687686.00,-0010.74,-0008.79,+0000.98,+0007.89,-0001.68,-0001.99
+1580687686.01,-0011.72,+0008.79,+0001.95,-0002.68,-0002.14,-0013.17
+1580687686.01,+0000.98,-0006.84,+0000.98,-0001.84,-0001.45,-0007.89
+1580687686.02,+0004.88,-0007.81,-0000.98,-0001.53,+0002.37,-0006.51
+1580687686.02,-0003.91,+0000.00,-0000.98,+0001.68,-0002.22,-0006.05
+1580687686.03,-0003.91,-0000.98,-0000.98,-0002.30,+0001.23,-0009.26
+1580687686.03,+0002.93,-0004.88,-0000.98,+0000.00,-0004.59,-0005.67
+1580687686.04,+0008.79,-0001.95,-0000.98,+0002.83,+0004.98,-0010.64
+1580687686.04,-0004.88,-0000.98,+0000.00,-0001.76,-0002.37,-0007.66
+1580687686.05,-0000.98,+0000.00,+0000.98,+0000.54,+0000.23,-0008.42
+1580687686.05,+0004.88,-0002.93,+0000.98,+0001.45,+0000.54,-0006.28
+1580687686.06,+0000.00,+0000.00,+0000.00,+0002.07,+0002.99,-0011.25
+1580687686.06,-0006.84,+0000.98,+0000.00,-0003.98,-0000.54,-0007.89
+1580687686.07,-0005.86,+0000.98,+0000.98,-0001.91,+0001.45,-0013.78
+1580687686.07,-0007.81,-0000.98,+0000.98,+0002.76,+0001.53,-0011.64
+1580687686.08,-0003.91,+0001.95,+0000.98,-0000.38,-0001.45,-0007.73
+1580687686.08,-0004.88,+0000.00,+0000.98,-0002.14,+0004.13,-0007.04
+1580687686.09,-0013.67,+0000.98,+0000.98,-0002.22,-0000.84,-0009.65
+1580687686.09,-0006.84,+0000.00,+0000.98,+0004.13,+0001.30,-0012.25
+1580687686.10,-0003.91,-0000.98,+0000.00,-0005.82,-0001.61,-0007.96
+1580687686.10,-0004.88,-0002.93,-0000.98,-0000.61,+0000.08,-0007.96
+1580687686.11,-0007.81,-0002.93,-0001.95,-0001.53,-0000.08,-0012.86
+1580687686.11,-0005.86,-0003.91,-0002.93,+0000.15,-0004.36,-0010.26
+1580687686.12,+0000.98,-0006.84,-0003.91,-0003.98,+0002.30,-0013.86
+1580687686.12,-0000.98,-0005.86,-0003.91,-0001.91,-0000.69,-0008.58
+1580687686.13,-0002.93,-0005.86,-0004.88,-0001.45,+0000.15,-0010.49
+1580687686.13,-0000.98,-0008.79,-0005.86,-0002.53,-0001.53,-0009.57
+1580687686.14,+0000.98,-0008.79,-0006.84,-0002.76,-0000.54,-0009.11
+1580687686.14,+0001.95,-0008.79,-0007.81,-0001.07,+0000.92,-0010.03
+1580687686.15,-0000.98,-0009.77,-0008.79,-0004.36,-0001.23,-0009.03
+1580687686.15,+0000.98,-0010.74,-0010.74,-0001.15,+0001.45,-0012.94
+1580687686.16,+0003.91,-0011.72,-0011.72,-0000.69,+0001.15,-0009.34
+1580687686.16,+0003.91,-0011.72,-0012.70,-0000.08,+0000.38,-0011.48
+1580687686.17,+0000.00,-0011.72,-0012.70,-0003.90,+0001.61,-0013.02
+1580687686.17,+0001.95,-0009.77,-0012.70,+0002.53,-0002.30,-0013.55
+1580687686.18,+0007.81,-0012.70,-0012.70,+0000.84,+0000.15,-0005.59
+1580687686.18,+0004.88,-0010.74,-0012.70,-0002.22,+0006.35,-0013.02
+1580687686.19,-0005.86,-0009.77,-0012.70,-0001.23,-0002.45,-0011.25
+1580687686.19,+0004.88,-0008.79,-0012.70,-0000.38,+0001.84,-0011.87
+1580687686.20,+0003.91,-0011.72,-0013.67,-0001.53,+0002.30,-0008.88
+1580687686.20,-0001.95,-0008.79,-0013.67,+0002.76,+0001.07,-0008.96
+1580687686.21,-0003.91,-0008.79,-0012.70,-0003.98,+0000.23,-0010.87
+1580687686.21,+0001.95,-0009.77,-0012.70,-0001.45,-0000.15,-0004.44
+1580687686.22,+0000.98,-0009.77,-0012.70,-0000.46,+0002.60,-0003.29
+1580687686.22,-0009.77,-0007.81,-0012.70,+0000.77,+0000.84,-0002.68
+1580687686.23,-0009.77,-0007.81,-0011.72,+0001.99,+0001.53,-0012.63
+1580687686.23,-0002.93,-0008.79,-0011.72,-0000.46,+0001.30,-0018.60
+1580687686.24,-0001.95,-0006.84,-0010.74,+0001.61,-0001.07,-0018.45
+1580687686.24,-0004.88,-0003.91,-0008.79,-0000.15,-0000.15,-0014.70
+1580687686.25,-0005.86,-0005.86,-0009.77,+0000.54,-0003.22,-0012.48
+1580687686.25,-0000.98,-0004.88,-0009.77,-0001.30,-0001.38,-0013.48
+1580687686.26,+0005.86,-0003.91,-0008.79,-0000.77,-0003.22,-0004.44
+1580687686.26,+0003.91,-0003.91,-0009.77,-0000.69,-0001.00,-0010.11
+1580687686.27,-0002.93,-0003.91,-0009.77,-0000.08,-0004.52,-0004.67
+1580687686.27,+0007.81,-0003.91,-0009.77,+0000.77,-0005.36,-0006.97
+1580687686.28,+0006.84,-0004.88,-0009.77,-0001.15,+0004.75,-0009.65
+1580687686.28,-0000.98,-0002.93,-0008.79,-0002.07,-0003.75,-0008.12
+1580687686.29,+0006.84,-0000.98,-0007.81,+0003.22,+0003.37,-0016.31
+1580687686.29,+0001.95,-0003.91,-0006.84,-0003.37,-0005.51,-0008.80
+1580687686.30,+0006.84,+0000.00,-0007.81,-0004.90,+0001.15,-0007.73
+1580687686.30,-0000.98,-0001.95,-0006.84,+0002.53,+0002.60,-0015.54
+1580687686.31,+0000.00,+0000.00,-0005.86,-0002.53,-0006.81,-0004.21
+1580687686.31,+0005.86,+0000.00,-0004.88,+0001.30,+0005.74,-0015.77
+1580687686.32,-0005.86,+0000.98,-0004.88,-0001.61,-0008.73,-0006.89
+1580687686.32,+0010.74,+0001.95,-0003.91,+0002.83,+0001.99,-0008.58
+1580687686.33,-0001.95,+0000.00,-0004.88,-0003.60,+0004.67,-0015.62
+1580687686.33,-0003.91,+0000.98,-0003.91,+0001.68,-0001.84,-0014.93
+1580687686.34,+0009.77,+0002.93,-0003.91,-0004.13,-0002.91,-0007.20
+1580687686.34,+0010.74,-0000.98,-0003.91,+0005.51,-0000.46,-0001.53
+1580687686.35,-0001.95,+0002.93,-0004.88,-0002.45,+0001.15,-0009.19
+1580687686.35,-0000.98,+0000.98,-0004.88,+0002.91,-0004.21,-0010.72
+1580687686.36,+0012.70,-0001.95,-0004.88,-0004.52,+0000.00,-0011.87
+1580687686.36,+0004.88,-0001.95,-0005.86,+0003.83,+0002.37,-0010.72
+1580687686.37,-0002.93,+0001.95,-0004.88,+0000.00,-0008.27,-0007.96
+1580687686.37,+0012.70,-0001.95,-0004.88,-0000.92,+0003.52,-0010.26
+1580687686.38,+0010.74,-0002.93,-0005.86,-0005.44,-0001.53,-0001.53
+1580687686.38,+0003.91,-0001.95,-0005.86,-0000.61,+0002.14,-0002.45
+1580687686.39,-0006.84,-0000.98,-0006.84,-0006.66,-0007.35,-0009.49
+1580687686.39,+0016.60,-0004.88,-0005.86,+0007.66,-0002.68,-0005.21
+1580687686.40,+0009.77,-0004.88,-0006.84,-0009.34,+0009.49,-0015.85
+1580687686.40,-0011.72,-0003.91,-0006.84,-0000.69,-0005.82,-0010.87
+1580687686.41,+0005.86,-0002.93,-0006.84,-0002.83,+0003.52,-0018.45
+1580687686.41,+0008.79,-0008.79,-0006.84,+0003.14,-0002.83,-0006.97
+1580687686.42,+0012.70,-0003.91,-0006.84,+0001.07,+0001.07,-0011.25
+1580687686.42,+0020.51,-0008.79,-0006.84,-0000.08,+0017.00,-0009.88
+1580687686.43,-0022.46,-0007.81,-0009.77,-0004.82,+0002.83,-0024.65
+1580687686.43,-0016.60,-0008.79,-0007.81,+0003.29,-0010.80,-0017.69
+1580687686.44,+0026.37,-0005.86,-0007.81,-0004.52,+0011.18,-0012.94
+1580687686.44,+0003.91,-0015.62,-0005.86,+0011.18,-0001.23,-0011.79
+1580687686.45,-0010.74,-0001.95,-0003.91,-0005.90,-0004.29,-0003.90
+1580687686.45,-0005.86,-0008.79,-0004.88,-0001.91,+0006.51,-0014.01
+1580687686.46,-0000.98,-0013.67,-0005.86,+0001.23,+0000.69,+0000.69
+1580687686.46,+0005.86,-0008.79,-0005.86,+0003.29,+0003.98,-0005.51
+1580687686.47,-0004.88,-0008.79,-0004.88,-0003.75,-0005.36,+0000.15
+1580687686.47,-0005.86,-0009.77,-0004.88,-0004.44,-0002.68,-0015.47
+1580687686.48,-0002.93,-0013.67,-0004.88,+0001.61,-0001.68,-0014.24
+1580687686.48,+0007.81,-0009.77,-0004.88,+0003.06,+0001.00,-0015.62
+1580687686.49,+0008.79,-0011.72,-0004.88,-0005.59,-0005.21,-0009.65
+1580687686.49,+0000.98,-0009.77,-0004.88,-0005.51,+0002.76,-0018.91
+1580687686.50,-0007.81,-0012.70,-0003.91,+0005.97,-0004.29,-0023.58
+1580687686.50,+0016.60,-0009.77,-0000.98,-0001.07,-0009.80,-0002.99
+1580687686.51,+0015.62,-0011.72,-0001.95,-0000.84,+0002.30,-0015.47
+1580687686.51,-0008.79,-0009.77,+0000.98,-0000.92,-0010.11,-0004.29
+1580687686.52,+0016.60,-0007.81,+0001.95,+0002.53,+0003.06,-0010.26
+1580687686.52,+0008.79,-0015.62,+0000.98,-0006.58,+0002.14,-0013.70
+1580687686.53,+0007.81,-0008.79,+0000.98,-0000.15,+0004.98,-0010.41
+1580687686.53,+0004.88,-0008.79,+0000.98,-0000.46,-0002.14,-0015.54
+1580687686.54,+0010.74,-0012.70,+0002.93,+0003.98,-0007.20,+0000.92
+1580687686.54,+0014.65,-0011.72,+0002.93,+0001.68,+0002.22,-0014.70
+1580687686.55,-0006.84,-0010.74,+0003.91,+0001.00,-0005.82,-0005.05
+1580687686.55,+0008.79,-0008.79,+0004.88,+0000.84,+0001.68,-0008.88
+1580687686.56,+0004.88,-0013.67,+0004.88,+0000.00,+0003.29,-0014.47
+1580687686.56,-0001.95,-0009.77,+0005.86,+0005.51,+0003.45,-0009.72
+1580687686.57,-0003.91,-0007.81,+0007.81,-0001.15,+0000.23,-0009.65
+1580687686.57,-0002.93,-0012.70,+0006.84,+0000.54,-0001.00,-0005.90
+1580687686.58,-0000.98,-0011.72,+0006.84,-0001.45,+0005.97,-0010.49
+1580687686.58,-0016.60,-0010.74,+0005.86,+0001.15,-0000.08,-0011.18
+1580687686.59,-0011.72,-0009.77,+0005.86,-0003.68,-0001.38,-0006.20
+1580687686.59,-0007.81,-0009.77,+0005.86,+0005.21,+0003.52,-0013.70
+1580687686.60,-0017.58,-0010.74,+0006.84,+0008.12,+0001.15,-0006.51
+1580687686.60,-0016.60,-0005.86,+0006.84,-0006.97,+0000.08,-0009.11
+1580687686.61,-0014.65,-0009.77,+0006.84,+0002.76,-0001.45,-0007.20
+1580687686.61,-0017.58,-0008.79,+0005.86,-0000.31,+0001.76,-0012.25
+1580687686.62,-0025.39,-0006.84,+0006.84,+0000.46,-0004.36,+0001.15
+1580687686.62,-0016.60,-0004.88,+0006.84,+0000.23,+0004.52,-0011.71
+1580687686.63,-0016.60,-0008.79,+0007.81,-0001.00,+0000.77,-0014.70
+1580687686.63,-0006.84,-0004.88,+0006.84,-0001.00,+0005.74,-0028.63
+1580687686.64,-0019.53,-0003.91,+0006.84,-0003.06,-0006.35,-0019.98
+1580687686.64,-0001.95,-0002.93,+0007.81,+0005.74,-0005.59,-0015.08
+1580687686.65,+0007.81,-0004.88,+0007.81,+0003.29,-0005.44,+0000.46
+1580687686.65,+0007.81,-0002.93,+0007.81,-0000.84,+0001.07,-0003.45
+1580687686.66,+0000.00,-0000.98,+0007.81,-0000.92,-0002.22,-0005.59
+1580687686.66,+0001.95,-0002.93,+0007.81,+0003.37,-0002.91,-0008.96
+1580687686.67,+0011.72,-0001.95,+0008.79,+0001.53,-0002.91,-0011.10
+1580687686.67,+0011.72,-0001.95,+0011.72,+0003.37,+0000.84,-0007.66
+1580687686.68,+0006.84,+0000.00,+0012.70,-0001.68,+0001.99,-0012.02
+1580687686.68,+0004.88,+0000.98,+0011.72,+0003.14,-0001.99,-0008.19
+1580687686.69,+0000.98,+0000.98,+0011.72,-0000.54,-0000.15,-0014.62
+1580687686.69,+0006.84,+0000.98,+0013.67,+0004.98,-0002.91,-0006.74
+1580687686.70,+0007.81,+0002.93,+0015.62,+0000.46,+0007.89,-0010.64
+1580687686.70,-0009.77,+0002.93,+0015.62,+0000.69,-0001.99,-0007.58
+1580687686.71,-0000.98,+0004.88,+0015.62,+0000.00,+0000.23,-0004.98
+1580687686.71,+0001.95,+0001.95,+0014.65,-0001.76,+0005.67,-0005.51
+1580687686.72,-0014.65,+0003.91,+0013.67,+0003.45,+0003.90,-0007.96
+1580687686.72,-0009.77,+0005.86,+0013.67,+0003.83,+0003.83,-0013.02
+1580687686.73,-0007.81,+0003.91,+0013.67,-0002.53,-0000.54,-0009.57
+1580687686.73,-0004.88,+0002.93,+0012.70,+0003.29,+0001.45,-0004.13
+1580687686.74,-0021.48,+0006.84,+0011.72,-0001.61,-0002.30,-0016.15
+1580687686.74,-0018.55,+0006.84,+0012.70,+0004.06,-0003.22,-0007.04
+1580687686.75,-0000.98,+0006.84,+0011.72,-0003.45,+0003.75,-0010.64
+1580687686.75,-0017.58,+0005.86,+0011.72,+0000.23,+0003.29,-0012.02
+1580687686.76,-0011.72,+0009.77,+0010.74,-0001.15,+0002.53,-0011.18
+1580687686.76,-0008.79,+0006.84,+0010.74,-0002.30,-0003.14,-0010.57
+1580687686.77,-0003.91,+0005.86,+0008.79,-0001.30,-0002.83,-0003.14
+1580687686.77,-0007.81,+0009.77,+0008.79,-0002.76,-0003.14,-0012.25
+1580687686.78,-0007.81,+0008.79,+0007.81,+0000.92,-0004.06,-0010.11
+1580687686.78,+0010.74,+0008.79,+0007.81,-0005.13,-0002.45,-0008.42
+1580687686.79,+0000.00,+0006.84,+0006.84,+0001.45,+0001.76,-0016.46
+1580687686.79,-0001.95,+0009.77,+0006.84,+0001.38,-0004.36,-0013.17
+1580687686.80,+0009.77,+0008.79,+0006.84,-0003.98,-0000.77,-0010.95
+1580687686.80,+0009.77,+0006.84,+0005.86,-0000.38,+0000.69,-0008.65
+1580687686.81,+0002.93,+0008.79,+0005.86,-0001.68,-0001.23,-0011.18
+1580687686.81,+0007.81,+0007.81,+0005.86,-0001.00,+0000.92,-0010.49
+1580687686.82,+0009.77,+0006.84,+0004.88,-0000.54,+0002.99,-0017.61
+1580687686.82,+0029.30,+0004.88,+0006.84,-0003.22,-0016.84,+0011.48
+1580687686.83,+0009.77,+0005.86,+0003.91,-0007.96,+0011.87,-0034.61
+1580687686.83,-0040.04,+0002.93,+0003.91,+0005.74,-0012.48,-0010.49
+1580687686.84,+0015.62,+0014.65,+0002.93,+0006.66,+0002.76,-0027.26
+1580687686.84,+0020.51,-0005.86,+0000.98,+0009.26,+0005.28,+0001.76
+1580687686.85,-0001.95,+0006.84,+0001.95,-0001.00,+0006.89,-0012.48
+1580687686.85,-0020.51,+0009.77,+0002.93,-0005.05,-0004.98,-0009.11
+1580687686.86,+0001.95,+0002.93,+0002.93,+0003.37,-0002.68,-0009.11
+1580687686.86,+0011.72,-0000.98,+0000.98,+0000.61,+0002.91,-0004.75
+1580687686.87,-0009.77,+0003.91,-0001.95,-0001.61,+0001.23,-0004.06
+1580687686.87,-0013.67,+0003.91,-0002.93,-0004.59,-0001.53,-0011.71
+1580687686.88,+0000.00,-0000.98,-0003.91,-0001.91,-0001.00,-0008.19
+1580687686.88,+0005.86,-0001.95,-0003.91,+0001.07,+0000.69,-0008.19
+1580687686.89,-0005.86,+0001.95,-0005.86,-0001.61,-0002.14,-0010.11
+1580687686.89,-0009.77,+0000.00,-0006.84,-0001.76,+0001.00,-0015.24
+1580687686.90,+0000.98,-0001.95,-0007.81,-0000.38,-0002.83,-0014.39
+1580687686.90,+0007.81,-0000.98,-0007.81,+0001.99,-0000.69,-0013.70
+1580687686.91,+0003.91,+0000.00,-0007.81,-0002.37,-0003.52,-0007.27
+1580687686.91,-0000.98,+0000.00,-0008.79,-0004.06,-0003.52,-0005.44
+1580687686.92,+0001.95,-0002.93,-0009.77,-0001.15,-0002.99,-0005.59
+1580687686.92,+0006.84,-0002.93,-0010.74,-0001.23,-0000.31,-0006.81
+1580687686.93,+0000.98,-0003.91,-0011.72,-0002.14,-0000.84,-0008.19
+1580687686.93,-0000.98,-0001.95,-0010.74,-0006.35,-0003.45,-0010.41
+1580687686.94,+0003.91,-0005.86,-0010.74,+0002.53,-0000.77,-0008.73
+1580687686.94,+0000.98,-0004.88,-0010.74,-0001.99,+0004.90,-0012.40
+1580687686.95,-0003.91,-0004.88,-0010.74,-0000.54,-0003.45,-0010.49
+1580687686.95,+0009.77,-0006.84,-0009.77,-0002.99,-0000.31,-0011.03
+1580687686.96,+0004.88,-0010.74,-0010.74,-0001.45,+0001.23,-0010.34
+1580687686.96,-0005.86,-0007.81,-0010.74,-0000.54,+0000.00,-0011.64
+1580687686.97,+0002.93,-0009.77,-0011.72,+0001.45,-0000.61,-0008.80
+1580687686.97,+0008.79,-0012.70,-0011.72,-0003.52,-0003.06,-0003.52
+1580687686.98,+0003.91,-0013.67,-0013.67,+0001.76,+0003.68,-0004.52
+1580687686.98,-0009.77,-0012.70,-0012.70,-0001.99,-0001.99,-0022.20
+1580687686.99,+0000.00,-0014.65,-0011.72,+0001.84,-0006.28,-0014.09
+1580687686.99,+0018.55,-0017.58,-0012.70,-0003.60,+0002.91,-0009.88
+1580687687.00,-0000.98,-0017.58,-0014.65,+0002.37,+0003.06,-0013.93
+1580687687.00,-0003.91,-0016.60,-0014.65,+0003.52,-0001.38,-0011.79
+1580687687.01,+0006.84,-0019.53,-0015.62,-0006.51,-0001.53,-0012.63
+1580687687.01,+0010.74,-0023.44,-0014.65,+0003.52,-0003.68,-0005.13
+1580687687.02,+0007.81,-0019.53,-0014.65,-0000.38,+0001.23,-0011.33
+1580687687.02,-0007.81,-0020.51,-0014.65,-0001.76,-0003.68,-0010.03
+1580687687.03,+0007.81,-0022.46,-0013.67,+0001.38,-0003.22,-0011.94
+1580687687.03,+0010.74,-0023.44,-0012.70,-0002.76,+0005.44,-0013.40
+1580687687.04,+0001.95,-0020.51,-0011.72,-0001.53,+0000.61,-0011.64
+1580687687.04,+0002.93,-0020.51,-0010.74,+0001.07,-0002.37,-0011.79
+1580687687.05,+0006.84,-0023.44,-0009.77,+0001.07,+0000.46,-0008.12
+1580687687.05,+0005.86,-0021.48,-0008.79,+0000.84,-0001.45,-0003.75
+1580687687.06,+0004.88,-0019.53,-0006.84,+0001.99,+0000.61,-0006.05
+1580687687.06,+0004.88,-0020.51,-0004.88,+0001.84,-0003.22,-0002.83
+1580687687.07,+0004.88,-0021.48,-0003.91,+0000.69,+0002.37,-0006.74
+1580687687.07,-0003.91,-0019.53,-0001.95,-0001.07,-0004.13,-0010.03
+1580687687.08,+0001.95,-0018.55,-0000.98,+0008.58,+0001.45,-0012.94
+1580687687.08,+0000.98,-0018.55,+0001.95,-0003.83,+0001.38,-0012.48
+1580687687.09,-0008.79,-0016.60,+0004.88,+0000.00,-0000.46,-0006.05
+1580687687.09,-0007.81,-0015.62,+0005.86,+0001.15,+0001.68,-0009.42
+1580687687.10,-0011.72,-0016.60,+0006.84,+0002.37,+0003.60,-0010.57
+1580687687.10,-0014.65,-0014.65,+0008.79,+0001.23,-0001.38,-0008.73
+1580687687.11,-0008.79,-0013.67,+0011.72,+0000.08,+0003.83,-0007.12
+1580687687.11,-0015.62,-0015.62,+0012.70,+0002.99,+0003.29,-0015.54
+1580687687.12,-0012.70,-0013.67,+0012.70,+0002.99,-0004.82,-0016.84
+1580687687.12,-0000.98,-0013.67,+0013.67,+0000.46,-0005.21,-0018.30
+1580687687.13,+0000.00,-0015.62,+0014.65,+0005.67,+0001.45,-0023.35
+1580687687.13,-0009.77,-0011.72,+0015.62,-0003.37,-0008.42,-0014.78
+1580687687.14,+0010.74,-0010.74,+0016.60,+0006.58,-0002.22,-0008.19
+1580687687.14,+0002.93,-0012.70,+0016.60,+0001.61,-0008.58,+0001.45
+1580687687.15,+0010.74,-0011.72,+0018.55,+0005.90,+0000.61,-0002.45
+1580687687.15,+0000.00,-0009.77,+0018.55,-0003.45,+0003.29,-0013.86
+1580687687.16,+0000.98,-0010.74,+0019.53,+0005.90,-0005.36,-0007.12
+1580687687.16,+0017.58,-0009.77,+0020.51,-0000.61,+0003.75,-0016.92
+1580687687.17,+0003.91,-0009.77,+0022.46,+0004.06,-0001.23,-0009.80
+1580687687.17,+0005.86,-0003.91,+0024.41,+0001.91,-0000.84,-0014.01
+1580687687.18,+0018.55,-0009.77,+0024.41,+0005.74,+0013.55,-0017.00
+1580687687.18,-0007.81,-0006.84,+0023.44,-0005.28,-0001.07,-0012.33
+1580687687.19,+0002.93,-0004.88,+0024.41,+0005.13,-0007.12,-0001.76
+1580687687.19,+0005.86,-0003.91,+0023.44,+0001.76,+0012.56,-0021.74
+1580687687.20,-0006.84,-0006.84,+0024.41,+0009.88,-0006.74,-0007.27
+1580687687.20,+0010.74,+0000.98,+0025.39,-0007.04,+0005.28,-0012.02
+1580687687.21,-0004.88,-0006.84,+0024.41,+0004.29,+0002.76,-0011.94
+1580687687.21,+0000.00,-0001.95,+0024.41,-0002.22,+0007.27,-0012.17
+1580687687.22,-0004.88,-0002.93,+0022.46,+0001.30,-0003.60,-0007.50
+1580687687.22,+0001.95,-0002.93,+0021.48,-0002.91,-0002.91,-0004.21
+1580687687.23,+0003.91,-0003.91,+0021.48,-0000.92,+0001.61,-0004.13
+1580687687.23,-0013.67,-0001.95,+0020.51,+0003.37,-0001.15,-0011.18
+1580687687.24,-0007.81,+0000.00,+0020.51,-0005.51,-0002.68,-0012.71
+1580687687.24,+0004.88,-0001.95,+0019.53,+0001.15,-0000.23,-0015.77
+1580687687.25,+0000.98,-0000.98,+0020.51,+0002.76,+0000.84,-0008.50
+1580687687.25,-0005.86,+0003.91,+0020.51,-0002.37,-0001.15,-0010.41
+1580687687.26,-0004.88,+0001.95,+0019.53,-0001.91,-0003.83,-0007.43
+1580687687.26,+0003.91,+0000.98,+0018.55,+0000.54,+0001.15,-0007.35
+1580687687.27,+0001.95,+0002.93,+0017.58,+0000.46,-0001.07,-0006.81
+1580687687.27,-0000.98,+0005.86,+0018.55,-0002.76,+0000.69,-0007.27
+1580687687.28,-0005.86,+0004.88,+0018.55,+0001.15,+0002.37,-0015.01
+1580687687.28,+0000.00,+0006.84,+0017.58,+0000.31,-0003.68,-0005.82
+1580687687.29,+0012.70,+0006.84,+0017.58,+0003.90,+0005.59,-0013.63
+1580687687.29,-0002.93,+0007.81,+0018.55,-0001.00,-0001.68,-0010.72
+1580687687.30,+0008.79,+0009.77,+0019.53,+0002.14,-0006.43,-0006.74
+1580687687.30,+0008.79,+0008.79,+0018.55,-0001.00,-0000.77,-0018.60
+1580687687.31,+0013.67,+0009.77,+0018.55,+0002.53,-0014.16,+0013.02
+1580687687.31,+0015.62,+0010.74,+0017.58,-0001.53,+0018.22,-0016.61
+1580687687.32,-0027.34,+0011.72,+0017.58,+0004.90,-0010.95,-0013.40
+1580687687.32,+0016.60,+0017.58,+0018.55,+0000.46,-0003.90,-0008.73
+1580687687.33,+0023.44,+0008.79,+0018.55,-0004.29,+0015.93,-0014.70
+1580687687.33,-0025.39,+0014.65,+0018.55,+0005.44,+0007.35,-0012.63
+1580687687.34,-0007.81,+0020.51,+0020.51,+0000.46,-0003.90,-0013.93
+1580687687.34,+0012.70,+0012.70,+0018.55,-0005.59,+0006.66,-0009.26
+1580687687.35,+0000.98,+0010.74,+0016.60,+0002.91,+0000.69,+0000.77
+1580687687.35,-0005.86,+0017.58,+0015.62,-0003.83,+0001.23,-0014.32
+1580687687.36,-0010.74,+0014.65,+0015.62,-0003.45,-0007.12,-0006.74
+1580687687.36,+0013.67,+0011.72,+0013.67,+0002.45,-0000.61,-0008.58
+1580687687.37,+0004.88,+0012.70,+0012.70,-0005.97,+0004.75,-0012.10
+1580687687.37,-0003.91,+0016.60,+0012.70,-0005.67,-0005.28,-0005.51
+1580687687.38,+0009.77,+0013.67,+0011.72,-0000.46,+0004.75,-0017.76
+1580687687.38,+0000.98,+0011.72,+0010.74,-0001.23,-0005.67,-0013.09
+1580687687.39,+0008.79,+0015.62,+0010.74,-0000.84,+0000.69,-0013.55
+1580687687.39,+0002.93,+0013.67,+0010.74,-0005.05,-0000.77,-0010.57
+1580687687.40,+0002.93,+0013.67,+0010.74,+0003.29,-0000.69,-0003.22
+1580687687.40,+0000.98,+0013.67,+0008.79,-0003.68,+0001.38,-0009.03
+1580687687.41,-0000.98,+0012.70,+0007.81,-0000.77,-0002.14,-0002.45
+1580687687.41,+0006.84,+0011.72,+0007.81,+0001.07,+0004.13,-0010.64
+1580687687.42,-0007.81,+0011.72,+0007.81,+0001.61,+0001.76,-0015.85
+1580687687.42,-0002.93,+0013.67,+0007.81,-0002.60,+0000.46,-0012.94
+1580687687.43,+0001.95,+0011.72,+0007.81,-0001.76,+0002.68,-0014.93
+1580687687.43,-0008.79,+0011.72,+0007.81,+0000.00,-0001.76,-0005.28
+1580687687.44,-0005.86,+0014.65,+0005.86,+0001.23,+0000.31,-0009.11
+1580687687.44,-0005.86,+0009.77,+0005.86,+0001.45,-0000.69,-0003.45
+1580687687.45,-0002.93,+0010.74,+0005.86,-0000.46,+0000.31,-0006.35
+1580687687.45,-0005.86,+0011.72,+0005.86,-0002.37,-0002.37,-0007.20
+1580687687.46,-0001.95,+0011.72,+0005.86,-0003.45,+0002.14,-0011.48
+1580687687.46,-0004.88,+0009.77,+0005.86,+0003.14,-0003.52,-0013.86
+1580687687.47,-0000.98,+0013.67,+0005.86,-0000.84,-0003.22,-0009.19
+1580687687.47,-0000.98,+0012.70,+0005.86,+0001.07,+0003.06,-0014.01
+1580687687.48,-0003.91,+0012.70,+0006.84,+0002.99,-0002.45,-0007.73
+1580687687.48,-0000.98,+0014.65,+0007.81,+0000.61,+0002.53,-0012.10
+1580687687.49,-0002.93,+0013.67,+0008.79,+0001.45,-0002.60,-0006.89
+1580687687.49,-0003.91,+0013.67,+0008.79,+0000.46,+0000.31,-0011.18
+1580687687.50,-0004.88,+0013.67,+0009.77,+0001.00,-0001.07,-0008.65
+1580687687.50,-0005.86,+0015.62,+0010.74,+0002.14,+0005.21,-0008.88
+1580687687.51,-0012.70,+0014.65,+0010.74,-0002.45,-0001.61,-0000.77
+1580687687.51,-0007.81,+0014.65,+0010.74,-0001.99,+0003.75,-0019.60
+1580687687.52,-0003.91,+0011.72,+0010.74,+0005.21,-0001.84,-0022.51
+1580687687.52,-0002.93,+0014.65,+0012.70,+0000.77,-0000.15,-0017.61
+1580687687.53,-0003.91,+0014.65,+0013.67,+0002.68,-0006.28,-0010.72
+1580687687.53,+0000.98,+0015.62,+0014.65,-0000.77,+0003.22,-0010.57
+1580687687.54,-0000.98,+0015.62,+0014.65,+0001.45,-0002.14,-0009.88
+1580687687.54,+0007.81,+0015.62,+0014.65,-0000.15,-0006.12,-0003.45
+1580687687.55,+0007.81,+0015.62,+0014.65,-0001.68,+0000.08,-0004.21
+1580687687.55,+0000.00,+0014.65,+0014.65,+0002.30,-0001.68,-0002.68
+1580687687.56,+0000.00,+0015.62,+0014.65,+0001.76,+0001.23,-0008.58
+1580687687.56,+0000.98,+0014.65,+0014.65,+0001.15,-0000.54,-0009.80
+1580687687.57,+0004.88,+0016.60,+0015.62,+0004.13,+0001.68,-0012.40
+1580687687.57,+0000.98,+0017.58,+0016.60,+0002.53,-0000.69,-0007.43
+1580687687.58,+0001.95,+0017.58,+0017.58,+0003.14,+0000.23,-0004.21
+1580687687.58,-0008.79,+0018.55,+0016.60,+0000.46,-0002.83,-0009.11
+1580687687.59,-0003.91,+0019.53,+0016.60,+0002.22,+0000.84,-0007.43
+1580687687.59,-0002.93,+0020.51,+0017.58,-0001.38,+0004.36,-0011.64
+1580687687.60,-0014.65,+0021.48,+0017.58,+0001.68,+0002.22,-0010.18
+1580687687.60,-0008.79,+0023.44,+0017.58,-0001.15,-0003.90,-0003.06
+1580687687.61,-0001.95,+0020.51,+0016.60,+0001.30,+0005.90,-0008.12
+1580687687.61,-0019.53,+0022.46,+0015.62,-0000.77,+0001.23,-0008.19
+1580687687.62,-0010.74,+0023.44,+0014.65,+0002.37,+0004.29,-0015.47
+1580687687.62,-0014.65,+0021.48,+0014.65,-0001.68,+0001.45,-0013.25
+1580687687.63,-0014.65,+0022.46,+0015.62,+0005.90,-0002.91,-0011.41
+1580687687.63,-0010.74,+0025.39,+0015.62,-0002.53,+0001.07,-0012.48
+1580687687.64,-0014.65,+0022.46,+0016.60,+0001.23,-0004.90,-0010.64
+1580687687.64,-0004.88,+0023.44,+0015.62,-0001.76,-0000.92,-0010.64
+1580687687.65,-0005.86,+0022.46,+0014.65,+0001.45,-0001.30,-0008.58
+1580687687.65,-0006.84,+0022.46,+0013.67,+0000.69,-0000.08,-0007.73
+1580687687.66,-0007.81,+0022.46,+0011.72,-0000.31,-0001.91,-0008.88
+1580687687.66,-0005.86,+0021.48,+0011.72,+0002.14,+0000.92,-0009.42
+1580687687.67,-0005.86,+0022.46,+0011.72,+0002.68,+0001.00,-0012.25
+1580687687.67,-0005.86,+0021.48,+0012.70,+0000.23,-0003.06,-0009.95
+1580687687.68,+0000.98,+0020.51,+0011.72,-0002.22,+0003.75,-0016.15
+1580687687.68,-0001.95,+0018.55,+0010.74,-0001.53,-0004.36,-0010.80
+1580687687.69,+0004.88,+0019.53,+0007.81,-0000.61,+0004.98,-0013.63
+1580687687.69,-0005.86,+0017.58,+0005.86,-0000.54,-0003.83,-0010.95
+1580687687.70,+0001.95,+0017.58,+0005.86,+0000.84,-0004.36,-0007.27
+1580687687.70,+0007.81,+0016.60,+0004.88,-0002.53,+0002.99,-0010.72
+1580687687.71,-0005.86,+0017.58,+0003.91,-0001.99,-0007.58,-0009.26
+1580687687.71,+0024.41,+0014.65,+0004.88,-0000.46,-0012.02,+0013.02
+1580687687.72,+0006.84,+0015.62,+0000.98,-0000.08,+0022.51,-0024.19
+1580687687.72,-0034.18,+0009.77,-0000.98,+0017.92,-0007.20,-0013.02
+1580687687.73,+0013.67,+0024.41,-0001.95,-0007.27,-0004.59,-0022.20
+1580687687.73,+0010.74,+0002.93,-0004.88,+0001.00,+0007.89,-0015.08
+1580687687.74,-0009.77,+0012.70,-0004.88,-0000.38,+0002.83,-0001.00
+1580687687.74,-0014.65,+0017.58,-0005.86,-0001.38,+0001.30,-0009.57
+1580687687.75,-0006.84,+0007.81,-0007.81,-0000.77,-0001.00,-0009.42
+1580687687.75,+0000.98,+0005.86,-0008.79,+0001.23,-0001.07,-0003.22
+1580687687.76,-0005.86,+0011.72,-0010.74,-0004.90,+0000.00,-0004.44
+1580687687.76,-0011.72,+0008.79,-0012.70,-0001.45,-0000.54,-0008.04
+1580687687.77,-0006.84,+0005.86,-0014.65,-0005.36,-0004.44,-0012.94
+1580687687.77,+0004.88,+0005.86,-0016.60,-0002.91,-0004.29,-0004.52
+1580687687.78,-0006.84,+0007.81,-0018.55,-0007.12,-0004.90,-0008.12
+1580687687.78,-0006.84,+0005.86,-0018.55,+0001.30,-0002.76,-0011.56
+1580687687.79,-0001.95,+0004.88,-0020.51,-0005.67,-0001.61,-0013.40
+1580687687.79,-0000.98,+0003.91,-0021.48,-0001.30,-0003.14,-0010.26
+1580687687.80,-0000.98,+0005.86,-0023.44,-0005.13,-0001.30,-0013.09
+1580687687.80,+0000.00,+0002.93,-0023.44,+0000.31,-0005.28,-0007.81
+1580687687.81,+0004.88,+0002.93,-0025.39,-0004.67,+0000.08,-0008.19
+1580687687.81,+0000.00,+0001.95,-0027.34,-0001.84,-0003.06,-0006.81
+1580687687.82,+0000.00,+0000.98,-0028.32,-0002.37,-0000.31,-0010.03
+1580687687.82,+0000.00,-0000.98,-0028.32,+0000.46,-0003.06,-0012.40
+1580687687.83,+0005.86,+0000.00,-0028.32,-0001.23,+0002.14,-0012.25
+1580687687.83,+0000.98,-0000.98,-0028.32,-0004.06,-0001.38,-0013.02
+1580687687.84,+0001.95,-0001.95,-0029.30,-0000.38,-0005.36,-0006.58
+1580687687.84,+0005.86,-0002.93,-0030.27,-0001.76,+0003.52,-0010.87
+1580687687.85,-0002.93,-0003.91,-0030.27,-0001.07,-0003.06,-0011.48
+1580687687.85,+0004.88,-0001.95,-0030.27,-0001.61,-0001.99,-0014.55
+1580687687.86,+0009.77,-0005.86,-0030.27,-0005.44,-0003.52,-0006.81
+1580687687.86,+0004.88,-0004.88,-0031.25,-0003.83,-0000.15,-0011.03
+1580687687.87,-0002.93,-0004.88,-0032.23,+0000.08,-0004.06,-0010.57
+1580687687.87,+0008.79,-0006.84,-0032.23,-0002.22,-0003.45,-0008.12
+1580687687.88,+0009.77,-0008.79,-0031.25,-0001.53,+0002.22,-0010.41
+1580687687.88,+0001.95,-0004.88,-0031.25,-0002.45,-0001.07,-0011.56
+1580687687.89,+0005.86,-0005.86,-0030.27,-0000.92,-0001.15,-0015.31
+1580687687.89,+0010.74,-0007.81,-0030.27,+0000.15,-0002.68,-0010.41
+1580687687.90,+0005.86,-0004.88,-0029.30,-0005.13,-0001.53,-0013.70
+1580687687.90,-0000.98,-0003.91,-0029.30,-0002.45,-0003.98,-0006.81
+1580687687.91,+0010.74,-0004.88,-0029.30,-0000.08,+0001.76,-0009.95
+1580687687.91,+0004.88,-0006.84,-0029.30,-0003.75,+0001.76,-0008.80
+1580687687.92,-0001.95,-0002.93,-0028.32,+0000.69,+0001.15,-0008.35
+1580687687.92,+0000.00,-0003.91,-0027.34,+0000.00,-0000.23,-0008.19
+1580687687.93,+0000.00,-0004.88,-0025.39,+0003.45,+0000.23,-0007.73
+1580687687.93,+0000.00,-0002.93,-0023.44,-0000.15,-0000.61,-0007.20
+1580687687.94,-0000.98,-0003.91,-0022.46,-0001.91,+0000.92,-0009.49
+1580687687.94,-0002.93,-0004.88,-0021.48,-0000.69,-0000.46,-0009.57
+1580687687.95,-0004.88,-0003.91,-0021.48,+0003.22,-0000.15,-0010.11
+1580687687.95,-0003.91,-0003.91,-0020.51,+0001.23,+0000.08,-0008.73
+1580687687.96,-0003.91,-0003.91,-0019.53,-0000.69,-0000.77,-0012.10
+1580687687.96,-0002.93,-0003.91,-0018.55,+0000.84,+0002.53,-0016.84
+1580687687.97,-0001.95,-0002.93,-0017.58,-0000.08,-0003.68,-0016.38
+1580687687.97,+0003.91,-0002.93,-0016.60,+0002.37,-0002.53,-0010.72
+1580687687.98,+0005.86,-0003.91,-0016.60,+0000.69,-0001.91,-0004.82
+1580687687.98,+0002.93,-0002.93,-0015.62,+0000.92,-0001.76,-0006.81
+1580687687.99,+0002.93,-0003.91,-0016.60,-0000.69,+0000.15,-0008.42
+1580687687.99,+0005.86,-0003.91,-0014.65,+0000.46,-0004.29,-0006.51
+1580687688.00,+0008.79,-0003.91,-0012.70,+0001.30,+0000.69,-0005.36
+1580687688.00,+0000.00,-0001.95,-0012.70,-0001.61,-0004.29,-0009.42
+1580687688.01,+0003.91,-0002.93,-0010.74,+0003.75,-0001.23,-0010.11
+1580687688.01,+0011.72,-0002.93,-0010.74,-0001.76,+0001.07,-0010.80
+1580687688.02,+0002.93,-0004.88,-0009.77,+0001.38,+0002.14,-0011.10
+1580687688.02,+0000.00,-0000.98,-0008.79,-0001.53,-0001.84,-0013.55
+1580687688.03,+0004.88,-0003.91,-0007.81,+0003.29,-0000.54,-0010.95
+1580687688.03,+0004.88,-0003.91,-0006.84,-0000.77,+0004.52,-0010.18
+1580687688.04,-0003.91,-0002.93,-0006.84,+0001.91,+0001.07,-0011.56
+1580687688.04,-0000.98,-0002.93,-0005.86,-0001.30,+0002.45,-0011.33
+1580687688.05,+0001.95,-0004.88,-0005.86,+0000.84,+0001.30,-0012.17
+1580687688.05,+0001.95,-0002.93,-0004.88,+0001.84,-0002.53,-0007.96
+1580687688.06,+0002.93,-0002.93,-0004.88,+0000.00,+0001.38,-0012.79
+1580687688.06,-0002.93,-0003.91,-0005.86,-0001.91,-0003.45,-0005.36
+1580687688.07,+0004.88,-0001.95,-0004.88,+0005.21,+0001.15,-0012.79
+1580687688.07,+0001.95,-0002.93,-0004.88,-0003.83,-0000.08,-0009.34
+1580687688.08,+0001.95,+0000.00,-0003.91,-0000.15,+0002.45,-0010.11
+1580687688.08,-0002.93,+0000.00,-0003.91,+0000.46,-0001.61,-0011.25
+1580687688.09,+0000.00,+0000.98,-0002.93,+0001.84,-0001.00,-0009.72
+1580687688.09,+0001.95,+0000.00,-0001.95,+0003.90,-0002.37,-0008.50
+1580687688.10,+0003.91,+0000.00,-0001.95,-0002.83,-0001.61,-0003.90
+1580687688.10,-0001.95,+0000.00,-0002.93,+0000.69,+0004.29,-0011.41
+1580687688.11,-0005.86,+0000.98,-0001.95,+0000.54,-0002.60,-0009.88
+1580687688.11,+0001.95,+0000.98,-0000.98,-0003.22,-0002.76,-0006.20
+1580687688.12,+0006.84,-0000.98,+0000.00,+0001.91,+0004.29,-0010.03
+1580687688.12,-0008.79,+0001.95,-0000.98,-0001.68,+0002.22,-0010.87
+1580687688.13,-0000.98,+0000.98,-0001.95,+0001.23,+0001.30,-0012.71
+1580687688.13,+0003.91,-0001.95,-0002.93,-0001.53,+0002.76,-0013.55
+1580687688.14,-0003.91,-0001.95,-0002.93,+0001.76,-0003.52,-0005.44
+1580687688.14,-0004.88,+0000.98,-0002.93,+0001.23,+0002.22,-0010.26
+1580687688.15,-0007.81,-0001.95,-0001.95,+0001.76,-0004.67,-0012.48
+1580687688.15,+0014.65,-0002.93,-0003.91,-0002.14,-0002.91,+0011.25
+1580687688.16,-0013.67,-0001.95,-0006.84,+0003.14,+0022.05,-0028.02
+1580687688.16,-0034.18,-0002.93,-0006.84,+0009.57,-0006.35,-0015.85
+1580687688.17,+0012.70,+0001.95,-0005.86,-0008.80,+0001.68,-0015.62
+1580687688.17,+0002.93,-0012.70,-0006.84,+0001.07,+0006.35,-0012.63
+1580687688.18,-0015.62,-0000.98,-0006.84,+0005.51,-0000.31,-0001.76
+1580687688.18,-0008.79,-0002.93,-0008.79,-0003.06,-0000.46,-0007.89
+1580687688.19,+0000.00,-0010.74,-0011.72,-0002.76,+0001.61,-0006.28
+1580687688.19,-0002.93,-0009.77,-0012.70,-0001.23,+0001.45,-0012.33
+1580687688.19,+0000.98,-0002.93,-0013.67,-0003.52,+0003.06,-0012.33
+1580687688.20,-0001.95,-0008.79,-0014.65,-0001.68,+0000.23,-0016.00
+1580687688.20,+0000.98,-0009.77,-0014.65,+0000.08,-0006.58,-0011.48
+1580687688.21,+0011.72,-0006.84,-0014.65,-0002.45,+0002.45,-0011.33
+1580687688.21,-0002.93,-0007.81,-0015.62,-0003.60,-0003.52,-0014.32
+1580687688.22,+0004.88,-0007.81,-0016.60,-0000.31,-0003.29,-0010.64
+1580687688.22,+0013.67,-0009.77,-0016.60,-0002.53,+0001.30,-0012.33
+1580687688.23,+0003.91,-0010.74,-0018.55,-0001.23,-0001.68,-0006.20
+1580687688.23,+0003.91,-0008.79,-0019.53,-0004.44,-0000.92,-0010.72
+1580687688.24,+0006.84,-0012.70,-0020.51,-0001.53,+0000.00,-0009.19
+1580687688.24,+0010.74,-0011.72,-0019.53,-0000.23,+0000.31,-0005.05
+1580687688.25,+0003.91,-0010.74,-0019.53,-0001.84,+0000.15,-0005.21
+1580687688.25,+0000.00,-0011.72,-0020.51,-0002.14,+0001.76,-0008.88
+1580687688.26,+0000.00,-0013.67,-0020.51,-0001.61,+0000.38,-0010.64
+1580687688.26,+0002.93,-0013.67,-0020.51,+0000.15,-0000.15,-0008.42
+1580687688.27,+0000.98,-0014.65,-0019.53,-0001.61,+0003.52,-0012.25
+1580687688.27,-0006.84,-0013.67,-0020.51,-0000.69,+0001.68,-0011.94
+1580687688.28,-0003.91,-0013.67,-0020.51,-0001.30,-0001.68,-0010.03
+1580687688.28,-0000.98,-0014.65,-0020.51,-0004.21,-0000.23,-0008.12
+1580687688.29,-0001.95,-0016.60,-0021.48,+0001.23,+0002.22,-0010.18
+1580687688.29,-0007.81,-0013.67,-0021.48,-0003.22,+0000.69,-0012.02
+1580687688.30,-0001.95,-0015.62,-0021.48,-0000.84,+0000.31,-0007.35
+1580687688.30,+0000.00,-0015.62,-0022.46,-0003.14,+0003.60,-0011.10
+1580687688.31,-0008.79,-0014.65,-0022.46,+0001.00,-0001.53,-0010.18
+1580687688.31,+0001.95,-0012.70,-0021.48,-0001.23,-0003.45,-0010.41
+1580687688.32,+0001.95,-0015.62,-0020.51,+0000.46,+0001.38,-0011.48
+1580687688.32,-0001.95,-0013.67,-0020.51,+0001.30,-0003.60,-0008.88
+1580687688.33,+0000.98,-0012.70,-0020.51,+0000.61,-0001.30,-0011.71
+1580687688.33,+0001.95,-0014.65,-0019.53,+0000.77,+0001.30,-0007.58
+1580687688.34,+0000.98,-0013.67,-0018.55,+0000.92,+0000.46,-0012.02
+1580687688.34,-0001.95,-0011.72,-0017.58,-0001.30,-0000.38,-0009.19
+1580687688.35,+0000.98,-0012.70,-0016.60,+0000.54,-0002.07,-0008.35
+1580687688.35,+0000.98,-0012.70,-0016.60,+0000.54,-0002.60,-0004.98
+1580687688.36,+0005.86,-0012.70,-0015.62,+0001.38,+0001.68,-0003.83
+1580687688.36,-0006.84,-0012.70,-0015.62,+0000.77,+0002.76,-0006.35
+1580687688.37,-0014.65,-0011.72,-0014.65,+0002.22,+0001.23,-0013.17
+1580687688.37,-0002.93,-0012.70,-0012.70,-0001.07,-0001.38,-0022.74
+1580687688.38,+0015.62,-0015.62,-0011.72,+0005.13,-0004.59,-0020.67
+1580687688.38,+0006.84,-0012.70,-0010.74,-0002.83,+0004.36,-0025.11
+1580687688.39,-0012.70,-0010.74,-0010.74,-0000.23,-0010.18,-0013.55
+1580687688.39,+0013.67,-0011.72,-0009.77,-0000.15,-0000.15,-0015.16
+1580687688.40,+0012.70,-0015.62,-0010.74,-0000.38,+0001.00,-0006.58
+1580687688.40,+0002.93,-0008.79,-0009.77,-0002.76,-0001.00,-0005.05
+1580687688.41,+0003.91,-0010.74,-0008.79,-0000.23,-0002.91,-0004.44
+1580687688.41,+0009.77,-0013.67,-0008.79,+0000.38,-0001.61,-0002.76
+1580687688.42,+0008.79,-0012.70,-0008.79,+0002.30,+0000.23,-0002.83
+1580687688.42,+0000.98,-0010.74,-0006.84,+0001.61,-0000.77,-0006.43
+1580687688.43,+0002.93,-0010.74,-0005.86,+0001.00,-0001.53,-0009.65
+1580687688.43,+0005.86,-0011.72,-0004.88,+0001.53,+0001.15,-0011.33
+1580687688.44,+0001.95,-0009.77,-0002.93,+0001.45,-0001.15,-0011.94
+1580687688.44,-0000.98,-0007.81,-0000.98,+0001.68,+0003.22,-0013.78
+1580687688.45,-0002.93,-0007.81,+0000.00,+0001.91,+0000.23,-0012.40
+1580687688.45,+0001.95,-0006.84,+0000.98,+0000.77,+0000.00,-0009.65
+1580687688.46,-0002.93,-0006.84,+0001.95,-0000.38,+0001.15,-0011.25
+1580687688.46,-0008.79,-0005.86,+0001.95,+0003.45,-0000.84,-0011.87
+1580687688.47,+0000.00,-0005.86,+0002.93,-0000.46,-0004.29,-0006.05
+1580687688.47,+0000.98,-0006.84,+0002.93,+0000.69,+0002.22,-0009.42
+1580687688.48,-0014.65,-0005.86,+0002.93,+0001.15,-0002.22,-0010.03
+1580687688.48,-0003.91,-0003.91,+0004.88,+0002.45,-0002.99,-0009.49
+1580687688.49,+0002.93,-0006.84,+0005.86,+0000.23,+0002.45,-0013.40
+1580687688.49,-0003.91,-0004.88,+0006.84,-0000.77,-0000.84,-0008.58
+1580687688.50,-0001.95,-0002.93,+0007.81,+0001.61,-0000.23,-0012.17
+1580687688.50,-0002.93,-0004.88,+0007.81,-0000.54,-0001.00,-0012.33
+1580687688.51,-0001.95,-0003.91,+0007.81,+0001.23,-0001.68,-0011.33
+1580687688.51,+0000.00,-0002.93,+0009.77,+0001.91,-0001.61,-0010.95
+1580687688.52,+0001.95,-0003.91,+0010.74,+0000.69,-0001.68,-0010.18
+1580687688.52,+0003.91,-0004.88,+0009.77,-0000.54,+0000.46,-0010.49
+1580687688.53,+0001.95,-0004.88,+0009.77,+0000.54,-0001.84,-0008.80
+1580687688.53,+0005.86,-0005.86,+0010.74,+0002.30,-0001.07,-0008.80
+1580687688.54,+0003.91,-0006.84,+0009.77,+0000.46,+0002.22,-0015.08
+1580687688.54,+0001.95,-0005.86,+0010.74,+0003.60,-0002.68,-0011.56
+1580687688.55,+0015.62,-0006.84,+0010.74,+0001.15,+0001.07,-0012.10
+1580687688.55,+0012.70,-0008.79,+0011.72,+0000.61,-0001.76,-0011.71
+1580687688.56,+0009.77,-0007.81,+0011.72,+0000.31,-0000.46,-0011.48
+1580687688.56,+0024.41,-0008.79,+0012.70,-0004.98,-0019.60,+0033.00
+1580687688.57,+0043.95,-0012.70,+0012.70,+0009.03,+0036.60,-0026.34
+1580687688.57,-0044.92,-0010.74,+0007.81,-0022.82,-0004.52,-0022.59
+1580687688.58,-0003.91,-0001.95,+0009.77,+0024.96,-0005.67,-0008.65
+1580687688.58,+0031.25,-0012.70,+0008.79,+0000.23,+0004.98,-0007.58
+1580687688.59,+0005.86,-0020.51,+0009.77,+0009.42,+0010.64,-0009.34
+1580687688.59,-0023.44,-0000.98,+0011.72,-0005.28,+0001.23,-0009.26
+1580687688.60,-0002.93,-0011.72,+0011.72,-0001.91,+0006.12,-0011.71
+1580687688.60,+0007.81,-0016.60,+0008.79,+0000.84,+0000.23,-0003.68
+1580687688.61,-0000.98,-0008.79,+0007.81,+0000.31,+0003.29,-0002.91
+1580687688.61,-0011.72,-0005.86,+0007.81,-0003.06,-0000.31,-0004.44
+1580687688.62,-0003.91,-0011.72,+0007.81,+0000.77,+0000.92,-0010.57
+1580687688.62,+0001.95,-0008.79,+0007.81,-0001.23,-0000.61,-0008.88
+1580687688.63,+0000.98,-0005.86,+0008.79,+0005.05,-0002.07,-0007.27
+1580687688.63,-0002.93,-0004.88,+0009.77,+0000.69,-0003.60,-0015.47
+1580687688.64,+0001.95,-0003.91,+0010.74,+0001.38,-0003.98,-0007.20
+1580687688.64,+0006.84,-0002.93,+0010.74,+0003.29,+0003.45,-0014.39
+1580687688.65,-0004.88,-0001.95,+0011.72,+0001.84,-0001.68,-0009.11
+1580687688.65,+0001.95,+0000.98,+0011.72,+0000.15,+0003.29,-0012.02
+1580687688.66,-0000.98,-0000.98,+0012.70,+0001.30,-0002.30,-0011.33
+1580687688.66,+0001.95,+0001.95,+0013.67,+0003.45,+0000.54,-0008.19
+1580687688.67,+0000.98,+0001.95,+0014.65,+0000.54,+0001.00,-0008.12
+1580687688.67,-0003.91,+0001.95,+0014.65,+0001.45,+0000.61,-0010.11
+1580687688.68,-0001.95,+0001.95,+0014.65,+0000.61,-0000.54,-0010.34
+1580687688.68,+0000.98,+0002.93,+0015.62,+0001.53,-0000.23,-0009.42
+1580687688.69,+0000.00,+0002.93,+0015.62,+0002.30,+0003.52,-0011.71
+1580687688.69,-0003.91,+0003.91,+0016.60,+0001.53,-0003.37,-0011.33
+1580687688.70,+0001.95,+0004.88,+0017.58,+0001.15,-0000.54,-0011.48
+1580687688.70,+0002.93,+0005.86,+0018.55,-0000.31,-0000.31,-0013.78
+1580687688.71,-0001.95,+0006.84,+0018.55,+0002.30,-0003.06,-0010.64
+1580687688.71,+0003.91,+0007.81,+0019.53,-0000.38,+0001.84,-0009.72
+1580687688.72,-0000.98,+0007.81,+0018.55,+0001.23,+0001.84,-0014.39
+1580687688.72,+0000.98,+0007.81,+0018.55,+0003.14,+0002.45,-0010.87
+1580687688.73,+0001.95,+0009.77,+0018.55,-0000.84,-0000.38,-0012.71
+1580687688.73,+0002.93,+0008.79,+0018.55,-0001.91,-0002.14,-0008.50
+1580687688.74,+0006.84,+0009.77,+0018.55,-0002.60,+0003.06,-0012.33
+1580687688.74,-0001.95,+0009.77,+0017.58,+0002.53,-0001.30,-0010.11
+1580687688.75,+0002.93,+0011.72,+0016.60,-0001.91,+0001.07,-0007.89
+1580687688.75,+0003.91,+0011.72,+0016.60,+0002.99,-0000.54,-0010.41
+1580687688.76,+0001.95,+0010.74,+0016.60,+0002.07,+0003.14,-0007.04
+1580687688.76,-0001.95,+0011.72,+0015.62,+0000.00,+0001.68,-0013.02
+1580687688.77,+0000.00,+0011.72,+0015.62,-0001.23,-0003.14,-0005.51
+1580687688.77,+0001.95,+0012.70,+0015.62,-0002.91,+0005.13,-0018.30
+1580687688.78,-0013.67,+0012.70,+0013.67,-0000.69,-0005.21,-0008.12
+1580687688.78,+0001.95,+0014.65,+0013.67,+0001.84,+0002.60,-0010.03
+1580687688.79,-0005.86,+0010.74,+0012.70,-0004.06,+0004.21,-0013.40
+1580687688.79,-0009.77,+0012.70,+0011.72,-0000.08,+0000.46,-0007.66
+1580687688.80,-0003.91,+0010.74,+0010.74,-0002.91,+0001.91,-0010.80
+1580687688.80,-0008.79,+0009.77,+0010.74,+0001.91,-0000.77,-0009.26
+1580687688.81,-0008.79,+0010.74,+0009.77,+0000.84,+0000.84,-0011.71
+1580687688.81,-0007.81,+0009.77,+0007.81,-0002.76,-0001.07,-0008.96
+1580687688.82,-0007.81,+0008.79,+0007.81,-0000.08,+0000.00,-0006.97
+1580687688.82,-0006.84,+0007.81,+0007.81,-0002.37,-0001.84,-0003.06
+1580687688.83,-0012.70,+0007.81,+0005.86,+0000.15,+0000.08,-0011.56
+1580687688.83,-0012.70,+0006.84,+0004.88,-0001.00,-0004.75,-0005.97
+1580687688.84,+0000.00,+0005.86,+0004.88,-0000.46,+0001.38,-0002.68
+1580687688.84,-0017.58,+0004.88,+0003.91,+0000.00,-0005.82,-0013.93
+1580687688.85,-0005.86,+0004.88,+0003.91,+0003.14,-0002.91,-0021.67
+1580687688.85,+0010.74,+0002.93,+0002.93,-0004.06,-0001.61,-0017.00
+1580687688.86,-0000.98,+0002.93,+0002.93,+0000.61,-0000.54,-0014.47
+1580687688.86,-0003.91,+0005.86,+0000.00,-0002.76,-0004.29,-0015.16
+1580687688.87,+0006.84,+0001.95,-0000.98,+0002.30,-0006.35,-0004.13
+1580687688.87,+0015.62,+0002.93,-0001.95,-0000.54,+0001.61,-0009.26
+1580687688.88,+0004.88,+0002.93,-0001.95,+0000.92,-0001.91,-0002.83
+1580687688.88,+0008.79,+0002.93,-0001.95,-0001.84,-0001.30,-0004.67
+1580687688.89,+0009.77,+0000.00,-0002.93,-0000.92,+0000.00,-0008.27
+1580687688.89,+0008.79,+0002.93,-0002.93,+0001.91,-0001.45,-0007.27
+1580687688.90,+0008.79,+0001.95,-0002.93,+0003.22,-0000.46,-0011.56
+1580687688.90,+0007.81,+0000.98,-0002.93,-0002.45,+0000.54,-0010.11
+1580687688.91,+0004.88,+0000.00,-0002.93,+0000.77,+0002.07,-0015.77
+1580687688.91,+0002.93,-0000.98,-0002.93,+0000.08,+0001.68,-0008.96
+1580687688.92,+0005.86,-0000.98,-0002.93,-0000.46,+0001.61,-0010.72
+1580687688.92,-0000.98,-0001.95,-0002.93,-0004.06,-0000.31,-0008.65
+1580687688.93,-0002.93,-0001.95,-0003.91,+0000.31,+0000.92,-0005.28
+1580687688.93,-0003.91,-0003.91,-0004.88,-0000.38,+0000.31,-0005.90
+1580687688.94,-0004.88,-0004.88,-0005.86,-0001.91,+0000.77,-0003.45
+1580687688.94,-0007.81,-0006.84,-0006.84,-0002.60,+0001.61,-0009.72
+1580687688.95,-0009.77,-0006.84,-0007.81,-0004.21,-0001.07,-0011.18
+1580687688.95,-0003.91,-0007.81,-0008.79,+0000.69,+0001.30,-0012.86
+1580687688.96,-0007.81,-0007.81,-0008.79,-0004.75,-0001.07,-0012.48
+1580687688.96,-0010.74,-0007.81,-0009.77,-0000.15,-0000.69,-0013.40
+1580687688.97,-0005.86,-0009.77,-0011.72,+0001.30,+0000.15,-0014.93
+1580687688.97,-0003.91,-0007.81,-0012.70,-0002.53,-0002.37,-0012.17
+1580687688.98,+0000.00,-0008.79,-0011.72,-0002.30,-0002.14,-0005.36
+1580687688.98,-0006.84,-0009.77,-0013.67,-0003.90,-0005.13,-0008.88
+1580687688.99,-0003.91,-0010.74,-0014.65,+0001.84,-0004.06,-0006.35
+1580687688.99,+0004.88,-0009.77,-0015.62,-0005.28,+0002.83,-0010.11
+1580687689.00,-0004.88,-0011.72,-0016.60,-0000.92,-0001.23,-0011.33
+1580687689.00,+0001.95,-0008.79,-0015.62,-0002.30,+0000.23,-0013.09
+1580687689.01,+0002.93,-0010.74,-0016.60,-0001.53,-0003.29,-0004.90
+1580687689.01,+0001.95,-0010.74,-0017.58,+0000.00,+0004.52,-0004.36
+1580687689.02,-0012.70,-0009.77,-0016.60,-0001.00,+0002.60,-0014.24
+1580687689.02,-0001.95,-0008.79,-0015.62,+0003.06,-0001.99,-0010.34
+1580687689.03,+0009.77,-0009.77,-0013.67,-0001.76,-0003.29,-0008.58
+1580687689.03,+0008.79,-0008.79,-0013.67,+0002.22,-0001.45,+0001.99
+1580687689.04,-0009.77,-0006.84,-0013.67,-0000.23,-0003.06,-0021.28
+1580687689.04,-0008.79,-0007.81,-0013.67,+0002.30,-0008.12,-0009.42
+1580687689.05,+0027.34,-0006.84,-0011.72,+0004.59,-0004.52,+0003.45
+1580687689.05,-0013.67,-0006.84,-0012.70,+0001.23,+0021.67,-0023.35
+1580687689.06,-0037.11,-0001.95,-0010.74,+0006.35,-0004.29,-0018.53
+1580687689.06,+0011.72,+0000.98,-0008.79,-0001.45,-0002.45,-0025.65
+1580687689.07,+0013.67,-0007.81,-0005.86,+0001.53,+0007.43,-0002.07
+1580687689.07,-0019.53,+0003.91,-0003.91,-0004.52,-0001.23,-0006.51
+1580687689.08,-0021.48,+0002.93,-0002.93,+0004.90,-0001.68,-0007.58
+1580687689.08,-0000.98,+0000.00,-0001.95,+0001.30,+0002.60,-0009.11
+1580687689.09,+0004.88,+0002.93,+0000.00,+0003.98,+0002.60,-0006.81
+1580687689.09,-0002.93,+0008.79,+0002.93,-0001.00,-0000.46,-0001.91
+1580687689.10,-0007.81,+0007.81,+0003.91,+0005.90,+0002.76,-0017.84
+1580687689.10,-0005.86,+0007.81,+0004.88,-0000.61,-0007.04,-0013.86
+1580687689.11,+0010.74,+0010.74,+0006.84,+0003.29,+0003.45,-0016.69
+1580687689.11,-0005.86,+0013.67,+0008.79,+0000.23,-0000.77,-0012.25
+1580687689.12,-0002.93,+0017.58,+0010.74,+0006.97,-0002.22,-0013.02
+1580687689.12,+0008.79,+0012.70,+0013.67,-0006.05,-0004.13,-0005.67
+1580687689.13,+0000.98,+0017.58,+0013.67,-0001.45,+0002.30,-0008.04
+1580687689.13,-0008.79,+0018.55,+0014.65,+0003.90,-0001.45,-0009.80
+1580687689.14,-0000.98,+0020.51,+0017.58,+0003.22,+0000.92,-0011.71
+1580687689.14,+0004.88,+0017.58,+0019.53,+0006.51,-0000.61,-0001.91
+1580687689.15,+0006.84,+0020.51,+0021.48,+0001.38,+0005.82,-0007.35
+1580687689.15,-0015.62,+0021.48,+0020.51,+0001.45,+0002.30,-0019.75
+1580687689.16,-0003.91,+0021.48,+0021.48,+0001.45,-0007.81,-0008.88
+1580687689.16,+0007.81,+0020.51,+0021.48,+0000.08,+0005.28,-0013.32
+1580687689.17,-0008.79,+0020.51,+0022.46,+0000.31,-0002.45,-0001.91
+1580687689.17,-0004.88,+0024.41,+0023.44,+0000.69,+0001.38,-0009.26
+1580687689.18,-0006.84,+0018.55,+0022.46,+0002.68,-0000.92,-0005.28
+1580687689.18,+0000.00,+0019.53,+0022.46,+0000.08,+0003.45,-0009.19
+1580687689.19,-0009.77,+0020.51,+0020.51,+0001.68,+0004.06,-0019.68
+1580687689.19,-0007.81,+0020.51,+0021.48,+0001.38,-0005.36,-0008.58
+1580687689.20,+0006.84,+0018.55,+0021.48,-0001.23,+0003.45,-0007.50
+1580687689.20,-0009.77,+0017.58,+0019.53,+0001.45,+0002.91,-0010.49
+1580687689.21,-0012.70,+0020.51,+0017.58,-0001.07,-0004.21,-0009.03
+1580687689.21,+0003.91,+0016.60,+0016.60,-0002.22,+0000.69,-0009.34
+1580687689.22,+0005.86,+0013.67,+0015.62,-0000.54,-0002.45,-0002.68
+1580687689.22,+0002.93,+0015.62,+0015.62,+0000.15,-0000.23,-0008.88
+1580687689.23,+0002.93,+0012.70,+0012.70,-0007.20,-0006.12,+0007.04
+1580687689.23,-0015.62,+0012.70,+0008.79,-0008.80,-0006.20,-0016.54
+1580687689.24,+0000.98,+0009.77,+0007.81,+0004.67,-0003.90,-0013.55
+1580687689.24,+0024.41,+0009.77,+0006.84,-0003.52,-0002.07,+0000.31
+1580687689.25,-0005.86,+0005.86,+0004.88,-0001.91,-0012.17,+0009.80
+1580687689.25,-0000.98,+0009.77,+0002.93,+0000.69,+0005.05,-0019.75
+1580687689.26,-0000.98,+0003.91,+0000.00,-0007.89,+0003.37,-0022.51
+1580687689.26,+0002.93,+0001.95,-0000.98,-0000.54,-0001.30,-0018.99
+1580687689.27,+0016.60,+0006.84,-0001.95,-0005.51,+0009.26,-0028.25
+1580687689.27,-0011.72,+0003.91,-0003.91,-0006.66,-0004.52,-0015.31
+1580687689.28,+0011.72,+0004.88,-0004.88,-0000.61,-0005.21,-0005.97
+1580687689.28,+0020.51,-0000.98,-0007.81,-0003.68,-0008.58,+0006.05
+1580687689.29,+0024.41,-0000.98,-0010.74,-0003.52,-0001.00,+0016.54
+1580687689.29,+0006.84,+0000.98,-0014.65,-0005.44,+0009.03,-0012.94
+1580687689.30,-0008.79,-0003.91,-0016.60,-0006.43,-0007.20,-0004.67
+1580687689.30,+0022.46,-0000.98,-0018.55,-0008.04,+0000.92,-0012.48
+1580687689.31,+0014.65,-0008.79,-0019.53,+0002.22,+0004.36,-0013.40
+1580687689.31,+0003.91,+0000.98,-0018.55,-0000.08,+0001.07,-0011.71
+1580687689.32,-0004.88,-0002.93,-0019.53,-0001.99,-0000.23,-0015.39
+1580687689.32,+0003.91,-0005.86,-0020.51,+0000.92,-0000.77,-0008.88
+1580687689.33,+0008.79,-0003.91,-0020.51,-0005.36,+0001.45,-0007.66
+1580687689.33,+0003.91,-0002.93,-0019.53,+0000.00,-0002.53,+0003.68
+1580687689.34,-0013.67,-0001.95,-0022.46,-0001.99,-0000.08,-0014.24
+1580687689.34,-0015.62,-0003.91,-0024.41,-0001.53,-0007.35,-0005.21
+1580687689.35,+0001.95,-0003.91,-0024.41,+0002.91,+0003.14,-0012.63
+1580687689.35,-0002.93,-0004.88,-0022.46,+0004.90,+0005.05,-0009.80
+1580687689.36,-0020.51,+0001.95,-0021.48,-0004.67,-0000.15,-0018.15
+1580687689.36,-0017.58,-0002.93,-0021.48,+0001.07,-0007.20,-0016.77
+1580687689.37,+0002.93,-0003.91,-0020.51,+0004.21,+0000.31,-0015.24
+1580687689.37,-0007.81,-0000.98,-0018.55,+0005.82,-0004.36,-0006.74
+1580687689.38,-0009.77,+0006.84,-0016.60,-0002.99,+0000.23,-0012.86
+1580687689.38,-0005.86,+0000.00,-0015.62,-0001.38,-0004.98,-0014.09
+1580687689.39,+0012.70,-0000.98,-0015.62,+0002.53,+0004.59,-0011.33
+1580687689.39,-0002.93,+0002.93,-0015.62,-0001.38,-0004.29,-0012.48
+1580687689.40,-0003.91,+0004.88,-0013.67,+0004.67,-0007.50,-0008.35
+1580687689.40,+0010.74,+0000.00,-0012.70,-0002.91,-0001.23,-0011.10
+1580687689.41,+0002.93,+0002.93,-0010.74,+0001.99,-0005.05,-0008.58
+1580687689.41,+0009.77,+0007.81,-0007.81,+0003.37,-0001.15,-0011.41
+1580687689.42,+0008.79,+0006.84,-0006.84,+0001.61,-0000.46,-0013.70
+1580687689.42,+0006.84,+0006.84,-0004.88,+0001.76,+0000.61,-0007.66
+1580687689.43,+0008.79,+0008.79,-0002.93,+0002.45,-0000.61,-0014.55
+1580687689.43,+0004.88,+0008.79,+0000.00,+0002.07,-0003.60,-0010.03
+1580687689.44,+0017.58,+0010.74,+0000.98,+0000.31,-0003.75,-0002.53
+1580687689.44,+0005.86,+0009.77,+0001.95,+0002.14,-0002.99,-0007.50
+1580687689.45,+0001.95,+0011.72,+0002.93,+0004.21,-0005.90,-0009.11
+1580687689.45,+0016.60,+0011.72,+0003.91,-0002.22,-0002.14,-0010.57
+1580687689.46,+0013.67,+0007.81,+0005.86,+0005.36,+0007.81,-0012.25
+1580687689.46,-0005.86,+0014.65,+0006.84,-0000.15,-0009.42,-0008.12
+1580687689.47,+0011.72,+0010.74,+0008.79,+0007.58,+0001.15,+0006.66
+1580687689.47,-0020.51,+0010.74,+0004.88,+0003.90,+0020.60,-0040.73
+1580687689.48,-0020.51,+0012.70,+0009.77,+0016.61,-0005.90,-0010.87
+1580687689.48,+0026.37,+0017.58,+0011.72,-0016.46,+0005.97,-0009.42
+1580687689.49,-0014.65,+0001.95,+0012.70,+0012.86,+0012.71,-0005.21
+1580687689.49,-0034.18,+0025.39,+0012.70,-0001.45,-0005.74,-0008.19
+1580687689.50,-0008.79,+0011.72,+0011.72,-0001.91,-0002.22,-0008.04
+1580687689.50,+0001.95,+0003.91,+0009.77,+0001.30,+0001.99,-0004.90
+1580687689.51,-0011.72,+0011.72,+0009.77,+0001.53,-0000.08,-0003.29
+1580687689.51,-0018.55,+0016.60,+0009.77,-0006.97,-0003.45,-0014.09
+1580687689.52,-0004.88,+0005.86,+0009.77,+0002.37,-0006.51,-0010.03
+1580687689.52,+0008.79,+0007.81,+0008.79,+0000.77,-0001.76,-0007.89
+1580687689.53,-0005.86,+0011.72,+0007.81,+0000.84,+0003.14,-0011.87
+1580687689.53,-0005.86,+0012.70,+0007.81,-0001.84,-0004.36,-0016.23
+1580687689.54,+0009.77,+0006.84,+0007.81,+0002.07,-0003.37,-0014.32
+1580687689.54,+0010.74,+0008.79,+0006.84,+0000.15,-0002.22,-0008.65
+1580687689.55,+0000.98,+0011.72,+0006.84,-0004.29,-0002.83,-0009.49
+1580687689.55,+0002.93,+0008.79,+0004.88,-0001.76,-0004.06,-0006.74
+1580687689.56,+0012.70,+0004.88,+0003.91,-0000.61,-0000.77,-0007.66
+1580687689.56,+0007.81,+0005.86,+0002.93,+0000.00,+0000.23,-0004.67
+1580687689.57,-0001.95,+0005.86,+0000.98,-0003.98,-0000.84,-0009.72
+1580687689.57,+0000.98,+0001.95,-0000.98,+0000.38,-0002.91,-0013.63
+1580687689.58,+0007.81,-0000.98,-0001.95,-0002.99,-0001.84,-0009.11
+1580687689.58,-0001.95,+0000.98,-0001.95,-0003.90,-0003.98,-0008.12
+1580687689.59,-0000.98,-0001.95,-0002.93,-0001.00,-0000.77,-0009.34
+1580687689.59,-0001.95,-0004.88,-0004.88,-0004.82,+0005.97,-0015.16
+1580687689.60,-0007.81,-0007.81,-0007.81,-0006.20,-0002.76,-0013.09
+1580687689.60,+0002.93,-0007.81,-0008.79,-0008.19,+0001.45,-0011.87
+1580687689.61,+0000.98,-0013.67,-0010.74,-0001.07,-0000.31,-0010.49
+1580687689.61,+0000.98,-0012.70,-0012.70,-0007.35,-0005.82,-0002.53
+1580687689.62,-0002.93,-0014.65,-0016.60,-0005.13,-0004.36,-0014.85
+1580687689.62,+0000.98,-0018.55,-0019.53,-0002.68,-0008.04,+0002.91
+1580687689.63,+0014.65,-0018.55,-0022.46,-0000.84,+0005.90,-0007.73
+1580687689.63,-0012.70,-0020.51,-0024.41,-0008.80,+0000.54,-0014.01
+1580687689.64,+0001.95,-0018.55,-0025.39,-0003.68,-0001.30,-0014.39
+1580687689.64,+0008.79,-0027.34,-0026.37,-0006.81,+0001.76,-0015.31
+1580687689.65,+0004.88,-0022.46,-0026.37,+0004.52,-0000.15,-0003.90
+1580687689.65,-0001.95,-0020.51,-0028.32,-0003.90,+0003.45,-0019.14
+1580687689.66,-0010.74,-0024.41,-0030.27,-0000.38,-0004.29,-0017.30
+1580687689.66,+0017.58,-0026.37,-0029.30,-0000.23,-0008.65,+0000.61
+1580687689.67,+0010.74,-0026.37,-0030.27,+0000.31,+0011.41,-0005.28
+1580687689.67,-0030.27,-0022.46,-0031.25,+0000.38,-0008.88,-0011.87
+1580687689.68,+0000.00,-0022.46,-0031.25,+0001.76,-0004.36,-0016.00
+1580687689.68,+0015.62,-0032.23,-0031.25,-0003.52,+0006.28,-0010.11
+1580687689.69,-0004.88,-0022.46,-0030.27,-0001.30,-0003.14,-0003.14
+1580687689.69,-0003.91,-0018.55,-0027.34,-0000.61,-0002.76,-0006.89
+1580687689.70,+0000.98,-0027.34,-0028.32,+0000.69,+0001.68,-0009.42
+1580687689.70,+0001.95,-0024.41,-0028.32,-0000.15,-0001.30,-0010.26
+1580687689.71,+0008.79,-0019.53,-0026.37,-0000.92,+0007.73,-0010.64
+1580687689.71,-0007.81,-0021.48,-0025.39,+0001.84,+0002.07,-0018.53
+1580687689.72,-0004.88,-0019.53,-0022.46,+0006.35,-0006.51,-0015.47
+1580687689.72,+0013.67,-0016.60,-0019.53,-0000.92,-0001.99,-0004.29
+1580687689.73,+0006.84,-0018.55,-0016.60,+0006.20,+0006.20,-0007.04
+1580687689.73,-0014.65,-0013.67,-0014.65,-0000.92,+0001.15,-0007.66
+1580687689.74,-0009.77,-0014.65,-0014.65,+0004.06,-0004.06,-0007.20
+1580687689.74,+0011.72,-0016.60,-0012.70,+0001.68,+0004.90,-0016.54
+1580687689.75,+0002.93,-0014.65,-0010.74,+0005.82,-0002.22,-0014.55
+1580687689.75,-0003.91,-0008.79,-0007.81,+0000.15,-0001.68,-0014.01
+1580687689.76,-0000.98,-0010.74,-0005.86,-0001.07,-0004.13,-0012.10
+1580687689.76,+0011.72,-0010.74,-0004.88,+0005.97,-0002.14,-0005.36
+1580687689.77,+0008.79,-0006.84,-0003.91,-0001.38,+0001.68,-0004.75
+1580687689.77,-0003.91,-0006.84,-0001.95,+0004.06,-0001.30,-0008.04
+1580687689.78,+0008.79,-0009.77,+0000.00,+0005.13,+0002.83,-0010.11
+1580687689.78,+0004.88,-0008.79,+0000.98,-0001.00,-0002.99,-0009.19
+1580687689.79,+0009.77,-0007.81,+0001.95,+0001.76,-0004.36,+0001.91
+1580687689.79,-0003.91,-0006.84,+0000.98,-0005.74,-0004.36,-0008.58
+1580687689.80,-0004.88,-0008.79,+0001.95,+0007.20,-0002.14,-0012.48
+1580687689.80,+0004.88,-0006.84,+0000.98,-0004.21,+0002.30,-0009.88
+1580687689.81,-0003.91,-0009.77,+0001.95,+0001.07,+0001.76,-0009.49
+1580687689.81,-0013.67,-0004.88,+0000.98,-0003.52,+0003.52,-0011.41
+1580687689.82,-0017.58,-0007.81,+0000.00,+0002.30,-0002.14,-0008.35
+1580687689.82,-0009.77,-0008.79,+0000.00,-0004.75,-0000.23,-0009.57
+1580687689.83,-0003.91,-0009.77,+0000.00,+0000.31,+0002.30,-0011.41
+1580687689.83,-0016.60,-0006.84,-0000.98,-0002.37,-0001.91,-0012.33
+1580687689.84,-0014.65,-0006.84,-0001.95,-0000.15,-0004.59,-0008.58
+1580687689.84,-0005.86,-0008.79,-0002.93,-0001.91,+0000.69,-0015.62
+1580687689.85,-0005.86,-0009.77,-0002.93,+0000.31,-0013.48,+0002.07
+1580687689.85,+0022.46,-0009.77,-0001.95,-0002.37,+0000.23,+0007.89
+1580687689.86,-0011.72,-0011.72,-0004.88,+0000.84,+0018.30,-0022.59
+1580687689.86,-0041.99,-0010.74,-0007.81,+0007.35,-0009.19,-0017.99
+1580687689.87,+0001.95,-0007.81,-0007.81,-0005.44,-0001.30,-0021.90
+1580687689.87,+0013.67,-0019.53,-0005.86,+0004.75,+0007.89,-0009.88
+1580687689.88,-0013.67,-0006.84,-0002.93,+0005.05,+0000.23,-0010.03
+1580687689.88,-0009.77,-0008.79,-0002.93,+0001.91,+0003.90,-0018.22
+1580687689.89,-0009.77,-0016.60,-0005.86,-0004.82,-0005.13,-0011.56
+1580687689.89,+0002.93,-0014.65,-0006.84,+0003.90,-0001.38,-0004.06
+1580687689.90,-0004.88,-0009.77,-0006.84,-0005.21,-0001.15,-0006.89
+1580687689.90,-0009.77,-0012.70,-0004.88,+0003.52,-0001.99,-0007.96
+1580687689.91,+0000.98,-0012.70,-0004.88,-0005.90,+0000.31,-0013.17
+1580687689.91,-0002.93,-0015.62,-0004.88,+0003.06,-0002.99,-0010.26
+1580687689.92,+0000.98,-0009.77,-0004.88,-0001.30,+0001.53,-0015.31
+1580687689.92,-0003.91,-0013.67,-0003.91,-0000.46,-0003.06,-0014.85
+1580687689.93,+0001.95,-0011.72,-0004.88,+0000.15,-0000.54,-0015.93
+1580687689.93,+0006.84,-0011.72,-0002.93,+0000.23,-0005.90,-0009.49
+1580687689.94,+0020.51,-0010.74,-0001.95,-0001.61,-0005.82,+0022.59
+1580687689.94,+0000.98,-0011.72,-0003.91,+0005.36,+0025.04,-0031.08
+1580687689.95,-0041.02,-0010.74,-0004.88,-0008.88,-0010.03,-0016.15
+1580687689.95,+0017.58,-0003.91,+0000.00,-0003.06,-0005.67,-0012.48
+1580687689.96,+0026.37,-0017.58,+0000.98,+0003.83,+0015.01,-0010.18
+1580687689.96,-0015.62,-0004.88,+0002.93,+0004.52,+0000.46,-0006.05
+1580687689.97,-0008.79,-0000.98,+0002.93,+0000.69,-0003.83,-0015.08
+1580687689.97,+0013.67,-0013.67,+0000.98,-0000.38,-0001.91,-0004.59
+1580687689.98,+0013.67,-0012.70,+0000.98,+0003.14,-0000.15,+0000.84
+1580687689.98,-0001.95,-0001.95,+0001.95,+0001.61,+0001.00,-0000.84
+1580687689.99,-0004.88,-0008.79,+0002.93,+0001.61,-0003.14,-0007.27
+1580687689.99,+0010.74,-0011.72,+0002.93,+0000.92,-0002.76,-0008.73
+1580687690.00,+0009.77,-0010.74,+0004.88,+0002.22,+0001.30,-0009.88
+1580687690.00,-0000.98,-0005.86,+0005.86,-0002.30,-0002.30,-0013.63
+1580687690.01,+0001.95,-0009.77,+0006.84,+0003.75,+0000.08,-0016.23
+1580687690.01,+0004.88,-0010.74,+0006.84,-0000.69,-0002.30,-0017.46
+1580687690.02,+0013.67,-0009.77,+0008.79,+0000.46,-0005.59,-0006.51
+1580687690.02,+0004.88,-0008.79,+0007.81,-0001.38,+0003.29,-0014.55
+1580687690.03,-0010.74,-0010.74,+0006.84,+0001.68,-0004.67,-0012.10
+1580687690.03,+0005.86,-0009.77,+0005.86,-0000.23,-0004.06,-0012.33
+1580687690.04,+0009.77,-0013.67,+0005.86,+0001.00,+0001.84,-0012.02
+1580687690.04,+0000.98,-0010.74,+0006.84,+0000.54,-0001.15,-0006.28
+1580687690.05,-0002.93,-0008.79,+0007.81,-0000.77,+0000.15,-0012.10
+1580687690.05,+0004.88,-0012.70,+0007.81,-0000.38,-0006.51,-0006.66
+1580687690.06,+0009.77,-0011.72,+0007.81,+0000.15,+0002.37,-0018.22
+1580687690.06,-0002.93,-0008.79,+0006.84,+0000.92,-0007.35,-0010.03
+1580687690.07,+0009.77,-0008.79,+0007.81,+0000.84,-0000.77,-0010.80
+1580687690.07,+0006.84,-0012.70,+0008.79,-0002.91,+0001.38,-0013.70
+1580687690.08,+0003.91,-0008.79,+0008.79,+0001.15,-0000.46,-0009.95
+1580687690.08,+0003.91,-0007.81,+0007.81,-0001.91,+0000.38,-0015.16
+1580687690.09,+0003.91,-0009.77,+0007.81,+0002.07,-0001.15,-0013.09
+1580687690.09,+0013.67,-0007.81,+0009.77,+0002.76,-0007.12,+0003.68
+1580687690.10,+0016.60,-0007.81,+0009.77,+0001.76,+0010.57,-0010.11
+1580687690.10,-0014.65,-0006.84,+0009.77,-0002.76,+0000.77,-0012.71
+1580687690.11,+0005.86,-0004.88,+0011.72,+0004.29,-0012.17,-0006.66
+1580687690.11,+0025.39,-0007.81,+0011.72,-0001.00,+0013.25,-0007.89
+1580687690.12,-0014.65,-0006.84,+0012.70,+0002.45,+0001.53,-0012.17
+1580687690.12,-0011.72,+0001.95,+0014.65,-0001.61,-0007.58,-0010.57
+1580687690.13,+0008.79,-0003.91,+0014.65,-0001.30,+0002.07,-0007.20
+1580687690.13,+0000.00,-0007.81,+0014.65,+0005.51,+0003.22,-0005.51
+1580687690.14,-0016.60,+0002.93,+0015.62,+0000.77,+0000.23,-0007.27
+1580687690.14,-0013.67,-0001.95,+0015.62,-0003.29,-0002.76,+0001.99
+1580687690.15,-0005.86,-0006.84,+0013.67,-0000.77,+0003.14,-0017.92
+1580687690.15,-0005.86,-0003.91,+0014.65,+0002.68,-0005.97,-0017.30
+1580687690.16,-0001.95,-0000.98,+0016.60,-0003.68,-0002.53,-0006.89
+1580687690.16,-0020.51,-0003.91,+0015.62,-0002.53,-0006.89,-0016.00
+1580687690.17,-0010.74,-0001.95,+0014.65,+0001.07,-0003.75,-0016.84
+1580687690.17,+0008.79,-0003.91,+0012.70,-0000.69,-0002.37,-0007.35
+1580687690.18,-0001.95,-0007.81,+0012.70,+0001.23,+0001.30,-0004.90
+1580687690.18,-0014.65,-0003.91,+0011.72,-0003.37,-0005.44,-0003.52
+1580687690.19,-0000.98,-0006.84,+0010.74,+0001.38,-0005.05,-0006.35
+1580687690.19,+0004.88,-0010.74,+0009.77,-0000.23,+0002.53,-0007.73
+1580687690.20,-0002.93,-0007.81,+0010.74,-0002.22,+0001.76,-0004.36
+1580687690.20,-0007.81,-0005.86,+0010.74,+0000.31,+0003.98,-0014.01
+1580687690.21,-0012.70,-0008.79,+0009.77,-0003.29,-0002.30,-0012.94
+1580687690.21,-0007.81,-0006.84,+0008.79,+0006.20,+0004.59,-0020.52
+1580687690.22,-0001.95,-0008.79,+0011.72,+0007.20,+0001.84,-0006.58
+1580687690.22,-0006.84,-0005.86,+0010.74,-0002.91,+0006.81,-0010.95
+1580687690.23,-0024.41,-0005.86,+0010.74,-0002.07,+0000.61,-0008.58
+1580687690.23,-0011.72,-0003.91,+0009.77,-0004.13,+0001.84,-0011.03
+1580687690.24,-0003.91,-0008.79,+0011.72,+0003.98,+0000.92,-0007.66
+1580687690.24,-0006.84,-0003.91,+0012.70,-0001.38,+0001.00,-0001.15
