+1580686906.14,-0016.60,-0006.84,-0002.93,-0002.91,-0001.53,-0009.88
+1580686906.14,-0007.81,-0013.67,-0003.91,-0002.14,+0001.30,-0004.75
+1580686906.15,-0008.79,-0009.77,-0003.91,+0003.06,+0001.68,-0009.57
+1580686906.15,-0010.74,-0004.88,-0001.95,+0001.07,-0003.37,-0009.42
+1580686906.16,-0003.91,-0007.81,-0001.95,+0000.54,-0002.91,-0011.41
+1580686906.16,+0001.95,-0007.81,-0000.98,+0001.53,-0000.61,-0013.55
+1580686906.16,+0000.00,-0002.93,+0000.98,+0002.07,-0001.99,-0013.63
+1580686906.17,+0002.93,-0000.98,+0001.95,+0002.45,+0000.00,-0013.32
+1580686906.17,+0008.79,-0001.95,+0002.93,+0000.61,-0002.45,-0010.72
+1580686906.18,+0009.77,+0000.00,+0004.88,+0004.06,+0001.76,-0011.03
+1580686906.18,+0006.84,+0000.98,+0006.84,+0002.30,-0000.92,-0010.26
+1580686906.19,+0008.79,+0000.98,+0007.81,+0002.45,+0000.84,-0010.49
+1580686906.19,+0007.81,+0000.00,+0008.79,+0001.99,+0002.68,-0010.87
+1580686906.20,+0006.84,+0000.98,+0009.77,+0002.37,+0000.61,-0009.34
+1580686906.20,+0006.84,+0000.00,+0010.74,+0002.53,+0001.23,-0009.57
+1580686906.21,+0006.84,-0001.95,+0010.74,+0002.30,+0002.30,-0007.89
+1580686906.21,+0003.91,-0000.98,+0010.74,+0001.61,+0002.30,-0008.27
+1580686906.22,+0002.93,-0001.95,+0010.74,-0001.38,+0000.69,-0006.97
+1580686906.22,+0002.93,-0002.93,+0009.77,-0000.61,+0002.22,-0009.49
+1580686906.23,+0000.98,-0004.88,+0009.77,+0000.38,+0002.76,-0008.12
+1580686906.23,-0000.98,-0004.88,+0009.77,-0000.84,+0002.68,-0008.42
+1580686906.24,-0004.88,-0005.86,+0008.79,+0000.08,+0002.53,-0008.73
+1580686906.24,-0002.93,-0004.88,+0008.79,+0000.38,+0001.45,-0010.87
+1580686906.25,-0002.93,-0006.84,+0007.81,-0000.92,+0001.76,-0009.19
+1580686906.25,-0004.88,-0006.84,+0007.81,+0000.46,+0003.45,-0008.19
+1580686906.26,-0008.79,-0005.86,+0006.84,+0000.38,+0001.84,-0010.64
+1580686906.26,-0007.81,-0004.88,+0005.86,-0001.61,+0001.53,-0010.18
+1580686906.27,-0003.91,-0006.84,+0005.86,-0001.61,+0001.00,-0009.95
+1580686906.27,-0007.81,-0005.86,+0004.88,-0001.38,+0001.15,-0009.49
+1580686906.28,-0005.86,-0004.88,+0002.93,-0000.84,-0000.46,-0012.25
+1580686906.28,-0002.93,-0004.88,+0001.95,-0001.30,+0000.08,-0010.95
+1580686906.29,-0000.98,-0004.88,+0001.95,-0001.53,-0000.92,-0010.64
+1580686906.29,-0001.95,-0003.91,+0000.98,-0002.07,-0000.38,-0010.41
+1580686906.30,+0000.98,-0003.91,+0000.00,-0001.23,-0001.76,-0010.87
+1580686906.30,+0002.93,-0003.91,+0000.00,-0001.91,-0000.46,-0010.41
+1580686906.31,+0003.91,-0002.93,+0000.00,-0000.54,+0000.31,-0009.88
+1580686906.31,+0002.93,-0001.95,+0000.00,-0001.76,-0000.38,-0010.03
+1580686906.32,+0001.95,-0001.95,-0000.98,-0000.69,+0000.69,-0008.88
+1580686906.32,+0001.95,-0001.95,-0000.98,-0000.54,+0000.15,-0011.10
+1580686906.33,+0002.93,-0001.95,+0000.00,+0000.69,+0000.61,-0011.48
+1580686906.33,+0002.93,-0002.93,+0000.00,-0000.92,-0001.45,-0008.50
+1580686906.34,+0000.00,-0002.93,+0000.00,-0000.15,+0002.37,-0008.50
+1580686906.34,-0002.93,-0002.93,-0000.98,-0001.23,+0001.38,-0006.89
+1580686906.35,-0000.98,-0002.93,-0001.95,-0001.45,+0000.69,-0009.11
+1580686906.35,-0002.93,-0003.91,-0001.95,-0001.38,+0001.68,-0011.79
+1580686906.36,-0003.91,-0003.91,-0002.93,-0001.30,-0000.92,-0008.73
+1580686906.36,-0003.91,-0004.88,-0003.91,+0000.08,-0001.23,-0013.40
+1580686906.37,-0003.91,-0003.91,-0003.91,-0001.76,+0000.61,-0010.49
+1580686906.37,+0000.00,-0003.91,-0003.91,-0000.69,+0000.31,-0012.63
+1580686906.38,-0002.93,-0003.91,-0004.88,-0001.99,+0000.23,-0012.71
+1580686906.38,+0000.00,-0001.95,-0003.91,-0001.15,-0001.76,-0010.87
+1580686906.39,+0000.98,-0002.93,-0004.88,-0001.45,-0000.77,-0010.57
+1580686906.39,+0000.98,-0001.95,-0004.88,-0000.77,-0000.08,-0008.35
+1580686906.40,+0000.98,-0000.98,-0004.88,-0000.69,-0000.77,-0009.65
+1580686906.40,+0000.00,-0000.98,-0004.88,-0000.46,-0000.92,-0008.19
+1580686906.41,+0000.98,-0000.98,-0004.88,+0000.23,+0001.15,-0008.65
+1580686906.41,+0000.00,-0000.98,-0003.91,-0000.77,-0000.54,-0006.58
+1580686906.42,+0000.00,-0000.98,-0003.91,+0000.69,+0002.60,-0008.04
+1580686906.42,-0003.91,-0000.98,-0003.91,-0001.53,-0000.23,-0008.27
+1580686906.43,-0002.93,-0000.98,-0002.93,+0001.00,+0000.23,-0008.73
+1580686906.43,-0004.88,-0000.98,-0002.93,+0000.31,+0001.53,-0011.41
+1580686906.44,-0009.77,+0000.00,-0001.95,+0001.76,+0000.46,-0010.11
+1580686906.44,-0008.79,+0000.00,-0000.98,+0001.00,-0000.38,-0010.49
+1580686906.45,-0008.79,-0000.98,+0000.00,-0000.31,+0001.00,-0008.35
+1580686906.45,-0012.70,-0001.95,+0000.00,-0001.38,+0000.77,-0001.99
+1580686906.46,-0018.55,-0000.98,-0000.98,-0000.54,+0000.23,+0004.52
+1580686906.46,-0027.34,-0001.95,-0000.98,-0000.23,+0003.60,+0010.18
+1580686906.47,-0033.20,-0003.91,-0001.95,+0000.84,-0000.31,-0003.68
+1580686906.47,-0031.25,-0003.91,-0001.95,+0001.07,+0003.98,-0004.67
+1580686906.48,-0035.16,-0007.81,-0001.95,-0001.00,+0002.53,-0006.89
+1580686906.48,-0040.04,-0008.79,-0000.98,+0002.99,+0001.84,-0010.72
+1580686906.49,-0042.97,-0007.81,+0000.00,+0000.77,-0001.38,-0015.70
+1580686906.49,-0039.06,-0006.84,+0000.98,+0001.38,+0001.23,-0019.29
+1580686906.50,-0039.06,-0006.84,+0001.95,-0000.15,-0000.46,-0017.53
+1580686906.50,-0038.09,-0004.88,+0001.95,+0001.00,-0001.53,-0010.34
+1580686906.51,-0034.18,-0002.93,+0002.93,-0002.68,-0002.91,-0010.80
+1580686906.51,-0033.20,-0002.93,+0001.95,+0000.92,-0000.31,-0007.04
+1580686906.52,-0031.25,-0001.95,+0001.95,-0001.38,-0000.38,-0008.58
+1580686906.52,-0029.30,+0000.00,+0001.95,+0000.38,-0001.30,-0008.35
+1580686906.53,-0024.41,+0000.00,+0001.95,+0001.23,-0002.76,-0008.19
+1580686906.53,-0023.44,+0000.00,+0002.93,+0001.45,-0000.92,-0009.57
+1580686906.54,-0021.48,+0002.93,+0003.91,+0001.15,-0000.08,-0008.50
+1580686906.54,-0022.46,+0003.91,+0005.86,+0003.37,+0005.97,-0017.15
+1580686906.55,-0028.32,+0005.86,+0007.81,+0000.92,-0003.90,-0015.16
+1580686906.55,-0016.60,+0006.84,+0009.77,+0003.29,-0002.76,-0018.91
+1580686906.56,-0009.77,+0004.88,+0010.74,+0002.60,+0003.68,-0011.03
+1580686906.56,-0022.46,+0006.84,+0011.72,+0003.29,+0001.53,-0008.96
+1580686906.57,-0025.39,+0010.74,+0012.70,+0001.07,-0003.52,-0011.87
+1580686906.57,-0013.67,+0009.77,+0014.65,+0000.08,+0002.68,-0010.11
+1580686906.58,-0015.62,+0008.79,+0016.60,+0003.14,+0000.54,-0010.34
+1580686906.58,-0021.48,+0012.70,+0017.58,-0000.15,-0000.38,-0009.42
+1580686906.59,-0020.51,+0011.72,+0017.58,+0001.00,-0000.69,-0007.35
+1580686906.59,-0020.51,+0011.72,+0017.58,+0001.00,+0001.23,-0006.89
+1580686906.60,-0022.46,+0011.72,+0017.58,+0000.54,+0001.61,-0006.12
+1580686906.60,-0027.34,+0012.70,+0018.55,+0002.60,-0000.08,-0006.28
+1580686906.61,-0027.34,+0013.67,+0019.53,+0001.53,+0002.22,-0008.35
+1580686906.61,-0029.30,+0013.67,+0019.53,+0000.23,+0001.45,-0011.41
+1580686906.62,-0027.34,+0013.67,+0020.51,+0000.69,+0001.45,-0012.17
+1580686906.62,-0029.30,+0013.67,+0019.53,-0001.61,+0001.07,-0013.63
+1580686906.63,-0026.37,+0014.65,+0019.53,-0000.38,+0001.76,-0012.10
+1580686906.63,-0025.39,+0014.65,+0018.55,-0002.22,-0002.68,-0012.17
+1580686906.64,-0024.41,+0014.65,+0017.58,+0000.15,-0000.31,-0009.95
+1580686906.64,-0024.41,+0015.62,+0015.62,-0001.30,-0002.37,-0008.35
+1580686906.65,-0021.48,+0014.65,+0014.65,-0001.99,-0000.46,-0008.80
+1580686906.65,-0019.53,+0013.67,+0013.67,-0001.84,-0001.45,-0008.58
+1580686906.66,-0018.55,+0013.67,+0013.67,+0001.23,+0000.23,-0010.57
+1580686906.66,-0018.55,+0014.65,+0012.70,-0000.54,-0001.38,-0008.73
+1580686906.67,-0016.60,+0014.65,+0012.70,+0000.23,+0000.69,-0008.27
+1580686906.67,-0018.55,+0013.67,+0011.72,+0000.08,-0000.61,-0007.66
+1580686906.68,-0018.55,+0014.65,+0011.72,+0001.15,+0002.53,-0008.80
+1580686906.68,-0019.53,+0012.70,+0011.72,+0000.00,-0004.06,-0012.10
+1580686906.69,-0002.93,+0009.77,+0011.72,-0004.06,-0004.67,-0003.98
+1580686906.69,+0023.44,+0005.86,+0011.72,-0000.15,-0019.14,+0012.63
+1580686906.70,+0005.86,+0007.81,+0007.81,-0008.50,-0000.08,-0008.42
+1580686906.70,-0031.25,+0000.98,+0003.91,-0004.06,-0011.56,-0002.83
+1580686906.71,+0002.93,+0015.62,+0004.88,+0005.97,+0005.90,-0037.29
+1580686906.71,+0015.62,+0003.91,+0001.95,-0006.35,-0018.91,-0012.79
+1580686906.72,+0016.60,+0001.95,+0001.95,-0014.09,-0008.96,-0002.76
+1580686906.72,+0002.93,+0004.88,+0001.95,+0003.60,+0005.90,-0024.19
+1580686906.73,-0003.91,+0011.72,+0001.95,-0004.98,-0010.57,-0014.85
+1580686906.73,+0019.53,+0005.86,+0000.98,-0005.97,-0002.91,-0014.78
+1580686906.74,+0016.60,+0002.93,-0001.95,-0005.82,-0000.38,+0005.67
+1580686906.74,+0005.86,+0002.93,-0003.91,+0003.60,-0000.92,-0008.80
+1580686906.75,+0005.86,+0003.91,-0004.88,-0007.89,-0003.29,+0003.45
+1580686906.75,+0002.93,+0002.93,-0006.84,-0010.57,-0005.28,+0004.52
+1580686906.76,+0009.77,-0001.95,-0007.81,+0004.75,+0006.51,-0018.68
+1580686906.76,+0004.88,-0000.98,-0008.79,-0010.11,-0004.75,-0001.76
+1580686906.77,+0000.00,+0000.98,-0009.77,-0010.64,-0008.27,-0007.12
+1580686906.77,+0005.86,-0003.91,-0010.74,+0005.13,+0008.80,-0023.81
+1580686906.78,+0002.93,-0002.93,-0011.72,-0006.74,-0005.13,-0006.81
+1580686906.78,+0003.91,-0001.95,-0012.70,+0002.07,+0006.58,-0022.05
+1580686906.79,+0001.95,-0003.91,-0013.67,+0001.00,+0006.66,-0019.91
+1580686906.79,-0001.95,-0002.93,-0014.65,-0005.13,-0008.80,+0000.15
+1580686906.80,+0009.77,-0005.86,-0015.62,+0001.38,+0006.58,-0003.29
+1580686906.80,-0012.70,-0004.88,-0017.58,-0003.83,-0000.54,-0011.64
+1580686906.81,-0009.77,-0004.88,-0017.58,+0001.61,-0003.83,-0010.11
+1580686906.81,+0008.79,-0007.81,-0016.60,-0008.19,+0000.84,-0010.80
+1580686906.82,+0003.91,-0009.77,-0017.58,+0000.77,+0001.84,-0008.50
+1580686906.82,-0004.88,-0004.88,-0017.58,-0001.99,-0001.68,-0013.63
+1580686906.83,-0003.91,-0006.84,-0018.55,-0001.84,-0003.29,-0010.80
+1580686906.83,+0005.86,-0009.77,-0019.53,-0001.30,-0002.83,-0010.34
+1580686906.84,+0003.91,-0007.81,-0019.53,-0000.38,-0000.31,-0012.48
+1580686906.84,-0002.93,-0004.88,-0018.55,-0001.07,-0004.52,-0012.17
+1580686906.85,+0002.93,-0005.86,-0018.55,+0000.00,-0001.45,-0013.78
+1580686906.85,+0005.86,-0006.84,-0018.55,-0001.91,-0000.38,-0013.17
+1580686906.86,+0001.95,-0004.88,-0019.53,-0001.15,-0000.31,-0010.49
+1580686906.86,-0000.98,-0004.88,-0019.53,-0001.23,-0000.77,-0010.49
+1580686906.87,+0001.95,-0004.88,-0018.55,+0000.31,-0002.37,-0007.73
+1580686906.87,+0002.93,-0003.91,-0018.55,-0000.54,+0001.00,-0008.50
+1580686906.88,-0002.93,-0003.91,-0017.58,+0000.31,-0000.69,-0007.58
+1580686906.88,-0000.98,-0002.93,-0017.58,-0000.46,-0001.23,-0008.50
+1580686906.89,+0000.00,-0003.91,-0016.60,-0001.23,-0000.77,-0008.35
+1580686906.89,+0000.00,-0003.91,-0016.60,-0000.23,-0000.84,-0006.81
+1580686906.90,+0000.98,-0003.91,-0015.62,-0000.69,-0000.46,-0009.19
+1580686906.90,+0000.98,-0003.91,-0015.62,+0001.76,-0002.99,-0009.72
+1580686906.91,+0005.86,-0003.91,-0014.65,+0000.00,-0000.38,-0012.48
+1580686906.91,+0001.95,-0003.91,-0015.62,-0000.77,-0001.53,-0012.79
+1580686906.92,+0002.93,-0003.91,-0014.65,+0000.77,-0001.07,-0013.32
+1580686906.92,+0003.91,-0003.91,-0013.67,-0001.45,-0000.54,-0012.56
+1580686906.93,+0003.91,-0003.91,-0013.67,+0001.76,+0000.38,-0010.80
+1580686906.93,+0000.00,-0002.93,-0012.70,-0000.08,-0000.77,-0011.18
+1580686906.94,-0001.95,-0003.91,-0012.70,+0001.15,+0000.38,-0010.26
+1580686906.94,+0000.00,-0003.91,-0011.72,+0000.69,-0000.15,-0005.21
+1580686906.95,+0001.95,-0005.86,-0011.72,-0000.23,+0000.15,-0004.52
+1580686906.95,-0000.98,-0006.84,-0011.72,-0001.76,+0001.99,-0005.51
+1580686906.96,-0006.84,-0005.86,-0012.70,+0000.15,-0000.77,-0008.12
+1580686906.96,-0002.93,-0006.84,-0012.70,-0001.15,-0001.07,-0009.95
+1580686906.97,+0001.95,-0008.79,-0012.70,-0000.77,-0000.46,-0010.03
+1580686906.97,-0000.98,-0008.79,-0012.70,-0000.08,-0000.23,-0009.19
+1580686906.98,-0004.88,-0007.81,-0012.70,-0000.23,-0001.45,-0008.65
+1580686906.98,-0005.86,-0008.79,-0011.72,-0000.38,+0003.06,-0014.09
+1580686906.99,-0002.93,-0007.81,-0011.72,-0000.38,-0009.42,-0003.68
+1580686906.99,+0002.93,-0010.74,-0011.72,-0001.00,+0008.73,-0006.28
+1580686907.00,-0025.39,-0007.81,-0011.72,-0002.14,-0006.28,-0008.96
+1580686907.00,-0004.88,-0005.86,-0009.77,+0005.82,-0002.14,-0014.93
+1580686907.01,+0002.93,-0011.72,-0009.77,-0007.73,+0002.99,-0014.01
+1580686907.01,-0010.74,-0008.79,-0009.77,+0005.82,+0001.30,-0008.35
+1580686907.02,-0009.77,-0003.91,-0009.77,-0001.45,-0000.77,-0014.32
+1580686907.02,-0005.86,-0008.79,-0009.77,-0000.84,-0003.06,-0010.80
+1580686907.03,+0000.98,-0007.81,-0009.77,-0000.92,+0002.22,-0012.48
+1580686907.03,-0005.86,-0003.91,-0008.79,-0000.54,-0002.53,-0014.16
+1580686907.04,-0000.98,-0003.91,-0007.81,-0000.38,-0002.83,-0011.64
+1580686907.04,+0005.86,-0004.88,-0007.81,+0000.61,-0001.45,-0011.33
+1580686907.05,+0000.00,-0001.95,-0005.86,+0001.38,+0000.61,-0009.65
+1580686907.05,-0001.95,+0000.00,-0004.88,+0000.15,-0001.00,-0010.11
+1580686907.06,+0000.98,-0000.98,-0002.93,+0001.53,+0000.23,-0006.35
+1580686907.06,+0001.95,-0000.98,-0001.95,+0001.38,+0000.23,-0005.21
+1580686907.07,-0002.93,+0000.98,+0000.00,+0001.07,-0000.15,-0007.81
+1580686907.07,-0000.98,+0000.98,+0001.95,+0001.68,-0001.53,-0009.57
+1580686907.08,+0000.00,-0000.98,+0002.93,+0000.77,+0001.76,-0010.87
+1580686907.08,-0004.88,+0000.00,+0003.91,+0001.99,+0001.15,-0012.79
+1580686907.09,+0000.00,+0002.93,+0004.88,+0000.69,-0001.00,-0012.63
+1580686907.09,+0000.00,+0000.98,+0005.86,+0001.99,-0000.77,-0012.63
+1580686907.10,-0000.98,+0000.98,+0005.86,+0000.46,-0001.30,-0009.88
+1580686907.10,+0000.00,+0002.93,+0006.84,+0000.46,-0000.92,-0009.26
+1580686907.11,+0000.00,+0001.95,+0006.84,+0001.45,-0002.83,-0007.66
+1580686907.11,+0001.95,+0000.98,+0006.84,-0000.46,-0000.23,-0009.26
+1580686907.12,+0000.00,+0000.98,+0006.84,+0000.61,-0001.07,-0010.41
+1580686907.12,+0000.98,+0000.98,+0006.84,-0000.38,-0001.38,-0009.26
+1580686907.13,+0001.95,-0000.98,+0005.86,-0000.46,-0000.54,-0010.57
+1580686907.13,-0001.95,-0001.95,+0005.86,-0000.15,+0000.77,-0012.40
+1580686907.14,-0001.95,-0000.98,+0005.86,-0000.61,-0002.07,-0013.02
+1580686907.14,+0002.93,-0002.93,+0004.88,-0001.38,-0001.61,-0011.87
+1580686907.15,+0002.93,-0005.86,+0003.91,-0000.92,-0000.77,-0011.25
+1580686907.15,+0003.91,-0004.88,+0002.93,-0002.60,-0003.75,-0008.42
+1580686907.16,+0005.86,-0005.86,+0001.95,-0001.91,-0002.14,-0004.29
+1580686907.16,+0005.86,-0007.81,+0000.00,-0001.84,-0001.61,-0001.53
+1580686907.17,+0002.93,-0007.81,-0000.98,-0001.15,-0001.91,-0003.29
+1580686907.17,+0000.98,-0008.79,-0001.95,-0003.22,-0001.76,-0004.90
+1580686907.18,+0003.91,-0010.74,-0002.93,-0001.30,-0000.61,-0006.58
+1580686907.18,+0000.00,-0012.70,-0003.91,-0001.68,+0001.68,-0008.65
+1580686907.19,-0006.84,-0012.70,-0003.91,-0000.38,+0000.15,-0012.79
+1580686907.19,-0005.86,-0012.70,-0002.93,+0000.61,+0000.08,-0015.93
+1580686907.20,-0002.93,-0014.65,-0003.91,-0000.31,-0001.00,-0013.09
+1580686907.20,-0003.91,-0015.62,-0004.88,-0001.38,+0001.23,-0013.02
+1580686907.21,-0006.84,-0016.60,-0005.86,-0002.83,-0002.53,-0009.42
+1580686907.21,-0006.84,-0016.60,-0006.84,-0001.23,-0000.31,-0007.35
+1580686907.22,-0008.79,-0017.58,-0007.81,-0003.37,+0001.00,-0005.90
+1580686907.22,-0011.72,-0017.58,-0008.79,-0001.15,-0001.68,-0006.74
+1580686907.23,-0008.79,-0019.53,-0009.77,-0001.00,+0000.77,-0006.66
+1580686907.23,-0009.77,-0020.51,-0010.74,-0002.14,+0003.22,-0011.18
+1580686907.24,-0016.60,-0019.53,-0010.74,-0000.15,+0000.46,-0015.62
+1580686907.24,-0010.74,-0018.55,-0009.77,-0000.84,+0001.15,-0020.98
+1580686907.25,-0008.79,-0019.53,-0008.79,+0001.15,+0002.07,-0017.69
+1580686907.25,-0009.77,-0016.60,-0007.81,-0000.23,-0000.08,-0013.02
+1580686907.26,-0008.79,-0016.60,-0007.81,-0000.77,-0000.54,-0012.10
+1580686907.26,-0005.86,-0016.60,-0007.81,+0000.46,-0000.61,-0007.12
+1580686907.27,-0002.93,-0015.62,-0007.81,-0000.84,+0000.15,-0012.17
+1580686907.27,+0006.84,-0015.62,-0007.81,-0003.06,-0013.55,+0004.75
+1580686907.28,+0009.77,-0016.60,-0007.81,-0004.98,+0000.46,-0014.93
+1580686907.28,-0014.65,-0013.67,-0007.81,+0004.59,-0008.50,-0007.66
+1580686907.29,+0013.67,-0008.79,-0005.86,+0005.59,-0001.45,-0017.76
+1580686907.29,+0012.70,-0018.55,-0004.88,-0004.98,+0000.92,-0012.79
+1580686907.30,-0001.95,-0006.84,-0000.98,-0002.99,-0003.52,-0013.78
+1580686907.30,+0001.95,-0001.95,+0000.98,+0004.67,-0001.61,-0015.77
+1580686907.31,+0011.72,-0007.81,+0002.93,+0002.07,-0002.76,-0010.18
+1580686907.31,+0008.79,-0006.84,+0004.88,+0004.59,-0000.08,-0007.96
+1580686907.32,+0000.00,+0001.95,+0007.81,+0000.61,-0002.07,-0007.58
+1580686907.32,+0002.93,-0001.95,+0008.79,+0001.23,+0000.92,-0008.58
+1580686907.33,+0005.86,-0002.93,+0009.77,+0002.30,+0000.23,-0007.73
+1580686907.33,+0001.95,+0001.95,+0011.72,+0001.91,+0001.00,-0006.58
+1580686907.34,+0000.00,+0002.93,+0012.70,+0001.76,-0000.38,-0008.04
+1580686907.34,-0000.98,+0001.95,+0013.67,+0002.30,-0000.38,-0005.74
+1580686907.35,-0001.95,+0003.91,+0014.65,+0001.07,+0001.07,-0006.35
+1580686907.35,-0004.88,+0005.86,+0015.62,+0001.38,+0001.84,-0013.02
+1580686907.36,-0005.86,+0005.86,+0017.58,+0002.30,-0001.53,-0013.63
+1580686907.36,-0003.91,+0007.81,+0018.55,+0001.91,+0000.23,-0014.16
+1580686907.37,-0001.95,+0009.77,+0019.53,+0001.00,-0002.30,-0009.88
+1580686907.37,+0000.98,+0009.77,+0021.48,+0001.07,-0000.23,-0007.73
+1580686907.38,-0000.98,+0011.72,+0020.51,+0000.61,+0000.54,-0007.20
+1580686907.38,-0002.93,+0012.70,+0020.51,+0000.92,-0002.60,-0007.20
+1580686907.39,+0003.91,+0013.67,+0020.51,-0000.46,-0000.15,-0008.19
+1580686907.39,+0002.93,+0013.67,+0020.51,-0000.15,-0001.23,-0008.35
+1580686907.40,+0000.00,+0016.60,+0020.51,+0001.00,-0001.15,-0008.65
+1580686907.40,+0000.00,+0016.60,+0020.51,+0000.23,-0000.46,-0014.47
+1580686907.41,+0000.00,+0017.58,+0021.48,+0002.30,+0000.15,-0014.70
+1580686907.41,+0001.95,+0019.53,+0021.48,+0000.31,+0001.99,-0016.15
+1580686907.42,+0001.95,+0019.53,+0021.48,+0000.69,+0000.23,-0014.32
+1580686907.42,+0004.88,+0020.51,+0021.48,-0000.69,-0000.54,-0011.18
+1580686907.43,+0004.88,+0019.53,+0020.51,-0000.23,-0001.61,-0005.97
+1580686907.43,+0004.88,+0019.53,+0018.55,-0000.54,-0001.00,-0004.59
+1580686907.44,+0001.95,+0018.55,+0016.60,-0001.38,-0001.68,-0004.67
+1580686907.44,+0000.98,+0019.53,+0015.62,-0001.15,+0000.69,-0006.89
+1580686907.45,+0000.00,+0017.58,+0014.65,-0000.69,+0000.46,-0011.10
+1580686907.45,+0000.98,+0016.60,+0013.67,-0002.22,-0000.92,-0012.25
+1580686907.46,-0000.98,+0015.62,+0012.70,-0000.77,+0002.30,-0020.21
+1580686907.46,-0002.93,+0016.60,+0012.70,-0001.23,-0003.29,-0016.08
+1580686907.47,+0006.84,+0015.62,+0010.74,-0001.61,-0000.38,-0014.85
+1580686907.47,+0004.88,+0011.72,+0009.77,-0000.77,+0001.91,-0007.66
+1580686907.48,-0002.93,+0014.65,+0007.81,-0002.60,+0000.84,-0010.49
+1580686907.48,-0002.93,+0013.67,+0006.84,-0003.06,-0003.06,-0010.95
+1580686907.49,+0008.79,+0010.74,+0004.88,-0000.15,-0001.84,-0008.12
+1580686907.49,+0002.93,+0007.81,+0002.93,-0001.15,+0000.15,-0010.03
+1580686907.50,-0003.91,+0010.74,+0000.98,-0004.21,-0001.61,-0009.49
+1580686907.50,+0003.91,+0007.81,-0000.98,-0003.37,-0002.68,-0012.48
+1580686907.51,+0008.79,+0003.91,-0002.93,-0001.53,+0002.45,-0007.96
+1580686907.51,+0000.98,+0005.86,-0004.88,-0001.30,+0000.08,-0008.58
+1580686907.52,-0002.93,+0005.86,-0004.88,-0002.45,-0001.38,-0008.58
+1580686907.52,+0002.93,+0002.93,-0005.86,-0000.61,-0000.61,-0009.11
+1580686907.53,+0005.86,+0000.98,-0005.86,+0000.31,-0000.08,-0004.59
+1580686907.53,+0001.95,+0001.95,-0006.84,-0001.99,+0001.68,-0008.27
+1580686907.54,-0005.86,+0000.98,-0007.81,-0002.76,+0000.69,-0011.18
+1580686907.54,-0003.91,+0000.00,-0008.79,-0001.76,+0002.07,-0014.62
+1580686907.55,-0003.91,-0001.95,-0008.79,-0001.15,-0001.53,-0013.48
+1580686907.55,+0005.86,-0003.91,-0008.79,-0003.29,-0005.90,+0007.35
+1580686907.56,-0013.67,-0003.91,-0010.74,+0004.98,+0016.61,-0020.67
+1580686907.56,-0021.48,-0003.91,-0009.77,+0005.36,-0002.68,-0010.03
+1580686907.57,+0005.86,-0003.91,-0009.77,-0006.12,-0003.29,-0009.65
+1580686907.57,-0002.93,-0015.62,-0010.74,-0000.23,+0005.13,-0004.59
+1580686907.58,-0014.65,-0005.86,-0010.74,-0003.98,-0001.91,-0015.24
+1580686907.58,-0009.77,-0006.84,-0010.74,+0000.46,-0004.52,-0015.47
+1580686907.59,+0004.88,-0012.70,-0011.72,-0001.53,-0000.84,-0011.79
+1580686907.59,+0000.00,-0012.70,-0010.74,+0000.84,+0001.30,-0013.48
+1580686907.60,-0005.86,-0005.86,-0010.74,-0001.23,-0002.07,-0012.63
+1580686907.60,-0001.95,-0010.74,-0009.77,+0001.07,-0002.22,-0009.88
+1580686907.61,+0004.88,-0012.70,-0010.74,+0000.00,-0001.99,-0008.27
+1580686907.61,+0000.98,-0008.79,-0008.79,-0000.61,-0001.38,-0008.12
+1580686907.62,-0000.98,-0006.84,-0007.81,-0000.31,-0001.23,-0007.81
+1580686907.62,+0001.95,-0009.77,-0007.81,+0000.38,-0001.23,-0007.96
+1580686907.63,+0001.95,-0009.77,-0006.84,+0000.77,+0000.69,-0010.80
+1580686907.63,+0001.95,-0006.84,-0006.84,+0001.61,-0001.15,-0013.93
+1580686907.64,+0000.98,-0007.81,-0004.88,+0001.23,-0000.46,-0013.17
+1580686907.64,+0002.93,-0007.81,-0002.93,+0002.22,-0002.07,-0010.80
+1580686907.65,+0007.81,-0005.86,-0000.98,+0001.30,-0000.46,-0007.12
+1580686907.65,+0004.88,-0005.86,-0000.98,+0001.23,+0002.45,-0007.50
+1580686907.66,-0001.95,-0003.91,+0000.00,+0001.30,+0000.15,-0012.56
+1580686907.66,-0001.95,-0002.93,+0000.98,+0001.23,-0000.84,-0013.63
+1580686907.67,+0003.91,-0003.91,+0001.95,-0000.15,-0000.23,-0011.87
+1580686907.67,+0000.98,-0002.93,+0002.93,+0001.68,+0001.91,-0010.11
+1580686907.68,-0002.93,-0000.98,+0003.91,-0000.08,+0000.38,-0010.03
+1580686907.68,-0001.95,-0001.95,+0003.91,+0001.45,-0001.30,-0009.88
+1580686907.69,+0002.93,-0000.98,+0004.88,+0000.84,+0000.00,-0008.19
+1580686907.69,+0000.00,+0000.00,+0005.86,+0001.07,+0000.31,-0008.96
+1580686907.70,-0003.91,+0001.95,+0005.86,+0000.23,-0000.15,-0009.72
+1580686907.70,-0002.93,+0001.95,+0006.84,+0000.00,-0001.53,-0009.65
+1580686907.71,-0000.98,+0001.95,+0006.84,+0000.31,+0000.15,-0008.80
+1580686907.71,-0002.93,+0003.91,+0006.84,+0000.92,+0000.69,-0008.88
+1580686907.72,-0003.91,+0005.86,+0007.81,+0000.38,-0001.30,-0010.87
+1580686907.72,-0000.98,+0004.88,+0007.81,+0000.08,+0000.15,-0011.10
+1580686907.73,+0000.00,+0004.88,+0007.81,-0000.61,-0000.15,-0011.18
+1580686907.73,-0000.98,+0005.86,+0007.81,-0000.15,+0000.61,-0009.65
+1580686907.74,-0002.93,+0006.84,+0007.81,+0000.38,-0000.54,-0011.94
+1580686907.74,-0003.91,+0006.84,+0007.81,+0001.15,-0001.15,-0011.03
+1580686907.75,-0000.98,+0006.84,+0007.81,-0000.77,-0001.91,-0011.03
+1580686907.75,+0000.00,+0006.84,+0007.81,+0000.31,-0001.00,-0008.12
+1580686907.76,+0000.00,+0007.81,+0007.81,-0000.54,-0000.84,-0007.81
+1580686907.76,+0000.00,+0006.84,+0007.81,-0000.69,-0002.68,-0007.50
+1580686907.77,+0003.91,+0006.84,+0006.84,-0001.15,-0002.45,-0008.50
+1580686907.77,+0002.93,+0005.86,+0006.84,-0000.08,+0000.00,-0008.27
+1580686907.78,-0000.98,+0007.81,+0005.86,-0000.31,+0000.61,-0009.65
+1580686907.78,-0003.91,+0007.81,+0005.86,+0001.45,-0000.23,-0012.10
+1580686907.79,-0001.95,+0007.81,+0006.84,+0001.76,-0000.38,-0013.40
+1580686907.79,+0000.00,+0007.81,+0007.81,+0001.38,+0001.84,-0012.10
+1580686907.80,-0003.91,+0008.79,+0007.81,+0001.53,+0000.84,-0010.72
+1580686907.80,-0003.91,+0010.74,+0008.79,+0001.30,-0000.77,-0009.49
+1580686907.81,-0004.88,+0008.79,+0007.81,-0000.77,-0001.45,-0008.50
+1580686907.81,-0002.93,+0008.79,+0006.84,-0000.08,-0001.68,-0005.28
+1580686907.82,-0001.95,+0009.77,+0005.86,-0002.37,+0002.22,-0012.02
+1580686907.82,-0005.86,+0008.79,+0004.88,-0001.23,+0001.07,-0018.83
+1580686907.83,+0011.72,+0006.84,+0003.91,-0004.98,+0002.07,-0006.05
+1580686907.83,+0004.88,+0005.86,+0000.98,-0000.92,+0006.97,-0026.41
+1580686907.84,-0007.81,+0008.79,+0000.98,-0004.67,-0011.87,-0008.19
+1580686907.84,+0016.60,+0010.74,-0000.98,-0011.87,-0001.15,-0007.81
+1580686907.85,+0010.74,+0000.00,-0002.93,+0005.74,-0000.31,+0001.07
+1580686907.85,+0003.91,+0010.74,-0002.93,-0004.29,-0001.68,-0001.53
+1580686907.86,-0000.98,+0008.79,-0002.93,-0003.22,+0002.22,-0008.96
+1580686907.86,+0003.91,+0006.84,-0002.93,-0001.15,-0000.38,-0007.66
+1580686907.87,+0009.77,+0006.84,-0001.95,-0000.15,+0002.14,-0009.03
+1580686907.87,-0001.95,+0009.77,-0000.98,+0000.69,+0002.14,-0008.42
+1580686907.88,-0002.93,+0009.77,-0000.98,-0000.61,-0000.08,-0013.55
+1580686907.88,+0000.98,+0006.84,-0001.95,-0001.53,-0000.84,-0010.64
+1580686907.89,+0003.91,+0005.86,-0002.93,+0001.38,+0001.68,-0010.64
+1580686907.89,-0007.81,+0008.79,-0003.91,-0001.99,+0005.51,-0015.93
+1580686907.90,-0009.77,+0008.79,-0002.93,+0000.54,-0001.15,-0018.45
+1580686907.90,+0000.98,+0006.84,-0001.95,-0003.22,+0001.84,-0017.46
+1580686907.91,+0002.93,+0004.88,-0002.93,-0000.38,-0002.14,-0006.20
+1580686907.91,-0003.91,+0006.84,-0003.91,-0004.52,+0001.68,+0000.23
+1580686907.92,-0009.77,+0004.88,-0005.86,-0001.45,-0003.29,-0001.99
+1580686907.92,-0005.86,+0002.93,-0007.81,-0002.99,+0001.99,-0007.43
+1580686907.93,-0002.93,+0001.95,-0008.79,-0000.46,+0000.54,-0007.81
+1580686907.93,-0003.91,+0002.93,-0009.77,-0000.84,+0001.53,-0014.78
+1580686907.94,-0008.79,+0002.93,-0008.79,+0000.92,-0001.07,-0019.14
+1580686907.94,-0004.88,+0002.93,-0007.81,-0000.15,-0001.91,-0018.91
+1580686907.95,+0002.93,+0001.95,-0007.81,+0000.61,+0001.68,-0009.57
+1580686907.95,-0002.93,+0001.95,-0007.81,+0000.54,+0000.46,-0007.73
+1580686907.96,-0006.84,+0003.91,-0007.81,-0001.00,-0002.07,-0006.89
+1580686907.96,+0000.00,+0000.98,-0009.77,-0002.14,-0001.99,-0006.05
+1580686907.97,+0000.98,-0000.98,-0010.74,-0001.07,+0001.30,-0008.19
+1580686907.97,-0002.93,+0000.98,-0011.72,-0000.31,-0001.76,-0010.18
+1580686907.98,-0000.98,+0000.00,-0011.72,-0001.30,-0001.61,-0012.94
+1580686907.98,+0004.88,-0001.95,-0011.72,+0000.31,+0000.23,-0012.63
+1580686907.99,+0004.88,-0001.95,-0011.72,-0000.31,-0001.30,-0011.18
+1580686907.99,+0001.95,+0000.00,-0011.72,-0001.00,-0000.84,-0010.41
+1580686908.00,+0000.98,-0001.95,-0011.72,+0000.08,-0001.45,-0010.18
+1580686908.00,+0002.93,-0002.93,-0011.72,-0000.31,-0001.76,-0011.41
+1580686908.01,+0005.86,-0001.95,-0011.72,-0001.68,+0000.61,-0007.66
+1580686908.01,+0004.88,-0002.93,-0011.72,-0001.84,-0002.07,-0007.12
+1580686908.02,+0000.00,-0002.93,-0012.70,-0001.76,-0000.54,-0008.42
+1580686908.02,+0000.00,-0002.93,-0013.67,+0000.15,-0000.23,-0011.25
+1580686908.03,+0000.00,-0003.91,-0012.70,-0000.46,+0001.45,-0010.64
+1580686908.03,+0000.98,-0003.91,-0012.70,+0001.23,+0000.61,-0009.88
+1580686908.04,-0001.95,-0002.93,-0011.72,+0000.23,+0000.38,-0010.72
+1580686908.04,-0001.95,-0002.93,-0012.70,-0000.69,-0001.76,-0008.88
+1580686908.05,+0001.95,-0003.91,-0013.67,-0000.23,+0000.31,-0007.89
+1580686908.05,-0002.93,-0003.91,-0014.65,-0000.61,-0001.30,-0010.80
+1580686908.06,-0000.98,-0002.93,-0014.65,-0000.77,-0000.31,-0013.63
+1580686908.06,+0002.93,-0004.88,-0014.65,-0001.68,-0000.46,-0012.25
+1580686908.07,+0000.98,-0005.86,-0015.62,-0000.69,-0002.99,-0008.50
+1580686908.07,+0000.00,-0004.88,-0016.60,-0002.91,-0000.61,-0006.89
+1580686908.08,+0000.00,-0005.86,-0017.58,+0001.38,-0000.69,-0005.67
+1580686908.08,-0001.95,-0005.86,-0018.55,-0000.69,+0001.53,-0006.51
+1580686908.09,-0003.91,-0005.86,-0018.55,+0001.61,+0004.36,-0007.89
+1580686908.09,-0007.81,-0004.88,-0017.58,+0001.61,+0003.68,-0017.61
+1580686908.10,-0008.79,-0004.88,-0014.65,-0000.08,-0004.06,-0008.58
+1580686908.10,-0004.88,-0001.95,-0014.65,+0004.13,+0009.19,-0022.36
+1580686908.11,-0013.67,-0003.91,-0011.72,+0002.14,-0010.34,-0011.25
+1580686908.11,+0017.58,-0000.98,-0010.74,-0004.52,+0000.08,-0009.88
+1580686908.12,+0007.81,-0008.79,-0014.65,-0003.60,+0002.14,-0004.59
+1580686908.12,-0003.91,-0004.88,-0014.65,+0003.45,-0004.75,-0002.07
+1580686908.13,+0003.91,-0004.88,-0012.70,-0000.38,-0004.44,-0014.32
+1580686908.13,+0014.65,-0010.74,-0008.79,-0002.30,-0002.60,-0010.26
+1580686908.14,+0008.79,-0010.74,-0007.81,-0002.76,+0003.37,-0016.08
+1580686908.14,+0003.91,-0006.84,-0007.81,-0003.45,-0001.15,-0015.31
+1580686908.15,+0010.74,-0010.74,-0011.72,-0003.68,-0000.92,-0014.55
+1580686908.15,+0013.67,-0015.62,-0014.65,-0001.00,-0002.37,-0007.89
+1580686908.16,+0013.67,-0013.67,-0016.60,+0001.53,-0000.69,-0002.99
+1580686908.16,+0002.93,-0011.72,-0016.60,+0004.21,-0003.45,-0004.67
+1580686908.17,+0007.81,-0011.72,-0012.70,+0002.76,-0004.13,-0005.21
+1580686908.17,+0009.77,-0013.67,-0007.81,+0001.68,+0005.51,-0008.96
+1580686908.18,-0000.98,-0009.77,-0003.91,+0001.07,-0000.69,-0011.25
+1580686908.18,+0004.88,-0006.84,-0004.88,-0003.29,+0000.61,-0013.25
+1580686908.19,+0002.93,-0012.70,-0008.79,-0001.45,+0001.00,-0013.48
+1580686908.19,-0000.98,-0011.72,-0009.77,+0003.22,+0002.07,-0016.54
+1580686908.20,+0000.00,-0009.77,-0008.79,+0001.61,-0000.84,-0008.12
+1580686908.20,+0003.91,-0009.77,-0010.74,+0000.69,-0001.15,-0004.29
+1580686908.21,-0002.93,-0011.72,-0010.74,+0000.46,+0001.99,-0003.06
+1580686908.21,-0004.88,-0006.84,-0009.77,-0003.60,+0001.23,-0006.97
+1580686908.22,-0003.91,-0008.79,-0009.77,+0000.08,+0001.07,-0009.19
+1580686908.22,-0001.95,-0008.79,-0009.77,-0001.84,-0002.14,-0009.42
+1580686908.23,+0000.00,-0007.81,-0009.77,+0000.84,+0001.23,-0012.94
+1580686908.23,-0003.91,-0006.84,-0011.72,-0000.38,+0000.23,-0012.25
+1580686908.24,-0005.86,-0006.84,-0012.70,-0000.84,-0001.91,-0013.09
+1580686908.24,-0001.95,-0008.79,-0012.70,-0002.68,-0001.38,-0012.71
+1580686908.25,+0001.95,-0007.81,-0010.74,-0002.37,+0001.00,-0009.26
+1580686908.25,-0002.93,-0006.84,-0010.74,+0000.15,+0001.30,-0009.49
+1580686908.26,-0006.84,-0005.86,-0010.74,-0001.91,-0000.46,-0011.79
+1580686908.26,-0004.88,-0005.86,-0011.72,+0000.46,-0000.92,-0015.16
+1580686908.27,+0002.93,-0007.81,-0010.74,-0000.69,-0002.37,-0006.74
+1580686908.27,-0000.98,-0008.79,-0008.79,+0000.23,+0000.84,-0011.48
+1580686908.28,-0004.88,-0005.86,-0005.86,-0001.91,-0001.38,-0010.41
+1580686908.28,+0004.88,-0005.86,-0007.81,-0003.37,-0003.22,-0006.35
+1580686908.29,+0009.77,-0010.74,-0013.67,+0000.61,+0001.38,-0006.81
+1580686908.29,-0002.93,-0008.79,-0015.62,+0000.15,-0000.31,-0010.49
+1580686908.30,+0000.00,-0005.86,-0014.65,+0000.31,-0002.68,-0010.64
+1580686908.30,+0009.77,-0007.81,-0013.67,-0000.84,+0001.38,-0010.41
+1580686908.31,-0000.98,-0010.74,-0012.70,+0003.75,+0000.92,-0007.35
+1580686908.31,-0006.84,-0003.91,-0010.74,+0001.91,+0001.00,-0012.17
+1580686908.32,-0002.93,-0005.86,-0008.79,+0000.31,-0000.54,-0006.66
+1580686908.32,+0000.98,-0008.79,-0008.79,+0000.38,+0004.98,-0009.11
+1580686908.33,-0013.67,-0008.79,-0007.81,+0001.91,+0005.21,-0012.63
+1580686908.33,-0017.58,-0003.91,-0005.86,+0000.61,+0000.00,-0013.25
+1580686908.34,-0009.77,-0005.86,-0002.93,-0000.08,-0000.08,-0016.15
+1580686908.34,-0004.88,-0007.81,-0001.95,+0001.84,-0000.69,-0008.65
+1580686908.35,-0006.84,-0004.88,-0000.98,+0000.61,+0002.76,-0006.43
+1580686908.35,-0013.67,-0002.93,+0000.00,-0001.84,-0004.82,-0003.37
+1580686908.36,-0003.91,-0003.91,+0000.98,-0001.84,+0001.23,-0004.90
+1580686908.36,-0005.86,-0005.86,+0000.00,-0001.45,+0002.30,-0011.18
+1580686908.37,-0000.98,-0004.88,+0000.98,-0002.68,-0008.65,+0003.90
+1580686908.37,-0004.88,-0002.93,+0000.00,-0005.51,-0000.31,-0013.78
+1580686908.38,-0006.84,-0006.84,+0000.00,+0002.14,-0006.51,-0003.90
+1580686908.38,+0007.81,-0001.95,-0000.98,-0002.76,+0003.14,-0015.08
+1580686908.39,-0014.65,-0009.77,-0001.95,+0007.35,-0001.15,-0015.62
+1580686908.39,-0012.70,+0000.98,+0000.00,-0004.21,+0002.37,-0023.89
+1580686908.40,-0002.93,-0002.93,+0003.91,+0002.68,-0003.37,-0021.36
+1580686908.40,+0005.86,-0003.91,+0004.88,+0002.14,-0003.37,-0007.12
+1580686908.41,+0001.95,-0002.93,+0005.86,+0002.83,+0001.38,-0002.83
+1580686908.41,-0013.67,+0001.95,+0005.86,-0004.67,-0005.28,-0000.31
+1580686908.42,-0000.98,-0001.95,+0004.88,-0000.69,-0001.99,-0006.51
+1580686908.42,+0001.95,-0005.86,+0003.91,-0001.61,+0003.75,-0008.27
+1580686908.43,-0009.77,-0005.86,+0003.91,+0002.14,-0001.15,-0010.49
+1580686908.43,-0007.81,-0001.95,+0003.91,-0001.99,+0000.08,-0013.48
+1580686908.44,-0003.91,-0006.84,+0003.91,-0000.38,-0000.69,-0012.40
+1580686908.44,-0003.91,-0008.79,+0003.91,+0000.61,-0000.31,-0011.33
+1580686908.45,-0005.86,-0005.86,+0004.88,+0001.76,-0000.38,-0012.25
+1580686908.45,-0008.79,-0004.88,+0005.86,-0000.23,+0000.61,-0010.72
+1580686908.46,-0007.81,-0005.86,+0005.86,+0002.14,-0000.23,-0013.86
+1580686908.46,-0004.88,-0004.88,+0007.81,-0000.77,-0001.45,-0011.41
+1580686908.47,+0000.98,-0004.88,+0007.81,+0001.00,+0000.54,-0011.18
+1580686908.47,-0001.95,-0005.86,+0007.81,-0002.83,-0000.46,-0011.03
+1580686908.48,+0000.98,-0004.88,+0006.84,-0003.22,+0001.68,-0009.34
+1580686908.48,+0000.00,-0005.86,+0004.88,-0003.52,-0001.23,-0010.18
+1580686908.49,+0001.95,-0006.84,+0003.91,-0002.14,-0001.61,-0007.58
+1580686908.49,+0002.93,-0007.81,+0002.93,-0002.37,+0002.14,-0009.80
+1580686908.50,+0000.00,-0008.79,+0001.95,-0000.92,+0001.15,-0008.12
+1580686908.50,+0001.95,-0007.81,+0002.93,-0002.22,-0000.61,-0009.26
+1580686908.51,+0000.00,-0009.77,+0001.95,-0000.38,-0000.54,-0008.04
+1580686908.51,-0000.98,-0008.79,+0001.95,+0000.46,+0001.91,-0014.01
+1580686908.52,-0002.93,-0007.81,+0002.93,+0000.92,-0001.84,-0014.55
+1580686908.52,+0003.91,-0006.84,+0003.91,+0000.92,-0002.14,-0012.17
+1580686908.53,+0004.88,-0008.79,+0004.88,-0000.23,-0000.54,-0011.18
+1580686908.53,+0000.98,-0005.86,+0004.88,+0000.31,-0001.15,-0009.72
+1580686908.54,+0001.95,-0004.88,+0005.86,-0000.77,-0001.68,-0008.42
+1580686908.54,+0005.86,-0006.84,+0005.86,-0000.77,-0001.23,-0006.28
+1580686908.55,+0003.91,-0006.84,+0005.86,+0000.54,-0003.90,-0002.91
+1580686908.55,+0005.86,-0005.86,+0006.84,-0000.61,+0002.37,-0007.50
+1580686908.56,-0000.98,-0007.81,+0005.86,+0000.84,-0002.76,-0010.80
+1580686908.56,+0009.77,-0007.81,+0006.84,-0000.54,-0004.98,-0005.51
+1580686908.57,+0009.77,-0009.77,+0006.84,-0000.84,+0000.31,-0008.04
+1580686908.57,-0005.86,-0008.79,+0007.81,+0005.36,-0000.84,-0011.03
+1580686908.58,-0005.86,-0003.91,+0009.77,+0000.08,+0000.77,-0018.15
+1580686908.58,+0000.00,-0007.81,+0009.77,+0003.22,-0003.68,-0011.71
+1580686908.59,+0008.79,-0008.79,+0009.77,-0001.07,+0003.14,-0006.66
+1580686908.59,-0009.77,-0006.84,+0010.74,+0005.36,+0005.51,-0012.71
+1580686908.60,-0018.55,-0000.98,+0012.70,-0000.84,-0002.07,-0011.94
+1580686908.60,+0001.95,-0005.86,+0012.70,-0001.38,+0000.00,-0009.03
+1580686908.61,+0000.00,-0010.74,+0011.72,+0003.45,+0000.92,-0004.82
+1580686908.61,-0006.84,-0002.93,+0013.67,+0001.99,-0004.21,-0003.06
+1580686908.62,-0003.91,-0002.93,+0013.67,-0000.61,-0000.15,-0011.33
+1580686908.62,-0000.98,-0006.84,+0013.67,+0001.15,-0002.83,-0012.56
+1580686908.63,+0006.84,-0005.86,+0013.67,-0000.54,-0003.14,-0008.73
+1580686908.63,+0003.91,-0003.91,+0013.67,+0002.37,+0005.13,-0016.46
+1580686908.64,+0009.77,-0006.84,+0012.70,+0003.45,+0012.02,-0015.16
+1580686908.64,-0006.84,-0002.93,+0011.72,-0007.04,-0001.84,-0015.01
+1580686908.65,-0000.98,-0003.91,+0012.70,+0001.76,-0004.36,-0009.26
+1580686908.65,+0007.81,-0003.91,+0011.72,-0005.05,+0000.08,-0010.57
+1580686908.66,-0005.86,-0007.81,+0013.67,+0012.56,+0001.23,-0009.11
+1580686908.66,-0004.88,+0004.88,+0014.65,-0005.59,+0000.61,-0008.73
+1580686908.67,-0005.86,-0000.98,+0015.62,+0002.07,-0001.15,-0015.62
+1580686908.67,+0000.00,+0000.98,+0015.62,-0000.23,+0001.00,-0010.72
+1580686908.68,-0002.93,+0001.95,+0016.60,+0003.06,-0001.91,-0011.71
+1580686908.68,-0001.95,+0005.86,+0017.58,-0000.31,-0002.14,-0009.26
+1580686908.69,+0002.93,+0003.91,+0017.58,+0000.61,-0003.60,-0010.41
+1580686908.69,+0004.88,+0005.86,+0018.55,+0000.69,+0000.00,-0009.80
+1580686908.70,+0004.88,+0007.81,+0018.55,-0000.23,-0005.05,-0004.36
+1580686908.70,+0005.86,+0006.84,+0018.55,-0001.00,-0002.91,-0004.06
+1580686908.71,+0000.00,+0007.81,+0018.55,+0000.69,-0000.46,-0006.28
+1580686908.71,+0000.98,+0009.77,+0019.53,+0001.53,-0001.91,-0011.10
+1580686908.72,+0000.98,+0009.77,+0020.51,+0001.45,+0001.68,-0013.63
+1580686908.72,-0001.95,+0009.77,+0021.48,+0002.45,+0000.92,-0015.77
+1580686908.73,-0003.91,+0012.70,+0022.46,+0001.76,-0000.54,-0017.07
+1580686908.73,+0000.00,+0013.67,+0023.44,+0002.45,-0001.61,-0010.34
+1580686908.74,+0001.95,+0013.67,+0022.46,+0000.38,+0000.00,-0009.88
+1580686908.74,-0005.86,+0014.65,+0023.44,+0002.14,-0003.45,-0004.59
+1580686908.75,+0000.00,+0017.58,+0023.44,-0002.07,-0002.68,-0007.43
+1580686908.75,+0001.95,+0013.67,+0022.46,+0001.53,+0000.84,-0008.80
+1580686908.76,-0000.98,+0015.62,+0022.46,-0001.30,-0000.23,-0010.80
+1580686908.76,+0000.00,+0017.58,+0021.48,-0000.92,-0000.69,-0012.94
+1580686908.77,+0000.00,+0015.62,+0021.48,-0001.15,+0000.38,-0011.25
+1580686908.77,+0000.00,+0014.65,+0020.51,+0001.30,+0001.30,-0010.18
+1580686908.78,-0004.88,+0016.60,+0019.53,+0001.61,+0000.23,-0010.80
+1580686908.78,-0003.91,+0016.60,+0019.53,-0000.23,-0001.53,-0009.34
+1580686908.79,-0001.95,+0014.65,+0018.55,+0001.30,+0001.23,-0011.10
+1580686908.79,-0002.93,+0014.65,+0019.53,-0000.38,-0000.92,-0007.81
+1580686908.80,-0003.91,+0016.60,+0018.55,-0000.08,+0000.46,-0011.48
+1580686908.80,-0001.95,+0015.62,+0018.55,-0000.08,-0003.22,-0012.33
+1580686908.81,+0005.86,+0015.62,+0017.58,+0000.31,-0001.91,-0009.49
+1580686908.81,+0003.91,+0014.65,+0017.58,+0001.76,-0001.76,-0011.18
+1580686908.82,+0001.95,+0015.62,+0016.60,-0000.15,-0000.23,-0010.57
+1580686908.82,+0005.86,+0015.62,+0015.62,-0000.77,-0000.61,-0010.95
+1580686908.83,+0002.93,+0013.67,+0014.65,+0001.38,+0000.84,-0012.56
+1580686908.83,+0003.91,+0014.65,+0014.65,-0001.30,+0000.92,-0009.11
+1580686908.84,+0000.98,+0013.67,+0014.65,-0001.00,+0000.54,-0009.42
+1580686908.84,+0001.95,+0012.70,+0013.67,-0001.07,-0001.00,-0010.18
+1580686908.85,+0002.93,+0012.70,+0011.72,-0001.84,-0001.68,-0016.00
+1580686908.85,+0003.91,+0011.72,+0010.74,+0000.08,-0001.23,-0010.49
+1580686908.86,+0006.84,+0011.72,+0009.77,-0000.54,+0000.23,-0012.94
+1580686908.86,+0002.93,+0010.74,+0007.81,-0001.23,-0000.69,-0012.48
+1580686908.87,+0009.77,+0010.74,+0006.84,-0003.14,+0000.69,-0008.80
+1580686908.87,+0006.84,+0007.81,+0005.86,-0002.07,+0000.46,-0003.75
+1580686908.88,+0003.91,+0008.79,+0003.91,-0000.38,+0001.07,-0003.83
+1580686908.88,+0002.93,+0007.81,+0002.93,+0000.08,+0000.38,-0005.67
+1580686908.89,+0002.93,+0007.81,+0002.93,-0000.77,+0005.44,-0012.94
+1580686908.89,-0003.91,+0008.79,+0002.93,+0001.45,-0001.30,-0018.45
+1580686908.90,+0023.44,+0006.84,+0003.91,-0001.07,-0015.77,+0009.88
+1580686908.90,-0006.84,+0008.79,+0003.91,-0013.48,-0003.83,-0007.50
+1580686908.91,-0009.77,+0010.74,+0005.86,+0010.57,-0004.36,-0014.47
+1580686908.91,+0015.62,+0014.65,+0004.88,-0006.66,-0002.37,-0019.60
+1580686908.92,+0007.81,+0002.93,+0002.93,+0000.15,-0002.30,-0007.58
+1580686908.92,+0001.95,+0013.67,+0002.93,-0001.68,+0002.45,-0011.25
+1580686908.93,-0000.98,+0013.67,+0002.93,-0002.37,+0001.00,-0010.64
+1580686908.93,+0003.91,+0006.84,+0000.00,-0004.52,-0001.23,-0004.98
+1580686908.94,+0003.91,+0006.84,-0000.98,-0001.53,+0002.14,-0007.96
+1580686908.94,-0004.88,+0009.77,-0001.95,-0003.06,+0000.23,-0007.12
+1580686908.95,+0000.00,+0007.81,-0002.93,-0001.45,-0001.15,-0008.27
+1580686908.95,+0000.98,+0004.88,-0003.91,+0000.92,+0000.77,-0008.50
+1580686908.96,-0002.93,+0008.79,-0004.88,-0000.69,+0001.76,-0011.33
+1580686908.96,-0002.93,+0008.79,-0004.88,-0001.84,-0002.68,-0013.48
+1580686908.97,+0002.93,+0006.84,-0005.86,-0000.61,-0001.53,-0015.39
+1580686908.97,+0005.86,+0007.81,-0005.86,+0000.08,-0003.29,-0011.64
+1580686908.98,+0004.88,+0008.79,-0006.84,-0003.90,+0000.84,-0007.73
+1580686908.98,+0000.98,+0007.81,-0008.79,-0002.53,-0001.84,-0006.74
+1580686908.99,+0004.88,+0005.86,-0011.72,-0002.91,+0000.31,-0009.34
+1580686908.99,+0003.91,+0005.86,-0013.67,-0002.07,+0001.30,-0008.96
+1580686909.00,+0002.93,+0005.86,-0014.65,-0000.84,-0000.54,-0008.88
+1580686909.00,+0001.95,+0005.86,-0014.65,-0001.53,+0001.30,-0011.48
+1580686909.01,+0001.95,+0003.91,-0015.62,+0000.31,+0000.77,-0010.11
+1580686909.01,+0003.91,+0005.86,-0016.60,-0000.38,+0002.07,-0012.56
+1580686909.02,+0002.93,+0003.91,-0017.58,-0001.91,-0003.60,-0009.49
+1580686909.02,+0009.77,+0004.88,-0018.55,-0001.30,+0001.45,-0010.11
+1580686909.03,+0005.86,+0002.93,-0019.53,+0000.08,-0005.97,-0004.98
+1580686909.03,+0010.74,+0001.95,-0016.60,-0000.69,+0000.00,-0002.91
+1580686909.04,-0000.98,+0001.95,-0008.79,-0001.99,+0003.98,-0010.80
+1580686909.04,-0008.79,+0003.91,-0002.93,-0001.00,+0001.61,-0016.92
+1580686909.05,-0002.93,+0003.91,-0003.91,-0009.03,+0003.83,-0021.21
+1580686909.05,-0001.95,-0004.88,-0007.81,-0001.91,+0001.68,-0015.70
+1580686909.06,-0004.88,-0003.91,-0009.77,-0001.68,+0001.53,-0015.47
+1580686909.06,-0009.77,-0001.95,-0009.77,+0003.29,-0001.38,-0009.72
+1580686909.07,-0004.88,-0002.93,-0009.77,-0000.46,+0000.08,-0009.42
+1580686909.07,-0002.93,-0002.93,-0008.79,+0004.06,-0001.61,-0006.05
+1580686909.08,+0000.00,+0000.00,-0007.81,+0001.15,+0000.46,-0004.44
+1580686909.08,+0000.98,+0001.95,-0006.84,-0001.15,-0003.06,-0005.36
+1580686909.09,+0004.88,+0000.98,-0007.81,-0001.76,-0001.38,-0003.98
+1580686909.09,-0000.98,+0000.00,-0009.77,-0003.06,-0000.92,-0007.96
+1580686909.10,-0004.88,+0000.98,-0010.74,-0000.92,+0001.99,-0010.34
+1580686909.10,-0005.86,+0000.00,-0010.74,-0001.30,+0001.76,-0014.55
+1580686909.11,-0007.81,+0001.95,-0008.79,+0000.69,+0002.14,-0019.91
+1580686909.12,-0009.77,+0003.91,-0006.84,+0002.83,-0001.91,-0016.38
+1580686909.12,-0000.98,+0004.88,-0005.86,+0002.53,-0001.23,-0013.78
+1580686909.13,+0000.98,+0004.88,-0003.91,+0002.53,-0000.84,-0008.27
+1580686909.13,+0000.98,+0008.79,-0002.93,+0000.23,-0001.76,-0006.81
+1580686909.14,+0003.91,+0008.79,-0001.95,-0000.46,-0003.75,-0007.89
+1580686909.14,+0006.84,+0006.84,-0003.91,-0001.99,-0001.76,-0006.89
+1580686909.15,+0009.77,+0005.86,-0004.88,-0001.99,-0001.61,-0004.52
+1580686909.15,+0004.88,+0005.86,-0005.86,-0003.37,+0006.12,-0007.66
+1580686909.16,-0007.81,+0007.81,-0007.81,+0000.23,-0000.46,-0016.69
+1580686909.16,+0003.91,+0005.86,-0007.81,+0007.27,+0011.03,-0029.25
+1580686909.17,-0008.79,+0005.86,-0008.79,-0002.53,-0008.12,-0010.41
+1580686909.17,+0007.81,+0006.84,-0005.86,+0010.41,-0001.61,-0009.11
+1580686909.18,+0008.79,+0006.84,-0003.91,-0009.26,+0001.76,-0009.34
+1580686909.18,-0007.81,+0005.86,-0002.93,+0001.45,-0004.98,-0005.21
+1580686909.19,+0003.91,+0011.72,-0001.95,-0002.37,-0001.68,-0008.96
+1580686909.19,+0011.72,+0004.88,-0003.91,-0002.07,-0003.14,-0006.28
+1580686909.20,+0011.72,+0003.91,-0005.86,-0000.69,-0000.61,-0006.81
+1580686909.20,+0003.91,+0006.84,-0006.84,-0001.38,-0001.99,-0010.80
+1580686909.21,+0007.81,+0005.86,-0006.84,-0003.14,-0000.38,-0013.40
+1580686909.21,+0009.77,+0001.95,-0008.79,-0000.31,+0001.84,-0012.86
+1580686909.22,+0004.88,+0001.95,-0009.77,+0001.15,+0002.14,-0010.11
+1580686909.22,+0000.00,+0002.93,-0009.77,-0001.53,-0001.23,-0005.36
+1580686909.23,-0000.98,+0000.00,-0009.77,-0000.23,-0001.76,-0004.90
+1580686909.23,-0000.98,+0000.00,-0009.77,+0002.76,+0002.91,-0010.41
+1580686909.24,-0002.93,+0000.00,-0008.79,+0001.53,-0002.76,-0010.49
+1580686909.24,-0002.93,+0000.98,-0008.79,-0001.45,+0001.30,-0009.42
+1580686909.25,-0008.79,-0000.98,-0009.77,+0000.31,+0002.60,-0009.65
+1580686909.25,-0007.81,+0000.98,-0008.79,-0000.31,+0002.76,-0013.02
+1580686909.26,-0009.77,+0000.00,-0008.79,+0000.08,+0001.61,-0010.80
+1580686909.26,-0010.74,+0000.00,-0008.79,-0000.77,-0000.38,-0010.87
+1580686909.27,-0011.72,+0000.00,-0008.79,-0000.69,+0000.00,-0009.88
+1580686909.27,-0006.84,-0000.98,-0009.77,-0000.61,+0001.45,-0010.11
+1580686909.28,-0011.72,-0001.95,-0009.77,+0000.15,+0000.38,-0012.17
+1580686909.28,-0006.84,-0000.98,-0009.77,-0000.84,-0005.82,-0009.49
+1580686909.29,+0000.98,-0001.95,-0010.74,-0001.68,+0000.15,-0008.73
+1580686909.29,-0003.91,-0002.93,-0010.74,+0000.38,-0003.98,-0007.12
+1580686909.30,-0001.95,+0000.00,-0010.74,-0001.99,-0001.23,-0010.64
+1580686909.30,+0000.98,-0001.95,-0010.74,-0002.45,-0003.45,-0012.40
+1580686909.31,+0007.81,-0003.91,-0011.72,+0000.15,+0001.68,-0013.63
+1580686909.31,-0000.98,-0000.98,-0011.72,-0000.92,-0000.92,-0016.69
+1580686909.32,-0003.91,+0000.98,-0011.72,+0001.45,-0002.45,-0016.00
+1580686909.32,+0003.91,+0000.00,-0010.74,-0000.31,+0000.61,-0012.40
+1580686909.33,+0001.95,-0000.98,-0009.77,+0002.14,+0000.08,-0008.19
+1580686909.33,-0000.98,+0002.93,-0008.79,-0001.91,-0000.61,-0007.35
+1580686909.34,+0000.00,+0001.95,-0007.81,+0001.15,-0001.07,-0007.20
+1580686909.34,+0001.95,+0000.98,-0007.81,+0001.61,+0000.77,-0007.89
+1580686909.35,-0001.95,+0001.95,-0006.84,+0000.46,-0002.30,-0008.50
+1580686909.35,-0000.98,+0003.91,-0006.84,-0000.84,-0000.77,-0007.73
+1580686909.35,+0001.95,+0002.93,-0006.84,-0001.38,-0001.30,-0010.57
+1580686909.36,+0000.98,+0001.95,-0006.84,+0001.99,-0000.31,-0009.03
+1580686909.36,+0000.00,+0002.93,-0006.84,-0000.46,+0000.46,-0010.87
+1580686909.37,-0000.98,+0002.93,-0006.84,-0000.15,-0001.07,-0009.80
+1580686909.37,+0000.00,+0002.93,-0006.84,-0001.45,-0001.61,-0008.12
+1580686909.38,-0001.95,+0001.95,-0006.84,+0000.08,+0001.00,-0008.42
+1580686909.38,-0004.88,+0001.95,-0006.84,-0000.15,+0001.15,-0009.88
+1580686909.39,-0003.91,+0001.95,-0006.84,+0000.92,-0000.38,-0009.49
+1580686909.39,-0001.95,+0000.98,-0007.81,-0001.84,+0001.99,-0007.04
+1580686909.40,-0009.77,+0001.95,-0008.79,+0000.92,+0004.44,-0010.18
+1580686909.40,-0016.60,+0003.91,-0008.79,-0001.38,+0000.92,-0013.09
+1580686909.41,-0003.91,+0000.98,-0008.79,-0001.23,+0002.99,-0013.70
+1580686909.41,-0003.91,-0001.95,-0008.79,-0001.84,-0000.54,-0012.10
+1580686909.42,+0005.86,+0000.00,-0010.74,-0001.38,-0007.04,+0020.83
+1580686909.42,-0033.20,+0003.91,-0014.65,-0014.47,-0012.10,-0002.91
+1580686909.43,-0022.46,-0001.95,-0010.74,+0017.07,-0003.68,-0018.68
+1580686909.43,+0019.53,+0006.84,-0009.77,-0012.71,-0005.51,-0019.52
+1580686909.44,+0008.79,-0013.67,-0011.72,+0001.91,+0005.74,-0002.91
+1580686909.44,-0016.60,+0000.00,-0011.72,-0001.84,-0007.58,-0017.30
+1580686909.45,-0003.91,+0007.81,-0010.74,-0002.37,-0005.05,-0012.56
+1580686909.45,+0014.65,-0010.74,-0013.67,-0003.14,-0000.23,-0011.71
+1580686909.46,+0007.81,-0011.72,-0014.65,+0002.22,+0000.77,-0007.73
+1580686909.46,-0003.91,+0001.95,-0013.67,-0003.83,-0001.38,-0006.28
+1580686909.47,-0001.95,-0005.86,-0014.65,+0000.15,-0000.77,-0013.32
+1580686909.47,+0003.91,-0012.70,-0014.65,-0002.37,-0001.15,-0011.18
+1580686909.48,+0006.84,-0007.81,-0013.67,-0000.61,+0001.45,-0011.41
+1580686909.48,-0001.95,-0007.81,-0012.70,+0001.38,-0000.54,-0008.80
+1580686909.49,-0001.95,-0007.81,-0010.74,+0002.83,+0000.69,-0009.88
+1580686909.49,-0003.91,-0006.84,-0008.79,+0002.83,+0001.15,-0006.66
+1580686909.50,-0007.81,-0005.86,-0007.81,+0002.30,+0004.52,-0014.09
+1580686909.50,-0007.81,-0005.86,-0006.84,+0001.23,-0000.08,-0020.14
+1580686909.51,+0000.98,-0005.86,-0005.86,+0001.53,-0000.23,-0019.22
+1580686909.51,+0001.95,-0006.84,-0005.86,-0000.69,-0003.68,-0005.51
+1580686909.52,+0001.95,-0005.86,-0004.88,+0001.15,+0000.31,-0003.29
+1580686909.52,-0001.95,-0004.88,-0005.86,+0000.00,+0000.46,-0002.68
+1580686909.53,-0000.98,-0004.88,-0004.88,+0002.76,+0002.07,-0010.26
+1580686909.53,-0000.98,-0004.88,-0003.91,+0000.38,-0001.15,-0011.71
+1580686909.54,+0004.88,-0003.91,-0002.93,+0002.07,-0001.53,-0010.49
+1580686909.54,+0003.91,-0002.93,-0002.93,-0002.14,+0003.06,-0013.17
+1580686909.55,-0000.98,-0003.91,-0002.93,+0000.31,-0002.07,-0011.25
+1580686909.55,+0002.93,-0002.93,-0002.93,-0001.61,+0001.00,-0013.48
+1580686909.56,+0001.95,-0004.88,-0002.93,+0001.23,-0002.07,-0008.12
+1580686909.56,+0000.98,-0002.93,-0001.95,+0000.31,+0000.46,-0007.27
+1580686909.57,-0002.93,-0001.95,-0000.98,+0001.30,-0002.68,-0004.59
+1580686909.57,+0000.98,-0002.93,-0000.98,+0000.84,+0001.15,-0006.89
+1580686909.58,-0002.93,-0003.91,+0000.00,-0001.07,+0002.07,-0007.81
+1580686909.58,-0006.84,-0001.95,+0000.98,-0001.07,-0002.53,-0008.80
+1580686909.59,-0000.98,-0001.95,+0001.95,+0000.00,-0000.54,-0009.19
+1580686909.59,+0001.95,-0003.91,+0002.93,+0000.38,-0001.23,-0009.42
+1580686909.60,+0000.00,-0002.93,+0003.91,-0001.23,+0000.23,-0007.50
+1580686909.60,-0002.93,-0001.95,+0004.88,-0001.38,-0001.91,-0013.86
+1580686909.61,+0000.98,-0002.93,+0005.86,+0000.38,-0002.22,-0014.32
+1580686909.61,+0008.79,-0004.88,+0004.88,-0000.54,-0002.14,-0015.39
+1580686909.62,+0011.72,-0007.81,+0005.86,-0003.14,-0007.50,+0000.46
+1580686909.62,+0014.65,-0005.86,-0000.98,-0000.38,+0007.12,-0009.88
+1580686909.63,-0009.77,-0003.91,-0012.70,-0002.07,-0001.00,-0012.56
+1580686909.63,+0000.98,-0005.86,-0019.53,+0002.83,-0004.21,-0012.17
+1580686909.64,+0006.84,-0009.77,-0021.48,+0003.60,+0003.60,-0016.69
+1580686909.64,-0001.95,-0004.88,-0018.55,+0008.80,+0000.15,-0010.11
+1580686909.65,-0000.98,+0001.95,-0014.65,-0000.38,+0001.45,-0009.88
+1580686909.65,-0004.88,-0003.91,-0013.67,+0000.61,-0000.23,-0006.81
+1580686909.66,-0002.93,-0002.93,-0013.67,-0003.06,+0001.23,-0010.26
+1580686909.66,-0005.86,-0000.98,-0014.65,-0001.84,+0003.14,-0013.32
+1580686909.67,-0002.93,-0003.91,-0015.62,-0005.36,-0003.45,-0009.19
+1580686909.67,-0006.84,-0006.84,-0012.70,-0000.92,+0004.06,-0022.36
+1580686909.68,-0012.70,-0004.88,-0006.84,-0004.21,-0010.26,-0012.02
+1580686909.68,+0024.41,-0003.91,-0009.77,-0002.22,-0006.51,-0004.06
+1580686909.69,+0017.58,-0012.70,-0020.51,+0002.45,+0006.81,-0004.44
+1580686909.69,-0017.58,-0007.81,-0025.39,+0002.60,-0006.20,-0004.13
+1580686909.70,-0004.88,-0001.95,-0022.46,+0002.30,-0000.23,-0012.40
+1580686909.70,+0002.93,-0009.77,-0018.55,+0001.61,+0002.99,-0017.92
+1580686909.71,-0000.98,-0005.86,-0011.72,+0002.99,-0011.71,-0005.74
+1580686909.71,+0019.53,+0003.91,-0010.74,-0000.31,+0001.53,-0007.66
+1580686909.72,-0001.95,-0004.88,-0015.62,-0005.05,+0002.45,-0007.20
+1580686909.72,-0010.74,-0003.91,-0015.62,+0001.61,-0000.23,-0009.88
+1580686909.73,-0004.88,+0000.00,-0014.65,-0002.60,+0001.00,-0010.95
+1580686909.73,-0005.86,-0004.88,-0012.70,+0003.75,+0001.30,-0007.96
+1580686909.74,-0006.84,-0002.93,-0010.74,-0000.38,+0003.37,-0011.03
+1580686909.74,-0017.58,-0000.98,-0007.81,+0001.45,-0000.46,-0016.15
+1580686909.75,-0014.65,-0001.95,-0005.86,-0002.83,-0001.38,-0016.38
+1580686909.75,-0000.98,-0004.88,-0003.91,+0002.14,-0003.60,-0013.40
+1580686909.76,-0001.95,-0002.93,-0003.91,+0000.23,-0000.31,-0006.81
+1580686909.76,-0008.79,-0001.95,-0003.91,+0001.30,-0003.75,-0007.58
+1580686909.77,-0003.91,-0001.95,-0002.93,-0003.45,-0002.91,-0011.64
+1580686909.77,+0005.86,-0004.88,-0000.98,+0001.38,-0004.29,-0009.65
+1580686909.78,+0005.86,-0003.91,-0000.98,-0000.31,-0001.61,-0007.73
+1580686909.78,-0000.98,-0002.93,-0000.98,-0000.15,-0002.14,-0008.04
+1580686909.79,-0000.98,-0002.93,+0000.00,+0000.38,-0001.68,-0011.10
+1580686909.79,+0002.93,-0005.86,+0000.98,+0000.84,-0000.54,-0008.50
+1580686909.80,+0003.91,-0004.88,+0001.95,-0000.38,+0000.38,-0008.88
+1580686909.80,-0001.95,-0003.91,+0003.91,+0001.61,+0001.76,-0012.02
+1580686909.81,-0002.93,-0001.95,+0004.88,-0000.92,-0000.69,-0013.55
+1580686909.81,+0002.93,-0001.95,+0006.84,+0001.30,+0000.92,-0015.47
+1580686909.82,+0002.93,-0000.98,+0007.81,+0000.31,-0000.61,-0013.48
+1580686909.82,+0004.88,+0000.98,+0007.81,+0000.69,-0002.83,-0007.66
+1580686909.83,+0004.88,+0000.98,+0007.81,-0000.23,+0000.77,-0012.33
+1580686909.83,+0000.98,+0001.95,+0007.81,-0001.38,-0005.82,-0005.97
+1580686909.84,+0011.72,+0002.93,+0006.84,+0000.23,+0000.15,-0008.58
+1580686909.84,+0004.88,+0000.98,+0006.84,-0004.67,+0000.54,-0007.35
+1580686909.85,+0002.93,+0003.91,+0005.86,-0001.99,+0002.30,-0007.20
+1580686909.85,-0000.98,+0002.93,+0004.88,-0001.38,+0001.91,-0012.48
+1580686909.86,-0001.95,+0003.91,+0005.86,+0001.53,-0003.29,-0008.96
+1580686909.86,+0009.77,+0002.93,+0005.86,-0000.23,+0002.60,-0007.20
+1580686909.87,-0000.98,+0001.95,+0004.88,+0000.31,+0000.00,-0006.58
+1580686909.87,-0007.81,+0005.86,+0004.88,+0000.77,-0000.08,-0008.27
+1580686909.88,-0002.93,+0005.86,+0003.91,+0000.08,+0000.23,-0014.01
+1580686909.88,+0000.98,+0002.93,+0003.91,+0000.84,+0001.84,-0011.41
+1580686909.89,-0000.98,+0006.84,+0002.93,-0003.06,+0000.69,-0012.63
+1580686909.89,-0007.81,+0007.81,+0001.95,+0000.46,-0000.46,-0010.95
+1580686909.90,-0002.93,+0005.86,+0000.98,-0001.61,+0000.61,-0010.95
+1580686909.90,-0003.91,+0004.88,-0000.98,-0001.15,+0001.53,-0011.56
+1580686909.91,-0006.84,+0006.84,-0001.95,-0000.92,-0000.31,-0009.42
+1580686909.91,-0000.98,+0005.86,-0002.93,-0000.69,-0002.22,-0009.80
+1580686909.92,+0002.93,+0002.93,-0003.91,+0000.38,+0000.84,-0005.21
+1580686909.92,-0002.93,+0004.88,-0004.88,-0001.15,-0000.92,-0007.81
+1580686909.93,-0004.88,+0004.88,-0005.86,-0002.07,-0001.07,-0010.41
+1580686909.93,+0003.91,+0002.93,-0006.84,-0005.28,+0000.92,-0003.52
+1580686909.94,+0004.88,+0000.98,-0007.81,+0005.05,+0010.26,-0023.96
+1580686909.94,-0017.58,+0003.91,-0008.79,-0005.13,-0007.04,-0007.66
+1580686909.95,+0002.93,+0007.81,-0007.81,+0005.90,-0000.08,-0019.98
+1580686909.95,+0004.88,-0003.91,-0008.79,+0006.74,+0003.06,-0010.80
+1580686909.96,-0005.86,+0004.88,-0008.79,-0003.98,+0002.76,-0008.19
+1580686909.96,-0009.77,+0006.84,-0008.79,-0003.60,+0000.46,-0014.55
+1580686909.97,-0000.98,+0000.98,-0009.77,-0002.37,+0001.45,-0010.41
+1580686909.97,+0005.86,-0000.98,-0009.77,+0000.15,+0001.76,-0009.49
+1580686909.98,-0000.98,+0003.91,-0009.77,-0002.99,-0003.45,-0006.58
+1580686909.98,+0002.93,+0001.95,-0010.74,-0003.45,-0000.46,-0007.96
+1580686909.99,+0003.91,-0000.98,-0011.72,-0001.99,-0001.07,-0010.49
+1580686909.99,+0003.91,+0000.00,-0012.70,+0000.38,-0001.53,-0010.64
+1580686910.00,+0001.95,+0000.00,-0012.70,-0002.07,+0002.22,-0010.18
+1580686910.00,-0002.93,-0000.98,-0012.70,+0000.54,-0001.61,-0011.94
+1580686910.01,+0002.93,-0000.98,-0011.72,-0001.07,-0000.23,-0010.64
+1580686910.01,+0006.84,-0002.93,-0011.72,-0000.23,+0000.08,-0011.33
+1580686910.02,-0002.93,-0001.95,-0011.72,-0000.84,+0002.99,-0008.65
+1580686910.02,-0006.84,-0000.98,-0010.74,-0001.30,-0002.22,-0008.88
+1580686910.03,+0000.98,-0004.88,-0010.74,-0001.99,+0002.30,-0007.96
+1580686910.03,+0000.00,-0006.84,-0010.74,+0000.46,+0000.92,-0005.67
+1580686910.04,-0003.91,-0004.88,-0010.74,-0000.31,-0000.31,-0007.58
+1580686910.04,-0003.91,-0004.88,-0010.74,-0001.15,-0000.84,-0009.03
+1580686910.05,+0000.00,-0007.81,-0010.74,+0000.61,-0002.07,-0009.57
+1580686910.05,-0000.98,-0007.81,-0011.72,-0000.77,+0001.15,-0007.43
+1580686910.06,-0003.91,-0006.84,-0011.72,-0001.15,-0000.15,-0010.18
+1580686910.06,-0004.88,-0008.79,-0011.72,+0001.68,-0001.84,-0010.95
+1580686910.07,-0001.95,-0008.79,-0010.74,+0000.23,+0000.69,-0010.87
+1580686910.07,-0004.88,-0008.79,-0010.74,-0000.61,+0001.00,-0010.80
+1580686910.08,-0007.81,-0007.81,-0010.74,-0000.54,-0001.53,-0009.57
+1580686910.08,-0004.88,-0009.77,-0009.77,-0000.38,+0001.38,-0012.56
+1580686910.09,-0004.88,-0010.74,-0009.77,+0000.61,-0000.84,-0011.10
+1580686910.09,-0003.91,-0008.79,-0008.79,+0000.61,-0000.23,-0010.87
+1580686910.10,-0004.88,-0008.79,-0008.79,-0000.84,-0002.07,-0010.34
+1580686910.10,-0003.91,-0008.79,-0007.81,-0000.54,+0000.23,-0009.57
+1580686910.11,-0002.93,-0009.77,-0007.81,-0000.08,-0001.00,-0011.03
+1580686910.11,-0000.98,-0009.77,-0007.81,+0001.68,+0000.77,-0009.95
+1580686910.12,-0002.93,-0009.77,-0007.81,+0000.77,-0000.46,-0011.41
+1580686910.12,-0002.93,-0008.79,-0006.84,+0000.08,-0001.76,-0011.87
+1580686910.13,+0000.98,-0008.79,-0006.84,+0001.84,-0000.38,-0011.33
+1580686910.13,+0003.91,-0008.79,-0005.86,+0001.30,-0001.91,-0009.57
+1580686910.14,+0000.98,-0007.81,-0004.88,+0000.69,-0001.61,-0008.42
+1580686910.14,-0000.98,-0005.86,-0003.91,+0001.38,+0002.45,-0012.33
+1580686910.15,+0000.00,-0005.86,-0002.93,+0001.30,-0002.37,-0011.79
+1580686910.15,+0004.88,-0005.86,-0001.95,+0002.68,+0001.38,-0013.09
+1580686910.16,+0000.98,-0004.88,-0000.98,+0000.84,-0001.53,-0010.18
+1580686910.16,-0000.98,-0001.95,+0000.00,+0001.30,-0003.14,-0012.86
+1580686910.17,+0002.93,-0002.93,+0000.98,+0000.38,-0004.75,-0005.28
+1580686910.17,+0007.81,-0002.93,+0000.98,+0003.45,+0002.76,-0007.43
+1580686910.18,-0004.88,-0001.95,+0000.98,-0001.00,+0001.45,-0009.65
+1580686910.18,-0001.95,+0001.95,+0002.93,+0000.15,-0000.54,-0008.65
+1580686910.19,+0002.93,-0001.95,+0003.91,+0000.92,+0003.83,-0014.62
+1580686910.19,+0007.81,-0001.95,+0004.88,-0000.54,-0014.16,+0009.42
+1580686910.20,-0002.93,+0002.93,+0003.91,-0008.35,-0003.45,-0009.03
+1580686910.20,-0020.51,+0000.98,+0004.88,+0007.73,-0004.52,-0011.18
+1580686910.21,+0007.81,+0006.84,+0005.86,+0001.30,-0002.30,-0016.08
+1580686910.21,+0002.93,-0004.88,+0005.86,-0001.76,+0001.00,-0010.34
+1580686910.22,-0011.72,+0005.86,+0006.84,-0003.90,-0000.69,-0010.72
+1580686910.22,-0013.67,+0006.84,+0006.84,+0000.23,-0002.60,-0012.40
+1580686910.23,-0001.95,+0000.98,+0005.86,-0002.07,-0002.45,-0011.25
+1580686910.23,-0001.95,+0000.00,+0005.86,+0001.45,-0002.22,-0008.19
+1580686910.24,-0008.79,+0006.84,+0004.88,-0003.14,+0000.08,-0008.58
+1580686910.24,-0008.79,+0003.91,+0003.91,-0002.22,-0001.30,-0010.18
+1580686910.25,-0000.98,+0000.98,+0002.93,-0001.68,-0002.68,-0010.95
+1580686910.25,-0000.98,+0000.98,+0001.95,-0000.08,+0000.38,-0012.02
+1580686910.26,-0003.91,+0002.93,+0001.95,-0002.07,-0002.30,-0009.19
+1580686910.26,-0000.98,+0000.98,+0000.00,-0000.08,-0003.14,-0011.64
+1580686910.27,+0000.98,+0000.00,-0000.98,-0000.92,-0004.29,-0010.11
+1580686910.27,+0002.93,+0000.98,-0000.98,-0000.84,+0001.23,-0008.65
+1580686910.28,-0003.91,+0000.00,-0001.95,-0000.46,-0000.15,-0008.80
+1580686910.28,-0000.98,+0000.00,-0002.93,+0000.15,-0003.29,-0010.03
+1580686910.29,+0002.93,-0002.93,-0003.91,-0000.38,+0000.84,-0007.73
+1580686910.29,+0000.00,-0002.93,-0003.91,-0000.61,-0002.45,-0008.12
+1580686910.30,-0002.93,-0001.95,-0004.88,-0001.00,-0000.92,-0010.34
+1580686910.30,+0000.00,-0003.91,-0004.88,-0001.45,-0000.54,-0009.80
+1580686910.31,+0000.98,-0003.91,-0005.86,+0000.00,+0000.15,-0011.10
+1580686910.31,-0001.95,-0003.91,-0006.84,-0000.15,-0001.76,-0009.88
+1580686910.32,+0000.00,-0002.93,-0006.84,-0001.07,-0001.99,-0013.02
+1580686910.32,+0000.98,-0004.88,-0007.81,-0001.61,-0001.53,-0010.11
+1580686910.33,+0000.98,-0004.88,-0008.79,-0002.53,+0001.53,-0010.64
+1580686910.33,-0001.95,-0004.88,-0009.77,-0002.14,-0001.30,-0010.34
+1580686910.34,+0000.00,-0005.86,-0010.74,-0002.14,+0000.31,-0008.42
+1580686910.34,-0000.98,-0006.84,-0011.72,-0002.30,-0000.46,-0006.89
+1580686910.35,-0002.93,-0006.84,-0012.70,-0001.91,-0000.15,-0007.04
+1580686910.35,-0004.88,-0006.84,-0012.70,-0001.53,+0000.54,-0008.19
+1580686910.36,-0004.88,-0008.79,-0013.67,-0001.23,-0001.07,-0008.50
+1580686910.36,-0003.91,-0008.79,-0013.67,-0002.07,-0000.31,-0009.26
+1580686910.37,-0005.86,-0007.81,-0013.67,-0000.69,+0000.31,-0008.88
+1580686910.37,-0007.81,-0008.79,-0013.67,-0001.38,-0001.15,-0008.88
+1580686910.38,-0004.88,-0008.79,-0013.67,-0001.00,-0000.31,-0009.19
+1580686910.38,-0004.88,-0009.77,-0013.67,-0002.45,-0000.46,-0011.64
+1580686910.39,-0004.88,-0008.79,-0013.67,-0000.38,-0000.08,-0011.87
+1580686910.39,-0002.93,-0008.79,-0013.67,-0000.08,-0002.07,-0011.41
+1580686910.40,-0002.93,-0009.77,-0014.65,-0000.46,-0000.92,-0010.11
+1580686910.40,-0002.93,-0009.77,-0014.65,-0001.15,-0000.69,-0010.41
+1580686910.41,-0001.95,-0010.74,-0013.67,-0001.30,-0001.15,-0009.80
+1580686910.41,-0000.98,-0011.72,-0013.67,-0000.23,-0001.00,-0011.87
+1580686910.42,+0000.00,-0011.72,-0013.67,-0000.46,-0001.61,-0010.87
+1580686910.42,+0002.93,-0011.72,-0013.67,-0000.54,-0001.15,-0008.80
+1580686910.43,+0000.98,-0012.70,-0012.70,+0000.23,-0001.00,-0010.49
+1580686910.43,+0000.98,-0012.70,-0011.72,-0000.08,-0000.31,-0012.56
+1580686910.44,+0002.93,-0012.70,-0011.72,-0000.92,+0000.38,-0012.71
+1580686910.44,+0001.95,-0012.70,-0010.74,+0000.54,+0001.91,-0018.83
+1580686910.45,+0016.60,-0014.65,-0009.77,+0006.66,+0021.51,-0023.58
+1580686910.45,-0018.55,-0011.72,-0009.77,-0012.10,-0008.12,-0012.48
+1580686910.46,+0007.81,-0009.77,-0006.84,+0011.10,-0004.75,-0008.88
+1580686910.46,+0019.53,-0014.65,-0006.84,-0001.68,+0004.75,-0010.64
+1580686910.47,-0002.93,-0019.53,-0005.86,+0007.66,+0001.76,-0000.84
+1580686910.47,-0001.95,-0005.86,-0003.91,-0004.82,-0003.83,-0013.48
+1580686910.48,+0009.77,-0013.67,-0003.91,+0001.68,-0002.30,-0012.33
+1580686910.48,+0011.72,-0018.55,-0003.91,+0002.60,+0001.76,-0011.10
+1580686910.49,+0005.86,-0010.74,-0002.93,+0002.45,-0002.83,-0009.65
+1580686910.49,+0004.88,-0010.74,-0001.95,-0002.22,-0001.61,-0009.49
+1580686910.50,+0005.86,-0017.58,-0001.95,+0001.53,-0001.15,-0004.21
+1580686910.50,+0004.88,-0013.67,+0000.00,+0001.91,+0001.68,-0003.68
+1580686910.51,-0002.93,-0012.70,+0000.98,+0001.84,+0000.54,-0002.99
+1580686910.51,-0004.88,-0015.62,+0001.95,-0000.61,+0000.00,-0006.35
+1580686910.52,-0000.98,-0015.62,+0002.93,-0000.08,+0000.00,-0012.71
+1580686910.52,-0004.88,-0014.65,+0003.91,+0002.30,+0001.53,-0013.02
+1580686910.53,-0009.77,-0013.67,+0005.86,+0000.84,-0000.08,-0012.25
+1580686910.53,-0006.84,-0012.70,+0006.84,-0000.15,-0000.15,-0014.01
+1580686910.54,-0004.88,-0013.67,+0007.81,+0000.54,+0000.77,-0013.09
+1580686910.54,-0001.95,-0012.70,+0008.79,+0000.23,-0002.68,-0009.80
+1580686910.55,-0001.95,-0011.72,+0007.81,-0000.61,-0000.61,-0009.42
+1580686910.55,-0003.91,-0012.70,+0007.81,-0000.46,-0003.22,-0007.20
+1580686910.56,+0000.98,-0011.72,+0006.84,-0001.30,+0000.46,-0008.27
+1580686910.56,+0000.98,-0013.67,+0006.84,+0000.54,-0000.77,-0009.19
+1580686910.57,-0001.95,-0011.72,+0006.84,+0000.77,-0002.07,-0013.70
+1580686910.57,+0000.00,-0011.72,+0007.81,+0001.45,-0001.30,-0013.63
+1580686910.58,+0000.98,-0011.72,+0008.79,+0001.53,-0000.23,-0011.64
+1580686910.58,-0000.98,-0011.72,+0008.79,+0001.68,-0000.69,-0010.26
+1580686910.59,-0001.95,-0010.74,+0009.77,+0000.61,-0001.68,-0010.18
+1580686910.59,+0000.00,-0010.74,+0010.74,+0000.84,+0000.46,-0010.57
+1580686910.60,-0000.98,-0009.77,+0010.74,+0001.00,+0000.38,-0011.33
+1580686910.60,-0002.93,-0007.81,+0011.72,+0000.46,-0001.61,-0011.18
+1580686910.61,+0001.95,-0006.84,+0012.70,+0000.54,-0000.84,-0009.34
+1580686910.61,+0001.95,-0007.81,+0012.70,+0001.76,+0001.61,-0011.18
+1580686910.62,-0003.91,-0005.86,+0013.67,+0001.53,+0001.23,-0010.49
+1580686910.62,-0000.98,-0003.91,+0013.67,+0000.38,+0000.31,-0009.65
+1580686910.63,+0000.00,-0004.88,+0013.67,+0001.38,+0002.45,-0009.11
+1580686910.63,-0001.95,-0002.93,+0014.65,+0001.45,-0001.91,-0009.26
+1580686910.64,-0002.93,-0002.93,+0014.65,+0000.84,-0001.00,-0008.88
+1580686910.64,-0000.98,-0003.91,+0014.65,+0000.61,+0001.00,-0009.26
+1580686910.65,-0003.91,-0001.95,+0014.65,+0000.54,+0000.38,-0010.26
+1580686910.65,-0004.88,+0000.98,+0015.62,+0000.84,-0000.23,-0009.42
+1580686910.66,-0000.98,+0000.00,+0015.62,+0000.15,+0001.38,-0006.05
+1580686910.66,-0005.86,+0000.00,+0015.62,+0002.45,+0004.67,-0010.95
+1580686910.67,-0011.72,+0003.91,+0015.62,-0001.45,+0000.69,-0012.79
+1580686910.67,-0001.95,+0005.86,+0016.60,-0000.92,+0001.91,-0015.47
+1580686910.68,+0000.98,+0002.93,+0016.60,+0001.91,-0002.91,-0009.80
+1580686910.68,+0000.00,+0005.86,+0017.58,+0001.68,-0001.45,-0005.05
+1580686910.69,-0004.88,+0008.79,+0016.60,-0000.31,+0003.98,-0010.80
+1580686910.69,+0008.79,+0005.86,+0017.58,+0002.53,+0009.42,-0009.19
+1580686910.70,-0001.95,+0008.79,+0015.62,-0002.37,+0001.84,-0017.30
+1580686910.70,-0007.81,+0008.79,+0017.58,+0005.05,-0008.12,-0008.04
+1580686910.71,+0013.67,+0013.67,+0016.60,-0006.43,+0001.53,-0012.94
+1580686910.71,+0002.93,+0004.88,+0017.58,+0008.58,+0002.45,-0010.41
+1580686910.72,-0003.91,+0015.62,+0018.55,-0003.29,-0001.30,-0011.94
+1580686910.72,+0001.95,+0014.65,+0018.55,+0001.00,-0000.77,-0016.31
+1580686910.73,+0006.84,+0010.74,+0017.58,+0001.15,+0002.91,-0006.05
+1580686910.73,+0002.93,+0011.72,+0018.55,+0003.52,+0001.45,-0008.80
+1580686910.74,-0003.91,+0016.60,+0019.53,-0000.54,-0002.83,-0006.28
+1580686910.74,+0001.95,+0013.67,+0018.55,+0000.23,-0001.84,-0009.72
+1580686910.75,+0003.91,+0012.70,+0017.58,+0000.23,+0001.84,-0009.80
+1580686910.75,+0000.00,+0013.67,+0016.60,-0000.08,+0001.84,-0007.66
+1580686910.76,-0001.95,+0013.67,+0016.60,-0002.45,+0000.08,-0010.64
+1580686910.76,+0000.00,+0012.70,+0015.62,-0000.46,+0001.15,-0016.15
+1580686910.77,+0005.86,+0013.67,+0015.62,-0000.38,-0002.99,-0014.09
+1580686910.77,+0007.81,+0012.70,+0015.62,-0001.91,+0003.75,-0011.03
+1580686910.78,-0002.93,+0013.67,+0014.65,-0001.84,-0004.67,-0012.40
+1580686910.78,+0006.84,+0014.65,+0013.67,+0000.00,-0000.69,-0011.87
+1580686910.79,+0013.67,+0011.72,+0013.67,-0002.45,-0000.08,-0009.42
+1580686910.79,+0007.81,+0011.72,+0011.72,+0000.08,-0001.45,-0006.20
+1580686910.80,+0004.88,+0012.70,+0009.77,-0004.13,-0001.84,-0009.11
+1580686910.80,+0007.81,+0009.77,+0007.81,-0001.53,-0002.45,-0006.35
+1580686910.81,+0009.77,+0007.81,+0005.86,-0001.84,+0001.99,-0006.12
+1580686910.81,+0006.84,+0007.81,+0005.86,-0001.84,-0001.15,-0005.28
+1580686910.82,+0003.91,+0007.81,+0004.88,-0001.23,+0001.38,-0008.96
+1580686910.82,+0002.93,+0005.86,+0003.91,-0000.38,+0000.84,-0010.95
+1580686910.83,+0002.93,+0004.88,+0002.93,-0000.46,-0001.61,-0011.87
+1580686910.83,+0001.95,+0004.88,+0002.93,-0000.77,+0001.00,-0013.25
+1580686910.84,-0000.98,+0004.88,+0002.93,-0002.22,-0000.61,-0012.02
+1580686910.84,+0000.00,+0003.91,+0001.95,-0001.68,+0000.00,-0012.71
+1580686910.85,-0001.95,+0001.95,+0000.98,-0001.76,+0000.54,-0012.94
+1580686910.85,-0001.95,+0001.95,+0000.00,-0002.76,+0001.91,-0010.26
+1580686910.86,-0000.98,+0000.98,-0000.98,-0003.06,-0000.38,-0009.26
+1580686910.86,+0000.00,-0000.98,-0002.93,-0000.31,-0001.00,-0005.21
+1580686910.87,-0000.98,-0002.93,-0004.88,-0001.45,+0000.61,-0008.50
+1580686910.87,-0007.81,-0003.91,-0005.86,-0001.45,-0001.15,-0008.65
+1580686910.88,-0003.91,-0003.91,-0006.84,-0002.60,+0000.84,-0013.32
+1580686910.88,-0003.91,-0005.86,-0006.84,-0002.37,-0000.08,-0015.62
+1580686910.89,-0000.98,-0004.88,-0006.84,-0000.08,-0001.45,-0012.10
+1580686910.89,-0000.98,-0005.86,-0007.81,-0003.45,+0001.38,-0012.86
+1580686910.90,-0001.95,-0005.86,-0007.81,-0000.31,-0003.06,-0009.19
+1580686910.90,+0000.98,-0005.86,-0008.79,-0001.61,-0000.08,-0012.25
+1580686910.91,-0001.95,-0005.86,-0008.79,-0002.53,-0002.91,-0010.26
+1580686910.91,+0004.88,-0005.86,-0008.79,+0000.46,+0000.46,-0010.34
+1580686910.92,+0002.93,-0006.84,-0009.77,-0003.22,+0001.30,-0013.70
+1580686910.92,+0003.91,-0004.88,-0009.77,-0000.23,-0002.53,-0012.10
+1580686910.93,+0008.79,-0004.88,-0009.77,-0000.69,-0000.08,-0012.56
+1580686910.93,+0007.81,-0004.88,-0008.79,+0001.23,+0001.23,-0014.32
+1580686910.94,+0016.60,-0003.91,-0007.81,-0001.68,+0003.68,-0001.68
+1580686910.94,+0012.70,-0003.91,-0008.79,-0000.84,+0006.12,-0018.76
+1580686910.95,-0010.74,-0001.95,-0006.84,+0000.15,-0005.28,-0005.13
+1580686910.95,+0009.77,+0002.93,-0005.86,+0004.13,-0002.76,+0001.84
+1580686910.96,+0005.86,-0008.79,-0006.84,+0008.80,+0008.04,-0002.68
+1580686910.96,-0005.86,-0001.95,-0004.88,-0001.38,-0000.46,-0012.56
+1580686910.97,-0005.86,+0000.98,-0003.91,+0000.15,-0001.68,-0014.16
+1580686910.97,-0002.93,-0001.95,-0002.93,+0001.91,-0000.77,-0008.80
+1580686910.98,-0000.98,-0002.93,-0001.95,+0000.54,+0000.92,-0011.41
+1580686910.98,-0006.84,+0001.95,-0000.98,+0001.23,+0000.46,-0011.25
+1580686910.99,-0004.88,+0000.98,-0000.98,-0000.61,-0001.00,-0010.64
+1580686910.99,-0002.93,-0001.95,-0000.98,-0002.14,+0000.54,-0005.67
+1580686911.00,-0006.84,-0000.98,-0002.93,-0001.68,-0000.69,-0005.59
+1580686911.00,-0010.74,+0000.00,-0003.91,-0002.60,-0000.15,-0009.57
+1580686911.01,-0008.79,-0000.98,-0003.91,-0002.60,-0001.07,-0007.12
+1580686911.01,-0001.95,-0002.93,-0003.91,+0000.69,-0000.61,-0007.66
+1580686911.02,-0008.79,-0001.95,-0004.88,-0001.23,+0002.68,-0010.87
+1580686911.02,-0014.65,+0000.00,-0003.91,+0000.77,-0001.00,-0014.39
+1580686911.03,-0004.88,-0001.95,-0003.91,-0000.46,-0002.22,-0014.93
+1580686911.03,+0000.98,-0003.91,-0003.91,+0000.77,-0000.38,-0011.25
+1580686911.04,-0004.88,-0001.95,-0002.93,-0001.68,+0000.00,-0010.64
+1580686911.04,-0005.86,+0000.98,-0002.93,-0003.45,-0002.99,-0011.18
+1580686911.05,+0001.95,-0001.95,-0003.91,-0001.84,-0000.54,-0010.41
+1580686911.05,+0002.93,-0003.91,-0003.91,+0000.15,-0001.30,-0008.42
+1580686911.06,+0000.00,-0000.98,-0003.91,-0000.54,+0000.38,-0009.34
+1580686911.06,-0000.98,-0000.98,-0004.88,-0000.23,-0002.37,-0013.70
+1580686911.07,+0004.88,-0002.93,-0004.88,-0000.92,-0001.15,-0014.16
+1580686911.07,+0007.81,-0001.95,-0003.91,+0000.84,+0001.76,-0014.70
+1580686911.08,+0005.86,+0000.00,-0002.93,-0001.68,-0000.69,-0009.49
+1580686911.08,+0006.84,-0000.98,-0001.95,-0000.31,+0000.00,-0009.03
+1580686911.09,+0003.91,-0001.95,-0000.98,+0000.31,-0000.92,-0007.58
+1580686911.09,+0002.93,+0000.00,-0000.98,+0001.53,+0001.84,-0008.73
+1580686911.10,+0000.00,-0000.98,-0000.98,-0000.61,-0001.38,-0009.49
+1580686911.10,+0001.95,-0000.98,+0000.00,+0001.15,+0001.84,-0008.96
+1580686911.11,-0000.98,-0001.95,+0000.98,-0000.84,+0000.92,-0009.19
+1580686911.11,-0005.86,-0000.98,+0000.98,-0000.77,+0001.68,-0006.97
+1580686911.12,-0007.81,+0000.00,+0000.98,+0000.00,+0002.37,-0009.80
+1580686911.12,-0009.77,-0000.98,+0000.98,-0000.23,-0000.92,-0008.58
+1580686911.13,-0007.81,-0000.98,+0000.98,-0001.23,+0005.21,-0015.08
+1580686911.13,+0004.88,-0004.88,+0001.95,-0006.51,-0023.58,+0024.96
+1580686911.14,+0037.11,-0005.86,+0001.95,+0008.96,+0031.01,-0009.65
+1580686911.14,-0045.90,-0004.88,-0002.93,-0016.92,-0000.38,-0020.21
+1580686911.15,-0020.51,+0000.98,+0000.98,-0014.78,+0005.36,-0042.57
+1580686911.15,+0021.48,+0004.88,-0001.95,-0003.60,-0014.47,-0000.08
+1580686911.16,+0015.62,-0020.51,-0004.88,+0007.20,+0015.08,-0005.90
+1580686911.16,-0022.46,-0006.84,-0003.91,+0000.84,-0002.30,-0011.79
+1580686911.17,-0008.79,+0007.81,-0000.98,+0002.60,-0001.15,-0014.78
+1580686911.17,+0006.84,-0010.74,-0003.91,-0004.98,-0003.22,-0008.42
+1580686911.18,+0002.93,-0015.62,-0003.91,+0004.82,+0002.30,-0000.92
+1580686911.18,-0007.81,-0001.95,-0002.93,-0001.68,+0001.38,-0007.04
+1580686911.19,-0001.95,-0004.88,-0001.95,+0000.23,-0002.07,-0010.26
+1580686911.19,+0005.86,-0012.70,-0002.93,-0000.84,+0001.15,-0008.35
+1580686911.20,-0001.95,-0009.77,-0002.93,+0001.76,-0000.69,-0007.58
+1580686911.20,-0004.88,-0005.86,-0001.95,-0001.61,-0001.53,-0016.15
+1580686911.21,+0000.98,-0010.74,-0001.95,+0000.31,-0002.53,-0017.23
+1580686911.21,+0004.88,-0011.72,-0000.98,-0000.54,+0001.91,-0011.18
+1580686911.22,+0000.98,-0010.74,-0000.98,-0000.38,+0000.31,-0010.11
+1580686911.22,-0003.91,-0009.77,-0000.98,+0000.61,-0001.07,-0011.79
+1580686911.23,+0001.95,-0011.72,+0000.00,+0002.22,+0002.22,-0012.33
+1580686911.23,+0004.88,-0011.72,+0000.98,+0000.84,-0001.53,-0010.57
+1580686911.24,-0002.93,-0011.72,+0001.95,+0002.22,+0000.54,-0011.25
+1580686911.24,-0004.88,-0009.77,+0001.95,-0000.69,-0000.69,-0013.32
+1580686911.25,+0001.95,-0010.74,+0002.93,+0000.46,-0000.46,-0011.41
+1580686911.25,+0000.98,-0012.70,+0002.93,-0001.61,+0002.45,-0011.25
+1580686911.26,-0003.91,-0010.74,+0002.93,-0001.30,-0003.60,-0008.27
+1580686911.26,+0003.91,-0009.77,+0003.91,-0002.37,+0001.61,-0007.89
+1580686911.27,+0000.98,-0012.70,+0002.93,+0000.92,-0000.69,-0007.73
+1580686911.27,+0002.93,-0010.74,+0002.93,+0002.60,-0000.69,-0005.67
+1580686911.28,-0000.98,-0009.77,+0003.91,-0000.54,+0002.37,-0011.25
+1580686911.28,-0002.93,-0009.77,+0004.88,+0001.38,-0004.82,-0009.95
+1580686911.29,+0006.84,-0008.79,+0004.88,+0000.38,-0000.54,-0011.64
+1580686911.29,-0000.98,-0008.79,+0006.84,+0002.60,-0002.14,-0011.18
+1580686911.30,-0001.95,-0003.91,+0007.81,-0000.92,-0002.07,-0009.11
+1580686911.30,+0000.00,-0005.86,+0007.81,-0001.07,+0000.54,-0011.48
+1580686911.31,-0001.95,-0005.86,+0007.81,-0000.23,-0001.91,-0008.88
+1580686911.31,+0001.95,-0003.91,+0007.81,-0000.23,-0000.31,-0008.12
+1580686911.32,-0001.95,-0003.91,+0007.81,+0000.15,+0001.07,-0010.41
+1580686911.32,-0003.91,-0003.91,+0007.81,+0001.38,-0002.45,-0010.72
+1580686911.33,+0004.88,-0003.91,+0007.81,-0000.38,-0001.23,-0007.50
+1580686911.33,+0002.93,-0004.88,+0006.84,+0000.15,+0002.37,-0010.95
+1580686911.34,-0003.91,-0001.95,+0007.81,+0000.08,-0001.84,-0011.03
+1580686911.34,+0002.93,-0001.95,+0006.84,-0000.92,+0000.61,-0010.95
+1580686911.35,+0001.95,-0004.88,+0006.84,-0001.23,-0000.15,-0010.41
+1580686911.35,-0000.98,-0002.93,+0005.86,+0001.76,-0001.53,-0009.65
+1580686911.36,+0001.95,-0001.95,+0005.86,-0002.53,-0000.08,-0010.80
+1580686911.36,+0002.93,-0004.88,+0005.86,+0000.15,-0002.91,-0010.49
+1580686911.37,+0003.91,-0002.93,+0004.88,-0000.84,-0000.31,-0008.12
+1580686911.37,+0000.98,-0001.95,+0005.86,-0000.15,+0002.83,-0016.08
+1580686911.38,+0013.67,-0004.88,+0005.86,+0004.13,+0016.92,-0016.31
+1580686911.38,-0001.95,-0001.95,+0004.88,-0009.19,-0001.00,-0013.02
+1580686911.39,-0003.91,-0002.93,+0006.84,+0005.51,-0007.20,-0006.89
+1580686911.39,+0016.60,+0000.98,+0006.84,+0001.99,+0001.07,-0014.39
+1580686911.40,+0002.93,-0008.79,+0005.86,+0004.82,+0002.53,-0005.90
+1580686911.40,-0003.91,+0001.95,+0006.84,-0003.52,-0000.61,-0014.09
+1580686911.41,+0000.00,+0000.00,+0006.84,-0001.23,-0001.53,-0012.94
+1580686911.41,+0007.81,-0004.88,+0005.86,-0002.07,+0003.68,-0008.27
+1580686911.42,+0000.00,-0002.93,+0006.84,+0001.91,+0000.61,-0007.43
+1580686911.42,-0004.88,+0001.95,+0007.81,-0000.92,-0001.68,-0005.44
+1580686911.43,+0000.00,-0002.93,+0006.84,-0001.68,+0001.15,-0006.35
+1580686911.43,-0003.91,-0004.88,+0005.86,-0001.30,+0003.06,-0006.05
+1580686911.44,-0007.81,-0000.98,+0005.86,+0001.99,-0002.30,-0007.73
+1580686911.44,-0002.93,-0000.98,+0006.84,-0002.99,+0003.29,-0013.48
+1580686911.45,-0003.91,-0002.93,+0006.84,-0000.15,-0002.22,-0012.40
+1580686911.45,-0001.95,-0000.98,+0006.84,+0000.15,+0000.84,-0010.95
+1580686911.46,-0007.81,-0001.95,+0005.86,+0000.31,-0000.31,-0012.17
+1580686911.46,-0004.88,-0000.98,+0005.86,-0001.23,-0002.37,-0011.87
+1580686911.47,-0003.91,-0001.95,+0004.88,-0001.45,-0001.38,-0008.80
+1580686911.47,-0003.91,-0001.95,+0004.88,-0000.69,-0000.08,-0008.96
+1580686911.48,-0005.86,-0000.98,+0003.91,-0001.68,-0000.23,-0008.80
+1580686911.48,-0003.91,-0001.95,+0003.91,-0000.46,+0000.61,-0008.50
+1580686911.49,-0002.93,-0001.95,+0002.93,-0001.61,-0003.60,-0009.11
+1580686911.49,-0000.98,-0001.95,+0003.91,+0000.84,-0000.08,-0009.95
+1580686911.50,-0002.93,-0001.95,+0003.91,-0000.15,+0000.08,-0008.73
+1580686911.50,-0003.91,-0001.95,+0003.91,+0001.84,+0000.77,-0013.40
+1580686911.51,-0002.93,+0000.00,+0004.88,+0001.38,-0002.45,-0013.48
+1580686911.51,+0001.95,+0000.00,+0005.86,+0002.14,+0000.92,-0012.17
+1580686911.52,+0000.98,+0000.00,+0006.84,+0002.68,-0000.08,-0009.80
+1580686911.52,-0000.98,+0002.93,+0007.81,+0001.15,-0001.53,-0010.95
+1580686911.53,+0000.98,+0004.88,+0009.77,+0000.77,-0000.54,-0011.41
+1580686911.53,+0003.91,+0003.91,+0009.77,+0001.76,+0000.08,-0010.41
+1580686911.54,+0003.91,+0004.88,+0011.72,+0001.15,+0000.84,-0013.40
+1580686911.54,-0000.98,+0007.81,+0012.70,+0002.45,-0002.14,-0011.71
+1580686911.55,+0005.86,+0008.79,+0014.65,+0001.61,+0000.08,-0012.40
+1580686911.55,+0005.86,+0007.81,+0014.65,+0000.69,-0001.23,-0006.74
+1580686911.56,+0004.88,+0009.77,+0016.60,+0005.05,+0001.30,-0007.20
+1580686911.56,+0001.95,+0012.70,+0017.58,+0000.46,-0002.83,-0009.03
+1580686911.57,+0005.86,+0012.70,+0018.55,+0003.14,-0001.00,-0006.20
+1580686911.57,+0003.91,+0012.70,+0019.53,+0002.91,+0000.61,-0007.96
+1580686911.58,-0001.95,+0014.65,+0020.51,+0003.14,-0001.00,-0006.51
+1580686911.58,+0000.98,+0015.62,+0021.48,+0002.14,+0001.23,-0008.04
+1580686911.59,-0002.93,+0014.65,+0022.46,+0001.30,-0000.69,-0012.56
+1580686911.59,-0002.93,+0018.55,+0023.44,+0001.15,+0003.37,-0016.08
+1580686911.60,-0001.95,+0018.55,+0024.41,+0003.06,-0001.00,-0013.40
+1580686911.60,-0001.95,+0018.55,+0025.39,+0001.00,+0000.46,-0010.11
+1580686911.61,-0002.93,+0019.53,+0025.39,-0000.84,-0001.38,-0006.66
+1580686911.61,-0001.95,+0020.51,+0025.39,+0002.14,+0002.22,-0012.86
+1580686911.62,+0002.93,+0019.53,+0024.41,-0001.45,-0013.63,+0001.91
+1580686911.62,+0005.86,+0017.58,+0022.46,+0004.29,+0012.40,-0010.11
+1580686911.63,-0020.51,+0019.53,+0021.48,+0001.68,-0007.12,-0009.65
+1580686911.63,+0005.86,+0025.39,+0021.48,+0004.36,+0001.38,-0020.60
+1580686911.64,+0004.88,+0013.67,+0019.53,-0009.49,+0000.69,-0012.71
+1580686911.64,-0004.88,+0018.55,+0020.51,-0004.59,-0002.07,-0011.71
+1580686911.65,-0001.95,+0023.44,+0019.53,+0001.30,-0001.68,-0015.01
+1580686911.65,+0001.95,+0018.55,+0018.55,+0001.07,-0001.07,-0009.49
+1580686911.66,+0002.93,+0017.58,+0017.58,-0000.54,-0000.46,-0010.64
+1580686911.66,+0001.95,+0021.48,+0017.58,-0002.45,-0000.23,-0008.88
+1580686911.67,+0003.91,+0018.55,+0015.62,-0004.36,-0001.07,-0009.95
+1580686911.67,+0004.88,+0016.60,+0014.65,-0001.00,-0000.54,-0009.80
+1580686911.68,+0003.91,+0017.58,+0012.70,+0000.15,-0000.38,-0007.04
+1580686911.68,+0000.98,+0017.58,+0011.72,-0001.45,+0000.77,-0011.03
+1580686911.69,+0002.93,+0016.60,+0010.74,-0001.53,+0000.77,-0012.10
+1580686911.69,+0006.84,+0015.62,+0010.74,+0001.30,-0000.15,-0014.32
+1580686911.70,+0002.93,+0013.67,+0010.74,+0002.30,-0000.23,-0010.49
+1580686911.70,+0000.98,+0014.65,+0009.77,-0001.07,+0000.00,-0013.25
+1580686911.71,+0001.95,+0013.67,+0008.79,+0000.31,+0001.00,-0011.33
+1580686911.71,+0002.93,+0011.72,+0007.81,-0001.84,+0000.61,-0009.11
+1580686911.72,-0000.98,+0009.77,+0005.86,-0001.38,+0000.00,-0008.27
+1580686911.72,-0002.93,+0010.74,+0003.91,-0002.68,+0000.84,-0008.58
+1580686911.73,-0001.95,+0007.81,+0001.95,-0004.06,+0000.00,-0008.04
+1580686911.73,+0000.00,+0005.86,+0000.00,-0002.07,+0001.61,-0004.90
+1580686911.74,-0003.91,+0004.88,-0000.98,-0002.45,+0000.23,-0006.35
+1580686911.74,-0004.88,+0003.91,-0001.95,-0001.07,-0000.92,-0007.43
+1580686911.75,-0001.95,+0001.95,-0003.91,-0001.00,+0000.23,-0011.64
+1580686911.75,-0002.93,+0000.00,-0003.91,+0000.38,-0001.99,-0010.49
+1580686911.76,-0002.93,+0000.98,-0004.88,-0002.07,-0001.38,-0011.56
+1580686911.76,-0001.95,-0000.98,-0005.86,-0002.30,-0001.68,-0008.65
+1580686911.77,-0003.91,-0001.95,-0007.81,-0002.14,+0000.77,-0013.02
+1580686911.77,-0007.81,-0001.95,-0008.79,-0002.14,-0000.08,-0012.40
+1580686911.78,-0003.91,-0003.91,-0008.79,-0002.68,-0001.15,-0013.63
+1580686911.78,+0000.00,-0005.86,-0009.77,-0002.45,+0001.91,-0006.89
+1580686911.79,-0003.91,-0006.84,-0010.74,-0000.61,+0001.99,-0010.57
+1580686911.79,-0009.77,-0006.84,-0011.72,-0002.14,-0001.38,-0011.41
+1580686911.80,+0000.00,-0007.81,-0011.72,-0000.38,-0001.84,-0010.57
+1580686911.80,+0001.95,-0010.74,-0012.70,+0000.77,+0001.00,-0008.19
+1580686911.81,-0005.86,-0008.79,-0012.70,+0001.07,+0001.07,-0009.26
+1580686911.81,-0002.93,-0007.81,-0011.72,-0001.45,-0000.92,-0011.71
+1580686911.82,+0001.95,-0010.74,-0011.72,-0001.23,+0002.68,-0008.65
+1580686911.82,-0000.98,-0011.72,-0011.72,+0000.69,+0001.53,-0009.19
+1580686911.83,-0007.81,-0008.79,-0011.72,+0000.38,+0001.30,-0012.25
+1580686911.83,-0006.84,-0008.79,-0010.74,+0000.54,-0000.23,-0013.55
+1580686911.84,+0000.98,-0010.74,-0009.77,+0001.15,+0002.22,-0012.10
+1580686911.84,-0004.88,-0010.74,-0008.79,+0000.61,+0000.15,-0008.88
+1580686911.85,-0006.84,-0007.81,-0007.81,+0000.46,-0000.61,-0008.04
+1580686911.85,-0001.95,-0008.79,-0006.84,-0001.15,+0003.37,-0013.48
+1580686911.86,-0002.93,-0007.81,-0005.86,+0001.91,-0001.76,-0016.31
+1580686911.86,+0013.67,-0008.79,-0004.88,-0005.67,-0011.33,+0012.48
+1580686911.87,-0004.88,-0008.79,-0005.86,+0011.18,+0017.07,-0028.48
+1580686911.87,-0010.74,-0006.84,-0004.88,+0010.11,+0000.54,-0015.70
+1580686911.88,+0015.62,-0000.98,-0003.91,-0008.96,-0003.29,-0010.95
+1580686911.88,+0000.00,-0013.67,-0004.88,+0005.28,+0004.52,-0004.44
+1580686911.89,-0007.81,-0001.95,-0001.95,-0000.46,-0003.22,-0010.26
+1580686911.89,+0000.98,-0000.98,-0000.98,+0000.31,+0000.46,-0011.64
+1580686911.90,+0003.91,-0006.84,+0000.00,+0000.54,+0000.46,-0007.43
+1580686911.90,-0002.93,-0004.88,+0000.98,+0002.37,+0002.30,-0011.56
+1580686911.91,-0004.88,+0002.93,+0002.93,-0000.84,-0001.30,-0009.34
+1580686911.91,+0000.00,-0001.95,+0003.91,+0000.77,-0001.61,-0007.20
+1580686911.92,+0001.95,-0002.93,+0003.91,-0000.08,+0001.45,-0005.13
+1580686911.92,-0007.81,+0000.00,+0004.88,-0000.23,-0002.60,-0008.42
+1580686911.93,-0009.77,+0001.95,+0004.88,-0001.99,+0002.60,-0013.63
+1580686911.93,-0002.93,-0000.98,+0004.88,-0000.31,-0000.08,-0017.23
+1580686911.94,-0001.95,-0000.98,+0005.86,+0000.69,-0001.00,-0017.30
+1580686911.94,-0004.88,+0001.95,+0006.84,+0001.61,+0000.23,-0013.78
+1580686911.95,-0003.91,+0001.95,+0007.81,+0002.22,-0001.61,-0015.08
+1580686911.95,+0002.93,+0002.93,+0007.81,-0000.61,+0000.08,-0012.48
+1580686911.96,+0002.93,+0002.93,+0007.81,-0000.23,+0001.15,-0007.58
+1580686911.96,-0001.95,+0002.93,+0007.81,-0000.15,-0000.61,-0006.81
+1580686911.97,+0000.00,+0004.88,+0006.84,-0001.00,-0000.77,-0007.27
+1580686911.97,+0000.98,+0003.91,+0005.86,-0001.15,-0000.23,-0009.88
+1580686911.98,+0000.00,+0002.93,+0005.86,+0001.38,-0000.31,-0009.57
+1580686911.98,+0002.93,+0004.88,+0006.84,+0001.07,-0001.07,-0012.56
+1580686911.99,+0001.95,+0004.88,+0006.84,+0001.45,-0001.84,-0013.09
+1580686911.99,+0002.93,+0005.86,+0007.81,+0001.45,-0000.84,-0012.17
+1580686912.00,+0004.88,+0007.81,+0008.79,+0002.45,-0000.69,-0011.25
+1580686912.00,+0003.91,+0008.79,+0009.77,+0001.15,-0000.61,-0010.18
+1580686912.01,+0003.91,+0009.77,+0010.74,+0001.23,-0000.23,-0010.18
+1580686912.01,+0005.86,+0010.74,+0010.74,-0000.54,-0001.07,-0009.57
+1580686912.02,+0005.86,+0010.74,+0010.74,+0001.07,-0000.77,-0010.49
+1580686912.02,+0002.93,+0011.72,+0010.74,-0001.15,-0001.84,-0008.27
+1580686912.03,+0004.88,+0011.72,+0009.77,-0000.77,-0000.77,-0007.35
+1580686912.03,+0003.91,+0011.72,+0008.79,+0001.45,+0001.68,-0006.05
+1580686912.04,-0001.95,+0011.72,+0008.79,+0000.92,-0002.22,-0004.75
+1580686912.04,-0001.95,+0012.70,+0007.81,-0000.69,+0001.45,-0007.35
+1580686912.05,-0002.93,+0012.70,+0007.81,+0000.23,-0001.68,-0007.89
+1580686912.05,-0003.91,+0011.72,+0007.81,+0002.07,+0001.45,-0010.26
+1580686912.06,-0006.84,+0012.70,+0007.81,-0002.22,-0000.15,-0010.87
+1580686912.06,-0009.77,+0012.70,+0007.81,+0001.15,-0000.15,-0011.33
+1580686912.07,-0008.79,+0012.70,+0006.84,-0001.30,+0000.00,-0010.95
+1580686912.07,-0007.81,+0013.67,+0005.86,-0001.99,+0001.68,-0011.56
+1580686912.08,-0008.79,+0011.72,+0004.88,-0003.90,+0000.23,-0013.09
+1580686912.08,-0007.81,+0011.72,+0002.93,-0003.98,+0000.38,-0011.33
+1580686912.09,-0004.88,+0010.74,+0001.95,-0003.37,-0002.14,-0007.89
+1580686912.09,-0002.93,+0008.79,+0000.00,-0003.68,+0000.00,-0006.43
+1580686912.10,-0000.98,+0007.81,-0001.95,-0002.68,-0001.99,-0003.83
+1580686912.10,-0004.88,+0007.81,-0003.91,-0003.29,-0001.23,-0018.83
+1580686912.11,+0004.88,+0006.84,-0004.88,-0002.99,-0012.17,+0006.58
+1580686912.11,+0001.95,+0005.86,-0006.84,+0005.74,+0017.92,-0029.55
+1580686912.12,-0020.51,+0004.88,-0006.84,+0010.03,-0000.84,-0018.99
+1580686912.12,+0010.74,+0011.72,-0005.86,-0008.96,-0000.77,-0017.69
+1580686912.13,+0002.93,-0000.98,-0006.84,+0001.68,+0003.37,-0011.18
+1580686912.13,-0003.91,+0007.81,-0005.86,+0003.60,-0001.23,-0006.89
+1580686912.14,-0000.98,+0008.79,-0006.84,-0002.91,-0000.23,-0011.79
+1580686912.14,+0004.88,+0002.93,-0008.79,-0000.38,-0001.61,-0006.43
+1580686912.15,+0003.91,+0001.95,-0008.79,-0002.37,+0003.60,-0009.42
+1580686912.15,-0001.95,+0005.86,-0009.77,-0003.37,-0002.99,-0008.27
+1580686912.16,+0006.84,+0001.95,-0009.77,-0000.15,+0001.84,-0012.02
+1580686912.16,+0005.86,+0000.00,-0010.74,-0002.37,-0000.61,-0011.87
+1580686912.17,+0001.95,+0001.95,-0010.74,+0002.22,+0000.69,-0008.96
+1580686912.17,+0005.86,+0002.93,-0011.72,-0001.23,+0001.00,-0014.62
+1580686912.18,+0007.81,-0001.95,-0012.70,-0001.30,-0003.22,-0009.65
+1580686912.18,+0010.74,-0000.98,-0012.70,-0000.61,-0001.07,-0010.87
+1580686912.19,+0000.00,-0001.95,-0013.67,+0000.38,-0003.75,-0002.76
+1580686912.19,+0001.95,-0000.98,-0014.65,-0001.76,+0000.69,-0006.12
+1580686912.20,+0000.98,-0002.93,-0014.65,-0003.68,+0002.07,-0007.12
+1580686912.20,+0001.95,-0003.91,-0014.65,+0000.84,-0000.77,-0006.43
+1580686912.21,+0003.91,-0003.91,-0014.65,-0000.92,-0000.69,-0006.97
+1580686912.21,+0002.93,-0004.88,-0014.65,-0000.31,-0000.15,-0009.49
+1580686912.22,-0002.93,-0005.86,-0014.65,-0001.15,+0001.38,-0010.80
+1580686912.22,+0000.00,-0005.86,-0014.65,-0001.76,-0001.23,-0008.96
+1580686912.23,+0003.91,-0006.84,-0014.65,-0001.68,+0000.84,-0009.80
+1580686912.23,+0000.98,-0008.79,-0014.65,+0001.07,-0000.77,-0007.81
+1580686912.24,+0000.00,-0007.81,-0015.62,-0001.23,+0001.00,-0009.19
+1580686912.24,-0003.91,-0009.77,-0015.62,-0001.91,-0000.23,-0008.65
+1580686912.25,-0000.98,-0010.74,-0015.62,+0000.84,+0000.15,-0008.19
+1580686912.25,-0003.91,-0011.72,-0015.62,-0001.61,+0002.68,-0009.49
+1580686912.26,-0006.84,-0011.72,-0015.62,-0000.69,+0001.15,-0012.40
+1580686912.26,-0003.91,-0011.72,-0015.62,-0001.15,+0000.69,-0015.08
+1580686912.27,-0001.95,-0013.67,-0014.65,+0000.69,+0000.15,-0012.63
+1580686912.27,+0001.95,-0013.67,-0014.65,+0000.46,-0002.30,-0010.11
+1580686912.28,+0000.98,-0014.65,-0014.65,+0000.31,+0000.23,-0011.41
+1580686912.28,-0001.95,-0014.65,-0015.62,-0003.68,-0000.84,-0012.33
+1580686912.29,+0003.91,-0015.62,-0015.62,-0000.69,-0000.61,-0012.86
+1580686912.29,+0004.88,-0017.58,-0015.62,-0001.38,+0000.84,-0010.34
+1580686912.30,+0000.98,-0017.58,-0015.62,-0001.61,+0000.54,-0010.49
+1580686912.30,+0000.00,-0018.55,-0015.62,-0001.00,+0000.00,-0012.86
+1580686912.31,+0000.00,-0019.53,-0015.62,-0000.92,+0001.07,-0011.33
+1580686912.31,+0000.98,-0020.51,-0015.62,-0000.61,+0000.00,-0009.42
+1580686912.32,+0000.00,-0020.51,-0013.67,-0000.46,+0001.15,-0008.58
+1580686912.32,-0000.98,-0020.51,-0012.70,+0000.46,-0001.53,-0009.57
+1580686912.33,+0000.00,-0020.51,-0012.70,+0001.68,-0000.46,-0008.88
+1580686912.33,+0000.98,-0019.53,-0011.72,-0001.30,-0000.46,-0008.80
+1580686912.34,+0000.98,-0019.53,-0010.74,+0001.68,-0000.38,-0007.58
+1580686912.34,-0000.98,-0018.55,-0009.77,+0000.23,+0002.14,-0008.96
+1580686912.35,-0005.86,-0016.60,-0008.79,+0002.45,-0003.14,-0013.78
+1580686912.35,+0007.81,-0017.58,-0006.84,-0004.13,-0002.07,+0007.73
+1580686912.36,-0008.79,-0017.58,-0007.81,+0009.80,+0016.31,-0033.99
+1580686912.36,-0019.53,-0015.62,-0004.88,-0006.43,-0012.48,-0007.66
+1580686912.37,+0016.60,-0007.81,-0002.93,-0013.63,+0000.77,-0016.08
+1580686912.37,+0001.95,-0023.44,-0002.93,+0008.80,+0001.38,-0001.99
+1580686912.38,-0007.81,-0007.81,-0000.98,+0000.84,-0002.14,-0007.35
+1580686912.38,-0000.98,-0009.77,-0000.98,-0000.31,+0000.23,-0008.88
+1580686912.39,+0004.88,-0013.67,-0001.95,-0000.15,-0000.54,-0006.05
+1580686912.39,-0001.95,-0012.70,-0000.98,+0001.84,+0001.76,-0007.89
+1580686912.40,-0001.95,-0007.81,+0000.98,+0001.45,-0002.99,-0009.95
+1580686912.40,+0000.00,-0010.74,+0000.98,+0003.52,+0000.00,-0014.01
+1580686912.41,+0003.91,-0008.79,+0001.95,-0000.77,-0001.38,-0011.41
+1580686912.41,+0002.93,-0007.81,+0002.93,+0002.91,-0000.54,-0008.04
+1580686912.42,-0003.91,-0006.84,+0003.91,+0001.99,+0000.54,-0009.95
+1580686912.42,-0000.98,-0004.88,+0004.88,+0001.07,+0000.38,-0007.66
+1580686912.43,+0004.88,-0006.84,+0005.86,+0000.31,-0001.53,-0010.11
+1580686912.43,+0000.00,-0005.86,+0005.86,+0001.23,+0001.61,-0011.33
+1580686912.44,-0000.98,-0003.91,+0006.84,+0001.38,-0001.15,-0011.79
+1580686912.44,+0001.95,-0003.91,+0006.84,-0000.61,+0001.61,-0011.10
+1580686912.45,+0000.98,-0004.88,+0006.84,+0000.92,-0000.31,-0008.19
+1580686912.45,-0000.98,-0002.93,+0006.84,+0000.23,-0000.31,-0012.02
+1580686912.46,-0000.98,-0001.95,+0007.81,+0000.08,-0000.61,-0011.87
+1580686912.46,+0001.95,-0001.95,+0007.81,-0002.68,+0000.31,-0009.95
+1580686912.47,-0002.93,-0002.93,+0008.79,+0003.22,+0002.14,-0007.89
+1580686912.47,-0004.88,+0000.00,+0008.79,-0001.07,-0001.00,-0009.11
+1580686912.48,-0000.98,-0000.98,+0008.79,+0000.31,+0000.77,-0010.03
+1580686912.48,-0000.98,-0000.98,+0008.79,-0000.15,+0001.00,-0013.32
+1580686912.49,-0000.98,+0000.98,+0008.79,-0000.46,-0001.23,-0016.69
+1580686912.49,+0001.95,+0000.98,+0007.81,-0000.84,-0000.54,-0015.08
+1580686912.50,+0005.86,+0000.98,+0007.81,+0001.00,-0000.38,-0011.94
+1580686912.50,+0003.91,+0001.95,+0007.81,-0000.69,-0002.83,-0009.88
+1580686912.51,+0002.93,+0002.93,+0007.81,-0001.68,-0001.53,-0007.35
+1580686912.51,+0006.84,+0001.95,+0006.84,-0000.46,-0001.38,-0005.05
+1580686912.52,+0006.84,+0000.98,+0006.84,-0002.30,-0000.15,-0003.83
+1580686912.52,+0003.91,+0000.98,+0005.86,+0001.15,+0001.07,-0007.81
+1580686912.53,+0001.95,+0001.95,+0005.86,-0001.45,-0001.38,-0008.12
+1580686912.53,+0003.91,+0001.95,+0005.86,+0002.53,+0000.54,-0008.73
+1580686912.53,+0000.98,+0001.95,+0005.86,-0001.00,+0000.46,-0007.27
+1580686912.54,-0006.84,+0003.91,+0006.84,+0001.38,+0001.99,-0014.70
+1580686912.54,-0007.81,+0004.88,+0007.81,-0000.92,+0002.14,-0015.77
+1580686912.55,-0006.84,+0004.88,+0007.81,+0002.76,+0001.99,-0014.01
+1580686912.55,-0009.77,+0004.88,+0007.81,+0000.15,+0000.00,-0010.64
+1580686912.56,-0011.72,+0006.84,+0007.81,-0002.14,+0001.68,-0010.41
+1580686912.56,-0009.77,+0004.88,+0006.84,-0001.61,-0000.23,-0009.42
+1580686912.57,-0004.88,+0003.91,+0005.86,-0002.45,-0000.38,-0006.12
+1580686912.57,-0005.86,+0003.91,+0003.91,-0001.91,-0002.83,-0006.28
+1580686912.58,-0006.84,+0003.91,+0002.93,-0001.30,+0002.14,-0007.50
+1580686912.58,-0007.81,+0003.91,+0001.95,-0001.99,-0000.23,-0013.55
+1580686912.59,-0001.95,+0003.91,+0000.98,-0001.38,+0000.61,-0013.48
+1580686912.59,+0000.00,+0002.93,+0000.98,-0001.00,+0000.00,-0017.30
+1580686912.60,+0001.95,+0003.91,+0001.95,-0001.07,-0011.41,-0004.75
+1580686912.60,+0018.55,+0002.93,+0000.98,-0002.14,+0005.36,-0001.76
+1580686912.61,-0014.65,+0003.91,+0000.00,+0001.00,-0010.95,-0006.66
+1580686912.61,+0008.79,+0008.79,+0000.98,+0004.44,+0001.84,-0016.77
+1580686912.62,+0014.65,+0002.93,+0000.98,-0009.72,+0001.00,-0014.39
+1580686912.62,+0004.88,+0002.93,+0001.95,-0004.21,-0002.68,-0010.64
