+1581210555.94,-0000.98,+0006.84,-0007.81,+0002.53,-0004.06,-0008.27
+1581210555.95,+0001.95,+0007.81,-0007.81,+0002.22,-0004.21,-0009.26
+1581210555.95,+0001.95,+0006.84,-0007.81,+0002.37,-0003.52,-0010.11
+1581210555.96,+0001.95,+0006.84,-0007.81,+0003.45,-0004.90,-0010.95
+1581210555.96,+0003.91,+0006.84,-0007.81,+0003.22,-0004.75,-0010.72
+1581210555.97,+0003.91,+0006.84,-0007.81,+0003.98,-0004.21,-0010.72
+1581210555.97,+0002.93,+0006.84,-0007.81,+0002.37,-0004.59,-0010.26
+1581210555.98,+0002.93,+0006.84,-0006.84,+0002.14,-0004.36,-0010.18
+1581210555.98,+0006.84,+0006.84,-0006.84,-0000.23,-0002.37,-0009.80
+1581210555.99,+0003.91,+0005.86,-0006.84,-0001.23,+0000.00,-0010.80
+1581210555.99,+0002.93,+0006.84,-0006.84,-0000.84,-0002.07,-0012.25
+1581210556.00,+0005.86,+0006.84,-0005.86,-0001.84,-0000.77,-0011.79
+1581210556.00,+0005.86,+0005.86,-0004.88,-0001.84,-0000.69,-0011.56
+1581210556.01,+0005.86,+0006.84,-0004.88,-0001.68,-0001.61,-0009.19
+1581210556.01,+0006.84,+0007.81,-0003.91,-0002.30,-0001.30,-0008.50
+1581210556.02,+0006.84,+0005.86,-0003.91,+0000.00,-0001.99,-0010.87
+1581210556.02,+0007.81,+0006.84,-0002.93,+0001.84,-0001.91,-0011.10
+1581210556.03,+0005.86,+0007.81,-0002.93,+0001.91,-0002.60,-0013.02
+1581210556.03,+0007.81,+0007.81,-0002.93,+0002.76,-0003.60,-0010.95
+1581210556.04,+0007.81,+0008.79,-0001.95,+0003.45,-0003.37,-0009.49
+1581210556.04,+0004.88,+0007.81,-0001.95,+0001.38,-0001.68,-0008.04
+1581210556.05,+0004.88,+0008.79,-0000.98,-0000.31,-0002.30,-0006.51
+1581210556.05,+0004.88,+0008.79,-0000.98,-0001.61,+0000.46,-0007.66
+1581210556.06,+0002.93,+0007.81,-0000.98,-0003.06,+0000.46,-0007.27
+1581210556.06,+0002.93,+0008.79,-0000.98,-0003.37,+0000.31,-0007.73
+1581210556.07,+0000.98,+0007.81,-0001.95,-0000.46,-0002.22,-0010.26
+1581210556.07,+0001.95,+0006.84,-0001.95,-0000.31,-0001.30,-0009.80
+1581210556.08,+0000.98,+0006.84,-0002.93,+0001.84,-0001.68,-0011.33
+1581210556.08,-0001.95,+0006.84,-0002.93,+0001.38,-0002.53,-0011.48
+1581210556.09,-0000.98,+0005.86,-0003.91,+0001.30,-0001.68,-0010.03
+1581210556.09,-0002.93,+0004.88,-0004.88,-0001.68,+0000.31,-0008.42
+1581210556.10,-0004.88,+0003.91,-0004.88,-0002.22,-0001.30,-0008.65
+1581210556.10,-0004.88,+0003.91,-0005.86,-0005.05,+0000.38,-0010.80
+1581210556.11,-0004.88,+0002.93,-0006.84,-0002.99,-0000.31,-0010.34
+1581210556.11,-0000.98,+0001.95,-0007.81,-0003.29,+0000.69,-0010.57
+1581210556.12,-0001.95,+0000.98,-0008.79,-0002.60,-0001.45,-0009.34
+1581210556.12,-0001.95,+0000.98,-0009.77,+0000.31,-0002.45,-0010.26
+1581210556.13,-0000.98,+0000.98,-0009.77,+0000.38,-0003.90,-0008.73
+1581210556.13,-0000.98,-0000.98,-0011.72,-0000.54,-0003.52,-0009.72
+1581210556.14,+0000.00,-0000.98,-0012.70,-0001.45,-0001.23,-0009.57
+1581210556.14,-0000.98,-0001.95,-0013.67,-0002.60,-0000.38,-0010.03
+1581210556.15,-0000.98,-0002.93,-0013.67,-0002.22,+0001.15,-0011.33
+1581210556.15,-0000.98,-0001.95,-0014.65,-0002.76,+0000.54,-0011.18
+1581210556.16,-0001.95,-0003.91,-0015.62,+0000.31,-0001.23,-0010.34
+1581210556.16,-0000.98,-0003.91,-0015.62,+0000.15,-0001.38,-0009.57
+1581210556.17,-0003.91,-0004.88,-0015.62,+0001.84,-0001.76,-0011.33
+1581210556.17,-0001.95,-0003.91,-0015.62,-0001.15,-0000.69,-0011.25
+1581210556.18,-0001.95,-0004.88,-0015.62,-0001.38,+0001.30,-0011.03
+1581210556.18,-0003.91,-0005.86,-0016.60,-0002.30,+0001.91,-0011.33
+1581210556.19,-0004.88,-0004.88,-0016.60,-0001.68,+0001.38,-0009.72
+1581210556.19,-0003.91,-0005.86,-0016.60,-0000.46,-0000.61,-0008.19
+1581210556.20,-0001.95,-0005.86,-0016.60,+0001.00,-0001.07,-0007.66
+1581210556.20,-0004.88,-0006.84,-0017.58,+0001.91,-0002.99,-0007.66
+1581210556.21,-0003.91,-0006.84,-0017.58,+0001.76,-0002.37,-0009.88
+1581210556.21,+0000.00,-0006.84,-0016.60,-0001.15,-0001.53,-0009.49
+1581210556.22,-0000.98,-0007.81,-0017.58,-0001.61,+0000.92,-0010.49
+1581210556.22,-0001.95,-0006.84,-0016.60,-0002.76,+0000.61,-0010.87
+1581210556.23,-0001.95,-0006.84,-0016.60,-0000.84,-0000.46,-0012.63
+1581210556.23,+0001.95,-0006.84,-0016.60,-0000.38,-0001.07,-0011.48
+1581210556.24,+0000.00,-0006.84,-0015.62,+0000.92,-0001.38,-0011.56
+1581210556.24,-0002.93,-0004.88,-0015.62,+0001.99,-0001.53,-0011.79
+1581210556.25,-0001.95,-0004.88,-0014.65,-0000.38,-0001.00,-0010.03
+1581210556.25,-0002.93,-0005.86,-0014.65,-0000.61,+0001.15,-0010.26
+1581210556.26,-0001.95,-0004.88,-0013.67,-0001.45,+0001.00,-0008.58
+1581210556.26,-0002.93,-0004.88,-0013.67,-0003.29,+0002.22,-0007.96
+1581210556.27,-0002.93,-0004.88,-0013.67,-0000.77,+0001.76,-0010.64
+1581210556.27,-0001.95,-0003.91,-0013.67,-0001.23,-0001.91,-0010.72
+1581210556.28,+0000.98,-0004.88,-0013.67,+0001.15,+0003.98,-0011.64
+1581210556.28,-0008.79,-0004.88,-0014.65,+0001.00,-0001.45,-0012.94
+1581210556.29,-0009.77,-0002.93,-0012.70,+0005.21,-0003.52,-0011.33
+1581210556.29,+0002.93,-0002.93,-0011.72,+0000.54,-0000.69,-0018.38
+1581210556.30,+0003.91,-0007.81,-0011.72,-0001.68,+0000.46,-0003.52
+1581210556.30,-0001.95,-0005.86,-0012.70,-0002.68,-0001.30,-0006.51
+1581210556.31,-0001.95,-0003.91,-0013.67,-0002.30,-0001.38,-0005.51
+1581210556.31,+0001.95,-0004.88,-0011.72,-0000.69,-0001.68,-0007.58
+1581210556.32,+0003.91,-0005.86,-0011.72,+0001.38,-0000.38,-0007.58
+1581210556.32,+0000.00,-0005.86,-0011.72,+0000.54,-0002.22,-0009.57
+1581210556.33,-0002.93,-0005.86,-0012.70,+0002.37,-0003.75,-0013.40
+1581210556.33,+0002.93,-0004.88,-0011.72,+0000.54,-0001.30,-0014.39
+1581210556.34,+0000.98,-0005.86,-0010.74,+0000.84,-0000.61,-0011.56
+1581210556.34,+0000.00,-0004.88,-0009.77,-0000.46,+0001.23,-0010.03
+1581210556.35,-0003.91,-0004.88,-0009.77,-0000.84,-0000.61,-0010.41
+1581210556.35,-0003.91,-0004.88,-0009.77,+0001.76,-0000.61,-0008.50
+1581210556.36,+0000.00,-0004.88,-0008.79,+0001.15,-0001.61,-0009.80
+1581210556.36,-0002.93,-0005.86,-0009.77,+0001.53,-0002.53,-0008.50
+1581210556.37,-0001.95,-0004.88,-0008.79,+0000.00,-0001.91,-0009.19
+1581210556.37,-0003.91,-0004.88,-0008.79,-0000.38,+0000.61,-0010.18
+1581210556.38,-0002.93,-0004.88,-0007.81,-0000.92,+0001.68,-0009.49
+1581210556.38,-0003.91,-0004.88,-0006.84,+0001.45,-0001.15,-0010.34
+1581210556.39,-0002.93,-0004.88,-0006.84,+0002.22,-0001.15,-0011.94
+1581210556.39,-0001.95,-0002.93,-0005.86,+0002.91,-0002.99,-0011.64
+1581210556.40,-0002.93,-0003.91,-0004.88,+0001.99,-0004.82,-0010.41
+1581210556.40,+0000.00,-0002.93,-0003.91,+0000.61,-0003.22,-0010.34
+1581210556.41,-0001.95,-0002.93,-0003.91,+0000.38,-0001.53,-0009.26
+1581210556.41,+0000.98,-0001.95,-0002.93,-0000.69,-0000.15,-0008.80
+1581210556.42,-0000.98,-0001.95,-0001.95,+0001.07,-0001.53,-0008.96
+1581210556.42,-0001.95,+0000.00,-0000.98,+0003.14,-0002.22,-0010.41
+1581210556.43,+0000.98,+0000.00,+0000.98,+0002.30,-0003.52,-0009.57
+1581210556.43,-0000.98,+0000.00,+0000.98,+0002.22,-0002.83,-0009.49
+1581210556.44,-0000.98,+0000.98,+0001.95,+0001.07,-0002.07,-0011.87
+1581210556.44,+0000.00,+0000.98,+0001.95,-0000.61,-0001.15,-0010.34
+1581210556.45,+0004.88,+0001.95,+0002.93,+0000.46,-0000.92,-0010.80
+1581210556.45,+0000.00,+0001.95,+0002.93,+0000.00,-0003.06,-0009.80
+1581210556.46,+0001.95,+0002.93,+0003.91,+0001.76,-0003.90,-0011.64
+1581210556.46,+0000.98,+0002.93,+0004.88,+0000.46,-0002.68,-0011.87
+1581210556.47,+0003.91,+0003.91,+0004.88,+0000.92,-0002.91,-0010.95
+1581210556.47,+0003.91,+0003.91,+0005.86,-0000.77,-0000.92,-0009.49
+1581210556.48,+0002.93,+0004.88,+0005.86,+0002.45,-0002.37,-0011.41
+1581210556.48,+0002.93,+0004.88,+0005.86,+0001.07,-0003.90,-0010.64
+1581210556.49,+0005.86,+0004.88,+0005.86,+0001.23,-0003.60,-0010.26
+1581210556.49,+0002.93,+0004.88,+0005.86,-0000.77,-0002.14,-0010.80
+1581210556.50,+0005.86,+0005.86,+0005.86,+0000.23,-0003.14,-0007.58
+1581210556.50,+0004.88,+0004.88,+0005.86,+0000.61,-0001.30,-0010.64
+1581210556.51,+0001.95,+0005.86,+0005.86,+0000.69,-0003.83,-0006.51
+1581210556.51,+0002.93,+0005.86,+0004.88,-0001.53,+0001.15,-0008.27
+1581210556.52,+0000.00,+0004.88,+0004.88,-0001.15,+0000.08,-0008.96
+1581210556.52,-0000.98,+0005.86,+0004.88,+0000.77,-0002.07,-0006.81
+1581210556.53,+0000.98,+0004.88,+0004.88,+0000.31,-0001.68,-0007.04
+1581210556.53,-0003.91,+0003.91,+0002.93,-0001.76,+0000.08,-0006.28
+1581210556.54,-0002.93,+0003.91,+0002.93,-0001.53,-0000.61,-0007.50
+1581210556.54,-0005.86,+0002.93,+0000.98,+0000.69,-0001.68,-0008.80
+1581210556.55,-0005.86,+0002.93,+0000.98,-0000.38,-0000.61,-0010.57
+1581210556.55,-0010.74,+0001.95,+0000.00,-0001.38,-0001.76,-0010.57
+1581210556.56,-0006.84,+0001.95,+0000.98,-0001.99,+0001.00,-0010.41
+1581210556.56,-0007.81,+0000.00,-0000.98,-0000.46,+0001.45,-0009.26
+1581210556.57,-0009.77,+0000.00,-0002.93,-0001.53,-0000.46,-0009.80
+1581210556.57,-0015.62,-0000.98,-0003.91,-0000.38,-0001.76,-0007.35
+1581210556.58,-0012.70,-0001.95,-0004.88,+0000.92,+0003.60,-0012.17
+1581210556.58,-0010.74,-0004.88,-0004.88,-0002.60,+0001.15,-0017.00
+1581210556.59,-0003.91,-0004.88,-0004.88,-0000.77,-0004.21,-0017.92
+1581210556.59,-0002.93,-0004.88,-0005.86,-0001.23,-0002.07,-0014.39
+1581210556.60,-0006.84,-0004.88,-0007.81,-0001.00,-0000.92,-0012.56
+1581210556.60,-0003.91,-0003.91,-0007.81,-0001.45,+0001.45,-0011.94
+1581210556.61,+0001.95,-0005.86,-0007.81,-0001.00,-0000.23,-0009.65
+1581210556.61,+0000.00,-0005.86,-0008.79,-0001.53,-0000.08,-0006.58
+1581210556.62,+0000.00,-0005.86,-0009.77,-0000.15,-0002.07,-0006.58
+1581210556.62,+0000.00,-0006.84,-0009.77,-0000.38,+0001.00,-0007.73
+1581210556.63,+0001.95,-0006.84,-0009.77,-0000.61,+0002.83,-0008.35
+1581210556.63,-0000.98,-0007.81,-0008.79,+0000.38,+0001.68,-0010.95
+1581210556.64,-0001.95,-0006.84,-0007.81,+0001.00,+0000.84,-0011.64
+1581210556.64,+0000.00,-0007.81,-0007.81,+0000.69,+0000.38,-0011.41
+1581210556.65,+0000.00,-0009.77,-0007.81,-0001.84,+0003.68,-0012.10
+1581210556.65,-0005.86,-0009.77,-0007.81,+0000.15,+0001.30,-0010.72
+1581210556.66,-0002.93,-0008.79,-0007.81,+0001.00,+0001.23,-0011.03
+1581210556.66,-0002.93,-0010.74,-0007.81,+0000.08,+0000.08,-0011.94
+1581210556.67,-0001.95,-0011.72,-0007.81,-0000.69,+0001.07,-0008.88
+1581210556.67,-0003.91,-0011.72,-0008.79,+0000.54,+0000.46,-0007.35
+1581210556.68,-0002.93,-0012.70,-0008.79,-0001.61,+0001.23,-0007.73
+1581210556.68,-0003.91,-0012.70,-0009.77,+0001.07,+0000.23,-0010.72
+1581210556.69,-0004.88,-0012.70,-0009.77,+0000.61,+0000.77,-0010.11
+1581210556.69,-0000.98,-0012.70,-0008.79,+0000.46,-0000.77,-0010.34
+1581210556.70,-0001.95,-0012.70,-0008.79,+0001.07,+0000.61,-0011.18
+1581210556.70,-0003.91,-0012.70,-0008.79,-0000.61,+0002.30,-0011.48
+1581210556.71,-0004.88,-0012.70,-0008.79,+0000.54,+0000.54,-0012.17
+1581210556.71,-0002.93,-0011.72,-0008.79,+0000.46,+0000.61,-0011.18
+1581210556.72,-0001.95,-0012.70,-0007.81,+0000.15,+0000.61,-0008.73
+1581210556.72,-0004.88,-0012.70,-0008.79,+0000.08,+0001.45,-0007.81
+1581210556.73,-0005.86,-0011.72,-0007.81,-0000.84,+0001.15,-0006.81
+1581210556.73,-0003.91,-0012.70,-0007.81,-0000.46,+0000.08,-0007.43
+1581210556.74,-0005.86,-0012.70,-0006.84,+0000.54,+0001.00,-0010.03
+1581210556.74,-0008.79,-0011.72,-0006.84,+0000.38,+0000.77,-0010.95
+1581210556.75,-0003.91,-0012.70,-0004.88,+0000.23,+0001.53,-0011.64
+1581210556.75,-0002.93,-0012.70,-0004.88,-0000.08,+0000.23,-0010.64
+1581210556.76,-0003.91,-0011.72,-0003.91,+0000.23,-0001.84,-0009.80
+1581210556.76,-0003.91,-0011.72,-0003.91,+0000.31,+0001.07,-0009.49
+1581210556.77,-0001.95,-0011.72,-0002.93,+0001.61,-0002.91,-0008.65
+1581210556.77,+0000.00,-0011.72,-0001.95,+0000.15,-0000.46,-0008.50
+1581210556.78,-0002.93,-0011.72,-0002.93,+0000.38,-0001.61,-0009.49
+1581210556.78,-0001.95,-0010.74,-0001.95,+0001.00,-0001.53,-0010.11
+1581210556.79,+0002.93,-0010.74,-0000.98,+0000.61,-0001.76,-0009.19
+1581210556.79,+0000.98,-0010.74,-0000.98,+0000.92,-0000.46,-0010.80
+1581210556.80,-0000.98,-0009.77,+0000.00,+0001.45,-0002.37,-0009.57
+1581210556.80,+0001.95,-0008.79,+0000.98,+0001.00,-0001.07,-0011.48
+1581210556.81,+0000.98,-0008.79,+0001.95,+0001.84,+0000.15,-0011.41
+1581210556.81,-0000.98,-0007.81,+0002.93,+0002.14,-0000.46,-0014.39
+1581210556.82,-0001.95,-0006.84,+0003.91,+0001.84,-0000.46,-0016.46
+1581210556.82,+0013.67,-0005.86,+0006.84,-0001.15,-0005.90,+0022.05
+1581210556.83,+0025.39,-0011.72,+0004.88,+0003.37,+0021.28,-0027.03
+1581210556.83,-0043.95,-0006.84,+0000.98,-0009.65,-0007.35,-0016.77
+1581210556.84,-0008.79,+0002.93,+0005.86,+0014.70,-0004.59,-0011.56
+1581210556.84,+0019.53,-0004.88,+0007.81,-0001.00,+0002.22,+0001.45
+1581210556.85,+0001.95,-0007.81,+0009.77,+0004.13,+0005.28,-0006.58
+1581210556.85,-0015.62,-0003.91,+0008.79,-0000.08,-0004.82,-0004.06
+1581210556.86,-0006.84,-0002.93,+0007.81,+0001.00,-0003.60,-0008.96
+1581210556.86,+0007.81,+0000.00,+0008.79,-0003.75,+0000.61,-0006.12
+1581210556.87,-0000.98,-0002.93,+0008.79,+0002.30,+0001.76,-0008.58
+1581210556.87,-0008.79,-0001.95,+0009.77,+0000.46,-0002.60,-0010.26
+1581210556.88,-0000.98,+0000.00,+0010.74,+0001.30,-0004.21,-0015.70
+1581210556.88,+0008.79,+0000.98,+0011.72,+0000.38,+0000.23,-0012.10
+1581210556.89,+0004.88,+0000.00,+0011.72,+0000.23,-0000.46,-0011.48
+1581210556.89,+0000.00,+0001.95,+0012.70,+0001.45,-0001.84,-0011.94
+1581210556.90,+0004.88,+0003.91,+0012.70,+0002.76,-0001.61,-0011.94
+1581210556.90,+0009.77,+0004.88,+0013.67,+0001.00,-0001.15,-0011.33
+1581210556.91,+0004.88,+0004.88,+0013.67,+0001.15,-0000.92,-0010.87
+1581210556.91,+0004.88,+0005.86,+0014.65,+0000.84,-0003.22,-0009.57
+1581210556.92,+0010.74,+0006.84,+0014.65,+0000.08,-0000.54,-0009.57
+1581210556.92,+0008.79,+0006.84,+0014.65,-0001.00,-0000.84,-0008.27
+1581210556.93,+0005.86,+0006.84,+0013.67,+0000.69,-0002.99,-0009.11
+1581210556.93,+0009.77,+0007.81,+0013.67,+0000.38,-0002.30,-0007.58
+1581210556.94,+0010.74,+0008.79,+0013.67,+0001.15,-0001.45,-0006.28
+1581210556.94,+0006.84,+0007.81,+0014.65,-0000.46,-0000.84,-0007.58
+1581210556.95,+0005.86,+0008.79,+0014.65,+0000.92,-0001.45,-0013.02
+1581210556.95,+0005.86,+0009.77,+0014.65,-0001.45,-0000.15,-0014.39
+1581210556.96,+0006.84,+0009.77,+0014.65,+0000.00,-0000.08,-0012.56
+1581210556.96,+0006.84,+0009.77,+0014.65,+0000.46,-0001.23,-0012.71
+1581210556.97,+0004.88,+0009.77,+0013.67,-0000.54,-0001.68,-0010.80
+1581210556.97,+0004.88,+0009.77,+0013.67,+0000.08,-0001.99,-0007.50
+1581210556.98,+0003.91,+0009.77,+0012.70,-0001.07,-0001.00,-0005.97
+1581210556.98,+0001.95,+0008.79,+0011.72,-0001.99,-0002.53,-0005.36
+1581210556.99,+0004.88,+0008.79,+0010.74,+0000.23,+0000.31,-0005.59
+1581210556.99,+0003.91,+0007.81,+0009.77,-0000.77,-0000.92,-0008.50
+1581210557.00,+0000.98,+0007.81,+0009.77,+0000.31,-0000.15,-0011.10
+1581210557.00,+0000.00,+0008.79,+0008.79,-0001.23,-0002.45,-0012.86
+1581210557.01,+0001.95,+0007.81,+0008.79,+0000.23,-0001.91,-0011.79
+1581210557.01,+0001.95,+0007.81,+0007.81,+0000.08,+0001.68,-0012.71
+1581210557.02,-0001.95,+0008.79,+0007.81,-0000.69,-0002.83,-0009.65
+1581210557.02,+0001.95,+0007.81,+0006.84,-0001.07,-0001.61,-0010.72
+1581210557.03,+0000.98,+0007.81,+0005.86,-0000.77,+0000.00,-0010.64
+1581210557.03,+0000.00,+0008.79,+0005.86,-0000.23,-0001.38,-0008.19
+1581210557.04,+0002.93,+0007.81,+0004.88,-0001.53,-0000.08,-0008.19
+1581210557.04,+0000.98,+0007.81,+0003.91,-0000.23,-0000.92,-0007.27
+1581210557.05,+0000.98,+0006.84,+0002.93,-0001.91,-0002.99,-0007.96
+1581210557.05,+0003.91,+0006.84,+0001.95,-0001.00,+0000.92,-0010.80
+1581210557.06,+0001.95,+0006.84,+0000.98,+0000.23,-0000.69,-0010.87
+1581210557.06,+0002.93,+0005.86,+0000.98,-0001.45,-0001.68,-0010.34
+1581210557.07,+0001.95,+0004.88,+0000.00,-0000.92,-0000.54,-0011.64
+1581210557.07,+0001.95,+0005.86,-0000.98,+0000.08,-0001.99,-0010.72
+1581210557.08,+0002.93,+0004.88,-0000.98,-0002.53,+0002.37,-0011.87
+1581210557.08,+0000.00,+0003.91,-0001.95,-0000.23,-0000.69,-0011.33
+1581210557.09,+0003.91,+0003.91,-0001.95,-0000.92,-0002.22,-0010.34
+1581210557.09,+0006.84,+0002.93,-0002.93,-0001.68,+0000.77,-0009.80
+1581210557.10,+0005.86,+0002.93,-0003.91,-0001.30,-0000.23,-0008.27
+1581210557.10,+0002.93,+0002.93,-0003.91,-0000.84,-0002.53,-0010.03
+1581210557.11,+0007.81,+0001.95,-0004.88,-0001.99,-0001.68,-0010.26
+1581210557.11,+0009.77,+0001.95,-0005.86,-0000.84,+0002.30,-0011.48
+1581210557.12,+0004.88,+0001.95,-0005.86,-0001.84,-0000.46,-0012.25
+1581210557.12,+0004.88,+0001.95,-0006.84,-0001.61,-0000.54,-0012.56
+1581210557.13,+0006.84,+0000.98,-0007.81,-0001.61,+0001.76,-0010.18
+1581210557.13,+0004.88,+0000.98,-0007.81,-0000.92,+0000.84,-0008.58
+1581210557.14,+0001.95,+0000.00,-0008.79,-0002.83,+0001.15,-0007.43
+1581210557.14,+0000.98,+0000.00,-0009.77,-0000.69,+0001.00,-0006.20
+1581210557.15,+0000.00,-0000.98,-0009.77,+0000.61,+0001.76,-0005.67
+1581210557.15,-0002.93,-0000.98,-0008.79,-0000.15,+0002.76,-0009.11
+1581210557.16,-0005.86,-0000.98,-0008.79,+0001.00,+0000.46,-0011.41
+1581210557.16,-0003.91,-0001.95,-0008.79,-0001.45,+0000.61,-0012.40
+1581210557.17,-0001.95,-0002.93,-0008.79,-0001.76,-0000.31,-0011.10
+1581210557.17,-0003.91,-0002.93,-0009.77,-0001.76,+0002.68,-0010.87
+1581210557.18,-0006.84,-0003.91,-0010.74,-0000.61,-0000.31,-0008.88
+1581210557.18,-0004.88,-0003.91,-0011.72,-0001.30,+0001.30,-0008.35
+1581210557.19,-0003.91,-0003.91,-0011.72,-0001.07,+0000.31,-0007.20
+1581210557.19,-0006.84,-0004.88,-0012.70,-0000.23,+0001.07,-0007.81
+1581210557.20,-0009.77,-0004.88,-0013.67,-0000.92,+0000.61,-0012.17
+1581210557.20,-0008.79,-0004.88,-0013.67,-0000.31,+0001.91,-0012.79
+1581210557.21,-0004.88,-0005.86,-0012.70,-0000.23,+0000.31,-0013.93
+1581210557.21,-0004.88,-0005.86,-0012.70,-0002.22,+0001.84,-0010.95
+1581210557.22,-0006.84,-0004.88,-0012.70,+0000.92,+0000.31,-0010.95
+1581210557.22,-0006.84,-0005.86,-0012.70,-0000.31,-0000.31,-0009.65
+1581210557.23,-0001.95,-0005.86,-0012.70,+0000.08,+0001.30,-0010.87
+1581210557.23,-0003.91,-0005.86,-0012.70,-0000.84,+0000.46,-0009.49
+1581210557.24,-0002.93,-0006.84,-0012.70,-0000.08,-0001.68,-0008.12
+1581210557.24,-0001.95,-0006.84,-0013.67,-0000.54,+0000.00,-0011.48
+1581210557.25,-0000.98,-0005.86,-0012.70,+0000.15,-0000.08,-0008.19
+1581210557.25,+0001.95,-0006.84,-0012.70,-0000.46,-0000.69,-0008.80
+1581210557.26,+0001.95,-0007.81,-0011.72,-0000.23,+0000.00,-0005.21
+1581210557.26,-0002.93,-0006.84,-0011.72,-0001.07,+0001.84,-0011.18
+1581210557.27,-0003.91,-0005.86,-0011.72,+0000.46,+0000.23,-0010.87
+1581210557.27,+0002.93,-0006.84,-0010.74,+0000.69,+0000.69,-0011.03
+1581210557.28,+0001.95,-0007.81,-0009.77,-0001.38,+0003.14,-0011.41
+1581210557.28,-0003.91,-0006.84,-0010.74,+0001.15,+0000.23,-0012.63
+1581210557.29,-0002.93,-0006.84,-0010.74,+0000.00,+0000.92,-0013.70
+1581210557.29,+0000.98,-0006.84,-0009.77,+0001.99,+0001.45,-0012.40
+1581210557.30,+0001.95,-0006.84,-0008.79,+0000.08,+0001.99,-0008.35
+1581210557.30,-0002.93,-0006.84,-0008.79,+0000.69,-0000.23,-0008.27
+1581210557.31,-0002.93,-0005.86,-0008.79,-0001.30,+0000.54,-0008.04
+1581210557.31,+0000.98,-0006.84,-0008.79,+0000.31,-0000.54,-0007.81
+1581210557.31,+0000.00,-0006.84,-0008.79,-0000.77,+0000.54,-0008.12
+1581210557.32,-0001.95,-0006.84,-0008.79,+0000.54,+0000.54,-0008.80
+1581210557.32,-0002.93,-0006.84,-0008.79,+0000.23,+0000.31,-0011.18
+1581210557.33,+0000.00,-0005.86,-0007.81,-0000.31,+0001.38,-0010.95
+1581210557.33,+0000.98,-0006.84,-0007.81,-0001.53,+0001.30,-0013.17
+1581210557.34,-0003.91,-0005.86,-0007.81,-0000.61,+0000.61,-0013.86
+1581210557.34,+0000.00,-0004.88,-0007.81,-0000.54,+0000.23,-0012.71
+1581210557.35,+0000.98,-0005.86,-0006.84,-0000.77,+0000.61,-0010.26
+1581210557.35,-0000.98,-0004.88,-0006.84,+0000.08,-0000.38,-0008.80
+1581210557.36,-0000.98,-0004.88,-0006.84,-0000.61,+0000.15,-0008.50
+1581210557.36,+0003.91,-0005.86,-0006.84,-0001.84,+0001.30,-0001.00
+1581210557.37,-0002.93,-0006.84,-0007.81,+0000.15,+0007.12,-0013.78
+1581210557.37,-0015.62,-0002.93,-0006.84,-0003.29,-0003.83,-0011.33
+1581210557.38,+0005.86,-0004.88,-0005.86,+0004.82,-0001.38,-0014.55
+1581210557.38,+0004.88,-0007.81,-0004.88,+0000.31,+0001.23,-0013.40
+1581210557.39,-0006.84,-0004.88,-0004.88,-0001.15,-0002.76,-0004.67
+1581210557.39,-0001.95,-0005.86,-0005.86,-0002.45,-0001.00,-0013.32
+1581210557.40,+0000.00,-0006.84,-0005.86,-0001.53,+0001.15,-0007.43
+1581210557.40,+0000.00,-0004.88,-0004.88,-0002.91,-0000.46,-0009.11
+1581210557.41,-0004.88,-0007.81,-0004.88,-0002.53,-0000.31,-0007.12
+1581210557.41,-0002.93,-0008.79,-0005.86,-0002.14,-0000.15,-0007.96
+1581210557.42,-0002.93,-0008.79,-0005.86,-0002.53,+0001.53,-0012.17
+1581210557.42,-0003.91,-0008.79,-0004.88,-0001.76,-0000.46,-0010.41
+1581210557.43,-0000.98,-0010.74,-0004.88,-0002.83,+0000.92,-0011.25
+1581210557.43,-0002.93,-0011.72,-0004.88,-0002.68,-0001.61,-0008.80
+1581210557.44,-0004.88,-0010.74,-0004.88,-0002.76,-0001.07,-0010.95
+1581210557.44,-0001.95,-0011.72,-0004.88,-0002.45,-0000.92,-0009.42
+1581210557.45,+0000.00,-0012.70,-0004.88,-0002.07,-0001.45,-0009.26
+1581210557.45,+0000.98,-0013.67,-0004.88,-0001.30,-0001.84,-0008.04
+1581210557.46,+0000.98,-0014.65,-0004.88,-0000.54,-0001.45,-0009.95
+1581210557.46,-0001.95,-0014.65,-0005.86,+0000.23,-0002.91,-0011.48
+1581210557.47,+0000.98,-0014.65,-0005.86,+0000.38,-0002.14,-0013.17
+1581210557.47,+0002.93,-0014.65,-0004.88,+0001.23,-0003.37,-0008.96
+1581210557.48,+0001.95,-0016.60,-0004.88,+0001.15,-0000.84,-0008.88
+1581210557.48,-0004.88,-0015.62,-0004.88,+0001.07,-0001.45,-0011.18
+1581210557.49,-0000.98,-0015.62,-0003.91,+0002.14,-0001.68,-0009.65
+1581210557.49,+0002.93,-0016.60,-0002.93,+0000.69,-0000.38,-0009.80
+1581210557.50,-0000.98,-0016.60,-0002.93,-0000.61,-0001.07,-0008.19
+1581210557.50,-0002.93,-0016.60,-0002.93,+0000.00,-0000.69,-0011.56
+1581210557.51,-0001.95,-0017.58,-0002.93,+0000.23,-0002.14,-0009.80
+1581210557.51,+0001.95,-0016.60,-0001.95,-0001.15,-0000.84,-0010.80
+1581210557.52,-0000.98,-0016.60,-0000.98,-0000.54,-0000.15,-0010.72
+1581210557.52,+0000.98,-0017.58,+0000.00,+0000.61,-0002.91,-0010.11
+1581210557.53,+0003.91,-0017.58,+0000.00,+0001.15,-0002.07,-0010.95
+1581210557.53,+0001.95,-0016.60,+0000.98,+0001.07,-0002.99,-0010.11
+1581210557.54,+0002.93,-0017.58,+0000.98,+0002.22,-0002.37,-0011.33
+1581210557.54,+0002.93,-0017.58,+0001.95,+0003.75,-0002.60,-0012.94
+1581210557.55,+0001.95,-0016.60,+0002.93,+0001.99,-0002.22,-0013.17
+1581210557.55,+0004.88,-0016.60,+0003.91,+0002.91,-0002.30,-0012.63
+1581210557.56,+0005.86,-0016.60,+0005.86,+0000.31,-0002.30,-0008.80
+1581210557.56,+0006.84,-0017.58,+0005.86,-0000.15,-0001.07,-0009.49
+1581210557.57,+0003.91,-0017.58,+0006.84,+0000.23,-0000.92,-0010.41
+1581210557.57,+0005.86,-0016.60,+0006.84,-0000.46,-0001.68,-0007.58
+1581210557.58,+0008.79,-0017.58,+0007.81,+0001.15,-0000.92,-0009.49
+1581210557.58,+0003.91,-0017.58,+0008.79,+0002.68,-0001.23,-0008.27
+1581210557.59,+0004.88,-0015.62,+0009.77,+0002.22,-0004.13,-0008.04
+1581210557.59,+0008.79,-0016.60,+0011.72,+0001.45,-0000.54,-0007.58
+1581210557.60,+0004.88,-0016.60,+0011.72,+0001.91,-0000.54,-0008.35
+1581210557.60,+0000.98,-0015.62,+0012.70,+0001.15,-0000.84,-0008.73
+1581210557.61,+0000.98,-0015.62,+0013.67,+0001.91,+0001.99,-0011.94
+1581210557.61,+0000.00,-0015.62,+0013.67,+0001.00,+0000.77,-0013.17
+1581210557.62,+0000.00,-0014.65,+0015.62,+0001.00,-0001.68,-0012.25
+1581210557.62,+0000.00,-0015.62,+0016.60,+0001.99,-0001.30,-0010.34
+1581210557.63,-0001.95,-0015.62,+0016.60,+0001.45,-0000.84,-0006.35
+1581210557.63,-0003.91,-0014.65,+0016.60,+0000.08,-0000.23,-0008.27
+1581210557.64,-0004.88,-0014.65,+0017.58,+0001.45,-0001.53,-0007.58
+1581210557.64,+0000.00,-0014.65,+0018.55,+0001.00,+0001.61,-0008.42
+1581210557.65,-0004.88,-0014.65,+0018.55,+0000.77,-0001.84,-0009.57
+1581210557.65,-0004.88,-0012.70,+0019.53,+0001.84,-0002.76,-0009.42
+1581210557.66,-0002.93,-0012.70,+0019.53,+0001.76,-0000.92,-0011.56
+1581210557.66,-0000.98,-0012.70,+0020.51,+0001.07,-0002.07,-0007.35
+1581210557.67,-0001.95,-0011.72,+0021.48,+0000.84,-0000.08,-0010.34
+1581210557.67,-0004.88,-0011.72,+0021.48,+0000.69,-0001.23,-0010.57
+1581210557.68,+0000.00,-0010.74,+0022.46,+0000.46,+0000.77,-0012.56
+1581210557.68,-0001.95,-0010.74,+0023.44,+0001.68,-0000.46,-0009.42
+1581210557.69,-0004.88,-0008.79,+0024.41,+0002.37,-0002.45,-0005.05
+1581210557.69,-0002.93,-0008.79,+0023.44,+0000.61,-0000.77,-0011.10
+1581210557.70,+0002.93,-0008.79,+0023.44,+0001.76,-0002.53,-0018.99
+1581210557.70,+0006.84,-0007.81,+0024.41,+0001.15,-0001.15,-0020.37
+1581210557.71,+0001.95,-0004.88,+0026.37,+0000.92,-0000.61,-0014.47
+1581210557.71,+0003.91,-0002.93,+0027.34,+0000.92,-0000.77,-0010.18
+1581210557.72,+0006.84,-0002.93,+0027.34,+0000.31,+0000.15,-0007.81
+1581210557.72,+0007.81,-0002.93,+0027.34,-0000.69,-0001.61,-0005.44
+1581210557.73,+0006.84,-0002.93,+0026.37,+0001.38,-0000.77,-0006.66
+1581210557.73,+0006.84,-0001.95,+0027.34,+0001.15,-0001.61,-0007.35
+1581210557.74,+0008.79,+0000.00,+0027.34,+0000.15,+0000.84,-0010.34
+1581210557.74,+0009.77,+0000.00,+0029.30,+0001.23,+0001.38,-0009.72
+1581210557.75,+0005.86,+0001.95,+0029.30,+0001.61,-0000.69,-0011.64
+1581210557.75,+0006.84,+0002.93,+0030.27,+0001.23,-0000.77,-0010.49
+1581210557.76,+0007.81,+0003.91,+0030.27,+0000.23,-0001.68,-0010.57
+1581210557.76,+0007.81,+0003.91,+0030.27,+0000.46,-0000.08,-0008.80
+1581210557.77,+0005.86,+0004.88,+0030.27,+0000.46,-0000.77,-0008.27
+1581210557.77,+0002.93,+0005.86,+0029.30,-0000.38,+0001.99,-0008.73
+1581210557.78,+0002.93,+0005.86,+0029.30,-0000.38,+0001.30,-0008.58
+1581210557.78,+0000.98,+0005.86,+0029.30,-0000.08,+0000.23,-0008.96
+1581210557.79,+0000.98,+0006.84,+0028.32,+0001.23,-0000.23,-0008.35
+1581210557.79,+0000.00,+0006.84,+0027.34,+0000.00,+0000.77,-0008.80
+1581210557.80,-0002.93,+0006.84,+0027.34,-0001.45,+0002.07,-0007.96
+1581210557.80,-0004.88,+0007.81,+0026.37,-0000.84,+0001.23,-0009.03
+1581210557.81,-0005.86,+0007.81,+0026.37,-0001.61,+0002.68,-0012.02
+1581210557.81,-0005.86,+0007.81,+0026.37,+0000.00,+0000.31,-0009.80
+1581210557.82,-0006.84,+0006.84,+0025.39,-0000.15,+0000.69,-0010.34
+1581210557.82,-0007.81,+0007.81,+0024.41,+0000.77,-0001.38,-0010.41
+1581210557.83,-0005.86,+0007.81,+0023.44,+0000.23,-0001.15,-0011.03
+1581210557.83,-0005.86,+0005.86,+0022.46,+0000.23,+0000.61,-0010.57
+1581210557.84,-0008.79,+0006.84,+0022.46,-0001.53,-0000.38,-0009.11
+1581210557.84,-0005.86,+0006.84,+0021.48,-0002.22,+0000.08,-0009.26
+1581210557.85,-0001.95,+0004.88,+0020.51,-0002.22,+0000.84,-0007.89
+1581210557.85,-0003.91,+0004.88,+0018.55,-0001.68,+0001.68,-0008.42
+1581210557.86,-0003.91,+0004.88,+0018.55,-0000.69,-0000.38,-0009.72
+1581210557.86,-0000.98,+0003.91,+0017.58,-0000.69,+0000.61,-0010.26
+1581210557.87,-0000.98,+0003.91,+0018.55,-0000.38,-0000.15,-0009.49
+1581210557.87,-0001.95,+0002.93,+0017.58,+0001.68,-0001.15,-0010.80
+1581210557.88,-0000.98,+0002.93,+0017.58,+0000.23,-0001.23,-0009.95
+1581210557.88,-0000.98,+0000.98,+0016.60,+0000.54,-0001.23,-0010.49
+1581210557.89,-0000.98,+0000.98,+0016.60,-0000.15,-0000.08,-0011.25
+1581210557.89,+0000.00,+0000.00,+0015.62,-0001.07,+0000.92,-0011.10
+1581210557.90,-0002.93,+0000.00,+0015.62,-0000.61,+0001.38,-0012.79
+1581210557.90,-0001.95,+0000.00,+0015.62,-0000.46,+0000.54,-0011.41
+1581210557.91,+0000.00,-0001.95,+0014.65,-0000.46,+0001.23,-0008.12
+1581210557.91,-0000.98,-0002.93,+0014.65,-0001.15,+0000.84,-0006.43
+1581210557.92,-0000.98,-0003.91,+0013.67,-0000.23,-0000.46,-0007.27
+1581210557.92,-0001.95,-0004.88,+0012.70,+0000.54,-0000.69,-0007.96
+1581210557.93,+0000.00,-0003.91,+0012.70,+0000.54,-0001.00,-0010.49
+1581210557.93,+0000.00,-0004.88,+0012.70,+0001.23,-0001.23,-0012.25
+1581210557.94,+0000.00,-0003.91,+0013.67,+0001.68,-0001.00,-0014.47
+1581210557.94,+0013.67,-0004.88,+0014.65,-0000.92,-0007.04,+0018.38
+1581210557.95,+0016.60,-0009.77,+0012.70,+0004.44,+0021.51,-0024.81
+1581210557.95,-0048.83,-0003.91,+0009.77,-0011.03,-0001.84,-0021.74
+1581210557.96,-0003.91,+0005.86,+0014.65,+0012.10,-0009.34,-0018.30
+1581210557.96,+0024.41,-0003.91,+0015.62,-0003.83,+0005.13,-0001.15
+1581210557.97,+0000.00,-0010.74,+0016.60,-0001.30,+0009.34,-0008.42
+1581210557.97,-0019.53,+0000.00,+0015.62,-0002.68,-0008.42,+0001.23
+1581210557.98,-0000.98,+0000.98,+0012.70,-0003.98,-0000.69,-0009.26
+1581210557.98,+0006.84,-0002.93,+0012.70,-0000.31,+0002.91,-0006.51
+1581210557.99,-0000.98,-0001.95,+0014.65,+0000.38,-0002.22,-0001.84
+1581210557.99,-0005.86,+0001.95,+0015.62,+0000.31,-0003.98,-0010.26
+1581210558.00,+0001.95,+0001.95,+0015.62,+0004.98,-0004.90,-0012.79
+1581210558.00,+0008.79,+0001.95,+0015.62,+0001.84,-0003.68,-0008.65
+1581210558.01,+0000.00,+0003.91,+0016.60,+0003.22,-0000.92,-0013.48
+1581210558.01,-0000.98,+0005.86,+0017.58,+0002.14,-0002.76,-0012.25
+1581210558.02,+0004.88,+0006.84,+0018.55,+0000.38,+0000.23,-0011.71
+1581210558.02,+0004.88,+0007.81,+0020.51,-0001.00,-0001.30,-0007.58
+1581210558.03,+0002.93,+0008.79,+0020.51,-0001.00,-0001.07,-0006.20
+1581210558.03,-0000.98,+0009.77,+0021.48,+0000.84,-0002.37,-0009.72
+1581210558.04,+0003.91,+0011.72,+0022.46,+0001.61,-0005.13,-0008.35
+1581210558.04,+0004.88,+0011.72,+0022.46,+0001.23,-0003.37,-0006.81
+1581210558.05,+0001.95,+0011.72,+0023.44,+0003.14,-0004.82,-0010.57
+1581210558.05,+0000.98,+0014.65,+0023.44,+0001.84,-0003.52,-0011.71
+1581210558.06,+0002.93,+0014.65,+0024.41,+0000.69,-0000.92,-0012.02
+1581210558.06,+0003.91,+0015.62,+0025.39,+0000.31,-0001.00,-0011.10
+1581210558.07,+0000.00,+0015.62,+0025.39,-0000.15,-0000.23,-0012.02
+1581210558.07,+0000.00,+0017.58,+0026.37,+0002.14,-0001.45,-0012.56
+1581210558.08,+0000.00,+0018.55,+0027.34,+0002.83,-0003.45,-0012.33
+1581210558.08,+0002.93,+0018.55,+0027.34,+0001.53,-0004.06,-0008.96
+1581210558.09,+0001.95,+0019.53,+0027.34,+0001.07,-0003.68,-0006.66
+1581210558.09,+0001.95,+0019.53,+0026.37,-0000.23,-0001.91,-0007.43
+1581210558.10,+0002.93,+0020.51,+0026.37,-0000.46,-0000.69,-0007.81
+1581210558.10,+0002.93,+0019.53,+0026.37,-0000.61,-0002.91,-0008.12
+1581210558.11,+0005.86,+0019.53,+0026.37,+0002.22,-0002.45,-0011.10
+1581210558.11,+0001.95,+0019.53,+0026.37,+0002.53,-0005.36,-0012.48
+1581210558.12,+0004.88,+0020.51,+0027.34,+0000.69,-0003.83,-0013.70
+1581210558.12,+0004.88,+0020.51,+0026.37,-0000.08,-0000.54,-0011.48
+1581210558.13,+0006.84,+0019.53,+0026.37,-0001.38,-0000.92,-0009.19
+1581210558.13,+0002.93,+0019.53,+0025.39,+0000.15,-0002.60,-0009.65
+1581210558.14,+0005.86,+0019.53,+0024.41,-0001.53,-0003.37,-0004.90
+1581210558.14,+0005.86,+0017.58,+0022.46,-0000.69,+0000.61,-0007.89
+1581210558.15,-0000.98,+0017.58,+0022.46,-0001.15,+0001.15,-0010.72
+1581210558.15,+0002.93,+0017.58,+0021.48,-0000.46,-0001.30,-0013.02
+1581210558.16,+0006.84,+0014.65,+0020.51,-0000.46,-0000.77,-0013.02
+1581210558.16,+0000.98,+0014.65,+0019.53,+0000.15,-0002.76,-0011.79
+1581210558.17,+0002.93,+0015.62,+0018.55,-0003.22,-0000.46,-0013.17
+1581210558.17,+0003.91,+0012.70,+0016.60,-0002.14,-0001.07,-0011.10
+1581210558.18,+0008.79,+0011.72,+0015.62,-0002.45,-0001.07,-0010.80
+1581210558.18,+0002.93,+0011.72,+0013.67,-0000.46,-0002.45,-0011.71
+1581210558.19,+0007.81,+0009.77,+0012.70,-0002.91,-0001.45,-0008.50
+1581210558.19,+0008.79,+0006.84,+0010.74,-0000.69,-0000.46,-0008.65
+1581210558.20,+0007.81,+0006.84,+0008.79,-0001.45,-0000.61,-0008.19
+1581210558.20,+0004.88,+0005.86,+0007.81,-0001.38,-0004.44,-0007.58
+1581210558.21,+0008.79,+0001.95,+0005.86,-0002.30,+0002.07,-0009.57
+1581210558.21,+0004.88,+0000.98,+0004.88,-0003.06,-0000.23,-0009.03
+1581210558.22,+0003.91,+0000.00,+0003.91,-0001.99,-0002.45,-0009.57
+1581210558.22,+0003.91,-0002.93,+0002.93,-0000.92,-0000.61,-0009.34
+1581210558.23,+0002.93,-0004.88,+0001.95,-0000.84,+0003.06,-0010.34
+1581210558.23,+0000.00,-0005.86,+0000.98,-0001.07,-0000.15,-0010.87
+1581210558.24,+0000.00,-0007.81,-0000.98,-0001.45,-0001.15,-0009.57
+1581210558.24,+0002.93,-0009.77,-0000.98,-0001.23,-0000.23,-0009.95
+1581210558.25,-0001.95,-0011.72,-0002.93,-0002.91,+0000.69,-0009.88
+1581210558.25,+0000.00,-0012.70,-0003.91,-0002.30,-0001.91,-0009.26
+1581210558.26,+0000.98,-0014.65,-0004.88,+0000.31,-0003.29,-0009.19
+1581210558.26,+0001.95,-0014.65,-0005.86,-0000.92,-0000.77,-0009.19
+1581210558.27,-0001.95,-0014.65,-0006.84,-0001.91,-0000.46,-0008.42
+1581210558.27,+0000.00,-0015.62,-0006.84,-0002.07,+0000.46,-0007.12
+1581210558.28,-0002.93,-0015.62,-0006.84,+0000.23,-0000.69,-0009.19
+1581210558.28,-0001.95,-0014.65,-0005.86,-0000.08,-0001.15,-0007.73
+1581210558.29,-0001.95,-0015.62,-0005.86,+0000.54,-0000.38,-0008.96
+1581210558.29,-0002.93,-0014.65,-0004.88,+0000.84,+0000.69,-0009.42
+1581210558.30,-0005.86,-0012.70,-0004.88,+0001.07,+0000.38,-0010.34
+1581210558.30,-0003.91,-0011.72,-0003.91,+0001.00,-0000.92,-0011.03
+1581210558.31,-0003.91,-0011.72,-0002.93,+0000.15,+0001.00,-0010.87
+1581210558.31,-0005.86,-0009.77,-0001.95,+0001.00,+0000.77,-0012.86
+1581210558.32,-0005.86,-0007.81,-0000.98,+0000.31,-0000.31,-0011.48
+1581210558.32,-0002.93,-0006.84,+0000.00,+0002.07,+0000.15,-0012.86
+1581210558.33,-0000.98,-0005.86,+0001.95,+0001.84,-0000.23,-0008.04
+1581210558.33,-0002.93,-0003.91,+0002.93,+0000.84,+0001.61,-0009.65
+1581210558.34,-0002.93,-0001.95,+0003.91,+0002.07,+0000.08,-0007.73
+1581210558.34,-0001.95,-0000.98,+0004.88,+0001.30,-0001.23,-0007.81
+1581210558.35,+0000.00,+0000.98,+0005.86,+0002.14,+0000.15,-0010.18
+1581210558.35,-0001.95,+0002.93,+0006.84,+0000.46,+0000.38,-0012.94
+1581210558.36,+0000.98,+0004.88,+0008.79,-0000.15,+0001.30,-0012.17
+1581210558.36,+0000.98,+0006.84,+0009.77,+0003.68,-0000.15,-0014.09
+1581210558.37,+0001.95,+0009.77,+0011.72,+0002.76,-0001.61,-0012.63
+1581210558.37,+0004.88,+0010.74,+0012.70,+0001.76,-0001.07,-0010.49
+1581210558.38,+0004.88,+0011.72,+0013.67,-0000.38,-0000.92,-0008.27
+1581210558.38,+0005.86,+0012.70,+0014.65,+0001.23,+0001.84,-0006.66
+1581210558.39,+0001.95,+0013.67,+0014.65,+0001.00,+0001.99,-0009.26
+1581210558.39,+0002.93,+0015.62,+0015.62,+0002.68,-0000.15,-0008.96
+1581210558.40,+0002.93,+0015.62,+0016.60,+0001.84,+0001.61,-0011.33
+1581210558.40,+0002.93,+0017.58,+0017.58,+0000.77,+0000.92,-0011.48
+1581210558.41,+0000.98,+0018.55,+0017.58,+0000.15,+0001.91,-0012.48
+1581210558.41,+0002.93,+0018.55,+0017.58,-0000.46,+0001.07,-0011.79
+1581210558.42,+0000.98,+0017.58,+0017.58,+0001.07,+0000.92,-0010.41
+1581210558.42,+0000.98,+0018.55,+0017.58,+0000.23,+0000.77,-0011.94
+1581210558.43,+0000.98,+0018.55,+0016.60,+0000.77,-0000.46,-0009.65
+1581210558.43,+0001.95,+0018.55,+0016.60,-0000.31,-0000.61,-0008.80
+1581210558.44,+0001.95,+0017.58,+0015.62,-0001.61,+0001.45,-0005.74
+1581210558.44,-0001.95,+0017.58,+0014.65,-0001.23,+0000.15,-0005.90
+1581210558.45,+0001.95,+0017.58,+0013.67,-0000.46,-0001.38,-0005.97
+1581210558.45,+0000.00,+0016.60,+0012.70,-0000.23,-0000.46,-0010.26
+1581210558.46,-0000.98,+0016.60,+0012.70,-0000.38,-0002.37,-0011.25
+1581210558.46,+0000.98,+0017.58,+0011.72,-0000.15,-0001.68,-0013.55
+1581210558.47,+0000.98,+0016.60,+0010.74,-0000.38,-0001.45,-0013.09
+1581210558.47,-0000.98,+0017.58,+0010.74,-0001.30,+0001.00,-0010.57
+1581210558.48,-0004.88,+0017.58,+0009.77,-0001.99,+0001.00,-0011.56
+1581210558.48,-0005.86,+0017.58,+0008.79,-0002.45,+0001.00,-0010.41
+1581210558.49,-0004.88,+0016.60,+0007.81,-0001.84,-0001.00,-0008.04
+1581210558.49,-0003.91,+0015.62,+0006.84,-0000.61,-0001.84,-0010.18
+1581210558.50,-0001.95,+0014.65,+0005.86,-0001.30,-0003.06,-0000.31
+1581210558.50,-0008.79,+0015.62,+0003.91,+0002.37,+0002.53,-0011.25
+1581210558.51,-0012.70,+0017.58,+0003.91,+0001.23,-0005.82,-0010.03
+1581210558.51,+0003.91,+0017.58,+0004.88,-0002.53,-0001.23,-0013.70
+1581210558.52,-0000.98,+0013.67,+0003.91,-0001.61,+0003.68,-0010.34
+1581210558.52,-0007.81,+0019.53,+0003.91,-0001.68,-0006.12,-0011.71
+1581210558.53,+0002.93,+0016.60,+0002.93,-0001.07,-0004.06,-0012.25
+1581210558.53,+0006.84,+0015.62,+0002.93,+0001.38,-0001.61,-0009.42
+1581210558.54,+0000.00,+0019.53,+0002.93,+0000.54,-0001.76,-0010.26
+1581210558.54,+0000.00,+0020.51,+0002.93,-0000.15,-0002.53,-0009.95
+1581210558.55,+0005.86,+0017.58,+0002.93,-0001.15,-0000.08,-0010.95
+1581210558.55,+0005.86,+0019.53,+0002.93,+0000.69,+0000.23,-0007.43
+1581210558.56,+0000.00,+0020.51,+0002.93,+0000.46,-0002.30,-0010.11
+1581210558.56,+0001.95,+0019.53,+0002.93,+0000.77,-0001.68,-0011.10
+1581210558.57,+0004.88,+0019.53,+0002.93,+0000.38,-0001.53,-0011.64
+1581210558.57,+0004.88,+0021.48,+0003.91,+0001.15,-0000.46,-0011.48
+1581210558.58,+0003.91,+0021.48,+0003.91,-0000.08,-0002.07,-0009.95
+1581210558.58,+0008.79,+0021.48,+0003.91,+0001.53,-0001.00,-0010.34
+1581210558.59,+0007.81,+0021.48,+0003.91,+0001.45,-0003.06,-0009.95
+1581210558.59,+0004.88,+0022.46,+0003.91,+0000.77,-0003.29,-0008.96
+1581210558.60,+0006.84,+0021.48,+0003.91,-0001.23,-0000.69,-0008.65
+1581210558.60,+0005.86,+0020.51,+0002.93,-0000.77,+0001.15,-0010.11
+1581210558.61,+0001.95,+0021.48,+0002.93,-0000.84,+0000.08,-0010.18
+1581210558.61,+0004.88,+0020.51,+0002.93,-0000.31,-0001.76,-0011.41
+1581210558.62,+0007.81,+0018.55,+0001.95,+0001.07,-0001.99,-0009.57
+1581210558.62,+0002.93,+0018.55,+0001.95,-0000.23,-0002.07,-0009.26
+1581210558.63,+0002.93,+0018.55,+0000.98,-0001.84,-0001.61,-0009.80
+1581210558.63,+0002.93,+0016.60,+0000.00,-0001.23,+0000.54,-0009.49
+1581210558.64,+0003.91,+0016.60,+0000.00,-0001.00,-0001.91,-0009.11
+1581210558.64,+0002.93,+0014.65,-0001.95,-0001.84,-0001.99,-0007.66
+1581210558.65,+0000.98,+0013.67,-0002.93,-0002.99,-0001.84,-0008.58
+1581210558.65,+0000.00,+0012.70,-0003.91,-0001.15,-0001.00,-0006.12
+1581210558.66,+0000.98,+0010.74,-0005.86,-0002.07,+0001.61,-0010.57
+1581210558.66,-0002.93,+0009.77,-0006.84,+0000.31,-0001.68,-0009.03
+1581210558.67,-0000.98,+0008.79,-0007.81,-0001.00,+0000.15,-0012.71
+1581210558.67,-0006.84,+0006.84,-0009.77,-0000.84,-0001.23,-0013.40
+1581210558.68,+0000.98,+0006.84,-0009.77,-0001.30,-0001.84,-0012.86
+1581210558.68,+0000.00,+0003.91,-0010.74,-0001.84,-0000.54,-0009.72
+1581210558.69,-0001.95,+0003.91,-0012.70,-0002.22,-0002.45,-0006.51
+1581210558.69,-0005.86,+0001.95,-0014.65,-0002.99,-0000.38,-0010.26
+1581210558.70,-0002.93,+0000.98,-0015.62,-0001.00,-0000.46,-0009.80
+1581210558.70,-0000.98,-0000.98,-0016.60,-0002.45,+0001.76,-0012.79
+1581210558.71,-0003.91,-0000.98,-0017.58,-0000.46,-0000.23,-0011.33
+1581210558.71,-0002.93,-0001.95,-0017.58,-0000.54,-0002.07,-0013.09
+1581210558.72,+0001.95,-0003.91,-0017.58,+0000.69,-0001.68,-0010.18
+1581210558.72,+0000.98,-0003.91,-0017.58,-0000.84,-0000.54,-0010.57
+1581210558.73,-0000.98,-0002.93,-0018.55,-0001.15,-0001.84,-0010.03
+1581210558.73,+0004.88,-0004.88,-0018.55,-0000.77,-0003.29,-0009.19
+1581210558.74,+0010.74,-0006.84,-0018.55,-0000.38,-0001.61,-0007.73
+1581210558.74,+0005.86,-0005.86,-0019.53,-0000.69,-0002.30,-0008.12
+1581210558.75,+0002.93,-0005.86,-0019.53,-0000.61,-0003.60,-0008.42
+1581210558.75,+0007.81,-0006.84,-0019.53,-0001.91,+0001.07,-0010.57
+1581210558.76,+0006.84,-0006.84,-0019.53,+0001.61,+0001.07,-0009.88
+1581210558.76,+0003.91,-0004.88,-0017.58,+0000.54,-0000.23,-0009.34
+1581210558.77,+0001.95,-0006.84,-0017.58,+0000.61,+0001.30,-0010.41
+1581210558.77,+0000.00,-0005.86,-0016.60,+0000.77,+0000.15,-0011.10
+1581210558.78,-0000.98,-0005.86,-0014.65,+0001.15,+0002.22,-0009.72
+1581210558.78,-0001.95,-0005.86,-0013.67,+0001.84,+0000.84,-0009.42
+1581210558.79,-0003.91,-0004.88,-0012.70,+0002.22,-0001.38,-0007.04
+1581210558.79,-0001.95,-0003.91,-0011.72,+0000.08,-0000.69,-0006.05
+1581210558.80,-0003.91,-0004.88,-0010.74,+0000.77,+0000.08,-0006.66
+1581210558.80,-0005.86,-0003.91,-0010.74,+0000.77,+0000.69,-0009.26
+1581210558.81,-0007.81,-0003.91,-0010.74,+0001.84,-0000.77,-0011.41
+1581210558.81,-0004.88,-0002.93,-0009.77,+0001.76,-0001.30,-0012.40
+1581210558.82,-0004.88,-0003.91,-0009.77,+0000.00,+0001.38,-0013.78
+1581210558.82,-0009.77,-0001.95,-0008.79,+0000.61,+0000.23,-0005.74
+1581210558.83,-0008.79,-0000.98,-0007.81,+0000.92,-0001.00,-0010.80
+1581210558.83,-0004.88,-0000.98,-0006.84,+0001.30,+0002.60,-0014.70
+1581210558.84,-0000.98,+0000.00,-0006.84,+0001.91,-0004.67,-0019.98
+1581210558.84,+0001.95,+0002.93,-0004.88,-0000.23,-0002.14,-0012.79
+1581210558.85,+0002.93,+0002.93,-0004.88,+0001.61,-0001.76,-0008.50
+1581210558.85,-0000.98,+0005.86,-0004.88,+0000.46,+0000.92,-0009.88
+1581210558.86,+0001.95,+0006.84,-0003.91,+0000.54,-0002.14,-0003.22
+1581210558.86,+0006.84,+0004.88,-0003.91,+0000.69,+0000.69,-0006.74
+1581210558.87,-0001.95,+0005.86,-0003.91,+0002.76,-0000.84,-0005.97
+1581210558.87,+0002.93,+0008.79,-0001.95,+0002.37,+0000.54,-0011.03
+1581210558.88,+0001.95,+0007.81,-0001.95,+0002.07,+0001.38,-0012.56
+1581210558.88,+0001.95,+0010.74,+0000.98,+0001.38,-0001.84,-0010.80
+1581210558.89,+0000.00,+0012.70,+0001.95,+0001.84,+0001.15,-0010.72
+1581210558.89,+0000.98,+0012.70,+0002.93,+0003.29,-0000.77,-0006.66
+1581210558.90,-0003.91,+0012.70,+0002.93,-0001.00,+0002.60,-0008.04
+1581210558.90,-0003.91,+0013.67,+0002.93,+0002.53,+0001.45,-0005.67
+1581210558.91,-0004.88,+0013.67,+0002.93,+0001.30,+0000.08,-0007.73
+1581210558.91,-0003.91,+0012.70,+0002.93,+0000.77,-0000.92,-0008.27
+1581210558.92,-0007.81,+0013.67,+0002.93,+0000.08,-0000.46,-0009.88
+1581210558.92,-0010.74,+0013.67,+0001.95,+0000.31,-0000.08,-0009.95
+1581210558.93,-0008.79,+0012.70,+0001.95,-0001.23,+0001.84,-0011.71
+1581210558.93,-0009.77,+0012.70,+0001.95,-0000.15,-0000.08,-0011.79
+1581210558.94,-0008.79,+0013.67,+0001.95,-0001.45,-0000.54,-0011.10
+1581210558.94,-0009.77,+0012.70,+0000.00,-0000.31,-0001.07,-0010.95
+1581210558.95,-0008.79,+0012.70,-0000.98,+0000.08,-0000.38,-0012.33
+1581210558.95,-0011.72,+0013.67,-0001.95,-0000.54,+0000.61,-0010.41
+1581210558.96,-0008.79,+0014.65,-0001.95,-0001.76,-0000.46,-0009.49
+1581210558.96,-0007.81,+0013.67,-0002.93,-0001.53,+0000.84,-0009.42
+1581210558.97,-0010.74,+0014.65,-0002.93,-0000.46,-0000.46,-0010.34
+1581210558.97,-0010.74,+0014.65,-0004.88,-0001.23,-0001.38,-0010.34
+1581210558.98,-0006.84,+0013.67,-0005.86,-0001.38,+0000.77,-0011.25
+1581210558.98,-0008.79,+0013.67,-0005.86,-0002.45,-0000.69,-0011.56
+1581210558.99,-0005.86,+0013.67,-0006.84,-0000.08,-0001.15,-0009.49
+1581210558.99,-0003.91,+0012.70,-0007.81,-0001.30,+0000.08,-0011.03
+1581210559.00,-0006.84,+0013.67,-0007.81,-0000.84,-0002.76,-0009.03
+1581210559.00,-0000.98,+0013.67,-0008.79,-0000.84,-0001.76,-0011.41
+1581210559.01,-0001.95,+0011.72,-0009.77,-0003.45,+0000.08,-0009.42
+1581210559.01,+0000.00,+0012.70,-0010.74,-0002.07,+0000.69,-0009.57
+1581210559.02,+0000.00,+0010.74,-0011.72,-0000.61,-0002.37,-0010.87
+1581210559.02,+0001.95,+0010.74,-0011.72,-0001.61,+0000.38,-0010.87
+1581210559.03,+0002.93,+0010.74,-0012.70,-0000.15,-0003.14,-0011.41
+1581210559.03,+0005.86,+0009.77,-0012.70,-0000.31,-0001.00,-0009.72
+1581210559.04,+0004.88,+0007.81,-0013.67,-0001.23,-0001.68,-0009.72
+1581210559.04,+0004.88,+0007.81,-0015.62,-0001.15,+0000.00,-0008.73
+1581210559.05,+0002.93,+0005.86,-0017.58,-0001.30,-0001.76,-0008.80
+1581210559.05,+0005.86,+0004.88,-0017.58,-0000.23,-0001.99,-0006.28
+1581210559.06,+0002.93,+0002.93,-0018.55,-0002.68,+0001.53,-0006.74
+1581210559.06,-0001.95,+0002.93,-0019.53,-0000.61,+0001.68,-0011.03
+1581210559.07,+0002.93,+0001.95,-0017.58,-0005.97,-0013.55,+0010.80
+1581210559.07,+0024.41,-0004.88,-0020.51,+0000.08,+0019.29,+0001.68
+1581210559.08,-0041.02,-0001.95,-0028.32,-0004.13,+0011.48,-0032.77
+1581210559.08,-0029.30,+0002.93,-0022.46,+0002.68,-0000.31,-0036.83
+1581210559.09,+0016.60,+0000.00,-0019.53,-0009.03,-0001.61,-0011.64
+1581210559.09,+0002.93,-0015.62,-0020.51,+0002.53,+0012.02,-0002.53
+1581210559.10,-0023.44,+0001.95,-0021.48,+0000.38,-0002.53,-0004.52
+1581210559.10,-0014.65,-0001.95,-0024.41,-0001.91,-0001.07,-0006.12
+1581210559.11,-0000.98,-0013.67,-0027.34,-0003.83,-0000.31,-0002.45
+1581210559.11,-0008.79,-0009.77,-0027.34,+0001.53,+0003.98,-0006.58
+1581210559.12,-0013.67,-0003.91,-0026.37,-0003.83,-0000.08,-0014.47
+1581210559.12,-0005.86,-0012.70,-0026.37,-0001.00,+0000.69,-0012.79
+1581210559.13,-0001.95,-0012.70,-0027.34,-0002.53,-0000.69,-0012.79
+1581210559.13,-0004.88,-0009.77,-0028.32,+0000.23,-0001.53,-0010.95
+1581210559.14,-0004.88,-0012.70,-0029.30,+0000.92,-0003.75,-0013.48
+1581210559.14,-0000.98,-0014.65,-0029.30,+0000.38,-0001.68,-0010.80
+1581210559.15,+0001.95,-0014.65,-0029.30,-0000.38,-0002.60,-0009.19
+1581210559.15,+0000.00,-0014.65,-0029.30,-0000.23,-0001.07,-0009.03
+1581210559.16,-0000.98,-0015.62,-0029.30,-0001.07,-0002.37,-0010.03
+1581210559.16,+0002.93,-0015.62,-0028.32,+0000.46,-0001.91,-0009.11
+1581210559.17,+0004.88,-0015.62,-0028.32,-0001.23,-0002.14,-0007.96
+1581210559.17,+0001.95,-0016.60,-0028.32,-0000.61,+0000.00,-0010.49
+1581210559.18,-0002.93,-0016.60,-0028.32,+0000.23,+0000.15,-0010.26
+1581210559.18,+0001.95,-0017.58,-0027.34,-0000.15,+0000.00,-0010.64
+1581210559.19,-0000.98,-0017.58,-0027.34,+0000.61,-0001.00,-0010.26
+1581210559.19,-0001.95,-0016.60,-0026.37,-0000.92,-0000.54,-0012.02
+1581210559.20,-0002.93,-0017.58,-0025.39,+0001.23,-0001.53,-0010.72
+1581210559.20,+0001.95,-0017.58,-0024.41,+0001.30,-0001.07,-0009.80
+1581210559.21,-0001.95,-0016.60,-0023.44,+0000.31,-0003.75,-0010.18
+1581210559.21,+0001.95,-0016.60,-0022.46,-0000.61,-0000.61,-0007.89
+1581210559.22,+0001.95,-0017.58,-0023.44,+0000.08,+0000.69,-0011.03
+1581210559.22,-0002.93,-0016.60,-0022.46,-0000.61,-0002.22,-0010.34
+1581210559.23,+0003.91,-0014.65,-0021.48,-0000.92,-0000.69,-0013.70
+1581210559.23,+0004.88,-0016.60,-0020.51,+0000.46,+0000.31,-0011.94
+1581210559.24,+0004.88,-0014.65,-0020.51,-0000.54,-0001.07,-0009.03
+1581210559.24,+0001.95,-0014.65,-0019.53,+0002.07,-0001.99,-0010.18
+1581210559.25,+0004.88,-0013.67,-0019.53,-0000.23,-0000.69,-0008.73
+1581210559.25,+0005.86,-0013.67,-0018.55,+0002.22,-0001.53,-0007.66
+1581210559.26,+0005.86,-0012.70,-0017.58,-0000.08,-0000.31,-0007.50
+1581210559.26,+0001.95,-0012.70,-0016.60,+0002.45,-0000.84,-0008.12
+1581210559.27,+0000.00,-0011.72,-0014.65,+0002.14,+0000.00,-0008.88
+1581210559.27,+0000.98,-0010.74,-0013.67,+0001.61,-0000.92,-0007.81
+1581210559.28,-0000.98,-0010.74,-0011.72,+0001.91,+0002.22,-0010.03
+1581210559.28,-0005.86,-0009.77,-0010.74,+0001.53,+0000.38,-0010.57
+1581210559.29,-0003.91,-0008.79,-0009.77,+0001.07,+0000.54,-0013.09
+1581210559.29,-0003.91,-0009.77,-0009.77,+0002.22,-0000.54,-0012.63
+1581210559.30,-0002.93,-0007.81,-0007.81,+0000.69,-0000.84,-0009.49
+1581210559.30,-0004.88,-0007.81,-0007.81,+0000.84,-0000.38,-0008.65
+1581210559.31,-0004.88,-0006.84,-0007.81,+0000.38,-0000.15,-0008.80
+1581210559.31,-0003.91,-0006.84,-0006.84,+0000.31,-0000.54,-0010.41
+1581210559.32,-0001.95,-0005.86,-0006.84,-0000.38,-0003.29,-0010.03
+1581210559.32,+0000.00,-0005.86,-0006.84,+0001.07,-0000.38,-0010.34
+1581210559.33,+0000.98,-0006.84,-0006.84,+0000.08,-0002.53,-0008.65
+1581210559.33,-0003.91,-0005.86,-0006.84,+0001.30,-0000.08,-0011.87
+1581210559.34,-0001.95,-0004.88,-0005.86,+0000.92,-0002.22,-0009.72
+1581210559.34,+0002.93,-0003.91,-0004.88,+0002.22,+0000.31,-0011.79
+1581210559.35,+0000.00,-0003.91,-0003.91,+0003.22,-0001.15,-0010.87
+1581210559.35,+0000.98,-0001.95,-0003.91,+0000.15,-0000.38,-0012.56
+1581210559.36,+0001.95,-0001.95,-0002.93,+0000.46,+0000.84,-0012.86
+1581210559.36,+0002.93,+0000.00,-0002.93,+0001.45,+0000.15,-0013.02
+1581210559.37,+0001.95,+0000.00,-0001.95,+0001.76,-0002.14,-0009.72
+1581210559.37,+0003.91,+0000.98,-0001.95,-0000.84,-0001.30,-0009.34
+1581210559.38,+0003.91,+0000.98,-0000.98,+0000.38,-0000.15,-0009.88
+1581210559.38,+0005.86,+0000.98,-0000.98,-0000.54,+0001.91,-0007.20
+1581210559.39,+0005.86,+0000.98,-0000.98,+0000.77,-0001.84,-0010.26
+1581210559.39,+0005.86,+0001.95,-0000.98,+0000.92,+0000.08,-0010.95
+1581210559.40,+0005.86,+0001.95,-0000.98,+0002.30,-0002.91,-0009.88
+1581210559.40,+0007.81,+0002.93,+0000.00,+0000.31,+0000.77,-0009.88
+1581210559.41,+0004.88,+0002.93,+0000.00,+0001.45,-0000.54,-0010.11
+1581210559.41,+0004.88,+0003.91,+0000.98,+0000.46,+0000.31,-0011.33
+1581210559.42,+0005.86,+0003.91,+0000.98,+0001.76,-0002.14,-0009.42
+1581210559.42,+0008.79,+0003.91,+0000.98,+0000.77,-0000.31,-0009.11
+1581210559.43,+0006.84,+0003.91,+0000.98,+0000.46,-0001.45,-0008.65
+1581210559.43,+0006.84,+0004.88,+0000.98,+0000.00,-0001.84,-0008.27
+1581210559.44,+0003.91,+0004.88,+0000.00,+0000.15,+0000.92,-0014.16
+1581210559.44,+0002.93,+0005.86,+0000.98,+0000.69,-0001.07,-0012.17
+1581210559.45,+0009.77,+0005.86,+0000.98,+0000.69,-0001.15,-0009.42
+1581210559.45,+0005.86,+0004.88,+0000.98,-0001.15,+0000.23,-0010.49
+1581210559.46,+0000.00,+0006.84,+0000.00,+0000.69,-0000.92,-0007.73
+1581210559.46,+0005.86,+0005.86,-0000.98,-0000.61,+0000.00,-0010.03
+1581210559.47,+0004.88,+0004.88,-0000.98,+0000.15,+0000.38,-0005.74
+1581210559.47,-0001.95,+0006.84,-0000.98,+0000.31,+0000.15,-0009.65
+1581210559.48,-0005.86,+0006.84,+0000.00,+0001.23,-0000.61,-0009.95
+1581210559.48,+0002.93,+0006.84,+0000.00,+0000.31,-0000.54,-0010.64
+1581210559.49,+0003.91,+0005.86,+0000.00,+0000.31,+0002.37,-0010.41
+1581210559.49,-0005.86,+0007.81,+0000.00,-0000.54,+0000.38,-0013.63
+1581210559.50,-0002.93,+0008.79,-0000.98,+0000.61,-0004.21,-0013.70
+1581210559.50,+0004.88,+0007.81,+0000.00,+0001.23,+0000.00,-0011.87
+1581210559.51,-0000.98,+0008.79,+0000.00,+0001.61,-0002.53,-0007.50
+1581210559.51,-0001.95,+0009.77,-0000.98,-0001.38,-0001.76,-0008.42
+1581210559.52,+0002.93,+0007.81,-0001.95,+0000.38,+0000.15,-0009.80
+1581210559.52,+0004.88,+0008.79,-0001.95,+0000.08,-0001.45,-0008.12
+1581210559.53,+0004.88,+0008.79,-0001.95,-0001.07,-0000.15,-0008.96
+1581210559.53,+0003.91,+0008.79,-0002.93,+0001.38,-0004.52,-0008.65
+1581210559.54,+0004.88,+0009.77,-0002.93,+0001.00,+0000.31,-0009.42
+1581210559.54,+0003.91,+0009.77,-0002.93,+0000.92,-0000.54,-0011.25
+1581210559.55,+0005.86,+0009.77,-0001.95,-0000.38,-0000.54,-0010.11
+1581210559.55,+0004.88,+0008.79,-0002.93,+0001.07,+0002.14,-0013.55
+1581210559.56,+0000.98,+0008.79,-0002.93,+0001.45,-0000.15,-0012.25
+1581210559.56,+0005.86,+0009.77,-0002.93,-0000.31,+0000.69,-0013.48
+1581210559.57,+0003.91,+0008.79,-0001.95,+0001.38,-0000.31,-0011.03
+1581210559.57,+0002.93,+0009.77,-0001.95,-0000.54,+0000.23,-0009.49
+1581210559.58,+0004.88,+0008.79,-0002.93,-0000.69,+0000.31,-0006.05
+1581210559.58,+0004.88,+0007.81,-0003.91,-0000.69,+0001.84,-0006.51
+1581210559.59,+0000.98,+0007.81,-0004.88,-0001.23,+0000.08,-0007.35
+1581210559.59,+0000.98,+0006.84,-0004.88,-0001.30,+0000.31,-0010.87
+1581210559.60,+0003.91,+0005.86,-0004.88,-0000.08,+0001.91,-0011.56
+1581210559.60,+0000.00,+0005.86,-0005.86,+0000.08,-0000.31,-0010.95
+1581210559.61,-0000.98,+0005.86,-0006.84,+0000.38,+0001.99,-0013.32
+1581210559.61,-0002.93,+0005.86,-0006.84,+0001.30,+0000.31,-0014.09
+1581210559.62,+0002.93,+0005.86,-0005.86,+0001.30,-0002.45,-0007.73
+1581210559.62,+0004.88,+0003.91,-0006.84,-0003.29,+0002.14,-0004.90
+1581210559.63,-0013.67,+0006.84,-0008.79,-0003.22,-0005.36,-0009.11
+1581210559.63,-0000.98,+0005.86,-0008.79,+0003.75,-0001.91,-0009.03
+1581210559.64,+0011.72,+0001.95,-0008.79,-0004.36,+0003.22,-0006.28
+1581210559.64,-0004.88,+0003.91,-0009.77,+0001.76,+0000.08,-0009.42
+1581210559.65,-0002.93,+0006.84,-0010.74,-0003.52,-0000.46,-0014.01
+1581210559.65,+0003.91,+0000.98,-0011.72,+0001.84,-0000.31,-0013.55
+1581210559.66,+0007.81,+0002.93,-0010.74,-0001.15,-0000.77,-0007.96
+1581210559.66,+0001.95,+0002.93,-0012.70,-0002.22,-0001.15,-0010.26
+1581210559.67,+0000.00,+0002.93,-0013.67,-0001.61,-0000.08,-0011.03
+1581210559.67,+0003.91,+0001.95,-0014.65,+0000.46,-0001.15,-0011.64
+1581210559.68,+0004.88,+0002.93,-0013.67,-0001.91,+0001.45,-0009.03
+1581210559.68,+0003.91,+0002.93,-0013.67,-0001.84,+0000.84,-0007.58
+1581210559.69,+0000.98,+0000.98,-0014.65,-0000.92,+0002.30,-0008.58
+1581210559.69,+0000.00,+0000.98,-0015.62,-0000.69,+0000.00,-0009.42
+1581210559.70,+0000.98,+0001.95,-0015.62,-0000.15,-0000.15,-0012.63
+1581210559.70,+0001.95,+0000.98,-0015.62,+0000.84,-0000.84,-0012.10
+1581210559.71,+0002.93,+0000.98,-0015.62,-0000.08,-0000.69,-0011.41
+1581210559.71,+0002.93,+0000.00,-0015.62,-0001.15,-0001.30,-0010.34
+1581210559.72,+0000.98,+0000.98,-0016.60,-0001.30,-0000.31,-0007.96
+1581210559.72,+0001.95,+0000.00,-0017.58,-0002.07,-0000.54,-0007.66
+1581210559.73,+0002.93,-0000.98,-0018.55,-0000.61,-0001.15,-0008.35
+1581210559.73,+0000.00,-0000.98,-0018.55,-0000.31,+0000.38,-0009.19
+1581210559.74,+0000.00,-0000.98,-0019.53,+0000.46,-0000.69,-0010.41
+1581210559.74,+0000.00,-0001.95,-0019.53,+0000.08,+0000.61,-0012.17
+1581210559.75,+0000.00,-0001.95,-0019.53,-0000.69,+0000.15,-0012.33
+1581210559.75,+0000.98,-0001.95,-0019.53,-0000.54,-0000.46,-0011.10
+1581210559.76,-0001.95,-0002.93,-0019.53,-0001.00,+0001.15,-0010.41
+1581210559.76,-0002.93,-0002.93,-0020.51,-0001.23,-0001.15,-0009.72
+1581210559.77,-0001.95,-0002.93,-0020.51,-0002.53,+0002.14,-0010.87
+1581210559.77,-0000.98,-0002.93,-0020.51,+0000.00,-0000.84,-0010.18
+1581210559.78,+0000.00,-0003.91,-0021.48,-0002.45,+0001.84,-0009.88
+1581210559.78,-0000.98,-0003.91,-0021.48,+0000.38,-0000.69,-0008.80
+1581210559.79,-0001.95,-0004.88,-0022.46,+0000.15,-0001.07,-0008.35
+1581210559.79,+0000.98,-0005.86,-0022.46,-0000.38,-0001.00,-0007.66
+1581210559.80,+0001.95,-0006.84,-0023.44,-0000.54,+0000.08,-0008.12
+1581210559.80,-0002.93,-0007.81,-0024.41,-0001.45,-0001.07,-0010.87
+1581210559.81,-0000.98,-0007.81,-0024.41,-0001.00,-0000.38,-0012.86
+1581210559.81,+0000.00,-0009.77,-0024.41,-0001.45,+0001.99,-0013.63
+1581210559.82,-0000.98,-0009.77,-0025.39,-0000.46,-0001.07,-0011.56
+1581210559.82,-0000.98,-0009.77,-0025.39,-0000.46,+0002.53,-0013.70
+1581210559.83,-0003.91,-0009.77,-0026.37,+0000.08,-0000.69,-0013.02
+1581210559.83,+0002.93,-0010.74,-0025.39,-0001.45,-0001.84,-0009.11
+1581210559.84,+0002.93,-0011.72,-0025.39,-0002.14,+0000.31,-0009.03
+1581210559.84,-0002.93,-0010.74,-0026.37,-0002.22,-0001.76,-0008.50
+1581210559.85,+0002.93,-0011.72,-0026.37,-0001.84,+0000.00,-0008.27
+1581210559.85,+0005.86,-0013.67,-0026.37,+0001.15,+0000.46,-0008.19
+1581210559.86,+0001.95,-0011.72,-0026.37,-0000.77,-0001.30,-0009.11
+1581210559.86,+0002.93,-0012.70,-0027.34,-0000.08,-0001.68,-0010.11
+1581210559.87,+0006.84,-0013.67,-0027.34,+0000.92,-0000.38,-0011.18
+1581210559.87,+0004.88,-0011.72,-0027.34,+0000.31,-0002.30,-0009.34
+1581210559.88,+0004.88,-0012.70,-0027.34,-0000.15,+0000.61,-0011.25
+1581210559.88,+0001.95,-0012.70,-0027.34,-0000.69,-0001.07,-0011.87
+1581210559.89,+0004.88,-0011.72,-0026.37,+0000.46,-0000.92,-0008.96
+1581210559.89,+0003.91,-0011.72,-0025.39,+0000.38,+0000.38,-0008.96
+1581210559.90,+0000.98,-0010.74,-0023.44,+0001.23,-0001.84,-0005.51
+1581210559.90,+0002.93,-0010.74,-0023.44,-0001.23,-0000.23,-0004.82
+1581210559.91,-0001.95,-0011.72,-0023.44,-0000.23,+0001.61,-0008.42
+1581210559.91,-0006.84,-0009.77,-0022.46,+0000.61,+0000.54,-0010.18
+1581210559.92,-0005.86,-0009.77,-0021.48,+0001.23,+0001.15,-0013.17
+1581210559.92,-0003.91,-0008.79,-0019.53,+0001.45,-0001.00,-0012.63
+1581210559.93,-0004.88,-0007.81,-0018.55,-0000.31,+0001.61,-0010.87
+1581210559.93,-0009.77,-0006.84,-0017.58,+0000.54,+0000.08,-0010.49
+1581210559.94,-0007.81,-0005.86,-0017.58,+0001.30,-0001.84,-0006.43
+1581210559.94,-0006.84,-0005.86,-0016.60,+0000.08,+0002.76,-0011.18
+1581210559.95,-0013.67,-0003.91,-0016.60,+0001.99,-0001.76,-0010.95
+1581210559.95,-0007.81,-0003.91,-0015.62,+0002.30,-0001.30,-0010.80
+1581210559.96,-0002.93,-0003.91,-0013.67,+0001.91,+0000.31,-0010.95
+1581210559.96,-0008.79,-0001.95,-0013.67,+0001.15,-0000.69,-0006.58
+1581210559.97,-0013.67,-0001.95,-0013.67,+0000.00,-0003.22,-0008.80
+1581210559.97,-0006.84,-0001.95,-0012.70,+0003.98,+0001.23,-0014.62
+1581210559.98,-0000.98,-0001.95,-0010.74,+0000.77,+0001.30,-0012.86
+1581210559.98,-0003.91,-0000.98,-0010.74,+0000.23,-0001.00,-0020.44
+1581210559.99,-0003.91,+0000.00,-0009.77,+0001.84,-0003.22,-0017.30
+1581210559.99,+0002.93,+0001.95,-0008.79,+0001.45,-0001.23,-0012.86
+1581210560.00,+0001.95,+0002.93,-0007.81,+0001.07,+0000.84,-0006.66
+1581210560.00,+0000.00,+0004.88,-0006.84,-0001.15,-0000.23,-0003.75
+1581210560.01,+0000.98,+0002.93,-0006.84,+0001.38,+0000.08,-0003.98
+1581210560.01,+0000.00,+0002.93,-0005.86,+0001.99,+0001.76,-0006.12
+1581210560.02,+0000.00,+0003.91,-0004.88,+0002.37,+0000.54,-0007.96
+1581210560.02,+0001.95,+0004.88,-0002.93,+0000.92,+0001.68,-0010.34
+1581210560.03,-0000.98,+0003.91,-0001.95,+0002.22,-0000.61,-0011.64
+1581210560.03,+0000.00,+0004.88,-0001.95,+0000.77,+0000.46,-0014.70
+1581210560.04,-0001.95,+0004.88,-0001.95,+0001.38,+0001.30,-0014.93
+1581210560.04,+0000.00,+0004.88,-0000.98,+0000.46,+0000.69,-0012.71
+1581210560.05,+0001.95,+0004.88,+0000.00,+0000.77,-0000.92,-0010.03
+1581210560.05,-0001.95,+0004.88,+0000.00,-0000.31,-0000.38,-0006.35
+1581210560.06,-0002.93,+0004.88,+0000.00,+0000.69,-0001.91,-0008.12
+1581210560.06,+0000.98,+0003.91,+0000.00,-0000.15,-0000.08,-0006.74
+1581210560.07,+0000.00,+0003.91,+0000.00,+0000.23,-0000.15,-0007.73
+1581210560.07,-0003.91,+0003.91,+0000.00,+0000.61,-0001.30,-0008.58
+1581210560.08,-0001.95,+0003.91,+0000.00,+0000.08,+0000.77,-0010.72
+1581210560.08,-0000.98,+0002.93,+0000.00,+0000.84,-0000.31,-0011.87
+1581210560.09,-0000.98,+0002.93,+0000.00,+0000.23,+0001.23,-0010.49
+1581210560.09,-0004.88,+0002.93,+0000.00,+0000.00,+0000.08,-0013.25
+1581210560.10,-0005.86,+0001.95,+0000.00,-0000.69,-0000.31,-0011.10
+1581210560.10,-0000.98,+0000.98,+0000.00,-0001.15,+0001.53,-0011.33
+1581210560.11,-0005.86,+0000.98,+0000.00,-0000.23,+0000.92,-0007.96
+1581210560.11,-0005.86,+0000.00,-0000.98,+0000.23,-0000.92,-0008.42
+1581210560.12,-0004.88,-0001.95,-0000.98,-0001.68,+0001.30,-0008.88
+1581210560.12,-0004.88,-0001.95,-0001.95,+0000.38,+0000.69,-0007.04
+1581210560.13,-0003.91,-0001.95,-0001.95,-0000.69,-0000.77,-0008.42
+1581210560.13,-0004.88,-0002.93,-0001.95,-0000.61,+0000.84,-0008.04
+1581210560.14,-0003.91,-0003.91,-0002.93,-0001.23,+0001.07,-0011.10
+1581210560.14,-0004.88,-0003.91,-0003.91,+0000.84,+0000.00,-0011.87
+1581210560.15,-0003.91,-0003.91,-0002.93,-0000.69,-0000.54,-0011.48
+1581210560.15,-0000.98,-0004.88,-0003.91,-0001.30,+0000.15,-0011.33
+1581210560.16,-0004.88,-0005.86,-0004.88,-0000.15,+0001.38,-0012.48
+1581210560.16,-0006.84,-0004.88,-0004.88,+0000.00,-0001.68,-0011.41
+1581210560.17,-0001.95,-0004.88,-0004.88,-0000.08,+0000.00,-0009.57
+1581210560.17,+0000.00,-0005.86,-0003.91,-0001.68,+0000.38,-0005.67
+1581210560.18,-0003.91,-0005.86,-0004.88,-0001.99,+0000.54,-0008.12
+1581210560.18,-0004.88,-0005.86,-0005.86,-0000.23,-0002.99,-0007.66
+1581210560.19,+0000.98,-0006.84,-0006.84,-0000.31,-0000.38,-0009.19
+1581210560.19,-0002.93,-0005.86,-0006.84,+0001.61,-0001.53,-0012.25
+1581210560.20,-0003.91,-0004.88,-0005.86,+0000.92,-0002.07,-0012.94
+1581210560.20,+0000.98,-0005.86,-0005.86,-0000.23,-0001.99,-0011.94
+1581210560.21,+0000.00,-0005.86,-0005.86,-0001.30,-0000.15,-0008.19
+1581210560.21,-0001.95,-0005.86,-0006.84,+0000.31,-0001.61,-0009.49
+1581210560.22,-0004.88,-0005.86,-0006.84,+0000.92,-0001.23,-0011.18
+1581210560.22,+0000.00,-0005.86,-0006.84,-0000.08,-0002.07,-0010.80
+1581210560.23,+0000.98,-0005.86,-0005.86,+0001.00,-0002.53,-0009.88
+1581210560.23,-0000.98,-0005.86,-0005.86,-0000.46,+0000.46,-0011.94
+1581210560.24,-0002.93,-0005.86,-0006.84,-0000.08,-0000.92,-0013.78
+1581210560.24,+0001.95,-0004.88,-0004.88,-0001.76,-0011.41,+0005.67
+1581210560.25,+0022.46,-0008.79,-0004.88,-0003.75,+0010.11,+0008.96
+1581210560.25,-0023.44,-0007.81,-0010.74,+0002.07,+0013.32,-0036.14
+1581210560.26,-0034.18,-0000.98,-0008.79,+0003.52,-0011.87,-0013.48
+1581210560.26,+0017.58,-0001.95,-0004.88,-0000.77,-0006.05,-0007.04
+1581210560.27,+0013.67,-0010.74,-0002.93,+0001.53,+0011.41,-0007.04
+1581210560.27,-0016.60,+0000.98,-0003.91,+0000.15,-0004.36,-0001.61
+1581210560.28,-0014.65,-0002.93,-0006.84,+0002.45,-0003.83,-0011.33
+1581210560.28,+0004.88,-0006.84,-0007.81,+0002.45,-0003.60,-0007.66
+1581210560.29,+0006.84,-0003.91,-0005.86,+0002.99,+0001.68,-0003.29
+1581210560.29,-0007.81,+0000.00,-0005.86,+0002.60,-0003.60,-0006.51
+1581210560.30,-0004.88,-0002.93,-0005.86,+0002.76,-0005.05,-0011.87
+1581210560.30,+0005.86,-0002.93,-0005.86,+0000.15,-0001.68,-0013.17
+1581210560.31,+0001.95,-0000.98,-0005.86,+0004.21,+0000.61,-0012.33
+1581210560.31,-0003.91,+0000.98,-0005.86,+0001.30,-0002.07,-0015.16
+1581210560.32,+0000.00,+0000.00,-0005.86,+0001.91,-0002.83,-0013.40
+1581210560.32,+0003.91,+0000.00,-0004.88,+0001.30,-0002.45,-0010.95
+1581210560.33,+0001.95,+0000.98,-0004.88,+0004.36,-0000.92,-0010.72
+1581210560.33,-0000.98,+0001.95,-0004.88,+0001.15,-0003.90,-0008.88
+1581210560.34,+0001.95,+0000.98,-0005.86,+0001.91,-0002.68,-0009.80
+1581210560.34,+0003.91,+0000.98,-0005.86,+0000.00,-0001.61,-0008.65
+1581210560.35,+0002.93,+0002.93,-0004.88,-0001.99,-0003.52,-0008.35
+1581210560.35,+0002.93,+0002.93,-0004.88,+0000.77,-0001.91,-0009.34
+1581210560.36,+0003.91,+0002.93,-0005.86,-0002.22,-0002.83,-0009.26
+1581210560.36,+0003.91,+0002.93,-0005.86,+0000.92,-0001.76,-0009.03
+1581210560.37,+0002.93,+0002.93,-0005.86,-0001.76,-0001.68,-0008.50
+1581210560.37,+0001.95,+0002.93,-0006.84,-0001.15,-0000.31,-0008.96
+1581210560.38,+0000.00,+0002.93,-0006.84,-0001.76,+0000.08,-0011.71
+1581210560.38,-0000.98,+0003.91,-0005.86,-0001.30,-0001.38,-0010.72
+1581210560.39,+0002.93,+0003.91,-0005.86,-0001.23,-0000.08,-0010.11
+1581210560.39,+0000.98,+0002.93,-0005.86,-0001.53,+0001.76,-0008.73
+1581210560.40,-0002.93,+0002.93,-0006.84,-0001.23,-0000.54,-0007.43
+1581210560.40,-0002.93,+0003.91,-0006.84,+0000.15,-0001.30,-0007.50
+1581210560.41,-0000.98,+0002.93,-0007.81,-0000.69,-0001.68,-0006.89
+1581210560.41,-0001.95,+0001.95,-0007.81,-0000.31,-0001.23,-0007.35
+1581210560.42,-0003.91,+0001.95,-0008.79,+0000.61,-0003.29,-0011.64
+1581210560.42,-0002.93,+0000.98,-0008.79,+0001.07,-0001.53,-0011.71
+1581210560.43,-0000.98,+0000.00,-0009.77,+0000.38,-0002.07,-0012.63
+1581210560.43,-0002.93,+0000.00,-0010.74,+0000.31,-0002.83,-0013.09
+1581210560.44,-0001.95,+0000.00,-0010.74,+0000.69,-0002.45,-0011.64
+1581210560.44,+0000.00,-0001.95,-0011.72,-0001.07,-0001.84,-0011.33
+1581210560.45,+0000.98,-0001.95,-0011.72,-0000.23,-0000.77,-0009.49
+1581210560.45,+0000.98,-0002.93,-0012.70,-0001.07,-0000.61,-0009.26
+1581210560.46,+0000.98,-0003.91,-0013.67,-0001.99,+0000.15,-0010.11
+1581210560.46,+0000.98,-0004.88,-0014.65,-0002.53,-0000.61,-0009.95
+1581210560.46,+0002.93,-0005.86,-0015.62,-0002.60,-0000.15,-0009.88
+1581210560.47,+0001.95,-0006.84,-0015.62,-0002.53,-0000.31,-0009.80
+1581210560.47,+0002.93,-0007.81,-0016.60,-0000.46,-0000.54,-0008.80
+1581210560.48,+0001.95,-0008.79,-0016.60,-0000.84,+0000.31,-0011.03
+1581210560.48,+0000.98,-0010.74,-0017.58,+0000.00,-0000.31,-0010.34
+1581210560.49,+0002.93,-0011.72,-0018.55,-0000.15,-0000.46,-0011.64
+1581210560.49,+0000.98,-0012.70,-0018.55,+0000.46,-0001.45,-0010.03
+1581210560.50,+0000.98,-0013.67,-0019.53,+0000.15,-0000.77,-0010.64
+1581210560.50,+0000.98,-0014.65,-0020.51,-0000.31,-0001.45,-0011.71
+1581210560.51,+0002.93,-0015.62,-0020.51,+0000.69,-0000.61,-0009.49
+1581210560.51,+0002.93,-0016.60,-0019.53,-0001.30,+0000.77,-0009.80
+1581210560.52,+0000.00,-0017.58,-0019.53,-0001.23,-0000.23,-0010.87
+1581210560.52,+0000.00,-0018.55,-0020.51,-0001.38,+0000.46,-0010.72
+1581210560.53,+0003.91,-0019.53,-0020.51,-0001.53,-0000.15,-0010.41
+1581210560.53,+0004.88,-0019.53,-0020.51,-0000.69,+0000.46,-0010.18
+1581210560.54,+0000.98,-0019.53,-0021.48,-0001.07,+0000.31,-0013.32
+1581210560.54,+0001.95,-0019.53,-0020.51,+0001.15,-0002.22,-0012.94
+1581210560.55,+0006.84,-0020.51,-0020.51,+0000.00,-0000.31,-0012.40
+1581210560.55,+0003.91,-0019.53,-0019.53,+0000.92,-0001.99,-0011.25
+1581210560.56,+0004.88,-0018.55,-0019.53,+0000.54,-0001.45,-0010.18
+1581210560.56,+0007.81,-0018.55,-0018.55,-0001.15,-0001.38,-0009.95
+1581210560.57,+0006.84,-0018.55,-0018.55,+0002.53,-0002.76,-0006.89
+1581210560.57,+0005.86,-0016.60,-0017.58,+0001.68,-0000.92,-0010.41
+1581210560.58,+0005.86,-0017.58,-0016.60,+0001.30,-0001.61,-0009.03
+1581210560.58,+0007.81,-0016.60,-0015.62,+0001.61,-0002.07,-0008.19
+1581210560.59,+0007.81,-0015.62,-0013.67,+0001.15,-0000.54,-0009.65
+1581210560.59,+0003.91,-0014.65,-0012.70,+0000.54,+0000.08,-0007.73
+1581210560.60,+0001.95,-0013.67,-0011.72,+0001.15,+0000.92,-0007.43
+1581210560.60,+0002.93,-0012.70,-0010.74,-0000.23,+0001.53,-0008.58
+1581210560.61,-0000.98,-0011.72,-0008.79,+0001.07,+0001.38,-0010.26
+1581210560.61,-0002.93,-0010.74,-0007.81,+0002.53,-0001.00,-0009.49
+1581210560.62,-0002.93,-0010.74,-0006.84,+0002.37,+0000.31,-0008.73
+1581210560.62,-0004.88,-0009.77,-0004.88,+0001.61,-0000.08,-0009.42
+1581210560.63,-0006.84,-0007.81,-0003.91,+0002.68,-0001.23,-0008.65
+1581210560.63,-0004.88,-0007.81,-0002.93,+0001.99,-0000.92,-0009.65
+1581210560.64,-0005.86,-0007.81,-0002.93,+0002.22,-0000.31,-0011.18
+1581210560.64,-0005.86,-0006.84,-0000.98,+0001.38,-0000.69,-0012.17
+1581210560.65,-0004.88,-0006.84,-0000.98,+0001.38,-0001.00,-0012.86
+1581210560.65,-0004.88,-0005.86,+0000.00,+0000.69,-0002.76,-0010.95
+1581210560.66,+0000.00,-0004.88,+0000.00,+0001.38,-0001.99,-0008.96
+1581210560.66,-0001.95,-0004.88,+0000.00,+0000.31,-0000.61,-0008.50
+1581210560.67,-0001.95,-0004.88,+0000.98,-0000.08,-0000.54,-0009.80
+1581210560.67,+0001.95,-0004.88,+0000.98,+0000.08,-0001.00,-0011.18
+1581210560.68,+0001.95,-0003.91,+0001.95,+0000.23,-0000.46,-0011.41
+1581210560.68,+0001.95,-0002.93,+0001.95,-0000.31,+0000.00,-0012.10
+1581210560.69,+0003.91,-0002.93,+0002.93,+0000.38,-0000.77,-0011.94
+1581210560.69,+0002.93,-0001.95,+0001.95,+0001.38,-0000.69,-0011.03
+1581210560.70,+0001.95,-0000.98,+0002.93,+0002.07,+0000.08,-0010.18
+1581210560.70,+0001.95,+0000.00,+0002.93,+0001.45,-0000.69,-0010.87
+1581210560.71,+0001.95,-0000.98,+0002.93,+0001.61,-0000.38,-0010.57
+1581210560.71,+0003.91,+0000.00,+0002.93,+0001.07,-0000.77,-0009.80
+1581210560.72,+0001.95,+0000.00,+0002.93,+0000.77,+0001.00,-0011.71
+1581210560.72,-0000.98,+0000.00,+0001.95,-0000.46,+0000.69,-0010.49
+1581210560.73,+0001.95,+0000.98,+0001.95,+0000.31,-0001.91,-0011.18
+1581210560.73,+0002.93,+0000.00,+0000.98,-0001.84,+0001.84,-0009.72
+1581210560.74,+0000.00,+0000.98,+0000.98,+0000.31,-0001.07,-0009.88
+1581210560.74,+0000.98,+0000.98,+0000.98,-0001.84,+0001.00,-0010.57
+1581210560.75,+0002.93,+0000.98,+0000.00,-0000.77,-0001.30,-0009.26
+1581210560.75,+0004.88,+0000.00,-0000.98,-0001.53,+0000.77,-0007.96
+1581210560.76,+0002.93,+0000.98,-0000.98,-0001.00,-0001.23,-0008.88
+1581210560.76,+0001.95,+0000.98,-0001.95,-0001.15,-0001.00,-0009.72
+1581210560.77,+0004.88,+0000.98,-0001.95,-0001.23,+0000.23,-0011.87
+1581210560.77,+0003.91,+0000.98,-0002.93,-0001.91,+0000.38,-0011.56
+1581210560.78,+0004.88,+0000.98,-0002.93,-0001.00,-0001.76,-0010.34
+1581210560.78,+0004.88,+0000.00,-0003.91,-0001.61,-0001.61,-0010.18
+1581210560.79,+0005.86,+0000.00,-0003.91,-0001.45,-0001.53,-0009.26
+1581210560.79,+0004.88,+0000.00,-0004.88,-0000.92,+0000.69,-0009.95
+1581210560.80,+0000.00,-0000.98,-0005.86,-0000.38,+0000.54,-0010.57
+1581210560.80,+0002.93,-0000.98,-0005.86,+0000.84,-0001.07,-0008.96
+1581210560.81,+0003.91,-0001.95,-0006.84,-0000.31,+0000.15,-0009.80
+1581210560.81,-0000.98,-0001.95,-0006.84,+0001.53,+0000.77,-0007.81
+1581210560.82,-0002.93,-0001.95,-0006.84,-0000.61,+0000.23,-0010.34
+1581210560.82,-0002.93,-0002.93,-0006.84,-0001.23,+0000.77,-0010.87
+1581210560.83,-0003.91,-0003.91,-0007.81,+0000.54,+0000.92,-0010.72
+1581210560.83,-0004.88,-0002.93,-0007.81,-0000.61,+0000.92,-0012.63
+1581210560.84,-0003.91,-0003.91,-0007.81,-0001.99,-0003.45,-0006.58
+1581210560.84,+0003.91,-0005.86,-0008.79,-0003.06,+0002.07,-0000.69
+1581210560.85,-0016.60,-0003.91,-0010.74,+0001.45,+0009.49,-0016.84
+1581210560.85,-0020.51,-0000.98,-0010.74,+0004.21,-0004.13,-0014.70
+1581210560.86,+0011.72,-0003.91,-0008.79,-0000.08,-0002.91,-0010.26
+1581210560.86,+0005.86,-0008.79,-0008.79,+0000.92,+0004.59,-0006.12
+1581210560.87,-0009.77,-0003.91,-0010.74,-0004.75,-0005.28,+0001.15
+1581210560.87,-0004.88,-0004.88,-0012.70,-0001.15,-0002.83,-0010.57
+1581210560.88,+0006.84,-0008.79,-0013.67,+0000.08,-0001.45,-0011.48
+1581210560.88,+0007.81,-0007.81,-0012.70,-0001.84,+0000.08,-0008.50
+1581210560.89,+0000.98,-0005.86,-0011.72,-0002.37,-0001.99,-0010.49
+1581210560.89,+0002.93,-0008.79,-0012.70,+0000.15,-0002.30,-0011.03
+1581210560.90,+0005.86,-0009.77,-0013.67,+0000.15,-0001.07,-0011.18
+1581210560.90,+0002.93,-0007.81,-0013.67,+0000.46,-0000.46,-0010.64
+1581210560.91,+0000.98,-0008.79,-0012.70,+0000.84,-0001.84,-0011.41
+1581210560.91,+0001.95,-0009.77,-0012.70,+0000.31,-0001.68,-0010.72
+1581210560.92,+0002.93,-0009.77,-0011.72,+0001.00,-0000.54,-0008.88
+1581210560.92,-0000.98,-0009.77,-0011.72,+0000.46,-0002.45,-0007.27
+1581210560.93,+0000.98,-0010.74,-0011.72,-0000.31,-0001.99,-0006.66
+1581210560.93,+0000.00,-0011.72,-0012.70,-0000.23,-0000.38,-0007.66
+1581210560.94,-0002.93,-0012.70,-0012.70,-0001.76,+0000.23,-0008.73
+1581210560.94,-0002.93,-0012.70,-0011.72,-0001.00,+0000.23,-0013.02
+1581210560.95,-0001.95,-0013.67,-0011.72,-0000.31,-0001.00,-0010.87
+1581210560.95,+0000.00,-0014.65,-0011.72,-0001.91,+0000.23,-0010.57
+1581210560.96,-0002.93,-0015.62,-0012.70,-0002.45,+0000.69,-0011.25
+1581210560.96,-0005.86,-0015.62,-0012.70,-0001.30,-0000.31,-0010.41
+1581210560.97,-0001.95,-0016.60,-0012.70,-0000.38,-0001.45,-0010.26
+1581210560.97,-0000.98,-0016.60,-0012.70,-0000.61,-0000.23,-0011.10
+1581210560.98,-0001.95,-0017.58,-0012.70,-0000.46,-0001.68,-0010.03
+1581210560.98,-0002.93,-0017.58,-0012.70,+0000.00,-0001.00,-0010.72
+1581210560.99,-0003.91,-0018.55,-0012.70,+0000.61,-0001.61,-0011.03
+1581210560.99,+0000.98,-0018.55,-0011.72,+0000.31,-0001.53,-0010.18
+1581210561.00,+0000.00,-0018.55,-0011.72,-0000.08,-0000.69,-0008.80
+1581210561.00,-0002.93,-0018.55,-0011.72,+0000.46,-0001.99,-0010.26
+1581210561.01,-0000.98,-0018.55,-0011.72,+0000.08,-0001.99,-0009.95
+1581210561.01,+0001.95,-0019.53,-0010.74,-0000.38,+0000.08,-0009.42
+1581210561.02,-0001.95,-0019.53,-0010.74,-0000.08,-0001.45,-0009.80
+1581210561.02,-0001.95,-0018.55,-0010.74,-0000.08,-0001.15,-0009.42
+1581210561.03,+0000.00,-0019.53,-0010.74,+0001.30,+0000.00,-0010.34
+1581210561.03,-0001.95,-0017.58,-0008.79,+0001.23,-0001.61,-0009.26
+1581210561.04,-0001.95,-0016.60,-0007.81,+0001.00,-0001.15,-0009.26
+1581210561.04,-0003.91,-0017.58,-0007.81,+0001.45,+0000.84,-0010.03
+1581210561.05,-0003.91,-0016.60,-0006.84,+0000.84,-0001.38,-0010.18
+1581210561.05,-0002.93,-0015.62,-0004.88,+0002.53,-0002.30,-0010.41
+1581210561.06,-0004.88,-0015.62,-0004.88,+0001.68,-0000.08,-0010.26
+1581210561.06,-0005.86,-0014.65,-0003.91,+0001.15,-0000.77,-0012.33
+1581210561.07,-0005.86,-0013.67,-0002.93,+0000.84,-0001.38,-0010.95
+1581210561.07,-0003.91,-0013.67,-0000.98,+0000.84,-0000.77,-0009.80
+1581210561.08,-0005.86,-0012.70,+0000.00,+0002.07,+0000.08,-0008.35
+1581210561.08,-0007.81,-0010.74,+0000.98,-0000.84,+0000.61,-0008.65
+1581210561.09,-0007.81,-0011.72,+0000.98,-0000.15,-0000.38,-0009.42
+1581210561.09,-0002.93,-0010.74,+0001.95,-0000.46,+0001.30,-0010.26
+1581210561.10,-0003.91,-0010.74,+0002.93,+0001.45,-0000.54,-0010.87
+1581210561.10,-0003.91,-0009.77,+0003.91,+0000.46,-0001.68,-0010.87
+1581210561.11,-0001.95,-0008.79,+0004.88,+0000.00,-0001.84,-0010.26
+1581210561.11,-0001.95,-0008.79,+0004.88,+0001.68,-0001.00,-0011.33
+1581210561.12,-0002.93,-0006.84,+0006.84,+0001.76,-0001.30,-0012.02
+1581210561.12,-0000.98,-0006.84,+0007.81,+0001.68,-0001.61,-0009.88
+1581210561.13,+0000.98,-0006.84,+0008.79,+0001.30,-0000.23,-0011.18
+1581210561.13,-0001.95,-0004.88,+0009.77,+0000.54,-0001.15,-0010.72
+1581210561.14,+0000.98,-0004.88,+0010.74,+0000.46,+0000.00,-0011.18
+1581210561.14,+0001.95,-0004.88,+0011.72,+0000.84,+0001.61,-0010.95
+1581210561.15,+0000.00,-0003.91,+0012.70,+0000.92,+0001.15,-0009.80
+1581210561.15,-0000.98,-0002.93,+0013.67,+0001.15,+0000.15,-0010.72
+1581210561.16,+0000.98,-0002.93,+0013.67,+0001.68,-0000.23,-0009.19
+1581210561.16,+0000.98,-0001.95,+0014.65,+0000.69,+0000.00,-0007.66
+1581210561.17,-0002.93,-0001.95,+0015.62,+0001.30,+0000.00,-0006.20
+1581210561.17,-0003.91,-0000.98,+0015.62,+0001.91,-0000.31,-0006.28
+1581210561.18,-0004.88,-0000.98,+0015.62,+0001.68,+0000.46,-0007.27
+1581210561.18,-0004.88,-0000.98,+0015.62,+0002.30,-0000.38,-0007.35
+1581210561.19,-0006.84,+0000.00,+0016.60,+0000.46,+0000.00,-0009.03
+1581210561.19,-0006.84,+0000.00,+0017.58,+0001.23,-0001.38,-0009.19
+1581210561.20,-0007.81,+0000.98,+0017.58,+0001.76,+0001.00,-0009.42
+1581210561.20,-0010.74,+0001.95,+0018.55,+0000.46,-0000.23,-0015.16
+1581210561.21,-0004.88,+0000.98,+0018.55,-0000.69,+0004.06,-0021.97
+1581210561.21,+0000.00,+0000.98,+0017.58,+0000.84,+0000.15,-0026.72
+1581210561.22,+0006.84,+0003.91,+0019.53,+0001.91,-0005.21,-0026.87
+1581210561.22,+0004.88,+0005.86,+0021.48,+0001.61,-0002.91,-0010.64
+1581210561.23,+0005.86,+0008.79,+0022.46,+0001.00,-0003.75,-0003.68
+1581210561.23,+0008.79,+0008.79,+0023.44,+0000.61,-0000.61,+0000.00
+1581210561.24,+0006.84,+0006.84,+0022.46,-0000.23,+0000.08,+0002.99
+1581210561.24,+0002.93,+0005.86,+0022.46,+0002.07,-0000.54,-0001.00
+1581210561.25,+0002.93,+0005.86,+0021.48,+0002.07,-0000.69,-0003.06
+1581210561.25,+0004.88,+0005.86,+0022.46,+0002.07,+0000.23,-0008.42
+1581210561.26,+0000.98,+0006.84,+0024.41,+0003.68,-0001.23,-0012.71
+1581210561.26,+0000.98,+0007.81,+0026.37,+0003.37,-0000.54,-0014.39
+1581210561.27,+0000.00,+0007.81,+0027.34,+0002.76,-0001.38,-0015.31
+1581210561.27,+0000.00,+0007.81,+0028.32,+0002.91,-0000.69,-0014.32
+1581210561.28,-0001.95,+0008.79,+0029.30,+0000.84,-0000.61,-0012.40
+1581210561.28,-0001.95,+0007.81,+0029.30,+0001.07,-0000.69,-0010.72
+1581210561.29,-0000.98,+0007.81,+0028.32,+0000.15,-0000.31,-0009.88
+1581210561.29,-0001.95,+0007.81,+0028.32,-0000.08,-0000.15,-0009.65
+1581210561.30,-0002.93,+0006.84,+0028.32,+0000.23,-0000.84,-0009.11
+1581210561.30,-0000.98,+0007.81,+0028.32,+0001.00,-0001.45,-0007.58
+1581210561.31,-0001.95,+0006.84,+0028.32,-0000.46,-0000.54,-0007.27
+1581210561.31,-0001.95,+0006.84,+0028.32,-0000.23,-0000.84,-0008.73
+1581210561.32,+0000.00,+0006.84,+0027.34,+0000.46,-0001.23,-0008.65
+1581210561.32,+0000.00,+0005.86,+0027.34,+0001.30,-0001.61,-0010.11
+1581210561.33,-0002.93,+0005.86,+0027.34,+0003.29,-0002.45,-0011.18
+1581210561.33,-0002.93,+0007.81,+0028.32,+0002.99,-0001.91,-0012.40
+1581210561.34,-0000.98,+0006.84,+0028.32,+0001.23,-0001.68,-0010.72
+1581210561.34,-0000.98,+0005.86,+0028.32,+0001.15,-0000.69,-0008.27
+1581210561.35,-0002.93,+0005.86,+0027.34,-0000.08,-0000.38,-0009.72
+1581210561.35,-0004.88,+0005.86,+0026.37,+0001.00,-0001.99,-0009.88
+1581210561.36,-0001.95,+0004.88,+0026.37,-0000.77,-0000.54,-0009.57
+1581210561.36,-0002.93,+0003.91,+0025.39,-0000.69,-0000.38,-0010.03
+1581210561.37,-0004.88,+0002.93,+0025.39,-0000.38,+0000.61,-0010.80
+1581210561.37,-0005.86,+0004.88,+0025.39,+0000.23,+0000.23,-0011.33
+1581210561.38,-0004.88,+0004.88,+0024.41,-0000.08,-0000.61,-0010.41
+1581210561.38,-0002.93,+0003.91,+0024.41,+0000.54,-0000.23,-0011.79
+1581210561.39,-0004.88,+0004.88,+0024.41,+0002.45,-0001.61,-0010.87
+1581210561.39,-0006.84,+0004.88,+0023.44,+0001.68,-0001.30,-0011.41
+1581210561.40,-0002.93,+0005.86,+0023.44,+0000.92,-0001.99,-0010.72
+1581210561.40,-0001.95,+0004.88,+0023.44,+0001.00,-0001.84,-0009.26
+1581210561.41,-0003.91,+0004.88,+0022.46,-0000.54,-0002.22,-0008.50
+1581210561.41,-0003.91,+0005.86,+0021.48,-0001.68,+0001.91,-0011.79
+1581210561.42,-0007.81,+0004.88,+0021.48,-0000.61,-0000.54,-0012.33
+1581210561.42,-0002.93,+0006.84,+0022.46,-0002.22,-0001.53,-0011.33
+1581210561.43,+0003.91,+0005.86,+0022.46,-0003.29,-0000.46,-0010.34
+1581210561.43,+0003.91,+0004.88,+0022.46,-0001.30,-0004.06,-0004.82
+1581210561.44,+0002.93,+0005.86,+0020.51,-0001.23,-0003.29,-0005.51
+1581210561.44,+0003.91,+0005.86,+0019.53,+0000.84,-0004.82,-0005.59
+1581210561.45,+0006.84,+0005.86,+0018.55,+0000.61,-0005.13,-0008.04
+1581210561.45,+0006.84,+0006.84,+0018.55,+0001.15,-0004.13,-0013.48
+1581210561.46,+0006.84,+0007.81,+0019.53,+0001.53,-0003.06,-0015.70
+1581210561.46,+0014.65,+0008.79,+0020.51,+0000.54,-0002.30,-0015.47
+1581210561.47,+0034.18,+0000.98,+0020.51,+0000.15,+0032.92,-0003.60
+1581210561.47,-0037.11,+0002.93,+0010.74,-0005.67,+0015.39,-0042.49
+1581210561.48,-0064.45,+0015.62,+0014.65,+0010.11,-0012.63,-0014.78
+1581210561.48,+0020.51,+0023.44,+0020.51,+0003.14,+0000.69,-0045.48
+1581210561.49,+0027.34,-0004.88,+0022.46,-0008.12,+0017.46,+0015.47
+1581210561.49,-0018.55,+0003.91,+0022.46,+0002.30,-0003.75,-0012.17
+1581210561.50,-0019.53,+0016.60,+0018.55,-0005.28,-0009.72,+0014.70
+1581210561.50,+0000.98,+0004.88,+0012.70,-0004.82,-0008.04,+0009.49
+1581210561.51,+0009.77,+0001.95,+0010.74,+0001.99,+0002.76,-0002.83
+1581210561.51,-0002.93,+0002.93,+0011.72,-0005.59,-0002.60,+0002.99
+1581210561.52,-0009.77,+0010.74,+0014.65,+0004.21,-0004.13,-0017.07
+1581210561.52,+0004.88,+0007.81,+0015.62,+0005.59,-0005.97,-0018.76
+1581210561.53,+0010.74,+0005.86,+0015.62,+0000.31,-0000.92,-0015.62
+1581210561.53,-0002.93,+0009.77,+0013.67,+0000.92,-0001.07,-0015.08
+1581210561.54,-0001.95,+0009.77,+0012.70,+0001.76,-0001.23,-0014.70
+1581210561.54,+0003.91,+0008.79,+0012.70,-0001.76,+0003.06,-0013.09
+1581210561.55,+0002.93,+0009.77,+0013.67,+0001.00,-0000.31,-0007.73
+1581210561.55,-0002.93,+0010.74,+0013.67,+0000.08,+0000.69,-0006.81
+1581210561.56,-0005.86,+0010.74,+0012.70,+0001.76,-0002.99,-0005.51
+1581210561.56,-0002.93,+0009.77,+0012.70,+0000.08,-0001.15,-0006.81
+1581210561.57,-0003.91,+0009.77,+0011.72,-0001.45,-0000.15,-0007.12
+1581210561.57,-0004.88,+0008.79,+0010.74,-0000.92,+0000.46,-0011.10
+1581210561.58,-0006.84,+0008.79,+0010.74,-0002.37,+0001.00,-0012.56
+1581210561.58,-0002.93,+0009.77,+0010.74,-0002.07,-0001.45,-0012.79
+1581210561.59,-0001.95,+0008.79,+0009.77,+0000.00,-0001.53,-0013.86
+1581210561.59,-0001.95,+0009.77,+0010.74,+0002.07,-0003.90,-0010.57
+1581210561.60,-0000.98,+0010.74,+0010.74,+0000.61,-0003.14,-0011.03
+1581210561.60,+0000.00,+0009.77,+0009.77,+0000.31,-0001.61,-0009.80
+1581210561.61,+0002.93,+0009.77,+0008.79,-0001.45,-0001.07,-0008.65
+1581210561.61,+0003.91,+0009.77,+0008.79,-0000.92,-0001.45,-0009.03
+1581210561.62,+0005.86,+0009.77,+0008.79,-0000.23,-0002.76,-0008.35
+1581210561.62,+0002.93,+0008.79,+0007.81,+0000.61,-0001.45,-0010.18
+1581210561.63,+0004.88,+0010.74,+0007.81,+0001.61,-0004.13,-0012.25
+1581210561.63,+0005.86,+0009.77,+0007.81,+0000.69,-0000.61,-0011.25
+1581210561.64,+0006.84,+0009.77,+0008.79,-0000.46,-0000.15,-0011.25
+1581210561.64,+0003.91,+0010.74,+0008.79,-0000.77,-0001.45,-0009.80
+1581210561.65,+0004.88,+0011.72,+0008.79,+0002.07,-0001.53,-0010.49
+1581210561.65,+0003.91,+0011.72,+0008.79,+0000.54,-0001.91,-0009.49
+1581210561.66,+0004.88,+0011.72,+0008.79,+0000.38,-0001.61,-0008.27
+1581210561.66,+0002.93,+0011.72,+0008.79,-0000.54,+0000.77,-0008.35
+1581210561.67,+0003.91,+0011.72,+0007.81,-0000.77,-0001.99,-0008.35
+1581210561.67,+0002.93,+0011.72,+0007.81,+0000.08,-0002.14,-0008.35
+1581210561.68,+0001.95,+0011.72,+0007.81,-0000.38,-0001.99,-0008.35
+1581210561.68,+0001.95,+0011.72,+0006.84,+0000.54,-0002.22,-0008.58
+1581210561.69,+0003.91,+0010.74,+0007.81,+0000.15,+0000.77,-0008.19
+1581210561.69,+0000.98,+0010.74,+0006.84,+0000.31,-0000.46,-0009.80
+1581210561.70,-0000.98,+0011.72,+0006.84,+0001.76,-0002.53,-0009.88
+1581210561.70,-0001.95,+0011.72,+0005.86,+0000.38,+0000.31,-0011.56
+1581210561.71,-0001.95,+0010.74,+0006.84,+0000.31,+0000.08,-0011.41
+1581210561.71,+0000.00,+0010.74,+0006.84,-0000.23,-0001.61,-0010.64
+1581210561.72,+0000.98,+0009.77,+0006.84,+0000.61,-0002.22,-0010.11
+1581210561.72,-0000.98,+0010.74,+0005.86,+0001.15,-0002.91,-0012.25
+1581210561.73,+0000.98,+0010.74,+0005.86,+0000.31,-0002.30,-0012.02
+1581210561.73,+0000.98,+0010.74,+0004.88,-0000.77,+0001.07,-0010.72
+1581210561.74,+0000.00,+0010.74,+0004.88,+0000.38,-0001.61,-0008.80
+1581210561.74,+0000.00,+0010.74,+0003.91,-0000.92,-0002.22,-0009.19
+1581210561.75,+0001.95,+0009.77,+0003.91,+0001.30,-0001.76,-0008.19
+1581210561.75,+0000.98,+0008.79,+0002.93,-0002.45,+0001.07,-0008.80
+1581210561.76,-0002.93,+0009.77,+0002.93,-0000.08,+0000.08,-0008.42
+1581210561.76,-0002.93,+0009.77,+0001.95,+0000.08,-0001.38,-0010.18
+1581210561.77,+0001.95,+0008.79,+0001.95,+0000.31,-0002.76,-0009.42
+1581210561.77,-0001.95,+0007.81,+0001.95,+0000.46,-0000.15,-0011.03
+1581210561.78,-0003.91,+0008.79,+0001.95,+0000.38,+0000.00,-0010.95
+1581210561.78,-0001.95,+0008.79,+0000.98,-0000.61,-0001.68,-0011.10
+1581210561.79,+0002.93,+0007.81,+0000.98,+0001.84,-0001.91,-0010.95
+1581210561.79,+0000.98,+0007.81,+0000.98,-0000.84,-0002.07,-0008.42
+1581210561.80,+0000.00,+0007.81,+0000.00,-0001.38,-0002.14,-0009.11
+1581210561.80,-0001.95,+0007.81,-0000.98,-0000.08,-0001.00,-0010.80
+1581210561.81,+0001.95,+0007.81,+0000.00,-0001.07,-0001.15,-0011.41
+1581210561.81,+0002.93,+0005.86,-0000.98,+0000.15,-0002.14,-0009.72
+1581210561.82,+0001.95,+0005.86,-0001.95,-0000.54,-0000.15,-0011.18
+1581210561.82,-0001.95,+0005.86,-0002.93,+0000.23,-0001.61,-0012.17
+1581210561.83,+0004.88,+0006.84,-0002.93,-0001.23,-0000.54,-0011.87
+1581210561.83,+0001.95,+0004.88,-0002.93,-0000.31,-0000.31,-0011.33
+1581210561.84,+0000.98,+0005.86,-0002.93,-0000.77,+0000.69,-0011.41
+1581210561.84,+0000.00,+0004.88,-0004.88,-0000.77,-0000.15,-0012.10
+1581210561.85,+0001.95,+0004.88,-0004.88,-0001.84,+0000.54,-0011.10
+1581210561.85,+0001.95,+0004.88,-0005.86,-0001.45,+0000.84,-0010.49
+1581210561.86,+0001.95,+0004.88,-0005.86,-0000.61,+0000.31,-0010.80
+1581210561.86,+0002.93,+0004.88,-0005.86,-0001.23,-0001.15,-0009.65
+1581210561.87,+0003.91,+0003.91,-0006.84,-0001.00,+0001.15,-0010.57
+1581210561.87,+0002.93,+0004.88,-0006.84,-0000.38,-0002.14,-0010.34
+1581210561.88,+0002.93,+0003.91,-0007.81,-0001.68,+0000.08,-0011.10
+1581210561.88,+0006.84,+0003.91,-0007.81,-0001.76,+0000.77,-0009.26
+1581210561.89,+0003.91,+0003.91,-0008.79,-0000.38,-0001.91,-0008.12
+1581210561.89,+0004.88,+0003.91,-0008.79,+0000.46,-0000.08,-0007.66
+1581210561.90,+0002.93,+0002.93,-0009.77,-0000.54,+0000.08,-0008.88
+1581210561.90,+0002.93,+0003.91,-0009.77,+0000.77,-0001.30,-0006.58
+1581210561.91,+0002.93,+0002.93,-0009.77,-0000.08,+0000.23,-0007.66
+1581210561.91,+0001.95,+0002.93,-0009.77,-0000.15,-0000.08,-0008.42
+1581210561.92,+0001.95,+0002.93,-0010.74,-0000.08,-0002.99,-0007.96
+1581210561.92,+0003.91,+0001.95,-0010.74,+0000.92,-0000.69,-0010.87
+1581210561.93,+0000.98,+0001.95,-0011.72,-0000.77,+0000.77,-0011.64
+1581210561.93,+0000.98,+0002.93,-0011.72,-0000.46,-0000.38,-0011.25
+1581210561.94,+0000.98,+0001.95,-0011.72,-0001.15,-0000.46,-0009.65
+1581210561.94,+0000.00,+0001.95,-0011.72,-0002.53,+0002.37,-0008.19
+1581210561.95,-0003.91,+0001.95,-0012.70,+0000.46,-0001.68,-0008.12
+1581210561.95,-0001.95,+0000.98,-0012.70,-0002.60,+0002.45,-0009.49
+1581210561.96,-0004.88,+0000.00,-0013.67,+0000.61,+0002.30,-0012.56
+1581210561.96,-0006.84,+0000.98,-0013.67,+0000.31,-0000.77,-0012.63
+1581210561.97,-0005.86,+0000.00,-0013.67,-0000.08,+0001.30,-0013.32
+1581210561.97,-0005.86,+0000.00,-0012.70,+0000.08,+0002.14,-0010.18
+1581210561.98,-0006.84,+0000.98,-0013.67,-0001.68,+0001.61,-0010.64
+1581210561.98,-0003.91,+0000.00,-0013.67,-0000.77,+0000.61,-0013.17
+1581210561.99,-0003.91,+0000.98,-0013.67,-0001.76,-0001.23,-0010.11
+1581210561.99,-0000.98,+0000.98,-0014.65,-0001.84,-0003.60,-0010.11
+1581210562.00,+0006.84,+0000.00,-0014.65,-0002.37,-0003.68,-0000.46
+1581210562.00,+0001.95,-0000.98,-0016.60,+0000.08,+0006.89,-0011.56
+1581210562.01,-0007.81,+0002.93,-0016.60,-0002.76,-0002.53,-0010.95
+1581210562.01,+0006.84,+0001.95,-0016.60,-0001.07,+0000.61,-0012.17
+1581210562.02,+0005.86,-0001.95,-0014.65,+0001.84,+0001.07,-0011.94
+1581210562.02,-0001.95,+0002.93,-0014.65,+0003.75,-0001.07,-0009.03
+1581210562.03,+0001.95,+0000.98,-0015.62,+0002.99,+0000.23,-0013.02
+1581210562.03,+0001.95,+0000.00,-0015.62,-0001.30,-0000.46,-0008.80
+1581210562.04,+0001.95,+0000.00,-0015.62,+0000.23,+0001.68,-0010.03
+1581210562.04,-0002.93,+0000.98,-0015.62,+0000.38,+0000.38,-0010.49
+1581210562.05,+0000.00,+0000.00,-0015.62,+0001.68,+0001.38,-0011.56
+1581210562.05,+0000.98,+0000.00,-0014.65,-0001.30,+0001.84,-0010.57
+1581210562.06,-0000.98,+0000.00,-0014.65,-0000.69,+0000.92,-0009.80
+1581210562.06,-0002.93,+0000.00,-0014.65,+0000.38,-0001.53,-0011.03
+1581210562.07,-0000.98,+0000.00,-0014.65,-0000.31,-0001.76,-0009.88
+1581210562.07,+0002.93,-0000.98,-0014.65,-0001.38,+0002.53,-0009.65
+1581210562.08,-0002.93,-0000.98,-0014.65,+0001.68,-0001.84,-0011.03
+1581210562.08,+0000.00,+0000.00,-0014.65,-0000.77,-0000.84,-0010.95
+1581210562.09,+0001.95,-0001.95,-0015.62,-0001.15,+0000.54,-0010.72
+1581210562.09,+0001.95,-0000.98,-0015.62,-0001.53,+0000.23,-0009.19
+1581210562.10,+0000.00,+0000.00,-0015.62,-0001.45,-0003.06,-0008.96
+1581210562.10,+0001.95,-0000.98,-0015.62,+0001.38,+0000.38,-0007.43
+1581210562.11,+0001.95,-0000.98,-0014.65,+0000.15,-0001.15,-0006.89
+1581210562.11,-0002.93,-0000.98,-0015.62,+0000.08,-0000.69,-0007.66
+1581210562.12,-0003.91,+0000.00,-0014.65,-0000.31,+0000.46,-0011.33
+1581210562.12,-0001.95,+0000.00,-0013.67,+0001.00,-0000.46,-0009.88
+1581210562.13,+0000.00,+0000.00,-0012.70,+0000.38,-0000.08,-0009.80
+1581210562.13,-0005.86,+0000.00,-0012.70,+0001.38,-0002.68,-0011.41
+1581210562.14,-0002.93,+0000.98,-0011.72,+0001.45,-0003.52,-0011.33
+1581210562.14,-0000.98,+0000.98,-0011.72,+0000.38,-0001.15,-0010.18
+1581210562.15,-0002.93,+0000.98,-0011.72,+0000.31,-0001.30,-0008.12
+1581210562.15,-0004.88,+0000.98,-0011.72,-0001.00,-0000.08,-0008.35
+1581210562.16,-0003.91,+0000.00,-0011.72,+0000.00,-0002.22,-0010.18
+1581210562.16,-0001.95,+0000.98,-0011.72,+0001.23,-0002.68,-0010.34
+1581210562.17,-0000.98,+0000.00,-0010.74,+0000.69,-0001.91,-0011.10
+1581210562.17,-0002.93,+0000.00,-0010.74,+0000.77,-0002.76,-0010.87
+1581210562.18,-0001.95,+0001.95,-0010.74,+0000.84,-0001.07,-0012.40
+1581210562.18,+0000.98,+0001.95,-0009.77,+0001.68,-0004.13,-0010.34
+1581210562.19,+0003.91,+0000.98,-0008.79,-0000.46,-0001.53,-0009.95
+1581210562.19,+0001.95,+0000.00,-0009.77,-0000.69,-0004.29,-0008.88
+1581210562.20,+0000.98,+0000.98,-0009.77,-0000.38,-0001.45,-0011.87
+1581210562.20,+0003.91,+0000.98,-0009.77,+0001.45,-0003.14,-0010.80
+1581210562.21,+0007.81,+0000.98,-0008.79,+0000.08,-0001.99,-0009.03
+1581210562.21,+0004.88,+0000.98,-0008.79,+0000.00,-0001.99,-0009.19
+1581210562.22,+0000.00,+0000.98,-0008.79,+0000.54,-0002.83,-0008.27
+1581210562.22,+0003.91,+0000.98,-0007.81,-0000.08,+0001.00,-0011.25
+1581210562.23,+0002.93,+0001.95,-0006.84,+0000.54,-0002.53,-0009.72
+1581210562.23,+0002.93,+0000.98,-0006.84,+0002.14,-0001.45,-0009.49
+1581210562.24,+0001.95,+0000.00,-0006.84,+0001.76,-0003.22,-0008.96
+1581210562.24,+0001.95,+0000.98,-0007.81,-0000.38,-0001.45,-0010.03
+1581210562.25,+0003.91,+0000.98,-0006.84,-0000.46,-0002.68,-0009.42
+1581210562.25,+0005.86,+0000.00,-0006.84,+0000.92,-0003.90,-0007.81
+1581210562.26,+0003.91,+0000.00,-0006.84,-0000.31,-0001.07,-0010.64
+1581210562.26,-0000.98,+0000.00,-0007.81,-0001.68,-0004.06,-0008.58
+1581210562.27,+0006.84,+0000.00,-0006.84,+0000.54,-0001.07,-0009.49
+1581210562.27,+0001.95,-0000.98,-0007.81,+0000.00,-0002.83,-0010.72
+1581210562.28,+0001.95,-0000.98,-0007.81,+0000.00,-0002.22,-0010.34
+1581210562.28,+0003.91,-0001.95,-0008.79,-0001.99,-0001.38,-0010.11
+1581210562.29,+0002.93,-0001.95,-0008.79,+0001.30,-0003.60,-0008.58
+1581210562.29,+0002.93,-0001.95,-0008.79,-0001.38,-0000.08,-0007.89
+1581210562.30,-0001.95,-0002.93,-0009.77,-0000.46,-0001.84,-0009.57
+1581210562.30,+0000.98,-0001.95,-0008.79,+0002.07,-0002.68,-0009.57
+1581210562.31,+0000.98,-0003.91,-0009.77,-0000.84,-0002.37,-0007.58
+1581210562.31,-0002.93,-0004.88,-0009.77,-0000.23,-0001.99,-0006.74
+1581210562.32,-0006.84,-0004.88,-0010.74,-0001.23,-0001.68,-0004.44
+1581210562.32,-0005.86,-0006.84,-0010.74,+0000.08,+0001.00,-0013.09
+1581210562.33,-0001.95,-0006.84,-0010.74,+0001.84,-0005.90,-0020.37
+1581210562.33,+0002.93,-0006.84,-0010.74,-0000.08,-0003.06,-0020.75
+1581210562.34,-0000.98,-0007.81,-0010.74,+0000.00,-0002.60,-0011.79
+1581210562.34,+0000.00,-0005.86,-0011.72,-0000.08,-0004.75,-0006.89
+1581210562.35,-0000.98,-0006.84,-0012.70,-0001.76,-0001.23,-0003.14
+1581210562.35,+0002.93,-0006.84,-0012.70,-0002.07,-0001.53,-0001.30
+1581210562.36,+0000.98,-0008.79,-0013.67,-0001.30,-0000.23,-0003.75
+1581210562.36,-0003.91,-0009.77,-0013.67,+0000.23,-0001.91,-0008.27
+1581210562.37,-0000.98,-0008.79,-0013.67,+0000.46,-0001.38,-0011.71
+1581210562.37,-0002.93,-0008.79,-0012.70,+0000.38,-0000.46,-0012.25
+1581210562.38,-0001.95,-0008.79,-0011.72,+0000.00,-0000.84,-0010.72
+1581210562.38,-0003.91,-0008.79,-0011.72,+0000.23,-0000.38,-0013.25
+1581210562.39,-0004.88,-0009.77,-0011.72,+0000.46,-0001.30,-0011.71
+1581210562.39,-0001.95,-0009.77,-0011.72,+0000.23,+0000.77,-0009.88
+1581210562.40,-0005.86,-0008.79,-0011.72,+0000.38,-0000.69,-0009.95
+1581210562.40,-0004.88,-0008.79,-0011.72,-0001.68,-0000.15,-0008.65
+1581210562.41,-0005.86,-0011.72,-0011.72,+0001.00,+0000.46,-0008.35
+1581210562.41,-0006.84,-0011.72,-0011.72,-0000.15,+0001.15,-0007.12
+1581210562.42,-0009.77,-0011.72,-0011.72,+0000.23,+0000.61,-0010.64
+1581210562.42,-0009.77,-0011.72,-0012.70,+0000.00,+0001.23,-0012.56
+1581210562.43,-0007.81,-0011.72,-0011.72,-0000.15,+0001.07,-0013.25
