+1581210940.15,+0001.95,+0002.93,+0000.00,-0003.14,+0000.38,-0010.87
+1581210940.16,+0002.93,+0000.00,-0001.95,+0000.15,+0000.00,-0005.51
+1581210940.16,+0000.00,+0003.91,-0001.95,-0003.37,+0001.00,-0009.80
+1581210940.17,-0006.84,-0002.93,-0003.91,-0006.66,-0002.07,-0011.33
+1581210940.17,+0000.98,-0004.88,-0005.86,-0003.22,+0000.92,-0012.63
+1581210940.18,+0002.93,-0005.86,-0006.84,-0000.77,-0000.46,-0012.02
+1581210940.18,-0005.86,-0006.84,-0007.81,-0004.13,-0001.23,-0010.18
+1581210940.19,-0005.86,-0011.72,-0009.77,-0001.76,-0001.45,-0014.24
+1581210940.19,+0001.95,-0012.70,-0010.74,-0002.22,+0000.23,-0009.57
+1581210940.20,-0004.88,-0014.65,-0012.70,-0002.37,-0000.08,-0011.79
+1581210940.20,-0008.79,-0015.62,-0013.67,-0003.06,-0001.99,-0010.26
+1581210940.21,-0000.98,-0018.55,-0015.62,-0003.29,+0001.07,-0008.50
+1581210940.21,-0002.93,-0021.48,-0016.60,+0000.00,-0004.52,-0008.88
+1581210940.22,-0000.98,-0021.48,-0016.60,-0004.29,-0003.52,-0003.90
+1581210940.22,+0000.00,-0024.41,-0018.55,-0001.61,+0003.60,-0010.49
+1581210940.23,-0002.93,-0025.39,-0018.55,+0000.84,-0003.37,-0009.26
+1581210940.23,+0004.88,-0025.39,-0018.55,-0001.00,+0001.00,-0014.93
+1581210940.24,+0001.95,-0029.30,-0017.58,-0001.45,-0002.68,-0014.09
+1581210940.24,+0005.86,-0027.34,-0017.58,-0003.60,+0001.23,-0014.32
+1581210940.25,+0003.91,-0030.27,-0016.60,+0001.68,-0001.30,-0015.16
+1581210940.25,+0003.91,-0029.30,-0015.62,+0000.23,-0005.05,-0008.42
+1581210940.26,+0008.79,-0031.25,-0013.67,+0000.23,+0000.92,-0012.63
+1581210940.26,+0005.86,-0030.27,-0011.72,+0001.61,+0000.00,-0007.27
+1581210940.27,+0002.93,-0029.30,-0009.77,+0001.76,-0001.07,-0006.74
+1581210940.27,+0002.93,-0030.27,-0007.81,+0000.46,-0000.54,-0003.90
+1581210940.28,+0001.95,-0029.30,-0004.88,+0005.74,+0001.23,-0002.68
+1581210940.28,-0010.74,-0027.34,-0002.93,+0004.06,+0000.61,-0002.53
+1581210940.29,-0005.86,-0026.37,+0000.00,+0004.36,-0001.07,-0004.67
+1581210940.29,-0006.84,-0027.34,+0001.95,+0003.83,+0004.21,-0008.88
+1581210940.30,-0018.55,-0023.44,+0004.88,+0001.76,+0001.45,-0013.93
+1581210940.30,-0013.67,-0023.44,+0006.84,+0002.45,+0001.07,-0018.07
+1581210940.31,-0009.77,-0022.46,+0008.79,+0001.45,-0000.23,-0014.62
+1581210940.31,-0006.84,-0019.53,+0009.77,+0001.30,+0002.45,-0012.40
+1581210940.32,-0011.72,-0019.53,+0009.77,+0000.54,+0000.31,-0015.31
+1581210940.32,-0008.79,-0018.55,+0010.74,+0000.08,+0000.54,-0012.25
+1581210940.33,+0001.95,-0014.65,+0011.72,+0002.37,-0003.90,-0008.96
+1581210940.33,-0003.91,-0012.70,+0013.67,+0001.45,+0000.15,-0006.81
+1581210940.34,-0007.81,-0009.77,+0015.62,+0002.30,-0001.38,-0008.58
+1581210940.34,-0002.93,-0009.77,+0017.58,+0004.36,-0002.37,-0009.49
+1581210940.35,+0000.00,-0006.84,+0019.53,+0001.45,+0001.84,-0009.19
+1581210940.35,-0002.93,-0002.93,+0021.48,+0000.31,-0001.76,-0014.85
+1581210940.36,-0001.95,-0001.95,+0022.46,+0004.36,-0001.53,-0015.47
+1581210940.36,+0003.91,+0000.00,+0023.44,+0001.53,-0002.76,-0014.39
+1581210940.37,+0003.91,+0002.93,+0024.41,-0000.54,-0003.29,-0013.93
+1581210940.37,+0005.86,+0003.91,+0025.39,+0001.53,-0001.53,-0011.48
+1581210940.38,+0007.81,+0002.93,+0025.39,-0001.30,-0002.14,-0010.26
+1581210940.38,+0006.84,+0005.86,+0024.41,-0001.30,+0000.92,-0008.65
+1581210940.39,+0006.84,+0007.81,+0023.44,-0001.07,+0001.15,-0005.51
+1581210940.39,+0003.91,+0005.86,+0022.46,+0000.00,+0000.69,-0008.35
+1581210940.40,+0000.98,+0005.86,+0021.48,-0001.00,-0000.08,-0006.89
+1581210940.40,+0001.95,+0005.86,+0020.51,-0003.45,+0001.38,-0007.50
+1581210940.41,+0000.00,+0004.88,+0018.55,-0001.00,-0000.08,-0011.03
+1581210940.41,-0003.91,+0005.86,+0015.62,-0004.06,+0001.76,-0012.71
+1581210940.42,+0000.98,+0002.93,+0013.67,-0005.51,-0000.46,-0008.35
+1581210940.42,+0001.95,+0000.00,+0008.79,-0005.97,+0005.97,-0016.84
+1581210940.43,-0002.93,-0000.98,+0004.88,-0007.66,-0008.50,-0006.05
+1581210940.43,+0021.48,-0003.91,+0001.95,-0001.53,-0001.45,-0006.81
+1581210940.44,+0005.86,-0005.86,-0001.95,-0006.28,-0001.53,-0010.57
+1581210940.44,-0002.93,-0006.84,-0003.91,-0000.54,-0002.68,-0013.93
+1581210940.45,+0012.70,-0008.79,-0005.86,-0004.75,-0003.22,-0016.77
+1581210940.45,+0013.67,-0008.79,-0005.86,+0001.76,+0002.68,-0013.63
+1581210940.46,+0000.98,-0005.86,-0005.86,-0002.53,+0001.15,-0017.30
+1581210940.46,-0001.95,-0008.79,-0006.84,-0000.92,-0002.83,-0011.71
+1581210940.47,+0011.72,-0009.77,-0006.84,-0001.84,-0000.69,-0006.28
+1581210940.47,+0007.81,-0008.79,-0007.81,-0004.44,+0002.53,-0005.21
+1581210940.48,-0004.88,-0008.79,-0009.77,-0004.82,-0002.68,-0005.90
+1581210940.48,+0001.95,-0014.65,-0010.74,+0000.92,-0002.91,-0007.81
+1581210940.49,+0005.86,-0011.72,-0009.77,+0000.31,+0000.38,-0009.95
+1581210940.49,+0002.93,-0009.77,-0009.77,-0001.00,-0001.68,-0009.34
+1581210940.50,+0000.98,-0012.70,-0008.79,-0000.15,-0002.30,-0017.38
+1581210940.50,+0000.00,-0011.72,-0007.81,+0002.14,-0001.38,-0017.99
+1581210940.51,+0010.74,-0009.77,-0005.86,+0000.61,+0000.69,-0014.47
+1581210940.51,+0007.81,-0008.79,-0003.91,+0002.14,-0002.99,-0012.02
+1581210940.52,+0000.00,-0007.81,-0001.95,+0001.91,-0000.84,-0010.26
+1581210940.52,+0007.81,-0005.86,-0000.98,+0002.53,-0001.68,-0005.59
+1581210940.53,+0009.77,-0003.91,+0001.95,+0003.83,+0000.31,-0003.83
+1581210940.53,+0003.91,-0002.93,+0003.91,+0001.68,-0001.84,-0003.45
+1581210940.54,+0003.91,-0001.95,+0007.81,+0003.52,+0000.08,-0007.58
+1581210940.54,+0001.95,-0000.98,+0010.74,+0004.36,+0002.45,-0013.32
+1581210940.55,+0000.00,+0002.93,+0012.70,+0003.45,-0002.45,-0013.78
+1581210940.55,+0004.88,+0002.93,+0015.62,+0003.37,+0001.07,-0016.54
+1581210940.56,+0003.91,+0004.88,+0017.58,+0002.76,+0000.61,-0015.16
+1581210940.56,+0001.95,+0006.84,+0020.51,+0005.21,-0000.15,-0014.01
+1581210940.57,+0000.98,+0008.79,+0021.48,+0002.45,-0002.76,-0010.87
+1581210940.57,+0001.95,+0009.77,+0023.44,+0006.28,-0000.23,-0010.57
+1581210940.58,+0000.98,+0011.72,+0026.37,+0006.20,+0002.14,-0006.51
+1581210940.58,-0005.86,+0014.65,+0027.34,+0002.07,-0002.45,-0007.43
+1581210940.59,-0005.86,+0014.65,+0029.30,+0003.60,+0002.91,-0010.49
+1581210940.59,-0003.91,+0015.62,+0030.27,+0001.91,+0003.75,-0011.33
+1581210940.60,-0003.91,+0015.62,+0031.25,+0003.45,+0001.68,-0011.79
+1581210940.60,-0006.84,+0016.60,+0032.23,+0001.38,+0001.00,-0013.86
+1581210940.61,-0003.91,+0016.60,+0032.23,+0002.07,-0001.84,-0011.10
+1581210940.61,-0001.95,+0018.55,+0032.23,+0004.13,-0004.29,-0008.35
+1581210940.62,+0000.98,+0018.55,+0032.23,-0000.61,+0000.08,-0015.93
+1581210940.62,+0010.74,+0017.58,+0031.25,-0000.46,-0006.74,-0019.37
+1581210940.63,+0010.74,+0020.51,+0032.23,+0002.30,-0001.00,-0016.38
+1581210940.63,+0010.74,+0023.44,+0031.25,-0000.08,-0005.82,-0009.19
+1581210940.64,+0017.58,+0022.46,+0030.27,-0000.38,-0000.08,-0008.96
+1581210940.64,+0011.72,+0021.48,+0029.30,-0000.92,-0002.60,+0000.00
+1581210940.65,+0012.70,+0022.46,+0028.32,+0000.54,-0002.76,+0002.99
+1581210940.65,-0001.95,+0020.51,+0027.34,-0000.31,-0000.23,-0003.14
+1581210940.66,+0001.95,+0020.51,+0026.37,+0000.92,-0000.38,-0005.05
+1581210940.66,+0000.98,+0018.55,+0024.41,-0002.45,+0005.21,-0008.80
+1581210940.67,-0008.79,+0016.60,+0022.46,-0003.22,+0000.84,-0006.43
+1581210940.67,-0010.74,+0014.65,+0019.53,-0005.44,+0003.37,-0010.49
+1581210940.68,-0013.67,+0010.74,+0015.62,-0004.98,+0002.60,-0009.34
+1581210940.68,-0013.67,+0009.77,+0010.74,-0005.51,+0000.15,-0008.12
+1581210940.69,-0020.51,+0005.86,+0006.84,-0006.97,+0001.99,-0013.55
+1581210940.69,-0015.62,+0002.93,+0002.93,-0005.28,-0000.92,-0013.40
+1581210940.70,-0009.77,-0000.98,-0001.95,-0003.90,-0002.14,-0013.63
+1581210940.70,-0015.62,-0002.93,-0005.86,-0005.28,+0001.99,-0010.64
+1581210940.71,-0013.67,-0003.91,-0008.79,-0005.05,-0003.98,-0012.40
+1581210940.71,-0009.77,-0006.84,-0011.72,-0003.45,-0001.15,-0010.80
+1581210940.72,-0004.88,-0006.84,-0013.67,-0003.60,+0000.08,-0006.81
+1581210940.72,-0003.91,-0007.81,-0014.65,-0003.06,-0003.22,-0006.35
+1581210940.73,-0003.91,-0008.79,-0016.60,-0002.37,-0001.53,-0007.66
+1581210940.73,+0000.00,-0008.79,-0016.60,-0001.84,-0000.77,-0009.88
+1581210940.74,+0002.93,-0007.81,-0015.62,-0001.76,-0001.45,-0012.56
+1581210940.74,+0001.95,-0007.81,-0014.65,+0002.14,-0003.45,-0014.39
+1581210940.75,+0005.86,-0006.84,-0013.67,-0002.30,-0000.69,-0012.86
+1581210940.75,+0005.86,-0005.86,-0012.70,+0001.00,-0000.77,-0013.48
+1581210940.76,-0000.98,-0003.91,-0011.72,+0001.84,-0006.89,-0015.16
+1581210940.76,+0022.46,-0005.86,-0009.77,+0002.60,-0000.54,+0025.42
+1581210940.77,-0013.67,-0000.98,-0011.72,+0003.52,+0017.92,-0036.06
+1581210940.77,-0034.18,-0007.81,-0008.79,+0023.43,+0003.83,-0020.52
+1581210940.78,+0007.81,+0006.84,-0003.91,-0016.46,-0008.12,-0004.36
+1581210940.78,+0000.00,-0009.77,-0002.93,+0011.56,+0017.69,-0004.13
+1581210940.79,-0028.32,+0003.91,-0000.98,-0002.22,-0001.68,-0004.82
+1581210940.79,-0015.62,+0000.00,+0000.00,-0003.37,+0001.84,-0012.48
+1581210940.80,-0000.98,-0003.91,-0000.98,-0001.00,+0000.15,-0002.83
+1581210940.80,-0006.84,-0000.98,-0001.95,+0000.31,-0000.31,-0006.05
+1581210940.81,-0013.67,+0000.98,-0000.98,-0003.68,-0002.76,-0008.80
+1581210940.81,-0004.88,-0003.91,-0000.98,+0001.76,-0000.77,-0010.95
+1581210940.82,-0001.95,+0000.98,+0000.00,-0000.31,-0000.15,-0012.02
+1581210940.82,-0001.95,+0002.93,+0001.95,-0000.84,-0001.38,-0010.49
+1581210940.83,+0000.98,+0000.98,+0002.93,+0000.31,-0000.15,-0011.94
+1581210940.83,-0000.98,+0003.91,+0003.91,+0001.23,+0000.61,-0011.25
+1581210940.84,-0005.86,+0006.84,+0004.88,+0000.46,+0000.00,-0014.47
+1581210940.84,-0003.91,+0006.84,+0005.86,+0000.61,+0001.15,-0015.39
+1581210940.85,-0000.98,+0007.81,+0006.84,+0000.92,-0000.23,-0012.71
+1581210940.85,-0000.98,+0007.81,+0006.84,-0000.84,-0001.68,-0006.97
+1581210940.86,-0004.88,+0008.79,+0006.84,+0000.00,+0004.06,-0012.17
+1581210940.86,-0005.86,+0009.77,+0007.81,+0001.91,-0001.84,-0010.34
+1581210940.87,+0002.93,+0011.72,+0006.84,-0000.38,+0000.15,-0009.65
+1581210940.87,+0000.98,+0009.77,+0007.81,-0001.23,-0000.31,-0006.97
+1581210940.88,-0001.95,+0012.70,+0006.84,-0001.84,-0001.23,-0012.02
+1581210940.88,-0001.95,+0010.74,+0007.81,+0004.44,-0001.99,-0011.94
+1581210940.89,+0001.95,+0013.67,+0007.81,-0003.45,+0002.99,-0013.70
+1581210940.89,+0000.98,+0014.65,+0006.84,+0003.06,-0003.52,-0014.47
+1581210940.90,+0004.88,+0013.67,+0007.81,+0000.92,+0005.05,-0010.95
+1581210940.90,+0002.93,+0013.67,+0006.84,-0003.45,+0000.08,-0009.57
+1581210940.91,+0003.91,+0014.65,+0006.84,+0001.91,-0005.36,-0009.49
+1581210940.91,+0009.77,+0013.67,+0005.86,-0002.07,-0002.60,-0007.73
+1581210940.92,+0005.86,+0013.67,+0005.86,-0002.07,-0000.92,-0004.59
+1581210940.92,+0004.88,+0014.65,+0004.88,-0001.23,-0000.69,-0006.35
+1581210940.93,+0004.88,+0013.67,+0004.88,-0002.07,-0001.68,-0004.98
+1581210940.93,+0005.86,+0013.67,+0004.88,+0000.38,-0001.00,-0007.81
+1581210940.94,+0005.86,+0012.70,+0005.86,-0000.15,-0000.77,-0009.34
+1581210940.94,+0002.93,+0012.70,+0005.86,-0000.08,+0002.53,-0012.86
+1581210940.95,+0000.98,+0012.70,+0005.86,-0000.31,-0003.06,-0013.09
+1581210940.95,+0004.88,+0012.70,+0004.88,-0001.30,+0002.60,-0009.88
+1581210940.96,+0001.95,+0011.72,+0004.88,+0001.23,-0001.07,-0009.72
+1581210940.96,+0000.00,+0011.72,+0004.88,-0000.08,-0002.99,-0009.03
+1581210940.97,+0000.00,+0010.74,+0003.91,+0000.23,-0002.76,-0010.64
+1581210940.97,+0002.93,+0009.77,+0003.91,+0001.15,+0001.23,-0011.79
+1581210940.98,+0000.00,+0010.74,+0003.91,-0001.68,-0000.92,-0011.25
+1581210940.98,+0000.98,+0009.77,+0004.88,+0002.91,-0004.90,-0009.80
+1581210940.99,+0001.95,+0010.74,+0003.91,-0001.23,+0001.99,-0012.56
+1581210940.99,+0001.95,+0010.74,+0004.88,+0001.53,-0006.28,-0007.04
+1581210941.00,+0005.86,+0010.74,+0004.88,+0001.53,-0000.77,-0010.95
+1581210941.00,+0003.91,+0010.74,+0004.88,-0000.84,-0003.06,-0008.88
+1581210941.01,+0007.81,+0011.72,+0004.88,-0000.23,+0001.30,-0014.24
+1581210941.01,+0006.84,+0010.74,+0005.86,-0001.07,-0003.37,-0010.95
+1581210941.02,+0007.81,+0011.72,+0004.88,+0000.77,-0002.30,-0011.10
+1581210941.02,+0007.81,+0010.74,+0004.88,-0001.00,+0001.76,-0004.59
+1581210941.03,-0000.98,+0010.74,+0004.88,+0000.15,+0000.92,-0005.13
+1581210941.03,-0002.93,+0009.77,+0004.88,-0002.45,-0000.38,-0006.89
+1581210941.04,+0003.91,+0008.79,+0004.88,-0002.99,+0003.60,-0008.96
+1581210941.04,-0002.93,+0007.81,+0003.91,+0002.37,+0003.29,-0010.03
+1581210941.05,-0012.70,+0007.81,+0002.93,-0004.75,+0000.08,-0008.80
+1581210941.05,-0013.67,+0004.88,+0000.98,+0000.54,+0003.68,-0013.55
+1581210941.06,-0009.77,+0002.93,+0000.00,+0001.53,+0002.99,-0015.54
+1581210941.06,-0010.74,+0002.93,-0000.98,-0005.59,+0001.30,-0012.86
+1581210941.07,-0011.72,-0000.98,-0002.93,-0003.52,-0001.99,-0008.27
+1581210941.07,-0011.72,-0002.93,-0004.88,-0004.13,-0003.52,-0007.96
+1581210941.08,-0010.74,-0003.91,-0007.81,-0003.14,-0003.14,-0006.97
+1581210941.08,-0005.86,-0003.91,-0009.77,-0006.20,+0002.83,-0006.20
+1581210941.09,-0007.81,-0005.86,-0011.72,-0001.30,-0002.45,-0004.90
+1581210941.09,-0017.58,-0004.88,-0012.70,-0001.45,-0008.65,-0012.17
+1581210941.10,+0003.91,-0006.84,-0011.72,-0002.60,-0002.14,-0010.18
+1581210941.10,+0007.81,-0006.84,-0011.72,-0001.61,+0003.29,-0010.34
+1581210941.11,-0010.74,-0005.86,-0012.70,+0003.45,+0001.00,-0012.17
+1581210941.11,-0008.79,-0005.86,-0014.65,-0006.58,-0000.69,-0016.77
+1581210941.12,-0000.98,-0009.77,-0013.67,+0003.14,-0005.05,-0011.03
+1581210941.12,+0007.81,-0003.91,-0013.67,-0000.38,+0003.06,-0006.35
+1581210941.13,-0014.65,-0005.86,-0012.70,-0000.77,-0005.51,-0008.27
+1581210941.13,-0003.91,-0007.81,-0012.70,+0000.00,-0001.99,-0008.12
+1581210941.14,+0001.95,-0008.79,-0012.70,-0001.68,+0000.84,-0013.48
+1581210941.14,-0001.95,-0005.86,-0012.70,-0003.14,+0002.53,-0001.45
+1581210941.15,-0007.81,-0008.79,-0014.65,-0001.91,+0001.15,-0010.57
+1581210941.15,-0013.67,-0009.77,-0014.65,-0000.92,-0004.29,-0002.14
+1581210941.16,-0003.91,-0008.79,-0014.65,-0000.77,+0004.75,-0007.35
+1581210941.16,-0015.62,-0009.77,-0013.67,-0004.13,+0002.83,-0010.34
+1581210941.17,-0013.67,-0010.74,-0013.67,+0000.00,-0000.15,-0011.33
+1581210941.17,-0010.74,-0014.65,-0013.67,-0007.50,-0000.69,-0010.18
+1581210941.18,-0010.74,-0014.65,-0015.62,-0009.03,+0002.68,-0004.44
+1581210941.18,-0015.62,-0016.60,-0016.60,+0000.00,+0000.84,-0008.58
+1581210941.19,-0016.60,-0018.55,-0018.55,-0004.36,-0002.07,-0005.51
+1581210941.19,-0011.72,-0019.53,-0018.55,-0002.60,+0001.00,-0010.26
+1581210941.20,-0012.70,-0021.48,-0018.55,-0003.29,+0002.60,-0010.18
+1581210941.20,-0013.67,-0022.46,-0019.53,-0003.68,+0000.23,-0015.70
+1581210941.21,-0018.55,-0024.41,-0020.51,-0001.76,+0000.31,-0021.59
+1581210941.21,-0007.81,-0024.41,-0020.51,-0002.30,-0002.14,-0015.08
+1581210941.22,+0003.91,-0024.41,-0020.51,-0004.13,+0002.83,-0015.31
+1581210941.22,-0004.88,-0024.41,-0021.48,-0001.15,-0002.68,-0014.09
+1581210941.23,+0000.98,-0024.41,-0021.48,-0004.36,-0003.90,-0011.03
+1581210941.23,+0005.86,-0025.39,-0021.48,-0001.76,+0000.08,-0011.18
+1581210941.24,+0004.88,-0020.51,-0020.51,+0003.29,-0001.00,-0009.57
+1581210941.24,+0005.86,-0018.55,-0018.55,+0000.23,-0000.15,-0011.48
+1581210941.25,+0009.77,-0018.55,-0015.62,+0003.22,-0000.38,-0007.35
+1581210941.25,+0009.77,-0014.65,-0012.70,+0001.68,-0001.00,-0010.11
+1581210941.26,+0007.81,-0013.67,-0009.77,+0001.53,-0002.37,-0009.19
+1581210941.26,+0008.79,-0013.67,-0008.79,+0002.30,-0000.08,-0010.95
+1581210941.27,+0005.86,-0012.70,-0006.84,+0001.45,-0000.77,-0003.60
+1581210941.27,+0003.91,-0010.74,-0004.88,+0000.92,-0003.06,-0010.26
+1581210941.28,+0012.70,-0013.67,-0003.91,+0002.14,+0004.82,-0018.22
+1581210941.28,+0013.67,-0011.72,-0001.95,+0001.15,-0003.68,-0019.52
+1581210941.29,+0006.84,-0008.79,-0000.98,-0000.31,-0001.91,+0000.00
+1581210941.29,+0014.65,-0010.74,-0000.98,-0002.30,-0002.30,-0003.22
+1581210941.30,+0008.79,-0011.72,-0001.95,+0000.54,+0000.54,+0006.97
+1581210941.30,+0000.00,-0010.74,-0001.95,-0000.23,-0000.61,+0000.69
+1581210941.31,-0005.86,-0012.70,-0000.98,+0000.23,+0003.90,-0004.36
+1581210941.31,-0004.88,-0012.70,+0000.98,+0003.06,-0001.23,-0005.90
+1581210941.32,-0004.88,-0012.70,+0001.95,-0001.84,+0002.14,-0005.82
+1581210941.32,-0015.62,-0012.70,+0001.95,-0002.53,-0001.76,-0013.93
+1581210941.33,-0006.84,-0013.67,+0001.95,-0000.69,-0002.60,-0015.93
+1581210941.33,-0001.95,-0017.58,+0000.98,-0002.53,+0001.53,-0013.93
+1581210941.34,-0009.77,-0016.60,+0000.00,-0000.84,-0001.53,-0014.47
+1581210941.34,-0007.81,-0015.62,-0000.98,-0000.69,-0004.59,-0014.39
+1581210941.35,-0000.98,-0018.55,-0000.98,+0001.76,+0001.53,-0016.15
+1581210941.35,-0001.95,-0016.60,+0000.00,+0000.92,-0000.15,-0012.94
+1581210941.36,-0002.93,-0014.65,+0001.95,+0002.53,+0003.06,-0012.63
+1581210941.36,-0010.74,-0014.65,+0003.91,+0002.83,+0002.22,-0012.33
+1581210941.37,-0013.67,-0011.72,+0005.86,+0004.82,+0004.06,-0016.54
+1581210941.37,-0004.88,-0009.77,+0008.79,+0004.44,+0001.30,-0010.26
+1581210941.38,-0006.84,-0007.81,+0011.72,+0002.14,+0004.13,-0009.34
+1581210941.38,-0011.72,-0005.86,+0013.67,+0000.23,-0001.15,-0010.49
+1581210941.39,-0004.88,-0006.84,+0013.67,+0000.84,-0002.91,-0010.41
+1581210941.39,-0003.91,-0005.86,+0013.67,+0001.91,-0003.52,-0008.58
+1581210941.40,-0004.88,-0002.93,+0015.62,+0001.23,-0000.08,-0004.52
+1581210941.40,-0007.81,-0002.93,+0016.60,+0002.22,+0000.00,-0010.57
+1581210941.41,-0005.86,-0004.88,+0017.58,+0003.22,+0003.06,-0010.80
+1581210941.41,-0005.86,-0002.93,+0018.55,+0003.45,+0004.75,-0026.26
+1581210941.42,+0009.77,-0004.88,+0022.46,-0007.43,-0022.59,+0044.87
+1581210941.42,-0016.60,+0004.88,+0021.48,+0027.72,+0052.14,-0057.42
+1581210941.43,-0058.59,-0011.72,+0022.46,+0057.42,+0002.68,-0021.67
+1581210941.43,+0015.62,+0019.53,+0028.32,-0017.00,-0004.13,-0040.12
+1581210941.44,+0020.51,-0013.67,+0024.41,+0004.06,-0003.60,+0016.23
+1581210941.44,-0021.48,-0000.98,+0026.37,-0002.07,-0018.38,+0004.52
+1581210941.45,-0001.95,+0005.86,+0024.41,-0001.53,+0000.00,-0016.54
+1581210941.45,+0014.65,-0006.84,+0022.46,+0000.54,-0004.13,-0006.74
+1581210941.46,+0017.58,-0008.79,+0021.48,-0001.99,-0001.23,-0004.13
+1581210941.46,+0001.95,+0003.91,+0022.46,-0000.15,-0006.43,-0011.33
+1581210941.47,+0007.81,+0000.00,+0023.44,+0000.15,-0004.82,-0010.57
+1581210941.47,+0016.60,-0002.93,+0023.44,+0004.29,+0000.46,-0010.57
+1581210941.48,+0015.62,+0001.95,+0024.41,-0000.15,-0001.91,-0009.26
+1581210941.48,+0003.91,+0002.93,+0024.41,-0001.45,+0000.69,-0016.46
+1581210941.49,+0002.93,+0000.00,+0023.44,+0000.84,-0002.45,-0016.38
+1581210941.49,+0013.67,+0002.93,+0023.44,-0000.61,-0000.46,-0013.02
+1581210941.50,+0006.84,+0003.91,+0022.46,-0001.15,-0000.31,-0010.95
+1581210941.50,+0000.00,+0002.93,+0022.46,-0000.38,+0001.45,-0014.70
+1581210941.51,+0003.91,+0002.93,+0020.51,-0002.30,-0002.60,-0013.48
+1581210941.51,+0014.65,+0001.95,+0019.53,-0002.07,+0003.60,-0005.05
+1581210941.52,+0004.88,+0001.95,+0017.58,-0002.99,-0001.23,-0008.04
+1581210941.52,-0001.95,+0001.95,+0016.60,-0001.07,-0002.22,-0005.67
+1581210941.53,+0009.77,+0001.95,+0014.65,-0001.30,-0000.61,-0006.05
+1581210941.53,+0003.91,+0000.98,+0013.67,+0000.00,+0001.00,-0008.58
+1581210941.54,-0002.93,+0003.91,+0012.70,-0002.53,+0000.54,-0011.33
+1581210941.54,+0002.93,+0000.98,+0012.70,+0000.15,-0001.84,-0011.87
+1581210941.55,+0003.91,+0000.00,+0011.72,+0001.38,+0002.07,-0010.18
+1581210941.55,-0004.88,+0001.95,+0010.74,-0000.92,-0000.69,-0014.09
+1581210941.56,-0000.98,+0000.98,+0009.77,-0002.14,+0000.61,-0016.77
+1581210941.56,+0002.93,+0000.00,+0008.79,-0001.76,-0001.99,-0011.94
+1581210941.57,+0000.98,+0000.00,+0008.79,-0003.14,-0001.53,-0007.89
+1581210941.57,+0000.00,-0001.95,+0006.84,-0001.99,-0001.76,-0009.95
+1581210941.58,+0002.93,-0002.93,+0005.86,-0000.69,-0000.77,-0012.33
+1581210941.58,+0001.95,-0002.93,+0004.88,-0002.37,+0000.61,-0011.03
+1581210941.59,+0003.91,-0002.93,+0004.88,-0000.46,+0001.91,-0009.65
+1581210941.59,-0000.98,-0003.91,+0004.88,+0000.77,-0002.91,-0006.97
+1581210941.60,-0000.98,-0003.91,+0003.91,-0000.23,+0001.84,-0009.88
+1581210941.60,+0001.95,-0005.86,+0003.91,-0000.08,+0000.92,-0012.17
+1581210941.61,-0002.93,-0005.86,+0002.93,-0000.54,-0001.45,-0009.11
+1581210941.61,+0000.98,-0006.84,+0003.91,+0000.23,-0001.30,-0009.42
+1581210941.62,-0000.98,-0007.81,+0003.91,+0000.61,-0000.69,-0010.11
+1581210941.62,-0003.91,-0007.81,+0003.91,+0000.46,-0003.37,-0012.56
+1581210941.63,+0003.91,-0005.86,+0003.91,-0000.46,-0002.83,-0010.26
+1581210941.63,+0006.84,-0007.81,+0004.88,+0000.46,-0000.92,-0008.88
+1581210941.64,+0000.98,-0006.84,+0004.88,+0002.14,-0003.45,-0008.96
+1581210941.64,+0002.93,-0005.86,+0004.88,-0002.45,-0002.53,-0003.90
+1581210941.65,+0004.88,-0005.86,+0005.86,+0000.23,+0001.84,-0004.59
+1581210941.65,-0003.91,-0004.88,+0006.84,-0001.00,+0001.61,-0006.28
+1581210941.66,-0002.93,-0004.88,+0007.81,+0001.53,-0001.84,-0010.11
+1581210941.66,+0000.00,-0003.91,+0008.79,+0003.75,+0001.53,-0016.61
+1581210941.67,-0003.91,-0001.95,+0010.74,-0001.00,-0001.84,-0011.56
+1581210941.67,-0000.98,-0000.98,+0011.72,+0000.54,-0000.54,-0013.02
+1581210941.68,-0007.81,-0001.95,+0011.72,+0001.15,-0002.53,-0015.39
+1581210941.68,+0000.98,+0000.98,+0012.70,+0001.00,-0001.15,-0007.81
+1581210941.69,+0002.93,-0001.95,+0013.67,-0001.76,+0001.00,-0011.56
+1581210941.69,-0005.86,+0000.98,+0014.65,-0000.38,-0006.89,-0008.19
+1581210941.70,+0005.86,+0000.00,+0014.65,-0000.92,+0000.38,-0013.09
+1581210941.70,-0001.95,+0000.00,+0014.65,+0000.15,+0003.75,-0019.29
+1581210941.71,-0003.91,+0001.95,+0014.65,+0002.99,-0003.98,-0008.88
+1581210941.71,+0010.74,+0000.98,+0015.62,+0000.08,+0003.29,-0010.03
+1581210941.72,+0000.00,-0000.98,+0015.62,+0001.00,+0001.45,-0009.88
+1581210941.72,-0000.98,+0000.98,+0015.62,+0001.61,-0004.82,-0009.49
+1581210941.73,+0008.79,-0000.98,+0015.62,+0000.15,+0003.90,-0008.19
+1581210941.73,+0000.00,-0000.98,+0014.65,+0000.54,+0001.91,-0015.31
+1581210941.74,+0007.81,+0000.00,+0015.62,-0002.53,-0010.87,+0000.84
+1581210941.74,+0012.70,-0001.95,+0015.62,-0007.20,+0002.14,-0011.25
+1581210941.75,-0003.91,-0002.93,+0015.62,+0003.29,-0001.99,-0016.31
+1581210941.75,+0012.70,+0000.98,+0016.60,+0001.99,-0005.82,-0010.49
+1581210941.76,+0018.55,-0003.91,+0016.60,-0001.61,+0001.68,-0010.34
+1581210941.76,+0007.81,-0001.95,+0015.62,-0000.15,-0004.29,-0007.20
+1581210941.77,+0005.86,-0001.95,+0015.62,+0000.77,-0003.83,-0008.88
+1581210941.77,+0008.79,-0002.93,+0014.65,-0001.99,+0001.15,-0007.43
+1581210941.78,+0015.62,-0003.91,+0013.67,+0000.54,-0000.46,-0003.98
+1581210941.78,+0007.81,-0004.88,+0014.65,-0000.15,+0002.53,-0009.11
+1581210941.79,+0001.95,-0004.88,+0013.67,+0000.23,-0004.90,-0006.43
+1581210941.79,+0006.84,-0004.88,+0014.65,+0000.31,+0001.38,-0007.81
+1581210941.80,+0003.91,-0006.84,+0013.67,-0000.23,-0000.31,-0006.35
+1581210941.80,+0000.00,-0006.84,+0012.70,-0000.54,+0004.06,-0013.63
+1581210941.81,-0007.81,-0006.84,+0012.70,-0001.00,-0001.53,-0013.40
+1581210941.81,+0000.98,-0006.84,+0011.72,-0001.99,+0004.06,-0011.48
+1581210941.82,-0004.88,-0007.81,+0010.74,-0001.61,-0001.23,-0009.11
+1581210941.82,-0007.81,-0008.79,+0010.74,-0000.08,-0000.08,-0010.18
+1581210941.83,-0006.84,-0008.79,+0009.77,-0002.83,+0002.60,-0013.93
+1581210941.83,-0008.79,-0008.79,+0008.79,-0000.23,-0001.23,-0010.64
+1581210941.84,-0003.91,-0007.81,+0008.79,-0001.91,+0003.52,-0015.47
+1581210941.84,-0008.79,-0007.81,+0008.79,+0003.06,-0002.83,-0016.15
+1581210941.85,-0005.86,-0005.86,+0008.79,+0001.76,+0000.31,-0013.17
+1581210941.85,-0000.98,-0005.86,+0009.77,+0000.15,+0000.77,-0012.02
+1581210941.86,-0000.98,-0005.86,+0009.77,+0000.23,+0000.84,-0008.42
+1581210941.86,+0001.95,-0004.88,+0010.74,+0001.53,-0002.68,-0007.04
+1581210941.87,+0001.95,-0002.93,+0011.72,-0001.00,-0001.68,-0006.89
+1581210941.87,+0008.79,-0001.95,+0011.72,+0001.30,-0002.53,-0006.66
+1581210941.88,+0006.84,+0000.00,+0012.70,+0000.61,+0000.77,-0011.71
+1581210941.88,+0002.93,+0001.95,+0014.65,+0001.61,-0001.68,-0012.02
+1581210941.89,+0009.77,+0002.93,+0015.62,-0000.15,+0004.75,-0021.13
+1581210941.89,+0010.74,+0003.91,+0017.58,+0002.45,-0005.74,-0017.76
+1581210941.90,+0010.74,+0006.84,+0018.55,-0001.23,-0000.31,-0010.87
+1581210941.90,+0007.81,+0004.88,+0017.58,+0000.23,-0001.30,-0011.79
+1581210941.91,+0004.88,+0007.81,+0016.60,-0000.46,-0000.54,-0004.36
+1581210941.91,+0006.84,+0005.86,+0015.62,+0000.54,+0002.45,-0000.54
+1581210941.92,+0000.00,+0006.84,+0014.65,-0001.38,+0000.61,-0000.38
+1581210941.92,-0005.86,+0006.84,+0014.65,+0002.30,+0002.07,-0000.23
+1581210941.93,-0004.88,+0006.84,+0014.65,-0004.21,+0002.91,-0002.76
+1581210941.93,-0008.79,+0004.88,+0013.67,+0001.00,+0002.99,-0004.06
+1581210941.94,-0012.70,+0003.91,+0012.70,-0002.99,+0004.67,-0012.63
+1581210941.94,-0016.60,+0000.98,+0010.74,-0004.29,-0000.54,-0013.70
+1581210941.95,-0012.70,-0001.95,+0007.81,-0003.90,+0002.14,-0016.23
+1581210941.95,-0010.74,-0003.91,+0005.86,-0004.44,+0001.99,-0015.16
+1581210941.96,-0011.72,-0005.86,+0002.93,-0003.37,-0000.77,-0012.40
+1581210941.96,-0007.81,-0007.81,+0000.98,-0005.21,+0000.15,-0009.11
+1581210941.97,-0006.84,-0008.79,-0000.98,-0001.61,+0000.15,-0010.03
+1581210941.97,-0010.74,-0007.81,-0001.95,-0002.22,-0001.76,-0007.73
+1581210941.98,-0004.88,-0008.79,-0001.95,-0003.37,+0002.99,-0013.40
+1581210941.98,-0007.81,-0009.77,-0002.93,-0002.60,+0000.38,-0013.17
+1581210941.99,-0002.93,-0008.79,-0002.93,-0000.38,-0001.38,-0010.64
+1581210941.99,-0000.98,-0009.77,-0002.93,-0001.38,+0000.15,-0015.24
+1581210942.00,+0000.00,-0008.79,-0002.93,+0000.77,-0003.98,-0012.02
+1581210942.00,+0002.93,-0008.79,-0002.93,-0000.23,+0000.00,-0012.48
+1581210942.01,+0002.93,-0007.81,-0002.93,+0000.08,-0001.38,-0007.43
+1581210942.01,+0004.88,-0007.81,-0001.95,+0001.00,+0000.92,-0007.20
+1581210942.02,+0000.00,-0006.84,+0000.00,+0000.46,-0000.46,-0004.29
+1581210942.02,-0002.93,-0005.86,+0000.98,+0002.37,+0005.21,-0011.03
+1581210942.03,+0007.81,-0006.84,+0001.95,+0002.60,+0004.59,+0018.45
+1581210942.03,-0009.77,-0001.95,+0002.93,+0010.26,+0015.85,-0050.53
+1581210942.04,-0040.04,-0010.74,+0005.86,-0008.80,-0012.40,+0003.52
+1581210942.04,+0012.70,+0007.81,+0010.74,-0009.80,-0009.80,-0010.57
+1581210942.05,+0006.84,-0012.70,+0011.72,+0011.71,+0012.71,-0014.70
+1581210942.05,-0018.55,-0001.95,+0013.67,-0006.58,-0000.08,-0002.22
+1581210942.06,-0003.91,+0000.00,+0013.67,+0005.51,-0008.65,-0012.33
+1581210942.06,+0011.72,-0004.88,+0012.70,+0006.20,-0002.14,-0004.13
+1581210942.07,+0007.81,-0005.86,+0012.70,-0000.84,-0001.00,-0000.46
+1581210942.07,+0000.98,+0000.98,+0015.62,+0005.67,-0002.37,-0006.89
+1581210942.08,+0009.77,-0000.98,+0016.60,+0005.82,-0000.08,-0011.41
+1581210942.08,+0013.67,-0000.98,+0018.55,+0003.06,-0001.76,-0010.87
+1581210942.09,+0011.72,+0001.95,+0022.46,+0004.52,-0001.15,-0013.17
+1581210942.09,+0012.70,+0004.88,+0025.39,+0002.83,-0003.45,-0014.85
+1581210942.10,+0012.70,+0003.91,+0027.34,+0003.90,-0003.14,-0014.62
+1581210942.10,+0019.53,+0006.84,+0029.30,+0003.90,-0000.69,-0013.93
+1581210942.11,+0013.67,+0006.84,+0030.27,+0003.83,-0000.92,-0013.48
+1581210942.11,+0013.67,+0008.79,+0031.25,+0003.90,-0001.53,-0010.03
+1581210942.12,+0017.58,+0009.77,+0032.23,+0003.45,-0000.38,-0013.25
+1581210942.12,+0016.60,+0010.74,+0033.20,+0001.68,-0003.52,-0006.12
+1581210942.13,+0015.62,+0011.72,+0033.20,+0000.00,+0000.69,-0008.19
+1581210942.13,+0013.67,+0011.72,+0032.23,+0000.08,-0001.38,-0005.97
+1581210942.14,+0012.70,+0013.67,+0032.23,+0000.38,+0001.99,-0009.26
+1581210942.14,+0010.74,+0012.70,+0032.23,-0001.00,-0001.30,-0007.20
+1581210942.15,+0011.72,+0013.67,+0032.23,-0000.31,+0002.53,-0008.96
+1581210942.15,+0006.84,+0012.70,+0032.23,+0003.14,+0001.76,-0012.71
+1581210942.16,+0004.88,+0015.62,+0032.23,-0001.61,+0000.77,-0011.18
+1581210942.16,+0005.86,+0014.65,+0031.25,+0000.23,+0003.45,-0010.41
+1581210942.17,+0001.95,+0015.62,+0030.27,-0001.07,+0000.46,-0009.42
+1581210942.17,+0000.98,+0014.65,+0029.30,-0001.68,+0004.29,-0010.18
+1581210942.18,-0003.91,+0015.62,+0028.32,-0000.69,-0000.31,-0010.49
+1581210942.18,-0001.95,+0014.65,+0026.37,-0000.46,-0000.61,-0006.58
+1581210942.19,-0002.93,+0013.67,+0025.39,-0003.60,+0003.60,-0012.48
+1581210942.19,-0007.81,+0013.67,+0023.44,-0000.15,-0001.91,-0009.34
+1581210942.20,-0003.91,+0014.65,+0021.48,-0001.99,+0000.46,-0014.78
+1581210942.20,-0000.98,+0013.67,+0020.51,-0002.60,-0000.54,-0011.25
+1581210942.21,-0000.98,+0013.67,+0018.55,+0000.08,+0000.15,-0015.93
+1581210942.21,-0004.88,+0013.67,+0017.58,-0000.92,-0005.28,-0013.17
+1581210942.22,+0000.98,+0013.67,+0015.62,-0003.14,-0001.30,-0010.57
+1581210942.22,+0003.91,+0013.67,+0014.65,-0001.76,-0003.29,-0009.49
+1581210942.23,+0001.95,+0014.65,+0012.70,+0000.00,-0003.60,-0007.89
+1581210942.23,+0006.84,+0012.70,+0011.72,-0002.91,-0004.06,-0009.03
+1581210942.24,+0011.72,+0013.67,+0010.74,-0003.60,-0002.76,-0007.89
+1581210942.24,+0013.67,+0013.67,+0009.77,-0000.54,-0000.54,-0012.02
+1581210942.25,+0006.84,+0013.67,+0008.79,-0002.30,-0003.68,-0012.10
+1581210942.25,+0008.79,+0013.67,+0008.79,-0000.46,-0002.68,-0011.87
+1581210942.26,+0013.67,+0013.67,+0008.79,-0000.92,+0001.53,-0010.03
+1581210942.26,+0006.84,+0013.67,+0007.81,-0000.15,-0001.84,-0005.74
+1581210942.27,+0005.86,+0011.72,+0007.81,-0001.30,-0000.77,-0007.20
+1581210942.27,+0001.95,+0010.74,+0005.86,-0003.90,+0003.06,-0010.80
+1581210942.28,+0001.95,+0010.74,+0005.86,+0000.38,-0001.61,-0009.11
+1581210942.28,+0003.91,+0008.79,+0004.88,-0003.83,+0000.46,-0010.34
+1581210942.29,+0000.00,+0007.81,+0002.93,-0001.68,+0002.60,-0007.73
+1581210942.29,-0004.88,+0006.84,+0000.98,-0001.76,+0000.46,-0010.80
+1581210942.30,-0000.98,+0006.84,+0000.00,-0001.84,-0001.53,-0009.80
+1581210942.30,+0001.95,+0004.88,-0000.98,-0002.37,+0001.30,-0009.88
+1581210942.31,-0001.95,+0005.86,-0001.95,-0003.75,-0001.61,-0011.87
+1581210942.31,-0000.98,+0005.86,-0002.93,-0001.00,-0002.60,-0013.09
+1581210942.32,+0002.93,+0005.86,-0004.88,-0002.30,+0000.08,-0011.48
+1581210942.32,+0001.95,+0004.88,-0004.88,-0002.83,-0000.77,-0008.80
+1581210942.33,+0003.91,+0005.86,-0005.86,-0004.75,-0000.77,-0008.96
+1581210942.33,+0004.88,+0004.88,-0005.86,-0001.30,-0000.77,-0008.96
+1581210942.34,+0006.84,+0005.86,-0005.86,-0002.83,-0000.84,-0008.96
+1581210942.34,+0004.88,+0004.88,-0006.84,-0001.38,-0000.84,-0009.03
+1581210942.35,+0003.91,+0004.88,-0006.84,-0001.15,+0001.15,-0012.94
+1581210942.35,+0001.95,+0004.88,-0006.84,-0002.22,-0000.08,-0013.63
+1581210942.36,+0007.81,+0004.88,-0005.86,+0000.00,-0001.61,-0014.32
+1581210942.36,+0010.74,+0002.93,-0005.86,+0000.31,+0001.07,-0015.39
+1581210942.37,+0006.84,+0003.91,-0005.86,-0001.38,-0001.45,-0013.55
+1581210942.37,+0011.72,+0002.93,-0005.86,-0001.68,-0003.06,-0008.58
+1581210942.38,+0010.74,+0000.98,-0007.81,-0001.84,+0000.77,-0005.51
+1581210942.38,+0002.93,+0000.98,-0007.81,-0001.68,+0005.13,-0008.42
+1581210942.39,+0000.00,+0000.00,-0008.79,-0005.74,-0009.03,-0002.60
+1581210942.39,+0013.67,-0001.95,-0008.79,+0005.59,+0007.89,-0010.80
+1581210942.40,+0001.95,-0005.86,-0009.77,+0000.54,+0001.91,-0007.81
+1581210942.40,+0000.00,-0003.91,-0008.79,+0000.69,+0001.30,-0007.20
+1581210942.41,-0000.98,-0005.86,-0008.79,-0004.21,-0001.30,-0010.57
+1581210942.41,-0002.93,-0007.81,-0009.77,-0002.07,+0000.69,-0007.73
+1581210942.42,-0002.93,-0009.77,-0009.77,-0000.61,+0002.76,-0009.26
+1581210942.42,-0007.81,-0010.74,-0009.77,-0001.84,+0000.92,-0008.19
+1581210942.43,-0008.79,-0010.74,-0009.77,-0004.13,+0003.29,-0010.26
+1581210942.43,-0005.86,-0011.72,-0009.77,-0000.84,-0001.61,-0009.95
+1581210942.44,-0003.91,-0013.67,-0009.77,-0001.15,+0002.45,-0009.49
+1581210942.44,-0012.70,-0013.67,-0009.77,-0000.46,+0001.76,-0012.10
+1581210942.45,-0011.72,-0011.72,-0007.81,+0001.00,+0000.54,-0013.48
+1581210942.45,-0005.86,-0012.70,-0007.81,-0000.08,+0000.77,-0014.16
+1581210942.46,-0005.86,-0013.67,-0005.86,+0002.45,-0001.99,-0011.71
+1581210942.46,-0000.98,-0011.72,-0004.88,-0000.23,-0000.84,-0008.96
+1581210942.47,-0005.86,-0010.74,-0003.91,+0000.92,-0001.91,-0012.86
+1581210942.47,-0005.86,-0009.77,-0001.95,+0002.83,-0001.76,-0012.40
+1581210942.48,+0002.93,-0008.79,+0000.00,+0001.53,-0000.69,-0011.48
+1581210942.48,+0002.93,-0008.79,+0002.93,+0005.36,-0004.13,-0007.66
+1581210942.49,+0002.93,-0005.86,+0005.86,+0002.60,-0001.07,-0010.64
+1581210942.49,+0002.93,-0004.88,+0008.79,+0002.53,-0002.45,-0006.58
+1581210942.50,+0003.91,-0003.91,+0009.77,+0002.07,-0000.38,-0006.58
+1581210942.50,-0003.91,-0001.95,+0012.70,+0004.90,+0000.69,-0009.26
+1581210942.51,-0005.86,+0000.00,+0015.62,+0006.66,+0000.61,-0009.49
+1581210942.51,+0000.98,+0000.00,+0018.55,+0002.14,+0001.84,-0009.34
+1581210942.52,-0003.91,+0000.00,+0020.51,+0003.14,-0000.31,-0009.26
+1581210942.52,-0006.84,+0001.95,+0022.46,+0003.22,+0000.31,-0008.73
+1581210942.53,-0005.86,+0002.93,+0024.41,+0003.45,+0002.37,-0013.55
+1581210942.53,-0007.81,+0004.88,+0025.39,+0001.30,+0001.15,-0007.73
+1581210942.54,-0003.91,+0005.86,+0026.37,-0000.31,+0002.07,-0012.94
+1581210942.54,-0007.81,+0005.86,+0027.34,+0004.29,-0001.38,-0009.42
+1581210942.55,-0006.84,+0007.81,+0028.32,+0002.76,-0000.08,-0011.48
+1581210942.55,-0006.84,+0009.77,+0028.32,+0002.07,+0000.23,-0012.86
+1581210942.56,+0003.91,+0010.74,+0029.30,+0002.14,-0001.30,-0012.63
+1581210942.56,+0004.88,+0011.72,+0030.27,+0000.46,-0002.60,-0009.80
+1581210942.57,+0000.00,+0013.67,+0029.30,+0000.54,+0000.61,-0012.25
+1581210942.57,+0001.95,+0015.62,+0029.30,-0000.31,-0004.44,-0011.56
+1581210942.58,+0010.74,+0015.62,+0029.30,+0002.83,-0001.84,-0009.72
+1581210942.58,+0009.77,+0016.60,+0029.30,-0001.23,+0000.92,-0009.34
+1581210942.59,+0003.91,+0019.53,+0029.30,+0003.22,-0003.52,-0009.95
+1581210942.59,+0010.74,+0019.53,+0028.32,+0001.07,-0000.92,-0010.18
+1581210942.60,+0010.74,+0019.53,+0028.32,+0000.08,+0000.92,-0009.49
+1581210942.60,+0003.91,+0021.48,+0027.34,+0001.23,-0000.38,-0008.58
+1581210942.61,+0006.84,+0021.48,+0026.37,-0001.45,+0001.15,-0012.17
+1581210942.61,+0007.81,+0020.51,+0025.39,-0000.23,-0000.92,-0008.80
+1581210942.62,+0008.79,+0020.51,+0023.44,-0001.38,+0000.61,-0009.03
+1581210942.62,+0001.95,+0019.53,+0021.48,-0001.23,+0002.14,-0012.02
+1581210942.63,+0009.77,+0018.55,+0019.53,+0000.69,+0001.23,-0020.44
+1581210942.63,+0014.65,+0018.55,+0018.55,-0003.14,-0005.36,-0017.07
+1581210942.64,+0007.81,+0017.58,+0016.60,-0003.29,+0002.53,-0009.11
+1581210942.64,+0006.84,+0017.58,+0013.67,-0003.90,-0003.98,-0003.06
+1581210942.65,+0009.77,+0014.65,+0009.77,-0004.67,+0000.92,+0001.91
+1581210942.65,+0003.91,+0012.70,+0006.84,-0003.75,+0002.37,+0004.29
+1581210942.65,+0001.95,+0011.72,+0004.88,-0003.90,-0000.92,+0002.68
+1581210942.66,-0002.93,+0008.79,+0002.93,-0002.45,+0000.08,-0006.51
+1581210942.66,-0000.98,+0005.86,+0000.00,-0002.91,+0000.92,-0009.26
+1581210942.67,-0006.84,+0003.91,-0001.95,-0004.13,+0002.22,-0012.71
+1581210942.67,-0012.70,+0001.95,-0004.88,-0003.52,+0000.15,-0022.43
+1581210942.68,-0010.74,+0000.98,-0005.86,-0003.22,+0001.45,-0020.90
+1581210942.68,-0007.81,-0001.95,-0007.81,-0001.76,-0001.53,-0012.33
+1581210942.69,-0010.74,-0001.95,-0009.77,-0002.45,+0002.83,-0012.56
+1581210942.69,-0016.60,-0003.91,-0010.74,-0004.75,+0000.46,-0008.19
+1581210942.70,-0007.81,-0003.91,-0012.70,-0002.68,+0000.61,-0006.81
+1581210942.70,-0008.79,-0006.84,-0014.65,-0003.14,+0000.84,-0008.12
+1581210942.71,-0011.72,-0005.86,-0015.62,-0003.83,-0003.14,-0008.50
+1581210942.71,-0005.86,-0006.84,-0015.62,-0001.84,-0000.15,-0012.48
+1581210942.72,-0002.93,-0006.84,-0015.62,-0001.45,-0001.15,-0010.72
+1581210942.72,-0002.93,-0005.86,-0013.67,+0001.07,-0001.00,-0010.18
+1581210942.73,-0001.95,-0006.84,-0012.70,+0000.92,-0001.99,-0012.40
+1581210942.73,+0002.93,-0006.84,-0012.70,+0000.46,-0001.07,-0015.16
+1581210942.74,+0005.86,-0006.84,-0010.74,+0000.77,-0003.98,-0014.16
+1581210942.74,+0009.77,-0005.86,-0008.79,+0001.30,-0001.23,-0006.97
+1581210942.75,+0003.91,-0006.84,-0007.81,+0000.77,-0002.83,-0005.82
+1581210942.75,+0001.95,-0006.84,-0007.81,+0001.53,-0002.30,-0004.44
+1581210942.76,+0001.95,-0005.86,-0005.86,+0001.45,+0003.90,-0010.03
+1581210942.76,+0009.77,-0009.77,-0003.91,+0009.80,+0032.08,-0016.92
+1581210942.77,-0039.06,-0002.93,-0004.88,-0016.84,-0001.45,-0031.54
+1581210942.77,-0025.39,-0011.72,-0000.98,+0019.68,-0008.42,-0001.15
+1581210942.78,+0017.58,+0007.81,+0002.93,-0015.62,-0009.88,+0005.97
+1581210942.78,+0000.00,-0022.46,+0000.98,+0008.19,+0012.79,-0006.51
+1581210942.79,-0024.41,-0006.84,+0000.98,-0000.84,-0007.66,+0001.45
+1581210942.79,-0005.86,-0001.95,+0000.98,+0004.52,+0000.00,-0012.79
+1581210942.80,+0003.91,-0011.72,+0000.00,-0000.92,+0001.00,-0000.77
+1581210942.80,+0000.98,-0012.70,+0000.98,-0000.38,+0000.54,-0003.22
+1581210942.81,-0010.74,-0003.91,+0002.93,+0003.90,-0003.37,-0012.94
+1581210942.81,-0000.98,-0006.84,+0003.91,+0001.53,-0002.22,-0016.84
+1581210942.82,+0010.74,-0009.77,+0002.93,-0000.69,-0001.15,-0009.49
+1581210942.82,+0001.95,-0005.86,+0002.93,+0002.22,+0002.53,-0021.21
+1581210942.83,-0004.88,-0004.88,+0003.91,-0002.45,-0003.06,-0012.48
+1581210942.83,+0001.95,-0003.91,+0004.88,+0000.69,-0003.90,-0009.34
+1581210942.84,+0011.72,-0003.91,+0005.86,+0004.13,+0001.53,-0009.42
+1581210942.84,+0002.93,-0001.95,+0005.86,-0002.14,-0002.22,-0002.76
+1581210942.85,-0001.95,-0001.95,+0006.84,-0000.77,-0004.52,-0007.27
+1581210942.85,+0004.88,-0001.95,+0006.84,+0000.69,-0001.15,-0007.58
+1581210942.86,+0009.77,-0000.98,+0006.84,+0001.38,+0001.99,-0013.17
+1581210942.86,+0001.95,-0000.98,+0006.84,-0004.98,-0000.61,-0007.96
+1581210942.87,+0004.88,+0001.95,+0007.81,-0002.83,-0004.29,-0002.99
+1581210942.87,+0008.79,-0001.95,+0006.84,+0000.77,+0003.90,-0006.81
+1581210942.88,-0005.86,+0000.00,+0005.86,-0001.91,+0004.13,-0008.42
+1581210942.88,-0008.79,+0001.95,+0005.86,+0002.53,-0002.14,-0014.01
+1581210942.89,+0003.91,+0000.98,+0005.86,-0002.14,+0001.30,-0011.41
+1581210942.89,+0000.98,-0001.95,+0006.84,+0003.29,+0002.45,-0007.20
+1581210942.90,-0006.84,-0000.98,+0005.86,-0001.15,+0000.31,-0008.96
+1581210942.90,-0001.95,-0002.93,+0005.86,+0000.08,+0001.45,-0011.25
+1581210942.91,-0005.86,-0002.93,+0003.91,-0003.06,-0001.38,-0009.57
+1581210942.91,-0005.86,-0002.93,+0002.93,-0000.23,+0000.00,-0008.42
+1581210942.92,-0005.86,-0004.88,+0001.95,-0005.74,+0001.07,-0010.49
+1581210942.92,-0002.93,-0004.88,+0000.98,+0000.84,+0001.61,-0013.40
+1581210942.93,-0006.84,-0004.88,+0000.98,-0004.21,-0001.91,-0011.64
+1581210942.93,+0000.00,-0005.86,+0000.98,+0000.46,-0003.52,-0005.21
+1581210942.94,-0005.86,-0006.84,-0000.98,-0002.37,-0005.36,-0008.50
+1581210942.94,-0003.91,-0006.84,-0000.98,+0000.31,-0001.53,-0006.20
+1581210942.95,-0002.93,-0006.84,-0002.93,-0003.98,+0003.83,-0011.03
+1581210942.95,-0010.74,-0008.79,-0002.93,-0001.91,-0003.45,-0008.35
+1581210942.96,+0004.88,-0007.81,-0002.93,-0003.52,+0003.98,-0014.39
+1581210942.96,-0007.81,-0011.72,-0001.95,+0000.46,+0000.31,-0015.93
+1581210942.97,-0002.93,-0005.86,-0001.95,+0002.22,-0002.45,-0020.90
+1581210942.97,+0006.84,-0008.79,-0002.93,-0000.38,-0006.05,-0015.93
+1581210942.98,+0010.74,-0008.79,-0003.91,-0001.15,+0002.76,-0012.40
+1581210942.98,+0002.93,-0006.84,-0002.93,-0001.45,-0005.74,-0009.72
+1581210942.99,+0007.81,-0006.84,-0002.93,-0002.53,-0002.91,-0001.61
+1581210942.99,+0008.79,-0007.81,-0003.91,-0002.37,-0006.89,+0004.75
+1581210943.00,+0010.74,-0009.77,-0002.93,+0000.38,+0006.05,+0002.30
+1581210943.00,-0005.86,-0008.79,-0001.95,-0000.23,+0002.22,-0003.98
+1581210943.01,-0004.88,-0007.81,+0000.98,+0004.82,-0002.53,-0010.64
+1581210943.01,+0012.70,-0006.84,+0001.95,-0002.91,+0006.20,-0008.73
+1581210943.02,-0005.86,-0008.79,+0002.93,+0003.22,+0005.36,-0018.83
+1581210943.02,-0009.77,-0005.86,+0005.86,+0000.84,-0006.35,-0010.41
+1581210943.03,+0004.88,-0006.84,+0005.86,-0001.99,+0004.44,-0014.78
+1581210943.03,-0007.81,-0006.84,+0004.88,-0000.46,-0001.07,-0009.88
+1581210943.04,-0000.98,-0003.91,+0005.86,+0000.77,-0002.83,-0005.51
+1581210943.04,-0005.86,-0005.86,+0005.86,+0001.45,+0000.92,-0010.03
+1581210943.05,-0011.72,-0003.91,+0005.86,+0003.83,-0000.15,-0007.27
+1581210943.05,-0005.86,-0001.95,+0006.84,-0002.37,-0000.69,-0011.64
+1581210943.06,-0003.91,-0002.93,+0007.81,+0001.91,-0001.00,-0009.80
+1581210943.06,-0001.95,+0000.00,+0009.77,+0001.23,-0002.76,-0008.58
+1581210943.07,-0005.86,+0000.00,+0009.77,+0002.83,+0000.61,-0016.08
+1581210943.07,-0003.91,+0002.93,+0010.74,-0000.38,-0007.04,-0008.35
+1581210943.08,+0005.86,+0003.91,+0011.72,-0000.77,-0002.45,-0011.94
+1581210943.08,+0005.86,+0004.88,+0012.70,+0000.92,-0000.77,-0015.24
+1581210943.09,+0005.86,+0006.84,+0013.67,+0001.45,-0005.44,-0010.95
+1581210943.09,+0016.60,+0005.86,+0014.65,+0000.54,-0007.73,-0009.95
+1581210943.10,+0019.53,+0005.86,+0015.62,+0000.92,+0001.68,-0010.57
+1581210943.10,+0000.98,+0008.79,+0015.62,-0000.38,-0007.04,-0010.03
+1581210943.11,+0018.55,+0008.79,+0016.60,+0003.90,-0000.77,+0003.06
+1581210943.11,-0009.77,+0009.77,+0016.60,+0002.53,-0003.45,-0001.15
+1581210943.12,+0000.00,+0011.72,+0017.58,+0005.90,+0004.98,-0019.52
+1581210943.12,+0004.88,+0009.77,+0018.55,-0009.26,+0002.22,-0017.23
+1581210943.13,+0002.93,+0006.84,+0019.53,+0010.72,-0000.31,-0006.43
+1581210943.13,-0000.98,+0012.70,+0019.53,-0000.08,+0001.68,-0009.49
+1581210943.14,-0003.91,+0008.79,+0018.55,+0000.00,-0005.05,-0006.43
+1581210943.14,+0006.84,+0007.81,+0016.60,-0001.76,+0002.14,-0003.98
+1581210943.15,-0002.93,+0008.79,+0015.62,-0001.76,-0003.45,-0006.97
+1581210943.15,-0006.84,+0008.79,+0014.65,-0001.84,+0003.75,-0012.94
+1581210943.16,-0003.91,+0006.84,+0013.67,-0001.68,+0000.77,-0017.23
+1581210943.16,+0007.81,+0005.86,+0013.67,-0002.83,-0006.35,-0008.80
+1581210943.17,+0001.95,+0006.84,+0012.70,-0002.91,-0004.67,-0012.40
+1581210943.17,-0001.95,+0004.88,+0012.70,+0000.69,-0002.68,-0006.05
+1581210943.18,+0008.79,+0006.84,+0010.74,-0001.23,-0001.84,-0012.25
+1581210943.18,+0002.93,+0002.93,+0008.79,+0001.99,-0004.67,-0002.91
+1581210943.19,+0011.72,+0006.84,+0008.79,-0005.36,+0002.68,-0011.71
+1581210943.19,+0003.91,+0002.93,+0006.84,-0001.07,-0003.83,-0011.41
+1581210943.20,+0008.79,+0003.91,+0006.84,-0001.84,-0003.52,-0007.27
+1581210943.20,+0010.74,+0001.95,+0005.86,-0000.92,-0002.76,-0015.01
+1581210943.21,+0008.79,+0002.93,+0005.86,+0000.92,-0001.99,-0011.56
+1581210943.21,+0012.70,+0002.93,+0005.86,-0002.60,-0001.91,-0014.47
+1581210943.22,+0010.74,+0000.00,+0005.86,-0000.92,-0000.61,-0011.33
+1581210943.22,+0010.74,+0001.95,+0003.91,-0003.06,-0001.45,-0007.58
+1581210943.23,+0010.74,+0000.98,+0002.93,+0001.53,+0001.15,-0007.73
+1581210943.23,+0005.86,+0000.00,+0002.93,-0001.23,-0000.46,-0004.21
+1581210943.24,+0007.81,+0000.00,+0003.91,+0000.15,-0000.92,-0003.14
+1581210943.24,+0005.86,-0000.98,+0003.91,-0000.69,+0002.76,-0010.64
+1581210943.25,+0003.91,-0000.98,+0003.91,+0001.07,-0003.06,-0007.12
+1581210943.25,+0004.88,-0001.95,+0003.91,-0001.61,+0003.14,-0013.09
+1581210943.26,+0002.93,-0001.95,+0003.91,-0000.84,-0001.53,-0008.96
+1581210943.26,+0000.00,-0002.93,+0003.91,-0000.15,+0002.45,-0014.93
+1581210943.27,-0004.88,-0002.93,+0002.93,-0003.14,+0000.77,-0013.40
+1581210943.27,+0000.00,-0000.98,+0001.95,-0002.60,+0002.91,-0012.56
+1581210943.28,-0000.98,-0002.93,+0001.95,+0000.92,-0001.76,-0006.97
+1581210943.28,+0001.95,-0002.93,+0002.93,-0001.07,+0000.31,-0004.90
+1581210943.29,-0005.86,-0002.93,+0001.95,-0000.84,+0003.52,-0012.56
+1581210943.29,-0007.81,-0000.98,+0001.95,+0001.30,-0000.23,-0013.63
+1581210943.30,+0000.98,+0000.00,+0000.98,-0003.45,-0001.38,-0009.42
+1581210943.30,+0000.98,-0002.93,+0000.98,+0003.06,+0000.77,-0006.51
+1581210943.31,-0003.91,-0001.95,+0000.98,-0001.91,+0001.38,-0029.55
+1581210943.31,+0008.79,-0003.91,+0000.98,+0001.61,-0008.04,-0026.57
+1581210943.32,+0012.70,-0001.95,+0000.00,-0004.52,-0000.23,-0020.44
+1581210943.32,+0007.81,+0001.95,+0000.00,+0002.60,-0002.37,-0006.05
+1581210943.33,+0010.74,+0000.98,+0000.00,-0000.61,+0000.69,-0003.68
+1581210943.33,+0010.74,-0000.98,+0000.00,+0000.00,-0002.22,+0006.51
+1581210943.34,+0011.72,+0000.00,+0000.00,+0000.84,-0001.23,+0000.31
+1581210943.34,+0000.98,-0000.98,+0000.00,+0003.98,+0001.68,-0007.12
+1581210943.35,-0000.98,+0000.98,+0000.98,+0001.07,-0004.36,-0008.19
+1581210943.35,+0007.81,+0000.00,+0001.95,+0000.77,+0001.38,-0003.14
+1581210943.36,-0006.84,+0000.98,+0001.95,-0000.08,+0007.96,-0013.63
+1581210943.36,-0007.81,+0000.98,+0002.93,+0001.76,+0001.15,-0011.03
+1581210943.37,+0000.98,+0000.00,+0000.98,-0006.05,+0003.98,-0010.64
+1581210943.37,-0008.79,-0002.93,+0000.00,-0000.23,+0001.99,-0012.10
+1581210943.38,-0007.81,-0000.98,-0000.98,-0003.22,-0000.61,-0009.19
+1581210943.38,-0005.86,-0003.91,-0001.95,-0000.77,+0002.07,-0011.94
+1581210943.39,-0010.74,-0003.91,-0003.91,-0003.60,+0000.00,-0003.22
+1581210943.39,-0015.62,-0003.91,-0004.88,-0001.68,+0003.37,-0011.56
+1581210943.40,-0012.70,-0006.84,-0006.84,-0003.06,+0001.91,-0013.02
+1581210943.40,-0008.79,-0007.81,-0007.81,-0003.37,-0000.54,-0011.56
+1581210943.41,-0010.74,-0008.79,-0009.77,-0003.68,+0001.53,-0014.85
+1581210943.41,-0008.79,-0006.84,-0010.74,-0003.29,-0001.23,-0013.32
+1581210943.42,-0000.98,-0009.77,-0012.70,+0000.54,-0002.53,-0013.02
+1581210943.42,+0002.93,-0009.77,-0012.70,-0003.60,-0003.06,-0001.07
+1581210943.43,-0007.81,-0007.81,-0013.67,+0002.37,+0006.66,-0019.60
+1581210943.43,-0005.86,-0008.79,-0012.70,+0005.28,-0001.15,-0015.54
+1581210943.44,+0009.77,-0007.81,-0012.70,-0005.44,+0001.99,-0010.80
+1581210943.44,-0000.98,-0007.81,-0011.72,+0003.06,+0004.44,-0022.36
+1581210943.45,+0021.48,-0009.77,-0009.77,+0020.98,+0042.03,-0072.20
+1581210943.45,-0060.55,-0004.88,-0012.70,-0044.87,-0021.59,-0001.38
+1581210943.46,-0012.70,-0005.86,-0007.81,+0051.91,+0007.81,-0031.16
+1581210943.46,+0027.34,+0003.91,-0005.86,-0022.82,-0011.56,-0023.89
+1581210943.47,+0008.79,-0014.65,-0002.93,-0012.17,+0002.76,+0011.03
+1581210943.47,-0015.62,+0003.91,-0000.98,+0004.90,-0009.49,-0000.38
+1581210943.48,-0003.91,+0002.93,-0000.98,-0000.23,+0000.00,-0007.89
+1581210943.48,+0009.77,-0004.88,-0001.95,+0000.84,-0000.15,+0005.51
+1581210943.49,+0006.84,+0000.00,+0000.98,+0003.90,+0010.03,-0007.50
+1581210943.49,-0019.53,+0004.88,+0003.91,+0002.45,-0008.19,-0008.73
+1581210943.50,+0000.98,+0004.88,+0006.84,+0003.22,-0001.07,-0014.55
+1581210943.50,+0007.81,+0003.91,+0009.77,+0005.74,+0000.54,-0017.30
+1581210943.51,+0002.93,+0006.84,+0011.72,+0005.74,-0001.84,-0013.25
+1581210943.51,+0000.00,+0008.79,+0013.67,-0002.14,+0000.23,-0017.53
+1581210943.52,-0002.93,+0007.81,+0014.65,+0000.77,-0001.99,-0014.78
+1581210943.52,+0005.86,+0010.74,+0016.60,+0002.07,-0001.68,-0009.80
+1581210943.53,+0008.79,+0011.72,+0016.60,-0000.31,+0001.38,-0009.72
+1581210943.53,+0001.95,+0010.74,+0017.58,+0003.22,+0001.00,-0005.59
+1581210943.54,+0001.95,+0011.72,+0017.58,-0000.38,+0000.69,-0008.88
+1581210943.54,+0000.98,+0012.70,+0017.58,+0000.38,+0000.84,-0009.95
+1581210943.55,+0008.79,+0013.67,+0017.58,+0000.15,-0003.75,-0005.74
+1581210943.55,+0005.86,+0013.67,+0017.58,-0001.61,-0000.92,-0014.01
+1581210943.56,+0000.00,+0014.65,+0018.55,+0004.59,-0002.76,-0014.85
+1581210943.56,+0004.88,+0016.60,+0019.53,-0000.46,+0001.15,-0018.53
+1581210943.57,+0010.74,+0015.62,+0019.53,+0000.08,-0002.91,-0014.16
+1581210943.57,+0009.77,+0017.58,+0019.53,-0001.30,-0001.45,-0016.15
+1581210943.58,+0007.81,+0016.60,+0018.55,-0000.69,-0004.29,-0007.73
+1581210943.58,+0009.77,+0016.60,+0016.60,-0000.69,+0004.44,-0012.10
+1581210943.59,+0005.86,+0015.62,+0015.62,+0002.07,+0000.46,-0008.19
+1581210943.59,+0006.84,+0017.58,+0014.65,-0005.28,+0000.84,-0003.14
+1581210943.60,+0006.84,+0014.65,+0013.67,+0001.76,-0000.46,-0004.75
+1581210943.60,+0003.91,+0016.60,+0012.70,-0002.60,+0000.77,-0006.05
+1581210943.61,+0002.93,+0014.65,+0012.70,+0002.22,-0004.13,-0006.89
+1581210943.61,+0006.84,+0014.65,+0011.72,-0004.44,+0001.61,-0010.87
+1581210943.62,+0001.95,+0014.65,+0009.77,-0000.15,+0000.92,-0006.43
+1581210943.62,+0000.00,+0014.65,+0008.79,-0003.52,-0000.23,-0006.51
+1581210943.63,+0000.00,+0011.72,+0005.86,-0001.91,-0000.08,-0008.42
+1581210943.63,+0001.95,+0011.72,+0004.88,-0002.07,+0002.91,-0006.05
+1581210943.64,-0006.84,+0010.74,+0002.93,-0001.07,-0001.53,-0008.19
+1581210943.64,-0000.98,+0007.81,+0001.95,-0001.76,+0006.81,-0023.58
+1581210943.65,-0001.95,+0006.84,+0000.00,-0002.37,-0004.29,-0025.50
+1581210943.65,-0002.93,+0007.81,-0001.95,+0000.38,-0000.15,-0019.52
+1581210943.66,+0005.86,+0008.79,-0002.93,-0006.05,-0002.37,-0015.39
+1581210943.66,+0003.91,+0005.86,-0004.88,-0003.45,-0000.61,-0009.42
+1581210943.67,+0004.88,+0006.84,-0006.84,-0000.77,-0004.98,-0001.91
+1581210943.67,+0006.84,+0004.88,-0007.81,-0002.76,+0001.07,-0008.12
+1581210943.68,+0002.93,+0004.88,-0008.79,+0000.00,-0000.84,-0009.34
+1581210943.68,+0003.91,+0005.86,-0008.79,-0000.46,-0002.30,-0006.58
+1581210943.69,+0004.88,+0005.86,-0008.79,+0001.45,+0001.07,-0014.85
+1581210943.69,+0012.70,+0004.88,-0006.84,-0000.92,-0003.22,-0003.98
+1581210943.70,+0001.95,+0006.84,-0005.86,-0001.53,-0003.75,-0010.26
+1581210943.70,+0003.91,+0007.81,-0004.88,+0003.14,-0002.76,-0009.11
+1581210943.71,+0009.77,+0007.81,-0004.88,-0004.82,+0003.68,-0011.41
+1581210943.71,+0000.98,+0008.79,-0004.88,+0000.00,-0001.45,-0004.90
+1581210943.72,-0001.95,+0009.77,-0002.93,-0001.15,+0002.99,-0008.19
+1581210943.72,-0002.93,+0007.81,-0001.95,+0000.38,+0002.60,-0006.58
+1581210943.73,-0001.95,+0008.79,-0000.98,-0000.92,+0001.76,-0006.58
+1581210943.73,+0000.00,+0008.79,+0000.00,+0002.37,+0005.36,-0008.27
+1581210943.74,-0011.72,+0009.77,+0000.00,-0001.99,+0000.31,-0009.19
+1581210943.74,-0000.98,+0008.79,+0000.98,+0000.92,-0004.82,-0000.38
+1581210943.75,-0008.79,+0007.81,-0000.98,-0001.00,-0000.77,-0014.70
+1581210943.75,-0013.67,+0007.81,+0000.98,+0001.23,-0002.37,-0006.58
+1581210943.76,-0003.91,+0007.81,+0000.98,-0000.54,+0005.59,-0019.98
+1581210943.76,-0009.77,+0003.91,+0001.95,-0002.45,-0000.84,-0009.80
+1581210943.77,+0000.00,+0006.84,+0000.00,-0006.51,+0001.15,-0007.20
+1581210943.77,-0005.86,+0001.95,-0001.95,+0001.61,+0002.68,-0014.32
+1581210943.78,-0010.74,+0003.91,-0002.93,-0002.76,-0004.13,-0012.40
+1581210943.78,+0013.67,+0000.00,-0003.91,-0000.92,+0017.61,-0021.74
+1581210943.79,-0023.44,+0001.95,-0006.84,-0014.16,-0004.82,-0014.55
+1581210943.79,-0017.58,+0000.00,-0004.88,+0009.34,-0001.91,-0018.15
+1581210943.80,+0008.79,+0002.93,-0004.88,-0001.30,-0003.83,-0019.75
+1581210943.80,-0007.81,-0006.84,-0005.86,-0004.67,-0001.15,-0002.37
+1581210943.81,-0018.55,+0002.93,-0005.86,-0003.60,+0001.07,-0022.13
+1581210943.81,-0008.79,-0001.95,-0006.84,-0004.52,-0005.74,-0008.96
+1581210943.82,+0012.70,-0004.88,-0008.79,-0003.06,+0003.75,-0008.50
+1581210943.82,-0006.84,-0000.98,-0008.79,-0000.31,-0001.38,-0008.96
+1581210943.83,-0003.91,+0000.98,-0007.81,-0003.60,-0008.04,-0004.59
+1581210943.83,+0006.84,-0001.95,-0009.77,-0000.23,+0006.28,-0014.93
+1581210943.84,-0001.95,-0001.95,-0010.74,+0001.07,-0001.07,-0003.06
+1581210943.84,-0000.98,+0000.98,-0010.74,-0000.69,+0000.15,-0010.18
+1581210943.85,+0000.98,-0000.98,-0009.77,-0004.59,-0001.61,-0003.45
+1581210943.85,+0005.86,-0001.95,-0009.77,-0001.00,+0002.22,-0009.57
+1581210943.86,-0004.88,-0000.98,-0008.79,-0003.14,+0000.61,-0009.80
+1581210943.86,-0003.91,+0000.98,-0008.79,+0000.15,-0002.07,-0009.49
+1581210943.87,+0006.84,+0000.00,-0008.79,-0001.76,+0000.15,-0005.44
+1581210943.87,-0008.79,+0000.00,-0008.79,-0002.30,-0003.14,-0005.21
+1581210943.88,-0003.91,+0001.95,-0008.79,+0002.99,+0002.60,-0014.24
+1581210943.88,-0002.93,+0000.98,-0008.79,-0004.75,-0001.07,-0009.72
+1581210943.89,-0007.81,+0000.00,-0009.77,-0001.84,+0000.23,-0009.57
+1581210943.89,-0003.91,+0002.93,-0009.77,-0001.15,-0000.84,-0011.41
+1581210943.90,-0005.86,+0000.98,-0009.77,+0002.99,+0003.75,-0014.01
+1581210943.90,-0007.81,+0001.95,-0009.77,-0002.60,-0001.23,-0006.81
+1581210943.91,-0005.86,+0003.91,-0009.77,-0002.22,+0005.97,-0012.94
+1581210943.91,-0007.81,+0002.93,-0008.79,-0000.92,-0002.68,-0011.48
+1581210943.92,+0001.95,+0003.91,-0008.79,-0001.23,-0001.76,-0007.50
+1581210943.92,-0004.88,+0003.91,-0007.81,-0000.15,-0001.15,-0012.48
+1581210943.93,-0004.88,+0003.91,-0006.84,+0003.06,-0002.53,-0010.34
+1581210943.93,+0003.91,+0004.88,-0006.84,-0001.61,-0000.38,-0015.85
+1581210943.94,+0003.91,+0004.88,-0005.86,+0000.69,+0000.84,-0011.18
+1581210943.94,+0002.93,+0007.81,-0004.88,-0001.91,-0003.29,-0010.18
+1581210943.95,+0005.86,+0005.86,-0003.91,+0001.99,+0001.53,-0012.48
+1581210943.95,+0006.84,+0007.81,-0003.91,-0001.91,-0004.29,-0006.20
+1581210943.96,+0009.77,+0006.84,-0002.93,+0002.22,+0001.61,-0006.28
+1581210943.96,+0000.98,+0007.81,-0001.95,+0001.61,+0001.30,-0008.04
+1581210943.97,+0000.00,+0009.77,+0000.00,+0003.29,-0001.84,-0004.98
+1581210943.97,+0001.95,+0007.81,+0000.00,-0001.23,+0003.75,-0012.33
+1581210943.98,-0000.98,+0009.77,+0000.98,-0000.15,+0000.23,-0009.49
+1581210943.98,-0004.88,+0010.74,+0001.95,-0000.08,+0004.67,-0004.67
+1581210943.99,-0011.72,+0010.74,+0001.95,-0000.38,-0000.38,-0004.44
+1581210943.99,+0000.98,+0009.77,+0001.95,+0000.15,+0000.23,-0015.01
+1581210944.00,+0002.93,+0009.77,+0001.95,-0000.46,+0002.45,-0014.93
+1581210944.00,-0015.62,+0012.70,+0000.98,-0000.77,+0002.22,-0011.03
+1581210944.01,-0007.81,+0012.70,+0000.00,-0000.77,-0006.51,-0012.63
+1581210944.01,-0000.98,+0009.77,-0000.98,+0000.84,-0003.37,-0003.22
+1581210944.02,-0000.98,+0009.77,-0000.98,+0000.69,-0000.77,-0007.04
+1581210944.02,-0004.88,+0010.74,-0000.98,-0004.29,+0000.00,-0003.90
+1581210944.03,-0004.88,+0009.77,-0001.95,+0000.15,-0001.45,-0010.87
+1581210944.03,+0000.98,+0008.79,-0002.93,-0000.69,-0000.54,-0007.66
+1581210944.04,+0001.95,+0008.79,-0002.93,+0000.23,-0001.00,-0010.95
+1581210944.04,-0004.88,+0007.81,-0003.91,-0004.82,-0000.23,-0014.24
+1581210944.05,+0000.00,+0007.81,-0004.88,-0003.60,-0000.92,-0013.55
+1581210944.05,+0002.93,+0005.86,-0005.86,-0002.53,-0000.08,-0013.09
+1581210944.06,+0000.98,+0006.84,-0005.86,-0001.61,-0001.15,-0013.48
+1581210944.06,+0000.98,+0005.86,-0006.84,-0000.77,-0000.08,-0012.25
+1581210944.07,+0005.86,+0004.88,-0007.81,-0001.99,-0001.91,-0002.68
+1581210944.07,+0004.88,+0004.88,-0009.77,-0000.54,+0004.13,-0013.17
+1581210944.08,-0003.91,+0003.91,-0010.74,-0006.97,-0002.83,-0005.59
+1581210944.08,+0002.93,+0003.91,-0010.74,-0006.81,+0000.31,-0012.56
+1581210944.09,-0000.98,+0001.95,-0011.72,+0000.38,-0001.53,-0005.05
+1581210944.09,+0000.00,+0003.91,-0012.70,-0002.53,+0001.45,-0008.42
+1581210944.10,+0000.98,+0000.00,-0012.70,-0005.36,-0000.46,-0005.05
+1581210944.10,-0000.98,+0000.00,-0013.67,-0002.99,-0001.23,-0005.90
+1581210944.11,-0005.86,-0000.98,-0015.62,-0003.52,-0003.37,-0007.35
+1581210944.11,-0002.93,+0000.00,-0016.60,+0000.92,+0001.99,-0014.32
+1581210944.12,-0002.93,-0002.93,-0017.58,+0000.54,-0004.13,-0007.66
+1581210944.12,-0006.84,-0002.93,-0018.55,-0000.61,+0004.67,-0014.01
+1581210944.13,-0013.67,-0003.91,-0018.55,-0004.90,+0002.37,-0015.77
+1581210944.13,+0004.88,-0004.88,-0020.51,-0002.91,-0012.71,-0008.88
+1581210944.14,+0016.60,-0004.88,-0023.44,-0005.90,+0018.38,-0035.14
+1581210944.14,-0056.64,-0011.72,-0027.34,-0027.41,-0017.53,+0002.53
+1581210944.15,-0005.86,+0003.91,-0021.48,+0025.11,+0009.65,-0031.77
+1581210944.15,+0013.67,-0009.77,-0023.44,+0009.88,+0012.17,-0010.03
+1581210944.16,-0006.84,-0012.70,-0022.46,-0013.70,+0001.84,-0000.23
+1581210944.16,-0020.51,-0002.93,-0021.48,-0000.15,-0008.58,-0015.31
+1581210944.17,-0002.93,-0008.79,-0022.46,-0004.21,+0002.53,-0009.34
+1581210944.17,+0004.88,-0015.62,-0024.41,-0000.77,+0003.52,-0005.21
+1581210944.18,-0008.79,-0008.79,-0024.41,-0000.46,-0000.77,-0009.11
+1581210944.18,-0003.91,-0010.74,-0023.44,-0005.59,-0006.58,-0006.89
+1581210944.19,+0001.95,-0012.70,-0022.46,-0001.84,-0006.05,-0009.95
+1581210944.19,+0004.88,-0013.67,-0021.48,+0001.99,+0000.77,-0015.39
+1581210944.20,+0001.95,-0010.74,-0020.51,-0005.59,-0000.61,-0009.34
+1581210944.20,-0001.95,-0012.70,-0020.51,+0002.07,-0000.15,-0015.01
+1581210944.21,+0002.93,-0012.70,-0020.51,+0003.83,+0000.46,-0013.70
+1581210944.21,+0000.98,-0012.70,-0018.55,-0000.84,-0001.61,-0006.05
+1581210944.22,+0002.93,-0012.70,-0016.60,-0001.91,+0000.00,-0008.42
+1581210944.22,+0008.79,-0013.67,-0015.62,+0002.76,+0010.34,-0019.83
+1581210944.23,-0015.62,-0011.72,-0015.62,-0003.68,-0009.57,-0004.59
+1581210944.23,+0003.91,-0010.74,-0012.70,+0008.80,+0000.92,-0016.15
+1581210944.24,+0010.74,-0011.72,-0011.72,-0006.12,-0001.00,-0005.67
+1581210944.24,-0012.70,-0011.72,-0009.77,+0001.30,-0004.44,-0006.12
+1581210944.25,-0007.81,-0007.81,-0008.79,+0001.45,-0001.07,-0013.48
+1581210944.25,+0002.93,-0009.77,-0007.81,+0000.46,-0002.83,-0007.27
+1581210944.26,+0000.98,-0010.74,-0006.84,+0001.84,+0007.58,-0009.80
+1581210944.26,-0022.46,-0006.84,-0005.86,+0000.00,-0003.52,-0017.15
+1581210944.27,-0005.86,-0006.84,-0003.91,+0004.21,-0004.75,-0016.31
+1581210944.27,+0014.65,-0007.81,-0002.93,-0000.15,+0000.38,-0018.83
+1581210944.28,-0004.88,-0006.84,-0000.98,+0003.83,-0002.60,-0006.89
+1581210944.28,-0005.86,-0001.95,+0000.98,-0001.53,-0001.15,-0010.87
+1581210944.29,+0001.95,-0003.91,+0000.98,+0000.15,-0004.98,-0013.93
+1581210944.29,+0007.81,-0004.88,+0001.95,+0003.22,+0002.14,-0003.98
+1581210944.30,-0001.95,-0000.98,+0003.91,+0002.76,-0006.58,-0009.42
+1581210944.30,+0002.93,+0000.00,+0006.84,+0004.13,-0001.00,-0009.11
+1581210944.31,+0009.77,-0000.98,+0007.81,-0002.07,+0001.61,-0011.10
+1581210944.31,+0000.00,+0000.00,+0008.79,+0001.30,-0003.83,-0006.51
+1581210944.32,+0006.84,+0002.93,+0010.74,+0002.60,-0001.07,-0012.25
+1581210944.32,+0008.79,+0000.98,+0011.72,+0002.60,-0001.00,-0012.86
+1581210944.33,+0009.77,+0002.93,+0012.70,+0002.76,-0001.76,-0005.67
+1581210944.33,+0003.91,+0003.91,+0013.67,+0000.08,-0000.92,-0012.02
+1581210944.34,+0002.93,+0003.91,+0015.62,+0003.75,-0002.37,-0008.65
+1581210944.34,+0010.74,+0003.91,+0015.62,+0000.69,-0000.61,-0007.43
+1581210944.35,+0000.98,+0002.93,+0014.65,-0001.23,-0001.68,-0004.75
+1581210944.35,+0002.93,+0003.91,+0015.62,-0000.08,-0000.31,-0002.76
+1581210944.36,+0003.91,+0002.93,+0014.65,+0000.92,+0004.29,-0009.95
+1581210944.36,-0003.91,+0002.93,+0014.65,-0001.00,-0000.15,-0008.19
+1581210944.37,-0000.98,+0004.88,+0013.67,-0002.60,+0002.91,-0010.41
+1581210944.37,-0006.84,+0001.95,+0012.70,+0000.46,+0002.91,-0014.70
+1581210944.38,-0009.77,+0002.93,+0010.74,+0001.61,-0001.99,-0014.47
+1581210944.38,-0006.84,+0001.95,+0010.74,+0000.54,+0002.45,-0013.17
+1581210944.39,-0008.79,+0000.98,+0009.77,-0002.14,+0000.54,-0012.10
+1581210944.39,-0011.72,+0002.93,+0007.81,+0000.08,-0004.67,-0016.31
+1581210944.40,+0003.91,+0000.98,+0007.81,-0002.37,-0004.36,-0005.05
+1581210944.40,-0002.93,+0001.95,+0005.86,-0004.36,+0002.83,-0012.48
+1581210944.41,-0009.77,+0000.98,+0004.88,-0002.37,-0019.52,+0011.79
+1581210944.41,+0009.77,+0001.95,+0002.93,+0004.98,+0020.67,-0015.31
+1581210944.42,-0033.20,-0002.93,+0000.00,+0012.94,-0004.44,+0001.45
+1581210944.42,+0006.84,+0004.88,+0001.95,+0001.91,+0007.12,-0026.26
+1581210944.43,+0002.93,-0002.93,+0000.00,-0002.22,-0002.45,-0015.31
+1581210944.43,-0010.74,-0001.95,+0001.95,+0000.54,+0000.00,-0002.99
+1581210944.44,-0000.98,+0003.91,+0001.95,-0000.31,-0001.00,-0011.10
+1581210944.44,+0004.88,-0000.98,+0000.98,-0000.08,-0002.30,-0008.58
+1581210944.45,+0001.95,-0000.98,+0000.00,-0002.45,+0003.45,-0009.95
+1581210944.45,-0004.88,+0000.98,+0000.00,-0002.14,-0005.13,-0007.66
+1581210944.46,+0009.77,-0000.98,-0000.98,+0001.00,-0000.61,-0012.33
+1581210944.46,+0007.81,-0003.91,-0000.98,-0001.76,-0000.54,-0005.28
+1581210944.47,+0000.98,+0000.00,-0000.98,+0001.15,+0000.92,-0004.44
+1581210944.47,-0000.98,-0000.98,-0001.95,-0001.07,+0001.99,-0011.41
+1581210944.48,+0005.86,-0002.93,-0001.95,+0000.69,-0001.53,-0008.42
+1581210944.48,+0007.81,-0003.91,-0001.95,+0001.76,+0000.84,-0009.42
+1581210944.49,-0003.91,-0000.98,-0001.95,-0002.68,+0002.22,-0012.56
+1581210944.49,-0007.81,-0001.95,-0001.95,-0002.07,-0000.92,-0014.39
+1581210944.50,+0006.84,-0003.91,-0002.93,-0000.69,-0003.37,-0012.33
+1581210944.50,+0008.79,-0004.88,-0002.93,-0002.60,+0003.37,-0003.45
+1581210944.51,-0013.67,-0003.91,-0003.91,-0005.44,-0001.23,-0008.73
+1581210944.51,-0008.79,-0003.91,-0004.88,-0001.91,-0004.36,-0010.57
+1581210944.52,+0010.74,-0005.86,-0005.86,-0001.76,+0001.53,-0008.50
+1581210944.52,-0009.77,-0006.84,-0006.84,-0004.59,-0008.88,+0000.54
+1581210944.53,-0002.93,-0004.88,-0005.86,+0003.14,+0001.53,-0010.87
+1581210944.53,-0003.91,-0003.91,-0006.84,-0005.97,+0001.84,-0015.16
+1581210944.54,-0007.81,-0009.77,-0007.81,+0000.00,+0001.76,-0008.19
+1581210944.54,+0001.95,-0002.93,-0007.81,-0004.59,+0002.68,-0016.38
+1581210944.55,-0005.86,-0005.86,-0007.81,-0001.84,-0001.99,-0011.48
+1581210944.55,-0002.93,-0005.86,-0008.79,-0000.38,+0001.38,-0007.81
+1581210944.56,-0001.95,-0003.91,-0008.79,-0003.98,-0001.23,-0004.90
+1581210944.56,+0002.93,-0006.84,-0008.79,+0002.22,+0000.54,-0001.53
+1581210944.57,-0001.95,-0004.88,-0008.79,-0002.53,-0001.99,-0012.94
+1581210944.57,+0003.91,-0005.86,-0007.81,+0002.60,-0000.77,-0022.05
+1581210944.58,+0016.60,-0004.88,-0007.81,-0002.68,-0002.83,-0016.77
+1581210944.58,+0009.77,-0003.91,-0007.81,+0000.77,+0005.59,-0012.10
+1581210944.59,+0000.98,-0002.93,-0008.79,-0004.59,-0011.64,-0002.91
+1581210944.59,+0012.70,-0005.86,-0008.79,-0000.46,+0000.84,+0001.91
+1581210944.60,+0002.93,-0008.79,-0008.79,+0003.37,-0002.07,-0000.69
+1581210944.60,+0000.98,-0004.88,-0006.84,+0003.75,+0002.68,-0000.46
+1581210944.61,-0000.98,-0003.91,-0004.88,-0000.61,+0005.74,-0012.79
+1581210944.61,+0001.95,-0003.91,-0001.95,+0002.91,+0000.08,-0006.97
+1581210944.62,+0001.95,-0002.93,-0000.98,-0000.69,+0004.44,-0007.73
+1581210944.62,-0011.72,-0001.95,-0000.98,+0000.23,+0002.45,-0009.95
+1581210944.63,-0012.70,-0000.98,+0000.00,-0001.76,+0001.99,-0011.79
+1581210944.63,-0007.81,-0002.93,+0000.98,-0000.23,+0000.69,-0010.11
+1581210944.64,-0010.74,-0001.95,+0001.95,+0001.99,+0006.12,-0014.01
+1581210944.64,-0020.51,+0000.00,+0002.93,-0000.54,+0003.52,-0012.71
+1581210944.65,-0016.60,+0000.98,+0002.93,-0000.77,-0006.05,-0005.13
+1581210944.65,+0001.95,-0000.98,+0001.95,+0005.44,+0005.05,-0014.24
+1581210944.66,-0015.62,+0001.95,+0001.95,-0002.07,+0000.38,-0007.96
+1581210944.66,-0013.67,+0004.88,+0003.91,+0003.68,-0002.37,-0009.88
+1581210944.67,+0000.00,+0003.91,+0004.88,+0002.91,+0000.15,-0012.17
+1581210944.67,-0002.93,+0005.86,+0006.84,+0002.68,-0002.60,-0009.80
+1581210944.68,-0004.88,+0008.79,+0008.79,+0002.30,-0001.38,-0007.58
+1581210944.68,+0001.95,+0009.77,+0009.77,+0004.59,+0003.37,-0014.24
+1581210944.69,-0003.91,+0009.77,+0009.77,+0002.68,-0007.73,-0012.40
+1581210944.69,+0004.88,+0012.70,+0012.70,+0003.22,-0005.21,-0006.20
+1581210944.70,+0006.84,+0012.70,+0015.62,+0006.20,+0004.90,-0014.47
+1581210944.70,+0001.95,+0013.67,+0017.58,+0003.06,-0005.74,+0001.68
+1581210944.71,+0011.72,+0017.58,+0018.55,+0004.90,+0004.82,-0021.36
+1581210944.71,+0006.84,+0012.70,+0018.55,-0002.99,-0019.37,+0010.95
+1581210944.72,+0003.91,+0021.48,+0017.58,-0020.21,-0008.12,-0029.71
+1581210944.72,-0053.71,+0009.77,+0016.60,+0015.62,-0002.91,-0001.00
+1581210944.73,+0008.79,+0031.25,+0022.46,+0004.36,+0006.43,-0033.38
+1581210944.73,+0010.74,+0008.79,+0020.51,-0006.66,-0010.34,-0017.07
+1581210944.74,-0014.65,+0014.65,+0023.44,-0006.51,-0007.66,-0001.76
+1581210944.74,-0016.60,+0024.41,+0023.44,-0003.45,-0001.61,-0004.13
+1581210944.75,-0003.91,+0018.55,+0019.53,-0002.07,-0000.46,-0007.12
+1581210944.75,-0003.91,+0012.70,+0016.60,-0001.00,+0001.84,-0001.15
+1581210944.76,-0014.65,+0018.55,+0016.60,+0003.14,-0004.13,-0006.97
+1581210944.76,-0004.88,+0022.46,+0016.60,-0000.77,-0001.91,-0012.10
+1581210944.77,-0002.93,+0014.65,+0014.65,-0001.91,+0000.31,-0016.38
+1581210944.77,+0004.88,+0017.58,+0013.67,-0000.69,-0000.77,-0017.53
+1581210944.78,-0001.95,+0021.48,+0011.72,-0003.75,-0003.22,-0007.12
+1581210944.78,-0004.88,+0018.55,+0009.77,+0000.31,+0006.28,-0015.62
+1581210944.79,-0004.88,+0016.60,+0007.81,+0003.90,-0004.13,-0012.17
+1581210944.79,+0007.81,+0020.51,+0007.81,-0005.36,+0002.45,-0010.03
+1581210944.80,+0000.00,+0016.60,+0005.86,-0002.14,+0003.29,-0013.48
+1581210944.80,-0004.88,+0019.53,+0004.88,+0001.23,-0005.05,-0009.34
+1581210944.81,+0003.91,+0017.58,+0002.93,-0004.52,+0000.00,-0011.48
+1581210944.81,+0002.93,+0015.62,+0000.98,-0001.76,+0001.07,-0010.26
+1581210944.82,+0001.95,+0017.58,-0000.98,-0003.60,-0001.61,-0008.88
+1581210944.82,+0003.91,+0015.62,-0001.95,-0002.37,-0003.68,-0009.26
+1581210944.83,+0010.74,+0013.67,-0003.91,-0002.45,-0000.92,-0008.88
+1581210944.83,+0010.74,+0013.67,-0004.88,-0002.91,-0000.38,-0007.43
+1581210944.84,+0005.86,+0012.70,-0005.86,-0003.14,-0000.61,-0007.73
+1581210944.84,+0004.88,+0011.72,-0007.81,-0005.05,-0002.99,-0003.75
+1581210944.85,+0009.77,+0009.77,-0009.77,+0001.38,+0001.76,-0007.04
+1581210944.85,+0003.91,+0008.79,-0010.74,-0003.45,+0001.00,-0003.68
+1581210944.86,+0000.98,+0007.81,-0010.74,-0002.07,-0004.13,-0001.38
+1581210944.86,+0004.88,+0005.86,-0012.70,+0000.23,+0005.21,-0007.20
+1581210944.87,-0003.91,+0004.88,-0013.67,-0001.45,+0000.23,-0011.03
+1581210944.87,-0008.79,+0003.91,-0014.65,-0000.92,-0001.23,-0005.97
+1581210944.88,-0006.84,+0003.91,-0015.62,-0006.43,+0003.60,-0022.28
+1581210944.88,-0008.79,+0000.00,-0015.62,+0000.15,-0002.91,-0018.76
+1581210944.89,-0000.98,+0002.93,-0016.60,-0002.14,-0002.14,-0014.85
+1581210944.89,-0000.98,+0000.00,-0019.53,-0003.60,+0001.84,-0012.56
+1581210944.90,-0007.81,+0000.98,-0022.46,-0005.21,-0005.44,-0007.50
+1581210944.90,-0002.93,-0000.98,-0023.44,-0002.30,-0001.00,-0005.82
+1581210944.91,-0003.91,-0000.98,-0025.39,-0003.75,+0000.38,-0009.88
+1581210944.91,-0005.86,-0000.98,-0024.41,+0001.38,-0002.45,-0010.64
+1581210944.92,-0000.98,+0000.00,-0023.44,-0001.84,-0003.37,-0010.87
+1581210944.92,+0000.98,-0000.98,-0024.41,-0001.91,+0000.84,-0012.25
+1581210944.93,+0000.00,+0000.98,-0024.41,-0001.07,-0002.99,-0015.54
+1581210944.93,+0004.88,+0000.00,-0025.39,-0001.07,-0004.29,-0008.27
+1581210944.94,+0009.77,-0000.98,-0025.39,-0001.30,+0001.76,-0011.18
+1581210944.94,-0002.93,-0000.98,-0025.39,-0000.15,-0001.07,-0012.10
+1581210944.95,+0003.91,+0000.00,-0024.41,-0001.99,-0001.61,-0011.03
+1581210944.95,+0007.81,-0002.93,-0023.44,+0000.61,+0000.38,-0012.25
+1581210944.96,+0000.98,+0000.00,-0021.48,+0000.38,+0000.15,-0007.66
+1581210944.96,+0002.93,+0000.98,-0020.51,-0000.61,-0002.22,-0005.21
+1581210944.97,-0000.98,-0000.98,-0019.53,-0001.15,-0002.53,-0004.29
+1581210944.97,+0000.00,+0000.00,-0018.55,+0003.98,+0000.23,-0005.13
+1581210944.98,-0003.91,+0000.00,-0017.58,+0000.15,+0004.75,-0012.02
+1581210944.98,-0005.86,-0000.98,-0016.60,+0004.21,-0000.31,-0011.87
+1581210944.99,-0000.98,+0000.00,-0015.62,-0001.30,-0000.31,-0015.31
+1581210944.99,+0000.98,-0001.95,-0014.65,+0003.60,-0004.52,-0008.58
+1581210945.00,-0003.91,+0000.98,-0014.65,+0000.77,+0003.45,-0014.39
+1581210945.00,-0001.95,+0000.00,-0012.70,+0002.22,-0006.05,-0009.72
+1581210945.01,+0010.74,-0000.98,-0012.70,-0002.07,-0003.68,+0001.61
+1581210945.01,-0002.93,+0000.00,-0012.70,+0003.37,+0006.35,-0013.86
+1581210945.02,-0008.79,+0001.95,-0010.74,-0006.12,-0020.21,+0010.03
+1581210945.02,+0025.39,+0000.98,-0009.77,+0009.80,+0019.98,-0028.71
+1581210945.03,-0016.60,+0000.00,-0009.77,-0009.19,-0003.98,-0018.15
+1581210945.03,-0002.93,+0005.86,-0005.86,+0018.22,-0001.53,-0004.98
+1581210945.04,+0012.70,+0001.95,-0005.86,+0003.60,-0000.31,-0015.85
+1581210945.04,+0001.95,-0000.98,-0004.88,+0004.75,+0003.29,-0001.84
+1581210945.05,-0002.93,+0006.84,-0003.91,+0001.00,-0003.98,-0017.69
+1581210945.05,+0008.79,+0003.91,-0001.95,+0001.00,+0000.61,-0014.70
+1581210945.06,+0008.79,+0002.93,-0001.95,-0002.37,-0000.69,-0007.73
+1581210945.06,+0002.93,+0005.86,-0000.98,+0005.13,-0000.15,-0009.57
+1581210945.07,+0003.91,+0006.84,-0000.98,-0002.53,-0001.99,-0011.18
+1581210945.07,+0013.67,+0006.84,+0000.98,+0001.00,+0000.08,-0011.25
+1581210945.08,+0012.70,+0006.84,+0001.95,+0003.06,-0003.52,-0012.02
+1581210945.08,+0015.62,+0007.81,+0002.93,+0001.91,-0002.30,-0002.91
+1581210945.09,+0007.81,+0008.79,+0002.93,-0002.91,-0001.91,-0003.68
+1581210945.09,+0010.74,+0007.81,+0003.91,+0005.36,-0002.14,-0001.45
+1581210945.10,+0013.67,+0007.81,+0004.88,-0001.07,+0001.53,-0006.81
+1581210945.10,+0003.91,+0008.79,+0004.88,+0003.68,-0000.77,-0004.98
+1581210945.11,+0010.74,+0010.74,+0006.84,+0000.38,-0000.15,-0007.96
+1581210945.11,+0008.79,+0007.81,+0005.86,+0001.00,+0002.07,-0006.74
+1581210945.12,-0000.98,+0008.79,+0005.86,+0002.45,+0001.76,-0006.43
+1581210945.12,-0004.88,+0008.79,+0005.86,+0002.37,+0003.60,-0021.21
+1581210945.13,-0001.95,+0008.79,+0005.86,-0003.14,-0011.18,+0004.90
+1581210945.13,+0001.95,+0008.79,+0002.93,+0009.03,+0022.28,-0031.16
+1581210945.14,-0029.30,+0006.84,+0001.95,-0017.46,-0009.57,-0004.75
+1581210945.14,+0000.98,+0013.67,+0001.95,-0011.56,-0005.82,-0016.23
+1581210945.15,-0001.95,+0003.91,+0000.00,+0001.76,+0006.51,-0013.32
+1581210945.15,-0012.70,+0009.77,-0000.98,-0002.22,+0001.91,+0000.38
+1581210945.16,-0009.77,+0011.72,-0001.95,-0000.31,+0001.45,-0008.04
+1581210945.16,-0010.74,+0010.74,-0002.93,-0002.60,-0000.38,-0001.61
+1581210945.17,-0009.77,+0007.81,-0003.91,-0000.31,-0002.68,-0010.72
+1581210945.17,-0002.93,+0011.72,-0002.93,-0000.77,+0000.23,-0007.27
+1581210945.18,-0001.95,+0011.72,-0002.93,-0001.38,+0002.45,-0009.65
+1581210945.18,-0011.72,+0012.70,-0003.91,-0000.77,-0003.22,+0000.77
+1581210945.19,-0005.86,+0014.65,-0004.88,+0002.45,-0002.45,-0016.00
+1581210945.19,+0008.79,+0010.74,-0003.91,+0000.31,-0005.59,-0035.37
+1581210945.20,+0012.70,+0012.70,-0003.91,+0001.76,+0002.14,-0035.07
+1581210945.20,+0004.88,+0018.55,-0003.91,-0001.84,-0002.60,-0022.43
+1581210945.21,+0008.79,+0015.62,-0006.84,-0004.13,-0007.27,-0016.00
+1581210945.21,+0014.65,+0010.74,-0009.77,-0002.68,-0000.08,+0001.76
+1581210945.22,+0008.79,+0011.72,-0010.74,+0000.38,-0002.83,+0004.44
+1581210945.22,+0011.72,+0013.67,-0009.77,+0001.91,-0002.14,+0005.44
+1581210945.23,+0013.67,+0013.67,-0008.79,-0000.54,-0001.00,+0001.53
+1581210945.23,+0010.74,+0013.67,-0005.86,+0002.83,+0000.08,-0006.20
+1581210945.24,+0010.74,+0014.65,-0004.88,-0000.54,-0003.37,-0004.90
+1581210945.24,+0008.79,+0015.62,-0004.88,+0000.38,+0001.15,-0013.78
+1581210945.25,+0006.84,+0013.67,-0005.86,+0000.84,-0000.54,-0008.96
+1581210945.25,+0004.88,+0013.67,-0006.84,-0000.38,+0004.44,-0015.62
+1581210945.26,-0005.86,+0013.67,-0007.81,-0002.37,+0003.37,-0018.38
+1581210945.26,+0000.98,+0013.67,-0008.79,-0001.07,+0002.37,-0018.38
+1581210945.27,+0000.98,+0012.70,-0010.74,-0002.68,+0000.54,-0012.02
+1581210945.27,-0003.91,+0014.65,-0012.70,+0000.38,+0000.38,-0014.55
+1581210945.28,+0001.95,+0014.65,-0013.67,-0005.28,-0002.99,-0007.43
+1581210945.28,+0004.88,+0013.67,-0013.67,-0002.45,+0001.61,-0008.65
+1581210945.29,-0000.98,+0014.65,-0015.62,-0003.52,-0006.12,-0008.88
+1581210945.29,+0005.86,+0015.62,-0016.60,-0003.52,-0001.91,-0008.88
+1581210945.30,+0009.77,+0015.62,-0016.60,-0002.22,-0003.45,-0012.71
+1581210945.30,+0015.62,+0015.62,-0017.58,+0001.30,-0003.37,-0012.25
+1581210945.31,+0020.51,+0016.60,-0017.58,-0003.52,-0006.05,-0011.79
+1581210945.31,+0026.37,+0015.62,-0017.58,-0000.46,-0007.58,-0002.14
+1581210945.32,+0015.62,+0017.58,-0017.58,-0006.28,-0012.56,-0006.35
+1581210945.32,+0028.32,+0015.62,-0016.60,+0006.51,+0003.68,-0019.98
+1581210945.33,+0038.09,+0018.55,-0018.55,-0007.04,-0021.13,+0000.23
+1581210945.33,+0043.95,+0012.70,-0023.44,+0010.18,+0024.12,+0025.27
+1581210945.34,-0045.90,+0016.60,-0024.41,-0000.77,-0010.64,+0002.76
+1581210945.34,-0000.98,+0023.44,-0016.60,+0019.91,+0012.79,-0036.21
+1581210945.35,+0027.34,+0013.67,-0017.58,-0013.70,-0013.17,-0033.76
+1581210945.35,+0010.74,+0013.67,-0013.67,-0009.80,+0002.45,-0005.82
+1581210945.36,-0005.86,+0025.39,-0012.70,+0001.91,-0003.45,+0007.04
+1581210945.36,-0008.79,+0025.39,-0013.67,-0006.89,+0012.02,-0011.94
+1581210945.37,-0010.74,+0011.72,-0016.60,-0004.29,-0006.20,-0001.84
+1581210945.37,+0000.00,+0018.55,-0017.58,-0000.61,+0001.91,-0003.60
+1581210945.38,-0006.84,+0022.46,-0015.62,-0003.22,-0002.14,+0003.14
+1581210945.38,-0014.65,+0024.41,-0015.62,-0000.77,+0003.45,-0015.70
+1581210945.39,-0003.91,+0018.55,-0015.62,+0002.37,-0005.74,-0013.40
+1581210945.39,+0015.62,+0020.51,-0015.62,-0007.96,-0000.69,-0001.53
+1581210945.40,-0005.86,+0018.55,-0017.58,+0002.76,+0002.76,-0025.88
+1581210945.40,-0011.72,+0023.44,-0017.58,-0003.45,-0011.33,-0011.18
+1581210945.41,+0008.79,+0020.51,-0018.55,-0004.29,-0004.06,-0013.78
+1581210945.41,+0010.74,+0017.58,-0020.51,+0002.68,+0001.84,-0011.71
+1581210945.42,-0003.91,+0021.48,-0021.48,-0000.61,-0004.82,-0010.11
+1581210945.42,+0000.98,+0018.55,-0021.48,-0003.83,-0004.29,-0007.96
+1581210945.43,+0007.81,+0015.62,-0023.44,-0001.38,+0002.76,-0014.85
+1581210945.43,+0004.88,+0017.58,-0024.41,-0000.84,-0004.52,-0005.44
+1581210945.44,+0006.84,+0014.65,-0024.41,-0000.77,-0002.07,-0008.58
+1581210945.44,+0003.91,+0013.67,-0025.39,-0003.37,-0002.45,-0008.58
+1581210945.45,+0003.91,+0010.74,-0027.34,-0001.15,-0000.61,-0008.73
+1581210945.45,+0007.81,+0010.74,-0028.32,-0003.14,+0000.61,-0010.64
+1581210945.46,+0008.79,+0005.86,-0030.27,-0001.23,+0001.99,-0005.13
+1581210945.46,+0003.91,+0004.88,-0032.23,-0006.66,+0002.37,-0012.25
+1581210945.47,+0001.95,+0001.95,-0033.20,-0004.21,-0004.06,-0004.67
+1581210945.47,+0012.70,+0000.00,-0034.18,-0002.07,+0000.84,-0009.57
+1581210945.48,+0000.00,-0004.88,-0036.13,-0002.53,+0000.46,-0007.50
+1581210945.48,-0005.86,-0003.91,-0038.09,-0003.90,+0000.31,-0008.42
+1581210945.49,+0000.98,-0009.77,-0040.04,-0004.29,-0000.77,-0011.10
+1581210945.49,+0000.00,-0011.72,-0041.02,-0004.21,+0003.60,-0013.17
+1581210945.50,-0008.79,-0012.70,-0042.97,-0003.60,-0000.08,-0013.86
+1581210945.50,-0005.86,-0013.67,-0043.95,-0004.52,+0001.30,-0014.70
+1581210945.51,-0001.95,-0015.62,-0044.92,-0001.91,+0001.07,-0015.31
+1581210945.51,-0001.95,-0016.60,-0045.90,+0000.08,-0000.31,-0012.10
+1581210945.52,-0003.91,-0015.62,-0045.90,-0002.68,-0001.68,-0014.62
+1581210945.52,+0003.91,-0016.60,-0045.90,-0002.22,-0003.98,-0006.28
+1581210945.53,+0004.88,-0015.62,-0046.88,-0003.52,-0001.00,-0004.06
+1581210945.53,+0000.00,-0016.60,-0046.88,+0001.53,-0002.60,-0003.75
+1581210945.54,+0001.95,-0015.62,-0046.88,-0001.91,+0004.13,-0011.64
+1581210945.54,+0003.91,-0015.62,-0043.95,+0000.84,-0003.29,-0011.25
+1581210945.55,+0013.67,-0012.70,-0041.99,+0001.68,+0001.38,-0013.93
+1581210945.55,+0010.74,-0013.67,-0039.06,-0000.08,+0000.69,-0015.62
+1581210945.56,+0009.77,-0010.74,-0036.13,+0003.83,-0004.90,-0014.16
+1581210945.56,+0012.70,-0010.74,-0034.18,+0002.76,-0001.61,-0010.87
+1581210945.57,+0010.74,-0008.79,-0031.25,+0000.92,-0001.91,-0003.14
+1581210945.57,+0008.79,-0006.84,-0029.30,+0003.83,+0003.22,-0003.22
+1581210945.58,+0002.93,-0005.86,-0026.37,+0001.91,-0000.38,-0000.92
+1581210945.58,+0004.88,-0003.91,-0022.46,+0001.68,+0004.13,-0004.67
+1581210945.59,+0000.00,-0002.93,-0019.53,+0003.68,+0001.30,-0008.04
+1581210945.59,+0001.95,-0000.98,-0017.58,+0001.68,+0001.61,-0004.21
+1581210945.60,-0007.81,-0000.98,-0015.62,+0001.61,+0005.21,-0013.48
+1581210945.60,-0013.67,+0001.95,-0013.67,+0003.22,+0001.00,-0007.58
+1581210945.61,-0012.70,+0002.93,-0012.70,+0000.08,+0004.90,-0013.09
+1581210945.61,-0013.67,+0001.95,-0011.72,+0002.22,+0001.76,-0015.24
+1581210945.62,-0009.77,+0004.88,-0009.77,+0002.14,+0004.36,-0010.41
+1581210945.62,-0015.62,+0005.86,-0008.79,-0000.92,+0000.46,-0005.97
+1581210945.63,-0017.58,+0007.81,-0008.79,+0002.53,+0002.60,-0013.09
+1581210945.63,-0015.62,+0008.79,-0007.81,-0001.53,-0000.38,-0016.08
+1581210945.64,-0007.81,+0010.74,-0006.84,+0001.15,+0000.46,-0008.58
+1581210945.64,-0011.72,+0012.70,-0006.84,-0002.14,+0002.53,-0007.35
+1581210945.65,-0013.67,+0015.62,-0006.84,+0000.77,-0001.23,-0007.66
+1581210945.65,-0001.95,+0013.67,-0007.81,+0000.00,+0001.38,-0012.10
+1581210945.66,-0007.81,+0012.70,-0008.79,+0001.68,-0001.23,-0011.33
+1581210945.66,-0005.86,+0015.62,-0008.79,+0000.69,+0003.52,-0015.85
+1581210945.67,-0005.86,+0016.60,-0008.79,+0000.15,-0002.30,-0020.83
+1581210945.67,+0001.95,+0014.65,-0008.79,+0000.69,-0002.99,-0013.32
+1581210945.68,+0011.72,+0013.67,-0009.77,-0002.07,-0003.14,-0003.90
+1581210945.68,+0003.91,+0015.62,-0010.74,+0000.46,+0002.76,-0005.28
+1581210945.69,-0005.86,+0014.65,-0011.72,-0008.96,-0021.05,+0018.76
+1581210945.69,+0024.41,+0012.70,-0014.65,+0008.12,+0019.37,-0024.04
+1581210945.70,-0011.72,+0010.74,-0017.58,-0011.18,-0004.21,-0008.04
+1581210945.70,-0003.91,+0012.70,-0014.65,+0023.12,-0002.60,-0005.67
+1581210945.71,+0011.72,+0010.74,-0015.62,+0000.77,-0002.45,-0010.34
+1581210945.71,+0001.95,+0005.86,-0016.60,+0001.38,+0002.83,-0003.52
+1581210945.72,-0001.95,+0006.84,-0018.55,-0003.75,+0000.15,-0008.12
+1581210945.72,-0001.95,+0004.88,-0020.51,-0003.75,+0000.31,-0009.03
+1581210945.73,-0004.88,+0001.95,-0023.44,-0003.68,-0000.23,-0014.24
+1581210945.73,-0001.95,+0000.00,-0024.41,+0000.69,-0001.61,-0008.88
+1581210945.74,-0003.91,-0000.98,-0026.37,-0005.28,+0006.97,-0015.01
+1581210945.74,-0008.79,-0000.98,-0027.34,+0001.30,-0007.50,-0006.20
+1581210945.75,+0002.93,-0001.95,-0028.32,-0004.36,+0003.68,-0009.72
+1581210945.75,+0002.93,-0004.88,-0029.30,-0003.14,-0004.82,-0006.12
+1581210945.76,+0000.00,-0001.95,-0030.27,-0003.29,-0001.61,-0012.63
+1581210945.76,-0001.95,-0002.93,-0030.27,-0003.06,-0007.96,-0007.96
+1581210945.77,+0008.79,-0002.93,-0031.25,+0001.07,+0002.07,-0008.42
+1581210945.77,-0001.95,-0004.88,-0032.23,-0003.06,+0001.99,-0016.31
+1581210945.78,+0000.00,-0003.91,-0032.23,-0001.38,+0002.07,-0024.19
+1581210945.78,+0006.84,-0003.91,-0031.25,-0003.37,-0002.37,-0019.22
+1581210945.79,+0015.62,-0004.88,-0030.27,+0001.61,-0004.06,-0012.79
+1581210945.79,+0012.70,-0003.91,-0031.25,-0000.38,-0000.77,-0011.03
+1581210945.80,+0002.93,-0001.95,-0030.27,+0001.38,-0003.60,-0006.51
+1581210945.80,+0014.65,-0001.95,-0030.27,+0000.15,-0002.07,-0005.97
+1581210945.81,+0009.77,-0000.98,-0029.30,+0001.91,+0002.53,-0014.39
+1581210945.81,+0007.81,+0000.98,-0025.39,+0002.68,+0000.92,-0007.89
+1581210945.82,+0011.72,+0003.91,-0023.44,+0000.15,+0001.53,-0011.71
+1581210945.82,+0010.74,+0000.98,-0022.46,-0001.30,-0001.00,+0001.76
+1581210945.83,+0006.84,+0002.93,-0021.48,-0000.54,-0006.12,-0003.37
+1581210945.83,+0004.88,+0001.95,-0020.51,+0006.35,+0004.13,-0011.10
+1581210945.84,+0004.88,+0003.91,-0020.51,-0007.20,-0002.76,-0003.98
+1581210945.84,+0002.93,+0001.95,-0020.51,+0003.45,+0005.51,-0010.87
+1581210945.85,-0005.86,+0002.93,-0019.53,+0002.37,-0000.92,-0013.78
+1581210945.85,-0001.95,+0001.95,-0019.53,-0000.38,-0002.60,-0002.53
+1581210945.86,+0001.95,+0000.98,-0019.53,-0001.00,+0006.12,-0013.55
+1581210945.86,-0011.72,+0000.98,-0019.53,-0000.77,-0001.53,-0006.66
+1581210945.87,-0008.79,+0000.98,-0020.51,-0002.83,+0003.98,-0016.84
+1581210945.87,-0009.77,-0002.93,-0021.48,-0004.98,-0005.51,-0006.20
+1581210945.88,-0004.88,-0001.95,-0023.44,+0002.45,+0004.75,-0017.00
+1581210945.88,-0018.55,-0003.91,-0023.44,-0000.92,-0003.22,-0004.44
+1581210945.89,-0007.81,-0001.95,-0024.41,-0003.52,-0003.90,-0011.94
+1581210945.89,+0004.88,-0009.77,-0026.37,-0005.05,+0002.60,-0020.75
+1581210945.90,-0006.84,-0006.84,-0028.32,-0003.60,-0000.92,-0014.70
+1581210945.90,-0002.93,-0005.86,-0031.25,-0004.44,-0006.51,-0018.83
+1581210945.91,+0006.84,-0008.79,-0034.18,-0004.90,-0002.45,-0017.07
+1581210945.91,+0007.81,-0009.77,-0036.13,+0000.84,-0002.37,-0012.94
+1581210945.92,+0012.70,-0009.77,-0037.11,-0000.77,+0001.99,-0012.17
+1581210945.92,+0007.81,-0009.77,-0037.11,-0002.14,-0003.75,-0010.64
+1581210945.93,+0012.70,-0010.74,-0037.11,-0002.37,-0002.60,-0010.41
+1581210945.93,+0016.60,-0010.74,-0036.13,-0001.99,-0002.37,-0006.89
+1581210945.94,+0009.77,-0008.79,-0036.13,+0000.54,-0001.68,-0004.98
+1581210945.94,+0008.79,-0007.81,-0035.16,-0001.91,-0000.38,-0003.29
+1581210945.95,+0011.72,-0009.77,-0034.18,+0000.69,-0000.69,-0002.99
+1581210945.95,+0012.70,-0010.74,-0034.18,+0001.91,+0006.74,-0014.32
+1581210945.96,-0003.91,-0008.79,-0032.23,-0001.23,-0003.45,-0009.34
+1581210945.96,+0006.84,-0008.79,-0030.27,+0003.22,-0002.68,-0006.43
+1581210945.97,+0002.93,-0010.74,-0029.30,-0001.61,+0006.97,-0012.79
+1581210945.97,-0015.62,-0009.77,-0028.32,+0003.29,-0002.83,-0009.80
+1581210945.98,-0002.93,-0008.79,-0027.34,-0001.07,+0004.06,-0019.06
+1581210945.98,-0004.88,-0011.72,-0026.37,-0001.38,-0001.07,-0011.71
+1581210945.99,-0005.86,-0008.79,-0025.39,+0000.54,+0003.29,-0015.39
+1581210945.99,-0013.67,-0007.81,-0024.41,-0000.92,-0005.21,-0011.10
+1581210946.00,-0001.95,-0006.84,-0023.44,+0001.38,-0000.69,-0012.71
+1581210946.00,+0002.93,-0008.79,-0022.46,-0001.91,+0000.69,-0008.73
+1581210946.01,-0002.93,-0004.88,-0020.51,+0000.54,-0004.21,-0005.82
+1581210946.01,+0000.98,-0002.93,-0019.53,-0000.61,-0002.07,-0010.34
+1581210946.01,+0004.88,-0003.91,-0018.55,-0000.23,-0002.68,-0012.10
+1581210946.02,+0003.91,-0000.98,-0017.58,-0000.77,-0005.28,-0020.98
+1581210946.02,+0026.37,-0000.98,-0017.58,-0001.68,-0013.63,+0023.43
+1581210946.03,+0024.41,+0002.93,-0020.51,+0000.84,+0018.60,-0037.75
+1581210946.03,-0018.55,-0005.86,-0019.53,-0025.57,-0010.87,-0008.35
+1581210946.04,+0028.32,+0010.74,-0015.62,-0015.70,-0001.91,-0033.38
+1581210946.04,+0022.46,-0004.88,-0017.58,+0006.20,-0001.38,-0014.47
+1581210946.05,+0013.67,+0005.86,-0014.65,-0003.75,+0004.59,+0000.08
+1581210946.05,+0009.77,+0006.84,-0014.65,-0003.22,+0002.45,-0001.23
+1581210946.06,+0014.65,+0004.88,-0013.67,+0002.37,-0002.22,-0006.81
+1581210946.06,+0013.67,-0000.98,-0015.62,-0003.83,+0002.22,-0004.44
+1581210946.07,+0001.95,+0002.93,-0015.62,+0002.99,+0004.82,-0007.35
+1581210946.07,+0008.79,+0001.95,-0015.62,+0004.13,+0004.36,-0016.77
+1581210946.08,+0007.81,-0000.98,-0016.60,-0006.12,-0004.06,-0003.68
+1581210946.08,+0011.72,-0004.88,-0017.58,+0002.91,+0000.69,-0004.59
+1581210946.09,+0000.00,-0003.91,-0020.51,-0003.06,+0005.44,-0012.56
+1581210946.09,-0007.81,-0003.91,-0022.46,-0004.06,-0004.75,-0014.32
+1581210946.10,+0004.88,-0008.79,-0024.41,-0000.84,-0001.30,-0010.26
+1581210946.10,+0001.95,-0009.77,-0026.37,-0001.84,+0005.05,-0015.39
+1581210946.11,-0002.93,-0011.72,-0027.34,+0002.14,-0002.53,-0015.39
+1581210946.11,+0003.91,-0010.74,-0027.34,-0004.44,-0003.98,-0009.88
+1581210946.12,+0002.93,-0013.67,-0029.30,-0001.30,+0003.29,-0014.24
+1581210946.12,+0002.93,-0013.67,-0030.27,-0000.61,-0001.76,-0009.19
+1581210946.13,+0002.93,-0012.70,-0031.25,-0004.06,+0001.00,-0012.02
+1581210946.13,+0003.91,-0015.62,-0032.23,-0002.14,-0004.90,-0012.48
+1581210946.14,+0013.67,-0015.62,-0033.20,-0000.54,-0001.07,-0012.56
+1581210946.14,+0008.79,-0017.58,-0034.18,-0002.14,+0001.68,-0016.08
+1581210946.15,+0004.88,-0016.60,-0033.20,-0000.08,-0001.84,-0019.68
+1581210946.15,+0014.65,-0017.58,-0032.23,-0000.15,-0003.98,-0015.08
+1581210946.16,+0019.53,-0017.58,-0032.23,-0000.46,+0002.99,-0013.32
+1581210946.16,+0007.81,-0017.58,-0031.25,+0003.45,-0004.36,-0010.03
+1581210946.17,+0013.67,-0014.65,-0028.32,+0001.91,+0000.00,-0010.34
+1581210946.17,+0015.62,-0015.62,-0027.34,+0001.00,+0001.53,-0008.96
+1581210946.18,+0009.77,-0014.65,-0024.41,+0003.37,+0000.69,-0004.29
+1581210946.18,+0008.79,-0013.67,-0022.46,+0003.68,+0004.36,-0009.42
+1581210946.19,+0004.88,-0013.67,-0019.53,+0000.84,+0001.45,-0004.98
+1581210946.19,+0006.84,-0013.67,-0015.62,+0001.30,-0003.68,-0002.99
+1581210946.20,+0007.81,-0013.67,-0013.67,+0004.44,+0006.89,-0005.51
+1581210946.20,-0005.86,-0012.70,-0012.70,+0001.30,+0002.60,-0013.02
+1581210946.21,-0005.86,-0012.70,-0010.74,+0002.91,-0005.28,-0003.37
+1581210946.21,+0000.00,-0010.74,-0008.79,-0002.53,-0004.13,-0007.66
+1581210946.22,-0001.95,-0016.60,-0006.84,+0004.90,+0005.13,-0012.56
+1581210946.22,-0005.86,-0010.74,-0005.86,-0002.91,-0003.45,-0008.42
+1581210946.23,-0006.84,-0010.74,-0003.91,+0000.77,+0000.61,-0010.72
+1581210946.23,-0006.84,-0012.70,-0004.88,+0000.84,-0001.99,-0008.65
+1581210946.24,-0005.86,-0011.72,-0002.93,+0003.22,-0002.30,-0002.91
+1581210946.24,+0001.95,-0008.79,-0001.95,+0000.92,+0000.31,-0010.95
+1581210946.25,+0000.00,-0012.70,-0001.95,+0002.99,+0003.22,-0016.69
+1581210946.25,-0003.91,-0008.79,-0001.95,-0001.07,-0005.97,-0016.15
+1581210946.26,+0006.84,-0005.86,-0000.98,+0003.29,-0000.77,-0017.61
+1581210946.26,+0005.86,-0008.79,-0000.98,-0002.53,-0000.92,-0017.61
+1581210946.27,+0006.84,-0008.79,-0001.95,+0001.61,-0002.30,-0013.48
+1581210946.27,+0010.74,-0006.84,-0002.93,-0001.30,-0004.21,-0004.59
+1581210946.28,+0009.77,-0006.84,-0003.91,+0000.15,+0003.52,-0010.87
+1581210946.28,+0007.81,-0009.77,-0003.91,+0004.98,+0002.07,-0007.89
+1581210946.29,+0008.79,-0005.86,-0002.93,-0001.38,+0001.53,-0008.35
+1581210946.29,+0004.88,-0006.84,-0002.93,+0000.46,+0002.22,-0009.72
+1581210946.30,+0007.81,-0005.86,-0001.95,+0001.84,-0000.77,-0007.73
+1581210946.30,+0006.84,-0007.81,-0002.93,-0001.38,+0001.38,-0003.52
+1581210946.31,-0001.95,-0010.74,-0004.88,-0000.54,+0007.27,-0009.26
+1581210946.31,-0006.84,-0009.77,-0005.86,-0001.68,+0000.31,-0007.12
+1581210946.32,+0000.00,-0009.77,-0004.88,+0001.53,+0004.52,-0010.80
+1581210946.32,-0005.86,-0012.70,-0006.84,-0002.83,+0002.60,-0002.76
+1581210946.33,-0015.62,-0013.67,-0007.81,+0000.54,+0003.14,-0010.11
+1581210946.33,-0016.60,-0011.72,-0008.79,-0002.07,-0000.77,-0010.72
+1581210946.34,-0002.93,-0012.70,-0008.79,+0003.29,+0002.37,-0017.76
+1581210946.34,-0011.72,-0017.58,-0011.72,-0004.36,+0001.07,-0001.30
+1581210946.35,-0021.48,-0016.60,-0012.70,+0001.38,+0002.83,-0017.30
+1581210946.35,-0012.70,-0010.74,-0012.70,+0003.68,+0002.68,-0016.31
+1581210946.36,-0004.88,-0013.67,-0012.70,-0001.23,+0000.08,-0012.56
+1581210946.36,-0006.84,-0016.60,-0012.70,+0001.30,-0000.23,-0007.04
+1581210946.37,-0010.74,-0012.70,-0013.67,-0000.77,-0001.30,-0015.70
+1581210946.37,-0007.81,-0009.77,-0012.70,+0001.23,-0003.68,-0014.62
+1581210946.38,+0003.91,-0009.77,-0011.72,+0002.60,+0001.99,-0014.16
+1581210946.38,+0010.74,-0009.77,-0011.72,-0006.89,-0015.62,+0008.04
+1581210946.39,+0000.00,-0009.77,-0013.67,-0010.18,-0005.90,-0011.71
+1581210946.39,-0014.65,-0010.74,-0012.70,+0012.10,+0000.54,-0011.87
+1581210946.40,+0012.70,+0002.93,-0007.81,-0007.43,-0000.23,-0027.79
+1581210946.40,+0010.74,-0011.72,-0007.81,+0005.82,-0000.69,-0014.32
+1581210946.41,+0001.95,-0003.91,-0005.86,+0000.54,+0000.92,-0010.18
+1581210946.41,+0001.95,+0001.95,-0003.91,+0000.69,-0000.46,-0010.26
+1581210946.42,+0006.84,-0001.95,-0003.91,+0002.37,-0000.08,-0012.48
+1581210946.42,+0010.74,-0001.95,-0001.95,+0002.22,+0004.29,-0004.98
+1581210946.43,+0001.95,+0000.00,-0000.98,+0000.23,-0001.68,+0000.54
+1581210946.43,+0000.00,+0001.95,+0000.00,+0003.60,-0001.45,-0002.14
+1581210946.44,+0000.98,+0002.93,+0000.00,-0000.15,+0000.61,-0007.43
+1581210946.44,+0000.98,+0000.98,+0000.98,+0001.15,+0003.68,-0014.01
+1581210946.45,-0004.88,+0001.95,+0001.95,-0000.46,-0001.38,-0014.24
+1581210946.45,-0000.98,+0002.93,+0001.95,+0000.23,+0000.00,-0013.48
+1581210946.46,-0001.95,+0002.93,+0000.98,-0001.38,+0003.60,-0017.76
+1581210946.46,-0009.77,+0001.95,+0000.00,-0000.31,-0004.06,-0008.27
+1581210946.47,-0004.88,+0003.91,+0000.00,-0000.54,-0002.30,-0013.48
+1581210946.47,-0002.93,+0002.93,-0000.98,-0003.68,-0002.91,-0007.12
+1581210946.48,+0002.93,+0001.95,-0002.93,-0002.91,+0004.13,-0005.28
+1581210946.48,-0007.81,+0002.93,-0004.88,-0001.53,-0001.00,-0011.79
+1581210946.49,-0004.88,+0003.91,-0005.86,+0000.84,-0008.88,-0011.18
+1581210946.49,+0007.81,+0003.91,-0006.84,-0001.30,-0002.68,-0009.26
+1581210946.50,+0005.86,+0001.95,-0007.81,-0001.07,+0000.61,-0010.95
+1581210946.50,+0002.93,+0002.93,-0009.77,-0003.14,-0006.89,-0010.64
+1581210946.51,+0006.84,+0000.98,-0011.72,-0002.91,-0003.22,-0013.70
+1581210946.51,+0002.93,+0000.98,-0014.65,-0004.36,-0003.60,-0016.38
+1581210946.52,+0010.74,+0000.00,-0015.62,-0001.30,-0000.38,-0018.68
+1581210946.52,+0010.74,+0000.00,-0016.60,-0003.52,-0000.15,-0016.46
+1581210946.53,+0011.72,-0000.98,-0016.60,-0002.37,-0004.29,-0004.36
+1581210946.53,+0016.60,-0002.93,-0018.55,-0001.91,+0002.53,-0010.11
+1581210946.54,+0009.77,-0003.91,-0020.51,-0001.68,-0002.99,-0004.36
+1581210946.54,+0008.79,-0003.91,-0022.46,+0000.38,-0000.15,-0012.86
+1581210946.55,+0012.70,-0004.88,-0021.48,-0000.08,+0000.38,-0005.13
+1581210946.55,+0015.62,-0005.86,-0021.48,-0000.92,+0000.77,-0004.06
+1581210946.56,+0008.79,-0009.77,-0022.46,-0002.14,-0001.68,-0002.37
+1581210946.56,+0002.93,-0009.77,-0023.44,-0001.61,+0001.53,-0006.12
+1581210946.57,+0001.95,-0011.72,-0024.41,-0000.92,-0004.36,-0006.28
+1581210946.57,+0007.81,-0013.67,-0024.41,-0003.75,+0004.90,-0007.58
+1581210946.58,-0007.81,-0014.65,-0025.39,-0003.37,+0005.36,-0014.39
+1581210946.58,+0000.98,-0015.62,-0025.39,-0000.61,+0001.00,-0012.56
+1581210946.59,+0004.88,-0018.55,-0026.37,-0005.44,-0001.38,-0008.96
+1581210946.59,-0010.74,-0020.51,-0028.32,-0001.30,+0001.45,-0000.69
+1581210946.60,-0016.60,-0020.51,-0030.27,-0001.00,-0003.06,+0000.15
+1581210946.60,-0007.81,-0024.41,-0030.27,-0001.00,-0004.21,-0021.67
+1581210946.61,+0002.93,-0025.39,-0029.30,-0001.07,-0005.21,-0020.37
+1581210946.61,+0008.79,-0026.37,-0029.30,-0002.45,-0000.31,-0001.07
+1581210946.62,-0014.65,-0025.39,-0032.23,-0008.65,-0009.72,-0008.65
+1581210946.62,+0000.98,-0027.34,-0033.20,+0001.91,-0001.15,-0015.77
+1581210946.63,+0015.62,-0030.27,-0035.16,-0009.26,-0005.36,-0006.35
+1581210946.63,+0001.95,-0031.25,-0035.16,-0000.38,+0004.29,-0007.58
+1581210946.64,+0002.93,-0029.30,-0035.16,-0001.15,-0003.98,-0011.48
