+1580603335.41,-0001.95,-0002.93,-0004.88,-0000.84,-0001.07,-0012.33
+1580603335.42,+0001.95,-0002.93,-0004.88,+0000.84,+0004.06,-0014.62
+1580603335.42,-0002.93,-0003.91,-0003.91,-0001.38,-0002.45,-0011.10
+1580603335.43,+0000.00,-0002.93,-0003.91,-0000.92,+0001.38,-0014.70
+1580603335.43,+0000.98,-0004.88,-0003.91,-0000.54,-0005.67,-0006.58
+1580603335.44,+0007.81,-0004.88,-0004.88,+0001.07,+0002.60,-0006.28
+1580603335.44,-0003.91,-0003.91,-0003.91,-0002.60,+0002.30,-0011.03
+1580603335.45,+0000.00,-0002.93,-0002.93,+0001.45,-0001.68,-0010.11
+1580603335.45,+0011.72,-0004.88,-0001.95,+0000.00,+0000.92,-0008.58
+1580603335.46,+0003.91,-0003.91,-0000.98,+0003.98,+0000.00,-0009.11
+1580603335.46,-0000.98,-0001.95,+0000.00,-0001.00,-0000.46,-0009.11
+1580603335.47,+0003.91,-0000.98,+0000.98,-0004.67,-0002.60,-0011.71
+1580603335.47,+0011.72,-0002.93,+0001.95,+0004.52,+0000.08,-0007.20
+1580603335.48,+0004.88,+0000.00,+0002.93,-0000.23,+0003.98,-0007.66
+1580603335.48,-0001.95,+0000.98,+0002.93,+0003.68,-0000.46,-0007.20
+1580603335.49,+0004.88,+0000.98,+0003.91,+0000.69,+0000.38,-0008.50
+1580603335.49,+0002.93,-0000.98,+0004.88,+0002.30,+0000.54,-0006.81
+1580603335.50,-0001.95,+0002.93,+0006.84,-0000.08,+0003.60,-0007.50
+1580603335.50,-0000.98,+0003.91,+0008.79,-0000.54,-0003.52,-0012.48
+1580603335.51,+0006.84,+0002.93,+0009.77,+0003.60,+0003.90,-0012.25
+1580603335.51,-0001.95,+0004.88,+0009.77,+0000.77,+0001.53,-0013.40
+1580603335.52,+0000.00,+0006.84,+0010.74,+0001.99,-0000.84,-0008.73
+1580603335.52,+0005.86,+0005.86,+0009.77,-0001.68,+0001.99,-0008.12
+1580603335.53,-0005.86,+0006.84,+0010.74,+0004.06,+0007.04,-0015.39
+1580603335.53,-0008.79,+0009.77,+0011.72,+0002.83,-0003.98,-0019.60
+1580603335.54,+0031.25,+0008.79,+0012.70,+0005.21,+0023.20,-0030.17
+1580603335.54,-0023.44,+0006.84,+0010.74,-0020.52,-0008.19,-0007.73
+1580603335.55,-0001.95,+0013.67,+0015.62,+0031.54,-0004.06,-0005.44
+1580603335.55,+0017.58,+0012.70,+0013.67,+0004.98,+0002.37,-0007.81
+1580603335.56,+0002.93,+0003.91,+0014.65,+0000.15,+0004.21,-0000.77
+1580603335.56,-0003.91,+0016.60,+0014.65,+0003.29,-0004.29,-0015.47
+1580603335.57,+0003.91,+0013.67,+0015.62,+0004.67,-0002.91,-0007.81
+1580603335.57,+0004.88,+0009.77,+0014.65,+0002.14,-0003.22,-0010.87
+1580603335.58,-0001.95,+0013.67,+0016.60,+0006.20,+0002.99,-0012.48
+1580603335.58,+0000.98,+0016.60,+0017.58,-0000.77,-0002.30,-0013.78
+1580603335.59,+0006.84,+0011.72,+0017.58,+0002.30,+0004.36,-0012.48
+1580603335.59,+0000.98,+0014.65,+0016.60,-0000.54,-0001.45,-0012.63
+1580603335.60,-0001.95,+0015.62,+0016.60,+0000.92,-0001.76,-0013.25
+1580603335.60,+0005.86,+0013.67,+0017.58,-0000.08,+0000.23,-0010.57
+1580603335.61,+0006.84,+0012.70,+0016.60,+0000.38,+0002.53,-0006.43
+1580603335.61,-0000.98,+0015.62,+0015.62,-0000.92,-0000.08,-0007.35
+1580603335.62,+0001.95,+0014.65,+0014.65,+0000.84,-0003.45,-0007.12
+1580603335.62,+0008.79,+0012.70,+0013.67,-0001.53,-0000.77,-0006.51
+1580603335.63,+0000.00,+0012.70,+0012.70,+0002.30,-0001.76,-0005.74
+1580603335.63,-0001.95,+0015.62,+0011.72,-0002.83,+0000.08,-0010.64
+1580603335.64,+0000.98,+0012.70,+0010.74,+0000.61,+0000.54,-0013.78
+1580603335.64,+0006.84,+0012.70,+0010.74,-0000.46,+0000.69,-0014.78
+1580603335.65,+0003.91,+0014.65,+0008.79,+0000.84,+0003.29,-0018.38
+1580603335.65,-0003.91,+0014.65,+0007.81,-0000.84,-0002.30,-0014.78
+1580603335.66,+0006.84,+0012.70,+0006.84,-0002.30,-0004.21,-0008.27
+1580603335.66,+0003.91,+0011.72,+0004.88,-0002.45,+0004.36,-0006.81
+1580603335.67,-0009.77,+0012.70,+0002.93,-0001.23,-0001.00,-0005.28
+1580603335.67,-0002.93,+0012.70,+0001.95,-0000.61,-0001.23,-0007.58
+1580603335.68,-0001.95,+0009.77,+0000.98,-0004.21,+0003.45,-0008.12
+1580603335.68,-0011.72,+0010.74,+0000.00,-0001.15,+0000.69,-0009.19
+1580603335.69,-0008.79,+0011.72,+0000.00,-0000.46,+0000.61,-0012.17
+1580603335.69,-0004.88,+0008.79,-0000.98,-0001.84,+0002.30,-0013.63
+1580603335.70,-0005.86,+0008.79,-0001.95,+0000.15,+0000.00,-0008.88
+1580603335.70,-0005.86,+0010.74,-0002.93,+0000.38,+0001.00,-0009.72
+1580603335.71,-0009.77,+0008.79,-0004.88,-0006.28,+0001.15,-0013.48
+1580603335.71,-0005.86,+0008.79,-0004.88,-0001.07,-0004.98,-0008.50
+1580603335.72,+0006.84,+0007.81,-0006.84,-0001.91,+0000.77,-0009.57
+1580603335.72,-0002.93,+0006.84,-0007.81,-0003.75,+0001.99,-0010.87
+1580603335.73,-0008.79,+0007.81,-0008.79,-0000.31,-0003.06,-0011.56
+1580603335.73,+0006.84,+0006.84,-0008.79,-0003.22,-0001.99,-0010.87
+1580603335.74,+0012.70,+0002.93,-0009.77,+0001.00,+0001.00,-0005.67
+1580603335.74,+0001.95,+0005.86,-0010.74,-0001.30,-0001.15,-0007.96
+1580603335.75,-0000.98,+0004.88,-0010.74,+0000.69,+0000.46,-0011.10
+1580603335.75,+0005.86,+0002.93,-0011.72,-0001.00,-0000.23,-0013.40
+1580603335.76,+0005.86,+0002.93,-0012.70,-0000.08,-0001.84,-0008.35
+1580603335.76,+0001.95,+0004.88,-0012.70,+0000.69,+0003.29,-0009.72
+1580603335.77,-0001.95,+0002.93,-0011.72,+0000.00,-0001.00,-0005.59
+1580603335.77,+0003.91,+0003.91,-0011.72,+0000.31,+0001.38,-0006.43
+1580603335.78,+0000.00,+0001.95,-0012.70,-0002.76,-0000.84,-0006.12
+1580603335.78,+0000.00,+0001.95,-0012.70,-0000.38,-0001.30,-0003.60
+1580603335.79,-0003.91,+0000.98,-0013.67,-0002.14,+0000.46,-0014.39
+1580603335.79,-0004.88,+0000.98,-0013.67,-0002.07,-0001.68,-0012.48
+1580603335.80,+0000.00,+0001.95,-0013.67,-0001.23,+0001.30,-0010.41
+1580603335.80,-0007.81,+0000.98,-0014.65,-0003.29,+0001.00,-0010.95
+1580603335.81,-0010.74,+0000.98,-0016.60,-0002.07,-0001.91,-0011.87
+1580603335.81,-0005.86,+0000.98,-0016.60,+0001.68,+0004.29,-0013.09
+1580603335.82,-0011.72,+0000.00,-0016.60,-0002.76,+0003.22,-0015.08
+1580603335.82,-0010.74,+0000.98,-0016.60,-0000.92,-0002.22,-0011.79
+1580603335.83,+0000.00,+0000.00,-0016.60,-0000.23,-0001.61,-0008.27
+1580603335.83,+0002.93,-0001.95,-0017.58,-0002.68,-0003.06,-0000.15
+1580603335.84,-0011.72,+0000.98,-0019.53,-0005.44,-0007.20,-0012.10
+1580603335.84,-0001.95,-0000.98,-0018.55,+0006.89,-0005.59,-0007.20
+1580603335.85,+0010.74,+0000.98,-0019.53,-0003.52,-0001.30,-0015.24
+1580603335.85,+0004.88,-0004.88,-0019.53,-0003.45,-0000.69,-0003.52
+1580603335.86,+0001.95,+0002.93,-0018.55,-0006.05,+0000.77,-0017.92
+1580603335.86,+0001.95,-0000.98,-0017.58,+0001.53,-0004.29,-0014.01
+1580603335.87,+0015.62,-0000.98,-0018.55,-0003.06,-0002.60,-0013.25
+1580603335.87,+0010.74,-0001.95,-0017.58,+0003.68,-0001.45,-0011.64
+1580603335.88,+0003.91,+0000.98,-0017.58,-0001.76,-0001.30,-0010.34
+1580603335.88,+0005.86,-0000.98,-0016.60,+0000.38,-0000.84,-0014.09
+1580603335.89,+0010.74,-0000.98,-0015.62,+0001.68,-0000.92,-0009.26
+1580603335.89,+0009.77,+0001.95,-0014.65,+0000.15,+0001.23,-0010.26
+1580603335.90,+0005.86,+0001.95,-0014.65,+0001.61,-0001.23,-0009.80
+1580603335.90,+0007.81,+0000.98,-0013.67,-0002.07,+0000.00,-0011.41
+1580603335.91,+0008.79,+0000.00,-0014.65,+0003.14,-0000.23,-0009.19
+1580603335.91,+0009.77,+0001.95,-0013.67,-0004.52,-0001.99,-0007.89
+1580603335.92,+0009.77,+0000.00,-0014.65,-0000.38,-0001.84,-0004.52
+1580603335.92,+0006.84,+0000.00,-0015.62,-0000.61,+0001.84,-0004.75
+1580603335.93,+0004.88,-0000.98,-0015.62,+0000.23,-0003.06,-0006.28
+1580603335.93,+0011.72,-0000.98,-0014.65,-0001.76,-0000.69,-0007.66
+1580603335.94,+0009.77,-0001.95,-0014.65,-0003.68,+0000.31,-0004.52
+1580603335.94,+0001.95,-0000.98,-0014.65,-0002.99,+0001.99,-0006.05
+1580603335.95,-0002.93,-0002.93,-0015.62,-0001.76,+0000.23,-0010.26
+1580603335.95,-0001.95,-0003.91,-0015.62,-0000.23,+0000.92,-0009.80
+1580603335.96,-0002.93,-0003.91,-0015.62,-0001.99,+0001.84,-0013.17
+1580603335.96,-0009.77,-0003.91,-0015.62,+0000.00,+0000.31,-0009.49
+1580603335.97,-0006.84,-0003.91,-0015.62,-0003.14,+0000.92,-0010.41
+1580603335.97,-0010.74,-0004.88,-0017.58,-0003.52,+0002.45,-0009.57
+1580603335.98,-0017.58,-0004.88,-0018.55,-0002.07,-0000.38,+0006.89
+1580603335.98,-0015.62,-0003.91,-0019.53,-0004.36,+0001.53,-0021.59
+1580603335.99,-0009.77,-0007.81,-0019.53,-0001.84,-0001.45,-0026.26
+1580603335.99,+0000.00,-0004.88,-0019.53,+0000.23,-0004.52,-0027.64
+1580603336.00,+0001.95,-0004.88,-0021.48,-0001.99,-0002.22,-0022.05
+1580603336.00,+0000.00,-0005.86,-0024.41,-0007.12,-0001.99,-0016.46
+1580603336.01,+0006.84,-0008.79,-0027.34,-0005.59,-0004.44,-0015.39
+1580603336.01,+0014.65,-0009.77,-0029.30,-0004.75,-0003.22,-0013.70
+1580603336.02,+0017.58,-0012.70,-0030.27,-0004.90,-0004.90,-0010.11
+1580603336.02,+0018.55,-0013.67,-0030.27,-0000.61,-0002.68,-0005.97
+1580603336.03,+0018.55,-0013.67,-0031.25,-0002.53,-0000.77,-0004.06
+1580603336.03,+0019.53,-0015.62,-0031.25,+0000.38,+0001.45,-0003.22
+1580603336.04,+0017.58,-0016.60,-0030.27,-0000.69,-0001.68,-0005.36
+1580603336.04,+0015.62,-0016.60,-0028.32,+0001.38,+0000.38,-0007.89
+1580603336.05,+0015.62,-0017.58,-0026.37,+0001.76,+0000.77,-0008.80
+1580603336.05,+0013.67,-0017.58,-0023.44,+0003.98,+0004.29,-0007.73
+1580603336.06,+0005.86,-0014.65,-0021.48,+0001.68,+0001.99,-0009.88
+1580603336.06,+0001.95,-0012.70,-0018.55,+0003.22,-0000.92,-0008.27
+1580603336.07,+0005.86,-0012.70,-0016.60,+0001.91,+0003.14,-0011.64
+1580603336.07,+0000.00,-0011.72,-0014.65,+0001.68,+0004.29,-0014.85
+1580603336.08,-0003.91,-0008.79,-0012.70,+0000.61,+0001.15,-0011.33
+1580603336.08,-0004.88,-0008.79,-0012.70,-0002.14,+0003.06,-0014.78
+1580603336.09,-0007.81,-0009.77,-0013.67,+0000.00,-0000.38,-0005.36
+1580603336.09,-0004.88,-0009.77,-0014.65,-0000.46,+0001.38,-0008.73
+1580603336.10,-0009.77,-0009.77,-0014.65,-0003.60,-0000.15,-0007.20
+1580603336.10,-0006.84,-0008.79,-0015.62,-0003.14,-0003.90,-0007.20
+1580603336.11,-0001.95,-0009.77,-0014.65,-0000.15,-0000.92,-0006.43
+1580603336.11,+0000.98,-0007.81,-0014.65,+0001.91,-0002.53,-0008.04
+1580603336.12,+0000.98,-0006.84,-0013.67,-0001.91,-0003.83,-0009.72
+1580603336.12,+0001.95,-0005.86,-0013.67,+0000.46,-0003.14,-0014.78
+1580603336.13,+0007.81,-0005.86,-0011.72,+0002.99,-0004.13,-0013.48
+1580603336.13,+0011.72,-0003.91,-0011.72,+0000.23,-0005.05,-0009.65
+1580603336.14,+0008.79,-0003.91,-0010.74,+0000.31,+0004.36,-0015.39
+1580603336.14,+0014.65,-0002.93,-0010.74,-0001.30,-0025.19,+0009.26
+1580603336.15,+0053.71,-0002.93,-0009.77,+0017.92,+0013.63,+0000.31
+1580603336.15,-0002.93,-0004.88,-0010.74,-0002.83,+0006.12,-0017.38
+1580603336.16,-0024.41,-0001.95,-0004.88,-0004.44,-0007.12,-0016.69
+1580603336.16,+0018.55,+0004.88,-0003.91,+0005.59,-0004.82,-0031.47
+1580603336.17,+0018.55,-0006.84,-0002.93,+0007.58,+0008.88,-0016.69
+1580603336.17,-0000.98,+0001.95,+0000.98,-0003.37,+0002.07,-0004.52
+1580603336.18,-0007.81,+0006.84,+0003.91,+0005.21,+0003.90,-0010.49
+1580603336.18,-0008.79,-0000.98,+0003.91,+0000.61,+0001.99,-0014.70
+1580603336.19,+0000.00,-0002.93,+0004.88,+0003.22,-0002.07,-0005.28
+1580603336.19,+0001.95,+0001.95,+0005.86,-0001.23,+0000.77,-0004.13
+1580603336.20,-0005.86,+0000.00,+0006.84,+0001.76,-0001.15,+0001.45
+1580603336.20,-0002.93,-0000.98,+0005.86,-0001.53,+0000.15,-0003.45
+1580603336.21,-0002.93,-0002.93,+0004.88,-0001.68,-0002.60,-0000.15
+1580603336.21,-0005.86,-0001.95,+0002.93,-0000.23,+0001.00,-0010.11
+1580603336.22,-0004.88,-0002.93,+0002.93,+0001.84,-0004.06,-0011.56
+1580603336.22,+0000.00,-0000.98,+0004.88,-0001.15,-0000.23,-0015.93
+1580603336.23,-0000.98,-0001.95,+0005.86,+0004.13,+0000.61,-0013.86
+1580603336.23,-0003.91,+0001.95,+0005.86,-0003.68,-0001.07,-0014.39
+1580603336.24,-0000.98,+0000.98,+0004.88,+0001.61,-0003.52,-0013.93
+1580603336.24,+0003.91,+0001.95,+0003.91,+0001.38,+0000.77,-0009.49
+1580603336.25,-0003.91,+0001.95,+0003.91,-0000.46,-0004.13,-0009.42
+1580603336.25,-0003.91,+0003.91,+0002.93,+0000.61,+0000.23,-0009.65
+1580603336.26,+0000.98,+0003.91,+0002.93,+0002.07,+0001.38,-0011.03
+1580603336.26,+0000.98,+0003.91,+0002.93,+0001.15,-0001.38,-0008.80
+1580603336.27,-0000.98,+0005.86,+0002.93,+0000.61,+0001.45,-0010.41
+1580603336.27,-0001.95,+0004.88,+0003.91,+0000.31,-0003.98,-0010.11
+1580603336.28,+0000.98,+0004.88,+0002.93,+0001.00,-0000.61,-0010.57
+1580603336.28,+0000.00,+0005.86,+0002.93,+0001.91,-0001.00,-0012.40
+1580603336.29,+0000.98,+0007.81,+0002.93,-0000.84,-0001.84,-0011.87
+1580603336.29,+0000.98,+0005.86,+0002.93,-0000.08,+0000.31,-0013.70
+1580603336.30,+0001.95,+0005.86,+0002.93,+0001.15,+0000.31,-0013.70
+1580603336.30,+0003.91,+0006.84,+0003.91,-0001.00,+0000.77,-0012.17
+1580603336.31,+0003.91,+0006.84,+0002.93,+0001.15,-0000.08,-0011.25
+1580603336.31,+0003.91,+0004.88,+0002.93,-0001.84,-0003.52,-0005.51
+1580603336.32,+0003.91,+0003.91,+0001.95,-0000.84,+0001.61,-0009.11
+1580603336.32,+0000.98,+0002.93,+0001.95,-0001.00,-0003.52,-0008.50
+1580603336.33,+0005.86,+0002.93,+0000.98,-0001.91,-0000.15,-0011.33
+1580603336.33,+0003.91,+0000.98,+0000.00,-0001.99,+0001.15,-0010.49
+1580603336.34,+0002.93,+0000.98,-0001.95,-0002.91,+0003.75,-0013.40
+1580603336.34,-0003.91,+0000.98,-0003.91,-0002.76,-0003.37,-0011.64
+1580603336.35,+0004.88,-0001.95,-0002.93,+0001.53,-0002.37,-0003.22
+1580603336.35,+0002.93,-0002.93,-0002.93,-0005.90,+0000.00,-0007.12
+1580603336.36,-0004.88,-0002.93,-0003.91,+0000.08,-0001.76,-0007.35
+1580603336.36,+0000.98,-0002.93,-0005.86,-0004.36,+0003.29,-0008.12
+1580603336.37,-0001.95,-0006.84,-0006.84,-0001.76,-0000.23,-0009.26
+1580603336.37,-0003.91,-0005.86,-0008.79,-0003.45,+0004.13,-0010.11
+1580603336.38,-0005.86,-0006.84,-0009.77,+0000.23,-0001.07,-0008.65
+1580603336.38,-0004.88,-0009.77,-0010.74,-0004.29,-0001.15,-0008.27
+1580603336.39,-0005.86,-0009.77,-0011.72,-0002.30,-0000.46,-0018.91
+1580603336.39,+0000.00,-0009.77,-0012.70,-0000.77,-0002.45,-0018.30
+1580603336.40,+0002.93,-0009.77,-0013.67,-0004.52,+0000.61,-0013.63
+1580603336.40,-0002.93,-0011.72,-0014.65,-0002.83,+0000.84,-0012.71
+1580603336.41,+0000.98,-0011.72,-0015.62,-0002.14,+0001.23,-0011.18
+1580603336.41,+0003.91,-0013.67,-0016.60,-0002.60,-0003.52,-0006.66
+1580603336.42,+0004.88,-0014.65,-0017.58,-0002.37,-0001.68,-0009.03
+1580603336.42,+0000.98,-0015.62,-0018.55,-0000.77,-0002.76,-0008.12
+1580603336.43,+0007.81,-0015.62,-0018.55,-0001.68,-0002.37,-0011.25
+1580603336.43,+0008.79,-0017.58,-0018.55,-0001.23,+0000.08,-0011.18
+1580603336.44,+0007.81,-0017.58,-0018.55,-0000.77,+0000.00,-0008.88
+1580603336.44,+0007.81,-0017.58,-0018.55,-0002.68,-0000.61,-0013.25
+1580603336.45,+0008.79,-0019.53,-0018.55,+0000.46,-0002.53,-0011.94
+1580603336.45,+0010.74,-0018.55,-0018.55,-0000.92,+0003.37,-0012.48
+1580603336.46,+0005.86,-0019.53,-0017.58,+0000.61,-0000.77,-0010.87
+1580603336.46,+0006.84,-0019.53,-0016.60,+0000.15,-0000.31,-0009.65
+1580603336.47,+0007.81,-0020.51,-0015.62,+0002.53,+0001.53,-0007.20
+1580603336.47,+0004.88,-0019.53,-0014.65,+0000.38,+0002.30,-0008.12
+1580603336.48,+0004.88,-0019.53,-0013.67,-0000.08,-0001.76,-0007.73
+1580603336.48,+0005.86,-0021.48,-0013.67,+0001.00,+0002.07,-0006.89
+1580603336.49,+0001.95,-0020.51,-0012.70,+0001.68,-0000.23,-0003.37
+1580603336.49,-0001.95,-0019.53,-0012.70,-0002.60,+0001.91,-0003.37
+1580603336.50,-0005.86,-0020.51,-0011.72,+0000.54,+0000.15,-0007.27
+1580603336.50,-0001.95,-0019.53,-0009.77,+0002.45,+0001.53,-0009.42
+1580603336.51,-0003.91,-0018.55,-0008.79,+0001.68,+0002.14,-0011.03
+1580603336.51,-0010.74,-0016.60,-0006.84,+0001.91,-0000.54,-0014.16
+1580603336.52,-0008.79,-0015.62,-0005.86,-0000.77,-0000.92,-0011.87
+1580603336.52,-0004.88,-0015.62,-0004.88,+0001.68,+0001.38,-0009.03
+1580603336.53,-0008.79,-0014.65,-0004.88,-0000.23,+0003.14,-0008.50
+1580603336.53,-0010.74,-0011.72,-0003.91,+0000.00,-0001.68,-0010.18
+1580603336.54,-0006.84,-0012.70,-0002.93,+0000.84,-0001.61,-0008.27
+1580603336.54,-0002.93,-0012.70,-0002.93,+0000.54,-0001.15,-0004.59
+1580603336.55,-0005.86,-0010.74,-0000.98,+0002.45,+0004.44,-0016.23
+1580603336.55,-0012.70,-0007.81,+0000.00,-0002.76,-0010.03,-0014.39
+1580603336.56,+0015.62,-0009.77,+0001.95,+0007.43,+0000.46,+0003.52
+1580603336.56,-0018.55,-0003.91,+0000.98,+0001.91,+0014.16,-0039.20
+1580603336.57,-0016.60,-0004.88,+0006.84,+0014.24,+0002.30,-0023.81
+1580603336.57,+0010.74,+0002.93,+0007.81,-0010.03,-0004.90,-0012.25
+1580603336.58,-0002.93,-0008.79,+0009.77,+0007.89,+0005.44,-0014.32
+1580603336.58,-0006.84,+0004.88,+0011.72,+0001.07,-0000.69,-0014.32
+1580603336.59,-0002.93,+0001.95,+0013.67,+0001.45,-0002.99,-0008.19
+1580603336.59,+0004.88,+0000.00,+0012.70,+0003.52,+0000.54,-0003.45
+1580603336.60,-0001.95,+0002.93,+0014.65,+0003.29,+0003.52,-0009.49
+1580603336.60,-0009.77,+0006.84,+0015.62,+0000.38,-0004.52,-0011.64
+1580603336.61,+0001.95,+0004.88,+0017.58,+0003.98,+0001.07,-0012.94
+1580603336.61,+0003.91,+0005.86,+0019.53,+0000.54,+0000.46,-0009.42
+1580603336.62,-0005.86,+0008.79,+0020.51,+0003.60,-0000.54,-0008.73
+1580603336.62,-0007.81,+0010.74,+0021.48,+0001.76,-0000.31,-0004.98
+1580603336.63,-0003.91,+0009.77,+0022.46,+0001.91,+0001.84,-0000.69
+1580603336.63,-0010.74,+0011.72,+0022.46,+0000.31,+0004.06,+0001.76
+1580603336.64,-0021.48,+0012.70,+0022.46,-0000.77,+0002.68,+0004.36
+1580603336.64,-0019.53,+0012.70,+0022.46,-0000.61,+0003.75,-0005.59
+1580603336.65,-0022.46,+0011.72,+0021.48,+0000.15,+0003.68,-0001.30
+1580603336.65,-0029.30,+0012.70,+0020.51,-0000.61,+0004.44,-0005.05
+1580603336.66,-0033.20,+0014.65,+0020.51,+0001.45,+0003.52,-0016.46
+1580603336.66,-0033.20,+0014.65,+0020.51,+0000.08,-0000.08,-0016.00
+1580603336.67,-0026.37,+0014.65,+0019.53,+0002.07,+0000.69,-0015.93
+1580603336.67,-0028.32,+0015.62,+0018.55,-0000.31,+0003.06,-0009.34
+1580603336.68,-0036.13,+0017.58,+0016.60,-0000.77,+0000.38,-0010.95
+1580603336.68,-0036.13,+0017.58,+0014.65,-0002.37,-0001.23,-0010.49
+1580603336.69,-0025.39,+0017.58,+0013.67,+0001.30,-0001.15,-0010.41
+1580603336.69,-0026.37,+0016.60,+0012.70,-0000.77,+0003.22,-0012.56
+1580603336.70,-0033.20,+0018.55,+0011.72,-0005.21,-0002.99,-0010.57
+1580603336.70,-0022.46,+0017.58,+0010.74,-0000.84,-0001.91,-0012.86
+1580603336.71,-0016.60,+0014.65,+0008.79,-0003.45,+0000.61,-0010.87
+1580603336.71,-0021.48,+0015.62,+0007.81,-0001.76,-0000.92,-0008.35
+1580603336.72,-0020.51,+0016.60,+0005.86,-0000.69,+0000.00,-0010.72
+1580603336.72,-0019.53,+0013.67,+0004.88,-0001.45,+0000.23,-0011.94
+1580603336.73,-0016.60,+0014.65,+0004.88,-0001.91,+0000.77,-0015.85
+1580603336.73,-0019.53,+0015.62,+0004.88,-0002.14,-0000.54,-0014.85
+1580603336.74,-0018.55,+0013.67,+0004.88,+0000.15,+0002.45,-0015.70
+1580603336.74,-0017.58,+0012.70,+0003.91,-0001.99,+0000.61,-0011.56
+1580603336.75,-0016.60,+0013.67,+0002.93,-0002.99,+0001.68,-0011.03
+1580603336.75,-0016.60,+0012.70,+0001.95,-0002.76,+0000.77,-0008.42
+1580603336.76,-0015.62,+0011.72,+0000.98,-0001.91,+0002.60,-0008.58
+1580603336.76,-0018.55,+0010.74,-0000.98,-0002.30,+0001.15,-0010.80
+1580603336.77,-0017.58,+0010.74,-0001.95,-0003.83,+0001.38,-0009.72
+1580603336.77,-0014.65,+0008.79,-0002.93,-0002.22,+0002.30,-0013.48
+1580603336.78,-0015.62,+0008.79,-0003.91,-0001.84,+0001.61,-0012.94
+1580603336.78,-0015.62,+0008.79,-0004.88,-0002.53,-0000.23,-0011.41
+1580603336.79,-0013.67,+0007.81,-0005.86,-0001.38,+0001.07,-0009.65
+1580603336.79,-0011.72,+0007.81,-0006.84,-0002.53,-0000.38,-0005.90
+1580603336.80,-0020.51,+0006.84,-0008.79,-0000.08,-0002.99,-0007.96
+1580603336.80,-0013.67,+0006.84,-0007.81,-0002.83,-0002.91,-0007.35
+1580603336.81,-0004.88,+0004.88,-0008.79,-0002.14,-0000.46,-0008.27
+1580603336.81,-0002.93,+0002.93,-0009.77,-0003.37,-0002.37,-0002.76
+1580603336.82,+0001.95,+0002.93,-0010.74,-0010.34,-0015.39,+0006.43
+1580603336.82,+0025.39,-0000.98,-0011.72,+0006.58,+0003.45,+0013.02
+1580603336.83,-0013.67,+0000.98,-0016.60,-0007.89,+0007.35,-0023.12
+1580603336.83,-0020.51,-0004.88,-0015.62,+0002.83,-0005.21,-0017.15
+1580603336.84,+0022.46,+0005.86,-0014.65,-0003.83,-0004.82,-0020.52
+1580603336.84,+0013.67,-0007.81,-0015.62,-0001.15,+0003.14,-0002.53
+1580603336.85,-0009.77,-0004.88,-0015.62,-0006.89,+0000.00,-0007.89
+1580603336.85,-0009.77,-0001.95,-0015.62,+0001.23,-0001.15,-0015.47
+1580603336.86,+0004.88,-0007.81,-0016.60,-0000.46,-0002.99,-0014.47
+1580603336.86,+0012.70,-0009.77,-0017.58,-0004.13,-0003.29,-0004.29
+1580603336.87,+0001.95,-0006.84,-0016.60,-0003.98,+0000.69,-0006.12
+1580603336.87,-0009.77,-0009.77,-0017.58,-0001.61,-0003.52,-0009.19
+1580603336.88,-0000.98,-0012.70,-0017.58,+0000.92,-0000.61,-0011.94
+1580603336.88,+0001.95,-0012.70,-0018.55,-0002.07,-0001.38,-0010.18
+1580603336.89,-0001.95,-0013.67,-0018.55,+0000.23,+0004.29,-0008.65
+1580603336.89,-0011.72,-0014.65,-0019.53,-0002.45,-0001.00,-0013.32
+1580603336.90,-0006.84,-0017.58,-0018.55,-0001.30,-0005.13,-0009.65
+1580603336.90,+0004.88,-0018.55,-0019.53,-0002.22,+0002.07,-0005.05
+1580603336.91,-0005.86,-0020.51,-0020.51,+0001.68,+0002.60,-0010.41
+1580603336.91,-0017.58,-0017.58,-0020.51,-0002.68,-0000.84,-0014.62
+1580603336.92,-0006.84,-0021.48,-0018.55,+0000.69,-0003.14,-0015.77
+1580603336.92,+0000.98,-0021.48,-0018.55,+0002.07,+0003.52,-0013.48
+1580603336.93,-0012.70,-0019.53,-0017.58,-0000.84,-0001.99,-0010.64
+1580603336.93,-0010.74,-0018.55,-0016.60,-0001.30,-0001.61,-0011.33
+1580603336.94,-0001.95,-0023.44,-0015.62,+0001.38,+0001.45,-0008.65
+1580603336.94,-0005.86,-0021.48,-0015.62,+0000.00,-0000.08,-0008.65
+1580603336.95,-0006.84,-0020.51,-0015.62,-0002.30,-0004.52,-0007.20
+1580603336.95,+0000.98,-0021.48,-0014.65,-0000.31,-0001.84,-0003.14
+1580603336.96,-0009.77,-0022.46,-0014.65,+0001.00,+0001.00,-0009.11
+1580603336.96,-0013.67,-0019.53,-0012.70,+0000.61,-0002.07,-0008.35
+1580603336.97,-0001.95,-0020.51,-0009.77,+0001.30,+0002.14,-0011.33
+1580603336.97,-0008.79,-0020.51,-0007.81,+0001.23,+0002.99,-0013.63
+1580603336.98,-0010.74,-0015.62,-0004.88,+0002.76,+0001.00,-0012.02
+1580603336.98,-0009.77,-0016.60,-0002.93,-0000.08,-0001.15,-0011.71
+1580603336.99,-0009.77,-0015.62,-0000.98,+0003.90,-0000.23,-0007.35
+1580603336.99,-0011.72,-0013.67,+0000.98,+0002.68,-0001.00,-0008.19
+1580603337.00,-0011.72,-0011.72,+0001.95,-0000.15,+0000.54,-0009.65
+1580603337.00,-0011.72,-0010.74,+0002.93,+0001.15,-0000.08,-0011.25
+1580603337.01,-0011.72,-0010.74,+0004.88,+0001.99,-0001.15,-0010.72
+1580603337.01,-0007.81,-0008.79,+0006.84,+0001.07,-0001.15,-0009.88
+1580603337.02,-0008.79,-0007.81,+0007.81,+0002.60,-0000.31,-0011.64
+1580603337.02,-0009.77,-0005.86,+0008.79,+0003.29,-0001.38,-0012.86
+1580603337.03,-0001.95,-0004.88,+0009.77,+0002.45,+0000.69,-0011.56
+1580603337.03,-0005.86,-0002.93,+0010.74,+0003.14,-0000.46,-0013.86
+1580603337.04,-0008.79,-0000.98,+0012.70,+0001.68,-0004.06,-0012.33
+1580603337.04,-0001.95,+0000.98,+0014.65,+0001.23,+0000.77,-0015.47
+1580603337.05,+0001.95,+0000.98,+0016.60,+0003.22,+0001.07,-0008.19
+1580603337.05,-0001.95,+0005.86,+0017.58,+0001.84,+0001.68,-0013.86
+1580603337.06,-0004.88,+0006.84,+0018.55,+0002.83,-0006.74,-0009.49
+1580603337.06,+0007.81,+0007.81,+0019.53,+0000.23,+0000.08,-0011.33
+1580603337.07,+0003.91,+0006.84,+0020.51,+0003.06,-0002.68,-0007.50
+1580603337.07,+0004.88,+0011.72,+0022.46,+0002.22,-0002.30,-0006.51
+1580603337.08,+0005.86,+0010.74,+0022.46,+0001.07,+0001.61,-0010.49
+1580603337.08,+0008.79,+0011.72,+0023.44,+0001.23,-0000.92,-0009.03
+1580603337.09,+0011.72,+0014.65,+0024.41,+0004.21,+0000.61,-0014.93
+1580603337.09,+0007.81,+0014.65,+0026.37,+0001.91,-0003.60,-0013.93
+1580603337.10,+0013.67,+0016.60,+0027.34,+0002.99,-0002.45,-0009.65
+1580603337.10,+0016.60,+0016.60,+0028.32,+0001.61,+0000.69,-0007.20
+1580603337.11,+0008.79,+0017.58,+0027.34,+0002.76,+0002.30,-0008.58
+1580603337.11,+0006.84,+0018.55,+0028.32,-0000.23,-0002.60,-0007.81
+1580603337.12,+0013.67,+0019.53,+0028.32,-0000.69,+0001.68,-0006.97
+1580603337.12,+0009.77,+0016.60,+0028.32,+0003.06,+0001.68,-0009.34
+1580603337.13,+0003.91,+0017.58,+0028.32,+0000.31,-0001.00,-0008.73
+1580603337.13,+0006.84,+0016.60,+0028.32,-0001.15,-0000.31,-0007.66
+1580603337.14,+0004.88,+0015.62,+0027.34,-0001.38,+0002.53,-0007.12
+1580603337.14,+0000.98,+0015.62,+0026.37,+0002.53,-0000.77,-0008.73
+1580603337.15,+0002.93,+0014.65,+0024.41,-0002.45,-0002.30,-0009.49
+1580603337.15,+0001.95,+0012.70,+0023.44,-0000.84,-0000.69,-0012.94
+1580603337.16,-0000.98,+0012.70,+0021.48,-0001.15,-0001.38,-0009.03
+1580603337.16,+0001.95,+0010.74,+0019.53,+0001.30,-0000.77,-0016.61
+1580603337.17,+0003.91,+0009.77,+0018.55,-0004.59,+0000.46,-0019.29
+1580603337.17,+0009.77,+0010.74,+0016.60,-0001.30,-0002.45,-0021.67
+1580603337.18,+0010.74,+0009.77,+0015.62,-0002.30,-0002.22,-0013.86
+1580603337.18,+0013.67,+0008.79,+0013.67,+0001.15,-0004.59,-0007.66
+1580603337.19,+0016.60,+0007.81,+0011.72,-0002.53,-0003.90,-0005.13
+1580603337.19,+0018.55,+0007.81,+0009.77,-0003.75,-0003.68,-0000.84
+1580603337.20,+0016.60,+0005.86,+0005.86,-0002.83,+0002.68,-0011.03
+1580603337.20,+0014.65,+0004.88,+0004.88,-0004.67,-0007.27,-0006.28
+1580603337.21,+0019.53,+0002.93,+0001.95,-0000.84,+0002.30,-0015.70
+1580603337.21,+0010.74,+0002.93,+0001.95,-0002.99,-0001.07,-0017.00
+1580603337.22,+0017.58,+0003.91,+0000.98,+0001.53,-0004.36,-0014.16
+1580603337.22,+0019.53,+0000.00,+0000.98,+0004.29,+0000.92,-0014.16
+1580603337.23,+0009.77,+0002.93,+0000.98,-0002.76,-0002.76,-0011.18
+1580603337.23,+0016.60,+0001.95,+0000.98,-0000.08,-0002.14,-0010.95
+1580603337.24,+0019.53,-0000.98,+0000.00,-0001.00,-0000.54,-0008.73
+1580603337.24,+0014.65,+0000.00,-0001.95,-0000.77,-0001.61,-0005.82
+1580603337.25,+0013.67,+0000.98,-0002.93,-0003.22,-0000.54,-0007.35
+1580603337.25,+0011.72,-0001.95,-0004.88,-0002.91,-0001.23,-0006.28
+1580603337.26,+0010.74,-0002.93,-0005.86,-0000.31,+0001.23,-0008.27
+1580603337.26,+0005.86,-0003.91,-0007.81,-0004.82,-0001.30,-0008.58
+1580603337.27,+0002.93,-0004.88,-0008.79,+0001.76,+0003.98,-0013.09
+1580603337.27,+0001.95,-0005.86,-0008.79,-0002.83,-0000.31,-0012.63
+1580603337.28,+0003.91,-0005.86,-0009.77,-0002.14,+0003.98,-0012.94
+1580603337.28,-0003.91,-0006.84,-0009.77,-0000.92,-0000.15,-0009.95
+1580603337.29,+0000.00,-0006.84,-0009.77,+0000.23,-0002.76,-0005.97
+1580603337.29,+0001.95,-0007.81,-0010.74,-0003.83,+0002.45,-0008.73
+1580603337.30,-0007.81,-0006.84,-0010.74,+0000.61,-0004.82,-0006.12
+1580603337.30,+0000.98,-0007.81,-0011.72,-0005.36,-0001.45,-0004.59
+1580603337.31,+0004.88,-0009.77,-0012.70,-0000.84,-0000.77,-0006.66
+1580603337.31,-0002.93,-0009.77,-0013.67,+0000.08,-0001.68,-0013.25
+1580603337.32,-0001.95,-0007.81,-0013.67,-0003.83,-0003.14,-0016.00
+1580603337.32,+0009.77,-0010.74,-0013.67,-0000.61,-0003.90,-0009.26
+1580603337.33,+0007.81,-0008.79,-0013.67,-0000.38,+0005.51,-0016.08
+1580603337.33,+0003.91,-0007.81,-0013.67,+0007.73,+0019.45,-0030.85
+1580603337.34,-0025.39,-0004.88,-0014.65,-0006.97,-0007.43,-0015.31
+1580603337.34,+0000.98,-0004.88,-0011.72,+0007.35,-0001.38,-0020.52
+1580603337.35,+0011.72,-0007.81,-0010.74,+0003.45,+0008.65,-0013.93
+1580603337.35,-0013.67,-0004.88,-0008.79,+0005.36,-0001.23,-0008.65
+1580603337.36,-0005.86,+0000.98,-0007.81,-0003.98,-0003.06,-0008.27
+1580603337.36,+0003.91,-0006.84,-0006.84,+0000.38,+0003.29,-0014.09
+1580603337.37,+0000.98,-0004.88,-0007.81,+0001.38,+0001.84,-0009.19
+1580603337.37,-0004.88,+0000.00,-0005.86,+0000.69,-0000.46,-0011.25
+1580603337.38,+0003.91,-0003.91,-0005.86,+0000.69,-0006.20,-0002.45
+1580603337.38,+0004.88,-0002.93,-0005.86,-0002.07,+0000.54,-0012.94
+1580603337.39,-0006.84,+0000.00,-0003.91,+0003.06,-0000.15,-0013.63
+1580603337.39,+0002.93,+0000.98,-0002.93,-0000.31,+0001.23,-0010.80
+1580603337.40,+0004.88,-0003.91,-0001.95,-0000.23,+0000.23,-0010.03
+1580603337.40,-0002.93,+0000.98,-0000.98,-0000.54,+0002.07,-0007.58
+1580603337.41,-0007.81,+0000.98,+0000.00,+0003.14,-0000.84,-0008.88
+1580603337.41,+0002.93,+0000.00,+0001.95,+0000.23,+0000.08,-0006.58
+1580603337.42,-0000.98,+0000.00,+0002.93,+0001.07,-0001.00,-0008.88
+1580603337.42,-0005.86,+0003.91,+0004.88,+0000.46,+0001.61,-0006.89
+1580603337.43,-0001.95,+0002.93,+0004.88,+0000.84,+0002.14,-0008.35
+1580603337.43,-0004.88,+0000.98,+0004.88,-0000.23,+0000.08,-0010.41
+1580603337.44,-0006.84,+0004.88,+0004.88,-0001.76,-0001.30,-0012.33
+1580603337.44,+0000.00,+0003.91,+0005.86,+0001.45,+0000.31,-0008.65
+1580603337.45,-0003.91,+0002.93,+0004.88,+0000.08,+0005.36,-0013.40
+1580603337.45,-0009.77,+0003.91,+0005.86,-0000.69,-0001.84,-0013.25
+1580603337.46,+0004.88,+0004.88,+0005.86,-0001.00,+0002.45,-0012.33
+1580603337.46,-0000.98,+0001.95,+0004.88,+0000.38,+0001.38,-0010.34
+1580603337.47,-0003.91,+0004.88,+0004.88,+0000.31,-0001.99,-0011.10
+1580603337.47,+0005.86,+0003.91,+0004.88,+0000.23,-0001.76,-0005.97
+1580603337.48,+0006.84,+0000.98,+0004.88,+0000.15,+0003.83,-0004.90
+1580603337.48,-0002.93,+0002.93,+0004.88,-0000.15,+0000.08,-0011.25
+1580603337.49,+0002.93,+0003.91,+0003.91,-0001.53,-0003.83,-0010.41
+1580603337.49,+0008.79,+0000.98,+0002.93,+0004.21,+0000.46,-0010.64
+1580603337.50,+0001.95,+0000.00,+0002.93,+0000.69,-0001.38,-0008.96
+1580603337.50,+0000.00,+0001.95,+0001.95,-0000.84,+0002.83,-0012.48
+1580603337.51,+0000.98,-0001.95,+0001.95,+0001.53,-0002.76,-0013.86
+1580603337.51,+0005.86,-0001.95,+0001.95,+0001.30,+0001.38,-0010.57
+1580603337.52,+0006.84,-0001.95,+0002.93,+0000.92,-0000.08,-0009.11
+1580603337.52,+0002.93,-0002.93,+0002.93,-0001.30,-0000.84,-0009.65
+1580603337.53,+0004.88,-0002.93,+0002.93,-0000.46,-0000.23,-0009.65
+1580603337.53,+0006.84,-0004.88,+0001.95,-0000.69,+0002.83,-0008.80
+1580603337.54,+0001.95,-0005.86,+0000.98,-0000.46,-0000.69,-0011.33
+1580603337.54,+0005.86,-0005.86,+0001.95,+0001.15,+0000.54,-0007.50
+1580603337.55,+0004.88,-0007.81,+0000.00,-0002.14,+0001.38,-0008.19
+1580603337.55,+0000.98,-0009.77,-0000.98,+0001.91,-0001.07,-0003.37
+1580603337.56,-0002.93,-0008.79,-0001.95,-0003.68,+0002.45,-0009.11
+1580603337.56,-0003.91,-0009.77,-0001.95,+0001.53,-0001.99,-0007.81
+1580603337.57,+0003.91,-0009.77,-0000.98,+0001.23,+0004.44,-0013.32
+1580603337.57,-0003.91,-0009.77,+0000.00,-0000.54,-0002.14,-0010.95
+1580603337.58,-0001.95,-0008.79,+0000.98,-0000.84,+0002.37,-0013.70
+1580603337.58,-0002.93,-0011.72,+0000.00,-0001.07,-0001.30,-0014.39
+1580603337.59,-0000.98,-0010.74,-0000.98,+0001.15,-0002.30,-0009.72
+1580603337.59,+0002.93,-0009.77,-0001.95,-0001.53,-0001.00,-0010.49
+1580603337.60,-0002.93,-0009.77,-0001.95,-0001.00,-0000.61,-0005.13
+1580603337.60,-0002.93,-0009.77,-0001.95,+0002.07,-0000.84,-0008.19
+1580603337.61,+0000.00,-0010.74,-0001.95,-0002.07,-0002.68,-0010.57
+1580603337.61,+0003.91,-0009.77,-0001.95,+0000.15,-0002.30,-0017.07
+1580603337.62,+0000.00,-0007.81,+0000.00,-0000.15,+0000.31,-0016.38
+1580603337.62,+0000.98,-0007.81,+0000.00,+0003.98,-0000.31,-0012.25
+1580603337.63,+0003.91,-0007.81,+0000.00,-0002.30,-0001.07,-0014.01
+1580603337.63,+0001.95,-0005.86,+0001.95,+0000.15,-0001.38,-0009.26
+1580603337.64,+0006.84,-0005.86,+0001.95,+0001.84,-0001.30,-0006.66
+1580603337.64,+0005.86,-0006.84,+0002.93,+0001.45,+0001.30,-0010.18
+1580603337.65,+0003.91,-0004.88,+0003.91,-0004.44,-0002.76,-0010.18
+1580603337.65,+0013.67,-0004.88,+0002.93,+0000.38,-0000.08,-0009.26
+1580603337.66,+0010.74,-0005.86,+0002.93,+0002.76,+0002.37,-0012.71
+1580603337.66,+0007.81,-0002.93,+0004.88,+0000.08,-0004.21,-0013.09
+1580603337.67,+0016.60,-0002.93,+0005.86,+0003.60,+0001.84,-0009.65
+1580603337.67,+0015.62,-0003.91,+0006.84,+0001.45,-0001.00,-0011.94
+1580603337.68,+0007.81,-0001.95,+0007.81,-0000.31,-0002.22,-0009.03
+1580603337.68,+0008.79,-0000.98,+0007.81,+0001.76,+0000.61,-0013.70
+1580603337.69,+0016.60,-0003.91,+0007.81,+0002.22,-0000.15,-0005.67
+1580603337.69,+0012.70,-0001.95,+0007.81,-0002.99,+0001.00,-0004.67
+1580603337.70,+0002.93,-0001.95,+0008.79,+0002.07,+0001.91,-0005.67
+1580603337.70,+0003.91,-0002.93,+0008.79,-0000.54,-0001.07,-0009.34
+1580603337.71,+0010.74,-0002.93,+0008.79,+0003.06,+0002.22,-0009.80
+1580603337.71,+0003.91,-0001.95,+0008.79,+0000.15,+0001.30,-0010.03
+1580603337.72,-0003.91,-0000.98,+0009.77,-0000.31,+0000.46,-0010.95
+1580603337.72,+0000.00,-0001.95,+0009.77,-0001.38,+0000.00,-0010.80
+1580603337.73,+0004.88,-0004.88,+0008.79,+0001.99,-0000.84,-0008.42
+1580603337.73,+0000.00,-0002.93,+0007.81,-0004.90,+0001.61,-0011.10
+1580603337.74,-0003.91,-0002.93,+0006.84,+0000.46,-0001.23,-0007.58
+1580603337.74,+0000.00,-0005.86,+0005.86,-0001.38,+0001.45,-0009.88
+1580603337.75,-0001.95,-0006.84,+0003.91,-0002.30,-0003.83,-0009.72
+1580603337.75,+0000.00,-0004.88,+0003.91,-0000.31,+0000.69,-0010.80
+1580603337.76,+0000.00,-0007.81,+0003.91,+0000.00,+0000.46,-0012.94
+1580603337.76,-0001.95,-0007.81,+0002.93,-0002.45,-0001.38,-0014.70
+1580603337.77,+0000.98,-0006.84,+0003.91,-0001.15,-0004.29,-0013.25
+1580603337.77,+0008.79,-0008.79,+0002.93,-0003.75,-0008.80,+0004.06
+1580603337.78,+0010.74,-0009.77,+0001.95,+0002.07,+0007.73,-0013.17
+1580603337.78,-0011.72,-0007.81,+0000.00,-0004.98,-0002.22,-0010.72
+1580603337.79,+0000.00,-0007.81,-0000.98,+0003.52,-0001.84,-0016.08
+1580603337.79,+0010.74,-0011.72,-0000.98,-0002.37,+0001.07,-0012.17
+1580603337.80,+0000.98,-0008.79,+0000.00,+0004.06,+0002.37,-0010.80
+1580603337.80,-0002.93,-0004.88,+0000.98,-0003.37,-0002.53,-0014.62
+1580603337.81,+0003.91,-0009.77,+0000.00,+0002.45,-0003.83,-0012.56
+1580603337.81,+0008.79,-0010.74,-0000.98,+0000.92,+0001.30,-0006.28
+1580603337.82,+0000.00,-0004.88,+0000.98,+0001.38,-0001.30,-0006.66
+1580603337.82,+0000.00,-0004.88,+0000.98,-0003.90,+0000.92,-0010.57
+1580603337.83,+0005.86,-0007.81,+0000.98,-0001.23,-0000.61,-0011.41
+1580603337.83,+0006.84,-0005.86,+0001.95,-0000.38,+0001.00,-0007.73
+1580603337.84,-0000.98,-0001.95,+0001.95,+0001.45,+0003.22,-0009.26
+1580603337.84,-0006.84,-0003.91,+0002.93,-0002.68,+0000.84,-0011.71
+1580603337.85,+0003.91,-0003.91,+0003.91,-0000.23,+0002.14,-0009.42
+1580603337.85,+0001.95,-0002.93,+0003.91,+0003.29,+0001.84,-0007.73
+1580603337.86,-0006.84,+0000.00,+0004.88,+0000.92,-0000.84,-0008.65
+1580603337.86,-0003.91,+0000.98,+0005.86,+0000.61,-0003.37,-0009.57
+1580603337.87,+0000.98,+0000.00,+0006.84,+0002.45,+0001.53,-0007.50
+1580603337.87,+0000.00,+0002.93,+0006.84,-0000.69,+0000.15,-0007.73
+1580603337.88,-0006.84,+0005.86,+0007.81,-0001.45,+0000.61,-0013.63
+1580603337.88,-0000.98,+0004.88,+0006.84,+0001.30,+0000.38,-0010.18
+1580603337.89,+0000.98,+0004.88,+0006.84,-0001.07,+0000.08,-0009.19
+1580603337.89,-0004.88,+0006.84,+0007.81,-0000.54,-0000.84,-0006.74
+1580603337.90,-0005.86,+0008.79,+0007.81,-0001.23,-0000.08,-0017.38
+1580603337.90,-0002.93,+0007.81,+0008.79,+0000.15,-0007.20,-0006.89
+1580603337.91,+0006.84,+0008.79,+0008.79,+0002.07,+0005.82,-0011.48
+1580603337.91,-0009.77,+0009.77,+0008.79,+0000.08,+0001.23,-0012.02
+1580603337.92,+0000.00,+0011.72,+0008.79,-0001.91,-0002.07,-0009.65
+1580603337.92,+0006.84,+0007.81,+0008.79,-0000.38,+0004.13,-0009.03
+1580603337.93,-0004.88,+0010.74,+0008.79,+0002.45,-0001.61,-0008.04
+1580603337.93,-0001.95,+0013.67,+0008.79,-0000.15,-0000.54,-0013.17
+1580603337.94,+0000.98,+0009.77,+0008.79,+0000.31,+0000.84,-0011.87
+1580603337.94,+0000.98,+0010.74,+0007.81,-0000.08,-0001.76,-0011.33
+1580603337.95,+0003.91,+0011.72,+0007.81,-0002.60,-0002.76,-0010.72
+1580603337.95,+0001.95,+0008.79,+0006.84,+0000.31,+0001.30,-0013.78
+1580603337.96,-0000.98,+0008.79,+0005.86,+0000.00,-0002.37,-0013.09
+1580603337.96,+0004.88,+0008.79,+0005.86,-0003.45,-0001.30,-0017.00
+1580603337.97,+0009.77,+0006.84,+0003.91,-0001.15,-0003.68,-0010.57
+1580603337.97,+0008.79,+0004.88,+0002.93,-0003.14,+0002.91,-0010.41
+1580603337.98,-0005.86,+0005.86,+0001.95,-0004.75,-0002.60,-0010.95
+1580603337.98,+0006.84,+0003.91,+0000.98,+0001.76,-0004.52,-0004.29
+1580603337.99,+0014.65,+0000.00,+0000.00,-0003.60,+0000.54,-0001.38
+1580603337.99,+0000.98,+0000.00,-0000.98,-0002.22,+0003.14,-0000.54
+1580603338.00,-0010.74,+0001.95,-0001.95,-0001.00,+0003.90,-0015.08
+1580603338.00,-0004.88,-0001.95,-0002.93,-0002.45,-0003.22,-0015.93
+1580603338.01,+0008.79,-0002.93,-0002.93,-0000.54,+0008.04,-0013.25
+1580603338.01,-0008.79,-0001.95,-0001.95,-0001.23,-0000.15,-0003.22
+1580603338.02,-0011.72,+0000.98,-0002.93,-0000.38,-0000.84,-0007.27
+1580603338.02,-0002.93,-0003.91,-0003.91,+0000.08,-0004.36,-0012.63
+1580603338.03,+0001.95,-0005.86,-0004.88,-0001.91,+0004.13,-0008.27
+1580603338.03,-0013.67,-0001.95,-0006.84,-0004.52,+0003.22,-0007.04
+1580603338.04,-0012.70,-0002.93,-0007.81,-0004.06,-0003.83,-0006.20
+1580603338.04,-0006.84,-0005.86,-0009.77,-0005.44,+0002.76,-0007.81
+1580603338.05,-0009.77,-0006.84,-0010.74,+0000.15,+0000.08,-0006.35
+1580603338.05,-0011.72,-0002.93,-0010.74,-0003.45,+0002.37,-0010.80
+1580603338.06,-0012.70,-0005.86,-0010.74,-0000.69,-0005.21,-0009.88
+1580603338.06,+0000.98,-0005.86,-0010.74,-0003.83,+0002.37,-0010.18
+1580603338.07,-0006.84,-0006.84,-0011.72,-0001.15,+0003.68,-0013.70
+1580603338.07,-0013.67,-0004.88,-0011.72,-0000.08,-0002.53,-0013.78
+1580603338.08,-0001.95,-0004.88,-0011.72,-0001.45,-0002.60,-0012.25
+1580603338.08,+0001.95,-0008.79,-0011.72,-0002.22,+0000.46,-0009.03
+1580603338.09,-0005.86,-0005.86,-0010.74,+0001.30,+0002.37,-0010.49
+1580603338.09,-0004.88,-0004.88,-0010.74,-0001.23,-0002.76,-0009.57
+1580603338.10,+0004.88,-0007.81,-0010.74,-0001.38,+0001.30,-0009.19
+1580603338.10,+0003.91,-0007.81,-0010.74,-0001.76,-0000.46,-0010.57
+1580603338.11,+0000.00,-0003.91,-0008.79,+0002.37,-0000.38,-0011.48
+1580603338.11,+0005.86,-0006.84,-0007.81,+0000.54,-0001.15,-0004.82
+1580603338.12,+0007.81,-0007.81,-0007.81,-0000.23,+0006.43,-0012.79
+1580603338.12,-0009.77,-0005.86,-0006.84,-0001.00,-0001.84,-0010.18
+1580603338.13,+0000.00,-0003.91,-0004.88,+0003.45,-0000.46,-0008.58
+1580603338.13,-0000.98,-0008.79,-0003.91,+0003.45,+0001.61,-0008.19
+1580603338.14,-0007.81,-0005.86,-0001.95,-0000.46,+0001.38,-0005.90
+1580603338.14,-0009.77,-0003.91,+0000.00,+0000.54,+0004.21,-0014.01
+1580603338.15,-0007.81,-0006.84,+0000.98,+0001.23,+0001.61,-0006.43
+1580603338.15,-0002.93,-0005.86,+0001.95,+0000.46,+0004.90,-0010.64
+1580603338.16,-0011.72,-0003.91,+0002.93,-0000.77,-0002.37,-0005.74
+1580603338.16,-0008.79,-0003.91,+0002.93,+0001.91,+0001.15,-0006.35
+1580603338.17,-0013.67,-0005.86,+0003.91,+0002.30,-0001.45,-0010.80
+1580603338.17,-0008.79,-0002.93,+0004.88,+0001.23,+0001.30,-0008.73
+1580603338.18,-0009.77,-0002.93,+0005.86,-0000.23,+0003.68,-0014.47
+1580603338.18,-0012.70,-0002.93,+0006.84,+0000.46,+0003.68,-0021.05
+1580603338.19,-0000.98,-0003.91,+0007.81,-0008.27,-0019.14,+0016.54
+1580603338.19,+0007.81,-0003.91,+0005.86,+0008.80,+0027.79,-0027.33
+1580603338.20,-0042.97,-0004.88,+0005.86,-0018.99,-0003.75,-0011.56
+1580603338.20,+0005.86,+0006.84,+0008.79,-0005.44,-0003.90,-0021.74
+1580603338.21,+0011.72,-0008.79,+0006.84,+0000.46,+0001.00,-0007.50
+1580603338.21,-0007.81,-0007.81,+0008.79,+0003.68,+0001.99,+0001.53
+1580603338.22,-0007.81,+0007.81,+0010.74,-0000.77,-0005.36,-0004.52
+1580603338.22,+0006.84,-0001.95,+0009.77,+0000.08,-0001.23,-0008.19
+1580603338.23,+0004.88,-0008.79,+0007.81,+0000.92,+0002.83,-0008.50
+1580603338.23,-0006.84,+0002.93,+0008.79,+0003.75,-0000.31,-0013.93
+1580603338.24,+0005.86,+0002.93,+0009.77,-0000.61,+0000.38,-0013.86
+1580603338.24,+0005.86,-0004.88,+0010.74,+0003.14,+0000.38,-0013.17
+1580603338.25,-0003.91,+0000.98,+0011.72,+0002.68,+0000.00,-0012.94
+1580603338.25,+0000.98,+0004.88,+0013.67,-0001.76,-0001.00,-0012.79
+1580603338.26,+0006.84,-0000.98,+0013.67,+0002.07,-0001.07,-0011.03
+1580603338.26,+0004.88,+0000.98,+0013.67,-0000.15,-0000.84,-0008.04
+1580603338.27,+0000.00,+0002.93,+0013.67,+0001.61,-0000.77,-0008.42
+1580603338.27,+0002.93,+0000.98,+0013.67,+0000.23,-0001.30,-0007.89
+1580603338.28,+0004.88,+0000.98,+0012.70,+0001.07,+0000.92,-0007.43
+1580603338.28,+0000.00,+0001.95,+0012.70,-0001.23,-0000.84,-0006.81
+1580603338.29,-0001.95,+0001.95,+0012.70,-0000.61,+0000.23,-0006.20
+1580603338.29,-0002.93,+0000.98,+0011.72,-0000.08,+0000.00,-0011.64
+1580603338.30,-0001.95,+0000.98,+0011.72,+0000.46,-0001.30,-0010.57
+1580603338.30,+0000.00,+0001.95,+0010.74,+0000.08,+0002.14,-0014.01
+1580603338.31,-0002.93,+0000.00,+0010.74,-0001.00,+0001.45,-0007.43
+1580603338.31,-0005.86,+0000.98,+0009.77,-0001.91,+0002.53,-0011.18
+1580603338.32,-0006.84,+0000.00,+0008.79,-0000.15,-0003.14,-0007.12
+1580603338.32,+0000.98,+0000.00,+0007.81,+0000.23,+0001.68,-0009.49
+1580603338.33,-0001.95,-0001.95,+0006.84,-0001.00,-0000.92,-0008.65
+1580603338.33,-0005.86,+0000.98,+0005.86,-0001.07,+0001.00,-0011.87
+1580603338.34,-0002.93,-0001.95,+0004.88,-0003.60,-0002.53,-0008.96
+1580603338.34,+0000.00,-0001.95,+0002.93,-0003.83,-0001.00,-0014.78
+1580603338.35,-0002.93,-0001.95,+0002.93,+0002.53,-0003.60,-0011.71
+1580603338.35,+0002.93,+0000.98,+0003.91,-0001.15,-0000.38,-0012.79
+1580603338.36,+0001.95,-0000.98,+0002.93,-0001.99,+0000.08,-0011.48
+1580603338.36,+0002.93,+0000.98,+0003.91,-0003.14,+0002.22,-0012.17
+1580603338.37,+0000.00,+0000.98,+0002.93,-0000.08,-0000.31,-0012.86
+1580603338.37,+0004.88,+0001.95,+0002.93,-0001.84,-0003.83,-0011.33
+1580603338.38,+0008.79,+0000.00,+0002.93,+0001.61,+0000.92,-0008.19
+1580603338.38,+0002.93,+0001.95,+0002.93,+0000.84,+0002.07,-0010.49
+1580603338.39,+0000.98,+0001.95,+0002.93,-0000.77,-0004.44,-0010.64
+1580603338.39,+0012.70,+0000.98,+0002.93,-0001.45,-0002.07,-0009.72
+1580603338.40,+0006.84,+0000.98,+0003.91,+0001.45,+0001.91,-0010.03
+1580603338.40,+0001.95,+0003.91,+0004.88,+0002.30,-0003.22,-0009.49
+1580603338.41,+0006.84,+0003.91,+0005.86,+0000.23,+0000.54,-0013.09
+1580603338.41,+0007.81,+0001.95,+0006.84,+0000.31,-0001.00,-0012.71
+1580603338.42,+0006.84,+0003.91,+0006.84,+0000.92,+0001.38,-0012.63
+1580603338.42,+0005.86,+0004.88,+0007.81,+0001.68,-0001.15,-0009.72
+1580603338.43,+0003.91,+0003.91,+0007.81,+0000.31,+0001.38,-0007.50
+1580603338.43,+0004.88,+0003.91,+0007.81,-0000.23,-0000.84,-0005.97
+1580603338.44,+0006.84,+0003.91,+0006.84,+0002.37,+0000.54,-0006.20
+1580603338.44,+0003.91,+0002.93,+0007.81,+0000.92,+0000.31,-0006.97
+1580603338.45,+0002.93,+0003.91,+0007.81,-0000.23,+0000.54,-0008.88
+1580603338.45,+0002.93,+0003.91,+0008.79,+0001.99,+0000.38,-0013.09
+1580603338.46,+0001.95,+0002.93,+0008.79,-0000.08,+0001.23,-0008.58
+1580603338.46,+0000.00,+0003.91,+0007.81,+0001.30,+0000.38,-0009.26
+1580603338.47,-0001.95,+0003.91,+0008.79,+0001.61,-0001.91,-0008.73
+1580603338.47,+0000.00,+0002.93,+0008.79,-0000.38,+0000.38,-0008.88
+1580603338.48,-0004.88,+0002.93,+0007.81,+0001.84,+0003.52,-0012.48
+1580603338.48,-0005.86,+0002.93,+0007.81,-0000.31,-0002.14,-0008.88
+1580603338.49,+0000.98,+0002.93,+0007.81,-0001.91,+0000.31,-0013.78
+1580603338.49,-0000.98,+0001.95,+0006.84,-0001.84,-0001.61,-0010.11
+1580603338.50,-0000.98,+0002.93,+0006.84,-0000.31,+0001.53,-0011.79
+1580603338.50,-0003.91,+0001.95,+0005.86,+0000.31,-0001.76,-0011.25
+1580603338.51,+0002.93,+0001.95,+0005.86,+0000.38,-0002.07,-0013.70
+1580603338.51,+0003.91,+0000.98,+0005.86,-0003.37,-0001.68,-0012.25
+1580603338.52,+0000.98,+0002.93,+0004.88,+0002.60,-0000.77,-0010.87
+1580603338.52,+0001.95,+0000.98,+0004.88,+0002.07,-0001.30,-0009.95
+1580603338.53,+0005.86,+0000.98,+0004.88,-0001.45,-0000.46,-0008.27
+1580603338.53,+0003.91,+0000.98,+0004.88,+0000.15,+0000.92,-0011.33
+1580603338.54,+0003.91,+0000.98,+0004.88,+0000.15,+0001.76,-0010.64
+1580603338.54,+0003.91,+0000.98,+0004.88,+0003.06,+0000.69,-0011.87
+1580603338.55,+0005.86,+0000.98,+0005.86,+0003.29,-0003.45,-0008.65
+1580603338.55,+0007.81,+0001.95,+0006.84,+0000.00,+0000.31,-0010.87
+1580603338.56,+0006.84,+0000.00,+0006.84,+0004.36,+0001.15,-0008.12
+1580603338.56,+0004.88,+0001.95,+0006.84,+0001.53,+0001.53,-0006.66
+1580603338.57,+0000.98,+0000.98,+0006.84,+0001.68,-0000.77,-0008.27
+1580603338.57,+0003.91,+0000.98,+0007.81,-0001.84,+0001.68,-0007.66
+1580603338.58,+0000.98,+0000.00,+0006.84,+0001.30,+0001.53,-0006.81
+1580603338.58,-0002.93,+0000.00,+0007.81,-0000.31,+0001.30,-0005.28
+1580603338.59,+0000.00,+0000.00,+0007.81,+0000.77,+0000.31,-0003.60
+1580603338.59,-0011.72,-0000.98,+0007.81,+0003.37,+0002.30,-0016.00
+1580603338.60,-0014.65,+0000.00,+0007.81,-0002.45,-0002.53,-0012.86
+1580603338.60,-0001.95,-0000.98,+0007.81,+0003.52,-0000.77,-0014.01
+1580603338.61,-0002.93,-0004.88,+0007.81,+0004.59,+0007.12,-0012.56
+1580603338.61,-0027.34,+0000.98,+0006.84,-0007.04,-0007.43,-0005.82
+1580603338.62,-0009.77,+0000.00,+0006.84,+0003.60,-0001.68,-0010.49
+1580603338.62,-0001.95,-0003.91,+0005.86,-0005.59,+0003.22,-0010.34
+1580603338.63,-0014.65,-0000.98,+0005.86,+0000.69,-0000.31,-0006.97
+1580603338.63,-0017.58,+0000.98,+0005.86,-0001.53,-0000.84,-0014.16
+1580603338.64,-0007.81,-0003.91,+0005.86,+0003.75,-0005.90,-0008.88
+1580603338.64,-0001.95,-0002.93,+0004.88,-0000.38,+0000.92,-0006.97
+1580603338.65,-0015.62,-0000.98,+0005.86,-0001.84,-0005.13,-0010.64
+1580603338.65,-0006.84,+0000.00,+0005.86,+0000.38,+0000.15,-0012.33
+1580603338.66,-0002.93,-0002.93,+0006.84,+0000.31,+0000.84,-0015.31
+1580603338.66,-0003.91,+0000.00,+0006.84,+0003.45,+0001.23,-0011.64
+1580603338.67,-0006.84,+0001.95,+0007.81,-0001.91,-0001.68,-0013.55
+1580603338.67,-0004.88,+0000.00,+0007.81,+0000.46,-0001.23,-0013.55
+1580603338.68,+0000.98,+0000.00,+0008.79,-0000.84,-0000.38,-0008.04
+1580603338.68,-0008.79,+0001.95,+0009.77,+0003.14,+0000.54,-0013.25
+1580603338.69,-0008.79,+0003.91,+0010.74,+0001.38,-0002.68,-0011.79
+1580603338.69,+0002.93,+0002.93,+0011.72,+0002.83,-0000.23,-0011.48
+1580603338.70,-0001.95,+0003.91,+0012.70,+0003.68,-0003.45,-0005.82
+1580603338.70,-0001.95,+0005.86,+0014.65,+0000.54,+0001.68,-0009.03
+1580603338.71,-0003.91,+0005.86,+0014.65,+0001.99,+0001.99,-0014.39
+1580603338.71,-0001.95,+0005.86,+0015.62,+0001.30,-0003.14,-0008.27
+1580603338.72,+0001.95,+0007.81,+0015.62,-0001.91,-0001.15,-0010.80
+1580603338.72,-0003.91,+0006.84,+0016.60,+0002.30,-0001.53,-0006.28
+1580603338.73,-0001.95,+0008.79,+0016.60,+0000.92,+0002.14,-0009.34
+1580603338.73,-0000.98,+0006.84,+0017.58,+0004.36,-0001.76,-0005.05
+1580603338.74,+0001.95,+0008.79,+0017.58,-0002.76,+0003.14,-0010.34
+1580603338.74,-0001.95,+0009.77,+0018.55,+0002.83,-0003.98,-0009.88
+1580603338.75,+0004.88,+0009.77,+0018.55,+0001.38,-0003.06,-0007.20
+1580603338.75,+0000.98,+0009.77,+0018.55,+0001.53,-0003.37,-0008.73
+1580603338.76,-0000.98,+0011.72,+0018.55,+0001.91,-0001.91,-0006.51
+1580603338.76,-0000.98,+0012.70,+0017.58,-0000.15,+0002.83,-0014.70
+1580603338.77,-0003.91,+0011.72,+0017.58,+0001.30,+0000.38,-0008.96
+1580603338.77,+0002.93,+0013.67,+0018.55,-0000.69,+0002.53,-0012.86
+1580603338.78,+0000.98,+0011.72,+0017.58,+0000.61,-0003.83,-0010.11
+1580603338.78,+0003.91,+0013.67,+0017.58,+0002.07,-0000.61,-0009.03
+1580603338.79,+0002.93,+0013.67,+0016.60,+0002.14,-0003.60,-0011.18
+1580603338.79,+0006.84,+0013.67,+0016.60,+0000.54,-0000.15,-0008.65
+1580603338.80,+0008.79,+0012.70,+0015.62,-0000.31,-0000.54,-0009.88
+1580603338.80,+0004.88,+0013.67,+0014.65,+0001.30,-0001.53,-0010.49
+1580603338.81,+0008.79,+0013.67,+0014.65,+0002.53,-0004.44,-0011.41
+1580603338.81,+0013.67,+0012.70,+0014.65,-0002.91,+0001.07,-0008.65
+1580603338.82,+0008.79,+0011.72,+0013.67,+0002.37,+0000.08,-0008.58
+1580603338.82,+0009.77,+0012.70,+0013.67,+0002.45,+0001.07,-0011.33
+1580603338.83,+0007.81,+0011.72,+0012.70,+0000.38,+0001.91,-0011.48
+1580603338.83,+0007.81,+0012.70,+0012.70,+0002.30,-0000.92,-0011.03
+1580603338.84,+0006.84,+0012.70,+0012.70,+0000.38,-0001.00,-0013.32
+1580603338.84,+0005.86,+0012.70,+0012.70,+0003.22,+0000.84,-0009.26
+1580603338.85,+0002.93,+0012.70,+0012.70,-0001.91,+0000.46,-0008.50
+1580603338.85,+0005.86,+0013.67,+0012.70,-0000.38,-0000.38,-0007.96
+1580603338.86,+0002.93,+0012.70,+0011.72,-0000.69,+0001.38,-0009.03
+1580603338.86,+0000.98,+0013.67,+0010.74,+0001.76,-0001.23,-0006.81
+1580603338.87,+0000.98,+0012.70,+0009.77,-0004.67,+0000.00,-0009.03
+1580603338.87,-0003.91,+0012.70,+0007.81,-0002.30,+0001.53,-0005.13
+1580603338.88,-0009.77,+0013.67,+0006.84,-0000.46,+0001.99,-0008.42
+1580603338.88,-0003.91,+0013.67,+0006.84,+0002.76,-0000.23,-0015.47
+1580603338.89,+0001.95,+0011.72,+0005.86,-0000.46,-0003.22,-0015.16
+1580603338.89,-0001.95,+0013.67,+0005.86,-0001.91,+0001.38,-0013.70
+1580603338.90,-0007.81,+0015.62,+0004.88,-0001.07,-0002.91,-0013.48
+1580603338.90,-0001.95,+0014.65,+0003.91,-0002.14,-0000.23,-0011.71
+1580603338.91,+0001.95,+0013.67,+0001.95,-0002.22,+0000.15,-0008.88
+1580603338.91,-0001.95,+0014.65,+0000.98,-0001.53,+0001.15,-0007.27
+1580603338.92,-0005.86,+0014.65,+0000.00,-0000.69,+0000.00,-0008.42
+1580603338.92,-0001.95,+0011.72,-0000.98,-0002.68,-0002.53,-0007.50
+1580603338.93,-0000.98,+0011.72,-0001.95,-0002.53,+0000.15,-0007.81
+1580603338.93,-0006.84,+0012.70,-0002.93,+0000.15,+0001.45,-0011.18
+1580603338.94,-0006.84,+0012.70,-0002.93,-0002.53,-0000.38,-0011.33
+1580603338.94,+0000.00,+0011.72,-0003.91,+0000.38,-0001.00,-0012.48
+1580603338.95,-0004.88,+0010.74,-0003.91,-0000.61,+0001.84,-0011.33
+1580603338.95,-0011.72,+0012.70,-0004.88,-0000.23,+0001.61,-0013.02
+1580603338.96,-0010.74,+0011.72,-0005.86,-0002.45,+0001.07,-0014.55
+1580603338.96,-0005.86,+0009.77,-0006.84,+0000.00,-0000.77,-0014.01
+1580603338.97,-0005.86,+0009.77,-0007.81,-0001.15,+0000.61,-0010.26
+1580603338.97,-0008.79,+0009.77,-0009.77,-0003.22,+0000.92,-0007.12
+1580603338.98,-0009.77,+0008.79,-0010.74,-0001.68,+0002.07,-0011.71
+1580603338.98,-0007.81,+0006.84,-0012.70,-0003.60,-0002.53,-0011.79
+1580603338.99,-0001.95,+0005.86,-0013.67,-0002.68,+0000.00,-0011.25
+1580603338.99,-0001.95,+0005.86,-0014.65,-0002.30,-0001.15,-0008.80
+1580603339.00,+0000.98,+0006.84,-0015.62,-0000.15,-0001.30,-0006.81
+1580603339.00,+0002.93,+0004.88,-0016.60,-0001.07,-0000.08,-0012.48
+1580603339.01,+0001.95,+0005.86,-0018.55,-0002.83,-0004.06,-0012.40
+1580603339.01,+0011.72,+0003.91,-0019.53,-0000.15,-0003.45,-0008.12
+1580603339.02,+0010.74,+0003.91,-0020.51,-0003.68,-0003.37,-0007.35
+1580603339.02,+0004.88,+0002.93,-0020.51,-0000.69,-0001.84,-0007.66
+1580603339.03,+0006.84,+0002.93,-0021.48,-0003.37,-0001.99,-0008.58
+1580603339.03,+0007.81,+0000.98,-0021.48,+0000.54,+0001.38,-0008.04
+1580603339.04,+0006.84,+0002.93,-0021.48,-0001.76,-0004.98,-0008.88
+1580603339.04,+0007.81,+0001.95,-0020.51,+0000.46,+0003.52,-0012.63
+1580603339.05,+0005.86,+0001.95,-0020.51,-0001.23,-0002.22,-0014.16
+1580603339.05,+0026.37,+0000.98,-0021.48,+0002.68,+0022.74,-0038.66
+1580603339.06,-0037.11,+0003.91,-0024.41,-0014.16,-0011.87,+0005.21
+1580603339.06,-0003.91,+0006.84,-0019.53,+0018.60,+0004.13,-0028.63
+1580603339.07,+0016.60,+0000.98,-0021.48,-0022.36,-0005.13,-0009.11
+1580603339.07,-0006.84,-0005.86,-0021.48,+0007.73,+0000.77,-0002.07
+1580603339.08,-0014.65,+0012.70,-0019.53,-0005.74,-0002.45,-0013.70
+1580603339.08,-0003.91,+0002.93,-0018.55,-0001.61,-0000.92,-0012.71
+1580603339.09,+0004.88,-0002.93,-0020.51,-0002.45,+0002.45,-0010.49
+1580603339.09,-0003.91,+0002.93,-0020.51,+0002.76,+0001.84,-0008.80
+1580603339.10,-0006.84,+0004.88,-0021.48,-0004.75,-0003.98,-0010.64
+1580603339.10,+0002.93,-0001.95,-0021.48,-0000.31,-0003.45,-0008.88
+1580603339.11,+0002.93,-0000.98,-0022.46,-0000.92,-0001.68,-0011.03
+1580603339.11,-0000.98,+0002.93,-0021.48,-0001.68,-0001.38,-0008.04
+1580603339.12,+0004.88,+0000.98,-0022.46,-0000.23,-0001.00,-0012.25
+1580603339.12,+0004.88,-0000.98,-0022.46,-0003.29,-0002.07,-0011.71
+1580603339.13,+0006.84,+0000.00,-0022.46,+0000.46,+0000.61,-0011.10
+1580603339.13,+0004.88,+0000.00,-0021.48,+0001.15,-0000.23,-0011.48
+1580603339.14,+0004.88,+0000.00,-0021.48,-0002.30,-0001.91,-0010.18
+1580603339.14,+0008.79,+0000.00,-0020.51,+0000.15,+0000.46,-0012.02
+1580603339.15,+0006.84,+0000.00,-0019.53,+0001.07,+0001.30,-0012.40
+1580603339.15,+0005.86,+0000.98,-0018.55,-0002.53,-0001.84,-0011.03
+1580603339.16,+0007.81,+0000.98,-0017.58,+0000.15,-0002.30,-0010.95
+1580603339.16,+0005.86,-0000.98,-0017.58,+0000.92,-0001.45,-0008.19
+1580603339.17,+0002.93,+0000.98,-0016.60,-0000.31,+0000.54,-0006.35
+1580603339.17,+0001.95,+0000.98,-0016.60,-0000.23,+0001.23,-0006.20
+1580603339.18,+0000.00,+0000.00,-0015.62,-0001.00,-0000.92,-0006.51
+1580603339.18,+0000.98,+0000.98,-0015.62,+0000.84,+0002.53,-0011.41
+1580603339.19,-0002.93,+0000.98,-0015.62,-0001.30,+0003.06,-0012.48
+1580603339.19,-0002.93,+0000.98,-0014.65,+0000.15,-0001.38,-0010.87
+1580603339.20,-0004.88,+0000.00,-0014.65,-0002.53,+0000.84,-0011.18
+1580603339.20,-0005.86,+0000.00,-0014.65,+0000.61,+0000.84,-0008.80
+1580603339.21,-0004.88,+0000.98,-0014.65,-0000.92,+0001.00,-0010.72
+1580603339.21,-0005.86,+0000.00,-0015.62,-0002.99,-0001.68,-0008.42
+1580603339.22,-0004.88,+0000.00,-0016.60,-0000.38,+0002.37,-0011.94
+1580603339.22,-0007.81,-0000.98,-0016.60,-0001.15,-0001.68,-0009.57
+1580603339.23,-0000.98,-0000.98,-0016.60,-0001.45,-0001.76,-0009.65
+1580603339.23,-0001.95,-0001.95,-0017.58,+0000.15,-0003.52,-0013.32
+1580603339.24,+0002.93,+0000.00,-0017.58,-0000.38,+0000.77,-0010.49
+1580603339.24,+0004.88,-0001.95,-0018.55,-0002.91,-0001.84,-0013.17
+1580603339.25,+0003.91,-0002.93,-0018.55,+0000.84,-0001.53,-0010.03
+1580603339.25,+0007.81,-0001.95,-0018.55,-0001.53,+0001.99,-0013.48
+1580603339.26,+0006.84,-0002.93,-0018.55,+0001.23,-0004.13,-0011.94
+1580603339.26,+0010.74,-0002.93,-0019.53,-0003.98,-0001.23,-0010.72
+1580603339.27,+0007.81,-0004.88,-0019.53,-0001.30,-0000.15,-0012.33
+1580603339.27,+0008.79,-0004.88,-0018.55,-0000.08,-0001.99,-0011.18
+1580603339.28,+0012.70,-0004.88,-0018.55,-0001.61,-0001.30,-0009.65
+1580603339.28,+0009.77,-0005.86,-0019.53,+0000.84,+0001.15,-0009.11
+1580603339.29,+0009.77,-0003.91,-0017.58,-0001.23,-0001.53,-0016.23
+1580603339.29,+0018.55,-0004.88,-0016.60,+0002.22,-0000.77,-0015.54
+1580603339.30,+0021.48,-0005.86,-0016.60,-0001.00,-0001.15,-0013.78
+1580603339.30,+0014.65,-0004.88,-0016.60,-0001.76,-0001.68,-0011.10
+1580603339.31,+0017.58,-0005.86,-0016.60,-0000.61,-0003.14,-0008.88
+1580603339.31,+0021.48,-0007.81,-0017.58,-0001.53,+0000.23,-0006.28
+1580603339.32,+0014.65,-0005.86,-0018.55,+0000.46,+0001.53,-0005.36
+1580603339.32,+0013.67,-0006.84,-0017.58,-0001.15,-0001.07,-0002.07
+1580603339.33,+0014.65,-0008.79,-0017.58,-0001.15,+0002.07,-0007.96
+1580603339.33,+0008.79,-0008.79,-0016.60,+0002.37,-0000.54,-0007.27
+1580603339.34,+0010.74,-0006.84,-0014.65,-0002.60,+0001.38,-0014.55
+1580603339.34,+0005.86,-0007.81,-0014.65,+0000.31,-0003.98,-0005.90
+1580603339.35,+0011.72,-0007.81,-0014.65,+0002.37,+0003.68,-0007.89
+1580603339.35,+0003.91,-0007.81,-0014.65,-0004.98,+0000.92,-0010.87
+1580603339.36,-0000.98,-0005.86,-0014.65,-0000.38,-0000.84,-0012.10
+1580603339.36,+0007.81,-0006.84,-0014.65,-0003.52,-0001.00,-0012.10
+1580603339.37,+0005.86,-0006.84,-0014.65,-0000.46,+0000.92,-0010.41
+1580603339.37,-0000.98,-0005.86,-0015.62,-0000.31,-0001.76,-0012.40
+1580603339.38,+0003.91,-0006.84,-0015.62,-0003.83,-0003.14,-0012.02
+1580603339.38,+0011.72,-0009.77,-0016.60,-0002.37,-0002.37,-0010.49
+1580603339.39,+0007.81,-0007.81,-0016.60,-0000.69,+0000.61,-0007.66
+1580603339.39,+0000.00,-0006.84,-0016.60,-0003.45,-0003.83,-0011.71
+1580603339.40,+0009.77,-0009.77,-0017.58,-0000.84,-0000.69,-0011.18
+1580603339.40,+0010.74,-0011.72,-0017.58,+0000.46,+0002.30,-0014.93
+1580603339.41,+0006.84,-0009.77,-0018.55,+0000.77,+0001.00,-0012.56
+1580603339.41,+0004.88,-0009.77,-0017.58,-0002.53,+0000.54,-0013.32
+1580603339.42,+0009.77,-0014.65,-0017.58,-0002.14,-0003.22,-0008.58
+1580603339.42,+0010.74,-0012.70,-0017.58,-0001.38,+0002.30,-0011.71
+1580603339.43,+0001.95,-0012.70,-0017.58,+0004.13,-0000.77,-0006.97
+1580603339.43,+0003.91,-0012.70,-0017.58,-0004.52,+0002.76,-0012.25
+1580603339.44,+0004.88,-0016.60,-0016.60,-0001.45,-0003.60,-0008.88
+1580603339.44,+0005.86,-0013.67,-0016.60,-0001.53,+0001.61,-0013.09
+1580603339.45,+0000.98,-0014.65,-0015.62,-0000.84,-0004.06,-0011.94
+1580603339.45,+0007.81,-0015.62,-0016.60,-0003.98,-0005.74,-0004.98
+1580603339.46,+0011.72,-0017.58,-0017.58,-0002.22,+0008.50,-0002.76
+1580603339.46,-0017.58,-0014.65,-0018.55,-0004.90,-0003.14,-0008.35
+1580603339.47,-0003.91,-0015.62,-0017.58,+0004.29,-0001.45,-0011.79
+1580603339.47,+0003.91,-0021.48,-0018.55,-0005.44,+0007.81,-0012.48
+1580603339.48,-0012.70,-0017.58,-0016.60,+0005.28,+0002.76,-0009.34
+1580603339.48,-0012.70,-0012.70,-0015.62,-0003.60,+0001.45,-0014.55
+1580603339.49,-0005.86,-0019.53,-0015.62,-0001.38,-0001.99,-0007.96
+1580603339.49,-0003.91,-0019.53,-0016.60,-0001.53,+0003.29,-0007.27
+1580603339.50,-0010.74,-0014.65,-0017.58,-0004.90,-0003.14,-0007.35
+1580603339.50,-0006.84,-0016.60,-0017.58,-0001.00,+0000.00,-0009.88
+1580603339.51,-0004.88,-0019.53,-0018.55,-0001.53,-0001.23,-0011.41
+1580603339.51,-0003.91,-0017.58,-0018.55,-0000.08,-0001.84,-0009.19
+1580603339.52,-0003.91,-0016.60,-0018.55,-0003.22,-0002.30,-0012.10
+1580603339.52,-0002.93,-0018.55,-0018.55,+0001.38,-0000.23,-0013.55
+1580603339.53,+0001.95,-0017.58,-0017.58,+0000.08,-0001.84,-0008.96
+1580603339.53,-0000.98,-0014.65,-0017.58,-0003.29,-0001.45,-0010.26
+1580603339.54,-0002.93,-0015.62,-0016.60,+0000.15,-0001.15,-0009.03
+1580603339.54,+0002.93,-0014.65,-0015.62,+0001.23,+0000.61,-0009.65
+1580603339.55,-0001.95,-0015.62,-0014.65,+0000.61,+0001.84,-0010.34
+1580603339.55,-0003.91,-0012.70,-0012.70,-0003.37,-0000.77,-0014.16
+1580603339.56,-0001.95,-0013.67,-0012.70,+0001.68,-0001.45,-0013.93
+1580603339.56,+0000.98,-0012.70,-0011.72,+0000.77,+0001.00,-0012.56
+1580603339.57,+0002.93,-0011.72,-0010.74,-0000.46,+0003.75,-0011.79
+1580603339.57,-0004.88,-0008.79,-0009.77,-0001.84,-0001.68,-0012.25
+1580603339.58,-0001.95,-0008.79,-0008.79,+0001.15,-0001.91,-0011.10
+1580603339.58,+0007.81,-0008.79,-0007.81,+0001.38,-0000.38,-0011.33
+1580603339.59,+0003.91,-0006.84,-0006.84,+0001.23,+0000.92,-0010.49
+1580603339.59,-0000.98,-0003.91,-0005.86,-0000.61,-0001.99,-0012.25
+1580603339.60,+0005.86,-0005.86,-0003.91,-0000.08,-0004.29,-0011.79
+1580603339.60,+0015.62,-0004.88,-0002.93,+0001.38,+0002.68,-0005.51
+1580603339.61,+0004.88,-0001.95,-0001.95,+0000.84,+0001.07,-0005.51
+1580603339.61,-0000.98,+0000.00,-0000.98,+0000.77,-0002.22,-0007.27
+1580603339.62,+0005.86,-0001.95,+0000.00,+0001.84,-0001.00,-0007.58
+1580603339.62,+0003.91,-0000.98,+0000.98,+0005.82,+0003.29,-0011.41
+1580603339.63,-0002.93,+0003.91,+0002.93,+0002.45,-0000.69,-0012.10
+1580603339.63,+0001.95,+0003.91,+0004.88,+0000.84,-0002.37,-0011.94
+1580603339.64,+0001.95,+0002.93,+0005.86,+0001.68,+0002.37,-0010.80
+1580603339.64,-0001.95,+0005.86,+0006.84,+0003.06,+0000.23,-0008.58
+1580603339.65,+0000.00,+0007.81,+0007.81,+0000.00,+0000.23,-0008.19
+1580603339.65,+0000.00,+0005.86,+0007.81,+0000.92,-0001.53,-0008.80
+1580603339.66,-0003.91,+0007.81,+0007.81,-0000.77,+0000.38,-0009.80
+1580603339.66,-0005.86,+0009.77,+0007.81,-0000.54,-0001.68,-0010.41
+1580603339.67,-0000.98,+0009.77,+0007.81,+0001.15,+0001.38,-0012.56
+1580603339.67,-0001.95,+0009.77,+0008.79,+0000.31,+0001.15,-0013.09
+1580603339.68,+0000.98,+0011.72,+0008.79,+0000.38,+0001.23,-0010.57
+1580603339.68,-0001.95,+0011.72,+0008.79,-0001.00,+0002.14,-0014.47
+1580603339.69,-0003.91,+0011.72,+0008.79,+0000.54,-0002.68,-0010.87
+1580603339.69,+0004.88,+0012.70,+0008.79,+0000.69,+0000.77,-0009.19
+1580603339.70,+0001.95,+0010.74,+0008.79,+0001.91,+0001.07,-0008.50
+1580603339.70,-0002.93,+0012.70,+0008.79,-0001.38,-0001.45,-0009.42
+1580603339.71,+0002.93,+0011.72,+0007.81,-0001.00,-0002.99,-0008.96
+1580603339.71,+0005.86,+0009.77,+0007.81,-0001.68,+0000.08,-0007.20
+1580603339.72,+0002.93,+0010.74,+0006.84,+0001.38,+0000.08,-0008.96
+1580603339.72,+0000.00,+0011.72,+0006.84,-0000.77,-0000.69,-0012.02
+1580603339.73,+0004.88,+0009.77,+0005.86,+0000.15,+0001.53,-0012.94
+1580603339.73,+0001.95,+0009.77,+0005.86,-0001.61,-0002.30,-0011.64
+1580603339.74,+0002.93,+0009.77,+0004.88,+0000.84,+0001.99,-0017.00
+1580603339.74,+0006.84,+0008.79,+0003.91,-0004.06,+0000.31,-0018.60
+1580603339.75,+0008.79,+0008.79,+0003.91,-0001.45,+0001.68,-0009.65
+1580603339.75,+0001.95,+0007.81,+0001.95,-0000.61,-0001.45,-0000.69
+1580603339.76,+0002.93,+0006.84,+0000.98,-0001.00,-0002.30,+0001.00
+1580603339.76,-0002.93,+0003.91,-0000.98,-0002.22,+0001.45,+0005.90
+1580603339.77,-0005.86,+0004.88,-0000.98,-0000.92,+0001.91,+0001.68
+1580603339.77,-0011.72,+0003.91,-0001.95,-0002.53,+0006.05,-0003.14
+1580603339.78,-0016.60,+0000.98,-0001.95,+0000.31,+0001.00,-0004.75
+1580603339.78,-0016.60,+0000.98,-0002.93,-0000.46,+0004.59,-0014.78
+1580603339.79,-0022.46,+0000.00,-0002.93,-0001.23,-0001.15,-0011.94
+1580603339.79,-0018.55,-0000.98,-0003.91,+0000.15,+0001.61,-0013.93
+1580603339.80,-0024.41,-0001.95,-0004.88,-0001.99,+0002.76,-0016.92
+1580603339.80,-0021.48,-0000.98,-0006.84,-0000.61,+0002.30,-0011.87
+1580603339.81,-0023.44,-0002.93,-0007.81,-0004.82,+0000.00,-0009.42
+1580603339.81,-0022.46,-0003.91,-0009.77,-0001.38,-0002.14,-0002.83
+1580603339.82,-0023.44,-0002.93,-0010.74,-0002.91,-0001.07,-0006.20
+1580603339.82,-0024.41,-0004.88,-0011.72,+0000.08,-0000.15,-0006.20
+1580603339.83,-0020.51,-0005.86,-0011.72,-0003.52,-0000.08,-0010.41
+1580603339.83,-0019.53,-0006.84,-0011.72,-0002.45,-0000.84,-0011.48
+1580603339.84,-0018.55,-0005.86,-0012.70,-0002.37,+0001.76,-0014.32
+1580603339.84,-0020.51,-0006.84,-0012.70,+0000.31,-0001.45,-0014.85
+1580603339.85,-0015.62,-0005.86,-0011.72,-0001.23,+0000.61,-0013.78
+1580603339.85,-0016.60,-0005.86,-0011.72,+0000.69,-0000.54,-0011.10
+1580603339.86,-0015.62,-0005.86,-0010.74,+0001.45,+0001.76,-0011.87
+1580603339.86,-0016.60,-0004.88,-0009.77,-0000.23,-0001.61,-0010.49
+1580603339.87,-0013.67,-0003.91,-0009.77,+0001.38,+0000.23,-0012.10
+1580603339.87,-0013.67,-0004.88,-0008.79,+0000.31,-0003.60,-0008.58
+1580603339.88,-0007.81,-0003.91,-0007.81,+0001.76,+0001.23,-0007.20
+1580603339.88,-0011.72,-0002.93,-0006.84,-0000.54,+0001.07,-0009.42
+1580603339.89,-0011.72,-0000.98,-0005.86,+0000.69,-0001.15,-0009.88
+1580603339.89,-0005.86,-0001.95,-0004.88,+0000.00,+0000.69,-0010.26
+1580603339.90,-0006.84,-0001.95,-0003.91,+0000.38,+0000.00,-0008.27
+1580603339.90,-0010.74,+0000.00,-0002.93,+0001.00,+0001.61,-0009.11
+1580603339.91,-0015.62,+0000.00,-0001.95,+0001.91,+0003.14,-0015.01
+1580603339.91,-0013.67,+0000.98,-0000.98,+0001.15,-0001.07,-0016.92
+1580603339.92,+0009.77,-0002.93,+0000.98,-0002.07,-0005.67,+0027.64
+1580603339.92,-0045.90,+0006.84,-0000.98,-0023.43,-0013.17,+0003.68
+1580603339.93,-0042.97,+0000.98,+0002.93,+0026.18,+0000.84,-0021.21
+1580603339.93,+0007.81,+0013.67,+0004.88,-0010.11,-0007.81,-0021.21
+1580603339.94,+0001.95,-0010.74,+0002.93,-0001.84,+0005.59,+0004.67
+1580603339.94,-0025.39,+0002.93,+0005.86,-0002.91,-0008.12,+0002.53
+1580603339.95,-0015.62,+0010.74,+0005.86,+0001.23,-0003.22,-0009.42
+1580603339.95,-0003.91,+0000.98,+0003.91,-0003.60,-0003.37,-0002.30
+1580603339.96,+0000.98,-0001.95,+0001.95,-0001.53,-0002.45,-0004.36
+1580603339.96,-0009.77,+0005.86,+0002.93,+0001.91,-0003.14,-0011.18
+1580603339.97,-0009.77,+0005.86,+0004.88,-0000.15,-0001.99,-0014.93
+1580603339.97,-0003.91,+0000.98,+0004.88,+0001.30,-0001.76,-0016.23
+1580603339.98,-0001.95,+0002.93,+0006.84,+0002.76,+0000.46,-0014.62
+1580603339.98,-0005.86,+0005.86,+0006.84,-0000.38,-0001.15,-0014.93
+1580603339.99,-0003.91,+0003.91,+0006.84,+0001.91,-0002.22,-0014.70
+1580603339.99,+0000.98,+0001.95,+0006.84,+0000.00,-0002.60,-0009.72
+1580603340.00,+0000.98,+0002.93,+0006.84,+0000.08,-0001.76,-0005.36
+1580603340.00,-0000.98,+0002.93,+0006.84,+0000.31,-0001.45,-0005.44
+1580603340.01,+0001.95,+0000.98,+0006.84,-0001.30,-0002.99,-0007.58
+1580603340.01,+0002.93,+0000.98,+0005.86,-0001.99,-0001.07,-0008.27
+1580603340.02,+0000.98,+0000.98,+0004.88,-0000.31,+0001.30,-0012.79
+1580603340.02,-0000.98,-0000.98,+0004.88,-0003.45,+0000.23,-0012.94
+1580603340.03,+0000.98,-0001.95,+0004.88,-0000.15,+0000.23,-0015.70
+1580603340.03,+0000.98,-0002.93,+0004.88,-0000.31,-0002.68,-0012.48
+1580603340.04,+0003.91,-0002.93,+0004.88,+0002.99,+0000.46,-0010.57
+1580603340.04,+0001.95,-0003.91,+0004.88,+0000.38,-0001.07,-0010.80
+1580603340.05,+0000.98,-0003.91,+0003.91,+0001.30,-0001.00,-0010.34
+1580603340.05,+0001.95,-0003.91,+0002.93,-0000.46,-0000.46,-0010.34
+1580603340.06,+0002.93,-0005.86,+0002.93,+0000.46,-0002.37,-0007.96
+1580603340.06,+0003.91,-0005.86,+0001.95,-0003.22,-0000.38,-0008.19
+1580603340.07,-0000.98,-0007.81,+0001.95,-0001.30,+0002.07,-0007.27
+1580603340.07,-0000.98,-0006.84,+0000.98,-0001.91,+0000.31,-0009.03
+1580603340.08,+0000.00,-0008.79,+0000.00,+0000.15,-0001.61,-0008.42
+1580603340.08,+0000.00,-0008.79,+0000.00,-0000.84,+0000.92,-0009.19
+1580603340.09,-0002.93,-0008.79,+0000.00,-0000.61,-0000.77,-0012.33
+1580603340.09,-0002.93,-0007.81,+0000.00,+0000.08,-0001.38,-0010.41
+1580603340.10,-0000.98,-0008.79,+0000.00,-0001.07,+0001.00,-0010.95
+1580603340.10,-0003.91,-0007.81,+0000.00,-0000.77,-0000.23,-0009.57
+1580603340.11,-0001.95,-0007.81,+0000.00,+0000.23,-0001.91,-0009.34
+1580603340.11,+0000.00,-0008.79,-0000.98,-0001.15,-0000.84,-0009.19
+1580603340.12,-0001.95,-0007.81,-0000.98,-0000.38,-0002.99,-0010.34
+1580603340.12,-0003.91,-0007.81,-0000.98,-0000.15,-0002.07,-0012.10
+1580603340.13,+0000.00,-0007.81,-0001.95,-0002.37,-0000.77,-0009.88
+1580603340.13,+0001.95,-0007.81,-0001.95,-0000.54,-0000.61,-0009.19
+1580603340.14,-0002.93,-0005.86,-0000.98,-0001.07,+0003.45,-0012.94
+1580603340.14,-0003.91,-0005.86,-0000.98,+0001.45,-0004.13,-0014.16
+1580603340.15,+0003.91,-0006.84,-0000.98,+0001.38,-0002.14,-0012.71
+1580603340.15,+0003.91,-0006.84,-0000.98,+0001.00,-0001.30,-0009.88
+1580603340.16,+0001.95,-0005.86,+0000.00,+0001.76,-0000.46,-0009.57
+1580603340.16,-0000.98,-0004.88,+0000.00,-0000.61,-0001.99,-0010.18
+1580603340.17,+0002.93,-0006.84,+0000.00,+0002.45,-0001.68,-0010.18
+1580603340.17,+0004.88,-0006.84,+0000.00,+0001.99,+0000.23,-0012.40
+1580603340.18,+0000.98,-0005.86,+0000.00,-0000.08,-0002.07,-0008.65
+1580603340.18,+0004.88,-0006.84,+0000.98,-0000.54,-0002.45,-0009.19
+1580603340.19,+0000.98,-0006.84,+0000.98,-0001.76,-0000.31,-0009.72
+1580603340.19,+0002.93,-0005.86,+0000.98,+0000.54,-0000.15,-0014.78
+1580603340.20,+0006.84,-0006.84,+0000.98,-0000.23,-0001.23,-0015.16
+1580603340.20,+0004.88,-0006.84,+0000.00,-0001.68,-0000.15,-0013.17
+1580603340.21,+0002.93,-0005.86,+0000.00,-0001.38,-0002.91,-0011.56
+1580603340.21,+0007.81,-0007.81,-0000.98,-0001.30,+0000.46,-0008.58
+1580603340.22,+0007.81,-0008.79,-0001.95,-0000.69,+0002.37,-0007.96
+1580603340.22,-0000.98,-0007.81,-0002.93,+0000.15,-0001.00,-0004.90
+1580603340.23,+0001.95,-0008.79,-0003.91,-0001.07,+0000.00,-0005.51
+1580603340.23,+0003.91,-0011.72,-0003.91,-0002.45,+0001.61,-0007.89
+1580603340.24,+0000.00,-0010.74,-0004.88,+0000.77,-0001.00,-0008.12
+1580603340.24,+0000.00,-0009.77,-0005.86,-0001.84,+0000.31,-0011.41
+1580603340.25,-0001.95,-0011.72,-0005.86,-0002.22,+0001.30,-0011.03
+1580603340.25,-0002.93,-0010.74,-0006.84,-0002.45,+0001.23,-0011.10
+1580603340.26,-0003.91,-0010.74,-0007.81,-0004.44,+0001.68,-0012.94
+1580603340.26,-0001.95,-0011.72,-0007.81,-0002.07,+0000.54,-0011.33
+1580603340.27,-0001.95,-0011.72,-0008.79,+0000.15,+0001.23,-0012.25
+1580603340.27,-0003.91,-0011.72,-0009.77,-0002.60,-0001.99,-0011.94
+1580603340.28,-0000.98,-0012.70,-0010.74,-0004.90,+0000.46,-0010.41
+1580603340.28,+0000.00,-0013.67,-0011.72,-0001.99,+0000.84,-0010.87
+1580603340.29,-0000.98,-0012.70,-0011.72,-0001.53,-0000.69,-0009.72
+1580603340.29,+0001.95,-0012.70,-0012.70,-0002.68,-0000.77,-0011.25
+1580603340.30,+0001.95,-0013.67,-0012.70,-0000.08,-0001.07,-0008.50
+1580603340.30,+0001.95,-0012.70,-0012.70,-0002.68,+0000.23,-0009.95
+1580603340.31,-0000.98,-0012.70,-0012.70,-0002.30,-0000.08,-0011.94
+1580603340.31,+0005.86,-0013.67,-0011.72,-0001.53,-0003.14,-0004.52
+1580603340.32,+0000.00,-0012.70,-0011.72,-0000.84,+0002.07,-0011.64
+1580603340.32,-0006.84,-0010.74,-0009.77,+0000.46,-0005.13,-0010.26
+1580603340.33,+0004.88,-0009.77,-0008.79,+0000.54,-0000.61,-0013.70
+1580603340.33,+0005.86,-0011.72,-0007.81,+0003.14,+0001.23,-0008.58
+1580603340.34,+0000.00,-0006.84,-0006.84,-0001.76,+0001.23,-0010.41
+1580603340.34,-0001.95,-0008.79,-0006.84,+0000.84,-0002.30,-0012.40
+1580603340.35,+0003.91,-0008.79,-0005.86,+0001.00,-0001.91,-0011.64
+1580603340.35,+0004.88,-0007.81,-0004.88,-0000.54,+0001.53,-0011.94
+1580603340.36,+0000.98,-0004.88,-0003.91,+0000.00,-0003.98,-0009.42
+1580603340.36,+0012.70,-0006.84,-0002.93,+0000.92,-0007.04,-0000.84
+1580603340.37,+0006.84,-0005.86,-0003.91,-0000.15,+0007.12,-0017.38
+1580603340.37,-0022.46,-0002.93,-0002.93,+0000.77,-0006.12,-0008.19
+1580603340.38,+0006.84,+0000.00,-0000.98,+0002.99,-0000.61,-0020.83
+1580603340.38,+0009.77,-0006.84,+0000.00,-0004.21,+0001.61,-0006.51
+1580603340.39,-0009.77,+0000.00,+0001.95,+0002.76,-0000.08,-0008.50
+1580603340.39,-0010.74,+0003.91,+0003.91,+0001.53,-0003.75,-0014.24
+1580603340.40,+0007.81,-0001.95,+0004.88,+0000.61,-0003.37,-0011.41
+1580603340.40,+0010.74,-0002.93,+0003.91,+0000.84,+0005.74,-0005.97
+1580603340.41,-0010.74,+0002.93,+0004.88,-0000.38,+0002.76,-0007.04
+1580603340.41,-0009.77,+0002.93,+0005.86,+0000.69,-0005.82,-0011.25
+1580603340.42,+0006.84,+0000.00,+0004.88,+0000.84,-0000.92,-0013.86
+1580603340.42,+0000.98,+0000.98,+0006.84,+0001.30,-0000.15,-0012.86
+1580603340.43,-0006.84,+0005.86,+0008.79,-0001.76,-0004.29,-0006.74
+1580603340.43,+0001.95,+0004.88,+0008.79,+0002.37,+0003.29,-0015.93
+1580603340.44,-0003.91,+0001.95,+0008.79,+0002.60,-0005.74,-0009.42
+1580603340.44,+0003.91,+0005.86,+0008.79,-0000.77,+0003.90,-0013.32
+1580603340.45,-0004.88,+0005.86,+0009.77,-0000.54,+0001.61,-0015.16
+1580603340.45,-0001.95,+0006.84,+0010.74,-0000.15,-0004.44,-0009.19
+1580603340.46,+0005.86,+0007.81,+0010.74,-0001.68,+0001.76,-0013.17
+1580603340.46,-0001.95,+0006.84,+0010.74,+0002.22,-0000.23,-0009.42
+1580603340.47,+0000.00,+0008.79,+0010.74,-0003.06,-0001.61,-0011.64
+1580603340.47,+0002.93,+0005.86,+0010.74,-0000.61,-0000.46,-0010.95
+1580603340.48,+0004.88,+0007.81,+0010.74,-0000.31,-0000.84,-0010.03
+1580603340.48,+0004.88,+0007.81,+0010.74,-0001.91,-0002.91,-0010.64
+1580603340.49,+0007.81,+0006.84,+0010.74,+0000.46,-0001.61,-0009.34
+1580603340.49,+0007.81,+0006.84,+0009.77,+0000.92,+0001.84,-0013.17
+1580603340.50,+0002.93,+0008.79,+0009.77,-0001.76,-0005.51,-0011.64
+1580603340.50,+0013.67,+0007.81,+0009.77,-0000.08,-0000.92,-0011.03
+1580603340.51,+0011.72,+0006.84,+0009.77,-0002.22,+0001.99,-0012.02
+1580603340.51,+0007.81,+0007.81,+0009.77,-0000.31,-0001.84,-0006.05
+1580603340.52,+0011.72,+0006.84,+0008.79,-0002.22,+0001.07,-0011.10
+1580603340.52,+0005.86,+0004.88,+0008.79,-0001.76,-0001.07,-0010.49
+1580603340.53,+0010.74,+0004.88,+0007.81,+0000.31,-0001.99,-0008.12
+1580603340.53,+0008.79,+0002.93,+0006.84,+0000.15,+0002.37,-0007.12
+1580603340.54,+0001.95,+0002.93,+0006.84,+0000.08,+0001.53,-0008.58
+1580603340.54,+0004.88,+0001.95,+0004.88,-0003.06,-0003.68,-0009.11
+1580603340.55,+0003.91,+0000.00,+0004.88,-0002.22,+0000.38,-0009.95
+1580603340.55,+0001.95,+0000.00,+0003.91,-0001.45,-0000.15,-0008.04
+1580603340.56,-0001.95,+0000.00,+0003.91,-0002.30,+0002.30,-0010.80
+1580603340.56,-0000.98,-0002.93,+0001.95,+0000.31,+0000.38,-0008.35
+1580603340.57,+0001.95,-0002.93,+0000.98,-0005.05,-0001.00,-0008.35
+1580603340.57,-0004.88,-0005.86,-0000.98,-0001.61,+0001.84,-0007.50
+1580603340.58,-0004.88,-0005.86,-0001.95,-0001.23,+0001.23,-0010.18
+1580603340.58,-0001.95,-0007.81,-0002.93,-0000.92,-0002.37,-0010.57
+1580603340.59,+0000.98,-0009.77,-0003.91,-0003.45,+0001.68,-0010.87
+1580603340.59,-0003.91,-0009.77,-0004.88,-0001.15,-0000.46,-0013.02
+1580603340.60,-0003.91,-0010.74,-0005.86,-0003.45,-0000.69,-0009.42
+1580603340.60,+0000.98,-0012.70,-0006.84,-0000.08,+0001.84,-0010.95
+1580603340.61,-0004.88,-0012.70,-0007.81,+0000.08,+0000.31,-0011.94
+1580603340.61,-0000.98,-0011.72,-0007.81,+0000.54,-0003.22,-0009.19
+1580603340.62,+0001.95,-0013.67,-0007.81,-0000.92,+0000.38,-0012.40
+1580603340.62,-0001.95,-0014.65,-0008.79,-0000.46,-0002.60,-0008.35
+1580603340.63,+0000.98,-0013.67,-0007.81,-0000.77,+0000.54,-0009.57
+1580603340.63,-0000.98,-0015.62,-0007.81,+0000.08,-0001.15,-0008.27
+1580603340.64,+0000.98,-0015.62,-0007.81,+0002.14,-0000.84,-0010.72
+1580603340.64,+0000.00,-0014.65,-0005.86,-0001.91,+0000.46,-0012.25
+1580603340.65,+0000.00,-0013.67,-0004.88,+0001.23,-0002.53,-0010.64
+1580603340.65,+0002.93,-0014.65,-0003.91,+0001.30,+0002.30,-0002.60
+1580603340.66,-0007.81,-0013.67,-0002.93,+0000.92,-0000.15,-0003.14
+1580603340.66,-0006.84,-0013.67,-0002.93,-0000.69,+0002.83,-0011.48
+1580603340.67,-0001.95,-0014.65,-0001.95,+0002.45,-0001.76,-0015.31
+1580603340.67,-0005.86,-0012.70,+0000.00,+0003.14,+0003.22,-0009.57
+1580603340.68,-0007.81,-0010.74,+0001.95,-0001.91,-0000.15,-0009.19
+1580603340.68,-0007.81,-0010.74,+0002.93,+0001.45,+0001.00,-0010.41
+1580603340.69,-0007.81,-0010.74,+0003.91,+0003.68,+0000.15,-0009.95
+1580603340.69,-0010.74,-0008.79,+0003.91,-0000.69,+0000.00,-0010.41
+1580603340.70,-0010.74,-0007.81,+0005.86,+0002.53,+0000.54,-0010.03
+1580603340.70,-0010.74,-0006.84,+0006.84,+0000.15,+0000.77,-0012.56
+1580603340.71,-0013.67,-0005.86,+0007.81,+0002.30,-0000.46,-0010.34
+1580603340.71,-0008.79,-0003.91,+0008.79,-0000.77,-0000.84,-0009.42
+1580603340.72,-0010.74,-0003.91,+0009.77,+0003.68,+0002.07,-0010.49
+1580603340.72,-0015.62,-0002.93,+0009.77,+0002.07,-0001.76,-0012.63
+1580603340.73,-0011.72,+0000.00,+0010.74,+0003.22,-0001.76,-0013.09
+1580603340.73,-0003.91,-0000.98,+0011.72,+0000.84,-0002.30,-0008.58
+1580603340.74,-0005.86,+0000.00,+0012.70,+0004.75,+0001.23,-0010.72
+1580603340.74,-0009.77,+0001.95,+0014.65,+0002.76,-0006.58,-0006.51
+1580603340.75,+0002.93,+0001.95,+0014.65,+0000.31,+0002.14,-0010.11
+1580603340.75,-0002.93,+0001.95,+0014.65,+0000.08,+0002.07,-0010.72
+1580603340.76,-0005.86,+0006.84,+0014.65,-0000.46,-0000.23,-0015.93
+1580603340.76,+0000.98,+0004.88,+0015.62,+0001.76,+0000.23,-0014.47
+1580603340.77,+0001.95,+0003.91,+0017.58,+0004.44,-0000.15,-0014.55
+1580603340.77,+0000.98,+0005.86,+0018.55,+0000.31,-0001.84,-0009.95
+1580603340.78,+0001.95,+0005.86,+0018.55,-0000.31,+0000.38,-0011.94
+1580603340.78,+0000.98,+0004.88,+0018.55,-0000.54,-0002.99,-0009.65
+1580603340.79,+0006.84,+0005.86,+0019.53,+0001.07,-0000.31,-0007.58
+1580603340.79,+0002.93,+0006.84,+0018.55,+0001.76,-0000.77,-0008.50
+1580603340.80,+0002.93,+0006.84,+0020.51,+0001.15,+0000.61,-0011.79
+1580603340.80,+0004.88,+0005.86,+0019.53,+0000.31,-0000.61,-0013.63
+1580603340.81,+0007.81,+0004.88,+0019.53,+0001.91,-0003.14,-0009.42
+1580603340.81,+0006.84,+0005.86,+0019.53,+0000.08,+0000.23,-0011.03
+1580603340.82,+0001.95,+0004.88,+0018.55,+0001.99,-0000.23,-0008.73
+1580603340.82,+0006.84,+0004.88,+0017.58,+0000.08,-0000.92,-0007.81
+1580603340.83,+0006.84,+0004.88,+0017.58,-0000.08,-0000.08,-0007.73
+1580603340.83,+0003.91,+0005.86,+0017.58,-0005.51,-0017.46,+0013.25
+1580603340.84,+0025.39,+0000.00,+0016.60,+0008.50,+0017.23,-0005.59
+1580603340.84,-0024.41,+0002.93,+0014.65,-0013.32,+0002.99,-0023.89
+1580603340.85,+0000.00,+0005.86,+0015.62,-0000.92,+0002.91,-0029.17
+1580603340.85,+0018.55,+0002.93,+0013.67,-0009.65,-0004.90,-0004.82
+1580603340.86,+0000.98,-0003.91,+0013.67,+0008.04,+0005.05,-0005.74
+1580603340.86,-0009.77,+0010.74,+0014.65,+0000.23,-0001.61,-0011.25
+1580603340.87,+0000.98,+0003.91,+0014.65,-0005.36,-0000.08,-0010.57
+1580603340.87,+0008.79,-0001.95,+0011.72,+0002.45,+0001.15,-0009.11
+1580603340.88,-0006.84,+0002.93,+0011.72,-0003.45,+0002.91,-0011.71
+1580603340.88,-0004.88,+0005.86,+0010.74,-0002.37,+0000.08,-0014.01
+1580603340.89,+0003.91,-0000.98,+0009.77,-0000.54,-0000.92,-0012.02
+1580603340.89,+0003.91,+0000.98,+0008.79,+0001.07,+0000.38,-0008.73
+1580603340.90,-0003.91,+0004.88,+0008.79,+0000.15,+0000.46,-0014.93
+1580603340.90,+0001.95,+0000.98,+0008.79,+0000.61,-0001.84,-0009.34
+1580603340.91,+0006.84,-0000.98,+0007.81,-0002.30,+0000.15,-0011.79
+1580603340.91,+0000.98,+0000.98,+0007.81,+0000.84,-0000.69,-0011.41
+1580603340.92,+0004.88,+0003.91,+0007.81,-0002.60,-0001.76,-0011.71
+1580603340.92,+0006.84,-0000.98,+0007.81,+0001.45,-0000.23,-0009.11
+1580603340.93,+0003.91,-0000.98,+0006.84,-0000.61,+0000.08,-0007.73
+1580603340.93,-0000.98,+0000.98,+0006.84,-0000.08,+0000.54,-0011.41
+1580603340.94,+0003.91,+0000.98,+0006.84,-0002.37,+0001.68,-0011.79
+1580603340.94,+0004.88,-0000.98,+0006.84,+0000.38,+0000.84,-0013.25
+1580603340.95,+0001.95,+0000.98,+0007.81,-0000.46,-0001.15,-0010.03
+1580603340.95,+0003.91,+0000.98,+0006.84,-0002.83,+0000.69,-0012.10
+1580603340.96,+0000.00,-0000.98,+0006.84,+0000.61,-0000.69,-0010.57
+1580603340.96,+0002.93,+0000.00,+0005.86,-0000.23,-0000.61,-0010.03
+1580603340.97,+0002.93,+0000.00,+0005.86,-0001.07,-0002.60,-0010.11
+1580603340.97,+0001.95,-0000.98,+0004.88,-0002.83,+0002.14,-0008.35
+1580603340.98,-0002.93,+0000.00,+0003.91,-0002.91,+0000.15,-0005.82
+1580603340.98,+0000.98,-0000.98,+0002.93,-0000.15,-0000.69,-0005.67
+1580603340.99,-0002.93,-0001.95,+0002.93,-0002.07,+0003.06,-0008.73
+1580603340.99,-0004.88,-0000.98,+0002.93,-0001.91,-0002.14,-0008.27
+1580603341.00,-0000.98,-0000.98,+0002.93,-0001.76,-0000.23,-0012.10
+1580603341.00,-0001.95,-0001.95,+0002.93,-0001.91,-0000.38,-0009.65
+1580603341.01,-0002.93,+0000.00,+0001.95,-0001.76,+0000.38,-0010.18
+1580603341.01,-0005.86,-0000.98,+0000.98,-0001.38,-0003.14,-0008.65
+1580603341.02,-0001.95,-0001.95,+0000.00,-0000.15,+0001.07,-0009.34
+1580603341.02,-0005.86,-0000.98,+0000.00,-0001.38,+0001.91,-0012.94
+1580603341.03,-0007.81,+0000.00,-0000.98,-0002.14,-0003.29,-0012.33
+1580603341.03,-0000.98,-0002.93,-0001.95,-0001.45,-0000.92,-0010.03
+1580603341.04,-0001.95,-0002.93,-0001.95,-0001.53,+0001.99,-0012.40
+1580603341.04,-0004.88,-0000.98,-0001.95,+0000.54,-0002.30,-0009.26
+1580603341.05,+0000.98,-0001.95,-0002.93,+0000.23,-0000.46,-0011.33
+1580603341.05,-0000.98,-0002.93,-0003.91,-0001.30,-0000.69,-0010.64
+1580603341.06,-0000.98,-0000.98,-0003.91,+0000.08,-0001.07,-0010.26
+1580603341.06,+0000.00,-0001.95,-0002.93,-0001.38,+0000.77,-0010.80
+1580603341.07,-0000.98,-0001.95,-0002.93,-0001.61,+0000.46,-0011.41
+1580603341.07,-0000.98,-0001.95,-0003.91,-0000.38,-0001.76,-0010.49
+1580603341.08,+0000.98,-0001.95,-0003.91,-0001.53,+0002.30,-0010.11
+1580603341.08,-0003.91,-0001.95,-0002.93,+0000.08,-0002.37,-0008.50
+1580603341.09,-0000.98,-0000.98,-0002.93,+0001.23,+0001.68,-0010.26
+1580603341.09,-0001.95,-0001.95,-0001.95,-0001.30,+0001.00,-0011.48
+1580603341.10,-0001.95,-0000.98,-0000.98,-0001.00,+0000.54,-0008.96
+1580603341.10,+0000.98,+0000.00,-0000.98,-0000.38,+0000.69,-0008.42
+1580603341.11,-0000.98,+0000.00,-0000.98,+0001.84,-0001.07,-0006.66
+1580603341.11,-0001.95,+0000.98,-0000.98,-0002.83,-0001.84,-0008.12
+1580603341.12,-0000.98,+0000.00,+0000.00,+0000.46,+0000.69,-0008.58
+1580603341.12,-0001.95,+0000.98,+0000.00,-0001.07,+0000.77,-0011.03
+1580603341.13,-0003.91,+0001.95,+0000.00,-0000.15,+0000.31,-0010.18
+1580603341.13,-0001.95,+0002.93,+0000.98,-0000.31,+0001.00,-0008.04
+1580603341.14,-0003.91,+0001.95,+0001.95,+0000.84,+0002.14,-0007.96
+1580603341.14,-0007.81,+0003.91,+0001.95,+0002.14,+0001.30,-0009.57
+1580603341.15,-0006.84,+0004.88,+0002.93,+0001.23,-0000.69,-0010.95
+1580603341.15,-0003.91,+0004.88,+0003.91,+0000.00,+0001.38,-0011.25
+1580603341.16,-0007.81,+0005.86,+0004.88,+0002.22,-0000.54,-0008.65
+1580603341.16,-0008.79,+0006.84,+0004.88,+0001.00,+0001.45,-0008.04
+1580603341.17,-0009.77,+0006.84,+0004.88,-0001.38,-0001.45,-0009.26
+1580603341.17,-0002.93,+0007.81,+0004.88,+0002.83,+0000.92,-0008.73
+1580603341.18,-0005.86,+0007.81,+0005.86,-0000.61,+0000.23,-0010.41
+1580603341.18,-0011.72,+0009.77,+0005.86,+0001.84,-0000.31,-0010.26
+1580603341.19,-0006.84,+0009.77,+0006.84,-0001.61,-0001.15,-0011.94
+1580603341.19,-0002.93,+0008.79,+0006.84,+0002.37,+0000.92,-0010.49
+1580603341.20,-0008.79,+0010.74,+0006.84,-0001.00,+0003.29,-0013.25
+1580603341.20,-0007.81,+0011.72,+0007.81,+0000.54,-0001.00,-0012.48
+1580603341.21,-0000.98,+0009.77,+0007.81,-0001.00,+0001.38,-0010.72
+1580603341.21,-0004.88,+0010.74,+0008.79,+0002.45,+0001.68,-0009.72
+1580603341.22,-0007.81,+0013.67,+0008.79,+0000.38,-0000.61,-0012.17
+1580603341.22,-0002.93,+0011.72,+0008.79,-0000.15,-0003.90,-0005.36
+1580603341.23,+0003.91,+0009.77,+0008.79,-0000.77,+0004.29,-0008.96
+1580603341.23,-0008.79,+0011.72,+0008.79,-0000.15,+0001.07,-0011.87
+1580603341.24,-0004.88,+0013.67,+0008.79,-0000.23,+0000.84,-0019.06
+1580603341.24,+0005.86,+0008.79,+0007.81,-0004.36,-0006.74,-0003.37
+1580603341.25,+0005.86,+0008.79,+0007.81,+0004.67,+0012.10,-0017.84
+1580603341.25,-0012.70,+0012.70,+0007.81,-0006.35,-0005.13,-0011.03
+1580603341.26,+0010.74,+0011.72,+0008.79,-0003.98,-0000.84,-0011.33
+1580603341.26,+0009.77,+0003.91,+0006.84,-0001.00,+0002.53,-0009.57
+1580603341.27,-0000.98,+0011.72,+0006.84,+0002.45,-0001.53,-0007.35
+1580603341.27,+0005.86,+0009.77,+0004.88,-0001.23,-0001.23,-0013.25
+1580603341.28,+0009.77,+0002.93,+0003.91,+0000.08,-0002.60,-0005.74
+1580603341.28,+0010.74,+0004.88,+0002.93,-0001.00,+0001.45,-0006.43
+1580603341.29,+0001.95,+0006.84,+0002.93,-0001.07,-0000.15,-0007.12
+1580603341.29,+0003.91,+0001.95,+0000.98,-0000.15,-0000.38,-0009.80
+1580603341.30,+0007.81,+0000.00,+0000.98,-0001.76,-0000.69,-0009.65
+1580603341.30,+0002.93,+0001.95,+0000.00,+0000.46,+0001.00,-0009.88
+1580603341.31,-0000.98,+0000.98,-0000.98,-0000.15,+0000.54,-0012.17
+1580603341.31,-0000.98,-0000.98,-0000.98,-0002.91,-0001.23,-0008.65
+1580603341.32,+0002.93,-0001.95,-0001.95,+0000.46,+0000.15,-0008.42
+1580603341.32,+0000.00,-0001.95,-0002.93,-0000.54,+0000.61,-0009.42
+1580603341.33,-0002.93,-0003.91,-0003.91,-0002.07,-0001.00,-0009.42
+1580603341.33,+0000.00,-0005.86,-0005.86,-0002.91,-0001.07,-0009.72
+1580603341.34,+0000.00,-0006.84,-0006.84,-0003.75,+0002.53,-0008.88
+1580603341.34,-0001.95,-0006.84,-0008.79,-0002.45,+0000.08,-0011.25
+1580603341.35,+0000.98,-0009.77,-0009.77,-0001.07,+0001.00,-0011.48
+1580603341.35,+0000.00,-0010.74,-0010.74,-0002.76,-0001.53,-0013.17
+1580603341.36,-0000.98,-0011.72,-0011.72,-0002.22,-0001.00,-0010.80
+1580603341.36,+0000.00,-0012.70,-0012.70,-0002.60,-0002.60,-0010.64
+1580603341.37,+0003.91,-0013.67,-0013.67,-0000.23,-0000.77,-0010.41
+1580603341.37,+0003.91,-0012.70,-0013.67,-0002.76,+0001.68,-0014.24
+1580603341.38,+0002.93,-0014.65,-0014.65,-0000.46,-0002.37,-0014.85
+1580603341.38,+0007.81,-0014.65,-0014.65,-0002.30,+0001.07,-0012.63
+1580603341.39,+0005.86,-0015.62,-0014.65,+0000.23,-0001.76,-0010.95
+1580603341.39,+0005.86,-0015.62,-0014.65,-0001.61,-0001.53,-0008.42
+1580603341.40,+0006.84,-0017.58,-0014.65,-0001.07,-0002.07,-0009.03
+1580603341.40,+0009.77,-0017.58,-0014.65,+0001.53,-0001.61,-0005.51
+1580603341.41,+0010.74,-0016.60,-0013.67,-0001.68,+0002.07,-0008.35
+1580603341.41,+0001.95,-0016.60,-0012.70,+0002.14,-0001.76,-0012.33
+1580603341.42,+0008.79,-0016.60,-0011.72,+0003.06,+0000.54,-0013.86
+1580603341.42,+0006.84,-0016.60,-0010.74,-0001.30,-0000.92,-0011.87
+1580603341.43,+0005.86,-0015.62,-0009.77,+0001.23,+0001.84,-0007.12
+1580603341.43,-0000.98,-0014.65,-0008.79,+0001.15,-0001.07,-0007.43
+1580603341.44,+0000.98,-0015.62,-0006.84,+0004.13,-0001.23,-0005.67
+1580603341.44,+0003.91,-0015.62,-0005.86,+0000.08,+0000.84,-0007.27
+1580603341.45,-0002.93,-0013.67,-0004.88,+0001.91,+0001.45,-0008.27
+1580603341.45,-0001.95,-0012.70,-0002.93,-0000.15,+0003.14,-0014.24
+1580603341.45,-0002.93,-0012.70,-0002.93,+0001.84,-0002.68,-0010.49
+1580603341.46,+0000.98,-0010.74,-0000.98,+0000.77,+0003.60,-0007.96
+1580603341.46,-0009.77,-0008.79,-0000.98,-0001.07,-0002.68,-0009.26
+1580603341.47,-0005.86,-0007.81,+0000.00,+0003.68,-0002.37,-0010.80
+1580603341.47,+0001.95,-0007.81,+0000.98,-0002.14,+0001.07,-0012.79
+1580603341.48,-0002.93,-0005.86,+0002.93,+0001.23,-0002.07,-0010.72
+1580603341.48,-0001.95,-0002.93,+0003.91,+0000.00,+0000.61,-0012.17
+1580603341.49,-0001.95,-0003.91,+0004.88,+0001.61,-0004.36,-0008.73
+1580603341.49,+0003.91,-0002.93,+0004.88,+0001.61,+0000.08,-0007.96
+1580603341.50,+0000.98,-0000.98,+0005.86,+0001.61,-0001.61,-0012.02
+1580603341.50,-0000.98,+0001.95,+0007.81,+0001.68,-0002.76,-0012.33
+1580603341.51,+0004.88,+0001.95,+0009.77,-0000.84,-0001.84,-0013.40
+1580603341.51,+0006.84,+0002.93,+0010.74,+0003.45,+0000.31,-0009.95
+1580603341.52,+0001.95,+0004.88,+0012.70,+0002.91,-0002.45,-0011.56
+1580603341.52,+0001.95,+0006.84,+0013.67,+0002.07,-0003.29,-0011.33
+1580603341.53,+0008.79,+0005.86,+0014.65,+0001.53,+0000.23,-0011.41
+1580603341.53,+0006.84,+0008.79,+0015.62,+0002.07,+0000.31,-0012.25
+1580603341.54,+0003.91,+0010.74,+0017.58,+0002.76,-0000.08,-0001.76
+1580603341.54,-0000.98,+0010.74,+0017.58,+0002.99,+0006.58,-0009.72
+1580603341.55,-0007.81,+0011.72,+0018.55,+0002.30,-0001.15,-0008.19
+1580603341.55,-0000.98,+0014.65,+0020.51,-0003.22,+0002.99,-0013.40
+1580603341.56,-0003.91,+0012.70,+0021.48,+0004.29,-0001.76,-0007.66
+1580603341.56,+0000.00,+0014.65,+0022.46,-0000.46,+0001.38,-0010.18
+1580603341.57,-0007.81,+0014.65,+0021.48,+0000.61,+0003.60,-0012.10
+1580603341.57,-0004.88,+0015.62,+0021.48,-0000.08,-0001.68,-0014.24
+1580603341.58,+0000.00,+0015.62,+0019.53,-0001.38,-0000.23,-0012.02
+1580603341.58,-0000.98,+0016.60,+0019.53,-0000.84,-0001.30,-0007.96
+1580603341.59,-0006.84,+0017.58,+0018.55,-0000.84,-0001.23,-0010.64
+1580603341.59,-0004.88,+0017.58,+0017.58,-0001.45,-0003.45,-0007.50
+1580603341.60,+0003.91,+0015.62,+0016.60,-0001.30,+0001.45,-0008.27
+1580603341.60,-0001.95,+0016.60,+0015.62,-0001.00,+0000.00,-0009.42
+1580603341.61,-0002.93,+0018.55,+0014.65,-0001.68,-0000.23,-0009.49
+1580603341.61,-0002.93,+0015.62,+0013.67,-0002.45,-0001.30,-0010.80
+1580603341.62,-0000.98,+0014.65,+0011.72,+0000.54,-0001.15,-0009.49
+1580603341.62,-0000.98,+0016.60,+0010.74,-0001.23,+0001.30,-0010.03
+1580603341.63,-0005.86,+0015.62,+0009.77,+0000.15,+0000.23,-0012.17
+1580603341.63,-0004.88,+0015.62,+0008.79,-0002.76,-0001.53,-0013.17
+1580603341.64,-0002.93,+0014.65,+0008.79,+0001.00,+0000.31,-0012.10
+1580603341.64,-0001.95,+0013.67,+0006.84,-0002.76,+0001.07,-0011.56
+1580603341.65,-0002.93,+0014.65,+0005.86,-0002.07,+0001.30,-0011.56
+1580603341.65,-0005.86,+0013.67,+0003.91,-0003.60,-0000.31,-0012.79
+1580603341.66,-0001.95,+0012.70,+0002.93,-0003.98,+0001.76,-0009.72
+1580603341.66,+0000.00,+0011.72,+0000.98,-0000.31,+0000.31,-0009.65
+1580603341.67,-0004.88,+0011.72,+0000.00,-0002.30,-0000.31,-0009.49
+1580603341.67,-0001.95,+0010.74,+0000.00,-0001.07,-0001.61,-0010.57
+1580603341.68,+0002.93,+0008.79,-0000.98,-0001.15,+0002.07,-0010.11
+1580603341.68,-0001.95,+0009.77,-0002.93,-0002.99,+0001.61,-0010.72
+1580603341.69,-0002.93,+0008.79,-0002.93,+0000.23,-0000.54,-0011.03
+1580603341.69,+0002.93,+0007.81,-0003.91,-0000.61,-0001.00,-0012.02
+1580603341.70,+0000.98,+0006.84,-0004.88,-0001.30,+0000.38,-0009.80
+1580603341.70,+0000.00,+0008.79,-0003.91,-0001.68,-0002.30,-0009.19
+1580603341.71,+0000.98,+0006.84,-0004.88,-0001.68,-0000.23,-0009.95
+1580603341.71,-0000.98,+0007.81,-0004.88,-0003.90,-0006.51,-0012.71
+1580603341.72,+0017.58,+0004.88,-0004.88,+0002.99,-0004.36,+0007.89
+1580603341.72,+0006.84,+0008.79,-0007.81,+0000.38,+0009.95,-0025.88
+1580603341.73,-0004.88,+0001.95,-0005.86,-0006.89,-0013.32,+0003.68
+1580603341.73,+0023.44,+0009.77,-0006.84,-0015.85,-0006.74,-0000.54
+1580603341.74,+0009.77,-0000.98,-0008.79,+0009.42,+0004.36,-0008.42
+1580603341.74,-0000.98,+0005.86,-0008.79,-0002.45,+0000.15,-0002.83
+1580603341.75,+0000.98,+0004.88,-0008.79,-0000.92,+0001.15,-0014.93
+1580603341.75,+0003.91,+0001.95,-0009.77,+0000.92,+0000.46,-0014.55
+1580603341.76,+0000.98,+0002.93,-0007.81,-0000.46,+0001.30,-0015.16
+1580603341.76,-0001.95,+0005.86,-0006.84,-0001.53,+0000.08,-0009.03
+1580603341.77,-0002.93,+0000.00,-0007.81,+0001.15,+0000.46,-0008.96
+1580603341.77,-0002.93,+0000.00,-0008.79,-0000.69,-0000.38,-0007.73
+1580603341.78,-0002.93,-0000.98,-0009.77,-0000.31,+0001.91,-0008.04
+1580603341.78,-0007.81,-0001.95,-0011.72,-0001.61,-0001.23,-0009.34
+1580603341.79,-0004.88,-0002.93,-0012.70,-0004.06,+0000.77,-0009.95
+1580603341.79,-0003.91,-0004.88,-0013.67,-0004.06,-0000.15,-0009.80
+1580603341.80,-0005.86,-0005.86,-0014.65,-0003.68,+0000.61,-0009.19
+1580603341.80,-0004.88,-0006.84,-0015.62,-0003.90,-0001.53,-0011.03
+1580603341.81,-0002.93,-0008.79,-0016.60,-0003.45,-0001.23,-0009.80
+1580603341.81,-0000.98,-0008.79,-0017.58,-0004.13,-0001.15,-0011.79
+1580603341.82,-0001.95,-0009.77,-0018.55,-0003.22,+0000.38,-0012.02
+1580603341.82,-0001.95,-0010.74,-0018.55,-0002.14,+0000.69,-0013.40
+1580603341.83,-0000.98,-0011.72,-0019.53,-0003.14,-0001.91,-0012.63
+1580603341.83,+0000.98,-0012.70,-0020.51,-0001.84,+0000.84,-0010.95
+1580603341.84,+0000.00,-0013.67,-0020.51,-0001.07,-0001.15,-0010.26
+1580603341.84,+0000.00,-0013.67,-0021.48,-0003.60,-0001.68,-0008.58
+1580603341.85,+0000.98,-0014.65,-0021.48,-0000.92,+0000.15,-0009.19
+1580603341.85,+0000.98,-0014.65,-0021.48,-0000.84,+0000.61,-0010.11
+1580603341.86,+0002.93,-0013.67,-0021.48,-0000.15,-0000.69,-0009.65
+1580603341.86,+0001.95,-0014.65,-0021.48,-0003.45,-0001.76,-0010.41
+1580603341.87,+0001.95,-0014.65,-0020.51,+0000.15,-0000.69,-0008.58
+1580603341.87,+0001.95,-0013.67,-0020.51,-0001.15,-0002.14,-0009.72
+1580603341.88,+0002.93,-0014.65,-0019.53,+0001.45,+0000.31,-0008.04
+1580603341.88,+0001.95,-0013.67,-0019.53,-0000.61,+0000.54,-0008.73
+1580603341.89,-0000.98,-0013.67,-0018.55,+0000.23,-0000.54,-0006.89
+1580603341.89,-0002.93,-0012.70,-0017.58,-0002.22,+0001.61,-0009.34
+1580603341.90,-0003.91,-0012.70,-0016.60,+0001.61,+0000.69,-0009.42
+1580603341.90,-0003.91,-0011.72,-0015.62,-0000.38,+0002.22,-0010.41
