+1580686782.82,+0010.74,+0013.67,-0006.84,+0002.07,+0001.15,-0021.82
+1580686782.82,+0023.44,+0006.84,-0008.79,-0011.03,-0008.96,+0006.05
+1580686782.83,-0012.70,+0010.74,-0009.77,-0014.32,-0010.41,-0007.35
+1580686782.83,-0009.77,+0009.77,-0008.79,+0008.19,-0005.74,-0014.55
+1580686782.84,+0024.41,+0012.70,-0007.81,-0005.28,+0002.76,-0012.56
+1580686782.84,+0014.65,+0002.93,-0009.77,-0006.12,-0004.44,+0007.20
+1580686782.85,-0003.91,+0009.77,-0011.72,-0006.89,+0003.98,-0011.48
+1580686782.85,-0019.53,+0005.86,-0011.72,-0000.54,-0001.15,-0016.46
+1580686782.86,+0013.67,+0006.84,-0011.72,+0004.52,-0007.27,-0005.05
+1580686782.86,+0009.77,+0000.98,-0012.70,+0003.37,+0000.08,-0000.23
+1580686782.87,-0011.72,+0001.95,-0012.70,-0002.68,+0002.45,-0008.04
+1580686782.87,-0012.70,+0002.93,-0012.70,+0000.61,+0000.77,-0017.30
+1580686782.88,-0010.74,+0000.98,-0013.67,-0000.69,+0002.30,-0018.91
+1580686782.88,+0000.98,+0000.98,-0013.67,-0003.37,+0002.30,-0007.81
+1580686782.89,-0004.88,+0000.00,-0013.67,-0001.00,-0002.07,-0005.82
+1580686782.89,-0006.84,-0002.93,-0014.65,-0004.52,-0001.61,-0001.23
+1580686782.90,-0017.58,-0000.98,-0015.62,-0007.04,-0006.97,-0012.25
+1580686782.90,-0006.84,-0001.95,-0015.62,+0004.90,-0006.89,-0005.74
+1580686782.91,+0006.84,-0000.98,-0016.60,-0005.21,+0005.13,-0012.10
+1580686782.91,-0012.70,-0004.88,-0016.60,-0001.23,-0000.69,-0011.56
+1580686782.92,-0006.84,-0000.98,-0016.60,-0000.77,+0003.06,-0022.66
+1580686782.92,-0000.98,-0002.93,-0016.60,-0000.84,-0005.82,-0016.00
+1580686782.93,+0013.67,-0001.95,-0015.62,-0000.08,-0005.21,-0003.75
+1580686782.93,+0009.77,-0004.88,-0015.62,-0000.08,+0000.84,-0016.54
+1580686782.94,-0012.70,-0002.93,-0015.62,-0004.98,-0011.41,-0002.53
+1580686782.94,+0024.41,-0000.98,-0015.62,+0006.43,-0000.84,-0009.65
+1580686782.95,+0012.70,-0003.91,-0016.60,-0007.27,+0006.89,-0011.10
+1580686782.95,-0000.98,-0000.98,-0016.60,+0001.84,-0003.83,-0001.99
+1580686782.96,+0011.72,+0000.98,-0012.70,+0003.22,+0009.49,-0028.86
+1580686782.96,-0000.98,-0002.93,-0009.77,+0000.77,-0006.05,-0002.22
+1580686782.97,+0013.67,+0001.95,-0007.81,-0009.65,+0005.97,-0015.62
+1580686782.97,-0003.91,-0004.88,-0006.84,+0003.52,-0001.00,-0002.99
+1580686782.98,+0001.95,+0000.00,-0006.84,+0002.91,-0002.83,-0005.44
+1580686782.98,+0003.91,-0002.93,-0006.84,-0002.60,+0004.52,-0009.03
+1580686782.99,-0015.62,-0002.93,-0007.81,-0001.91,-0000.92,-0006.35
+1580686782.99,-0010.74,-0001.95,-0006.84,+0007.04,+0004.90,-0021.44
+1580686783.00,-0002.93,+0000.00,-0004.88,-0001.99,-0003.52,-0018.53
+1580686783.00,+0005.86,-0002.93,-0003.91,+0000.31,+0004.75,-0012.02
+1580686783.01,-0012.70,-0002.93,-0004.88,-0003.06,-0001.23,-0013.86
+1580686783.01,-0013.67,-0000.98,-0003.91,+0003.37,-0005.51,-0007.43
+1580686783.02,+0004.88,-0000.98,-0004.88,-0006.12,-0000.84,-0012.86
+1580686783.02,-0006.84,-0001.95,-0006.84,-0000.54,-0008.96,-0006.89
+1580686783.03,-0001.95,-0000.98,-0006.84,-0001.61,-0000.08,-0004.82
+1580686783.03,+0001.95,+0000.00,-0006.84,+0000.00,-0001.07,-0014.70
+1580686783.04,+0001.95,-0001.95,-0005.86,+0005.05,+0000.61,-0017.53
+1580686783.04,+0003.91,+0002.93,-0005.86,-0007.20,-0006.43,-0004.13
+1580686783.05,+0008.79,+0000.00,-0005.86,+0006.05,+0001.68,-0016.77
+1580686783.05,+0005.86,-0000.98,-0005.86,-0006.58,-0001.68,-0004.06
+1580686783.06,+0000.00,+0001.95,-0004.88,-0003.29,+0003.75,-0020.37
+1580686783.06,+0000.98,+0002.93,-0003.91,+0006.58,-0006.58,-0013.32
+1580686783.07,+0015.62,+0002.93,-0001.95,-0003.68,-0003.37,-0012.79
+1580686783.07,+0006.84,+0002.93,-0001.95,+0004.29,+0005.59,-0012.33
+1580686783.08,+0002.93,+0001.95,-0001.95,+0006.05,-0003.68,+0000.77
+1580686783.08,+0003.91,+0002.93,-0001.95,-0005.36,+0010.34,-0012.63
+1580686783.09,-0004.88,+0002.93,-0002.93,-0000.31,-0008.35,-0001.53
+1580686783.09,+0003.91,+0003.91,-0002.93,-0002.30,+0007.81,-0018.30
+1580686783.10,-0009.77,+0000.98,-0002.93,-0007.66,-0008.12,+0000.92
+1580686783.10,+0003.91,+0003.91,-0001.95,+0006.20,+0008.04,-0013.78
+1580686783.11,-0004.88,-0001.95,-0002.93,-0008.12,-0002.99,-0003.83
+1580686783.11,-0008.79,+0001.95,-0002.93,-0005.13,-0004.75,-0006.43
+1580686783.12,-0004.88,-0000.98,-0002.93,+0002.45,+0005.36,-0017.23
+1580686783.12,-0011.72,+0001.95,-0001.95,+0002.83,-0004.59,-0012.40
+1580686783.13,+0000.00,+0000.00,-0001.95,+0002.83,-0000.31,-0014.78
+1580686783.13,-0003.91,+0000.00,-0001.95,-0005.28,-0000.23,-0007.43
+1580686783.14,-0013.67,-0000.98,-0003.91,+0004.98,+0003.22,-0018.91
+1580686783.14,-0006.84,+0000.00,-0004.88,-0008.80,-0009.65,-0006.81
+1580686783.15,-0004.88,+0000.98,-0005.86,-0004.59,-0005.67,-0008.58
+1580686783.15,+0002.93,-0001.95,-0005.86,-0001.84,-0005.90,-0002.45
+1580686783.16,+0000.00,-0001.95,-0005.86,+0000.77,+0007.27,-0012.25
+1580686783.16,-0011.72,-0002.93,-0005.86,+0005.82,-0008.42,-0005.44
+1580686783.17,+0012.70,+0000.98,-0005.86,+0000.84,+0001.45,-0012.56
+1580686783.17,+0002.93,-0003.91,-0005.86,-0003.14,+0001.68,-0014.39
+1580686783.18,+0001.95,+0000.00,-0004.88,+0003.83,-0004.44,-0002.91
+1580686783.18,+0002.93,-0000.98,-0004.88,-0002.37,-0006.35,-0015.16
+1580686783.19,+0018.55,-0001.95,-0003.91,+0005.82,-0004.29,+0003.37
+1580686783.19,+0007.81,-0001.95,-0004.88,-0003.37,+0011.41,-0019.52
+1580686783.20,-0006.84,-0001.95,-0004.88,+0002.30,-0000.15,-0008.04
+1580686783.20,+0005.86,-0001.95,-0004.88,+0002.68,+0002.53,-0010.34
+1580686783.21,+0006.84,-0002.93,-0002.93,+0001.00,-0002.45,-0002.83
+1580686783.21,+0003.91,-0001.95,-0001.95,+0003.29,+0003.75,+0001.99
+1580686783.22,-0008.79,-0004.88,-0001.95,+0001.15,-0007.20,+0002.76
+1580686783.22,+0001.95,-0003.91,+0000.00,+0002.68,+0008.50,-0014.62
+1580686783.23,-0002.93,-0004.88,+0000.00,-0002.76,-0002.68,-0008.19
+1580686783.23,-0008.79,-0005.86,-0000.98,-0001.91,+0002.22,-0020.90
+1580686783.24,-0005.86,-0006.84,-0001.95,-0005.28,-0006.43,-0009.57
+1580686783.24,+0007.81,-0008.79,-0001.95,+0004.36,+0000.00,-0009.49
+1580686783.25,-0013.67,-0010.74,-0002.93,-0004.90,+0007.50,-0015.70
+1580686783.25,-0010.74,-0006.84,-0002.93,+0003.14,-0000.77,-0013.78
+1580686783.26,+0003.91,-0006.84,-0002.93,-0003.14,+0001.00,-0013.63
+1580686783.26,+0000.98,-0007.81,-0002.93,+0005.36,-0004.67,-0004.67
+1580686783.27,+0001.95,-0007.81,-0002.93,+0004.44,-0004.82,-0001.15
+1580686783.27,-0002.93,-0008.79,-0002.93,-0002.83,+0006.97,-0018.15
+1580686783.28,-0003.91,-0006.84,-0004.88,-0001.23,-0010.26,-0003.90
+1580686783.28,+0014.65,-0007.81,-0003.91,+0000.23,+0002.22,-0011.10
+1580686783.29,-0004.88,-0008.79,-0003.91,-0005.44,-0005.21,-0016.69
+1580686783.29,+0001.95,-0005.86,-0002.93,+0004.59,-0003.75,-0004.75
+1580686783.30,+0005.86,-0006.84,-0001.95,-0002.30,+0005.67,-0020.14
+1580686783.30,+0000.98,-0008.79,-0000.98,-0000.08,-0004.52,-0007.27
+1580686783.31,+0009.77,-0003.91,+0000.98,+0000.00,+0000.92,-0018.30
+1580686783.31,+0002.93,-0007.81,+0000.00,-0004.67,-0005.44,+0002.37
+1580686783.32,+0003.91,-0002.93,-0000.98,+0005.67,+0005.51,-0009.42
+1580686783.32,+0000.98,-0006.84,+0001.95,+0012.17,-0005.05,-0004.75
+1580686783.33,+0006.84,-0001.95,+0002.93,-0010.41,+0006.43,-0003.90
+1580686783.33,-0004.88,-0005.86,+0002.93,+0009.57,+0004.29,-0018.99
+1580686783.34,+0002.93,-0002.93,+0004.88,+0006.74,+0007.12,-0014.47
+1580686783.34,+0000.98,-0001.95,+0005.86,-0005.59,+0001.38,-0011.87
+1580686783.35,-0001.95,-0004.88,+0006.84,+0003.37,-0008.73,-0000.31
+1580686783.35,+0002.93,-0001.95,+0004.88,-0002.07,+0008.80,-0018.15
+1580686783.36,-0003.91,-0006.84,+0002.93,+0001.99,+0005.13,-0009.95
+1580686783.36,-0003.91,-0002.93,+0000.98,-0000.38,-0000.31,-0012.71
+1580686783.37,-0012.70,-0003.91,+0002.93,-0004.75,+0005.28,-0022.36
+1580686783.37,+0011.72,+0000.00,+0004.88,+0010.34,-0018.07,+0006.05
+1580686783.38,-0006.84,-0003.91,+0003.91,+0006.20,+0003.22,-0020.21
+1580686783.38,-0023.44,-0001.95,+0003.91,-0006.58,-0012.79,-0000.77
+1580686783.39,+0007.81,+0002.93,+0002.93,+0014.24,+0010.26,-0026.87
+1580686783.39,-0001.95,-0003.91,+0003.91,+0007.50,+0006.66,-0010.64
+1580686783.40,-0004.88,+0004.88,+0003.91,-0006.66,-0006.35,-0007.04
+1580686783.40,+0004.88,+0000.98,+0002.93,+0002.37,+0002.14,-0014.93
+1580686783.41,+0002.93,+0003.91,+0002.93,+0001.99,-0002.53,-0013.86
+1580686783.41,+0012.70,+0001.95,+0003.91,+0010.11,+0002.60,-0015.93
+1580686783.42,+0000.98,+0005.86,+0003.91,-0007.66,-0003.68,-0009.49
+1580686783.42,+0008.79,+0004.88,+0003.91,+0009.11,-0003.45,-0005.59
+1580686783.43,+0001.95,+0008.79,+0004.88,+0005.51,-0004.98,-0007.27
+1580686783.43,+0001.95,+0007.81,+0005.86,+0003.22,-0002.53,-0010.64
+1580686783.44,+0011.72,+0007.81,+0005.86,-0002.30,-0000.08,-0003.29
+1580686783.44,-0000.98,+0005.86,+0006.84,-0000.46,+0005.82,-0006.12
+1580686783.45,-0010.74,+0010.74,+0005.86,-0004.44,-0004.98,-0011.18
+1580686783.45,+0012.70,+0007.81,+0005.86,+0010.41,+0000.77,-0011.25
+1580686783.46,+0007.81,+0006.84,+0005.86,-0008.80,+0003.90,-0011.64
+1580686783.46,-0006.84,+0006.84,+0004.88,-0001.99,-0003.52,-0009.72
+1580686783.47,-0001.95,+0005.86,+0003.91,-0002.60,+0005.59,-0022.28
+1580686783.47,-0002.93,+0004.88,+0002.93,+0002.53,-0006.66,-0004.59
+1580686783.48,+0006.84,+0003.91,+0002.93,-0000.77,+0007.35,-0008.80
+1580686783.48,-0004.88,+0001.95,+0000.98,-0005.74,-0002.07,-0002.60
+1580686783.49,-0002.93,+0000.98,-0001.95,+0005.51,+0005.67,-0014.24
+1580686783.49,-0008.79,+0000.98,-0001.95,-0008.58,+0001.07,-0019.22
+1580686783.50,+0005.86,+0002.93,-0000.98,-0008.65,+0011.03,-0016.54
+1580686783.50,-0001.95,+0001.95,+0000.00,+0001.38,-0005.28,-0010.41
+1580686783.51,+0000.00,+0000.98,+0000.00,-0000.77,-0004.59,-0003.22
+1580686783.51,+0005.86,+0000.00,+0000.00,-0002.37,+0006.12,-0008.73
+1580686783.52,-0009.77,+0000.98,-0000.98,+0000.31,-0010.49,-0004.52
+1580686783.52,+0010.74,+0002.93,-0001.95,-0002.37,+0005.67,-0013.17
+1580686783.53,+0002.93,+0000.00,-0002.93,+0001.84,-0001.15,-0011.94
+1580686783.53,-0004.88,+0000.98,-0003.91,+0005.05,-0005.13,-0015.77
+1580686783.54,+0008.79,+0001.95,-0002.93,-0004.67,-0004.75,-0007.04
+1580686783.54,+0011.72,+0000.98,-0002.93,+0007.58,+0013.86,-0015.85
+1580686783.55,-0005.86,+0001.95,-0003.91,-0005.59,-0011.10,-0002.45
+1580686783.55,+0001.95,+0005.86,-0002.93,-0003.60,-0005.97,-0002.76
+1580686783.56,+0007.81,+0001.95,-0000.98,+0005.21,+0005.36,-0014.62
+1580686783.56,+0003.91,+0006.84,+0000.98,+0000.15,-0005.97,+0002.07
+1580686783.57,+0006.84,+0000.98,+0000.98,+0005.44,+0007.96,-0013.63
+1580686783.57,-0008.79,+0004.88,+0000.98,-0005.13,-0006.97,-0007.12
+1580686783.58,+0008.79,+0005.86,+0000.98,+0003.98,-0004.21,-0005.51
+1580686783.58,+0010.74,+0005.86,+0000.00,-0005.13,+0006.66,-0010.95
+1580686783.59,-0005.86,+0002.93,-0001.95,+0001.76,+0007.43,-0014.39
+1580686783.59,-0009.77,+0005.86,-0001.95,+0000.92,-0002.99,-0011.79
+1580686783.60,-0007.81,+0003.91,+0000.98,+0000.15,+0007.12,-0023.28
+1580686783.60,-0002.93,+0009.77,+0001.95,-0010.64,+0005.21,-0015.47
+1580686783.61,-0008.79,+0003.91,+0000.98,+0008.12,-0000.46,-0015.01
+1580686783.61,-0009.77,+0005.86,+0001.95,-0008.27,+0000.61,-0014.32
+1580686783.62,-0003.91,+0005.86,+0001.95,+0006.51,-0004.67,-0007.73
+1580686783.62,-0000.98,+0004.88,+0000.98,+0002.30,-0008.65,+0005.28
+1580686783.63,+0000.98,+0001.95,-0000.98,-0004.44,+0009.19,-0014.70
+1580686783.63,-0018.55,+0004.88,-0003.91,+0001.61,-0002.37,-0016.15
+1580686783.64,-0000.98,+0003.91,-0002.93,+0011.33,+0000.46,-0010.26
+1580686783.64,+0013.67,+0006.84,-0002.93,-0011.56,+0000.69,-0007.04
+1580686783.65,-0010.74,+0000.98,-0002.93,+0011.64,+0004.98,-0018.45
+1580686783.65,-0002.93,+0004.88,-0001.95,-0007.66,-0014.55,+0002.91
+1580686783.66,+0000.98,+0003.91,-0001.95,-0003.45,+0004.06,-0019.91
+1580686783.66,-0010.74,+0004.88,-0000.98,+0000.46,-0012.10,-0002.45
+1580686783.67,+0019.53,+0008.79,+0000.00,+0004.59,-0001.53,-0009.95
+1580686783.67,+0000.00,+0002.93,-0001.95,-0008.35,+0006.81,-0010.95
+1580686783.68,-0004.88,+0005.86,-0001.95,-0002.99,-0006.51,-0006.74
+1580686783.68,+0012.70,+0004.88,-0003.91,-0003.37,+0003.90,-0011.48
+1580686783.69,-0002.93,+0003.91,-0005.86,-0002.68,+0001.00,-0009.19
+1580686783.69,+0007.81,+0002.93,-0005.86,+0002.76,+0001.07,-0004.90
+1580686783.70,+0006.84,+0001.95,-0005.86,-0004.98,+0002.91,-0011.03
+1580686783.70,-0008.79,+0000.00,-0006.84,-0003.75,+0001.53,-0011.33
+1580686783.71,-0005.86,+0000.98,-0008.79,+0003.29,-0003.06,-0015.85
+1580686783.71,+0007.81,-0004.88,-0009.77,-0000.23,+0012.40,-0015.08
+1580686783.72,-0012.70,-0004.88,-0013.67,-0013.93,-0007.04,-0003.45
+1580686783.72,-0012.70,-0010.74,-0016.60,+0003.52,+0003.29,-0015.39
+1580686783.73,-0001.95,-0011.72,-0019.53,-0002.91,-0001.45,-0016.69
+1580686783.73,+0005.86,-0014.65,-0020.51,-0002.07,-0006.12,+0010.64
+1580686783.74,+0001.95,-0014.65,-0023.44,-0002.30,+0015.39,-0021.28
+1580686783.74,-0022.46,-0017.58,-0023.44,-0003.68,-0008.88,-0016.23
+1580686783.75,+0018.55,-0013.67,-0022.46,-0001.99,+0007.12,-0014.70
+1580686783.75,+0005.86,-0016.60,-0021.48,-0008.19,-0005.13,-0006.81
+1580686783.76,-0003.91,-0015.62,-0024.41,+0010.95,+0003.29,-0004.36
+1580686783.76,-0008.79,-0021.48,-0023.44,+0007.12,-0005.67,-0012.71
+1580686783.77,+0010.74,-0016.60,-0021.48,+0003.90,+0001.38,-0007.96
+1580686783.77,+0012.70,-0017.58,-0020.51,-0008.50,-0002.53,-0002.30
+1580686783.78,-0007.81,-0017.58,-0020.51,+0005.74,+0007.43,-0009.49
+1580686783.78,-0004.88,-0019.53,-0018.55,+0006.51,+0000.08,-0017.46
+1580686783.79,+0013.67,-0014.65,-0017.58,+0004.21,+0000.23,-0014.01
+1580686783.79,+0012.70,-0017.58,-0017.58,-0006.58,-0005.44,-0004.29
+1580686783.80,+0005.86,-0014.65,-0017.58,-0007.66,-0000.84,-0013.32
+1580686783.80,-0008.79,-0019.53,-0015.62,+0009.11,-0004.52,-0008.73
+1580686783.81,+0016.60,-0012.70,-0011.72,+0000.08,-0004.90,+0000.31
+1580686783.81,+0005.86,-0012.70,-0010.74,-0001.61,+0009.34,-0015.01
+1580686783.82,-0007.81,-0012.70,-0009.77,+0002.22,+0004.44,-0015.39
+1580686783.82,-0003.91,-0012.70,-0009.77,-0000.38,-0001.53,-0019.37
+1580686783.83,+0011.72,-0013.67,-0006.84,+0000.23,-0009.42,+0009.11
+1580686783.83,-0004.88,-0011.72,-0006.84,-0010.11,-0006.74,-0007.89
+1580686783.84,-0019.53,-0014.65,-0004.88,+0009.42,-0004.59,-0012.71
+1580686783.84,+0000.98,-0010.74,-0002.93,-0003.83,+0010.57,-0020.60
+1580686783.85,-0007.81,-0012.70,-0001.95,+0001.45,-0005.59,-0007.50
+1580686783.85,-0001.95,-0009.77,-0000.98,-0001.61,+0006.20,-0017.84
+1580686783.86,-0016.60,-0014.65,-0000.98,-0002.07,-0009.42,-0006.20
+1580686783.86,+0007.81,-0011.72,+0000.00,+0010.64,-0000.69,-0005.82
+1580686783.87,-0001.95,-0012.70,+0000.00,+0002.83,+0003.22,-0013.17
+1580686783.87,-0009.77,-0010.74,+0000.00,+0000.46,-0012.10,-0003.60
+1580686783.88,+0012.70,-0013.67,+0000.98,+0001.45,+0006.58,-0013.63
+1580686783.88,-0008.79,-0009.77,+0000.98,+0006.05,+0003.83,-0020.60
+1580686783.89,-0003.91,-0011.72,+0002.93,+0009.49,+0006.12,-0022.28
+1580686783.89,+0000.98,-0006.84,+0004.88,-0005.36,-0008.65,-0013.25
+1580686783.90,+0015.62,-0010.74,+0007.81,+0010.03,+0000.46,+0000.15
+1580686783.90,-0007.81,-0004.88,+0008.79,-0009.95,-0008.50,-0013.09
+1580686783.91,-0003.91,-0008.79,+0011.72,+0014.16,+0002.37,-0017.84
+1580686783.91,+0011.72,+0000.98,+0011.72,-0006.20,-0003.14,-0016.00
+1580686783.92,+0012.70,-0002.93,+0012.70,+0007.73,-0001.00,-0002.68
+1580686783.92,+0003.91,+0000.00,+0012.70,-0004.59,+0000.08,-0012.10
+1580686783.93,+0002.93,-0002.93,+0014.65,+0010.80,-0006.66,+0001.38
+1580686783.93,+0009.77,+0004.88,+0015.62,-0000.77,+0004.44,-0005.36
+1580686783.94,-0009.77,+0003.91,+0016.60,+0004.82,-0004.13,-0009.34
+1580686783.94,+0005.86,+0006.84,+0018.55,+0003.22,-0004.52,-0014.55
+1580686783.95,+0015.62,+0005.86,+0020.51,+0005.90,+0005.21,-0004.44
+1580686783.95,-0009.77,+0005.86,+0018.55,-0005.67,+0004.82,-0007.27
+1580686783.96,-0008.79,+0004.88,+0018.55,+0006.51,-0006.58,-0008.80
+1580686783.96,+0012.70,+0008.79,+0020.51,+0000.46,+0009.49,-0010.18
+1580686783.97,-0005.86,+0011.72,+0021.48,-0000.69,+0000.69,-0009.03
+1580686783.97,+0000.98,+0005.86,+0022.46,-0000.54,-0007.43,-0000.15
+1580686783.98,+0000.00,+0008.79,+0021.48,-0002.68,-0006.51,-0006.28
+1580686783.98,+0001.95,+0010.74,+0021.48,+0004.44,+0004.44,-0013.93
+1580686783.99,+0002.93,+0007.81,+0020.51,-0000.92,-0004.21,-0006.51
+1580686783.99,-0000.98,+0007.81,+0020.51,+0003.29,-0004.13,-0005.05
+1580686784.00,-0001.95,+0010.74,+0021.48,+0000.46,+0005.59,-0017.69
+1580686784.00,+0000.00,+0009.77,+0022.46,+0005.51,-0010.11,-0009.34
+1580686784.01,+0015.62,+0005.86,+0020.51,-0005.44,+0002.68,-0001.38
+1580686784.01,-0015.62,+0009.77,+0019.53,-0010.64,-0013.02,-0009.65
+1580686784.02,+0013.67,+0006.84,+0020.51,+0015.39,-0003.52,-0012.10
+1580686784.02,+0018.55,+0008.79,+0018.55,-0011.33,+0005.36,-0011.48
+1580686784.03,-0013.67,+0004.88,+0016.60,+0002.99,-0016.23,+0005.36
+1580686784.03,+0013.67,+0007.81,+0016.60,+0001.68,+0011.64,-0026.95
+1580686784.04,+0001.95,+0006.84,+0016.60,+0000.46,-0007.81,-0003.75
+1580686784.04,+0009.77,+0006.84,+0015.62,-0002.99,+0003.06,-0004.82
+1580686784.05,-0000.98,+0004.88,+0013.67,-0009.19,+0002.37,-0008.80
+1580686784.05,-0007.81,+0003.91,+0010.74,+0005.82,-0000.69,-0005.67
+1580686784.06,-0000.98,+0005.86,+0008.79,-0008.65,+0000.61,-0011.64
+1580686784.06,-0000.98,+0001.95,+0008.79,-0007.96,-0004.75,+0003.75
+1580686784.07,+0004.88,+0000.00,+0006.84,-0000.38,+0011.64,-0014.24
+1580686784.07,-0017.58,+0000.00,+0003.91,-0007.12,-0004.67,-0008.19
+1580686784.08,-0005.86,-0003.91,+0001.95,-0003.14,+0000.84,-0009.19
+1580686784.08,-0002.93,-0003.91,-0000.98,-0010.11,-0005.13,-0010.87
+1580686784.09,+0000.98,-0007.81,-0003.91,+0006.97,+0003.90,-0010.80
+1580686784.09,-0005.86,-0008.79,-0005.86,-0013.17,-0000.46,-0005.74
+1580686784.10,-0011.72,-0011.72,-0008.79,-0001.84,+0002.07,-0008.88
+1580686784.10,-0008.79,-0010.74,-0010.74,-0005.44,+0004.52,-0020.98
+1580686784.11,-0005.86,-0011.72,-0012.70,+0003.68,-0007.96,-0011.48
+1580686784.11,+0007.81,-0013.67,-0011.72,-0000.31,+0002.30,-0006.97
+1580686784.12,-0008.79,-0012.70,-0011.72,-0007.43,-0003.45,-0004.82
+1580686784.12,-0000.98,-0012.70,-0012.70,+0007.89,-0005.05,-0006.89
+1580686784.13,+0001.95,-0014.65,-0012.70,-0010.87,+0007.04,-0013.55
+1580686784.13,-0005.86,-0013.67,-0013.67,-0004.67,-0001.00,-0009.42
+1580686784.14,+0003.91,-0013.67,-0013.67,+0002.30,+0002.76,-0014.70
+1580686784.14,+0002.93,-0013.67,-0011.72,-0006.43,-0004.90,-0005.67
+1580686784.15,+0010.74,-0013.67,-0010.74,+0000.61,-0001.30,+0000.15
+1580686784.15,-0011.72,-0014.65,-0011.72,+0003.52,+0001.99,-0024.42
+1580686784.16,-0013.67,-0009.77,-0011.72,-0002.91,-0011.87,-0012.25
+1580686784.16,+0020.51,-0011.72,-0009.77,+0004.82,+0001.84,-0010.11
+1580686784.17,+0001.95,-0010.74,-0009.77,+0007.89,-0002.76,-0003.22
+1580686784.17,-0011.72,-0006.84,-0009.77,-0004.82,+0001.68,-0010.34
+1580686784.18,+0000.98,-0009.77,-0008.79,+0006.58,-0002.30,-0015.24
+1580686784.18,+0000.98,-0006.84,-0005.86,+0002.91,-0000.46,-0013.09
+1580686784.19,+0001.95,-0005.86,-0003.91,+0002.76,+0001.53,-0005.97
+1580686784.19,-0010.74,-0005.86,-0002.93,+0002.14,+0005.74,-0020.98
+1580686784.20,-0005.86,-0002.93,-0001.95,-0001.07,-0013.86,+0001.99
+1580686784.20,+0012.70,-0001.95,-0001.95,-0001.53,+0003.14,-0016.46
+1580686784.21,-0013.67,-0002.93,-0002.93,-0001.91,-0013.55,+0003.45
+1580686784.21,+0005.86,-0000.98,-0001.95,+0008.35,+0008.19,-0012.40
+1580686784.21,-0016.60,+0000.00,+0000.98,-0011.94,+0005.28,-0020.14
+1580686784.22,+0002.93,+0005.86,+0002.93,-0009.42,+0005.97,-0007.04
+1580686784.22,+0000.98,+0001.95,+0001.95,+0004.36,+0014.47,-0024.81
+1580686784.23,-0026.37,+0005.86,+0001.95,-0000.77,-0016.46,-0009.88
+1580686784.23,+0016.60,+0008.79,+0003.91,-0001.38,+0017.23,-0023.89
+1580686784.24,-0013.67,+0008.79,+0003.91,-0004.75,-0019.22,-0000.69
+1580686784.24,+0005.86,+0009.77,+0004.88,+0001.99,+0001.07,+0000.69
+1580686784.25,-0004.88,+0010.74,+0002.93,-0002.07,+0010.03,-0017.38
+1580686784.25,-0015.62,+0010.74,+0002.93,+0009.49,-0006.97,-0003.52
+1580686784.26,+0014.65,+0014.65,+0001.95,-0011.10,+0009.95,-0021.13
+1580686784.26,+0000.00,+0008.79,+0001.95,+0005.36,-0011.56,-0004.59
+1580686784.27,+0006.84,+0015.62,+0000.98,-0000.69,+0001.07,-0004.44
+1580686784.27,-0010.74,+0011.72,+0000.98,+0002.60,-0007.20,-0011.79
+1580686784.28,+0006.84,+0015.62,+0000.00,+0001.91,-0007.20,-0009.26
+1580686784.28,+0011.72,+0010.74,+0000.00,-0007.58,+0009.88,-0014.32
+1580686784.29,-0007.81,+0015.62,-0000.98,-0012.02,-0020.75,+0020.67
+1580686784.29,+0026.37,+0010.74,+0000.98,+0006.58,+0025.65,-0017.99
+1580686784.30,-0032.23,+0013.67,-0002.93,-0016.15,-0005.90,-0016.08
+1580686784.30,+0000.98,+0013.67,+0000.00,+0018.30,-0010.11,+0001.07
+1580686784.31,+0010.74,+0010.74,-0004.88,-0011.48,-0000.46,-0010.64
+1580686784.31,-0005.86,+0004.88,-0003.91,+0011.33,-0004.98,+0011.56
+1580686784.32,-0004.88,+0012.70,-0004.88,-0015.08,+0009.80,-0012.25
+1580686784.32,-0033.20,+0001.95,-0007.81,-0000.15,-0004.75,-0014.55
+1580686784.33,-0000.98,+0005.86,-0009.77,-0005.67,+0000.08,-0014.47
+1580686784.33,+0001.95,-0000.98,-0011.72,-0003.37,+0004.75,-0013.86
+1580686784.34,-0008.79,-0000.98,-0014.65,-0002.60,-0002.30,+0004.36
+1580686784.34,-0023.44,-0003.91,-0015.62,-0004.44,-0007.27,-0016.69
+1580686784.35,-0008.79,-0004.88,-0016.60,+0002.30,-0002.91,-0005.13
+1580686784.35,+0000.00,-0006.84,-0018.55,-0001.91,+0009.95,-0022.28
+1580686784.36,-0004.88,-0011.72,-0018.55,+0007.73,-0003.83,+0012.17
+1580686784.36,+0008.79,-0007.81,-0017.58,-0005.05,+0016.23,-0024.42
+1580686784.37,-0022.46,-0012.70,-0017.58,-0006.74,-0015.24,-0000.46
+1580686784.37,+0006.84,-0009.77,-0018.55,+0007.20,+0006.12,-0013.63
+1580686784.38,-0012.70,-0016.60,-0019.53,-0002.45,-0011.71,-0011.41
+1580686784.38,+0012.70,-0012.70,-0019.53,+0006.58,+0000.84,+0001.30
+1580686784.39,-0000.98,-0016.60,-0020.51,-0012.71,+0010.87,-0020.60
+1580686784.39,-0021.48,-0014.65,-0018.55,-0007.04,-0005.59,-0012.48
+1580686784.40,+0013.67,-0014.65,-0017.58,+0004.13,-0001.61,-0010.64
+1580686784.40,+0009.77,-0018.55,-0015.62,+0000.61,+0001.99,-0012.48
+1580686784.41,+0000.98,-0017.58,-0014.65,-0005.13,+0000.46,+0005.74
+1580686784.41,-0015.62,-0014.65,-0014.65,-0005.05,-0007.43,-0021.90
+1580686784.42,+0014.65,-0017.58,-0012.70,+0003.60,-0015.08,+0013.70
+1580686784.42,+0022.46,-0020.51,-0012.70,-0000.84,+0024.81,-0021.97
+1580686784.43,-0026.37,-0017.58,-0011.72,+0004.59,-0003.06,-0001.38
+1580686784.43,+0007.81,-0013.67,-0010.74,+0000.38,+0004.44,-0014.85
+1580686784.44,-0004.88,-0023.44,-0010.74,-0008.73,+0002.68,-0013.78
+1580686784.44,+0005.86,-0015.62,-0007.81,+0015.08,-0006.20,-0000.15
+1580686784.45,+0007.81,-0017.58,-0006.84,+0001.38,-0002.99,-0005.44
+1580686784.45,-0001.95,-0021.48,-0005.86,+0001.00,+0003.52,-0004.21
+1580686784.46,-0008.79,-0017.58,-0005.86,-0001.45,+0004.90,-0021.36
+1580686784.46,+0003.91,-0017.58,-0005.86,-0002.22,+0000.77,-0009.72
+1580686784.47,+0017.58,-0021.48,-0004.88,-0004.90,+0010.26,-0008.80
+1580686784.47,-0017.58,-0019.53,-0002.93,+0011.79,+0001.15,-0017.53
+1580686784.48,-0006.84,-0013.67,+0000.00,-0003.45,-0008.19,-0006.97
+1580686784.48,+0011.72,-0017.58,+0000.98,-0001.07,-0002.99,-0011.56
+1580686784.49,+0002.93,-0017.58,+0000.00,+0004.59,+0002.07,+0000.08
+1580686784.49,-0006.84,-0013.67,+0000.98,+0000.77,+0002.22,-0009.72
+1580686784.50,-0011.72,-0016.60,+0002.93,+0008.58,-0002.99,-0012.86
+1580686784.50,+0005.86,-0013.67,+0003.91,-0004.21,-0002.53,-0007.35
+1580686784.51,+0005.86,-0014.65,+0004.88,+0006.89,+0008.88,-0013.48
+1580686784.51,-0005.86,-0010.74,+0005.86,-0002.60,-0013.63,-0004.13
+1580686784.52,+0010.74,-0011.72,+0005.86,+0002.45,+0009.65,-0025.34
+1580686784.52,-0017.58,-0012.70,+0005.86,-0006.66,-0011.48,-0015.08
+1580686784.53,+0015.62,-0007.81,+0007.81,+0014.39,+0000.54,-0007.66
+1580686784.53,+0004.88,-0009.77,+0008.79,+0004.36,-0006.20,-0014.47
+1580686784.54,-0003.91,-0007.81,+0009.77,+0001.84,-0005.59,-0003.75
+1580686784.54,+0013.67,-0005.86,+0010.74,-0007.89,+0005.82,-0011.25
+1580686784.55,-0001.95,-0008.79,+0010.74,+0011.25,-0002.60,-0008.73
+1580686784.55,+0004.88,-0003.91,+0011.72,+0003.90,+0000.00,-0006.66
+1580686784.56,-0000.98,-0004.88,+0011.72,+0001.38,+0001.23,-0008.96
+1580686784.56,+0000.98,-0003.91,+0013.67,+0000.69,-0005.51,+0006.12
+1580686784.57,-0001.95,-0001.95,+0014.65,+0005.28,+0009.03,-0015.70
+1580686784.57,-0001.95,-0002.93,+0015.62,+0006.97,+0009.19,-0016.54
+1580686784.58,-0009.77,+0001.95,+0015.62,+0000.61,+0001.99,-0021.74
+1580686784.58,-0001.95,+0000.00,+0017.58,+0000.15,-0012.71,-0012.33
+1580686784.59,+0014.65,+0002.93,+0018.55,-0011.03,+0008.12,-0019.83
+1580686784.59,-0018.55,+0000.00,+0017.58,+0009.72,-0008.58,-0015.62
+1580686784.60,+0002.93,+0004.88,+0017.58,-0002.76,-0004.75,-0006.05
+1580686784.60,+0009.77,+0001.95,+0016.60,+0001.61,+0005.67,-0014.16
+1580686784.61,-0009.77,+0003.91,+0017.58,+0006.28,-0004.36,+0001.84
+1580686784.61,+0000.00,+0007.81,+0018.55,+0000.92,+0004.67,-0007.50
+1580686784.62,-0007.81,+0006.84,+0018.55,+0004.36,+0002.14,-0019.60
+1580686784.62,+0005.86,+0008.79,+0020.51,+0002.99,+0007.04,-0013.86
+1580686784.63,-0002.93,+0011.72,+0021.48,-0000.08,-0004.44,-0016.46
+1580686784.63,-0013.67,+0012.70,+0023.44,+0007.04,-0002.14,-0008.27
+1580686784.64,+0000.00,+0017.58,+0023.44,-0000.15,+0004.90,-0018.60
+1580686784.64,+0003.91,+0017.58,+0022.46,-0000.23,-0019.06,+0024.81
+1580686784.65,+0026.37,+0017.58,+0019.53,+0003.37,+0022.28,-0020.90
+1580686784.65,-0032.23,+0016.60,+0020.51,-0005.28,-0005.82,-0014.55
+1580686784.66,-0000.98,+0025.39,+0023.44,-0000.92,+0003.37,-0017.38
+1580686784.66,+0011.72,+0021.48,+0024.41,-0005.13,-0002.99,-0025.11
+1580686784.67,+0013.67,+0022.46,+0024.41,+0012.56,-0008.65,+0021.44
+1580686784.67,-0005.86,+0027.34,+0022.46,-0008.58,+0021.97,-0026.95
+1580686784.68,-0020.51,+0025.39,+0026.37,+0000.92,-0014.39,-0002.07
+1580686784.68,+0041.99,+0029.30,+0026.37,-0000.15,+0002.53,-0001.30
+1580686784.69,+0005.86,+0023.44,+0023.44,-0005.97,+0011.48,-0009.03
+1580686784.69,-0026.37,+0031.25,+0022.46,-0003.60,-0011.56,-0002.22
+1580686784.70,+0014.65,+0027.34,+0023.44,+0005.51,+0007.66,-0027.72
+1580686784.70,+0014.65,+0027.34,+0021.48,-0006.05,-0011.10,+0000.84
+1580686784.71,+0018.55,+0027.34,+0019.53,+0000.23,+0002.14,+0003.06
+1580686784.71,-0011.72,+0025.39,+0018.55,-0005.28,+0004.67,-0018.91
+1580686784.72,-0015.62,+0025.39,+0017.58,+0008.50,-0009.95,-0007.73
+1580686784.72,+0028.32,+0026.37,+0016.60,-0012.56,-0006.43,-0001.99
+1580686784.73,+0004.88,+0018.55,+0012.70,-0004.44,+0008.50,-0016.38
+1580686784.73,-0035.16,+0021.48,+0010.74,+0001.76,-0012.63,-0016.69
+1580686784.74,+0002.93,+0024.41,+0011.72,-0001.99,+0001.38,-0015.77
+1580686784.74,+0012.70,+0014.65,+0007.81,-0012.48,+0002.37,-0012.79
+1580686784.75,-0002.93,+0014.65,+0002.93,-0008.50,+0006.20,-0003.14
+1580686784.75,-0017.58,+0014.65,-0000.98,+0001.07,+0002.91,-0025.04
+1580686784.76,-0009.77,+0012.70,-0002.93,-0006.28,-0009.72,-0004.67
+1580686784.76,+0009.77,+0011.72,-0005.86,-0006.20,+0002.60,-0005.90
+1580686784.77,-0002.93,+0008.79,-0006.84,-0000.69,-0003.98,-0002.91
+1580686784.77,+0000.00,+0010.74,-0006.84,-0000.54,-0003.90,-0006.20
+1580686784.78,-0000.98,+0006.84,-0008.79,-0008.50,+0004.98,-0016.46
+1580686784.78,+0002.93,+0006.84,-0012.70,-0010.95,+0004.44,-0014.70
+1580686784.79,+0002.93,+0004.88,-0017.58,+0004.36,-0002.83,-0017.76
+1580686784.79,-0001.95,+0002.93,-0020.51,-0015.39,+0000.92,-0013.55
+1580686784.80,+0011.72,+0003.91,-0021.48,-0011.79,-0003.68,-0005.44
+1580686784.80,+0018.55,+0000.00,-0020.51,+0007.73,+0001.07,-0000.54
+1580686784.81,+0000.00,+0003.91,-0020.51,-0008.35,+0001.91,-0010.95
+1580686784.81,-0003.91,+0001.95,-0019.53,+0002.76,-0006.58,-0007.43
+1580686784.82,+0005.86,+0003.91,-0020.51,+0000.08,+0005.21,-0020.29
+1580686784.82,+0000.98,+0000.00,-0021.48,-0008.50,-0010.87,+0011.87
+1580686784.83,+0002.93,+0000.00,-0024.41,+0005.28,+0020.98,-0022.13
+1580686784.83,-0024.41,-0000.98,-0023.44,+0008.65,-0010.80,-0003.29
+1580686784.84,+0018.55,+0002.93,-0022.46,-0009.19,+0009.34,-0007.20
+1580686784.84,+0000.00,-0005.86,-0024.41,-0004.82,+0000.00,-0007.96
+1580686784.85,-0016.60,+0000.00,-0024.41,+0006.28,-0000.38,+0003.29
+1580686784.85,-0012.70,-0001.95,-0024.41,-0003.22,-0001.53,-0022.82
+1580686784.86,-0001.95,-0003.91,-0024.41,+0006.89,+0001.38,-0017.46
+1580686784.86,+0004.88,-0004.88,-0023.44,-0009.26,-0000.46,-0011.03
+1580686784.87,-0001.95,-0004.88,-0022.46,+0008.80,-0003.37,-0009.65
+1580686784.87,-0005.86,-0004.88,-0020.51,+0005.51,-0004.67,-0006.05
+1580686784.88,-0000.98,-0003.91,-0018.55,+0001.53,+0003.60,-0012.40
+1580686784.88,-0003.91,-0003.91,-0019.53,-0006.12,-0004.75,-0006.05
+1580686784.89,-0002.93,-0003.91,-0020.51,-0003.90,-0005.21,-0005.90
+1580686784.89,+0000.98,-0005.86,-0020.51,+0001.15,-0000.46,-0006.51
+1580686784.90,+0001.95,-0002.93,-0018.55,-0000.15,+0003.98,-0010.03
+1580686784.90,-0012.70,-0002.93,-0018.55,-0004.75,-0000.77,-0018.99
+1580686784.91,+0004.88,-0001.95,-0018.55,-0003.75,+0007.04,-0021.82
+1580686784.91,-0002.93,-0003.91,-0018.55,-0001.23,-0005.28,-0018.68
+1580686784.92,+0010.74,-0002.93,-0017.58,+0002.14,-0008.04,-0001.84
+1580686784.92,+0014.65,-0004.88,-0017.58,-0002.07,+0009.03,-0023.05
+1580686784.93,-0018.55,-0003.91,-0017.58,+0001.91,-0013.55,-0001.00
+1580686784.93,+0009.77,-0000.98,-0016.60,+0000.92,+0007.58,-0022.05
+1580686784.94,+0002.93,-0003.91,-0015.62,-0003.06,+0001.23,-0012.56
+1580686784.94,+0005.86,-0004.88,-0014.65,+0005.28,+0001.61,-0011.33
+1580686784.95,+0004.88,-0002.93,-0013.67,-0012.40,-0002.91,-0001.53
+1580686784.95,-0002.93,-0002.93,-0013.67,+0014.47,+0005.05,-0012.25
+1580686784.96,-0000.98,-0003.91,-0013.67,+0007.50,-0003.68,-0002.53
+1580686784.96,+0008.79,-0003.91,-0013.67,+0002.22,+0009.80,-0013.55
+1580686784.97,-0002.93,-0005.86,-0011.72,-0008.65,-0008.12,-0005.51
+1580686784.97,+0010.74,-0003.91,-0010.74,+0010.41,-0003.83,+0004.13
+1580686784.98,-0018.55,-0004.88,-0011.72,-0001.61,-0004.82,-0017.69
+1580686784.98,-0010.74,-0001.95,-0008.79,+0005.82,-0006.28,-0014.78
+1580686784.99,+0028.32,-0003.91,-0007.81,-0004.13,-0008.65,+0000.23
+1580686784.99,-0001.95,-0008.79,-0007.81,+0003.98,+0001.68,-0021.36
+1580686785.00,-0039.06,-0001.95,-0006.84,-0004.29,-0014.01,-0017.53
+1580686785.00,+0023.44,-0000.98,-0004.88,+0007.81,-0007.27,+0001.38
+1580686785.01,+0007.81,-0008.79,-0009.77,-0007.50,+0019.75,-0019.06
+1580686785.01,-0028.32,-0004.88,-0009.77,+0003.29,-0004.36,-0016.46
+1580686785.02,-0000.98,+0003.91,-0007.81,-0001.91,-0002.60,-0014.47
+1580686785.02,+0011.72,-0006.84,-0006.84,-0000.23,+0001.99,-0005.36
+1580686785.03,-0007.81,-0001.95,-0006.84,-0002.76,+0001.45,-0016.61
+1580686785.03,-0019.53,+0000.00,-0004.88,+0003.90,-0007.43,-0007.04
+1580686785.04,+0006.84,+0000.98,-0004.88,-0005.36,+0004.67,-0016.77
+1580686785.04,+0010.74,-0003.91,-0005.86,+0001.23,-0007.89,-0009.42
+1580686785.05,+0005.86,+0000.98,-0007.81,+0002.99,+0005.82,-0019.37
+1580686785.05,-0013.67,+0000.00,-0007.81,-0007.12,-0005.21,-0017.38
+1580686785.06,+0011.72,+0000.98,-0006.84,+0008.80,-0007.43,-0008.96
+1580686785.06,+0018.55,-0001.95,-0005.86,+0011.48,+0005.59,-0018.45
+1580686785.07,-0011.72,+0002.93,-0004.88,-0013.63,-0012.17,+0006.89
+1580686785.07,+0007.81,+0002.93,-0002.93,+0011.18,+0010.41,-0024.42
+1580686785.08,+0004.88,+0001.95,-0004.88,-0011.33,-0008.35,-0001.38
+1580686785.08,+0009.77,+0001.95,-0005.86,-0005.67,+0003.75,-0006.43
+1580686785.09,-0010.74,+0000.98,-0005.86,-0003.75,+0001.15,-0014.01
+1580686785.09,-0002.93,+0002.93,-0004.88,+0009.03,-0004.75,-0003.29
+1580686785.10,+0011.72,-0000.98,-0005.86,+0002.76,+0005.28,-0007.73
+1580686785.10,-0006.84,-0002.93,-0005.86,-0002.99,+0002.76,-0012.02
+1580686785.11,-0016.60,-0000.98,-0007.81,-0002.76,-0002.83,-0013.32
+1580686785.11,+0004.88,-0002.93,-0008.79,-0001.38,-0001.38,-0011.48
+1580686785.12,-0006.84,-0008.79,-0012.70,-0001.61,-0001.15,-0006.35
+1580686785.12,-0007.81,-0005.86,-0012.70,-0002.45,+0001.45,-0010.80
+1580686785.13,-0006.84,-0005.86,-0012.70,-0010.49,-0000.38,-0012.33
+1580686785.13,+0000.00,-0009.77,-0013.67,-0005.13,+0004.59,-0009.88
+1580686785.14,-0009.77,-0009.77,-0014.65,+0001.53,-0000.23,-0008.80
+1580686785.14,-0013.67,-0008.79,-0015.62,-0000.61,-0001.00,-0009.65
+1580686785.15,-0002.93,-0011.72,-0017.58,-0006.05,-0000.69,-0013.09
+1580686785.15,-0003.91,-0012.70,-0018.55,-0003.83,-0001.91,-0006.12
+1580686785.16,-0005.86,-0012.70,-0020.51,-0001.15,+0001.91,-0012.40
+1580686785.16,-0005.86,-0013.67,-0021.48,-0006.89,-0001.45,-0009.65
+1580686785.17,-0001.95,-0015.62,-0023.44,-0000.15,-0001.00,-0011.18
+1580686785.17,-0001.95,-0013.67,-0023.44,-0000.15,-0001.30,-0009.34
+1580686785.18,+0000.98,-0016.60,-0024.41,-0001.38,+0001.00,-0013.48
+1580686785.18,+0000.98,-0015.62,-0025.39,-0001.91,-0004.67,-0009.42
+1580686785.19,+0002.93,-0016.60,-0024.41,+0000.54,+0003.83,-0011.87
+1580686785.19,+0000.00,-0016.60,-0024.41,-0008.42,-0008.19,-0006.97
+1580686785.20,+0005.86,-0018.55,-0025.39,+0001.91,+0006.97,-0016.77
+1580686785.20,-0002.93,-0018.55,-0025.39,-0006.66,-0000.46,-0014.78
+1580686785.21,+0006.84,-0019.53,-0025.39,+0001.61,+0003.90,-0014.01
+1580686785.21,+0000.00,-0019.53,-0024.41,-0002.83,-0003.60,-0009.95
+1580686785.22,+0002.93,-0019.53,-0023.44,+0005.28,-0000.15,-0002.53
+1580686785.22,-0000.98,-0019.53,-0023.44,-0001.61,-0003.75,-0003.37
+1580686785.23,+0002.93,-0020.51,-0022.46,+0004.44,+0000.92,-0007.20
+1580686785.23,+0006.84,-0018.55,-0020.51,-0006.35,-0002.60,-0003.37
+1580686785.24,-0000.98,-0019.53,-0018.55,+0007.27,+0004.44,-0011.79
+1580686785.24,+0000.00,-0019.53,-0017.58,+0000.92,+0003.60,-0009.57
+1580686785.25,-0006.84,-0016.60,-0018.55,+0004.67,+0003.45,-0021.28
+1580686785.25,+0002.93,-0021.48,-0019.53,-0004.52,-0008.96,+0003.90
+1580686785.26,-0006.84,-0016.60,-0018.55,-0009.42,-0011.41,-0009.57
+1580686785.26,-0003.91,-0020.51,-0014.65,+0009.34,+0001.30,+0001.23
+1580686785.27,+0000.00,-0013.67,-0013.67,-0008.04,+0006.74,-0015.70
+1580686785.27,-0020.51,-0020.51,-0015.62,-0005.05,+0002.07,-0013.93
+1580686785.28,+0000.98,-0013.67,-0014.65,-0006.05,+0003.60,-0016.31
+1580686785.28,-0004.88,-0017.58,-0011.72,+0007.50,+0004.52,-0018.91
+1580686785.29,-0004.88,-0013.67,-0008.79,-0004.90,-0009.80,+0004.82
+1580686785.29,-0005.86,-0012.70,-0007.81,-0001.15,-0001.07,-0014.78
+1580686785.30,-0010.74,-0012.70,-0005.86,+0002.37,-0011.33,+0001.91
+1580686785.30,+0010.74,-0011.72,-0004.88,-0000.77,+0010.18,-0012.02
+1580686785.31,-0014.65,-0011.72,-0003.91,-0000.84,-0000.84,-0013.63
+1580686785.31,-0001.95,-0007.81,-0002.93,+0004.44,+0006.12,-0018.76
+1580686785.32,-0003.91,-0009.77,-0000.98,-0002.76,-0008.58,-0014.16
+1580686785.32,+0011.72,-0006.84,+0000.98,+0009.72,-0001.61,-0003.45
+1580686785.33,-0001.95,-0006.84,+0000.98,+0007.20,-0004.13,-0014.85
+1580686785.33,-0006.84,-0002.93,+0002.93,+0001.23,-0007.73,-0006.51
+1580686785.34,+0013.67,-0001.95,+0004.88,-0000.38,+0006.58,-0018.76
+1580686785.34,+0001.95,-0001.95,+0007.81,+0004.75,-0000.38,-0009.65
+1580686785.35,-0001.95,+0002.93,+0009.77,-0000.23,-0004.52,-0014.09
+1580686785.35,+0010.74,+0000.98,+0012.70,+0005.51,-0005.90,-0005.74
+1580686785.36,+0007.81,+0001.95,+0014.65,-0002.07,+0009.42,-0007.04
+1580686785.36,-0003.91,+0003.91,+0017.58,-0001.45,-0000.77,+0004.98
+1580686785.37,+0000.00,+0004.88,+0017.58,+0005.90,+0014.32,-0018.76
+1580686785.37,-0015.62,+0004.88,+0017.58,-0005.67,-0010.41,-0009.49
+1580686785.38,+0012.70,+0005.86,+0019.53,+0012.56,+0000.92,-0005.97
+1580686785.38,-0008.79,+0004.88,+0020.51,-0001.53,-0009.34,-0004.29
+1580686785.39,-0003.91,+0004.88,+0023.44,+0008.42,+0004.36,-0008.19
+1580686785.39,-0008.79,+0006.84,+0023.44,-0003.06,+0005.05,-0019.52
+1580686785.40,-0005.86,+0004.88,+0024.41,+0005.21,+0001.45,-0010.95
+1580686785.40,+0002.93,+0008.79,+0024.41,-0003.98,+0001.76,-0007.89
+1580686785.41,-0012.70,+0006.84,+0026.37,+0012.63,-0000.92,-0011.87
+1580686785.41,-0003.91,+0010.74,+0026.37,-0004.82,-0007.50,-0007.58
+1580686785.42,+0000.98,+0007.81,+0025.39,+0004.59,-0001.84,-0015.39
+1580686785.42,-0002.93,+0008.79,+0024.41,-0006.05,-0002.45,-0002.53
+1580686785.43,-0008.79,+0011.72,+0025.39,+0010.80,+0004.82,-0016.15
+1580686785.43,-0003.91,+0010.74,+0025.39,+0009.19,+0001.53,-0006.28
+1580686785.44,+0008.79,+0011.72,+0025.39,-0001.38,+0001.91,-0016.00
+1580686785.44,-0001.95,+0010.74,+0024.41,-0000.46,-0005.59,-0006.66
+1580686785.45,+0000.98,+0013.67,+0023.44,+0005.97,+0000.69,-0008.12
+1580686785.45,+0002.93,+0008.79,+0022.46,+0010.64,+0000.54,-0015.93
+1580686785.46,+0002.93,+0013.67,+0021.48,-0004.82,-0003.22,-0011.48
+1580686785.46,+0011.72,+0010.74,+0022.46,+0002.45,-0000.92,-0009.34
+1580686785.47,+0001.95,+0013.67,+0023.44,-0001.07,+0003.90,-0017.46
+1580686785.47,-0003.91,+0013.67,+0023.44,+0005.59,-0007.43,-0006.81
+1580686785.48,+0018.55,+0013.67,+0022.46,-0003.52,+0004.13,-0013.55
+1580686785.48,+0003.91,+0011.72,+0021.48,+0005.67,+0002.53,-0012.33
+1580686785.49,+0006.84,+0012.70,+0021.48,+0004.29,+0004.21,-0006.74
+1580686785.49,+0003.91,+0013.67,+0021.48,-0006.89,+0000.84,-0009.80
+1580686785.50,+0002.93,+0012.70,+0019.53,+0006.05,-0006.05,+0003.60
+1580686785.50,+0004.88,+0014.65,+0018.55,-0004.82,+0008.35,-0006.28
+1580686785.51,-0009.77,+0012.70,+0018.55,+0003.45,-0002.30,-0013.09
+1580686785.51,+0001.95,+0015.62,+0018.55,-0002.76,+0005.44,-0018.22
+1580686785.52,-0002.93,+0014.65,+0017.58,+0005.28,-0004.21,-0020.21
+1580686785.52,+0014.65,+0011.72,+0016.60,-0001.23,+0015.47,-0003.29
+1580686785.53,-0017.58,+0012.70,+0012.70,-0005.74,+0005.59,-0025.34
+1580686785.53,-0019.53,+0011.72,+0013.67,+0001.84,-0018.99,+0002.76
+1580686785.54,+0024.41,+0016.60,+0014.65,-0000.61,+0004.82,-0012.86
+1580686785.54,-0016.60,+0007.81,+0010.74,+0003.90,-0005.36,-0007.96
+1580686785.55,-0013.67,+0014.65,+0010.74,-0007.35,-0004.29,-0006.28
+1580686785.55,-0001.95,+0011.72,+0008.79,+0001.00,+0004.13,-0019.75
+1580686785.56,-0004.88,+0010.74,+0006.84,+0004.21,-0005.82,-0008.12
+1580686785.56,+0013.67,+0013.67,+0006.84,-0003.68,-0007.20,+0007.20
+1580686785.57,+0001.95,+0010.74,+0004.88,+0003.06,+0019.29,-0019.68
+1580686785.57,-0033.20,+0012.70,+0003.91,-0005.44,-0005.51,-0014.09
+1580686785.58,+0009.77,+0016.60,+0004.88,-0005.67,+0001.07,-0014.47
+1580686785.58,+0016.60,+0009.77,+0001.95,-0005.36,-0001.99,-0003.06
+1580686785.59,-0006.84,+0013.67,-0000.98,+0010.57,+0003.75,-0005.13
+1580686785.59,-0005.86,+0014.65,+0000.00,+0005.90,-0015.39,+0009.42
+1580686785.60,+0023.44,+0010.74,+0000.00,-0002.07,+0013.86,-0013.48
+1580686785.60,-0010.74,+0010.74,-0004.88,-0005.36,-0004.06,-0007.04
+1580686785.61,-0011.72,+0016.60,-0005.86,+0005.97,+0004.67,-0027.03
+1580686785.61,+0017.58,+0011.72,-0004.88,-0002.30,-0003.22,-0008.27
+1580686785.62,+0019.53,+0010.74,-0004.88,+0005.13,+0007.58,-0012.40
+1580686785.62,-0014.65,+0013.67,-0004.88,-0013.55,+0002.22,-0014.47
+1580686785.63,+0001.95,+0014.65,-0003.91,-0006.74,+0002.45,-0011.03
+1580686785.63,+0023.44,+0007.81,-0006.84,+0001.68,-0005.51,+0007.96
+1580686785.64,+0009.77,+0010.74,-0008.79,-0001.15,+0009.19,-0000.15
+1580686785.64,-0018.55,+0011.72,-0010.74,-0005.28,-0003.14,-0000.08
+1580686785.65,-0005.86,+0010.74,-0009.77,+0003.14,-0009.57,-0003.45
+1580686785.65,+0017.58,+0008.79,-0008.79,-0004.06,+0007.35,-0015.01
+1580686785.66,-0000.98,+0007.81,-0008.79,+0000.31,+0000.00,-0006.20
+1580686785.66,-0007.81,+0006.84,-0008.79,+0001.45,-0004.90,+0004.59
+1580686785.67,+0003.91,+0005.86,-0009.77,-0003.52,+0016.31,-0028.63
+1580686785.67,-0019.53,+0003.91,-0013.67,-0002.91,-0009.49,-0007.43
+1580686785.68,-0004.88,+0007.81,-0015.62,+0001.91,+0002.14,-0021.21
+1580686785.68,+0000.00,+0000.98,-0014.65,+0000.54,+0006.58,-0009.88
+1580686785.69,-0007.81,+0003.91,-0014.65,-0002.68,-0005.82,-0004.36
+1580686785.69,-0001.95,+0002.93,-0015.62,-0002.60,+0000.69,-0004.06
+1580686785.70,-0012.70,+0003.91,-0017.58,-0004.82,-0007.20,-0000.46
+1580686785.70,-0000.98,+0001.95,-0018.55,+0007.66,+0002.37,-0011.64
+1580686785.71,-0006.84,+0004.88,-0020.51,-0009.49,-0002.99,-0010.80
+1580686785.71,-0002.93,+0000.98,-0019.53,+0003.83,-0000.46,-0006.58
+1580686785.72,+0000.98,+0004.88,-0020.51,-0003.75,-0004.90,-0010.72
+1580686785.72,+0000.00,+0001.95,-0020.51,+0001.38,-0000.69,-0006.66
+1580686785.73,+0000.00,+0003.91,-0020.51,-0005.05,+0003.83,-0017.30
+1580686785.73,-0005.86,+0002.93,-0017.58,-0000.54,-0002.91,-0020.67
+1580686785.74,+0006.84,+0004.88,-0013.67,-0001.07,-0002.83,-0017.92
+1580686785.74,+0015.62,+0006.84,-0013.67,-0002.53,-0004.98,-0006.51
+1580686785.75,+0011.72,+0003.91,-0016.60,-0001.68,+0002.45,-0001.91
+1580686785.75,-0003.91,+0004.88,-0017.58,-0001.61,-0005.51,-0005.44
+1580686785.76,+0006.84,+0007.81,-0015.62,+0005.44,+0004.21,-0015.39
+1580686785.76,+0018.55,+0007.81,-0013.67,-0003.83,-0012.63,+0003.60
+1580686785.77,+0019.53,+0006.84,-0013.67,-0005.28,-0001.91,-0000.69
+1580686785.77,-0011.72,+0005.86,-0013.67,+0001.38,+0005.36,-0015.16
+1580686785.78,-0012.70,+0010.74,-0012.70,+0006.28,-0000.08,-0023.20
+1580686785.78,+0007.81,+0006.84,-0009.77,-0007.73,-0006.12,-0010.57
+1580686785.79,+0013.67,+0006.84,-0008.79,-0010.03,+0009.49,-0016.15
+1580686785.79,-0016.60,+0003.91,-0007.81,+0004.98,-0007.27,-0004.06
+1580686785.80,-0007.81,+0009.77,-0006.84,+0003.06,+0006.43,-0015.54
+1580686785.80,-0007.81,+0004.88,-0006.84,-0009.42,-0000.92,-0016.46
+1580686785.81,+0012.70,+0005.86,-0006.84,+0001.45,+0008.27,-0004.90
+1580686785.81,-0017.58,+0004.88,-0006.84,-0008.04,+0007.66,-0015.77
+1580686785.82,-0016.60,+0007.81,-0005.86,+0006.66,-0014.24,+0001.15
+1580686785.82,+0006.84,+0006.84,-0007.81,-0003.60,+0002.91,-0016.92
+1580686785.83,-0012.70,+0001.95,-0009.77,-0001.38,-0006.43,-0002.99
+1580686785.83,-0003.91,+0007.81,-0011.72,+0000.92,+0005.82,-0016.00
+1580686785.84,-0010.74,+0002.93,-0010.74,-0005.05,-0004.90,-0019.52
+1580686785.84,+0003.91,+0002.93,-0010.74,-0003.06,+0001.53,-0007.50
+1580686785.85,-0001.95,+0002.93,-0011.72,-0003.83,+0002.30,-0014.16
+1580686785.85,-0015.62,+0006.84,-0012.70,+0001.76,-0001.91,-0013.55
+1580686785.86,+0007.81,+0003.91,-0013.67,-0000.77,+0006.20,-0014.09
+1580686785.86,-0000.98,+0001.95,-0014.65,-0005.51,-0003.60,-0012.40
+1580686785.87,+0005.86,+0001.95,-0014.65,+0003.75,-0008.04,+0009.95
+1580686785.87,+0007.81,+0003.91,-0015.62,-0003.90,+0003.90,-0013.25
+1580686785.88,-0011.72,-0003.91,-0016.60,+0006.58,-0000.54,-0014.47
+1580686785.88,-0000.98,+0003.91,-0016.60,-0007.27,-0004.98,-0022.36
+1580686785.89,+0019.53,-0002.93,-0016.60,-0001.45,-0002.07,-0008.19
+1580686785.89,+0016.60,-0004.88,-0020.51,-0007.43,+0016.84,-0009.65
+1580686785.90,-0026.37,-0006.84,-0023.44,+0005.28,+0001.45,-0024.19
+1580686785.90,-0023.44,-0002.93,-0022.46,-0003.06,-0007.20,-0021.28
+1580686785.91,+0025.39,-0006.84,-0019.53,+0002.30,-0002.99,-0010.18
+1580686785.91,+0007.81,-0013.67,-0020.51,+0000.61,+0005.90,-0009.26
+1580686785.92,-0026.37,-0010.74,-0019.53,-0004.59,-0005.90,+0000.77
+1580686785.92,-0002.93,-0009.77,-0019.53,+0000.23,-0002.68,-0006.12
+1580686785.93,+0001.95,-0018.55,-0021.48,+0000.92,-0001.38,-0002.68
+1580686785.93,-0000.98,-0018.55,-0023.44,-0001.00,-0004.59,+0003.68
+1580686785.94,-0004.88,-0016.60,-0024.41,-0000.46,+0008.80,-0016.23
+1580686785.94,-0025.39,-0021.48,-0024.41,-0005.90,-0000.77,-0018.76
+1580686785.95,+0008.79,-0018.55,-0023.44,+0000.15,-0002.68,+0000.31
+1580686785.95,+0008.79,-0024.41,-0025.39,-0001.23,+0020.37,-0026.80
+1580686785.96,-0035.16,-0023.44,-0026.37,-0003.45,-0010.49,-0011.87
+1580686785.96,-0000.98,-0018.55,-0023.44,-0003.14,-0004.29,-0017.00
+1580686785.97,+0014.65,-0024.41,-0022.46,-0004.21,+0002.07,-0002.07
+1580686785.97,+0000.98,-0024.41,-0022.46,+0009.19,+0001.15,-0000.84
+1580686785.98,-0011.72,-0021.48,-0021.48,-0009.34,-0001.30,-0006.97
+1580686785.98,-0002.93,-0020.51,-0020.51,-0001.30,+0003.14,-0012.94
+1580686785.99,+0004.88,-0023.44,-0019.53,+0001.91,-0010.87,-0005.90
+1580686785.99,+0014.65,-0021.48,-0018.55,-0000.23,+0006.66,-0000.61
+1580686786.00,-0018.55,-0022.46,-0018.55,+0002.37,-0008.88,-0012.56
+1580686786.00,-0002.93,-0019.53,-0015.62,+0003.68,+0001.15,-0015.54
+1580686786.01,+0012.70,-0020.51,-0014.65,-0001.45,+0003.98,-0015.77
+1580686786.01,+0000.98,-0022.46,-0012.70,+0004.13,-0003.52,-0005.74
+1580686786.02,-0007.81,-0018.55,-0011.72,+0002.45,+0000.69,-0021.74
+1580686786.02,-0005.86,-0019.53,-0008.79,+0007.27,-0008.73,-0006.58
+1580686786.03,+0013.67,-0018.55,-0005.86,+0002.14,+0002.68,-0005.51
+1580686786.03,+0000.00,-0018.55,-0002.93,+0002.91,-0008.04,+0004.21
+1580686786.04,+0002.93,-0016.60,-0000.98,+0002.30,+0007.12,-0021.36
+1580686786.04,-0002.93,-0016.60,+0000.00,-0000.23,-0005.67,-0014.62
+1580686786.05,+0015.62,-0015.62,+0001.95,+0005.05,-0003.83,-0005.82
+1580686786.05,+0010.74,-0015.62,+0002.93,-0005.13,+0004.59,-0012.71
+1580686786.06,-0011.72,-0014.65,+0004.88,+0009.95,-0006.51,-0004.90
+1580686786.06,+0007.81,-0012.70,+0006.84,-0003.22,+0000.46,-0008.19
+1580686786.07,+0010.74,-0014.65,+0008.79,-0002.22,+0000.84,-0004.67
+1580686786.07,+0000.00,-0012.70,+0010.74,+0007.66,+0000.69,-0007.66
+1580686786.08,-0002.93,-0011.72,+0011.72,+0000.46,-0001.61,-0008.42
+1580686786.08,-0003.91,-0012.70,+0012.70,+0004.52,+0006.12,-0014.78
+1580686786.09,-0002.93,-0008.79,+0013.67,-0002.30,-0010.41,+0003.45
+1580686786.09,+0014.65,-0009.77,+0015.62,+0008.04,+0014.09,-0014.62
+1580686786.10,-0013.67,-0009.77,+0016.60,-0002.37,-0002.68,-0004.13
+1580686786.10,-0006.84,-0003.91,+0017.58,+0009.03,-0002.68,-0009.49
+1580686786.11,-0002.93,-0004.88,+0018.55,-0000.69,-0004.82,-0003.68
+1580686786.11,+0005.86,-0004.88,+0019.53,+0005.90,+0004.36,-0005.21
+1580686786.12,-0014.65,-0001.95,+0018.55,-0001.84,+0007.04,-0015.47
+1580686786.12,-0016.60,-0000.98,+0021.48,+0005.36,-0004.90,-0004.52
+1580686786.13,+0009.77,+0000.98,+0022.46,-0000.69,+0009.88,-0018.99
+1580686786.13,-0014.65,+0000.00,+0023.44,+0004.90,-0003.52,-0006.12
+1580686786.14,-0008.79,+0005.86,+0024.41,+0000.69,-0000.61,-0009.95
+1580686786.14,-0001.95,+0003.91,+0024.41,+0005.13,-0001.91,-0009.72
+1580686786.15,-0000.98,+0004.88,+0025.39,+0002.07,-0001.30,-0005.21
+1580686786.15,-0004.88,+0007.81,+0025.39,+0003.60,+0000.00,-0013.09
+1580686786.16,+0000.00,+0008.79,+0026.37,+0006.05,+0003.90,-0017.69
+1580686786.16,-0006.84,+0010.74,+0025.39,-0000.69,-0005.59,-0022.05
+1580686786.17,+0008.79,+0012.70,+0027.34,+0004.44,-0006.74,-0003.37
+1580686786.17,+0007.81,+0014.65,+0028.32,+0004.44,+0009.88,-0013.09
+1580686786.18,-0010.74,+0015.62,+0031.25,+0005.28,-0009.80,-0004.44
+1580686786.18,+0013.67,+0021.48,+0032.23,+0001.61,+0006.74,-0018.45
+1580686786.19,+0002.93,+0017.58,+0034.18,+0002.45,-0001.45,-0010.95
+1580686786.19,+0004.88,+0023.44,+0035.16,-0003.14,+0001.76,-0006.97
+1580686786.20,+0005.86,+0023.44,+0035.16,+0005.82,-0001.91,-0008.04
+1580686786.20,+0003.91,+0024.41,+0035.16,+0000.38,+0001.68,-0002.60
+1580686786.21,-0001.95,+0027.34,+0033.20,+0004.75,-0000.15,-0007.58
+1580686786.21,-0002.93,+0029.30,+0035.16,+0001.99,+0002.53,-0010.18
+1580686786.22,+0000.00,+0030.27,+0036.13,+0002.68,+0000.08,-0013.63
+1580686786.22,+0002.93,+0032.23,+0037.11,+0004.90,-0000.69,-0004.13
+1580686786.23,-0014.65,+0034.18,+0036.13,-0004.52,-0006.74,-0007.66
+1580686786.23,-0007.81,+0034.18,+0037.11,+0006.51,-0000.23,-0012.33
+1580686786.24,-0000.98,+0036.13,+0036.13,-0003.90,+0005.59,-0014.39
+1580686786.24,-0003.91,+0033.20,+0033.20,+0003.37,-0004.13,-0001.76
+1580686786.25,-0007.81,+0038.09,+0031.25,-0004.29,+0007.81,-0019.83
+1580686786.25,-0016.60,+0038.09,+0031.25,-0000.38,-0017.30,-0001.30
+1580686786.26,+0017.58,+0039.06,+0030.27,+0000.23,+0005.97,-0006.74
+1580686786.26,-0008.79,+0037.11,+0027.34,-0001.68,-0006.35,-0004.29
+1580686786.27,-0009.77,+0041.02,+0025.39,+0006.20,+0001.61,-0017.84
+1580686786.27,-0004.88,+0041.99,+0024.41,-0005.13,-0000.84,-0020.60
+1580686786.28,+0008.79,+0039.06,+0023.44,+0004.21,-0007.66,-0002.99
+1580686786.28,-0003.91,+0041.99,+0021.48,-0005.05,-0010.49,-0010.95
+1580686786.29,-0002.93,+0041.02,+0020.51,+0002.99,-0002.22,-0005.67
+1580686786.29,+0003.91,+0041.99,+0016.60,-0004.29,+0006.74,-0016.38
+1580686786.30,+0003.91,+0037.11,+0015.62,+0005.44,+0000.31,+0005.21
+1580686786.30,+0009.77,+0042.97,+0012.70,-0005.97,+0010.72,-0015.24
+1580686786.31,-0014.65,+0038.09,+0010.74,+0001.45,-0006.51,-0013.02
+1580686786.31,+0008.79,+0041.99,+0008.79,+0001.91,-0005.36,-0015.62
+1580686786.32,+0012.70,+0035.16,+0006.84,+0005.05,-0000.54,-0004.67
+1580686786.32,-0001.95,+0037.11,+0003.91,-0006.81,+0009.57,-0020.90
+1580686786.33,-0014.65,+0035.16,+0001.95,-0002.14,-0006.20,-0016.77
+1580686786.33,+0009.77,+0034.18,+0000.00,-0008.42,+0001.61,-0014.93
+1580686786.34,+0012.70,+0026.37,-0002.93,-0003.37,-0010.18,+0010.64
+1580686786.34,+0009.77,+0027.34,-0006.84,+0000.61,+0013.70,-0002.14
+1580686786.35,-0022.46,+0024.41,-0010.74,-0012.10,+0000.46,-0013.55
+1580686786.35,+0007.81,+0023.44,-0012.70,-0004.59,+0012.17,-0021.74
+1580686786.36,-0000.98,+0020.51,-0015.62,-0011.56,-0005.82,-0001.45
+1580686786.36,+0000.98,+0015.62,-0017.58,+0006.81,+0004.29,-0004.59
+1580686786.37,-0007.81,+0016.60,-0020.51,-0005.44,-0004.90,-0004.44
+1580686786.37,-0005.86,+0009.77,-0021.48,+0006.05,+0004.13,-0021.44
+1580686786.38,-0006.84,+0010.74,-0024.41,-0012.02,-0002.30,-0013.17
+1580686786.38,+0009.77,+0003.91,-0026.37,+0003.22,-0004.44,-0002.99
+1580686786.39,-0004.88,+0001.95,-0030.27,-0010.80,+0001.15,-0012.17
+1580686786.39,-0018.55,-0000.98,-0033.20,+0003.68,-0006.66,-0012.86
+1580686786.40,+0001.95,+0000.98,-0035.16,-0012.10,+0003.22,-0015.31
+1580686786.40,+0010.74,-0009.77,-0037.11,-0002.14,-0004.52,-0004.90
+1580686786.41,-0004.88,-0007.81,-0041.02,-0009.88,-0000.31,-0012.63
+1580686786.41,-0008.79,-0010.74,-0042.97,-0000.31,-0004.52,-0007.12
+1580686786.42,+0002.93,-0014.65,-0045.90,-0009.72,+0005.59,-0018.76
+1580686786.42,+0000.98,-0019.53,-0048.83,-0002.45,-0003.14,-0005.59
+1580686786.43,+0007.81,-0017.58,-0051.76,-0005.82,+0003.83,-0010.87
+1580686786.43,-0003.91,-0025.39,-0052.73,-0004.44,-0000.46,-0012.33
+1580686786.44,+0003.91,-0026.37,-0052.73,-0005.28,-0002.99,-0005.67
+1580686786.44,-0001.95,-0028.32,-0054.69,-0004.82,-0001.84,-0014.32
+1580686786.45,+0003.91,-0032.23,-0056.64,-0003.68,-0005.21,-0004.75
+1580686786.45,+0011.72,-0035.16,-0057.62,-0005.51,+0006.20,-0013.55
+1580686786.46,-0008.79,-0037.11,-0059.57,-0002.68,-0005.97,-0009.11
+1580686786.46,+0013.67,-0039.06,-0059.57,-0000.31,+0002.60,-0010.26
+1580686786.47,+0009.77,-0042.97,-0059.57,-0006.97,+0001.23,-0017.00
+1580686786.47,+0005.86,-0041.99,-0060.55,+0003.29,-0004.52,+0000.00
+1580686786.48,+0010.74,-0044.92,-0061.52,-0004.06,+0004.59,-0009.72
+1580686786.48,+0000.00,-0048.83,-0061.52,+0001.68,-0003.52,-0007.27
+1580686786.49,+0006.84,-0046.88,-0059.57,-0004.98,+0002.37,-0014.85
+1580686786.49,+0016.60,-0050.78,-0056.64,-0000.84,+0007.20,-0006.05
+1580686786.50,+0000.00,-0053.71,-0056.64,-0003.22,+0002.37,-0001.91
+1580686786.50,-0009.77,-0053.71,-0055.66,-0003.45,+0000.92,-0010.57
+1580686786.51,+0000.98,-0055.66,-0054.69,-0002.91,+0000.92,-0012.25
+1580686786.51,+0005.86,-0057.62,-0052.73,-0000.69,+0004.06,-0009.80
+1580686786.52,-0005.86,-0055.66,-0050.78,-0000.15,+0004.36,-0014.78
+1580686786.52,-0009.77,-0057.62,-0047.85,-0003.83,-0003.37,-0007.50
+1580686786.53,-0005.86,-0057.62,-0046.88,-0009.03,+0000.15,-0014.70
+1580686786.53,+0002.93,-0059.57,-0044.92,+0008.12,-0006.74,-0004.06
+1580686786.54,+0005.86,-0056.64,-0043.95,-0007.27,+0006.43,-0010.34
+1580686786.54,-0014.65,-0058.59,-0044.92,+0004.29,-0002.14,-0011.10
+1580686786.55,-0001.95,-0056.64,-0042.97,+0002.53,-0003.06,-0012.86
+1580686786.55,+0005.86,-0058.59,-0039.06,-0000.61,+0001.68,-0011.10
+1580686786.56,+0001.95,-0053.71,-0035.16,+0005.21,-0003.90,-0006.43
+1580686786.56,+0000.00,-0052.73,-0031.25,+0003.52,+0004.59,-0015.08
+1580686786.57,-0003.91,-0050.78,-0028.32,+0001.61,-0005.67,-0008.96
+1580686786.57,+0004.88,-0050.78,-0023.44,+0005.28,+0002.07,-0015.16
+1580686786.58,+0000.00,-0044.92,-0020.51,+0002.45,+0002.37,-0018.45
+1580686786.58,+0004.88,-0044.92,-0016.60,+0012.71,+0007.81,-0017.23
+1580686786.59,-0000.98,-0040.04,-0012.70,-0003.37,-0005.59,-0014.01
+1580686786.59,+0006.84,-0038.09,-0005.86,+0014.55,-0001.84,-0008.88
+1580686786.60,+0016.60,-0032.23,-0001.95,+0005.97,+0002.83,-0008.35
+1580686786.60,-0000.98,-0030.27,+0000.98,+0001.76,-0002.68,-0000.46
+1580686786.61,+0000.98,-0026.37,+0004.88,+0003.45,+0003.14,-0015.54
+1580686786.61,+0005.86,-0022.46,+0010.74,+0008.65,-0003.45,-0020.83
+1580686786.62,+0022.46,-0018.55,+0016.60,+0011.41,+0010.64,-0017.00
+1580686786.62,-0006.84,-0013.67,+0022.46,+0001.23,-0006.74,-0011.33
+1580686786.63,+0000.98,-0008.79,+0027.34,+0012.40,-0000.31,-0010.49
+1580686786.63,+0014.65,-0003.91,+0032.23,+0003.52,-0007.50,+0003.06
+1580686786.64,+0019.53,-0001.95,+0037.11,+0008.80,+0007.73,+0003.52
+1580686786.64,-0007.81,+0003.91,+0038.09,+0002.07,+0003.68,-0010.72
+1580686786.65,-0017.58,+0004.88,+0040.04,+0010.26,-0002.53,-0020.37
+1580686786.65,+0013.67,+0013.67,+0042.97,+0001.61,-0004.82,-0008.42
+1580686786.66,+0020.51,+0013.67,+0044.92,+0014.01,+0001.99,-0008.50
+1580686786.66,-0006.84,+0017.58,+0047.85,-0003.60,+0002.60,+0003.52
+1580686786.67,-0019.53,+0024.41,+0051.76,+0003.29,-0012.71,-0006.20
+1580686786.67,+0014.65,+0027.34,+0055.66,+0007.58,+0000.92,-0004.98
+1580686786.68,+0014.65,+0029.30,+0056.64,+0000.23,+0009.95,-0004.75
+1580686786.68,-0025.39,+0030.27,+0057.62,+0003.06,-0002.76,-0015.77
+1580686786.69,-0005.86,+0038.09,+0057.62,+0001.38,-0002.14,-0019.60
+1580686786.69,+0012.70,+0035.16,+0056.64,+0004.13,+0001.38,-0019.60
+1580686786.70,+0002.93,+0037.11,+0054.69,-0001.91,-0003.45,-0001.23
+1580686786.70,-0009.77,+0038.09,+0054.69,+0005.28,+0008.42,-0016.77
+1580686786.71,-0008.79,+0041.02,+0055.66,+0002.91,+0000.92,-0012.86
+1580686786.71,+0010.74,+0044.92,+0055.66,+0003.29,-0007.50,-0006.35
+1580686786.72,+0008.79,+0041.02,+0053.71,-0002.60,+0007.81,-0005.21
+1580686786.72,-0012.70,+0042.97,+0049.80,-0001.91,-0003.90,-0014.78
+1580686786.73,+0000.98,+0042.97,+0047.85,+0003.29,-0007.66,-0003.90
+1580686786.73,+0015.62,+0041.99,+0046.88,-0003.83,+0012.71,-0014.62
+1580686786.74,-0008.79,+0041.99,+0044.92,+0001.23,-0003.83,-0018.99
+1580686786.74,+0010.74,+0041.99,+0043.95,+0000.84,+0004.21,-0015.77
+1580686786.75,+0001.95,+0037.11,+0041.99,-0008.35,+0002.07,-0013.86
+1580686786.75,-0003.91,+0039.06,+0038.09,+0001.45,-0004.59,-0005.59
+1580686786.76,+0007.81,+0036.13,+0033.20,-0000.46,+0004.29,-0017.53
+1580686786.76,-0002.93,+0030.27,+0028.32,-0004.98,-0002.45,-0009.80
+1580686786.77,+0003.91,+0029.30,+0026.37,+0000.08,-0001.45,-0005.13
+1580686786.77,-0004.88,+0027.34,+0024.41,+0001.30,+0004.52,-0013.93
+1580686786.78,-0004.88,+0024.41,+0023.44,+0001.07,-0001.38,-0002.99
+1580686786.78,+0001.95,+0024.41,+0018.55,-0005.05,+0003.68,-0014.16
+1580686786.79,-0003.91,+0018.55,+0012.70,-0004.52,-0007.12,-0000.92
+1580686786.79,+0010.74,+0014.65,+0008.79,-0004.90,+0010.03,-0006.35
+1580686786.80,-0016.60,+0010.74,+0004.88,-0004.06,-0001.61,-0005.36
+1580686786.80,-0021.48,+0013.67,+0000.98,+0001.76,-0001.23,-0015.01
+1580686786.81,+0003.91,+0008.79,-0000.98,-0010.03,-0004.67,-0012.56
+1580686786.81,+0000.00,+0001.95,-0003.91,-0005.36,-0002.14,-0010.72
+1580686786.82,-0015.62,+0002.93,-0005.86,-0002.53,+0000.77,-0013.32
+1580686786.82,-0007.81,+0002.93,-0006.84,-0003.14,-0001.68,-0011.56
+1580686786.83,-0004.88,-0003.91,-0008.79,-0002.83,+0002.83,-0004.06
+1580686786.83,-0005.86,-0001.95,-0014.65,-0004.59,-0001.23,-0011.64
+1580686786.84,-0011.72,-0005.86,-0016.60,-0005.21,-0000.23,-0012.33
+1580686786.84,+0009.77,-0007.81,-0017.58,-0000.15,-0008.42,-0005.21
+1580686786.85,+0009.77,-0011.72,-0020.51,+0003.98,+0010.57,-0024.58
+1580686786.85,-0025.39,-0008.79,-0022.46,-0014.16,-0015.16,+0003.06
+1580686786.86,+0002.93,-0010.74,-0024.41,+0009.42,+0004.52,-0020.44
+1580686786.86,+0000.00,-0016.60,-0025.39,+0000.08,-0001.53,-0011.41
+1580686786.87,-0003.91,-0011.72,-0025.39,-0001.99,-0001.61,-0004.29
+1580686786.87,-0001.95,-0014.65,-0025.39,-0004.82,+0007.20,-0022.28
+1580686786.88,-0007.81,-0017.58,-0024.41,+0000.61,-0005.51,-0012.94
+1580686786.88,+0016.60,-0015.62,-0023.44,-0002.22,+0008.50,-0017.46
+1580686786.89,-0009.77,-0015.62,-0024.41,-0007.04,-0004.52,-0016.31
+1580686786.89,-0000.98,-0016.60,-0026.37,+0004.52,-0002.60,-0003.14
+1580686786.90,+0010.74,-0016.60,-0026.37,-0002.22,-0001.15,-0009.42
+1580686786.90,+0004.88,-0016.60,-0027.34,+0006.12,-0004.82,-0000.84
+1580686786.91,+0007.81,-0016.60,-0027.34,-0007.43,+0003.98,-0006.58
+1580686786.91,-0014.65,-0018.55,-0026.37,+0004.36,+0008.04,-0025.27
+1580686786.92,+0003.91,-0015.62,-0022.46,+0001.99,+0001.76,-0010.80
+1580686786.92,+0021.48,-0015.62,-0021.48,-0003.37,+0002.99,-0007.04
+1580686786.93,-0001.95,-0018.55,-0023.44,-0005.74,-0000.23,+0005.28
+1580686786.93,-0004.88,-0016.60,-0023.44,-0008.12,+0002.53,-0015.31
+1580686786.94,-0012.70,-0019.53,-0022.46,+0006.51,+0004.13,-0020.52
+1580686786.94,-0001.95,-0011.72,-0021.48,-0001.61,-0005.82,-0012.40
+1580686786.95,+0018.55,-0016.60,-0019.53,-0000.31,-0001.61,-0000.84
+1580686786.95,-0010.74,-0015.62,-0018.55,-0005.36,-0002.30,-0008.65
+1580686786.96,-0017.58,-0014.65,-0017.58,+0006.12,-0007.96,-0010.64
+1580686786.96,+0010.74,-0013.67,-0017.58,-0002.68,+0001.99,-0009.95
+1580686786.97,-0008.79,-0017.58,-0018.55,+0004.36,-0004.98,-0008.12
+1580686786.97,-0011.72,-0009.77,-0017.58,-0003.22,-0007.43,-0004.98
+1580686786.98,+0009.77,-0012.70,-0015.62,-0000.54,+0003.90,-0005.97
+1580686786.98,-0009.77,-0014.65,-0015.62,-0001.38,+0002.76,-0010.95
+1580686786.99,-0014.65,-0009.77,-0013.67,-0000.23,-0010.26,-0012.94
+1580686786.99,+0013.67,-0011.72,-0012.70,-0003.68,+0001.45,-0010.80
+1580686787.00,+0003.91,-0014.65,-0014.65,+0003.83,+0004.82,-0006.97
+1580686787.00,-0021.48,-0008.79,-0014.65,-0002.76,+0003.06,-0010.57
+1580686787.01,-0007.81,-0005.86,-0011.72,-0001.30,-0008.35,-0009.80
+1580686787.01,+0017.58,-0009.77,-0008.79,+0006.12,+0004.06,-0004.75
+1580686787.02,-0005.86,-0005.86,-0007.81,+0001.00,+0006.58,-0010.26
+1580686787.02,-0013.67,-0003.91,-0005.86,+0002.45,-0003.14,-0011.25
+1580686787.03,+0005.86,-0006.84,-0003.91,-0001.61,+0006.74,-0016.84
+1580686787.03,-0002.93,-0004.88,-0000.98,+0005.82,-0002.83,-0014.24
+1580686787.04,+0006.84,+0000.00,+0000.98,+0002.14,-0003.68,-0007.35
+1580686787.04,+0000.98,-0003.91,+0000.98,+0003.60,+0002.60,-0017.84
+1580686787.05,-0003.91,-0003.91,+0000.98,-0003.75,-0012.10,+0002.22
+1580686787.05,+0014.65,-0001.95,+0000.98,+0008.19,+0006.66,-0012.86
+1580686787.06,-0001.95,-0004.88,+0002.93,+0004.59,-0003.52,-0008.80
+1580686787.06,+0001.95,-0000.98,+0005.86,+0000.23,+0001.99,-0015.16
+1580686787.07,+0006.84,-0001.95,+0007.81,-0000.92,-0004.44,-0010.64
+1580686787.07,+0009.77,-0000.98,+0007.81,+0005.67,-0000.08,-0005.28
+1580686787.08,-0009.77,-0001.95,+0007.81,+0004.06,-0002.68,-0015.16
+1580686787.08,-0002.93,+0002.93,+0009.77,+0009.26,-0003.45,-0007.43
+1580686787.09,+0009.77,+0000.00,+0011.72,-0001.45,+0003.98,-0013.63
+1580686787.09,+0003.91,+0000.98,+0013.67,+0000.54,+0001.07,+0000.92
+1580686787.10,-0008.79,+0001.95,+0013.67,-0000.38,+0008.73,-0020.44
+1580686787.10,-0015.62,+0003.91,+0013.67,-0003.29,-0013.17,-0011.56
+1580686787.11,+0023.44,+0001.95,+0012.70,+0000.92,-0002.45,+0001.30
+1580686787.11,-0009.77,+0000.98,+0009.77,-0006.43,-0002.07,-0006.28
+1580686787.12,-0024.41,+0001.95,+0009.77,+0007.50,-0003.37,-0009.57
+1580686787.12,-0003.91,+0004.88,+0009.77,-0002.99,+0006.20,-0024.81
+1580686787.13,+0008.79,+0000.00,+0010.74,+0000.77,+0003.98,+0004.44
+1580686787.13,+0000.98,+0002.93,+0008.79,-0003.90,+0013.25,-0016.69
+1580686787.14,-0039.06,+0002.93,+0008.79,+0000.31,-0007.58,-0017.30
+1580686787.14,-0001.95,+0006.84,+0009.77,+0001.68,-0007.66,-0019.37
+1580686787.15,+0012.70,+0000.98,+0009.77,+0006.12,-0000.84,-0009.34
+1580686787.15,-0003.91,+0003.91,+0007.81,-0005.59,-0004.75,+0008.96
+1580686787.16,-0006.84,+0002.93,+0006.84,+0000.15,+0000.77,-0005.36
+1580686787.16,-0012.70,+0000.00,+0004.88,+0006.51,+0003.45,-0026.57
+1580686787.17,-0007.81,+0005.86,+0003.91,-0005.44,-0015.85,-0007.73
+1580686787.17,+0026.37,+0002.93,+0003.91,+0001.61,+0007.89,-0005.13
+1580686787.18,-0004.88,+0000.00,+0001.95,-0004.82,+0006.97,-0017.92
+1580686787.18,-0008.79,+0000.00,+0000.98,+0004.59,+0000.15,-0016.54
+1580686787.19,+0002.93,+0001.95,+0000.98,-0008.19,+0000.46,-0027.56
+1580686787.19,+0014.65,-0001.95,+0000.98,+0003.14,-0012.71,+0003.68
+1580686787.20,+0020.51,+0000.98,-0000.98,-0004.67,-0000.15,-0007.96
+1580686787.20,-0008.79,-0004.88,-0003.91,-0001.07,-0004.21,-0007.66
+1580686787.21,+0002.93,-0001.95,-0005.86,+0000.92,+0002.07,-0013.17
+1580686787.21,+0012.70,-0006.84,-0004.88,-0006.43,-0005.67,-0012.10
+1580686787.22,+0011.72,-0001.95,-0004.88,-0010.95,-0001.61,-0000.08
+1580686787.22,+0000.98,-0006.84,-0005.86,+0005.82,+0008.88,-0018.91
+1580686787.23,-0009.77,-0004.88,-0006.84,-0006.66,-0007.50,-0011.18
+1580686787.23,+0013.67,-0008.79,-0005.86,-0000.54,+0005.51,-0007.35
+1580686787.24,+0001.95,-0008.79,-0007.81,-0005.74,+0002.60,-0008.35
+1580686787.24,-0005.86,-0010.74,-0008.79,+0003.06,-0003.60,-0001.38
+1580686787.25,-0004.88,-0007.81,-0008.79,-0003.90,+0006.74,-0017.84
+1580686787.25,-0007.81,-0011.72,-0009.77,+0007.27,-0001.53,-0006.74
+1580686787.26,+0000.00,-0008.79,-0010.74,-0011.56,+0001.76,-0008.42
+1580686787.26,-0004.88,-0012.70,-0008.79,+0004.82,-0000.38,-0005.97
+1580686787.27,-0004.88,-0012.70,-0008.79,+0003.83,+0011.87,-0023.89
+1580686787.27,-0028.32,-0009.77,-0010.74,-0006.05,-0010.18,-0013.09
+1580686787.28,-0008.79,-0010.74,-0012.70,+0003.37,+0001.53,-0016.00
+1580686787.28,+0004.88,-0012.70,-0013.67,-0002.68,-0001.91,-0010.11
+1580686787.29,-0003.91,-0012.70,-0013.67,+0002.37,-0002.37,-0005.21
+1580686787.29,-0008.79,-0007.81,-0011.72,-0004.75,-0001.61,-0008.96
+1580686787.30,-0003.91,-0010.74,-0012.70,+0000.23,-0000.61,-0008.65
+1580686787.30,-0003.91,-0010.74,-0012.70,-0002.91,+0000.00,-0016.54
+1580686787.31,+0003.91,-0008.79,-0011.72,+0002.07,+0004.52,-0014.78
+1580686787.31,-0002.93,-0008.79,-0010.74,-0005.05,+0000.00,-0017.15
+1580686787.32,-0001.95,-0009.77,-0008.79,+0003.52,-0005.28,-0009.88
+1580686787.32,+0007.81,-0008.79,-0008.79,-0001.99,-0001.84,-0010.80
+1580686787.33,+0006.84,-0010.74,-0007.81,+0003.29,-0003.22,-0001.07
+1580686787.33,+0000.00,-0007.81,-0007.81,+0002.99,+0006.35,-0021.21
+1580686787.34,+0000.98,-0009.77,-0004.88,+0000.08,-0009.42,-0005.21
+1580686787.34,+0009.77,-0005.86,-0003.91,-0002.91,+0004.52,-0020.60
+1580686787.35,-0001.95,-0007.81,-0001.95,+0003.52,-0009.42,-0002.14
+1580686787.35,+0015.62,-0004.88,+0000.00,+0002.53,+0005.67,-0006.05
+1580686787.36,-0010.74,-0008.79,+0000.98,+0002.91,-0009.88,-0009.34
+1580686787.36,+0006.84,-0003.91,+0002.93,+0006.43,-0001.00,-0004.90
+1580686787.37,+0014.65,-0007.81,+0002.93,-0003.45,+0005.51,-0016.23
+1580686787.37,+0004.88,-0008.79,+0002.93,+0002.22,-0009.95,+0014.16
+1580686787.38,-0010.74,-0005.86,+0001.95,+0001.38,+0000.31,-0016.77
+1580686787.38,-0012.70,-0008.79,+0003.91,-0000.77,-0006.81,-0005.90
+1580686787.39,+0011.72,-0003.91,+0004.88,+0007.96,+0006.20,-0016.77
+1580686787.39,+0002.93,-0009.77,+0006.84,+0009.03,+0002.07,-0005.67
+1580686787.40,-0007.81,-0005.86,+0006.84,-0004.67,+0002.45,-0008.19
+1580686787.40,-0007.81,-0007.81,+0007.81,+0003.29,-0001.45,-0010.41
+1580686787.41,-0009.77,-0002.93,+0007.81,+0001.91,+0005.82,-0020.60
+1580686787.41,+0003.91,-0006.84,+0008.79,+0005.97,+0002.76,-0001.53
+1580686787.42,+0001.95,-0004.88,+0007.81,-0003.29,+0002.99,-0012.71
+1580686787.42,-0024.41,-0008.79,+0007.81,-0003.68,+0001.84,-0009.11
+1580686787.43,-0009.77,-0001.95,+0008.79,-0007.66,+0003.29,-0020.44
+1580686787.43,+0003.91,-0006.84,+0010.74,+0010.34,-0009.11,+0008.12
+1580686787.44,+0008.79,-0004.88,+0010.74,-0003.45,+0011.64,-0006.97
+1580686787.44,-0032.23,-0005.86,+0011.72,+0000.08,+0002.30,-0020.37
+1580686787.45,-0002.93,-0000.98,+0012.70,+0002.83,+0002.37,-0019.98
+1580686787.45,+0008.79,-0005.86,+0012.70,-0001.61,+0002.45,-0010.64
+1580686787.45,+0001.95,-0004.88,+0011.72,-0000.77,-0004.98,+0004.75
+1580686787.46,-0014.65,-0001.95,+0010.74,-0000.77,-0006.20,-0019.37
+1580686787.46,-0005.86,-0004.88,+0012.70,+0006.35,-0007.20,-0008.27
+1580686787.47,+0016.60,-0002.93,+0013.67,-0003.22,+0007.81,-0019.06
+1580686787.47,+0002.93,-0004.88,+0015.62,+0006.74,-0008.50,+0002.07
+1580686787.48,-0008.79,+0000.00,+0015.62,-0002.07,-0004.36,-0014.93
+1580686787.48,-0005.86,-0003.91,+0016.60,+0005.44,-0003.06,-0012.63
+1580686787.49,+0006.84,+0000.00,+0017.58,+0007.20,+0007.73,-0020.21
+1580686787.49,+0007.81,-0001.95,+0020.51,+0006.89,+0012.10,-0008.96
+1580686787.50,-0008.79,+0000.00,+0019.53,-0002.37,+0004.98,-0021.13
+1580686787.50,-0014.65,-0002.93,+0020.51,+0003.45,-0015.70,-0011.18
+1580686787.51,+0024.41,+0001.95,+0020.51,+0003.75,+0004.67,-0003.98
+1580686787.51,-0006.84,-0005.86,+0020.51,+0008.65,-0002.99,-0003.98
+1580686787.52,-0013.67,+0002.93,+0022.46,-0004.36,-0001.53,-0004.75
+1580686787.52,+0003.91,+0000.98,+0022.46,+0002.83,-0000.31,-0008.65
+1580686787.53,+0000.98,+0000.98,+0024.41,-0001.23,-0000.69,+0000.46
+1580686787.53,-0002.93,+0001.95,+0024.41,+0007.12,+0008.96,-0022.74
+1580686787.54,-0012.70,+0004.88,+0024.41,-0005.51,-0009.49,-0018.99
+1580686787.54,+0009.77,+0004.88,+0025.39,+0002.30,+0000.46,-0016.38
+1580686787.55,+0006.84,+0006.84,+0024.41,-0004.90,-0000.23,-0009.88
+1580686787.55,-0004.88,+0005.86,+0022.46,+0004.82,-0006.35,-0000.61
+1580686787.56,+0006.84,+0006.84,+0022.46,-0003.60,+0000.38,-0005.13
+1580686787.56,-0009.77,+0009.77,+0022.46,-0005.97,-0005.59,-0007.27
+1580686787.57,+0001.95,+0014.65,+0024.41,+0009.11,+0000.15,-0006.20
+1580686787.57,+0009.77,+0013.67,+0025.39,-0001.68,+0000.38,-0010.49
+1580686787.58,+0002.93,+0012.70,+0026.37,-0000.77,-0000.38,+0002.45
+1580686787.58,-0008.79,+0017.58,+0024.41,-0002.45,-0004.52,-0013.40
+1580686787.59,+0000.00,+0015.62,+0024.41,+0005.82,+0000.54,-0016.23
+1580686787.59,+0011.72,+0017.58,+0024.41,-0002.22,-0003.45,-0007.66
+1580686787.60,-0001.95,+0018.55,+0024.41,+0004.36,+0007.12,-0016.77
+1580686787.60,-0008.79,+0022.46,+0025.39,-0000.23,-0012.63,+0001.68
+1580686787.61,+0018.55,+0021.48,+0026.37,+0006.74,+0008.80,-0014.62
+1580686787.61,-0009.77,+0019.53,+0025.39,-0009.03,+0007.43,-0016.31
+1580686787.62,+0000.98,+0024.41,+0026.37,-0001.91,+0003.68,-0019.83
+1580686787.62,+0004.88,+0022.46,+0022.46,-0007.20,-0000.08,-0012.63
+1580686787.63,+0004.88,+0018.55,+0020.51,+0005.28,-0004.29,-0004.13
+1580686787.63,+0009.77,+0022.46,+0018.55,-0002.30,+0002.22,-0010.49
+1580686787.64,+0000.98,+0020.51,+0017.58,+0001.30,-0005.44,-0004.44
+1580686787.64,+0008.79,+0021.48,+0016.60,-0003.52,+0008.04,-0013.32
+1580686787.65,-0008.79,+0023.44,+0014.65,+0005.21,+0002.91,-0025.34
+1580686787.65,+0019.53,+0023.44,+0016.60,+0003.45,+0004.29,-0004.06
+1580686787.66,+0018.55,+0020.51,+0015.62,-0005.28,+0009.65,-0019.29
+1580686787.66,-0007.81,+0018.55,+0013.67,-0004.98,-0016.77,+0002.60
+1580686787.67,+0024.41,+0022.46,+0011.72,+0003.68,+0001.15,-0000.69
+1580686787.67,-0008.79,+0014.65,+0007.81,+0000.61,+0001.07,-0008.50
+1580686787.68,-0008.79,+0021.48,+0003.91,+0001.53,-0006.28,-0011.25
+1580686787.68,+0023.44,+0016.60,+0001.95,-0005.82,-0002.14,-0006.35
+1580686787.69,+0000.98,+0012.70,-0000.98,-0005.51,-0006.43,-0000.46
+1580686787.69,-0000.98,+0014.65,-0000.98,+0004.06,-0002.30,+0002.30
+1580686787.70,-0003.91,+0016.60,-0000.98,-0002.76,+0015.62,-0026.64
+1580686787.70,-0016.60,+0011.72,-0001.95,-0006.97,-0007.89,-0015.01
+1580686787.71,+0028.32,+0017.58,-0002.93,-0010.87,-0010.57,+0008.12
+1580686787.71,+0023.44,+0003.91,-0008.79,-0005.36,+0025.19,+0008.27
+1580686787.72,-0056.64,+0010.74,-0014.65,-0000.84,+0010.34,-0028.94
+1580686787.72,-0030.27,+0012.70,-0011.72,+0011.10,+0001.45,-0029.48
+1580686787.73,+0018.55,+0014.65,-0010.74,-0015.01,+0010.95,-0032.92
+1580686787.73,+0000.98,-0002.93,-0010.74,+0001.15,-0010.57,+0019.22
+1580686787.74,-0010.74,+0011.72,-0013.67,-0000.61,+0016.77,-0018.53
+1580686787.74,-0033.20,+0002.93,-0014.65,+0005.05,-0010.95,-0008.65
+1580686787.75,+0026.37,+0004.88,-0014.65,-0002.14,-0008.88,+0008.42
+1580686787.75,+0019.53,-0001.95,-0020.51,-0006.12,+0010.95,-0009.88
+1580686787.76,-0022.46,+0000.98,-0022.46,-0003.37,-0000.77,-0018.76
+1580686787.76,-0007.81,+0004.88,-0022.46,-0005.28,-0007.35,-0018.30
+1580686787.77,+0016.60,-0002.93,-0021.48,-0001.45,-0003.60,-0010.41
+1580686787.77,+0007.81,-0002.93,-0022.46,-0001.91,+0009.72,-0012.48
+1580686787.78,-0013.67,+0000.98,-0022.46,-0001.53,-0008.19,-0009.95
+1580686787.78,+0014.65,-0002.93,-0022.46,-0004.67,+0001.38,-0009.42
+1580686787.79,+0002.93,-0009.77,-0024.41,-0001.15,+0007.58,-0020.67
+1580686787.79,-0000.98,-0003.91,-0023.44,+0004.59,+0001.84,-0014.09
+1580686787.80,+0004.88,-0005.86,-0023.44,-0006.89,+0000.84,-0016.54
+1580686787.80,+0002.93,-0011.72,-0021.48,+0004.52,-0002.07,-0007.43
+1580686787.81,+0009.77,-0004.88,-0019.53,-0001.91,+0000.23,-0009.65
+1580686787.81,+0007.81,-0010.74,-0022.46,+0000.54,+0007.20,-0017.46
+1580686787.82,-0009.77,-0010.74,-0023.44,-0006.74,-0006.12,-0008.65
+1580686787.82,+0012.70,-0011.72,-0021.48,+0005.44,-0005.28,-0000.61
+1580686787.83,+0001.95,-0012.70,-0022.46,-0005.97,-0007.35,-0001.38
+1580686787.83,-0006.84,-0014.65,-0022.46,+0007.96,-0001.53,-0006.66
+1580686787.84,+0001.95,-0014.65,-0021.48,-0007.66,+0009.03,-0016.23
+1580686787.84,-0007.81,-0019.53,-0021.48,+0004.29,-0004.75,-0014.47
+1580686787.85,+0002.93,-0015.62,-0020.51,-0002.22,+0002.30,-0018.76
+1580686787.85,+0000.00,-0020.51,-0019.53,-0006.05,-0009.65,+0008.12
+1580686787.86,+0000.98,-0020.51,-0021.48,+0001.61,+0014.01,-0012.17
+1580686787.86,-0031.25,-0021.48,-0022.46,+0003.60,-0014.70,-0008.65
+1580686787.87,+0011.72,-0018.55,-0020.51,-0001.53,+0002.76,-0008.42
+1580686787.87,+0008.79,-0025.39,-0020.51,-0004.90,+0010.11,-0014.39
+1580686787.88,-0016.60,-0024.41,-0020.51,-0001.61,-0011.10,+0000.46
+1580686787.88,+0002.93,-0023.44,-0022.46,-0002.68,+0003.45,-0019.83
+1580686787.89,-0006.84,-0027.34,-0022.46,+0000.23,-0006.05,-0009.42
+1580686787.89,+0004.88,-0023.44,-0020.51,+0005.67,+0000.77,-0010.87
+1580686787.90,+0004.88,-0024.41,-0019.53,+0000.77,-0005.13,+0006.51
+1580686787.90,+0004.88,-0027.34,-0017.58,+0006.28,+0013.02,-0025.27
+1580686787.91,-0013.67,-0025.39,-0016.60,-0006.43,-0013.93,-0008.27
+1580686787.91,+0014.65,-0024.41,-0014.65,+0010.18,+0000.61,-0005.90
+1580686787.92,-0007.81,-0027.34,-0014.65,-0000.77,-0013.02,-0007.73
+1580686787.92,+0004.88,-0023.44,-0010.74,+0008.27,-0000.31,+0003.60
+1580686787.93,+0007.81,-0025.39,-0010.74,-0005.74,+0008.19,-0016.08
+1580686787.93,-0012.70,-0029.30,-0007.81,+0003.75,-0000.84,-0006.35
+1580686787.94,+0001.95,-0022.46,-0006.84,-0003.75,+0003.83,-0021.13
+1580686787.94,+0001.95,-0028.32,-0006.84,+0003.68,-0003.60,-0014.47
+1580686787.95,+0009.77,-0024.41,-0004.88,+0002.60,-0000.46,-0002.30
+1580686787.95,-0004.88,-0025.39,-0003.91,+0002.30,-0008.73,-0012.63
+1580686787.96,+0001.95,-0023.44,-0002.93,+0001.23,-0002.22,-0009.42
+1580686787.96,+0013.67,-0024.41,-0001.95,+0006.51,+0000.31,-0011.87
+1580686787.97,+0008.79,-0023.44,+0001.95,-0003.98,-0003.37,-0001.76
+1580686787.97,-0004.88,-0020.51,+0002.93,-0005.90,-0006.74,-0007.43
+1580686787.98,+0002.93,-0020.51,+0004.88,+0007.35,+0003.52,-0010.57
+1580686787.98,+0006.84,-0015.62,+0007.81,+0003.06,-0000.38,-0012.56
+1580686787.99,+0009.77,-0016.60,+0010.74,+0008.65,+0009.95,-0010.03
+1580686787.99,-0009.77,-0011.72,+0011.72,-0004.82,+0003.60,-0017.23
+1580686788.00,-0007.81,-0011.72,+0013.67,+0008.73,-0014.47,-0010.41
+1580686788.00,+0022.46,-0006.84,+0014.65,+0000.54,+0004.06,-0008.58
+1580686788.01,-0005.86,-0007.81,+0015.62,+0004.75,-0001.61,-0009.80
+1580686788.01,-0009.77,-0000.98,+0019.53,+0001.53,-0006.58,-0002.22
+1580686788.02,+0005.86,-0002.93,+0021.48,+0003.37,+0002.30,-0013.78
+1580686788.02,-0001.95,+0000.98,+0022.46,-0001.99,-0001.53,-0005.36
+1580686788.03,-0003.91,+0004.88,+0023.44,+0008.96,+0003.83,-0017.23
+1580686788.03,-0009.77,+0005.86,+0026.37,-0003.75,-0007.20,-0012.02
+1580686788.04,+0007.81,+0008.79,+0029.30,+0011.64,-0002.83,-0006.35
+1580686788.04,-0004.88,+0010.74,+0030.27,+0005.44,-0002.14,-0014.01
+1580686788.05,-0007.81,+0015.62,+0031.25,+0000.23,-0005.05,-0005.59
+1580686788.05,+0002.93,+0017.58,+0031.25,+0005.05,+0006.20,-0023.20
+1580686788.06,+0001.95,+0017.58,+0033.20,+0009.72,-0002.91,+0001.00
+1580686788.06,+0008.79,+0022.46,+0035.16,-0003.29,+0006.20,-0009.80
+1580686788.07,-0013.67,+0021.48,+0036.13,+0007.96,+0001.76,-0016.84
+1580686788.07,+0000.98,+0030.27,+0038.09,+0003.68,-0008.27,-0011.03
+1580686788.08,+0030.27,+0028.32,+0039.06,+0001.68,+0012.40,-0010.03
+1580686788.08,-0006.84,+0028.32,+0038.09,+0002.30,-0000.38,-0012.94
+1580686788.09,-0008.79,+0032.23,+0041.02,+0004.82,-0007.12,-0006.74
+1580686788.09,+0008.79,+0036.13,+0041.99,-0004.98,+0004.36,-0023.58
+1580686788.10,+0004.88,+0036.13,+0042.97,+0009.19,-0011.33,+0001.76
+1580686788.10,+0021.48,+0039.06,+0042.97,-0004.67,+0010.57,-0007.89
+1580686788.11,-0003.91,+0035.16,+0043.95,+0003.37,-0003.90,-0011.10
+1580686788.11,+0008.79,+0041.02,+0042.97,-0000.46,+0002.45,-0014.39
+1580686788.12,+0009.77,+0039.06,+0041.02,-0005.36,+0001.30,-0008.50
+1580686788.12,+0001.95,+0041.02,+0037.11,+0010.03,+0000.69,-0013.02
+1580686788.13,+0001.95,+0040.04,+0037.11,+0008.35,-0002.60,-0006.35
+1580686788.13,+0009.77,+0040.04,+0036.13,-0002.37,+0001.91,-0008.12
+1580686788.14,+0000.00,+0037.11,+0036.13,-0000.77,+0005.21,-0007.35
+1580686788.14,-0010.74,+0042.97,+0035.16,+0003.60,-0000.92,-0009.03
+1580686788.15,-0003.91,+0041.02,+0032.23,+0000.38,-0007.73,+0003.68
+1580686788.15,+0007.81,+0037.11,+0031.25,-0002.07,+0013.93,-0015.39
+1580686788.16,-0018.55,+0038.09,+0029.30,-0004.36,-0004.98,-0007.12
+1580686788.16,-0002.93,+0039.06,+0026.37,-0006.97,+0007.43,-0019.45
+1580686788.17,-0011.72,+0033.20,+0020.51,-0009.11,-0001.53,-0015.77
+1580686788.17,-0005.86,+0034.18,+0017.58,+0007.43,-0006.58,-0004.13
+1580686788.18,+0001.95,+0032.23,+0012.70,-0010.95,+0004.59,-0010.34
+1580686788.18,-0011.72,+0029.30,+0010.74,-0004.36,-0001.91,-0003.29
+1580686788.19,-0009.77,+0030.27,+0008.79,-0002.76,+0003.14,-0017.46
+1580686788.19,-0005.86,+0028.32,+0006.84,-0004.44,-0006.20,-0008.42
+1580686788.20,+0000.98,+0027.34,+0003.91,-0007.50,-0001.00,-0011.25
+1580686788.20,-0008.79,+0023.44,+0000.98,+0001.30,+0002.07,-0011.41
+1580686788.21,-0004.88,+0024.41,-0000.98,-0004.29,-0003.52,-0012.40
+1580686788.21,+0009.77,+0019.53,-0002.93,-0007.35,-0002.30,-0012.02
+1580686788.22,-0008.79,+0020.51,-0006.84,-0007.20,-0002.60,-0017.23
+1580686788.22,-0005.86,+0019.53,-0009.77,+0001.68,-0008.19,-0008.19
+1580686788.23,+0017.58,+0015.62,-0011.72,-0008.35,+0005.36,-0009.11
+1580686788.23,-0004.88,+0013.67,-0014.65,+0001.07,+0004.82,-0017.99
+1580686788.24,+0006.84,+0014.65,-0014.65,+0002.83,+0003.90,-0009.42
+1580686788.24,+0000.98,+0011.72,-0018.55,-0007.89,+0001.07,-0016.84
+1580686788.25,+0000.98,+0009.77,-0018.55,+0000.15,-0004.36,-0003.14
+1580686788.25,+0014.65,+0011.72,-0019.53,-0008.88,+0004.36,-0016.38
+1580686788.26,+0000.00,+0006.84,-0021.48,+0000.15,-0003.37,-0005.51
+1580686788.26,+0004.88,+0008.79,-0022.46,-0004.90,+0003.37,-0017.07
+1580686788.27,+0006.84,+0003.91,-0025.39,-0007.43,-0003.52,-0015.24
+1580686788.27,+0007.81,+0004.88,-0027.34,-0000.46,+0006.43,-0016.08
+1580686788.28,-0006.84,+0002.93,-0029.30,-0007.89,-0006.12,-0015.85
+1580686788.28,+0011.72,+0001.95,-0030.27,+0001.00,-0003.83,-0004.29
+1580686788.29,+0010.74,-0001.95,-0031.25,+0000.84,+0005.51,-0011.10
+1580686788.29,-0017.58,+0001.95,-0033.20,-0007.96,-0003.60,-0002.07
+1580686788.30,+0002.93,-0000.98,-0034.18,+0001.38,-0001.45,-0011.94
+1580686788.30,+0017.58,-0005.86,-0034.18,-0005.28,-0001.91,-0002.07
+1580686788.31,-0007.81,+0000.00,-0036.13,-0009.57,-0011.41,+0000.92
+1580686788.31,-0002.93,-0004.88,-0037.11,+0001.61,+0008.19,-0021.44
+1580686788.32,-0011.72,-0006.84,-0038.09,-0006.35,-0002.14,-0015.31
+1580686788.32,+0005.86,-0005.86,-0038.09,+0001.61,-0000.23,-0007.50
+1580686788.33,+0006.84,-0005.86,-0039.06,-0009.26,+0003.14,-0015.08
+1580686788.33,-0002.93,-0009.77,-0041.02,+0003.29,-0009.72,-0004.75
+1580686788.34,+0016.60,-0012.70,-0042.97,-0008.27,-0003.75,+0006.28
+1580686788.34,-0016.60,-0013.67,-0044.92,-0004.98,-0005.28,-0017.61
+1580686788.35,-0011.72,-0011.72,-0042.97,+0002.07,-0003.45,-0013.55
+1580686788.35,+0018.55,-0013.67,-0041.02,-0002.53,-0000.54,-0011.94
+1580686788.36,+0002.93,-0015.62,-0041.99,-0002.37,-0006.51,+0000.69
+1580686788.36,-0003.91,-0014.65,-0044.92,-0005.74,+0007.66,-0010.18
+1580686788.37,-0012.70,-0020.51,-0045.90,-0001.00,+0002.76,-0023.96
+1580686788.37,+0011.72,-0017.58,-0041.99,+0001.23,-0010.95,-0008.65
+1580686788.38,+0022.46,-0015.62,-0039.06,-0001.38,+0008.65,-0019.29
+1580686788.38,-0013.67,-0015.62,-0038.09,-0005.67,-0011.56,-0000.69
+1580686788.39,+0015.62,-0019.53,-0038.09,+0004.82,-0003.68,-0004.98
+1580686788.39,+0009.77,-0024.41,-0038.09,+0001.45,+0011.64,-0023.35
+1580686788.40,-0023.44,-0014.65,-0037.11,-0000.23,-0011.48,-0014.85
+1580686788.40,+0013.67,-0019.53,-0035.16,+0001.53,-0001.68,-0010.49
+1580686788.41,+0007.81,-0020.51,-0034.18,+0005.36,+0012.94,-0020.21
+1580686788.41,-0006.84,-0018.55,-0031.25,+0009.80,-0009.19,-0001.68
+1580686788.42,+0015.62,-0019.53,-0028.32,-0001.84,+0007.89,-0006.35
+1580686788.42,-0007.81,-0021.48,-0026.37,+0001.38,+0000.84,-0020.06
+1580686788.43,+0009.77,-0014.65,-0023.44,-0000.31,+0006.81,-0007.73
+1580686788.43,+0011.72,-0021.48,-0025.39,-0001.68,+0007.35,-0011.33
+1580686788.44,-0020.51,-0018.55,-0026.37,-0001.30,-0000.38,-0019.98
+1580686788.44,+0002.93,-0016.60,-0024.41,+0004.82,-0009.42,-0013.93
+1580686788.45,+0029.30,-0018.55,-0022.46,+0005.28,+0008.12,-0006.74
+1580686788.45,-0009.77,-0014.65,-0019.53,-0006.05,-0003.37,-0004.21
+1580686788.46,-0008.79,-0014.65,-0017.58,+0006.28,-0005.28,-0006.05
+1580686788.46,+0008.79,-0018.55,-0014.65,+0008.88,+0002.76,-0018.53
+1580686788.47,+0001.95,-0010.74,-0013.67,-0006.20,-0011.25,+0007.20
+1580686788.47,+0004.88,-0010.74,-0012.70,+0005.44,+0011.79,-0009.26
+1580686788.48,-0022.46,-0013.67,-0011.72,-0003.90,+0002.30,-0016.31
+1580686788.48,+0004.88,-0012.70,-0009.77,+0003.52,-0001.38,-0010.18
+1580686788.49,+0012.70,-0011.72,-0008.79,+0001.91,+0010.80,-0017.23
+1580686788.49,-0012.70,-0008.79,-0007.81,+0000.08,-0008.88,+0003.83
+1580686788.50,-0013.67,-0009.77,-0007.81,-0000.23,+0000.46,-0018.60
+1580686788.50,-0010.74,-0011.72,-0005.86,+0004.21,-0012.94,-0002.53
+1580686788.51,+0020.51,-0004.88,-0002.93,+0003.06,+0006.81,-0007.43
+1580686788.51,-0011.72,-0006.84,-0001.95,-0000.77,+0004.36,-0007.20
+1580686788.52,-0014.65,-0004.88,+0000.98,+0001.15,+0000.23,-0015.54
+1580686788.52,-0003.91,-0006.84,+0001.95,+0001.91,-0000.92,-0018.91
+1580686788.53,+0006.84,-0000.98,+0002.93,+0008.50,-0003.60,-0008.27
+1580686788.53,+0002.93,-0000.98,+0002.93,-0004.52,+0002.76,-0000.61
+1580686788.54,-0023.44,-0000.98,+0002.93,-0001.61,-0014.62,-0007.58
+1580686788.54,+0011.72,-0000.98,+0005.86,+0011.25,+0000.92,-0014.93
+1580686788.55,+0010.74,+0002.93,+0006.84,-0003.75,+0004.82,-0005.28
+1580686788.55,-0008.79,+0004.88,+0007.81,+0002.76,-0004.29,-0004.13
+1580686788.56,+0000.98,+0004.88,+0008.79,+0002.07,+0004.82,-0017.99
+1580686788.56,+0000.00,+0004.88,+0008.79,+0005.97,-0004.90,-0013.78
+1580686788.57,+0008.79,+0009.77,+0009.77,-0000.38,-0002.45,-0007.27
+1580686788.57,+0002.93,+0008.79,+0010.74,-0001.45,+0006.66,-0010.72
+1580686788.58,-0009.77,+0007.81,+0012.70,+0007.50,-0004.36,-0011.71
+1580686788.58,+0004.88,+0010.74,+0015.62,+0002.60,+0000.61,-0010.34
+1580686788.59,+0006.84,+0013.67,+0015.62,-0005.74,-0003.75,+0006.97
+1580686788.59,+0007.81,+0011.72,+0016.60,+0008.88,+0007.81,-0009.57
+1580686788.60,-0013.67,+0012.70,+0015.62,-0004.90,-0002.22,-0008.19
+1580686788.60,-0000.98,+0013.67,+0016.60,+0008.04,-0002.45,-0012.33
+1580686788.61,+0007.81,+0015.62,+0018.55,+0000.38,-0002.22,-0004.13
+1580686788.61,+0009.77,+0015.62,+0018.55,+0005.51,+0002.37,-0003.60
+1580686788.62,-0011.72,+0013.67,+0017.58,-0005.28,+0006.97,-0011.33
+1580686788.62,-0018.55,+0016.60,+0017.58,+0005.67,-0007.81,-0013.48
+1580686788.63,+0008.79,+0019.53,+0019.53,+0000.84,+0002.91,-0009.65
+1580686788.63,+0001.95,+0020.51,+0020.51,+0006.81,+0007.89,-0010.41
+1580686788.64,-0016.60,+0017.58,+0020.51,-0006.20,-0005.67,-0000.23
+1580686788.64,-0004.88,+0019.53,+0020.51,-0002.60,+0004.59,-0013.02
+1580686788.65,-0005.86,+0017.58,+0020.51,+0002.30,-0003.29,-0011.71
+1580686788.65,+0000.98,+0023.44,+0020.51,+0002.83,-0001.30,-0007.66
+1580686788.66,-0003.91,+0018.55,+0020.51,+0007.58,-0002.45,-0008.58
+1580686788.66,-0006.84,+0019.53,+0018.55,-0005.82,-0003.90,-0000.54
+1580686788.67,-0004.88,+0019.53,+0016.60,+0006.28,+0004.29,-0016.08
+1580686788.67,-0010.74,+0019.53,+0017.58,-0002.14,-0001.23,-0012.02
+1580686788.68,-0005.86,+0022.46,+0018.55,-0000.46,-0003.90,-0022.36
+1580686788.68,+0002.93,+0021.48,+0020.51,+0001.15,-0006.58,-0000.54
+1580686788.69,+0010.74,+0023.44,+0019.53,+0003.90,+0004.29,-0006.20
+1580686788.69,-0017.58,+0021.48,+0018.55,+0007.27,-0012.10,-0000.46
+1580686788.70,+0002.93,+0026.37,+0018.55,+0001.15,+0005.59,-0014.47
+1580686788.70,-0000.98,+0023.44,+0017.58,-0000.38,+0000.31,-0017.00
+1580686788.71,+0008.79,+0023.44,+0018.55,-0002.22,-0010.87,+0006.28
+1580686788.71,-0002.93,+0023.44,+0015.62,-0005.51,-0001.61,-0016.77
+1580686788.72,-0006.84,+0020.51,+0014.65,+0000.38,-0013.78,-0002.68
+1580686788.72,+0017.58,+0022.46,+0012.70,-0000.31,+0011.10,-0018.07
+1580686788.73,-0010.74,+0020.51,+0010.74,+0001.84,-0013.32,-0002.14
+1580686788.73,+0011.72,+0023.44,+0009.77,-0001.61,+0008.80,-0010.72
+1580686788.74,-0001.95,+0017.58,+0006.84,-0003.22,+0002.45,-0013.17
+1580686788.74,-0009.77,+0019.53,+0005.86,-0000.46,-0006.20,-0013.78
+1580686788.75,+0013.67,+0020.51,+0003.91,-0002.14,-0005.97,-0005.36
+1580686788.75,+0009.77,+0015.62,+0001.95,+0001.61,+0010.64,-0012.56
+1580686788.76,-0010.74,+0019.53,+0000.00,-0006.35,-0005.97,-0002.76
+1580686788.76,+0002.93,+0016.60,-0000.98,-0005.05,-0000.38,-0011.56
+1580686788.77,+0008.79,+0013.67,-0001.95,-0003.52,-0001.61,-0006.20
+1580686788.77,+0010.74,+0016.60,-0003.91,-0003.83,-0003.06,+0005.28
+1580686788.78,-0007.81,+0014.65,-0009.77,-0002.30,+0007.43,-0017.46
+1580686788.78,-0009.77,+0010.74,-0013.67,+0002.22,-0001.38,-0016.15
+1580686788.79,+0009.77,+0010.74,-0014.65,-0007.20,+0001.00,-0012.79
+1580686788.79,+0002.93,+0009.77,-0015.62,+0000.00,+0002.60,-0007.27
+1580686788.80,-0009.77,+0013.67,-0016.60,-0007.20,-0006.05,-0008.73
+1580686788.80,-0001.95,+0006.84,-0017.58,+0002.68,+0001.68,-0012.63
+1580686788.81,-0000.98,+0007.81,-0020.51,-0006.28,+0003.98,-0012.40
+1580686788.81,-0002.93,+0008.79,-0021.48,+0002.83,-0006.05,+0000.77
+1580686788.82,-0012.70,+0008.79,-0025.39,-0007.27,+0000.77,-0020.29
+1580686788.82,-0014.65,+0004.88,-0024.41,+0003.90,-0010.95,-0010.80
+1580686788.83,+0021.48,+0006.84,-0025.39,-0000.92,-0001.07,-0005.90
+1580686788.83,-0004.88,+0004.88,-0026.37,-0005.97,+0007.20,-0010.41
+1580686788.84,-0017.58,+0007.81,-0025.39,-0002.45,-0002.37,-0014.47
+1580686788.84,+0009.77,+0003.91,-0026.37,-0002.68,-0005.21,-0015.54
+1580686788.85,+0015.62,+0002.93,-0027.34,-0002.22,-0000.61,-0006.12
+1580686788.85,+0000.00,+0008.79,-0030.27,-0010.95,-0002.22,-0012.56
+1580686788.86,-0005.86,+0001.95,-0031.25,+0001.76,+0001.53,-0021.13
+1580686788.86,+0008.79,+0000.98,-0031.25,-0001.76,-0007.20,-0011.48
+1580686788.87,+0025.39,+0003.91,-0029.30,+0007.12,-0003.90,-0007.81
+1580686788.87,+0005.86,+0006.84,-0028.32,+0000.08,-0002.83,-0008.35
+1580686788.88,-0001.95,+0002.93,-0029.30,-0000.08,-0002.37,-0010.34
+1580686788.88,+0011.72,-0000.98,-0029.30,+0001.15,+0000.00,-0019.60
+1580686788.89,+0024.41,+0002.93,-0028.32,+0006.58,-0001.23,-0000.84
+1580686788.89,+0016.60,+0006.84,-0029.30,-0007.35,+0008.04,-0016.54
+1580686788.90,-0003.91,+0000.00,-0028.32,-0000.69,-0007.12,-0008.65
+1580686788.90,+0018.55,-0001.95,-0027.34,-0000.46,-0003.45,-0005.28
+1580686788.91,+0008.79,+0000.00,-0027.34,-0005.82,+0000.23,-0003.90
+1580686788.91,+0000.98,+0002.93,-0028.32,+0004.67,+0002.60,-0015.39
+1580686788.92,+0012.70,-0002.93,-0028.32,-0006.43,-0008.96,-0001.76
+1580686788.92,+0013.67,-0004.88,-0029.30,-0003.52,+0005.82,-0009.80
+1580686788.93,-0012.70,-0004.88,-0029.30,-0001.99,-0007.89,-0002.45
+1580686788.93,+0007.81,-0003.91,-0028.32,+0004.98,+0002.60,-0011.18
+1580686788.94,-0004.88,-0006.84,-0027.34,-0006.35,+0007.12,-0019.52
+1580686788.94,+0000.00,-0001.95,-0026.37,+0001.61,-0000.15,-0010.26
+1580686788.95,+0008.79,-0005.86,-0026.37,-0002.14,-0002.83,-0007.12
+1580686788.95,-0008.79,-0008.79,-0026.37,+0001.07,+0008.04,-0016.38
+1580686788.96,-0003.91,-0003.91,-0026.37,-0001.23,-0006.28,-0005.82
+1580686788.96,+0019.53,-0007.81,-0026.37,+0003.37,+0005.59,-0004.21
+1580686788.97,-0003.91,-0006.84,-0027.34,-0007.96,+0002.83,-0010.34
+1580686788.97,-0011.72,-0003.91,-0028.32,+0003.98,-0001.15,-0011.48
+1580686788.98,+0002.93,-0006.84,-0026.37,+0000.84,-0004.67,-0013.17
+1580686788.98,+0015.62,-0004.88,-0022.46,+0006.05,+0001.68,-0006.74
+1580686788.99,+0005.86,-0000.98,-0021.48,-0006.20,+0002.91,-0002.07
+1580686788.99,-0010.74,-0004.88,-0022.46,-0002.30,-0007.73,-0011.87
+1580686789.00,+0010.74,-0006.84,-0021.48,+0003.52,-0000.77,-0009.03
+1580686789.00,+0012.70,-0000.98,-0021.48,+0003.45,+0004.67,-0007.73
+1580686789.01,-0002.93,+0000.98,-0021.48,-0001.76,-0001.84,-0008.27
+1580686789.01,+0008.79,-0002.93,-0019.53,-0003.68,+0000.77,-0004.67
+1580686789.02,+0008.79,-0006.84,-0018.55,+0008.73,+0007.12,-0027.56
+1580686789.02,+0001.95,+0000.98,-0015.62,-0005.74,-0009.42,-0001.15
+1580686789.03,+0005.86,+0001.95,-0016.60,-0007.12,-0001.61,-0015.85
+1580686789.03,+0000.98,-0003.91,-0014.65,+0001.53,-0002.45,-0009.65
+1580686789.04,+0007.81,+0000.98,-0013.67,+0004.82,+0003.22,-0012.17
+1580686789.04,+0003.91,-0001.95,-0012.70,-0003.45,+0001.84,-0010.18
+1580686789.05,+0003.91,+0001.95,-0011.72,-0004.29,+0006.12,-0014.93
+1580686789.05,-0001.95,+0000.00,-0010.74,-0000.08,-0006.28,-0009.11
+1580686789.06,+0008.79,+0002.93,-0010.74,+0005.21,+0001.91,-0005.44
+1580686789.06,-0001.95,+0003.91,-0011.72,+0001.30,-0004.59,-0012.71
+1580686789.07,+0000.00,+0004.88,-0010.74,+0004.13,-0009.72,-0004.13
+1580686789.07,+0020.51,+0003.91,-0010.74,-0000.23,+0005.97,-0010.03
+1580686789.08,-0006.84,+0007.81,-0010.74,+0000.23,+0002.91,-0007.43
+1580686789.08,-0008.79,+0009.77,-0009.77,+0000.54,-0003.75,-0010.34
+1580686789.09,+0011.72,+0007.81,-0007.81,-0002.83,-0004.13,-0002.45
+1580686789.09,+0016.60,+0009.77,-0007.81,+0000.46,+0008.12,+0001.15
+1580686789.10,-0017.58,+0013.67,-0006.84,-0000.69,-0014.39,-0004.06
+1580686789.10,+0004.88,+0011.72,-0003.91,+0009.03,+0004.75,-0013.70
+1580686789.11,+0006.84,+0013.67,-0003.91,-0007.81,+0005.97,-0020.60
+1580686789.11,-0000.98,+0014.65,-0003.91,+0006.51,-0008.35,-0000.08
+1580686789.12,+0000.98,+0016.60,-0003.91,-0005.51,-0001.23,-0016.77
+1580686789.12,-0004.88,+0011.72,-0004.88,+0005.44,-0005.59,-0001.76
+1580686789.13,+0007.81,+0016.60,-0006.84,-0001.61,+0006.58,-0010.49
+1580686789.13,-0005.86,+0012.70,-0006.84,+0000.69,-0002.45,+0002.07
+1580686789.14,-0000.98,+0015.62,-0006.84,-0000.15,+0013.02,-0025.57
+1580686789.14,-0017.58,+0013.67,-0007.81,-0004.36,-0007.43,-0008.88
+1580686789.15,+0008.79,+0014.65,-0006.84,+0006.35,-0003.06,-0003.90
+1580686789.15,-0006.84,+0015.62,-0007.81,-0002.45,-0003.90,-0008.96
+1580686789.16,-0008.79,+0014.65,-0006.84,+0006.20,-0003.37,-0007.20
+1580686789.16,+0002.93,+0015.62,-0007.81,-0000.61,+0004.06,-0016.46
+1580686789.17,-0012.70,+0014.65,-0007.81,+0001.61,+0000.46,-0008.65
+1580686789.17,+0005.86,+0017.58,-0007.81,-0003.52,-0009.49,+0003.22
+1580686789.18,+0014.65,+0011.72,-0009.77,+0001.00,+0014.93,-0012.94
+1580686789.18,-0027.34,+0016.60,-0012.70,-0007.89,+0000.69,-0018.22
+1580686789.19,+0006.84,+0013.67,-0012.70,+0008.42,+0009.88,-0026.34
+1580686789.19,+0010.74,+0015.62,-0014.65,-0011.56,-0001.23,-0017.30
+1580686789.20,+0005.86,+0014.65,-0014.65,+0004.13,-0008.65,+0006.12
+1580686789.20,+0007.81,+0016.60,-0015.62,+0000.23,+0008.80,-0016.69
+1580686789.21,-0009.77,+0013.67,-0016.60,+0003.29,-0003.90,-0006.89
+1580686789.21,+0013.67,+0017.58,-0017.58,-0000.61,+0007.12,-0016.84
+1580686789.22,+0004.88,+0013.67,-0017.58,+0000.00,-0003.60,-0011.87
+1580686789.22,+0005.86,+0016.60,-0017.58,-0004.13,+0003.14,-0015.39
+1580686789.23,+0001.95,+0012.70,-0017.58,-0003.06,-0012.48,-0001.84
+1580686789.23,+0016.60,+0012.70,-0020.51,+0004.21,+0013.32,-0012.48
+1580686789.24,-0003.91,+0013.67,-0022.46,-0008.50,-0002.37,-0017.07
+1580686789.24,+0023.44,+0010.74,-0023.44,+0006.58,+0015.70,-0018.68
+1580686789.25,-0011.72,+0009.77,-0026.37,-0011.94,+0001.68,-0011.18
+1580686789.25,-0002.93,+0009.77,-0023.44,+0007.12,-0009.88,-0004.75
+1580686789.26,+0010.74,+0009.77,-0023.44,-0001.30,-0007.27,-0007.20
+1580686789.26,+0007.81,+0004.88,-0024.41,+0000.15,+0004.29,+0006.05
+1580686789.27,-0006.84,+0008.79,-0028.32,-0005.90,+0014.39,-0028.10
+1580686789.27,-0012.70,+0000.98,-0027.34,-0005.67,-0011.87,-0015.31
+1580686789.28,+0032.23,+0002.93,-0026.37,-0008.42,+0001.68,-0005.36
+1580686789.28,+0002.93,+0000.98,-0031.25,-0001.00,+0012.10,-0006.74
+1580686789.29,-0030.27,+0006.84,-0033.20,-0002.45,-0002.53,-0019.45
+1580686789.29,+0011.72,-0000.98,-0033.20,+0003.75,+0001.53,-0009.65
+1580686789.30,+0023.44,-0000.98,-0035.16,-0006.12,+0009.88,-0012.56
+1580686789.30,-0011.72,+0003.91,-0035.16,-0003.14,-0003.68,-0002.60
