+1580602262.87,+0007.81,-0004.88,+0009.77,+0000.46,+0004.44,-0010.49
+1580602262.87,-0014.65,-0007.81,+0011.72,-0001.76,-0006.97,-0004.29
+1580602262.88,+0001.95,-0003.91,+0011.72,+0001.53,-0001.91,-0016.77
+1580602262.88,+0006.84,-0004.88,+0009.77,+0000.31,+0003.75,-0007.89
+1580602262.89,-0006.84,-0007.81,+0006.84,-0000.31,+0003.37,-0010.03
+1580602262.89,-0005.86,-0007.81,+0009.77,+0008.42,-0001.00,-0016.23
+1580602262.90,+0002.93,-0002.93,+0013.67,-0003.14,-0003.06,-0009.49
+1580602262.90,+0003.91,-0006.84,+0015.62,+0002.68,+0004.29,-0006.58
+1580602262.91,-0015.62,-0004.88,+0013.67,-0001.07,-0005.51,-0009.95
+1580602262.91,-0003.91,-0004.88,+0014.65,+0004.75,-0002.22,-0013.32
+1580602262.92,+0009.77,-0003.91,+0015.62,-0002.45,-0000.77,-0011.56
+1580602262.92,+0000.00,-0008.79,+0016.60,+0000.61,-0000.46,-0000.31
+1580602262.93,-0013.67,-0003.91,+0015.62,-0004.29,+0000.15,-0018.45
+1580602262.93,-0008.79,-0004.88,+0015.62,+0005.90,-0009.72,-0016.92
+1580602262.94,+0026.37,-0002.93,+0016.60,+0001.68,-0009.57,-0010.41
+1580602262.94,+0014.65,-0007.81,+0016.60,+0000.84,+0006.28,-0008.58
+1580602262.95,-0013.67,-0007.81,+0017.58,+0004.06,-0002.60,-0005.28
+1580602262.95,+0000.98,+0000.98,+0019.53,+0001.91,+0003.90,-0024.42
+1580602262.96,+0007.81,-0002.93,+0018.55,-0002.91,-0007.58,-0007.58
+1580602262.96,+0011.72,-0003.91,+0017.58,-0002.45,+0005.90,-0013.32
+1580602262.97,-0009.77,-0003.91,+0019.53,+0005.51,-0003.37,-0010.95
+1580602262.97,+0008.79,+0001.95,+0021.48,+0002.07,-0004.82,-0007.20
+1580602262.98,+0006.84,+0000.00,+0021.48,+0001.23,+0006.51,-0013.78
+1580602262.98,-0008.79,-0001.95,+0020.51,+0003.06,-0011.03,-0002.07
+1580602262.99,+0017.58,+0002.93,+0021.48,+0005.74,+0002.68,-0007.58
+1580602262.99,-0001.95,+0003.91,+0021.48,-0001.91,+0007.20,-0011.48
+1580602263.00,-0012.70,-0000.98,+0023.44,+0007.43,+0000.00,-0013.25
+1580602263.00,+0005.86,+0008.79,+0025.39,-0002.99,-0000.54,-0014.85
+1580602263.01,+0001.95,+0004.88,+0025.39,+0002.14,-0004.13,-0005.67
+1580602263.01,+0006.84,+0003.91,+0023.44,-0000.08,+0002.53,+0001.61
+1580602263.02,-0015.62,+0005.86,+0022.46,+0001.00,+0000.77,-0013.09
+1580602263.02,-0008.79,+0008.79,+0024.41,+0000.38,-0006.20,-0009.57
+1580602263.03,+0004.88,+0010.74,+0024.41,+0002.91,+0007.12,-0022.36
+1580602263.03,-0002.93,+0006.84,+0024.41,+0007.73,+0004.36,-0009.95
+1580602263.04,-0006.84,+0010.74,+0025.39,-0003.83,-0001.76,-0012.56
+1580602263.04,-0004.88,+0010.74,+0026.37,+0001.45,-0006.97,-0001.38
+1580602263.05,-0001.95,+0014.65,+0026.37,+0002.30,+0008.04,-0016.31
+1580602263.05,-0006.84,+0009.77,+0025.39,+0005.74,-0006.28,-0010.57
+1580602263.06,+0009.77,+0015.62,+0025.39,-0000.69,-0001.76,-0011.10
+1580602263.06,-0002.93,+0010.74,+0023.44,+0000.77,+0001.45,-0012.94
+1580602263.07,-0001.95,+0013.67,+0024.41,+0003.68,+0000.23,-0003.98
+1580602263.07,+0005.86,+0017.58,+0025.39,+0003.90,+0001.76,-0013.63
+1580602263.08,+0000.00,+0017.58,+0026.37,-0003.06,-0000.54,-0003.29
+1580602263.08,-0000.98,+0017.58,+0027.34,+0005.51,+0000.84,-0015.39
+1580602263.09,+0003.91,+0018.55,+0026.37,+0002.76,+0004.36,-0014.78
+1580602263.09,+0000.98,+0019.53,+0024.41,-0006.51,+0001.23,-0015.31
+1580602263.10,+0000.98,+0016.60,+0023.44,+0001.30,-0003.83,-0006.89
+1580602263.10,+0003.91,+0020.51,+0022.46,-0001.07,+0002.91,-0011.03
+1580602263.11,-0008.79,+0015.62,+0023.44,+0000.69,-0002.68,-0005.90
+1580602263.11,-0000.98,+0019.53,+0024.41,+0000.15,+0000.15,-0011.56
+1580602263.12,+0001.95,+0018.55,+0023.44,-0000.84,-0000.84,-0009.11
+1580602263.12,-0004.88,+0017.58,+0021.48,-0004.44,-0001.99,-0007.35
+1580602263.13,-0001.95,+0016.60,+0019.53,+0002.83,-0003.60,-0011.64
+1580602263.13,+0006.84,+0018.55,+0018.55,-0004.82,-0004.98,-0004.90
+1580602263.14,+0004.88,+0016.60,+0017.58,-0002.14,+0001.99,-0012.33
+1580602263.14,-0005.86,+0016.60,+0017.58,-0001.30,-0007.35,-0011.79
+1580602263.15,+0007.81,+0019.53,+0016.60,-0000.61,-0000.31,-0012.63
+1580602263.15,+0008.79,+0016.60,+0013.67,-0004.21,+0001.15,-0012.33
+1580602263.16,-0001.95,+0015.62,+0009.77,+0001.91,+0009.80,-0021.74
+1580602263.16,-0016.60,+0016.60,+0007.81,-0002.83,-0008.58,-0018.45
+1580602263.17,+0010.74,+0018.55,+0010.74,+0003.06,-0004.29,-0017.46
+1580602263.17,+0021.48,+0015.62,+0011.72,-0003.29,+0000.31,-0004.36
+1580602263.18,-0016.60,+0012.70,+0012.70,-0003.06,-0004.90,+0002.22
+1580602263.18,-0001.95,+0018.55,+0013.67,+0003.98,+0000.15,-0015.31
+1580602263.19,+0002.93,+0015.62,+0011.72,-0008.35,-0001.68,-0015.31
+1580602263.19,+0003.91,+0011.72,+0007.81,-0003.75,+0002.91,-0013.55
+1580602263.20,-0006.84,+0011.72,+0005.86,-0002.14,-0004.82,-0006.12
+1580602263.20,+0003.91,+0010.74,+0004.88,+0000.84,+0000.46,-0006.74
+1580602263.21,-0000.98,+0007.81,+0002.93,-0003.52,-0000.77,-0010.95
+1580602263.21,-0000.98,+0006.84,+0002.93,+0001.45,-0000.15,-0010.41
+1580602263.22,-0001.95,+0007.81,+0002.93,-0000.61,+0000.00,-0011.79
+1580602263.22,-0000.98,+0007.81,+0003.91,+0001.91,-0003.22,-0010.57
+1580602263.23,+0004.88,+0005.86,+0002.93,+0000.46,+0000.77,-0009.42
+1580602263.23,-0002.93,+0005.86,+0002.93,-0002.22,-0001.91,-0005.67
+1580602263.24,-0001.95,+0006.84,+0001.95,+0001.00,+0004.13,-0010.64
+1580602263.24,-0002.93,+0003.91,+0000.98,-0002.76,-0001.91,-0009.57
+1580602263.25,+0000.98,+0002.93,-0001.95,-0000.84,+0002.45,-0008.73
+1580602263.25,-0009.77,+0001.95,-0003.91,-0001.45,+0004.82,-0015.24
+1580602263.26,-0005.86,+0000.00,-0001.95,+0001.30,-0004.82,-0007.12
+1580602263.26,+0000.00,+0000.98,-0002.93,-0000.77,+0001.91,-0011.48
+1580602263.27,-0007.81,-0001.95,-0001.95,+0003.06,-0001.15,-0008.80
+1580602263.27,-0008.79,+0000.00,-0002.93,-0000.38,-0001.45,-0013.09
+1580602263.28,+0000.98,-0001.95,-0003.91,-0001.61,-0001.23,-0010.18
+1580602263.28,-0003.91,-0001.95,-0010.74,-0002.22,+0008.27,-0015.77
+1580602263.29,-0016.60,-0004.88,-0015.62,-0003.52,-0007.12,-0011.56
+1580602263.29,+0001.95,-0004.88,-0013.67,+0005.44,-0007.20,-0016.38
+1580602263.30,+0008.79,-0003.91,-0006.84,+0001.53,+0004.29,-0007.96
+1580602263.30,-0010.74,-0003.91,-0003.91,-0003.75,-0004.21,-0003.06
+1580602263.31,-0001.95,-0001.95,-0001.95,-0000.61,-0000.77,-0012.71
+1580602263.31,+0000.98,-0003.91,-0003.91,-0005.44,+0000.15,-0014.78
+1580602263.32,+0005.86,-0007.81,-0007.81,-0001.38,+0001.91,-0009.03
+1580602263.32,+0000.98,-0008.79,-0010.74,-0000.84,+0001.15,-0012.63
+1580602263.33,-0002.93,-0008.79,-0008.79,+0002.37,-0001.53,-0012.71
+1580602263.33,+0005.86,-0007.81,-0006.84,+0003.75,-0003.90,-0009.88
+1580602263.34,+0008.79,-0006.84,-0004.88,+0000.08,+0000.46,-0006.12
+1580602263.34,+0001.95,-0005.86,-0005.86,-0000.84,+0001.61,-0008.80
+1580602263.35,+0003.91,-0006.84,-0004.88,-0001.99,-0004.21,-0003.83
+1580602263.35,+0003.91,-0004.88,-0004.88,-0003.29,+0000.08,-0010.34
+1580602263.36,+0000.00,-0006.84,-0003.91,+0002.91,-0002.76,-0010.57
+1580602263.36,+0010.74,-0004.88,-0003.91,+0000.08,+0002.83,-0009.95
+1580602263.37,-0003.91,-0005.86,-0003.91,-0000.69,-0005.74,-0008.19
+1580602263.37,+0003.91,-0005.86,-0003.91,+0003.45,-0000.15,-0011.41
+1580602263.38,+0003.91,-0004.88,-0003.91,-0002.45,+0003.45,-0015.93
+1580602263.38,+0000.98,-0004.88,-0004.88,-0002.99,-0002.37,-0003.75
+1580602263.39,+0005.86,-0002.93,-0005.86,+0000.54,+0004.36,-0014.01
+1580602263.39,-0009.77,-0002.93,-0003.91,+0001.00,+0001.23,-0006.89
+1580602263.40,-0000.98,-0001.95,-0000.98,+0005.51,-0006.20,-0008.04
+1580602263.40,+0006.84,+0000.98,+0000.98,+0000.54,+0001.38,-0013.32
+1580602263.41,-0009.77,+0000.00,+0000.00,-0003.06,+0001.84,-0010.49
+1580602263.41,-0007.81,+0000.00,-0000.98,+0000.92,-0006.05,-0006.51
+1580602263.42,+0001.95,+0001.95,+0000.00,+0001.45,+0001.00,-0013.17
+1580602263.42,-0005.86,+0000.00,-0000.98,+0002.99,+0002.07,-0011.33
+1580602263.43,-0012.70,+0001.95,-0000.98,+0002.60,-0003.45,-0010.80
+1580602263.43,-0001.95,+0004.88,+0000.98,+0004.98,+0000.15,-0013.25
+1580602263.44,-0000.98,+0002.93,+0000.98,-0000.92,-0002.99,-0010.95
+1580602263.44,-0002.93,+0003.91,+0001.95,-0001.00,-0003.45,-0005.82
+1580602263.45,-0004.88,+0005.86,+0001.95,-0000.38,+0002.83,-0011.64
+1580602263.45,-0004.88,+0005.86,+0002.93,-0002.53,+0000.54,-0009.95
+1580602263.46,+0000.00,+0005.86,+0001.95,-0000.77,-0000.77,-0009.11
+1580602263.46,+0001.95,+0006.84,+0000.00,-0000.69,-0001.23,-0010.49
+1580602263.47,-0004.88,+0004.88,-0000.98,+0001.68,-0001.68,-0010.26
+1580602263.47,+0002.93,+0005.86,-0000.98,-0001.68,-0002.60,-0005.90
+1580602263.48,+0000.00,+0007.81,+0000.00,-0003.45,-0001.15,-0011.64
+1580602263.48,-0000.98,+0005.86,+0000.98,+0001.30,-0003.22,-0009.72
+1580602263.49,+0004.88,+0007.81,+0000.98,-0002.68,-0001.00,-0013.25
+1580602263.49,+0001.95,+0005.86,-0000.98,-0000.46,+0001.99,-0008.42
+1580602263.50,-0002.93,+0007.81,-0001.95,-0000.15,-0002.37,-0008.50
+1580602263.50,+0001.95,+0006.84,-0002.93,-0000.84,-0003.83,-0008.96
+1580602263.51,+0004.88,+0006.84,-0002.93,+0000.54,+0000.92,-0008.73
+1580602263.51,-0004.88,+0008.79,-0002.93,-0001.30,-0002.99,-0004.82
+1580602263.52,-0001.95,+0008.79,-0002.93,+0001.61,+0000.38,-0012.10
+1580602263.52,+0000.00,+0007.81,-0002.93,-0005.97,+0003.06,-0011.03
+1580602263.53,-0003.91,+0006.84,-0004.88,-0003.60,-0004.59,-0008.12
+1580602263.53,+0002.93,+0006.84,-0006.84,-0001.76,+0001.91,-0014.01
+1580602263.54,-0008.79,+0006.84,-0008.79,-0003.98,+0001.91,-0016.46
+1580602263.54,+0001.95,+0004.88,-0008.79,-0001.91,-0005.67,-0008.58
+1580602263.55,+0008.79,+0006.84,-0008.79,-0001.45,+0004.75,-0012.10
+1580602263.55,-0010.74,+0005.86,-0008.79,+0000.69,-0001.68,-0010.72
+1580602263.56,-0002.93,+0006.84,-0008.79,-0001.45,-0003.60,-0013.93
+1580602263.56,+0009.77,+0006.84,-0009.77,-0003.22,+0002.83,-0009.49
+1580602263.57,+0002.93,+0004.88,-0012.70,-0004.29,+0001.61,-0011.71
+1580602263.57,+0000.00,+0004.88,-0013.67,-0003.52,-0003.90,-0007.89
+1580602263.58,+0005.86,+0006.84,-0012.70,+0003.37,+0001.23,-0013.48
+1580602263.58,+0005.86,+0004.88,-0013.67,+0001.23,-0003.29,-0008.58
+1580602263.59,+0010.74,+0005.86,-0013.67,-0000.31,+0001.99,-0006.35
+1580602263.59,+0001.95,+0005.86,-0014.65,-0001.61,-0001.53,-0008.27
+1580602263.60,+0000.98,+0003.91,-0016.60,-0001.53,-0001.30,-0008.19
+1580602263.60,+0008.79,+0004.88,-0015.62,-0000.23,+0000.84,-0010.87
+1580602263.61,+0001.95,+0003.91,-0015.62,-0003.45,+0000.38,-0005.13
+1580602263.61,+0001.95,+0003.91,-0015.62,+0000.15,+0001.61,-0008.73
+1580602263.62,-0002.93,+0003.91,-0015.62,+0000.69,-0000.92,-0012.10
+1580602263.62,-0000.98,+0002.93,-0015.62,-0001.68,-0003.83,-0009.11
+1580602263.63,+0003.91,+0000.98,-0017.58,+0000.92,+0001.38,-0011.33
+1580602263.63,-0001.95,+0000.98,-0018.55,-0001.45,+0002.76,-0006.58
+1580602263.64,-0007.81,+0000.98,-0017.58,-0000.54,-0001.45,-0006.58
+1580602263.64,-0002.93,+0000.98,-0016.60,+0000.84,+0001.23,-0015.85
+1580602263.65,-0002.93,-0000.98,-0016.60,-0002.45,-0004.52,-0003.22
+1580602263.65,-0003.91,+0000.98,-0018.55,-0005.36,-0000.92,-0011.71
+1580602263.66,-0007.81,-0002.93,-0019.53,+0000.69,-0001.84,-0008.04
+1580602263.66,+0001.95,+0000.00,-0018.55,-0000.15,-0001.99,-0009.42
+1580602263.67,-0005.86,-0002.93,-0019.53,-0004.06,+0002.91,-0009.72
+1580602263.67,-0007.81,-0001.95,-0019.53,-0003.06,-0000.69,-0011.64
+1580602263.68,+0000.98,-0002.93,-0020.51,+0000.38,+0000.23,-0010.11
+1580602263.68,-0002.93,-0002.93,-0021.48,-0003.45,+0002.68,-0013.40
+1580602263.69,-0005.86,-0003.91,-0021.48,+0000.23,-0003.29,-0011.87
+1580602263.69,+0002.93,-0001.95,-0020.51,-0002.76,-0000.15,-0008.73
+1580602263.70,-0000.98,-0002.93,-0021.48,+0001.38,+0004.90,-0012.86
+1580602263.70,-0003.91,-0002.93,-0021.48,-0001.15,-0003.75,-0014.01
+1580602263.71,+0011.72,-0003.91,-0021.48,+0002.76,+0007.04,-0012.63
+1580602263.71,-0005.86,-0002.93,-0021.48,-0005.51,-0001.38,-0012.56
+1580602263.72,-0002.93,-0004.88,-0020.51,+0004.52,-0003.37,-0006.43
+1580602263.72,+0004.88,-0002.93,-0021.48,-0002.07,+0002.07,-0007.20
+1580602263.73,+0000.98,-0006.84,-0018.55,+0004.67,+0003.60,-0011.25
+1580602263.73,-0004.88,-0003.91,-0017.58,-0006.58,-0002.14,-0014.09
+1580602263.74,+0000.00,-0004.88,-0015.62,+0003.75,-0003.98,-0014.93
+1580602263.74,+0011.72,-0005.86,-0017.58,+0000.54,+0001.91,-0009.26
+1580602263.75,+0002.93,-0006.84,-0019.53,-0004.21,+0000.61,-0005.28
+1580602263.75,+0000.00,-0006.84,-0019.53,+0002.83,-0003.06,-0007.12
+1580602263.76,+0003.91,-0005.86,-0018.55,+0001.45,-0001.61,-0011.87
+1580602263.76,+0008.79,-0007.81,-0017.58,+0003.90,+0000.61,-0008.27
+1580602263.77,+0006.84,-0004.88,-0015.62,-0000.77,+0001.99,-0012.94
+1580602263.77,+0002.93,-0006.84,-0013.67,-0000.08,-0005.44,-0009.03
+1580602263.78,+0012.70,-0005.86,-0015.62,+0000.31,+0008.04,-0019.22
+1580602263.78,-0007.81,-0008.79,-0017.58,-0006.12,-0003.68,-0005.28
+1580602263.79,+0005.86,-0007.81,-0016.60,+0008.27,+0000.61,-0010.57
+1580602263.79,+0003.91,-0009.77,-0016.60,+0002.45,+0006.05,-0008.27
+1580602263.80,-0004.88,-0009.77,-0014.65,-0000.31,-0004.06,-0009.42
+1580602263.80,-0002.93,-0009.77,-0013.67,+0003.06,+0001.15,-0011.94
+1580602263.81,+0000.98,-0007.81,-0012.70,+0001.23,-0000.84,-0006.58
+1580602263.81,-0007.81,-0011.72,-0012.70,+0000.77,+0000.38,-0009.49
+1580602263.82,-0009.77,-0009.77,-0011.72,-0003.68,-0004.59,-0008.04
+1580602263.82,+0000.00,-0010.74,-0012.70,+0000.69,+0001.30,-0009.72
+1580602263.83,-0004.88,-0011.72,-0013.67,-0002.45,+0002.91,-0009.72
+1580602263.83,-0008.79,-0012.70,-0012.70,-0000.77,-0004.36,-0010.49
+1580602263.84,-0002.93,-0011.72,-0011.72,+0001.07,-0003.22,-0009.80
+1580602263.84,-0002.93,-0011.72,-0011.72,-0001.84,+0001.53,-0006.51
+1580602263.85,-0007.81,-0010.74,-0011.72,-0000.23,-0003.45,-0008.19
+1580602263.85,-0002.93,-0010.74,-0011.72,+0002.83,+0000.46,-0013.40
+1580602263.86,+0000.00,-0010.74,-0010.74,-0001.99,-0004.21,-0010.18
+1580602263.86,+0000.98,-0010.74,-0010.74,+0002.07,+0000.77,-0008.35
+1580602263.87,-0005.86,-0009.77,-0009.77,+0000.00,-0001.61,-0010.95
+1580602263.87,+0001.95,-0009.77,-0008.79,+0000.46,-0000.69,-0008.50
+1580602263.88,+0001.95,-0009.77,-0008.79,-0000.84,-0000.08,-0010.87
+1580602263.88,-0004.88,-0009.77,-0008.79,+0000.08,-0003.29,-0008.19
+1580602263.89,+0001.95,-0010.74,-0006.84,+0004.90,+0002.60,-0011.41
+1580602263.89,+0000.00,-0008.79,-0004.88,-0002.22,+0002.14,-0013.93
+1580602263.90,-0002.93,-0010.74,-0003.91,+0001.23,-0004.36,-0009.26
+1580602263.90,+0006.84,-0008.79,-0002.93,-0001.38,+0001.45,-0008.12
+1580602263.91,-0003.91,-0010.74,-0003.91,+0001.68,+0001.76,-0010.18
+1580602263.91,-0000.98,-0009.77,-0002.93,-0000.46,-0005.36,-0009.95
+1580602263.92,+0005.86,-0009.77,-0001.95,-0001.53,-0000.77,-0008.80
+1580602263.92,+0000.98,-0010.74,-0000.98,+0003.75,-0001.00,-0006.74
+1580602263.93,-0001.95,-0009.77,-0000.98,+0002.60,-0000.46,-0011.79
+1580602263.93,+0000.00,-0010.74,+0000.98,+0000.31,-0000.23,-0014.01
+1580602263.94,+0003.91,-0010.74,+0000.00,-0001.07,-0000.46,-0007.20
+1580602263.94,+0003.91,-0010.74,-0001.95,+0002.14,+0004.36,-0013.25
+1580602263.95,-0009.77,-0012.70,-0000.98,-0002.45,-0000.84,-0011.03
+1580602263.95,+0002.93,-0009.77,+0000.98,-0002.45,-0002.60,-0011.41
+1580602263.96,+0008.79,-0011.72,+0002.93,+0004.29,+0002.53,-0007.89
+1580602263.96,-0006.84,-0010.74,+0003.91,+0001.30,+0001.45,-0012.02
+1580602263.97,-0001.95,-0010.74,+0003.91,+0000.77,-0007.04,-0006.58
+1580602263.97,+0003.91,-0007.81,+0004.88,-0004.06,-0000.23,-0007.81
+1580602263.98,-0002.93,-0012.70,+0003.91,+0004.75,+0001.61,-0010.95
+1580602263.98,-0002.93,-0008.79,+0004.88,-0001.76,-0003.22,-0010.26
+1580602263.99,+0002.93,-0008.79,+0005.86,+0000.54,+0000.84,-0008.80
+1580602263.99,+0000.00,-0008.79,+0005.86,+0000.31,+0000.15,-0009.65
+1580602264.00,-0003.91,-0007.81,+0006.84,+0004.21,-0001.45,-0009.34
+1580602264.00,-0000.98,-0006.84,+0008.79,+0000.00,-0002.45,-0007.20
+1580602264.01,+0000.98,-0004.88,+0009.77,-0001.99,-0002.14,-0006.20
+1580602264.01,-0001.95,-0006.84,+0009.77,+0002.30,+0001.23,-0008.27
+1580602264.02,-0002.93,-0004.88,+0008.79,+0000.46,+0000.31,-0011.10
+1580602264.02,-0001.95,-0006.84,+0008.79,+0004.21,-0000.08,-0010.49
+1580602264.03,+0000.00,-0004.88,+0009.77,+0000.77,+0000.84,-0008.73
+1580602264.03,-0007.81,-0004.88,+0011.72,+0004.06,+0006.28,-0014.55
+1580602264.04,-0011.72,-0002.93,+0014.65,+0002.14,-0003.90,-0015.77
+1580602264.04,+0008.79,-0001.95,+0014.65,+0001.07,+0004.59,-0010.64
+1580602264.05,-0005.86,-0002.93,+0011.72,-0006.20,+0003.52,-0010.95
+1580602264.05,-0007.81,-0003.91,+0012.70,+0006.12,-0004.21,-0003.90
+1580602264.06,+0000.98,+0000.98,+0014.65,+0000.84,+0000.00,-0010.26
+1580602264.06,-0006.84,+0000.00,+0016.60,+0002.30,-0005.51,-0006.28
+1580602264.07,+0000.00,+0001.95,+0016.60,+0000.38,+0001.00,-0011.03
+1580602264.07,-0001.95,+0001.95,+0017.58,+0002.76,-0000.23,-0007.89
+1580602264.08,-0002.93,+0000.98,+0017.58,+0002.30,+0001.68,-0011.87
+1580602264.08,-0003.91,+0001.95,+0018.55,-0000.31,+0001.38,-0014.78
+1580602264.09,-0004.88,+0002.93,+0018.55,+0000.31,-0003.45,-0012.02
+1580602264.09,+0001.95,+0004.88,+0017.58,+0002.45,+0002.30,-0014.93
+1580602264.10,+0002.93,+0002.93,+0016.60,+0003.75,-0001.45,-0004.98
+1580602264.10,+0000.00,+0004.88,+0017.58,+0000.15,+0004.13,-0009.34
+1580602264.11,-0008.79,+0004.88,+0019.53,+0005.28,-0000.84,-0014.09
+1580602264.11,+0006.84,+0007.81,+0022.46,+0005.51,+0003.68,-0010.72
+1580602264.12,+0001.95,+0007.81,+0021.48,-0001.84,+0006.20,-0014.47
+1580602264.12,-0008.79,+0006.84,+0020.51,-0000.46,-0006.20,-0010.41
+1580602264.13,+0007.81,+0008.79,+0020.51,+0003.14,-0001.61,-0013.86
+1580602264.13,+0005.86,+0007.81,+0020.51,+0001.76,+0000.77,-0006.66
+1580602264.14,-0000.98,+0007.81,+0020.51,+0002.30,-0000.61,-0006.05
+1580602264.14,-0002.93,+0008.79,+0022.46,+0002.91,+0000.38,-0008.65
+1580602264.15,+0001.95,+0012.70,+0023.44,-0000.54,-0003.98,-0008.12
+1580602264.15,+0010.74,+0010.74,+0021.48,+0003.60,+0003.68,-0012.10
+1580602264.16,+0000.00,+0010.74,+0019.53,-0002.68,+0001.38,-0011.56
+1580602264.16,+0000.00,+0009.77,+0019.53,+0003.22,-0004.98,-0007.27
+1580602264.17,+0006.84,+0011.72,+0020.51,+0000.08,+0005.13,-0012.17
+1580602264.17,-0000.98,+0010.74,+0020.51,-0000.69,-0002.30,-0008.12
+1580602264.18,+0006.84,+0011.72,+0020.51,+0000.38,+0000.31,-0011.79
+1580602264.18,+0000.98,+0010.74,+0019.53,-0000.23,+0000.08,-0010.64
+1580602264.19,-0000.98,+0011.72,+0019.53,-0000.38,-0001.45,-0009.95
+1580602264.19,+0004.88,+0010.74,+0018.55,+0001.38,+0000.08,-0010.26
+1580602264.20,+0003.91,+0011.72,+0016.60,-0001.15,-0000.23,-0005.36
+1580602264.20,-0005.86,+0009.77,+0015.62,-0002.83,-0001.53,-0008.50
+1580602264.21,+0000.00,+0011.72,+0017.58,+0001.30,-0004.21,-0005.82
+1580602264.21,+0003.91,+0012.70,+0017.58,-0000.08,+0005.05,-0010.64
+1580602264.22,-0003.91,+0010.74,+0016.60,-0000.54,-0004.82,-0005.51
+1580602264.22,+0000.00,+0010.74,+0015.62,+0000.54,+0001.68,-0013.09
+1580602264.23,-0002.93,+0010.74,+0014.65,-0001.23,+0000.54,-0010.57
+1580602264.23,-0003.91,+0009.77,+0014.65,+0001.30,+0001.45,-0014.78
+1580602264.24,+0006.84,+0009.77,+0012.70,+0000.92,+0003.83,-0008.19
+1580602264.24,-0002.93,+0009.77,+0010.74,-0002.53,+0006.66,-0014.24
+1580602264.25,-0013.67,+0006.84,+0010.74,-0002.99,-0006.43,-0005.13
+1580602264.25,+0003.91,+0012.70,+0011.72,+0004.98,-0000.15,-0015.24
+1580602264.26,-0003.91,+0007.81,+0010.74,+0000.15,+0001.91,-0006.97
+1580602264.26,-0002.93,+0010.74,+0009.77,-0002.37,-0002.91,-0008.65
+1580602264.27,-0005.86,+0009.77,+0008.79,+0001.76,+0003.52,-0011.48
+1580602264.27,-0003.91,+0008.79,+0008.79,+0000.54,+0002.99,-0011.33
+1580602264.28,-0000.98,+0008.79,+0007.81,-0002.68,+0000.54,-0012.86
+1580602264.28,-0003.91,+0007.81,+0006.84,-0000.08,-0003.52,-0012.71
+1580602264.29,+0002.93,+0007.81,+0005.86,-0000.92,-0002.91,-0005.44
+1580602264.29,-0003.91,+0006.84,+0005.86,-0000.38,-0002.07,-0010.11
+1580602264.30,-0001.95,+0006.84,+0004.88,+0001.38,-0002.14,-0012.17
+1580602264.30,+0008.79,+0007.81,+0004.88,-0001.45,-0002.45,-0007.50
+1580602264.31,-0003.91,+0006.84,+0004.88,+0000.54,+0001.38,-0013.55
+1580602264.31,-0004.88,+0007.81,+0005.86,+0000.77,-0009.95,-0005.59
+1580602264.32,+0011.72,+0008.79,+0004.88,+0000.61,+0005.21,-0012.63
+1580602264.32,-0004.88,+0004.88,+0002.93,-0008.50,+0007.35,-0014.62
+1580602264.33,-0002.93,+0003.91,+0001.95,+0001.99,-0005.67,-0008.12
+1580602264.33,+0010.74,+0005.86,+0001.95,+0000.69,+0005.28,-0014.85
+1580602264.34,-0005.86,+0002.93,+0001.95,-0003.14,-0000.23,-0005.67
+1580602264.34,-0001.95,+0003.91,+0001.95,+0001.15,-0000.38,-0011.64
+1580602264.35,+0000.00,+0003.91,+0000.98,+0001.68,+0000.92,-0008.88
+1580602264.35,-0002.93,+0002.93,+0000.00,-0001.07,+0001.61,-0011.25
+1580602264.36,-0002.93,+0000.98,-0000.98,-0002.60,-0002.30,-0009.34
+1580602264.36,-0000.98,+0002.93,-0000.98,-0003.60,+0005.28,-0015.08
+1580602264.37,-0003.91,+0000.00,-0001.95,-0001.45,-0003.75,-0009.65
+1580602264.37,+0001.95,+0000.98,-0001.95,+0001.23,-0000.92,-0013.02
+1580602264.38,+0000.00,-0000.98,-0002.93,+0001.23,-0004.67,-0004.90
+1580602264.38,+0005.86,+0000.00,-0003.91,+0000.61,+0003.37,-0008.27
+1580602264.39,-0002.93,+0000.00,-0003.91,-0001.07,-0001.07,-0008.42
+1580602264.39,-0000.98,+0000.00,-0003.91,-0000.08,-0001.61,-0005.13
+1580602264.40,+0000.98,+0000.98,-0004.88,-0002.30,-0005.28,-0007.89
+1580602264.40,+0006.84,-0000.98,-0003.91,+0003.22,-0001.30,-0002.76
+1580602264.41,-0001.95,+0000.98,-0003.91,-0003.83,+0007.50,-0012.56
+1580602264.41,-0010.74,-0000.98,-0003.91,+0002.37,-0005.67,-0012.86
+1580602264.42,+0007.81,+0000.98,-0003.91,-0001.61,+0001.99,-0005.97
+1580602264.42,-0001.95,-0000.98,-0002.93,+0004.44,+0011.03,-0022.89
+1580602264.43,-0015.62,-0002.93,+0000.00,-0006.97,-0009.88,-0009.65
+1580602264.43,+0013.67,+0003.91,-0000.98,-0003.68,+0000.08,-0012.02
+1580602264.44,+0002.93,-0001.95,-0006.84,-0001.53,+0003.98,-0002.60
+1580602264.44,-0010.74,-0001.95,-0009.77,+0000.08,-0000.15,-0000.54
+1580602264.45,-0002.93,+0000.98,-0007.81,+0002.60,+0001.15,-0007.96
+1580602264.45,+0001.95,+0002.93,-0006.84,+0001.30,+0000.38,-0013.86
+1580602264.46,-0000.98,+0000.98,-0004.88,+0000.08,-0001.76,-0010.80
+1580602264.46,+0002.93,+0003.91,-0003.91,+0003.22,-0004.13,-0006.05
+1580602264.47,-0005.86,+0003.91,-0002.93,-0000.31,-0000.08,-0014.85
+1580602264.47,-0007.81,+0002.93,-0002.93,-0000.77,-0004.98,-0009.26
+1580602264.48,+0009.77,+0004.88,-0004.88,+0003.06,+0001.61,-0012.79
+1580602264.48,-0002.93,+0003.91,-0006.84,-0004.06,+0001.53,-0007.35
+1580602264.49,-0006.84,+0003.91,-0006.84,-0002.30,-0005.97,-0008.19
+1580602264.49,+0003.91,+0003.91,-0004.88,+0002.68,+0002.14,-0011.56
+1580602264.50,+0000.00,+0004.88,-0003.91,-0002.60,+0002.76,-0010.57
+1580602264.50,-0006.84,+0003.91,-0004.88,+0001.61,-0004.67,-0010.87
+1580602264.51,+0004.88,+0006.84,-0003.91,-0001.23,-0000.61,-0011.48
+1580602264.51,+0001.95,+0005.86,-0004.88,+0001.61,+0000.31,-0006.58
+1580602264.52,-0006.84,+0005.86,-0003.91,+0000.38,+0001.61,-0010.26
+1580602264.52,-0004.88,+0006.84,-0003.91,-0001.61,-0003.83,-0009.57
+1580602264.53,+0008.79,+0005.86,-0003.91,+0000.61,-0002.07,-0008.35
+1580602264.53,-0000.98,+0005.86,-0005.86,-0002.53,+0004.44,-0009.34
+1580602264.54,-0004.88,+0005.86,-0005.86,+0002.91,+0002.22,-0015.47
+1580602264.54,+0002.93,+0007.81,-0004.88,-0004.98,-0004.82,-0012.10
+1580602264.55,+0011.72,+0004.88,-0003.91,-0000.77,-0001.38,-0007.04
+1580602264.55,-0003.91,+0005.86,-0007.81,+0001.38,+0007.66,-0014.55
+1580602264.56,-0004.88,+0004.88,-0006.84,+0009.03,-0003.29,-0008.73
+1580602264.56,+0012.70,+0008.79,-0006.84,-0002.68,+0000.15,-0015.24
+1580602264.57,+0000.98,+0003.91,-0007.81,-0000.69,+0003.29,-0010.41
+1580602264.57,+0003.91,+0005.86,-0007.81,-0001.45,-0001.07,-0010.49
+1580602264.58,+0007.81,+0007.81,-0006.84,+0000.46,+0001.07,-0010.11
+1580602264.58,+0003.91,+0005.86,-0006.84,-0001.00,-0001.38,-0006.97
+1580602264.59,+0008.79,+0004.88,-0006.84,-0001.15,-0002.60,-0007.89
+1580602264.59,+0005.86,+0005.86,-0008.79,-0002.22,+0001.68,-0010.26
+1580602264.60,-0000.98,+0003.91,-0009.77,-0001.15,-0003.37,-0006.35
+1580602264.60,+0004.88,+0003.91,-0009.77,+0002.07,+0004.13,-0013.55
+1580602264.61,+0001.95,+0001.95,-0010.74,+0001.99,-0001.15,-0004.44
+1580602264.61,+0003.91,+0002.93,-0011.72,-0000.92,+0003.29,-0014.47
+1580602264.62,-0008.79,-0000.98,-0012.70,-0003.90,-0001.30,-0005.28
+1580602264.62,+0000.00,+0000.98,-0011.72,+0006.51,+0000.46,-0013.09
+1580602264.63,-0001.95,-0002.93,-0011.72,+0002.60,-0000.15,-0008.35
+1580602264.63,-0002.93,+0000.00,-0011.72,-0002.53,-0001.76,-0007.81
+1580602264.64,-0004.88,-0003.91,-0013.67,+0000.23,+0001.53,-0009.88
+1580602264.64,-0004.88,-0002.93,-0013.67,-0002.37,-0000.23,-0010.95
+1580602264.65,-0000.98,-0004.88,-0013.67,-0002.60,-0008.88,-0000.84
+1580602264.65,+0006.84,-0005.86,-0014.65,-0000.15,+0008.19,-0006.35
+1580602264.66,-0027.34,-0005.86,-0017.58,-0004.67,+0007.35,-0021.05
+1580602264.66,-0002.93,-0006.84,-0016.60,+0008.19,+0001.53,-0025.65
+1580602264.67,+0006.84,-0002.93,-0017.58,-0008.04,-0001.07,-0011.79
+1580602264.67,-0003.91,-0012.70,-0018.55,+0001.61,+0000.69,-0001.91
+1580602264.68,-0008.79,-0003.91,-0017.58,+0001.07,+0000.54,-0012.63
+1580602264.68,-0001.95,-0005.86,-0014.65,+0003.90,-0002.14,-0005.97
+1580602264.69,+0012.70,-0004.88,-0015.62,-0004.52,+0000.00,-0004.67
+1580602264.69,-0008.79,-0007.81,-0017.58,+0002.83,+0006.58,-0013.40
+1580602264.69,-0008.79,-0004.88,-0015.62,+0003.90,-0004.82,-0017.61
+1580602264.70,+0008.79,-0004.88,-0014.65,-0003.68,-0000.77,-0009.34
+1580602264.70,+0004.88,-0007.81,-0015.62,+0000.46,+0002.68,-0007.96
+1580602264.71,-0012.70,-0005.86,-0015.62,-0001.07,+0002.91,-0011.56
+1580602264.71,+0001.95,-0003.91,-0012.70,+0002.60,-0000.84,-0013.17
+1580602264.72,+0006.84,-0002.93,-0012.70,-0000.54,+0000.69,-0009.80
+1580602264.72,-0000.98,-0004.88,-0012.70,+0001.15,+0002.07,-0006.35
+1580602264.73,-0005.86,-0002.93,-0012.70,+0001.61,-0002.22,-0013.32
+1580602264.73,+0003.91,-0001.95,-0009.77,-0000.08,-0002.30,-0012.63
+1580602264.74,+0007.81,-0002.93,-0008.79,-0002.53,-0002.45,-0006.81
+1580602264.74,+0000.98,-0000.98,-0009.77,+0001.61,+0004.13,-0009.19
+1580602264.75,-0008.79,-0002.93,-0010.74,+0001.76,-0005.21,-0009.11
+1580602264.75,+0007.81,-0000.98,-0008.79,+0001.61,-0002.68,-0012.71
+1580602264.76,+0007.81,-0001.95,-0009.77,-0000.84,-0000.77,-0008.27
+1580602264.76,-0002.93,-0000.98,-0008.79,-0000.31,-0002.91,-0009.80
+1580602264.77,-0002.93,+0000.00,-0007.81,+0002.53,-0002.91,-0012.33
+1580602264.77,+0007.81,+0001.95,-0007.81,+0002.60,-0002.45,-0011.25
+1580602264.78,+0004.88,-0000.98,-0007.81,-0004.44,+0003.83,-0010.26
+1580602264.78,-0005.86,+0002.93,-0005.86,-0002.53,-0003.60,-0009.95
+1580602264.79,+0005.86,+0002.93,-0003.91,+0002.30,-0001.53,-0009.19
+1580602264.79,+0003.91,+0001.95,-0005.86,-0001.84,+0001.23,-0008.96
+1580602264.80,-0002.93,+0000.98,-0006.84,+0004.90,+0001.07,-0009.11
+1580602264.80,-0003.91,+0003.91,-0006.84,-0003.14,+0000.69,-0012.10
+1580602264.81,+0002.93,+0001.95,-0004.88,+0000.84,-0004.90,-0010.26
+1580602264.81,+0007.81,+0002.93,-0005.86,+0000.15,-0001.30,-0005.44
+1580602264.82,-0009.77,+0003.91,-0004.88,+0000.46,-0002.91,-0008.35
+1580602264.82,-0006.84,+0003.91,-0003.91,+0004.82,-0000.61,-0013.25
+1580602264.83,+0005.86,+0004.88,-0003.91,-0001.61,-0001.53,-0012.63
+1580602264.83,+0000.00,+0002.93,-0005.86,-0000.54,-0001.61,-0008.88
+1580602264.84,-0001.95,+0003.91,-0006.84,+0002.30,-0000.77,-0010.18
+1580602264.84,+0000.00,+0004.88,-0005.86,-0000.54,-0000.54,-0007.81
+1580602264.85,-0002.93,+0002.93,-0006.84,+0000.92,-0000.92,-0007.58
+1580602264.85,-0004.88,+0004.88,-0005.86,-0000.31,-0004.98,-0007.73
+1580602264.86,+0000.98,+0003.91,-0007.81,+0002.76,+0000.31,-0012.79
+1580602264.86,+0000.98,+0003.91,-0006.84,-0002.22,-0000.84,-0010.03
+1580602264.87,-0001.95,+0001.95,-0007.81,+0003.37,+0003.06,-0014.09
+1580602264.87,-0006.84,+0004.88,-0008.79,-0005.05,-0003.29,-0014.55
+1580602264.88,+0001.95,+0000.98,-0006.84,+0003.98,-0003.83,-0005.05
+1580602264.88,+0003.91,+0003.91,-0005.86,-0002.07,+0003.29,-0013.25
+1580602264.89,-0006.84,+0001.95,-0005.86,+0003.37,-0004.82,-0007.96
+1580602264.89,+0000.98,+0003.91,-0006.84,-0002.37,-0001.38,-0013.40
+1580602264.90,+0002.93,+0000.98,-0005.86,-0000.84,+0001.38,-0011.94
+1580602264.90,+0002.93,+0000.98,-0005.86,+0000.54,-0002.60,-0013.93
+1580602264.91,+0007.81,+0000.98,-0005.86,+0001.76,+0000.15,-0007.12
+1580602264.91,-0001.95,+0000.98,-0006.84,-0001.91,+0001.07,-0008.58
+1580602264.92,-0002.93,+0000.00,-0006.84,-0000.38,+0000.84,-0010.87
+1580602264.92,+0000.98,+0001.95,-0006.84,-0002.30,-0006.97,-0001.23
+1580602264.93,+0013.67,-0000.98,-0006.84,+0003.60,+0006.66,-0004.13
+1580602264.93,-0011.72,+0000.98,-0007.81,-0005.44,+0007.04,-0017.23
+1580602264.94,-0008.79,-0000.98,-0006.84,+0002.22,-0005.90,-0008.88
+1580602264.94,+0015.62,+0000.98,-0007.81,-0003.83,-0000.08,-0015.54
+1580602264.95,-0000.98,-0004.88,-0009.77,-0000.08,+0005.67,-0007.04
+1580602264.95,-0006.84,-0000.98,-0010.74,-0000.61,-0002.83,-0008.19
+1580602264.96,-0001.95,+0000.00,-0008.79,+0001.07,-0001.45,-0013.55
+1580602264.96,+0005.86,-0001.95,-0006.84,-0003.06,-0003.75,-0006.51
+1580602264.97,+0006.84,-0000.98,-0007.81,+0002.91,+0002.37,-0007.89
+1580602264.97,-0003.91,+0000.98,-0009.77,-0003.52,+0000.23,-0009.72
+1580602264.98,+0000.00,-0001.95,-0008.79,+0001.07,-0004.06,-0013.78
+1580602264.98,+0007.81,-0001.95,-0007.81,-0001.00,-0003.98,-0007.12
+1580602264.99,+0007.81,-0000.98,-0008.79,+0002.53,+0002.30,-0005.51
+1580602264.99,-0006.84,-0000.98,-0010.74,+0000.77,-0002.22,-0011.41
+1580602265.00,+0000.98,-0001.95,-0008.79,+0003.68,-0007.81,-0006.89
+1580602265.00,+0017.58,-0000.98,-0007.81,+0000.31,+0002.30,-0004.29
+1580602265.01,-0008.79,-0000.98,-0008.79,+0001.68,+0007.96,-0011.25
+1580602265.01,-0010.74,-0001.95,-0007.81,+0003.68,-0002.53,-0015.39
+1580602265.02,+0008.79,+0000.98,-0004.88,+0000.54,-0001.68,-0016.92
+1580602265.02,+0001.95,-0002.93,-0005.86,-0000.69,+0002.68,-0008.27
+1580602265.03,-0002.93,-0002.93,-0006.84,-0000.54,-0003.45,-0006.35
+1580602265.03,-0003.91,-0000.98,-0008.79,+0001.38,+0004.36,-0006.51
+1580602265.04,-0008.79,-0002.93,-0010.74,-0000.61,+0000.84,-0014.09
+1580602265.04,-0002.93,-0005.86,-0009.77,+0002.91,-0004.21,-0007.35
+1580602265.05,+0002.93,-0001.95,-0008.79,-0001.15,+0005.67,-0017.46
+1580602265.05,-0011.72,-0004.88,-0007.81,-0001.53,-0006.28,-0004.67
+1580602265.06,+0003.91,-0004.88,-0007.81,+0002.07,-0003.14,-0005.74
+1580602265.06,-0007.81,-0002.93,-0008.79,-0006.81,+0000.77,-0005.51
+1580602265.07,-0009.77,-0007.81,-0010.74,+0004.29,+0001.45,-0012.10
+1580602265.07,-0000.98,-0004.88,-0009.77,-0003.52,-0005.44,-0011.71
+1580602265.08,-0000.98,-0006.84,-0009.77,+0004.21,+0001.99,-0007.35
+1580602265.08,-0006.84,-0005.86,-0009.77,+0002.22,-0003.22,-0008.80
+1580602265.09,-0000.98,-0005.86,-0008.79,+0002.91,-0001.30,-0013.02
+1580602265.09,+0000.00,-0007.81,-0008.79,-0002.76,+0000.69,-0011.48
+1580602265.10,+0000.00,-0007.81,-0009.77,+0002.14,-0004.21,-0006.12
+1580602265.10,-0004.88,-0006.84,-0010.74,-0001.68,-0001.45,-0011.94
+1580602265.11,-0001.95,-0008.79,-0009.77,+0001.68,-0000.23,-0014.24
+1580602265.11,+0005.86,-0007.81,-0008.79,-0000.92,-0006.58,-0009.80
+1580602265.12,+0004.88,-0007.81,-0008.79,-0001.07,+0003.45,-0010.72
+1580602265.12,-0007.81,-0008.79,-0010.74,-0001.30,-0004.29,-0006.89
+1580602265.13,+0005.86,-0007.81,-0010.74,+0003.45,-0000.69,-0012.94
+1580602265.13,+0000.98,-0010.74,-0011.72,-0005.67,+0002.83,-0008.96
+1580602265.14,-0006.84,-0008.79,-0014.65,-0004.21,+0007.73,-0016.46
+1580602265.14,-0014.65,-0010.74,-0015.62,+0003.29,+0001.91,-0026.57
+1580602265.15,+0003.91,-0011.72,-0011.72,-0000.92,-0010.64,-0019.83
+1580602265.15,+0039.06,-0008.79,-0009.77,-0001.61,+0013.55,-0011.25
+1580602265.16,-0011.72,-0009.77,-0009.77,-0017.07,-0002.22,-0002.53
+1580602265.16,-0007.81,-0009.77,-0005.86,+0015.85,-0003.14,-0000.31
+1580602265.17,+0013.67,-0005.86,-0006.84,-0010.41,-0004.13,-0028.48
+1580602265.17,+0015.62,-0015.62,-0010.74,-0003.68,+0006.66,-0005.13
+1580602265.18,-0004.88,-0012.70,-0014.65,-0002.14,-0000.54,-0012.79
+1580602265.18,+0000.00,-0011.72,-0011.72,+0003.22,-0005.44,-0007.73
+1580602265.19,+0011.72,-0010.74,-0010.74,-0001.23,-0002.14,-0013.70
+1580602265.19,+0003.91,-0016.60,-0009.77,+0004.21,+0003.45,-0003.90
+1580602265.20,-0000.98,-0010.74,-0009.77,-0001.00,+0000.08,-0006.12
+1580602265.20,-0005.86,-0011.72,-0009.77,+0002.22,+0001.30,-0011.64
+1580602265.21,+0000.00,-0013.67,-0009.77,+0001.84,+0002.22,-0010.87
+1580602265.21,-0003.91,-0014.65,-0008.79,-0000.31,+0001.68,-0008.04
+1580602265.22,-0007.81,-0012.70,-0007.81,+0000.69,+0002.68,-0015.31
+1580602265.22,-0004.88,-0014.65,-0006.84,+0004.06,-0001.15,-0005.74
+1580602265.23,+0000.00,-0013.67,-0006.84,-0002.14,+0004.36,-0011.79
+1580602265.23,-0015.62,-0015.62,-0007.81,-0001.91,-0000.23,-0006.28
+1580602265.24,-0002.93,-0013.67,-0005.86,+0003.37,-0002.53,-0007.20
+1580602265.24,-0004.88,-0013.67,-0005.86,-0002.99,-0001.45,-0006.81
+1580602265.25,-0001.95,-0014.65,-0006.84,+0004.36,-0001.68,-0009.65
+1580602265.25,-0008.79,-0015.62,-0007.81,-0002.45,+0001.30,-0010.95
+1580602265.26,-0009.77,-0014.65,-0006.84,-0002.83,-0002.60,-0012.02
+1580602265.26,+0000.98,-0013.67,-0005.86,+0003.37,-0002.76,-0007.04
+1580602265.27,+0000.00,-0011.72,-0005.86,+0001.23,+0003.14,-0009.95
+1580602265.27,-0010.74,-0011.72,-0003.91,+0002.14,+0000.31,-0012.25
+1580602265.28,+0000.00,-0010.74,-0001.95,+0002.76,+0003.29,-0018.30
+1580602265.28,+0000.98,-0009.77,+0000.00,-0003.98,-0005.97,-0008.80
+1580602265.29,+0003.91,-0009.77,-0000.98,+0003.06,+0000.23,-0009.80
+1580602265.29,-0002.93,-0007.81,-0001.95,+0001.76,-0002.45,-0007.20
+1580602265.30,+0000.98,-0007.81,-0000.98,+0007.58,-0000.84,-0010.95
+1580602265.30,+0003.91,-0005.86,+0001.95,-0001.45,+0000.54,-0013.70
+1580602265.31,+0004.88,-0005.86,+0002.93,+0003.22,-0004.90,-0004.98
+1580602265.31,+0003.91,-0002.93,+0002.93,-0002.53,+0001.45,-0011.18
+1580602265.32,-0001.95,-0004.88,+0002.93,+0002.22,-0002.45,-0009.34
+1580602265.32,+0006.84,-0001.95,+0003.91,+0001.61,+0000.92,-0011.87
+1580602265.33,-0000.98,-0002.93,+0004.88,+0001.30,+0002.91,-0013.32
+1580602265.33,+0004.88,-0000.98,+0005.86,+0002.07,+0001.30,-0008.42
+1580602265.34,+0002.93,+0000.00,+0006.84,+0002.99,+0002.91,-0011.33
+1580602265.34,-0004.88,+0000.00,+0007.81,+0000.31,-0000.46,-0011.94
+1580602265.35,+0004.88,+0001.95,+0007.81,+0000.92,+0000.31,-0014.01
+1580602265.35,+0002.93,+0001.95,+0008.79,-0001.00,+0002.07,-0006.81
+1580602265.36,-0000.98,+0002.93,+0008.79,+0004.21,+0001.68,-0009.65
+1580602265.36,-0003.91,+0003.91,+0007.81,-0000.92,-0001.61,-0010.87
+1580602265.37,+0002.93,+0003.91,+0008.79,+0000.54,+0001.38,-0011.71
+1580602265.37,-0000.98,+0003.91,+0008.79,-0000.54,+0000.46,-0011.41
+1580602265.38,+0001.95,+0004.88,+0008.79,+0001.53,-0002.76,-0007.58
+1580602265.38,+0001.95,+0005.86,+0007.81,-0000.61,-0003.90,-0005.13
+1580602265.39,+0004.88,+0004.88,+0009.77,+0002.91,+0001.91,-0002.99
+1580602265.39,-0008.79,+0008.79,+0009.77,-0002.68,+0007.73,-0017.92
+1580602265.40,-0005.86,+0005.86,+0012.70,-0003.14,-0007.20,-0004.75
+1580602265.40,+0006.84,+0010.74,+0010.74,-0004.44,+0001.15,-0013.93
+1580602265.41,-0006.84,+0004.88,+0009.77,-0000.92,+0000.00,-0001.61
+1580602265.41,-0005.86,+0009.77,+0009.77,+0002.76,+0001.07,-0013.55
+1580602265.42,-0003.91,+0008.79,+0009.77,+0002.07,-0001.53,-0008.73
+1580602265.42,+0000.98,+0008.79,+0008.79,-0002.60,+0001.00,-0008.12
+1580602265.43,-0005.86,+0006.84,+0007.81,-0000.54,+0002.22,-0008.42
+1580602265.43,-0010.74,+0010.74,+0008.79,+0000.92,-0001.68,-0012.02
+1580602265.44,+0003.91,+0008.79,+0007.81,+0003.29,+0001.76,-0008.27
+1580602265.44,-0000.98,+0009.77,+0005.86,-0002.83,+0002.07,-0014.39
+1580602265.45,-0011.72,+0005.86,+0006.84,+0002.37,-0003.60,-0006.74
+1580602265.45,+0004.88,+0010.74,+0006.84,-0005.51,+0002.91,-0016.54
+1580602265.46,-0001.95,+0005.86,+0004.88,-0001.07,-0002.45,-0006.12
+1580602265.46,+0000.98,+0006.84,+0002.93,-0001.91,-0002.07,-0006.35
+1580602265.47,-0000.98,+0006.84,+0001.95,-0000.38,+0000.31,-0006.20
+1580602265.47,-0002.93,+0005.86,+0001.95,-0001.00,-0001.68,-0010.80
+1580602265.48,+0000.00,+0004.88,+0001.95,+0001.38,+0000.31,-0012.10
+1580602265.48,-0000.98,+0003.91,+0000.98,-0000.69,+0001.00,-0014.09
+1580602265.49,-0000.98,+0001.95,+0000.98,+0001.99,-0002.99,-0010.80
+1580602265.49,+0003.91,+0002.93,+0000.98,-0003.45,-0000.61,-0010.34
+1580602265.50,-0000.98,+0000.00,+0000.00,+0000.84,+0000.46,-0010.18
+1580602265.50,-0000.98,+0000.00,-0000.98,-0004.13,-0001.38,-0007.81
+1580602265.51,+0000.98,-0000.98,-0002.93,-0002.68,+0001.53,-0012.86
+1580602265.51,-0004.88,-0003.91,-0004.88,-0004.06,+0000.08,-0010.11
+1580602265.52,+0000.00,-0003.91,-0005.86,+0002.76,-0001.00,-0011.56
+1580602265.52,+0000.00,-0005.86,-0006.84,-0000.84,-0002.22,-0008.27
+1580602265.53,+0000.98,-0005.86,-0007.81,-0001.68,+0000.61,-0007.12
+1580602265.53,-0003.91,-0006.84,-0008.79,-0002.68,+0001.07,-0010.80
+1580602265.54,+0000.00,-0006.84,-0007.81,+0000.84,-0000.84,-0010.03
+1580602265.54,-0001.95,-0008.79,-0008.79,-0000.92,+0000.15,-0012.40
+1580602265.55,-0003.91,-0008.79,-0008.79,-0002.14,-0000.15,-0015.16
+1580602265.55,-0000.98,-0009.77,-0009.77,-0004.82,-0003.45,-0010.34
+1580602265.56,+0004.88,-0010.74,-0010.74,+0001.91,+0001.99,-0013.78
+1580602265.56,+0000.00,-0013.67,-0011.72,+0000.23,-0002.37,-0009.03
+1580602265.57,+0000.00,-0010.74,-0011.72,-0002.76,-0001.84,-0008.58
+1580602265.57,+0000.98,-0011.72,-0012.70,-0001.45,+0002.14,-0011.64
+1580602265.58,+0002.93,-0012.70,-0012.70,+0000.08,-0001.23,-0011.87
+1580602265.58,+0005.86,-0012.70,-0013.67,-0000.31,-0003.14,-0005.67
+1580602265.59,+0003.91,-0012.70,-0013.67,+0001.15,+0000.69,-0008.04
+1580602265.59,-0001.95,-0011.72,-0011.72,-0001.07,+0002.53,-0009.42
+1580602265.60,-0000.98,-0011.72,-0010.74,+0001.38,-0001.07,-0011.10
+1580602265.60,+0006.84,-0011.72,-0009.77,-0001.15,+0000.61,-0007.12
+1580602265.61,-0001.95,-0011.72,-0010.74,+0001.23,+0001.30,-0009.03
+1580602265.61,-0005.86,-0012.70,-0009.77,+0000.84,-0001.84,-0013.17
+1580602265.62,+0001.95,-0011.72,-0007.81,-0001.84,+0000.00,-0008.12
+1580602265.62,-0000.98,-0013.67,-0008.79,+0002.91,+0000.92,-0005.90
+1580602265.63,-0011.72,-0012.70,-0007.81,-0000.54,+0003.75,-0010.57
+1580602265.63,-0009.77,-0012.70,-0006.84,+0000.61,-0006.28,-0004.67
+1580602265.64,+0007.81,-0011.72,-0005.86,+0003.68,+0004.13,-0009.57
+1580602265.64,-0012.70,-0011.72,-0005.86,-0002.91,+0002.22,-0009.11
+1580602265.65,-0008.79,-0011.72,-0004.88,-0000.69,-0001.68,-0014.93
+1580602265.65,-0000.98,-0010.74,-0004.88,+0000.46,+0000.92,-0013.25
+1580602265.66,-0007.81,-0013.67,-0005.86,-0001.30,-0002.53,-0008.42
+1580602265.66,-0003.91,-0011.72,-0005.86,+0002.83,-0001.23,-0013.40
+1580602265.67,-0005.86,-0010.74,-0004.88,+0002.30,-0001.15,-0013.40
+1580602265.67,-0001.95,-0010.74,-0003.91,-0000.77,-0003.45,-0008.04
+1580602265.68,-0000.98,-0009.77,-0002.93,+0001.30,-0001.07,-0009.65
+1580602265.68,-0005.86,-0007.81,-0002.93,+0000.46,-0001.84,-0009.65
+1580602265.69,-0000.98,-0008.79,-0004.88,+0001.07,-0005.13,-0008.88
+1580602265.69,+0005.86,-0009.77,-0001.95,+0002.07,+0002.53,-0010.41
+1580602265.70,-0006.84,-0008.79,+0000.98,-0002.14,+0002.76,-0011.87
+1580602265.70,-0002.93,-0006.84,+0002.93,+0001.38,-0000.38,-0021.74
+1580602265.71,+0002.93,-0007.81,+0002.93,-0001.99,-0005.05,-0007.58
+1580602265.71,+0006.84,-0008.79,+0000.00,+0004.13,+0000.84,-0011.41
+1580602265.72,-0003.91,-0009.77,+0000.00,+0005.44,-0001.45,-0009.95
+1580602265.72,-0001.95,-0007.81,+0001.95,-0001.07,-0002.53,-0008.58
+1580602265.73,+0007.81,-0008.79,+0003.91,+0003.14,+0000.15,-0011.33
+1580602265.73,-0000.98,-0007.81,+0004.88,+0001.45,+0001.15,-0010.80
+1580602265.74,+0000.98,-0006.84,+0005.86,+0003.37,+0000.08,-0012.02
+1580602265.74,+0003.91,-0006.84,+0005.86,-0001.91,-0001.45,-0008.88
+1580602265.75,+0003.91,-0008.79,+0005.86,+0001.53,-0000.23,-0007.89
+1580602265.75,-0000.98,-0007.81,+0004.88,-0000.69,-0000.38,-0011.87
+1580602265.76,+0003.91,-0007.81,+0004.88,+0004.90,-0001.53,-0011.41
+1580602265.76,+0007.81,-0007.81,+0005.86,-0003.14,+0001.45,-0007.96
+1580602265.77,-0000.98,-0007.81,+0006.84,+0005.13,-0001.53,-0012.02
+1580602265.77,+0006.84,-0006.84,+0009.77,+0005.36,+0003.75,-0010.49
+1580602265.78,+0001.95,-0004.88,+0009.77,-0003.68,-0000.92,-0008.96
+1580602265.78,+0000.00,-0008.79,+0008.79,+0004.90,-0002.45,-0005.21
+1580602265.79,+0001.95,-0004.88,+0007.81,+0001.15,+0002.37,-0013.09
+1580602265.79,-0003.91,-0007.81,+0007.81,+0004.29,-0000.61,-0009.19
+1580602265.80,+0000.98,-0004.88,+0008.79,-0003.06,+0000.54,-0012.79
+1580602265.80,-0002.93,-0006.84,+0008.79,+0000.61,+0001.68,-0012.02
+1580602265.81,-0000.98,-0005.86,+0008.79,+0001.07,+0003.83,-0012.71
+1580602265.81,-0009.77,-0006.84,+0008.79,-0001.61,-0000.46,-0010.49
+1580602265.82,-0005.86,-0006.84,+0009.77,+0001.23,-0003.60,-0009.26
+1580602265.82,+0000.00,-0005.86,+0009.77,-0001.68,+0002.30,-0011.25
+1580602265.83,-0006.84,-0006.84,+0008.79,+0000.54,+0001.53,-0008.80
+1580602265.83,-0008.79,-0005.86,+0008.79,-0001.23,-0002.76,-0010.64
+1580602265.84,-0001.95,-0007.81,+0008.79,-0001.30,-0004.52,-0008.35
+1580602265.84,-0001.95,-0005.86,+0007.81,-0002.60,-0000.15,-0012.10
+1580602265.85,-0011.72,-0007.81,+0007.81,+0003.06,-0005.67,-0008.19
+1580602265.85,+0002.93,-0002.93,+0008.79,+0000.31,-0003.60,-0011.79
+1580602265.86,+0001.95,-0006.84,+0009.77,-0002.68,+0001.84,-0008.12
+1580602265.86,-0004.88,-0004.88,+0009.77,-0001.76,-0004.06,-0006.20
+1580602265.87,+0000.00,-0004.88,+0009.77,+0004.06,+0000.77,-0012.10
+1580602265.87,+0000.00,-0004.88,+0010.74,-0002.53,-0002.14,-0010.18
+1580602265.88,+0000.00,-0005.86,+0010.74,+0000.31,+0005.28,-0017.15
+1580602265.88,-0006.84,-0003.91,+0011.72,-0003.22,-0006.97,-0013.32
+1580602265.89,+0010.74,-0005.86,+0013.67,+0002.37,-0007.43,-0000.69
+1580602265.89,+0000.98,-0002.93,+0011.72,+0005.21,+0012.17,-0020.67
+1580602265.90,-0011.72,-0006.84,+0011.72,+0009.57,-0003.29,-0008.42
+1580602265.90,+0008.79,+0000.00,+0010.74,-0004.36,-0003.14,-0017.92
+1580602265.91,+0003.91,-0007.81,+0010.74,+0002.53,+0002.91,-0006.58
+1580602265.91,+0000.00,-0002.93,+0012.70,-0000.61,-0001.38,-0013.32
+1580602265.92,-0002.93,-0003.91,+0013.67,+0002.45,-0002.53,-0008.42
+1580602265.92,+0007.81,-0000.98,+0014.65,-0000.23,+0000.92,-0011.48
+1580602265.93,-0001.95,-0003.91,+0013.67,+0002.30,+0003.75,-0015.01
+1580602265.93,+0000.98,-0002.93,+0012.70,+0001.38,-0001.30,-0007.58
+1580602265.94,+0005.86,-0001.95,+0011.72,+0000.77,+0004.67,-0016.23
+1580602265.94,-0004.88,-0004.88,+0012.70,+0000.00,-0002.30,-0010.57
+1580602265.95,+0007.81,-0001.95,+0014.65,+0000.77,+0003.14,-0012.79
+1580602265.95,+0002.93,-0000.98,+0015.62,+0000.77,-0000.31,-0008.73
+1580602265.96,+0000.98,-0001.95,+0016.60,+0001.23,-0005.05,-0001.99
+1580602265.96,+0001.95,+0000.98,+0016.60,+0003.52,+0006.35,-0016.08
+1580602265.97,-0001.95,-0001.95,+0016.60,+0006.20,-0001.68,-0008.12
+1580602265.97,+0006.84,+0001.95,+0014.65,-0000.77,+0000.46,-0014.78
+1580602265.98,-0001.95,-0000.98,+0014.65,+0001.30,-0001.53,-0005.67
+1580602265.98,+0001.95,+0001.95,+0016.60,+0003.98,-0001.84,-0007.04
+1580602265.99,+0000.98,+0000.98,+0017.58,+0001.76,+0000.92,-0007.27
+1580602265.99,-0003.91,+0001.95,+0017.58,+0000.92,+0001.45,-0010.41
+1580602266.00,-0000.98,+0001.95,+0018.55,-0000.92,-0002.91,-0009.19
+1580602266.00,+0001.95,+0003.91,+0018.55,+0000.46,+0004.29,-0011.64
+1580602266.01,-0005.86,+0002.93,+0019.53,+0000.31,-0002.76,-0006.28
+1580602266.01,-0002.93,+0003.91,+0019.53,+0005.13,+0001.61,-0009.26
+1580602266.02,-0008.79,+0003.91,+0018.55,-0001.53,+0003.29,-0010.72
+1580602266.02,-0007.81,+0004.88,+0019.53,+0001.30,-0000.84,-0010.95
+1580602266.03,+0000.00,+0005.86,+0018.55,+0000.08,+0000.23,-0010.87
+1580602266.03,-0005.86,+0004.88,+0019.53,+0001.61,+0001.53,-0011.41
+1580602266.04,-0006.84,+0005.86,+0020.51,+0000.84,-0004.21,-0005.74
+1580602266.04,+0000.98,+0006.84,+0020.51,+0002.22,+0002.60,-0011.94
+1580602266.05,-0006.84,+0006.84,+0020.51,-0000.15,+0001.23,-0009.80
+1580602266.05,-0001.95,+0006.84,+0020.51,-0000.84,-0002.99,-0006.89
+1580602266.06,+0000.98,+0008.79,+0020.51,-0001.30,-0001.30,-0012.17
+1580602266.06,+0003.91,+0007.81,+0020.51,+0002.76,-0001.07,-0010.57
+1580602266.07,+0001.95,+0008.79,+0019.53,-0000.61,+0002.07,-0012.63
+1580602266.07,-0001.95,+0007.81,+0020.51,+0002.68,-0002.99,-0010.18
+1580602266.08,+0008.79,+0010.74,+0022.46,-0001.68,+0001.00,-0007.43
+1580602266.08,+0001.95,+0009.77,+0022.46,+0003.06,+0001.76,-0011.87
+1580602266.09,-0001.95,+0009.77,+0022.46,-0000.38,-0003.68,-0006.20
+1580602266.09,+0002.93,+0012.70,+0023.44,-0002.91,+0000.46,-0012.17
+1580602266.10,+0001.95,+0009.77,+0023.44,+0001.15,-0000.46,-0010.57
+1580602266.10,+0004.88,+0011.72,+0022.46,-0001.07,-0000.15,-0011.25
+1580602266.11,-0002.93,+0010.74,+0021.48,+0000.46,-0004.52,-0011.10
+1580602266.11,+0004.88,+0010.74,+0021.48,+0001.61,+0000.15,-0008.42
+1580602266.12,+0004.88,+0011.72,+0020.51,+0001.15,+0003.29,-0014.32
+1580602266.12,-0003.91,+0009.77,+0019.53,+0000.54,-0001.38,-0009.19
+1580602266.13,+0008.79,+0012.70,+0020.51,-0000.15,+0001.23,-0009.80
+1580602266.13,+0004.88,+0010.74,+0019.53,+0001.84,+0003.06,-0008.96
+1580602266.14,-0002.93,+0011.72,+0019.53,-0000.54,-0001.91,-0008.42
+1580602266.14,+0005.86,+0013.67,+0019.53,+0000.46,-0001.99,-0011.41
+1580602266.15,+0008.79,+0012.70,+0019.53,-0000.77,+0004.29,-0009.49
+1580602266.15,-0002.93,+0010.74,+0017.58,-0000.08,+0000.31,-0014.01
+1580602266.16,+0003.91,+0011.72,+0017.58,-0001.53,-0006.89,-0007.27
+1580602266.16,+0006.84,+0012.70,+0016.60,-0001.76,+0001.76,-0008.96
+1580602266.17,-0003.91,+0009.77,+0014.65,+0004.82,-0002.30,-0008.58
+1580602266.17,+0002.93,+0012.70,+0015.62,-0001.91,-0001.68,-0005.82
+1580602266.18,+0001.95,+0011.72,+0016.60,+0000.69,+0000.31,-0009.65
+1580602266.18,-0005.86,+0010.74,+0016.60,-0001.68,-0003.37,-0006.89
+1580602266.19,+0003.91,+0012.70,+0016.60,+0002.37,-0001.38,-0010.72
+1580602266.19,+0000.98,+0010.74,+0014.65,-0003.06,+0002.14,-0007.89
+1580602266.20,-0007.81,+0010.74,+0013.67,-0003.68,-0003.90,-0008.88
+1580602266.20,+0001.95,+0011.72,+0013.67,+0001.84,+0000.08,-0009.95
+1580602266.21,+0001.95,+0011.72,+0013.67,-0002.76,+0001.61,-0009.42
+1580602266.21,-0003.91,+0010.74,+0012.70,-0000.54,+0000.46,-0008.50
+1580602266.22,-0004.88,+0012.70,+0012.70,-0002.14,-0001.07,-0008.42
+1580602266.22,-0004.88,+0010.74,+0011.72,+0001.53,+0000.23,-0009.65
+1580602266.23,+0001.95,+0010.74,+0010.74,+0000.38,-0003.22,-0006.81
+1580602266.23,-0005.86,+0011.72,+0009.77,-0003.68,-0002.60,-0009.88
+1580602266.24,-0003.91,+0009.77,+0009.77,+0001.45,-0002.45,-0005.21
+1580602266.24,+0000.98,+0012.70,+0008.79,+0000.54,+0002.22,-0014.55
+1580602266.25,-0006.84,+0009.77,+0009.77,-0000.46,+0001.23,-0007.04
+1580602266.25,-0000.98,+0012.70,+0009.77,-0000.92,-0002.45,-0013.40
+1580602266.26,+0002.93,+0010.74,+0010.74,+0000.69,+0000.61,-0011.18
+1580602266.26,-0003.91,+0011.72,+0009.77,-0001.23,+0002.14,-0011.33
+1580602266.27,-0004.88,+0010.74,+0009.77,-0000.15,-0001.61,-0009.65
+1580602266.27,+0002.93,+0011.72,+0008.79,-0002.53,+0002.07,-0012.10
+1580602266.28,-0000.98,+0009.77,+0006.84,-0001.00,-0001.15,-0011.25
+1580602266.28,+0000.00,+0010.74,+0004.88,+0000.38,-0000.23,-0006.89
+1580602266.29,-0003.91,+0009.77,+0003.91,-0001.38,-0002.91,-0008.96
+1580602266.29,+0002.93,+0007.81,+0005.86,+0003.06,-0001.38,-0006.89
+1580602266.30,+0000.00,+0011.72,+0006.84,+0000.00,+0005.59,-0016.69
+1580602266.30,-0002.93,+0007.81,+0005.86,+0005.51,-0000.38,-0014.16
+1580602266.31,+0003.91,+0010.74,+0005.86,-0005.67,-0000.54,-0013.09
+1580602266.31,+0000.98,+0005.86,+0004.88,+0000.69,+0001.15,-0007.96
+1580602266.32,-0000.98,+0008.79,+0003.91,-0001.84,+0000.69,-0010.49
+1580602266.32,-0001.95,+0006.84,+0003.91,+0001.76,-0001.91,-0011.87
+1580602266.33,+0003.91,+0006.84,+0002.93,-0001.99,+0001.76,-0011.33
+1580602266.33,+0002.93,+0006.84,+0002.93,+0000.61,-0001.00,-0008.96
+1580602266.34,+0000.00,+0006.84,+0001.95,-0002.68,+0001.61,-0006.35
+1580602266.34,+0000.00,+0005.86,+0000.00,+0002.83,+0002.91,-0013.93
+1580602266.35,-0002.93,+0005.86,+0000.98,-0002.45,-0001.68,-0009.57
+1580602266.35,+0007.81,+0006.84,+0000.98,+0002.60,-0003.98,-0009.72
+1580602266.36,+0005.86,+0006.84,+0000.00,+0000.23,-0000.46,-0005.13
+1580602266.36,-0003.91,+0005.86,+0000.98,+0002.30,+0002.91,-0007.50
+1580602266.37,-0002.93,+0006.84,+0000.98,-0002.60,-0003.29,-0009.80
+1580602266.37,+0006.84,+0005.86,+0001.95,-0001.00,+0003.45,-0005.13
+1580602266.38,+0000.98,+0005.86,-0000.98,-0003.37,+0006.43,-0009.72
+1580602266.38,-0014.65,+0004.88,-0000.98,+0000.15,+0000.08,-0015.77
+1580602266.39,+0002.93,+0004.88,-0000.98,-0004.59,-0008.50,-0008.58
+1580602266.39,+0006.84,+0005.86,-0000.98,-0003.83,+0005.13,-0012.10
+1580602266.40,-0015.62,+0001.95,-0001.95,+0002.45,-0004.36,-0007.43
+1580602266.40,-0000.98,+0006.84,-0000.98,+0000.84,-0001.45,-0013.40
+1580602266.41,+0000.98,+0002.93,-0001.95,-0003.98,+0002.22,-0009.49
+1580602266.41,-0006.84,+0002.93,-0002.93,+0001.61,+0001.84,-0011.03
+1580602266.42,-0008.79,+0004.88,-0003.91,-0002.14,-0004.75,-0009.11
+1580602266.42,+0000.98,+0003.91,-0002.93,+0004.29,-0000.77,-0010.64
+1580602266.43,-0005.86,+0002.93,-0003.91,+0000.61,-0004.75,-0010.11
+1580602266.43,-0004.88,+0002.93,-0003.91,+0001.91,-0002.60,-0004.06
+1580602266.44,+0000.00,+0005.86,-0002.93,+0000.38,+0005.51,-0018.15
+1580602266.44,-0006.84,+0001.95,-0001.95,-0003.60,-0004.98,-0006.74
+1580602266.45,+0003.91,+0004.88,-0001.95,-0005.82,-0000.84,-0008.27
+1580602266.45,+0001.95,+0002.93,-0001.95,+0004.44,+0002.14,-0011.10
+1580602266.46,-0004.88,+0004.88,-0003.91,-0003.22,-0002.14,-0007.58
+1580602266.46,-0001.95,+0004.88,-0003.91,+0000.46,+0001.45,-0016.69
+1580602266.47,-0003.91,+0003.91,-0003.91,-0001.30,-0004.36,-0010.80
+1580602266.47,+0009.77,+0005.86,-0002.93,+0004.13,-0001.30,-0007.12
+1580602266.48,+0000.00,+0004.88,-0002.93,-0004.21,+0003.45,-0008.73
+1580602266.48,-0011.72,+0004.88,-0001.95,-0003.98,-0007.35,-0007.58
+1580602266.49,+0006.84,+0005.86,-0001.95,+0005.67,+0001.84,-0015.70
+1580602266.49,+0004.88,+0004.88,-0003.91,-0004.75,-0000.69,-0008.35
+1580602266.50,-0000.98,+0002.93,-0006.84,-0000.46,-0002.83,-0010.64
+1580602266.50,+0001.95,+0005.86,-0006.84,+0003.14,-0000.84,-0010.57
+1580602266.51,+0004.88,+0004.88,-0005.86,+0000.77,+0001.53,-0013.78
+1580602266.51,+0000.00,+0002.93,-0004.88,-0000.54,-0003.45,-0009.95
+1580602266.52,+0006.84,+0006.84,-0003.91,-0000.61,+0000.15,-0009.42
+1580602266.52,+0003.91,+0004.88,-0003.91,-0000.54,+0001.53,-0011.71
+1580602266.53,+0001.95,+0004.88,-0003.91,-0000.15,-0001.23,-0011.10
+1580602266.53,+0006.84,+0003.91,-0004.88,-0001.30,-0000.84,-0010.26
+1580602266.54,+0004.88,+0001.95,-0006.84,-0001.00,+0001.61,-0007.27
+1580602266.54,+0000.98,+0001.95,-0006.84,+0000.23,+0000.92,-0010.18
+1580602266.55,-0000.98,+0000.98,-0006.84,-0002.91,-0002.91,-0008.65
+1580602266.55,+0003.91,+0000.98,-0006.84,-0002.91,-0000.23,-0010.72
+1580602266.56,-0000.98,+0000.00,-0007.81,-0000.23,+0000.38,-0010.34
+1580602266.56,+0000.98,+0000.98,-0008.79,+0000.46,-0001.99,-0007.50
+1580602266.57,+0000.98,-0000.98,-0006.84,+0000.84,-0003.68,-0004.90
+1580602266.57,+0001.95,-0000.98,-0006.84,+0001.07,+0005.05,-0007.89
+1580602266.58,-0006.84,+0000.98,-0008.79,-0002.91,+0000.77,-0014.62
+1580602266.58,-0003.91,-0002.93,-0011.72,-0002.83,-0006.28,-0008.04
+1580602266.59,+0003.91,-0000.98,-0012.70,-0006.28,-0001.45,-0008.73
+1580602266.59,-0003.91,-0003.91,-0012.70,+0004.06,-0000.61,-0006.12
+1580602266.60,-0004.88,-0000.98,-0012.70,-0003.52,-0000.15,-0007.81
+1580602266.60,-0001.95,-0002.93,-0012.70,-0001.99,-0000.77,-0010.57
+1580602266.61,-0002.93,-0002.93,-0014.65,-0003.45,+0000.77,-0011.41
+1580602266.61,+0000.00,-0003.91,-0015.62,-0000.31,-0002.45,-0006.66
+1580602266.62,-0004.88,-0002.93,-0016.60,+0000.00,+0003.14,-0011.87
+1580602266.62,-0008.79,-0004.88,-0015.62,+0001.15,-0002.99,-0010.72
+1580602266.63,-0002.93,-0003.91,-0015.62,-0000.61,-0000.61,-0012.02
+1580602266.63,+0000.00,-0004.88,-0015.62,-0000.77,+0000.31,-0010.95
+1580602266.64,-0001.95,-0002.93,-0016.60,-0001.61,-0002.76,-0008.42
+1580602266.64,-0001.95,-0003.91,-0016.60,+0000.15,+0000.23,-0011.56
+1580602266.65,-0001.95,-0004.88,-0015.62,-0000.69,-0001.99,-0009.65
+1580602266.65,+0000.98,-0003.91,-0015.62,+0001.15,-0002.14,-0010.87
+1580602266.66,+0001.95,-0002.93,-0014.65,-0000.31,+0001.23,-0007.96
+1580602266.66,-0001.95,-0002.93,-0015.62,-0000.08,+0000.23,-0014.47
+1580602266.67,+0001.95,-0004.88,-0014.65,-0003.29,-0007.12,-0004.21
+1580602266.67,+0003.91,-0001.95,-0015.62,+0004.90,+0006.66,-0014.55
+1580602266.68,-0006.84,-0005.86,-0014.65,+0004.06,-0001.00,-0011.87
+1580602266.68,+0005.86,-0000.98,-0013.67,-0004.13,-0003.90,-0012.71
+1580602266.69,+0006.84,-0004.88,-0014.65,+0001.84,+0003.68,-0011.03
+1580602266.69,-0002.93,-0001.95,-0015.62,-0003.52,-0001.53,-0013.17
+1580602266.70,+0002.93,-0002.93,-0014.65,+0002.91,-0001.00,-0010.11
+1580602266.70,+0004.88,-0002.93,-0014.65,-0002.83,+0001.84,-0011.33
+1580602266.71,-0001.95,-0002.93,-0014.65,-0000.08,+0001.53,-0010.95
+1580602266.71,+0004.88,-0000.98,-0014.65,+0001.07,+0001.23,-0012.33
+1580602266.72,+0006.84,-0002.93,-0013.67,+0001.68,-0002.76,-0009.88
+1580602266.72,+0005.86,-0002.93,-0012.70,-0002.14,-0001.84,-0004.90
+1580602266.73,+0002.93,-0000.98,-0012.70,-0001.30,-0001.00,-0004.75
+1580602266.73,+0000.98,-0002.93,-0012.70,+0003.68,+0001.99,-0010.41
+1580602266.74,-0000.98,-0000.98,-0013.67,-0002.76,-0000.77,-0017.30
+1580602266.74,+0010.74,-0001.95,-0013.67,+0001.45,-0006.20,-0002.07
+1580602266.75,+0000.98,+0000.00,-0014.65,-0002.83,-0000.54,-0006.43
+1580602266.75,-0006.84,-0002.93,-0011.72,+0006.58,-0000.92,-0005.05
+1580602266.76,-0000.98,+0000.98,-0010.74,-0003.29,-0000.77,-0012.02
+1580602266.76,-0002.93,-0001.95,-0010.74,+0000.92,-0002.14,-0007.35
+1580602266.77,-0001.95,+0000.00,-0010.74,-0004.36,+0000.77,-0008.96
+1580602266.77,-0005.86,-0000.98,-0011.72,+0000.84,+0003.22,-0014.47
+1580602266.78,-0005.86,-0000.98,-0011.72,-0003.90,-0003.68,-0008.35
+1580602266.78,+0001.95,+0000.00,-0011.72,-0001.53,+0004.06,-0013.70
+1580602266.79,-0010.74,-0000.98,-0011.72,-0000.08,-0001.53,-0006.58
+1580602266.79,-0003.91,+0000.00,-0011.72,+0003.75,-0003.52,-0007.50
+1580602266.80,-0001.95,+0000.00,-0011.72,-0001.53,-0000.46,-0010.26
+1580602266.80,-0005.86,+0000.00,-0010.74,+0000.77,-0003.37,-0009.19
+1580602266.81,+0000.98,+0000.98,-0010.74,-0000.61,+0000.00,-0012.94
+1580602266.81,-0000.98,-0000.98,-0010.74,-0003.14,+0000.00,-0010.72
+1580602266.82,-0002.93,-0000.98,-0011.72,-0000.84,-0000.23,-0008.73
+1580602266.82,+0000.00,+0000.00,-0012.70,+0000.92,-0001.45,-0011.64
+1580602266.83,+0000.00,-0001.95,-0011.72,-0000.08,-0001.30,-0005.90
+1580602266.83,-0004.88,-0000.98,-0010.74,-0002.99,-0003.90,-0010.49
+1580602266.84,+0000.00,-0000.98,-0009.77,+0002.14,-0001.23,-0007.96
+1580602266.84,+0003.91,+0000.98,-0009.77,-0000.84,+0000.92,-0010.95
+1580602266.85,-0006.84,-0000.98,-0010.74,-0001.07,+0004.59,-0011.87
+1580602266.85,-0002.93,+0000.00,-0010.74,+0002.22,-0001.30,-0010.57
+1580602266.86,+0000.00,-0000.98,-0008.79,-0000.38,+0002.68,-0007.27
+1580602266.86,-0005.86,-0000.98,-0008.79,-0002.14,-0000.08,-0008.88
+1580602266.87,+0001.95,-0000.98,-0009.77,-0000.54,-0001.00,-0013.48
+1580602266.87,-0002.93,-0001.95,-0009.77,-0002.99,-0002.91,-0016.84
+1580602266.88,+0000.00,-0003.91,-0008.79,+0003.90,-0002.99,-0013.86
+1580602266.88,+0008.79,-0002.93,-0008.79,-0001.76,-0001.00,-0014.93
+1580602266.89,+0003.91,-0004.88,-0010.74,+0001.00,+0001.23,-0007.35
+1580602266.89,-0001.95,-0002.93,-0010.74,-0002.60,-0002.91,-0011.03
+1580602266.90,+0005.86,-0004.88,-0008.79,+0003.60,-0003.60,-0007.96
+1580602266.90,+0010.74,-0003.91,-0008.79,-0001.53,+0000.08,-0007.04
+1580602266.91,-0000.98,-0005.86,-0008.79,-0001.07,-0000.84,-0007.27
+1580602266.91,-0000.98,-0004.88,-0009.77,+0000.08,+0001.30,-0013.32
+1580602266.92,+0002.93,-0007.81,-0009.77,-0000.23,-0000.38,-0009.95
+1580602266.92,+0003.91,-0007.81,-0010.74,+0001.30,+0001.61,-0010.72
+1580602266.93,+0000.00,-0007.81,-0009.77,+0000.23,-0001.53,-0009.88
+1580602266.93,+0000.98,-0009.77,-0008.79,+0000.92,+0000.00,-0006.66
+1580602266.94,-0000.98,-0008.79,-0006.84,+0001.76,+0002.14,-0009.95
+1580602266.94,-0000.98,-0008.79,-0005.86,+0001.61,-0001.99,-0009.11
+1580602266.95,+0004.88,-0009.77,-0004.88,-0001.38,-0000.08,-0007.04
+1580602266.95,+0001.95,-0010.74,-0004.88,+0000.15,+0001.30,-0006.43
+1580602266.96,-0005.86,-0011.72,-0006.84,-0000.69,-0003.37,-0008.35
+1580602266.96,+0002.93,-0011.72,-0006.84,+0000.00,+0001.00,-0008.73
+1580602266.97,-0000.98,-0012.70,-0006.84,-0000.15,+0004.44,-0013.55
+1580602266.97,-0005.86,-0013.67,-0006.84,-0000.54,-0002.22,-0012.94
+1580602266.98,+0002.93,-0012.70,-0006.84,-0001.45,+0001.15,-0011.71
+1580602266.98,+0000.00,-0015.62,-0006.84,+0002.68,+0000.08,-0007.66
+1580602266.99,-0001.95,-0013.67,-0004.88,+0001.30,-0000.84,-0004.82
+1580602266.99,-0005.86,-0013.67,-0003.91,-0000.46,+0000.92,-0013.86
+1580602267.00,-0006.84,-0014.65,-0001.95,-0000.54,-0003.37,-0009.88
+1580602267.00,+0005.86,-0013.67,-0003.91,+0000.08,-0000.31,-0010.11
+1580602267.01,-0004.88,-0016.60,-0005.86,-0000.77,+0003.06,-0011.64
+1580602267.01,-0007.81,-0016.60,-0005.86,+0002.14,-0001.76,-0008.19
+1580602267.02,+0000.98,-0016.60,-0004.88,+0002.76,+0000.23,-0012.86
+1580602267.02,-0005.86,-0016.60,-0002.93,+0001.00,+0003.29,-0015.01
+1580602267.03,+0000.00,-0015.62,-0000.98,+0002.07,+0001.30,-0007.96
+1580602267.03,+0001.95,-0014.65,-0000.98,-0001.00,+0005.67,-0014.55
+1580602267.04,-0011.72,-0018.55,-0001.95,+0000.46,-0003.14,-0006.58
+1580602267.04,+0000.98,-0014.65,-0000.98,+0001.68,-0003.98,-0009.03
+1580602267.05,+0000.98,-0015.62,-0000.98,-0000.69,+0002.91,-0005.74
+1580602267.05,-0008.79,-0016.60,-0000.98,-0001.00,-0000.08,-0010.18
+1580602267.06,-0001.95,-0014.65,+0000.00,+0001.76,-0000.31,-0013.02
+1580602267.06,+0000.98,-0015.62,+0000.00,+0000.38,-0002.83,-0013.86
+1580602267.07,+0001.95,-0015.62,+0001.95,+0002.30,-0000.46,-0010.26
+1580602267.07,+0000.98,-0012.70,+0002.93,-0000.38,-0000.31,-0014.85
+1580602267.08,+0002.93,-0012.70,+0002.93,+0001.38,-0004.59,-0012.48
+1580602267.08,+0022.46,-0013.67,+0005.86,+0001.76,-0001.91,-0001.99
+1580602267.09,+0017.58,-0010.74,+0007.81,-0003.45,+0001.38,+0006.66
+1580602267.09,-0002.93,-0011.72,+0006.84,+0002.83,+0010.87,-0003.68
+1580602267.10,-0029.30,-0009.77,+0006.84,-0000.23,+0009.72,-0032.31
+1580602267.10,+0016.60,-0009.77,+0008.79,+0016.31,+0006.43,-0011.71
+1580602267.11,+0022.46,-0005.86,+0001.95,-0017.07,+0004.13,-0017.61
+1580602267.11,-0029.30,-0021.48,+0002.93,-0004.52,+0005.67,-0015.31
+1580602267.12,-0000.98,-0000.98,+0006.84,-0004.59,-0000.08,-0024.35
+1580602267.12,+0008.79,-0009.77,+0009.77,+0001.68,+0001.91,+0000.69
+1580602267.13,+0004.88,-0007.81,+0011.72,+0000.54,+0001.00,+0001.00
+1580602267.13,-0012.70,-0005.86,+0011.72,+0001.23,+0001.91,-0006.35
+1580602267.14,-0007.81,-0002.93,+0012.70,-0003.06,-0002.30,-0003.98
+1580602267.14,+0003.91,-0004.88,+0010.74,+0001.23,+0006.20,-0012.86
+1580602267.15,-0006.84,-0005.86,+0008.79,-0004.59,-0002.91,-0003.90
+1580602267.15,-0002.93,-0002.93,+0007.81,-0000.84,+0004.52,-0020.06
+1580602267.16,-0009.77,-0002.93,+0009.77,-0000.08,-0006.58,-0012.02
+1580602267.16,+0008.79,-0001.95,+0012.70,+0003.60,-0005.05,-0003.75
+1580602267.17,-0000.98,+0000.00,+0011.72,+0001.30,+0008.80,-0014.39
+1580602267.17,-0019.53,+0000.00,+0012.70,+0002.37,-0006.74,-0007.73
+1580602267.18,+0004.88,+0002.93,+0012.70,+0001.53,+0000.46,-0013.09
+1580602267.18,+0000.98,+0002.93,+0010.74,+0002.14,+0006.05,-0015.31
+1580602267.19,-0007.81,-0001.95,+0009.77,+0004.82,+0001.76,-0011.10
+1580602267.19,-0004.88,+0005.86,+0010.74,-0003.68,+0002.14,-0017.15
+1580602267.20,-0005.86,+0002.93,+0011.72,-0000.69,-0003.14,-0001.68
+1580602267.20,+0000.98,+0004.88,+0010.74,+0001.76,+0001.45,-0013.25
+1580602267.21,-0011.72,+0003.91,+0007.81,+0002.60,-0001.45,-0008.73
+1580602267.21,-0007.81,+0006.84,+0007.81,-0000.61,-0000.92,-0017.07
+1580602267.22,-0000.98,+0004.88,+0008.79,+0000.46,-0000.38,-0014.24
+1580602267.22,-0003.91,+0005.86,+0009.77,+0000.00,+0000.92,-0008.12
+1580602267.23,-0004.88,+0007.81,+0010.74,+0000.54,-0001.15,-0016.23
+1580602267.23,+0001.95,+0007.81,+0010.74,-0002.83,-0007.96,-0001.07
+1580602267.24,+0004.88,+0009.77,+0008.79,+0002.53,+0006.58,-0009.72
+1580602267.24,-0012.70,+0005.86,+0006.84,+0005.21,-0001.99,-0009.65
+1580602267.25,+0002.93,+0011.72,+0008.79,-0004.13,-0003.14,-0013.86
+1580602267.25,+0007.81,+0007.81,+0007.81,-0000.61,+0001.07,-0010.34
+1580602267.26,+0000.98,+0008.79,+0007.81,-0000.92,-0000.61,-0009.26
+1580602267.26,-0002.93,+0007.81,+0006.84,-0000.31,-0001.99,-0010.11
+1580602267.27,+0000.98,+0009.77,+0007.81,+0000.92,-0000.15,-0012.63
+1580602267.27,+0002.93,+0008.79,+0007.81,-0001.68,+0000.15,-0012.17
+1580602267.28,+0008.79,+0009.77,+0007.81,-0002.99,-0001.99,-0000.23
+1580602267.28,+0007.81,+0009.77,+0005.86,+0003.68,+0009.11,-0012.56
+1580602267.29,-0015.62,+0009.77,+0004.88,-0006.58,-0003.90,-0013.09
+1580602267.29,+0003.91,+0011.72,+0006.84,+0005.74,-0001.99,-0015.47
+1580602267.30,+0009.77,+0009.77,+0006.84,+0000.84,+0003.68,-0011.41
+1580602267.30,-0005.86,+0007.81,+0004.88,-0001.68,+0001.15,-0005.74
+1580602267.31,-0011.72,+0010.74,+0004.88,-0001.00,+0000.61,-0017.38
+1580602267.31,+0004.88,+0008.79,+0004.88,-0001.00,-0001.91,-0002.68
+1580602267.32,+0009.77,+0006.84,+0001.95,-0003.68,+0005.59,-0011.71
+1580602267.32,-0010.74,+0005.86,+0000.00,-0002.68,-0000.61,-0005.21
+1580602267.33,-0003.91,+0007.81,-0000.98,-0001.15,-0003.83,-0006.97
+1580602267.33,+0004.88,+0006.84,-0000.98,-0001.38,+0003.37,-0010.95
+1580602267.34,-0004.88,+0003.91,-0001.95,-0003.37,+0002.91,-0005.97
+1580602267.34,-0005.86,+0005.86,-0001.95,-0000.69,-0001.23,-0011.94
+1580602267.35,-0001.95,+0005.86,-0001.95,-0001.00,-0000.77,-0013.02
+1580602267.35,+0000.00,+0003.91,-0002.93,-0000.84,-0002.30,-0008.65
+1580602267.36,+0001.95,+0004.88,-0003.91,-0000.69,+0000.61,-0008.58
+1580602267.36,-0003.91,+0004.88,-0004.88,-0000.92,+0000.77,-0010.11
+1580602267.37,-0000.98,+0003.91,-0004.88,-0003.90,-0002.91,-0007.04
+1580602267.37,+0002.93,+0002.93,-0005.86,-0000.38,+0002.22,-0006.97
+1580602267.38,-0003.91,+0002.93,-0006.84,-0002.83,+0003.22,-0010.11
+1580602267.38,-0004.88,+0001.95,-0006.84,-0001.45,-0002.07,-0008.65
+1580602267.39,+0007.81,+0001.95,-0007.81,-0000.38,+0000.31,-0007.89
+1580602267.39,-0001.95,+0000.00,-0008.79,-0003.37,+0002.30,-0010.11
+1580602267.40,-0006.84,+0000.98,-0008.79,-0000.08,-0000.77,-0011.94
+1580602267.40,+0002.93,+0000.00,-0008.79,-0000.23,+0002.30,-0010.57
+1580602267.41,+0001.95,-0000.98,-0009.77,-0001.15,-0002.22,-0009.03
+1580602267.41,-0000.98,-0000.98,-0009.77,+0000.31,-0001.53,-0006.81
+1580602267.42,-0000.98,+0000.00,-0009.77,-0003.29,+0000.15,-0012.86
+1580602267.42,-0002.93,-0003.91,-0009.77,+0000.31,-0000.38,-0011.64
+1580602267.43,+0001.95,-0003.91,-0010.74,-0001.76,-0000.08,-0011.25
+1580602267.43,-0002.93,-0004.88,-0010.74,+0000.15,+0001.76,-0017.53
+1580602267.44,+0004.88,-0005.86,-0010.74,+0001.68,+0005.28,-0012.10
+1580602267.44,-0004.88,-0005.86,-0012.70,-0003.52,+0003.83,-0012.63
+1580602267.45,-0009.77,-0008.79,-0013.67,+0000.61,-0002.60,-0010.57
+1580602267.45,+0005.86,-0007.81,-0012.70,-0000.38,+0004.29,-0012.25
+1580602267.46,-0000.98,-0009.77,-0012.70,+0000.46,+0001.15,-0012.02
+1580602267.46,-0004.88,-0009.77,-0012.70,-0003.06,-0006.97,-0005.67
+1580602267.47,+0003.91,-0009.77,-0012.70,+0001.53,+0001.91,-0011.18
+1580602267.47,-0002.93,-0011.72,-0011.72,-0001.84,-0001.99,-0007.89
+1580602267.48,+0002.93,-0010.74,-0011.72,+0000.84,-0000.77,-0012.71
+1580602267.48,+0003.91,-0010.74,-0011.72,-0003.60,+0001.84,-0010.49
+1580602267.49,-0002.93,-0012.70,-0013.67,-0000.54,-0003.68,-0010.49
+1580602267.49,+0003.91,-0013.67,-0013.67,+0002.22,+0000.84,-0013.32
+1580602267.50,+0004.88,-0012.70,-0012.70,-0000.69,+0000.00,-0012.10
+1580602267.50,+0002.93,-0014.65,-0011.72,-0000.31,-0001.99,-0006.74
+1580602267.51,+0001.95,-0012.70,-0011.72,-0002.37,-0001.61,-0008.50
+1580602267.51,+0000.98,-0014.65,-0010.74,+0002.30,+0000.15,-0011.48
+1580602267.52,+0006.84,-0012.70,-0010.74,-0003.29,-0000.84,-0005.90
+1580602267.52,+0002.93,-0013.67,-0011.72,+0000.92,+0003.22,-0011.79
+1580602267.53,+0000.00,-0013.67,-0009.77,+0000.92,+0001.45,-0012.40
+1580602267.53,-0001.95,-0013.67,-0007.81,-0000.38,-0002.14,-0010.57
+1580602267.54,+0007.81,-0013.67,-0006.84,+0002.83,-0001.99,-0005.05
+1580602267.54,-0001.95,-0013.67,-0007.81,-0000.46,+0000.77,-0009.72
+1580602267.55,-0006.84,-0014.65,-0007.81,-0003.98,-0003.52,-0006.97
+1580602267.55,+0004.88,-0014.65,-0007.81,+0002.99,+0001.00,-0012.17
+1580602267.56,-0002.93,-0014.65,-0006.84,-0001.99,+0004.59,-0012.63
+1580602267.56,+0001.95,-0015.62,-0004.88,+0002.99,-0001.23,-0006.51
+1580602267.57,+0000.00,-0012.70,-0003.91,-0001.53,+0005.90,-0013.63
+1580602267.57,-0010.74,-0016.60,-0002.93,-0000.46,-0004.98,-0004.67
+1580602267.58,-0000.98,-0013.67,-0002.93,-0002.68,+0002.68,-0017.46
+1580602267.58,-0007.81,-0015.62,-0003.91,-0000.31,-0002.99,-0008.80
+1580602267.59,+0000.00,-0014.65,-0004.88,+0002.68,+0001.76,-0012.94
+1580602267.59,-0007.81,-0016.60,-0003.91,-0001.23,+0000.15,-0009.19
+1580602267.60,-0010.74,-0013.67,-0001.95,-0002.45,-0002.68,-0013.09
+1580602267.60,-0000.98,-0015.62,+0000.00,+0001.84,-0002.07,-0005.36
+1580602267.61,-0001.95,-0012.70,+0000.00,+0001.68,+0005.82,-0012.86
+1580602267.61,-0015.62,-0016.60,+0000.00,+0005.82,-0005.36,-0008.04
+1580602267.62,+0003.91,-0011.72,+0000.98,-0002.76,-0002.07,-0010.34
+1580602267.62,+0000.98,-0014.65,-0000.98,+0002.45,+0005.05,-0010.18
+1580602267.63,-0011.72,-0013.67,-0000.98,-0000.46,-0002.45,-0007.58
+1580602267.63,-0000.98,-0012.70,+0001.95,+0003.06,-0002.22,-0012.10
+1580602267.64,+0006.84,-0010.74,+0002.93,-0002.37,-0002.45,-0004.13
+1580602267.64,+0000.98,-0012.70,+0003.91,+0004.29,+0003.75,-0011.56
+1580602267.65,-0006.84,-0010.74,+0003.91,+0003.83,-0001.61,-0009.80
+1580602267.65,+0005.86,-0007.81,+0004.88,+0002.30,+0001.76,-0017.61
+1580602267.66,+0000.98,-0009.77,+0004.88,-0001.91,-0002.68,-0009.34
+1580602267.66,+0002.93,-0007.81,+0004.88,+0003.37,+0001.15,-0009.19
+1580602267.67,-0001.95,-0007.81,+0005.86,-0000.08,-0003.29,-0007.89
+1580602267.67,+0006.84,-0005.86,+0007.81,+0003.52,-0000.23,-0009.49
+1580602267.68,+0000.00,-0006.84,+0007.81,-0001.68,+0003.29,-0013.40
+1580602267.68,+0000.00,-0004.88,+0009.77,+0002.83,+0000.00,-0013.78
+1580602267.69,+0004.88,-0002.93,+0010.74,+0000.84,-0001.53,-0010.41
+1580602267.69,+0005.86,-0004.88,+0011.72,+0001.23,-0000.38,-0006.20
+1580602267.70,-0003.91,-0002.93,+0012.70,+0001.38,+0003.90,-0015.70
+1580602267.70,+0005.86,-0001.95,+0013.67,+0003.06,-0001.07,-0007.89
+1580602267.71,+0009.77,-0000.98,+0011.72,-0004.29,+0007.81,-0014.01
+1580602267.71,-0005.86,-0004.88,+0010.74,-0002.76,-0003.45,-0007.27
+1580602267.72,+0006.84,-0000.98,+0011.72,+0003.52,-0004.52,-0004.59
+1580602267.72,+0000.98,+0000.00,+0012.70,+0000.23,-0001.68,-0005.51
+1580602267.73,+0000.98,-0000.98,+0013.67,+0004.36,-0000.15,-0006.12
+1580602267.73,+0000.98,+0002.93,+0014.65,+0001.68,+0001.07,-0012.17
+1580602267.74,+0000.00,+0001.95,+0016.60,+0001.91,+0001.68,-0008.88
+1580602267.74,-0000.98,+0003.91,+0016.60,-0001.53,-0001.23,-0008.73
+1580602267.75,-0004.88,+0002.93,+0016.60,+0001.76,+0000.08,-0009.11
+1580602267.75,-0001.95,+0004.88,+0016.60,-0000.69,+0001.00,-0012.56
+1580602267.76,+0000.00,+0002.93,+0014.65,+0001.91,+0000.77,-0009.49
+1580602267.76,-0005.86,+0003.91,+0013.67,-0000.77,+0001.61,-0013.17
+1580602267.77,-0007.81,+0003.91,+0014.65,+0001.15,-0003.06,-0008.80
+1580602267.77,-0000.98,+0005.86,+0014.65,-0002.07,-0000.15,-0007.66
+1580602267.78,-0004.88,+0003.91,+0013.67,+0002.37,+0002.99,-0011.25
+1580602267.78,-0010.74,+0005.86,+0013.67,-0002.14,-0005.51,-0010.80
+1580602267.79,+0001.95,+0004.88,+0012.70,+0001.53,-0003.98,-0008.73
+1580602267.79,-0001.95,+0005.86,+0011.72,-0002.14,-0003.90,-0005.59
+1580602267.80,-0002.93,+0003.91,+0011.72,+0002.14,-0000.08,-0010.95
+1580602267.80,-0000.98,+0005.86,+0012.70,-0004.29,-0004.44,-0006.58
+1580602267.81,-0001.95,+0005.86,+0011.72,-0001.99,+0000.54,-0011.18
+1580602267.81,-0005.86,+0003.91,+0009.77,-0001.53,-0002.83,-0013.17
+1580602267.82,+0004.88,+0005.86,+0009.77,+0002.22,-0003.45,-0009.49
+1580602267.82,+0001.95,+0004.88,+0009.77,-0002.22,+0003.29,-0011.03
+1580602267.83,-0008.79,+0003.91,+0010.74,-0000.92,-0004.36,-0005.90
+1580602267.83,+0001.95,+0005.86,+0009.77,+0003.22,+0001.91,-0015.54
+1580602267.84,-0000.98,+0005.86,+0008.79,-0005.28,+0002.30,-0012.33
+1580602267.84,+0000.98,+0003.91,+0007.81,-0000.77,+0003.37,-0011.56
+1580602267.85,-0000.98,+0004.88,+0008.79,-0001.53,-0000.77,-0011.10
+1580602267.85,-0000.98,+0003.91,+0008.79,-0000.54,-0001.61,-0009.72
+1580602267.86,+0003.91,+0004.88,+0007.81,-0001.07,+0001.15,-0012.17
+1580602267.86,+0000.98,+0002.93,+0006.84,+0000.08,-0003.06,-0008.35
+1580602267.87,+0005.86,+0004.88,+0006.84,-0001.15,+0001.91,-0011.03
+1580602267.87,+0001.95,+0002.93,+0004.88,-0001.61,-0001.84,-0010.18
+1580602267.88,+0002.93,+0002.93,+0004.88,-0001.07,-0000.46,-0013.40
+1580602267.88,+0001.95,+0002.93,+0004.88,-0000.69,-0003.29,-0011.25
+1580602267.89,+0007.81,+0003.91,+0004.88,+0001.30,+0001.15,-0008.58
+1580602267.89,+0001.95,+0002.93,+0004.88,-0000.08,+0003.06,-0011.79
+1580602267.90,-0002.93,+0003.91,+0004.88,-0003.14,-0001.91,-0011.64
+1580602267.90,+0009.77,+0002.93,+0005.86,+0000.38,-0002.83,-0008.04
+1580602267.91,+0004.88,+0001.95,+0004.88,-0000.69,+0006.81,-0010.41
+1580602267.91,-0008.79,+0000.98,+0004.88,-0001.38,-0004.98,-0006.05
+1580602267.92,+0005.86,+0001.95,+0003.91,+0001.84,+0004.21,-0014.70
+1580602267.92,+0000.98,+0000.98,+0002.93,-0003.22,-0000.46,-0007.27
+1580602267.93,-0000.98,+0000.00,+0002.93,+0005.36,+0000.00,-0005.28
+1580602267.93,-0003.91,+0000.98,+0002.93,+0000.61,-0001.68,-0007.73
+1580602267.94,+0000.00,+0000.98,+0003.91,+0000.00,-0001.23,-0007.50
+1580602267.94,+0000.00,+0000.00,+0003.91,-0000.69,+0004.21,-0011.41
+1580602267.95,-0003.91,+0000.98,+0003.91,-0000.31,-0001.91,-0009.34
+1580602267.95,+0000.00,+0000.98,+0003.91,-0000.46,+0001.61,-0014.85
+1580602267.96,+0000.98,-0000.98,+0003.91,+0001.23,-0000.84,-0010.41
+1580602267.96,-0001.95,+0000.00,+0003.91,-0000.38,-0002.30,-0006.66
+1580602267.97,+0000.00,+0000.00,+0004.88,-0001.99,-0001.76,-0005.44
+1580602267.97,-0000.98,-0000.98,+0004.88,-0000.38,+0003.83,-0006.05
+1580602267.98,-0004.88,+0000.00,+0004.88,-0000.08,+0004.67,-0011.25
+1580602267.98,-0005.86,+0000.00,+0004.88,+0000.00,-0003.22,-0010.64
+1580602267.99,+0001.95,+0000.00,+0004.88,-0000.61,-0001.84,-0010.34
+1580602267.99,-0001.95,-0002.93,+0003.91,+0000.23,-0000.23,-0009.42
+1580602268.00,-0002.93,-0000.98,+0003.91,+0002.99,+0001.30,-0010.80
+1580602268.00,-0003.91,-0001.95,+0003.91,+0004.21,-0001.53,-0010.41
+1580602268.01,+0001.95,+0000.00,+0005.86,-0001.68,+0000.84,-0010.49
+1580602268.01,-0000.98,-0001.95,+0005.86,+0001.84,-0000.23,-0010.57
+1580602268.02,-0000.98,+0000.00,+0005.86,-0000.08,-0001.30,-0011.94
+1580602268.02,+0001.95,-0001.95,+0005.86,+0000.31,-0001.00,-0009.65
+1580602268.03,+0003.91,-0000.98,+0006.84,+0000.08,+0000.08,-0009.57
+1580602268.03,-0001.95,-0001.95,+0006.84,+0001.84,-0000.31,-0008.88
+1580602268.04,+0001.95,-0000.98,+0008.79,+0000.08,-0002.76,-0010.34
+1580602268.04,+0008.79,-0001.95,+0007.81,-0001.30,-0000.46,-0006.28
+1580602268.05,+0004.88,-0001.95,+0006.84,+0001.68,+0006.74,-0013.32
+1580602268.05,-0005.86,-0003.91,+0006.84,-0001.38,-0003.29,-0011.41
+1580602268.06,+0008.79,-0001.95,+0008.79,-0000.15,-0003.68,-0006.74
+1580602268.06,+0011.72,-0002.93,+0008.79,+0002.76,+0007.89,-0011.41
+1580602268.07,-0006.84,-0002.93,+0008.79,-0003.37,+0001.07,-0010.34
+1580602268.07,+0002.93,-0001.95,+0010.74,+0000.46,-0001.23,-0014.32
+1580602268.08,+0012.70,-0001.95,+0009.77,-0004.13,+0001.53,-0006.51
+1580602268.08,+0000.98,-0004.88,+0008.79,+0002.22,+0004.44,-0010.64
+1580602268.09,-0003.91,-0003.91,+0009.77,-0002.22,-0002.30,-0007.04
+1580602268.09,+0003.91,-0000.98,+0009.77,-0002.60,-0001.61,-0009.72
+1580602268.10,+0005.86,-0003.91,+0009.77,+0001.38,+0000.46,-0012.79
+1580602268.10,+0000.98,-0002.93,+0009.77,-0000.31,-0001.68,-0010.64
+1580602268.10,+0003.91,-0002.93,+0009.77,+0001.38,-0000.15,-0012.25
+1580602268.11,+0000.98,-0002.93,+0009.77,-0001.38,-0001.68,-0006.89
+1580602268.11,+0005.86,-0001.95,+0009.77,+0001.61,-0001.76,-0007.12
+1580602268.12,+0002.93,-0001.95,+0010.74,-0000.69,-0001.68,-0005.51
+1580602268.12,-0000.98,+0000.00,+0010.74,+0000.31,+0000.00,-0005.59
+1580602268.13,-0001.95,-0000.98,+0010.74,+0002.07,-0000.46,-0011.33
+1580602268.13,+0001.95,+0000.00,+0009.77,-0000.54,+0000.08,-0013.63
+1580602268.14,-0001.95,-0001.95,+0008.79,+0001.91,-0000.61,-0007.12
+1580602268.14,-0006.84,+0000.00,+0009.77,-0000.38,-0001.30,-0013.55
+1580602268.15,-0001.95,+0000.00,+0010.74,+0002.37,-0000.92,-0012.86
+1580602268.15,+0002.93,+0001.95,+0012.70,+0000.08,-0001.23,-0006.74
+1580602268.16,-0005.86,+0000.00,+0010.74,+0003.60,+0003.98,-0012.02
+1580602268.16,-0014.65,+0001.95,+0011.72,-0003.14,-0004.21,-0011.71
+1580602268.17,+0001.95,+0001.95,+0012.70,+0005.28,-0006.43,-0005.44
+1580602268.17,+0001.95,+0003.91,+0010.74,-0001.45,+0004.75,-0012.40
+1580602268.18,-0015.62,-0000.98,+0010.74,+0003.22,-0003.22,-0011.33
+1580602268.18,+0000.00,+0005.86,+0011.72,-0001.23,-0004.90,-0013.78
+1580602268.19,+0003.91,+0003.91,+0010.74,+0001.91,+0000.15,-0011.48
+1580602268.19,-0001.95,+0002.93,+0009.77,+0001.68,+0001.53,-0005.90
+1580602268.20,-0007.81,+0004.88,+0010.74,+0002.22,+0003.45,-0016.84
+1580602268.20,-0003.91,+0005.86,+0012.70,-0000.15,-0005.51,-0008.58
+1580602268.21,+0002.93,+0008.79,+0013.67,+0003.75,+0003.22,-0017.30
+1580602268.21,-0001.95,+0003.91,+0013.67,+0003.37,-0002.76,-0005.67
+1580602268.22,+0000.00,+0008.79,+0013.67,-0002.30,+0000.31,-0014.70
+1580602268.22,+0000.00,+0005.86,+0013.67,-0000.61,-0001.99,-0008.80
+1580602268.23,+0001.95,+0008.79,+0012.70,-0001.84,-0001.84,-0007.73
+1580602268.23,+0000.00,+0006.84,+0011.72,+0001.15,+0000.15,-0008.50
+1580602268.24,-0003.91,+0010.74,+0012.70,+0000.46,+0000.61,-0012.86
+1580602268.24,+0001.95,+0008.79,+0013.67,+0000.00,-0001.76,-0012.02
+1580602268.25,+0004.88,+0010.74,+0013.67,-0000.92,+0003.90,-0012.94
+1580602268.25,-0004.88,+0010.74,+0014.65,+0000.61,-0003.52,-0008.96
+1580602268.26,+0000.00,+0012.70,+0014.65,+0000.61,-0001.84,-0011.41
+1580602268.26,+0003.91,+0012.70,+0013.67,+0000.31,+0004.29,-0015.16
+1580602268.27,-0001.95,+0012.70,+0012.70,-0004.13,-0000.54,-0007.35
+1580602268.27,+0001.95,+0013.67,+0012.70,+0001.91,-0000.23,-0010.57
+1580602268.28,-0001.95,+0013.67,+0012.70,-0000.46,+0000.92,-0014.85
+1580602268.28,+0003.91,+0014.65,+0012.70,+0002.53,-0000.15,-0009.88
+1580602268.29,+0000.98,+0015.62,+0013.67,-0000.61,+0004.13,-0010.80
+1580602268.29,-0006.84,+0016.60,+0014.65,-0001.07,+0000.23,-0015.70
+1580602268.30,+0008.79,+0016.60,+0014.65,+0001.84,+0003.52,-0012.56
+1580602268.30,+0008.79,+0017.58,+0012.70,-0002.99,+0003.14,-0011.18
+1580602268.31,-0007.81,+0013.67,+0010.74,+0002.14,-0003.75,-0005.74
+1580602268.31,+0001.95,+0018.55,+0011.72,+0002.37,+0000.08,-0013.63
+1580602268.32,+0007.81,+0017.58,+0010.74,+0000.08,+0000.23,-0007.58
+1580602268.32,+0006.84,+0017.58,+0009.77,-0001.15,-0001.91,-0004.36
+1580602268.33,+0000.00,+0016.60,+0009.77,+0000.77,-0000.46,-0008.04
+1580602268.33,+0004.88,+0019.53,+0010.74,-0001.38,-0002.91,-0002.30
+1580602268.34,+0007.81,+0018.55,+0007.81,+0004.06,+0008.12,-0011.33
+1580602268.34,-0010.74,+0017.58,+0004.88,-0001.53,+0001.23,-0011.10
+1580602268.35,-0004.88,+0017.58,+0003.91,+0003.06,-0003.83,-0013.93
+1580602268.35,+0015.62,+0017.58,+0005.86,+0001.68,+0006.43,-0011.94
+1580602268.36,-0002.93,+0016.60,+0006.84,-0002.99,+0002.68,-0007.04
+1580602268.36,-0010.74,+0016.60,+0007.81,+0001.53,-0000.77,-0007.50
+1580602268.37,-0000.98,+0019.53,+0008.79,+0001.61,-0002.07,-0013.09
+1580602268.37,+0000.98,+0015.62,+0006.84,-0001.15,-0000.46,-0009.19
+1580602268.38,-0001.95,+0013.67,+0002.93,-0003.75,-0001.45,-0007.43
+1580602268.38,-0000.98,+0013.67,+0001.95,+0003.22,+0002.53,-0011.79
+1580602268.39,-0004.88,+0011.72,+0001.95,+0002.30,-0003.29,-0007.73
+1580602268.39,+0002.93,+0012.70,+0001.95,-0000.46,-0001.45,-0005.74
+1580602268.40,+0000.00,+0012.70,+0001.95,-0000.46,+0001.23,-0007.12
+1580602268.40,-0003.91,+0011.72,+0001.95,-0000.92,-0000.31,-0007.58
+1580602268.41,-0001.95,+0010.74,-0000.98,-0001.68,-0000.77,-0012.63
+1580602268.41,-0000.98,+0009.77,-0000.98,-0000.46,+0000.69,-0015.93
+1580602268.42,+0000.98,+0008.79,-0001.95,+0000.31,-0004.82,-0010.72
+1580602268.42,+0002.93,+0008.79,-0002.93,-0001.76,+0000.84,-0011.18
+1580602268.43,-0003.91,+0007.81,-0002.93,+0000.15,+0000.69,-0010.57
+1580602268.43,+0000.00,+0008.79,-0001.95,+0001.61,-0001.84,-0009.49
+1580602268.44,+0000.00,+0007.81,-0002.93,-0001.38,-0000.92,-0008.80
+1580602268.44,-0002.93,+0007.81,-0003.91,-0003.22,-0000.77,-0010.03
+1580602268.45,-0000.98,+0005.86,-0004.88,+0002.30,-0001.00,-0009.19
+1580602268.45,-0000.98,+0005.86,-0004.88,-0001.68,+0003.14,-0013.40
+1580602268.46,-0002.93,+0004.88,-0005.86,+0001.23,-0001.61,-0014.32
+1580602268.46,+0000.00,+0004.88,-0004.88,-0001.76,-0002.91,-0011.41
+1580602268.47,+0002.93,+0003.91,-0004.88,+0003.29,-0001.53,-0009.57
+1580602268.47,+0001.95,+0004.88,-0004.88,-0002.68,-0000.31,-0009.49
+1580602268.48,-0000.98,+0003.91,-0005.86,-0002.30,+0001.30,-0011.03
+1580602268.48,+0000.98,+0002.93,-0004.88,-0001.07,-0003.06,-0010.26
+1580602268.49,+0003.91,+0002.93,-0005.86,+0000.54,-0000.38,-0011.41
+1580602268.49,+0003.91,+0002.93,-0006.84,-0000.77,+0000.31,-0007.20
+1580602268.50,+0000.98,+0002.93,-0006.84,+0000.46,+0003.75,-0012.94
+1580602268.50,-0000.98,+0001.95,-0007.81,-0003.37,-0001.99,-0012.63
+1580602268.51,+0006.84,+0002.93,-0006.84,+0005.21,-0005.90,-0012.02
+1580602268.51,+0007.81,+0002.93,-0006.84,+0002.68,+0001.84,-0012.86
+1580602268.52,-0004.88,+0001.95,-0005.86,-0001.45,-0004.13,-0002.76
+1580602268.52,+0002.93,+0003.91,-0003.91,+0004.98,+0003.98,-0015.39
+1580602268.53,-0000.98,+0002.93,-0003.91,+0003.22,-0002.60,-0002.91
+1580602268.53,+0006.84,+0004.88,-0004.88,-0001.53,+0003.68,-0007.73
+1580602268.54,-0010.74,+0001.95,-0005.86,-0000.08,+0003.90,-0009.72
+1580602268.54,-0008.79,+0001.95,-0004.88,+0001.00,-0001.76,-0009.11
+1580602268.55,+0000.00,+0002.93,-0005.86,-0000.15,+0000.08,-0013.78
+1580602268.55,-0003.91,+0001.95,-0005.86,+0001.61,-0000.08,-0008.58
+1580602268.56,-0005.86,+0001.95,-0005.86,+0002.07,+0000.31,-0010.57
+1580602268.56,-0003.91,+0003.91,-0004.88,-0001.45,+0000.23,-0007.35
+1580602268.57,-0000.98,+0001.95,-0004.88,+0000.54,+0001.45,-0008.27
+1580602268.57,-0005.86,+0002.93,-0003.91,-0000.92,-0001.45,-0011.56
+1580602268.58,-0003.91,+0003.91,-0003.91,+0000.84,-0001.45,-0006.35
+1580602268.58,-0001.95,+0003.91,-0005.86,-0000.69,-0000.38,-0012.33
+1580602268.59,-0005.86,+0001.95,-0005.86,-0001.45,-0000.15,-0009.03
+1580602268.59,+0001.95,+0003.91,-0005.86,+0000.61,-0000.84,-0009.95
+1580602268.60,-0006.84,+0002.93,-0005.86,+0000.69,+0003.37,-0014.47
+1580602268.60,-0001.95,+0003.91,-0004.88,+0000.61,-0003.29,-0011.41
+1580602268.61,+0003.91,+0004.88,-0003.91,-0001.30,+0002.37,-0011.41
+1580602268.61,-0002.93,+0003.91,-0003.91,-0002.37,-0001.07,-0006.97
+1580602268.62,-0003.91,+0005.86,-0003.91,-0000.38,+0001.23,-0013.70
+1580602268.62,-0003.91,+0003.91,-0004.88,-0000.08,-0004.59,-0012.71
+1580602268.63,+0005.86,+0004.88,-0005.86,+0002.14,-0000.31,-0009.95
+1580602268.63,+0000.00,+0002.93,-0006.84,-0002.53,-0001.00,-0010.49
+1580602268.64,+0001.95,+0003.91,-0004.88,+0000.08,+0001.68,-0008.04
+1580602268.64,+0001.95,+0003.91,-0004.88,-0000.23,-0000.46,-0008.80
+1580602268.65,+0002.93,+0003.91,-0003.91,-0001.15,+0001.07,-0009.19
+1580602268.65,+0000.98,+0003.91,-0004.88,+0002.14,-0003.45,-0011.48
+1580602268.66,+0000.98,+0003.91,-0005.86,-0000.77,+0001.38,-0014.70
+1580602268.66,+0001.95,+0002.93,-0005.86,-0001.23,-0000.92,-0007.96
+1580602268.67,+0002.93,+0004.88,-0005.86,+0001.23,+0000.38,-0013.32
+1580602268.67,+0000.98,+0002.93,-0005.86,+0002.37,+0001.00,-0009.95
+1580602268.68,+0000.98,+0004.88,-0004.88,-0002.22,-0001.07,-0012.94
+1580602268.68,+0002.93,+0002.93,-0004.88,+0000.15,-0000.77,-0011.33
+1580602268.69,+0007.81,+0003.91,-0005.86,-0000.84,+0004.06,-0009.03
+1580602268.69,-0002.93,+0002.93,-0006.84,+0000.61,+0001.61,-0011.79
+1580602268.70,-0001.95,+0002.93,-0006.84,-0002.45,-0003.52,-0010.34
+1580602268.70,+0007.81,+0003.91,-0006.84,+0001.99,+0000.46,-0015.70
+1580602268.71,+0003.91,+0002.93,-0007.81,+0002.14,-0001.61,-0007.81
+1580602268.71,+0000.98,+0003.91,-0008.79,-0001.23,+0000.38,-0010.41
+1580602268.72,+0003.91,+0001.95,-0008.79,-0001.07,-0002.68,-0008.58
+1580602268.72,+0002.93,+0002.93,-0009.77,-0002.53,-0000.08,-0007.73
+1580602268.73,+0002.93,+0003.91,-0010.74,+0001.15,-0002.53,-0007.12
+1580602268.73,+0001.95,+0003.91,-0010.74,+0001.30,-0001.91,-0007.12
+1580602268.74,+0003.91,+0002.93,-0009.77,-0000.38,-0001.91,-0004.13
+1580602268.74,-0003.91,+0003.91,-0009.77,-0000.15,+0003.68,-0013.55
+1580602268.75,-0007.81,+0002.93,-0009.77,-0002.83,-0004.82,-0007.27
+1580602268.75,+0002.93,+0004.88,-0009.77,+0001.68,+0003.06,-0013.25
+1580602268.76,-0005.86,+0001.95,-0010.74,+0002.68,-0005.28,-0008.42
+1580602268.76,-0002.93,+0003.91,-0011.72,-0000.69,+0003.22,-0013.32
+1580602268.77,-0006.84,+0002.93,-0011.72,-0001.61,+0003.60,-0012.86
+1580602268.77,-0005.86,+0001.95,-0009.77,-0002.14,-0003.68,-0006.81
+1580602268.78,-0001.95,+0003.91,-0010.74,-0003.29,+0000.31,-0009.19
+1580602268.78,-0007.81,+0002.93,-0012.70,-0000.15,-0000.54,-0007.73
+1580602268.79,-0007.81,+0002.93,-0014.65,+0000.31,-0000.84,-0014.39
+1580602268.79,+0000.98,+0001.95,-0014.65,+0002.14,+0001.30,-0010.64
+1580602268.80,-0001.95,+0002.93,-0016.60,-0003.37,+0000.23,-0013.09
+1580602268.80,-0002.93,+0001.95,-0015.62,-0002.76,-0002.99,-0006.89
+1580602268.81,+0001.95,+0003.91,-0015.62,+0000.61,-0000.23,-0009.42
+1580602268.81,-0005.86,+0001.95,-0014.65,-0000.15,-0004.52,-0010.18
+1580602268.82,-0001.95,+0004.88,-0013.67,+0001.07,-0000.69,-0011.56
+1580602268.82,+0002.93,+0002.93,-0014.65,-0004.06,-0000.38,-0010.26
+1580602268.83,+0000.98,+0002.93,-0016.60,+0001.61,+0000.84,-0010.41
+1580602268.83,-0004.88,+0002.93,-0017.58,-0000.77,-0002.60,-0010.80
+1580602268.84,+0000.00,+0002.93,-0017.58,+0001.99,-0001.23,-0013.40
+1580602268.84,+0000.98,+0002.93,-0015.62,-0000.92,-0000.15,-0008.27
+1580602268.85,-0004.88,+0005.86,-0015.62,-0002.53,-0001.53,-0010.26
+1580602268.85,-0001.95,+0003.91,-0013.67,+0003.37,-0002.14,-0011.25
+1580602268.86,+0003.91,+0003.91,-0013.67,-0002.30,-0001.61,-0010.72
+1580602268.86,-0003.91,+0002.93,-0015.62,+0000.00,+0002.60,-0008.80
+1580602268.87,-0001.95,+0003.91,-0016.60,-0001.00,-0002.22,-0009.72
+1580602268.87,+0001.95,+0001.95,-0018.55,-0001.30,+0003.37,-0012.94
+1580602268.88,-0000.98,+0000.98,-0017.58,-0001.23,+0000.54,-0011.41
+1580602268.88,+0002.93,+0001.95,-0017.58,+0000.54,-0003.06,-0008.04
+1580602268.89,+0004.88,+0001.95,-0017.58,-0001.84,+0003.45,-0010.18
+1580602268.89,-0004.88,+0000.98,-0017.58,+0000.69,-0002.83,-0009.57
+1580602268.90,+0003.91,+0000.98,-0016.60,+0000.31,-0000.54,-0012.86
+1580602268.90,+0004.88,+0000.98,-0017.58,-0003.52,-0000.38,-0009.11
+1580602268.91,+0003.91,+0000.98,-0019.53,+0002.68,+0001.30,-0011.79
+1580602268.91,-0001.95,+0000.00,-0019.53,-0002.68,-0002.60,-0010.87
+1580602268.92,+0005.86,+0000.98,-0018.55,-0001.68,+0003.06,-0011.87
+1580602268.92,+0001.95,+0000.00,-0016.60,-0000.23,-0000.31,-0008.50
+1580602268.93,+0000.98,+0001.95,-0017.58,+0001.68,+0000.23,-0011.48
+1580602268.93,+0000.00,-0000.98,-0019.53,-0005.74,-0001.68,-0007.12
+1580602268.94,+0002.93,-0000.98,-0021.48,-0002.30,+0002.53,-0007.89
+1580602268.94,-0003.91,-0002.93,-0021.48,+0001.61,-0000.08,-0010.11
+1580602268.95,-0002.93,-0001.95,-0019.53,-0000.84,-0002.68,-0007.58
+1580602268.95,+0003.91,-0002.93,-0018.55,-0001.68,-0000.61,-0010.80
+1580602268.96,+0001.95,-0003.91,-0019.53,-0000.38,+0000.69,-0009.03
+1580602268.96,+0000.00,-0002.93,-0018.55,-0000.84,-0004.67,-0007.04
+1580602268.97,+0001.95,-0005.86,-0018.55,-0000.77,-0000.23,-0011.94
+1580602268.97,+0000.98,-0004.88,-0018.55,-0002.37,+0000.46,-0007.58
+1580602268.98,+0002.93,-0004.88,-0019.53,+0003.45,+0000.23,-0007.43
+1580602268.98,-0001.95,-0005.86,-0020.51,-0001.61,+0000.69,-0012.33
+1580602268.99,+0000.98,-0006.84,-0020.51,+0003.60,+0001.07,-0011.94
+1580602268.99,+0000.98,-0006.84,-0019.53,-0001.00,+0001.15,-0011.87
+1580602269.00,-0004.88,-0007.81,-0019.53,+0003.22,-0000.54,-0012.17
+1580602269.00,+0002.93,-0007.81,-0018.55,-0002.07,-0003.29,-0009.80
+1580602269.01,+0000.98,-0009.77,-0018.55,+0000.00,+0001.00,-0011.03
+1580602269.01,-0005.86,-0009.77,-0017.58,-0001.23,-0001.91,-0006.05
+1580602269.02,+0000.00,-0009.77,-0017.58,+0000.31,-0001.07,-0012.86
+1580602269.02,-0001.95,-0011.72,-0016.60,+0002.37,-0000.08,-0008.27
+1580602269.03,-0001.95,-0010.74,-0016.60,-0001.76,-0001.45,-0010.64
+1580602269.03,+0001.95,-0011.72,-0017.58,-0000.46,+0000.46,-0011.33
+1580602269.04,-0004.88,-0012.70,-0018.55,+0001.61,-0001.15,-0012.71
+1580602269.04,+0001.95,-0012.70,-0016.60,+0002.53,+0001.53,-0014.09
+1580602269.05,+0000.00,-0012.70,-0017.58,-0002.14,-0001.07,-0008.88
+1580602269.05,+0002.93,-0013.67,-0016.60,+0002.83,-0000.92,-0006.43
+1580602269.06,-0002.93,-0013.67,-0016.60,-0002.60,+0003.45,-0015.31
+1580602269.06,+0000.00,-0014.65,-0014.65,+0001.38,+0000.00,-0010.03
+1580602269.07,+0003.91,-0013.67,-0013.67,-0002.45,-0001.38,-0009.19
+1580602269.07,+0000.98,-0014.65,-0014.65,-0000.61,+0001.00,-0009.03
+1580602269.08,-0002.93,-0013.67,-0015.62,-0000.69,-0002.22,-0011.94
+1580602269.08,+0002.93,-0015.62,-0014.65,+0003.37,-0000.38,-0013.02
+1580602269.09,+0001.95,-0013.67,-0012.70,+0001.30,+0001.91,-0015.62
+1580602269.09,+0000.98,-0015.62,-0011.72,+0002.14,-0004.44,-0010.95
+1580602269.10,+0006.84,-0013.67,-0010.74,-0004.13,+0003.45,-0010.34
+1580602269.10,+0000.98,-0014.65,-0009.77,+0002.30,-0002.68,-0011.10
+1580602269.11,+0009.77,-0013.67,-0008.79,-0001.23,-0006.66,-0003.06
+1580602269.11,+0005.86,-0013.67,-0010.74,-0002.53,-0000.69,-0010.34
+1580602269.12,-0002.93,-0015.62,-0009.77,+0005.36,-0003.98,-0007.04
+1580602269.12,+0008.79,-0011.72,-0006.84,+0000.54,-0000.84,-0014.39
+1580602269.13,+0006.84,-0014.65,-0006.84,+0000.84,+0000.77,-0011.33
+1580602269.13,+0003.91,-0012.70,-0006.84,+0000.92,-0001.53,-0008.73
+1580602269.14,+0003.91,-0012.70,-0006.84,+0002.07,-0000.46,-0009.42
+1580602269.14,+0003.91,-0012.70,-0006.84,+0001.23,-0001.91,-0005.90
+1580602269.15,+0001.95,-0010.74,-0005.86,+0001.30,-0000.77,-0007.96
+1580602269.15,+0000.00,-0009.77,-0004.88,+0001.53,+0000.84,-0007.12
+1580602269.16,+0000.98,-0008.79,-0003.91,+0002.60,+0001.38,-0011.33
+1580602269.16,-0005.86,-0009.77,-0001.95,+0001.38,-0001.00,-0011.87
+1580602269.17,+0004.88,-0006.84,-0000.98,-0000.92,+0003.90,-0008.04
+1580602269.17,-0005.86,-0007.81,-0001.95,+0001.38,+0004.67,-0016.38
+1580602269.18,-0007.81,-0007.81,+0000.00,-0001.30,-0006.35,-0006.66
+1580602269.18,+0006.84,-0003.91,+0000.98,-0001.15,+0002.68,-0007.35
+1580602269.19,-0006.84,-0004.88,+0000.00,+0001.61,+0001.15,-0004.82
+1580602269.19,-0010.74,-0003.91,+0000.00,+0001.23,-0001.15,-0008.04
+1580602269.20,-0002.93,-0000.98,+0000.98,+0001.84,-0001.84,-0013.32
+1580602269.20,-0005.86,-0001.95,+0001.95,-0000.15,+0000.61,-0012.48
+1580602269.21,-0004.88,+0000.00,+0002.93,+0000.54,-0002.68,-0014.47
+1580602269.21,-0000.98,+0001.95,+0003.91,+0000.84,-0005.97,-0010.26
+1580602269.22,+0006.84,+0000.98,+0004.88,+0001.38,+0004.52,-0005.13
+1580602269.22,-0007.81,+0001.95,+0002.93,-0003.45,+0001.15,-0010.34
+1580602269.23,-0008.79,+0002.93,+0002.93,+0004.36,-0001.07,-0010.87
+1580602269.23,-0000.98,+0004.88,+0002.93,+0001.15,-0001.38,-0018.15
+1580602269.24,+0003.91,+0003.91,+0002.93,+0002.91,+0001.23,-0010.87
+1580602269.24,-0007.81,+0005.86,+0002.93,-0000.08,+0000.46,-0016.15
+1580602269.25,-0004.88,+0005.86,+0005.86,+0003.60,-0005.28,-0008.19
+1580602269.25,+0006.84,+0009.77,+0006.84,+0002.14,+0000.00,-0011.79
+1580602269.26,-0001.95,+0007.81,+0006.84,+0003.60,-0000.46,-0012.02
+1580602269.26,-0001.95,+0010.74,+0006.84,-0002.07,-0005.97,-0008.27
+1580602269.27,+0006.84,+0010.74,+0005.86,+0000.38,+0000.15,-0013.78
+1580602269.27,+0007.81,+0009.77,+0005.86,-0000.08,+0001.07,-0008.73
+1580602269.28,+0001.95,+0011.72,+0006.84,+0001.00,+0003.29,-0014.24
+1580602269.28,-0000.98,+0012.70,+0008.79,-0000.92,-0006.51,-0011.25
+1580602269.29,+0012.70,+0013.67,+0008.79,+0001.07,-0002.68,-0010.18
+1580602269.29,+0003.91,+0011.72,+0005.86,-0000.23,+0005.51,-0013.40
+1580602269.30,-0006.84,+0012.70,+0003.91,+0000.08,-0005.36,-0011.03
+1580602269.30,+0014.65,+0012.70,+0004.88,+0004.06,-0004.90,-0009.72
+1580602269.31,+0009.77,+0012.70,+0005.86,-0002.22,+0002.91,-0009.57
+1580602269.31,-0004.88,+0011.72,+0006.84,+0003.14,-0004.29,-0008.65
+1580602269.32,+0006.84,+0014.65,+0006.84,-0001.15,-0000.23,-0015.24
+1580602269.32,+0005.86,+0010.74,+0005.86,-0003.68,+0005.13,-0012.40
+1580602269.33,+0000.98,+0009.77,+0003.91,-0001.45,-0001.38,-0010.18
+1580602269.33,+0004.88,+0009.77,+0000.98,-0002.68,+0000.00,-0008.65
+1580602269.34,-0001.95,+0006.84,-0000.98,-0003.14,+0003.45,-0010.11
+1580602269.34,-0001.95,+0006.84,-0001.95,-0000.69,-0005.13,-0009.57
+1580602269.35,+0008.79,+0005.86,-0002.93,-0000.23,-0002.07,-0001.91
+1580602269.35,+0000.00,+0004.88,-0003.91,-0001.23,+0008.35,-0011.10
