+1580602831.94,+0006.84,+0004.88,+0007.81,+0003.83,+0006.74,-0005.90
+1580602831.94,-0007.81,+0007.81,+0005.86,-0003.52,+0001.45,-0009.57
+1580602831.95,-0002.93,+0003.91,+0006.84,+0002.07,-0001.38,-0000.77
+1580602831.95,+0002.93,+0006.84,+0005.86,-0007.27,+0003.75,-0014.55
+1580602831.96,-0010.74,+0000.00,+0004.88,+0005.36,-0002.53,-0006.43
+1580602831.96,+0001.95,+0005.86,+0004.88,-0001.53,-0000.23,-0004.82
+1580602831.97,-0014.65,+0002.93,+0002.93,-0005.05,-0008.65,-0000.84
+1580602831.97,+0004.88,+0000.98,+0003.91,+0006.89,-0003.45,-0002.76
+1580602831.98,+0003.91,+0002.93,+0003.91,-0006.97,+0008.27,-0010.95
+1580602831.98,-0027.34,-0003.91,+0002.93,-0003.98,+0001.84,-0008.58
+1580602831.99,-0002.93,+0007.81,+0004.88,-0001.07,-0003.52,-0015.31
+1580602831.99,+0005.86,+0000.98,+0002.93,-0002.07,+0001.38,-0010.41
+1580602832.00,-0004.88,-0003.91,+0000.00,-0004.82,+0000.46,-0004.90
+1580602832.00,-0011.72,+0003.91,+0000.98,+0000.38,-0006.12,-0010.87
+1580602832.01,+0000.00,+0003.91,+0000.98,+0000.77,-0001.99,-0014.62
+1580602832.01,+0007.81,-0000.98,+0000.98,-0000.54,+0004.90,-0010.26
+1580602832.02,-0004.88,+0000.98,+0000.00,-0000.54,-0000.23,-0008.12
+1580602832.02,-0002.93,+0004.88,+0000.00,-0000.15,-0001.23,-0010.64
+1580602832.03,+0006.84,+0000.98,-0000.98,-0004.13,-0000.77,-0009.11
+1580602832.03,+0004.88,-0000.98,-0001.95,+0002.68,+0000.23,-0008.35
+1580602832.04,-0004.88,+0002.93,-0001.95,-0003.22,-0005.21,-0009.19
+1580602832.04,+0004.88,+0002.93,-0001.95,+0003.98,+0001.00,-0011.48
+1580602832.05,+0003.91,+0000.00,-0002.93,-0003.14,+0004.90,-0016.23
+1580602832.05,+0000.98,+0000.00,-0002.93,+0001.68,-0006.20,-0006.81
+1580602832.06,+0004.88,+0002.93,-0001.95,-0004.21,-0000.77,-0009.95
+1580602832.06,+0000.98,-0000.98,-0001.95,+0001.00,+0001.84,-0016.38
+1580602832.07,+0004.88,+0001.95,-0000.98,-0002.22,-0004.59,-0004.75
+1580602832.07,+0003.91,+0000.98,-0002.93,+0003.60,+0006.35,-0013.09
+1580602832.08,-0005.86,-0000.98,-0003.91,+0000.08,+0000.23,-0007.73
+1580602832.08,+0003.91,+0001.95,-0003.91,+0002.68,-0000.08,-0005.44
+1580602832.09,+0001.95,-0001.95,-0004.88,-0006.74,-0001.15,-0004.75
+1580602832.09,-0005.86,-0001.95,-0005.86,-0000.69,-0005.59,+0004.13
+1580602832.10,+0000.00,+0000.00,-0005.86,+0001.00,+0006.89,-0021.51
+1580602832.10,-0008.79,-0001.95,-0005.86,-0007.58,-0005.28,-0007.73
+1580602832.11,+0002.93,-0000.98,-0004.88,+0007.96,+0002.07,-0012.79
+1580602832.11,+0000.00,-0003.91,-0006.84,+0000.77,+0002.07,-0006.12
+1580602832.12,-0010.74,-0002.93,-0006.84,+0001.30,+0004.90,-0012.79
+1580602832.12,-0008.79,-0001.95,-0005.86,-0005.36,-0004.82,-0013.40
+1580602832.13,+0007.81,-0002.93,-0005.86,-0004.98,+0007.81,-0008.65
+1580602832.13,-0008.79,-0006.84,-0006.84,-0000.46,+0001.91,-0013.25
+1580602832.14,-0009.77,-0000.98,-0006.84,-0002.45,-0007.27,-0006.81
+1580602832.14,+0008.79,-0000.98,-0007.81,-0000.46,-0001.91,-0013.86
+1580602832.15,-0001.95,-0007.81,-0009.77,-0001.91,+0000.23,-0008.65
+1580602832.15,-0006.84,-0002.93,-0008.79,+0000.15,-0002.37,-0008.96
+1580602832.16,-0001.95,+0000.00,-0007.81,-0000.15,+0001.45,-0015.93
+1580602832.16,+0006.84,-0006.84,-0007.81,+0002.45,+0004.90,-0010.41
+1580602832.17,-0001.95,-0003.91,-0008.79,-0005.59,-0000.77,-0007.66
+1580602832.17,-0007.81,-0001.95,-0009.77,+0004.59,+0002.83,-0017.84
+1580602832.18,+0002.93,-0002.93,-0010.74,-0005.44,-0009.26,-0007.43
+1580602832.18,+0005.86,-0004.88,-0008.79,-0002.76,+0003.83,-0013.09
+1580602832.19,-0006.84,-0003.91,-0007.81,+0000.00,-0008.58,-0006.28
+1580602832.19,+0005.86,+0000.00,-0006.84,+0002.91,+0001.61,-0012.25
+1580602832.20,+0000.98,-0003.91,-0007.81,+0001.15,-0004.44,-0003.75
+1580602832.20,+0006.84,-0002.93,-0005.86,+0002.68,-0001.68,-0013.63
+1580602832.21,+0004.88,-0002.93,-0006.84,-0005.13,-0002.83,-0002.91
+1580602832.21,+0000.00,-0005.86,-0007.81,+0002.30,+0002.22,-0010.41
+1580602832.22,-0002.93,-0006.84,-0008.79,+0002.45,+0001.23,-0010.57
+1580602832.22,+0002.93,-0002.93,-0007.81,-0002.30,-0002.07,-0008.80
+1580602832.23,+0000.98,-0007.81,-0007.81,-0001.30,+0003.83,-0009.65
+1580602832.23,-0005.86,-0006.84,-0006.84,+0002.91,-0000.31,-0012.25
+1580602832.24,+0002.93,-0006.84,-0005.86,+0004.90,+0007.04,-0017.15
+1580602832.24,-0007.81,-0007.81,-0005.86,-0007.04,-0003.90,-0001.68
+1580602832.25,-0007.81,-0006.84,-0005.86,+0004.90,+0006.20,-0015.24
+1580602832.25,-0004.88,-0008.79,-0005.86,+0009.49,-0001.07,-0000.84
+1580602832.26,+0003.91,-0005.86,-0007.81,-0003.90,+0005.13,-0019.37
+1580602832.26,-0016.60,-0014.65,-0007.81,-0002.91,-0004.98,-0005.13
+1580602832.27,+0000.98,-0004.88,-0005.86,+0006.43,+0001.07,-0009.57
+1580602832.27,-0007.81,-0012.70,-0006.84,+0001.07,-0002.53,-0000.92
+1580602832.28,-0003.91,-0008.79,-0004.88,+0003.68,+0000.84,-0009.11
+1580602832.28,-0006.84,-0010.74,-0005.86,-0005.74,-0000.46,-0008.65
+1580602832.29,-0007.81,-0009.77,-0005.86,-0000.77,-0000.69,-0012.71
+1580602832.29,-0002.93,-0009.77,-0005.86,+0002.07,-0001.07,-0014.55
+1580602832.30,+0000.00,-0008.79,-0003.91,+0000.00,-0000.77,-0011.79
+1580602832.30,-0004.88,-0009.77,-0002.93,-0002.07,+0000.08,-0012.33
+1580602832.31,+0000.00,-0007.81,-0000.98,+0000.08,+0001.07,-0013.40
+1580602832.31,+0000.00,-0007.81,-0000.98,-0000.69,-0001.84,-0009.11
+1580602832.32,-0000.98,-0007.81,-0000.98,+0002.91,-0002.68,-0009.88
+1580602832.32,+0003.91,-0008.79,+0000.00,-0001.68,-0001.45,-0012.25
+1580602832.33,+0002.93,-0007.81,+0000.98,+0000.84,-0002.37,-0007.66
+1580602832.33,+0000.00,-0007.81,+0000.98,+0000.23,+0003.75,-0019.06
+1580602832.34,+0005.86,-0007.81,+0001.95,-0000.54,-0009.42,-0003.06
+1580602832.34,+0006.84,-0006.84,+0002.93,-0001.84,-0002.99,-0010.87
+1580602832.35,+0000.98,-0007.81,+0004.88,+0002.83,-0002.60,-0010.95
+1580602832.35,+0010.74,-0003.91,+0005.86,+0001.15,-0001.53,-0008.96
+1580602832.36,+0008.79,-0008.79,+0004.88,+0001.53,+0001.76,-0005.67
+1580602832.36,+0000.98,-0005.86,+0004.88,+0000.77,+0000.54,-0009.03
+1580602832.37,+0000.00,-0004.88,+0007.81,+0001.53,-0004.59,-0007.35
+1580602832.37,+0007.81,-0004.88,+0008.79,+0003.37,+0001.23,-0005.59
+1580602832.38,-0002.93,-0006.84,+0008.79,-0001.38,-0015.31,+0002.99
+1580602832.38,+0012.70,-0006.84,+0007.81,+0004.67,+0011.56,-0011.71
+1580602832.39,-0012.70,-0006.84,+0005.86,-0005.82,+0003.22,-0016.54
+1580602832.39,-0004.88,-0007.81,+0009.77,+0002.68,+0000.31,-0009.65
+1580602832.40,+0000.98,-0004.88,+0009.77,-0006.12,+0008.88,-0022.43
+1580602832.40,-0011.72,-0010.74,+0009.77,+0005.36,-0007.04,+0001.68
+1580602832.41,+0001.95,-0003.91,+0009.77,-0002.14,+0003.06,-0016.38
+1580602832.41,-0006.84,-0010.74,+0009.77,+0005.28,-0003.98,-0003.22
+1580602832.42,-0000.98,-0006.84,+0010.74,-0003.14,+0003.06,-0007.66
+1580602832.42,-0010.74,-0007.81,+0009.77,-0000.77,+0002.30,-0015.93
+1580602832.43,-0002.93,-0005.86,+0009.77,+0002.91,-0003.37,-0009.49
+1580602832.43,+0002.93,-0007.81,+0010.74,-0003.45,+0000.38,-0017.76
+1580602832.44,-0003.91,-0007.81,+0011.72,+0001.30,-0004.44,-0011.94
+1580602832.44,+0009.77,-0004.88,+0011.72,-0000.61,-0005.05,-0002.30
+1580602832.45,+0001.95,-0006.84,+0011.72,-0003.60,+0001.68,-0014.24
+1580602832.45,-0006.84,-0005.86,+0011.72,+0006.28,-0008.58,-0004.13
+1580602832.46,+0013.67,-0000.98,+0012.70,-0000.15,+0002.53,-0016.00
+1580602832.46,+0000.98,-0007.81,+0011.72,-0003.06,-0000.92,-0011.48
+1580602832.47,+0003.91,-0001.95,+0011.72,-0002.14,-0002.83,-0012.71
+1580602832.47,+0006.84,-0001.95,+0013.67,+0001.23,+0000.92,-0011.48
+1580602832.48,+0005.86,-0000.98,+0014.65,+0003.52,+0000.84,-0010.18
+1580602832.48,+0003.91,-0001.95,+0015.62,+0000.84,-0004.75,-0003.90
+1580602832.49,+0008.79,-0000.98,+0015.62,+0001.23,+0007.81,-0010.26
+1580602832.49,-0007.81,-0000.98,+0012.70,-0001.61,+0003.22,-0015.39
+1580602832.50,-0000.98,-0000.98,+0014.65,+0001.30,-0005.36,-0008.42
+1580602832.50,+0007.81,+0000.00,+0014.65,-0003.90,+0002.30,-0012.10
+1580602832.51,-0002.93,-0002.93,+0014.65,+0000.92,-0001.68,-0002.83
+1580602832.51,-0004.88,+0001.95,+0014.65,+0002.45,+0001.30,-0009.95
+1580602832.52,+0000.00,-0000.98,+0013.67,-0000.54,-0000.77,-0001.76
+1580602832.52,+0001.95,-0002.93,+0012.70,-0001.38,+0006.58,-0012.33
+1580602832.53,-0011.72,-0001.95,+0011.72,+0000.61,-0005.05,-0007.73
+1580602832.53,-0000.98,+0002.93,+0013.67,+0003.90,+0000.00,-0012.56
+1580602832.54,+0002.93,-0001.95,+0014.65,-0000.15,-0007.04,+0007.27
+1580602832.54,+0001.95,-0000.98,+0014.65,+0005.51,+0016.84,-0016.92
+1580602832.55,-0025.39,+0000.98,+0012.70,-0010.49,-0004.21,-0010.49
+1580602832.55,+0000.98,+0005.86,+0013.67,-0007.43,-0000.61,-0015.16
+1580602832.56,+0006.84,-0001.95,+0011.72,-0001.38,-0000.92,-0009.34
+1580602832.56,-0003.91,-0000.98,+0011.72,+0005.59,+0003.37,-0003.90
+1580602832.57,-0012.70,+0005.86,+0012.70,-0003.98,+0000.61,-0014.16
+1580602832.57,+0000.00,+0002.93,+0013.67,-0000.46,-0000.92,-0012.33
+1580602832.58,+0005.86,+0000.98,+0012.70,+0000.77,+0002.83,-0009.80
+1580602832.58,-0004.88,+0004.88,+0012.70,+0001.23,-0002.14,-0007.96
+1580602832.59,-0002.93,+0006.84,+0012.70,+0000.84,-0000.08,-0011.33
+1580602832.59,+0000.98,+0004.88,+0013.67,+0000.08,-0002.83,-0006.35
+1580602832.60,+0004.88,+0004.88,+0013.67,+0002.60,+0007.12,-0010.95
+1580602832.60,-0009.77,+0008.79,+0012.70,-0003.14,-0001.53,-0016.08
+1580602832.61,+0007.81,+0009.77,+0012.70,+0001.30,+0003.60,-0010.03
+1580602832.61,+0009.77,+0006.84,+0011.72,-0004.44,+0000.61,-0009.49
+1580602832.62,-0004.88,+0006.84,+0012.70,+0002.91,+0005.44,-0006.51
+1580602832.62,-0010.74,+0013.67,+0012.70,+0000.15,+0001.68,-0019.60
+1580602832.63,+0010.74,+0010.74,+0014.65,+0002.30,+0000.46,-0006.97
+1580602832.63,+0011.72,+0007.81,+0011.72,-0003.68,+0006.51,-0014.01
+1580602832.64,-0011.72,+0009.77,+0011.72,+0002.14,-0003.45,-0005.05
+1580602832.64,+0002.93,+0016.60,+0012.70,-0001.61,-0003.60,-0012.56
+1580602832.65,+0009.77,+0008.79,+0011.72,+0000.31,+0002.60,-0005.90
+1580602832.65,+0000.98,+0009.77,+0011.72,+0000.31,-0002.07,-0002.76
+1580602832.66,+0000.00,+0014.65,+0010.74,+0001.30,-0001.00,-0001.76
+1580602832.66,+0000.00,+0012.70,+0010.74,-0002.68,+0000.23,-0007.20
+1580602832.67,+0002.93,+0010.74,+0010.74,+0004.06,+0002.14,-0011.41
+1580602832.67,-0000.98,+0012.70,+0010.74,-0001.15,-0000.15,-0009.88
+1580602832.68,+0001.95,+0012.70,+0010.74,-0001.99,+0001.38,-0009.34
+1580602832.68,-0003.91,+0010.74,+0009.77,+0000.15,+0006.12,-0014.16
+1580602832.69,-0008.79,+0012.70,+0009.77,+0001.07,-0004.82,-0004.06
+1580602832.69,-0003.91,+0014.65,+0009.77,+0004.21,+0005.59,-0020.06
+1580602832.70,+0001.95,+0008.79,+0008.79,+0003.60,+0005.97,-0009.72
+1580602832.70,-0004.88,+0011.72,+0007.81,-0004.52,+0002.76,-0010.57
+1580602832.71,-0014.65,+0009.77,+0007.81,-0001.45,-0001.30,-0008.35
+1580602832.71,-0001.95,+0013.67,+0006.84,-0004.90,-0001.68,-0008.04
+1580602832.72,+0006.84,+0006.84,+0004.88,+0004.90,+0006.12,-0012.25
+1580602832.72,-0007.81,+0008.79,+0003.91,-0005.82,-0004.59,-0006.51
+1580602832.73,-0005.86,+0011.72,+0004.88,+0004.59,+0001.30,-0016.92
+1580602832.73,+0001.95,+0011.72,+0003.91,+0001.45,-0000.23,-0007.96
+1580602832.74,+0005.86,+0008.79,+0002.93,+0003.29,+0004.36,-0010.64
+1580602832.74,-0005.86,+0010.74,+0001.95,-0005.51,-0005.51,-0009.11
+1580602832.75,+0000.98,+0012.70,+0002.93,-0002.99,+0001.30,-0016.31
+1580602832.75,+0000.00,+0007.81,+0001.95,+0000.84,+0000.69,-0014.55
+1580602832.76,+0001.95,+0008.79,+0001.95,+0002.30,-0002.68,-0013.40
+1580602832.76,+0010.74,+0007.81,+0001.95,-0005.05,-0004.98,-0010.64
+1580602832.77,+0002.93,+0006.84,+0000.00,-0002.45,-0001.30,-0006.12
+1580602832.77,+0003.91,+0006.84,+0000.00,+0000.38,-0000.38,-0010.87
+1580602832.78,+0010.74,+0006.84,-0000.98,-0002.37,-0006.20,-0003.98
+1580602832.78,+0007.81,+0004.88,-0002.93,-0001.68,+0003.45,-0008.12
+1580602832.79,+0000.98,+0004.88,-0001.95,+0003.83,-0000.38,-0007.66
+1580602832.79,+0007.81,+0006.84,-0001.95,-0002.07,-0001.45,-0013.63
+1580602832.80,+0008.79,+0001.95,-0001.95,-0003.22,-0001.53,-0007.43
+1580602832.80,+0000.98,+0004.88,-0002.93,-0007.12,-0009.26,+0000.15
+1580602832.81,+0008.79,+0002.93,-0002.93,+0004.44,+0008.80,-0011.64
+1580602832.81,-0004.88,+0001.95,-0004.88,-0009.65,-0001.07,-0006.51
+1580602832.82,-0001.95,+0000.00,-0003.91,+0008.19,+0000.23,-0006.20
+1580602832.82,-0002.93,+0000.00,-0003.91,-0004.59,-0002.91,-0011.03
+1580602832.83,-0000.98,-0003.91,-0002.93,+0005.36,+0000.38,-0003.60
+1580602832.83,-0008.79,-0000.98,-0004.88,-0003.06,+0004.13,-0009.42
+1580602832.84,-0012.70,-0003.91,-0005.86,+0001.00,-0006.28,-0007.35
+1580602832.84,+0001.95,-0003.91,-0005.86,-0004.59,+0007.12,-0018.38
+1580602832.85,-0011.72,-0007.81,-0006.84,-0000.08,+0000.15,-0015.47
+1580602832.85,-0000.98,-0003.91,-0005.86,+0001.76,-0006.58,-0008.35
+1580602832.86,+0005.86,-0003.91,-0005.86,-0007.96,-0002.53,-0007.43
+1580602832.86,-0000.98,-0008.79,-0005.86,+0004.59,-0000.69,-0008.65
+1580602832.87,-0002.93,-0003.91,-0005.86,-0002.91,+0002.22,-0015.54
+1580602832.87,+0002.93,-0004.88,-0005.86,-0000.46,-0004.67,-0009.72
+1580602832.88,+0011.72,-0004.88,-0005.86,-0001.00,+0001.23,-0010.95
+1580602832.88,+0003.91,-0005.86,-0005.86,+0001.00,-0003.22,-0007.43
+1580602832.89,+0003.91,-0001.95,-0004.88,-0000.77,-0001.53,-0008.96
+1580602832.89,+0009.77,-0003.91,-0004.88,-0000.15,+0002.37,-0007.35
+1580602832.90,+0001.95,-0003.91,-0004.88,+0000.23,+0002.68,-0007.27
+1580602832.90,-0000.98,-0002.93,-0003.91,-0001.15,-0001.99,-0008.12
+1580602832.91,+0000.00,-0001.95,-0002.93,-0003.45,-0004.82,-0008.73
+1580602832.91,+0009.77,-0005.86,-0000.98,+0002.76,+0001.99,-0001.00
+1580602832.92,-0001.95,-0001.95,-0002.93,-0000.84,+0003.68,-0017.00
+1580602832.92,-0006.84,-0004.88,-0002.93,+0001.30,-0002.60,+0001.53
+1580602832.93,-0007.81,-0000.98,-0001.95,-0006.43,-0007.81,-0007.20
+1580602832.93,+0004.88,-0004.88,+0000.98,+0010.11,+0005.44,-0013.48
+1580602832.94,-0005.86,-0002.93,+0000.00,-0008.65,+0003.37,-0014.01
+1580602832.94,-0004.88,-0003.91,+0001.95,-0000.46,-0000.84,-0012.10
+1580602832.95,+0000.00,+0000.00,+0001.95,-0001.68,+0002.37,-0008.27
+1580602832.95,-0008.79,-0004.88,+0000.98,+0005.59,+0000.15,-0006.35
+1580602832.96,-0002.93,-0000.98,+0000.00,-0002.83,-0006.51,-0001.38
+1580602832.96,-0006.84,-0003.91,+0000.00,+0001.61,+0000.46,-0012.48
+1580602832.97,-0005.86,-0002.93,+0001.95,+0003.60,-0008.27,-0003.06
+1580602832.97,+0004.88,+0000.00,+0002.93,+0000.77,+0001.68,-0010.49
+1580602832.98,-0015.62,-0002.93,+0002.93,-0001.53,+0002.37,-0012.63
+1580602832.98,-0003.91,+0000.98,+0004.88,+0001.53,-0002.45,-0009.80
+1580602832.99,+0004.88,+0000.00,+0003.91,-0001.91,+0001.76,-0014.47
+1580602832.99,-0005.86,-0001.95,+0003.91,+0000.38,-0000.92,-0004.21
+1580602833.00,-0005.86,+0003.91,+0004.88,-0001.91,-0003.37,-0011.03
+1580602833.00,-0000.98,+0002.93,+0005.86,+0000.92,-0001.84,-0012.40
+1580602833.01,+0004.88,+0000.98,+0005.86,+0001.38,-0001.45,-0003.06
+1580602833.01,-0002.93,+0001.95,+0005.86,-0001.53,+0001.68,-0012.79
+1580602833.02,-0008.79,+0004.88,+0006.84,+0001.91,+0003.14,-0022.66
+1580602833.02,-0002.93,+0006.84,+0006.84,+0001.45,-0008.19,-0008.42
+1580602833.03,+0005.86,+0006.84,+0006.84,+0004.75,+0007.58,-0018.22
+1580602833.03,-0006.84,+0001.95,+0007.81,+0009.80,+0004.90,-0009.95
+1580602833.04,-0011.72,+0010.74,+0006.84,-0008.80,+0004.98,-0020.75
+1580602833.04,-0008.79,+0005.86,+0006.84,-0000.08,-0008.04,-0007.27
+1580602833.05,+0009.77,+0008.79,+0007.81,+0004.13,+0002.83,-0007.50
+1580602833.05,-0017.58,+0002.93,+0007.81,+0004.21,-0006.05,-0004.06
+1580602833.06,-0005.86,+0013.67,+0007.81,-0001.00,-0002.45,-0019.75
+1580602833.06,+0008.79,+0006.84,+0006.84,-0003.22,-0004.90,-0008.80
+1580602833.07,+0007.81,+0005.86,+0006.84,-0004.75,-0001.99,-0005.28
+1580602833.07,-0002.93,+0009.77,+0006.84,+0001.07,-0002.91,-0011.33
+1580602833.08,+0007.81,+0013.67,+0007.81,+0001.38,-0005.74,-0007.20
+1580602833.08,+0018.55,+0008.79,+0007.81,+0001.30,-0000.38,-0008.04
+1580602833.09,+0010.74,+0008.79,+0007.81,+0004.36,+0002.37,-0005.44
+1580602833.09,+0000.98,+0013.67,+0008.79,-0001.91,-0000.31,-0011.79
+1580602833.10,+0009.77,+0012.70,+0008.79,-0001.30,-0002.76,-0009.26
+1580602833.10,+0014.65,+0010.74,+0006.84,-0001.91,+0003.52,-0003.29
+1580602833.11,+0004.88,+0008.79,+0005.86,+0002.53,+0006.97,-0016.46
+1580602833.11,-0009.77,+0011.72,+0005.86,-0003.45,-0001.61,-0009.42
+1580602833.12,+0001.95,+0012.70,+0006.84,+0003.37,+0001.45,-0016.77
+1580602833.12,+0004.88,+0007.81,+0006.84,-0000.54,+0005.59,-0011.48
+1580602833.13,-0008.79,+0008.79,+0005.86,-0002.45,+0000.69,-0008.19
+1580602833.13,-0003.91,+0011.72,+0004.88,+0003.37,-0001.99,-0008.65
+1580602833.14,-0001.95,+0006.84,+0002.93,-0001.68,+0001.84,-0009.95
+1580602833.14,-0012.70,+0005.86,+0001.95,-0001.76,-0000.46,-0008.80
+1580602833.15,-0002.93,+0009.77,+0000.98,-0001.07,-0003.60,-0007.73
+1580602833.15,+0001.95,+0004.88,-0000.98,-0003.14,+0002.14,-0008.96
+1580602833.16,-0010.74,+0003.91,-0001.95,+0000.69,-0000.54,-0012.56
+1580602833.16,-0005.86,+0008.79,-0001.95,+0000.23,+0000.00,-0018.07
+1580602833.17,+0003.91,+0006.84,-0001.95,-0005.21,-0004.98,-0010.18
+1580602833.17,+0003.91,+0004.88,-0004.88,+0000.08,+0001.38,-0008.65
+1580602833.18,-0009.77,+0007.81,-0004.88,-0000.54,-0005.36,-0009.72
+1580602833.18,+0004.88,+0009.77,-0003.91,+0002.91,+0002.14,-0014.62
+1580602833.19,+0000.98,+0006.84,-0006.84,-0005.51,-0000.54,-0012.79
+1580602833.19,+0001.95,+0006.84,-0006.84,+0001.30,-0001.38,-0006.51
+1580602833.20,+0004.88,+0007.81,-0007.81,-0003.52,+0002.30,-0013.78
+1580602833.20,+0000.00,+0005.86,-0008.79,+0000.08,-0004.75,-0007.50
+1580602833.21,+0004.88,+0008.79,-0007.81,-0001.61,+0001.45,-0011.25
+1580602833.21,+0003.91,+0007.81,-0006.84,+0001.07,+0003.22,-0011.94
+1580602833.22,+0003.91,+0008.79,-0006.84,-0002.76,-0005.74,-0010.87
+1580602833.22,+0009.77,+0007.81,-0006.84,-0002.60,+0001.07,-0007.27
+1580602833.23,+0000.00,+0007.81,-0007.81,-0001.07,-0004.21,-0005.44
+1580602833.23,+0004.88,+0007.81,-0008.79,+0002.53,-0000.15,-0014.16
+1580602833.24,+0009.77,+0005.86,-0010.74,-0007.20,-0004.06,-0000.54
+1580602833.24,+0002.93,+0004.88,-0011.72,+0003.90,+0005.67,-0005.82
+1580602833.25,-0011.72,+0003.91,-0010.74,+0004.13,-0000.46,-0013.25
+1580602833.25,-0000.98,+0007.81,-0007.81,-0000.92,-0006.20,-0008.73
+1580602833.26,+0008.79,+0003.91,-0008.79,-0001.99,+0006.05,-0011.25
+1580602833.26,-0008.79,+0000.98,-0009.77,+0001.84,+0003.45,-0009.80
+1580602833.27,-0014.65,+0005.86,-0009.77,-0004.44,-0002.60,-0015.47
+1580602833.27,+0000.98,+0002.93,-0008.79,+0001.76,-0005.74,-0008.65
+1580602833.28,+0004.88,-0000.98,-0010.74,-0001.45,+0004.29,-0005.59
+1580602833.28,-0020.51,-0001.95,-0012.70,+0003.06,-0005.74,-0012.48
+1580602833.29,-0007.81,+0004.88,-0011.72,-0000.61,-0008.27,-0008.04
+1580602833.29,+0007.81,+0000.98,-0012.70,-0002.99,+0006.35,-0012.63
+1580602833.30,-0008.79,-0005.86,-0014.65,+0006.51,-0000.46,-0005.90
+1580602833.30,-0011.72,+0003.91,-0012.70,-0005.28,-0003.52,-0017.23
+1580602833.31,+0000.00,+0002.93,-0011.72,-0001.15,-0002.07,-0014.24
+1580602833.31,+0008.79,-0001.95,-0012.70,-0001.53,-0001.91,-0006.58
+1580602833.32,-0000.98,-0000.98,-0012.70,+0000.38,-0002.37,-0008.88
+1580602833.32,-0003.91,+0003.91,-0012.70,-0003.29,-0003.22,-0014.62
+1580602833.33,+0006.84,+0000.98,-0012.70,-0001.15,-0002.76,-0011.94
+1580602833.33,+0008.79,-0000.98,-0013.67,-0000.69,+0002.07,-0011.10
+1580602833.34,+0000.00,+0000.00,-0014.65,-0000.84,+0001.00,-0014.55
+1580602833.34,-0000.98,+0001.95,-0013.67,-0001.00,-0004.36,-0013.32
+1580602833.35,+0012.70,+0000.00,-0011.72,-0000.08,+0000.69,-0008.27
+1580602833.35,+0002.93,-0000.98,-0012.70,-0001.68,+0003.22,-0013.78
+1580602833.36,-0006.84,+0002.93,-0011.72,-0001.61,-0006.43,-0015.70
+1580602833.36,+0017.58,+0001.95,-0011.72,+0001.76,-0004.75,-0006.51
+1580602833.37,+0008.79,-0001.95,-0015.62,-0002.30,+0008.04,-0009.26
+1580602833.37,-0010.74,-0003.91,-0015.62,+0005.67,-0003.29,-0008.58
+1580602833.38,+0008.79,+0004.88,-0012.70,-0003.06,-0004.29,-0009.57
+1580602833.38,+0008.79,-0003.91,-0012.70,+0001.00,+0005.59,-0010.26
+1580602833.39,-0002.93,-0003.91,-0012.70,+0001.53,+0002.60,-0013.25
+1580602833.39,-0004.88,+0000.98,-0011.72,-0001.53,-0002.22,-0007.50
+1580602833.40,+0006.84,-0003.91,-0011.72,+0001.68,+0001.15,-0004.82
+1580602833.40,-0006.84,-0005.86,-0012.70,-0000.46,+0007.35,-0012.94
+1580602833.41,-0006.84,-0002.93,-0011.72,+0003.37,-0001.30,-0013.25
+1580602833.41,+0001.95,-0002.93,-0010.74,-0003.75,+0000.92,-0007.20
+1580602833.42,-0002.93,-0008.79,-0011.72,+0004.13,+0002.91,-0009.03
+1580602833.42,-0003.91,-0005.86,-0011.72,+0001.23,+0001.76,-0012.79
+1580602833.43,-0005.86,-0005.86,-0011.72,-0004.82,+0002.68,-0016.31
+1580602833.43,-0005.86,-0008.79,-0012.70,+0004.52,-0006.89,-0008.73
+1580602833.44,+0007.81,-0006.84,-0012.70,+0003.14,+0000.69,-0005.97
+1580602833.44,-0013.67,-0009.77,-0013.67,+0002.91,-0003.98,-0003.83
+1580602833.45,-0002.93,-0004.88,-0011.72,+0004.44,+0001.45,-0015.16
+1580602833.45,+0000.00,-0006.84,-0011.72,-0005.44,-0001.61,-0014.47
+1580602833.46,+0000.00,-0007.81,-0010.74,-0003.75,+0000.08,-0011.56
+1580602833.46,-0003.91,-0005.86,-0010.74,+0000.61,-0000.15,-0011.71
+1580602833.47,-0003.91,-0005.86,-0008.79,+0001.91,+0000.84,-0012.40
+1580602833.47,+0001.95,-0005.86,-0008.79,-0000.54,-0002.68,-0010.26
+1580602833.48,+0004.88,-0007.81,-0008.79,+0000.08,+0004.13,-0009.95
+1580602833.48,-0002.93,-0006.84,-0008.79,-0002.37,-0005.05,-0005.74
+1580602833.49,+0001.95,-0006.84,-0008.79,+0001.68,+0003.14,-0012.17
+1580602833.49,-0000.98,-0007.81,-0008.79,+0000.38,-0001.15,-0008.50
+1580602833.50,+0005.86,-0007.81,-0006.84,+0002.30,+0002.91,-0009.95
+1580602833.50,-0001.95,-0007.81,-0006.84,-0000.61,+0002.91,-0017.76
+1580602833.51,+0000.00,-0005.86,-0005.86,+0002.45,-0004.52,-0012.17
+1580602833.51,+0012.70,-0005.86,-0005.86,-0002.30,+0003.14,-0015.47
+1580602833.52,+0000.98,-0011.72,-0005.86,+0001.53,+0000.61,-0006.51
+1580602833.52,+0000.00,-0005.86,-0004.88,+0001.76,-0003.83,-0010.18
+1580602833.53,+0011.72,-0008.79,-0002.93,-0002.99,-0004.90,-0002.76
+1580602833.53,-0001.95,-0008.79,-0003.91,-0003.45,-0004.21,-0003.06
+1580602833.54,+0001.95,-0007.81,-0002.93,+0008.35,-0000.08,-0007.04
+1580602833.54,+0005.86,-0007.81,-0002.93,-0007.89,-0003.45,-0007.81
+1580602833.55,+0000.00,-0011.72,-0001.95,+0004.13,+0000.77,-0012.25
+1580602833.55,-0000.98,-0006.84,-0000.98,-0004.36,-0005.05,-0004.06
+1580602833.56,+0004.88,-0007.81,-0000.98,+0003.14,+0003.37,-0009.19
+1580602833.56,-0010.74,-0011.72,-0000.98,-0004.13,+0004.52,-0011.56
+1580602833.57,-0008.79,-0006.84,+0000.98,+0001.07,-0003.29,-0008.50
+1580602833.57,+0002.93,-0007.81,+0000.98,-0001.30,+0002.99,-0014.93
+1580602833.58,-0004.88,-0013.67,+0000.98,-0000.46,-0000.15,-0011.64
+1580602833.58,-0001.95,-0008.79,+0001.95,-0000.15,+0000.69,-0012.33
+1580602833.59,-0001.95,-0009.77,+0001.95,-0004.29,-0001.68,+0000.31
+1580602833.59,-0007.81,-0010.74,+0000.98,+0001.61,+0007.27,-0015.93
+1580602833.60,-0010.74,-0009.77,+0001.95,-0002.53,-0004.36,-0008.65
+1580602833.60,+0004.88,-0007.81,+0001.95,-0005.97,-0002.14,-0006.51
+1580602833.61,-0003.91,-0013.67,+0000.00,-0000.61,+0006.28,-0016.23
+1580602833.61,-0012.70,-0007.81,+0000.98,+0000.15,-0004.90,-0007.89
+1580602833.62,+0001.95,-0005.86,+0001.95,-0003.52,-0004.36,-0008.58
+1580602833.62,+0004.88,-0010.74,+0003.91,+0001.76,+0002.91,-0012.40
+1580602833.63,-0002.93,-0007.81,+0003.91,-0000.84,-0002.07,-0005.67
+1580602833.63,-0006.84,-0003.91,+0003.91,+0001.91,+0002.07,-0013.32
+1580602833.64,+0001.95,-0004.88,+0004.88,+0001.30,-0002.07,-0010.41
+1580602833.64,+0008.79,-0005.86,+0003.91,-0001.68,+0000.61,-0012.86
+1580602833.65,+0001.95,-0004.88,+0004.88,+0000.08,-0003.68,-0004.98
+1580602833.65,+0003.91,-0002.93,+0003.91,-0001.68,-0000.38,-0013.86
+1580602833.66,+0005.86,-0003.91,+0005.86,+0000.08,-0003.98,-0004.44
+1580602833.66,+0007.81,-0000.98,+0005.86,+0002.30,+0001.99,-0013.17
+1580602833.67,+0000.98,-0002.93,+0003.91,-0003.45,-0001.30,-0010.11
+1580602833.67,+0012.70,+0000.00,+0003.91,-0003.98,+0003.06,-0010.95
+1580602833.68,+0002.93,-0003.91,+0004.88,-0000.61,+0001.99,-0010.26
+1580602833.68,-0004.88,+0000.98,+0006.84,+0003.60,-0003.06,-0006.66
+1580602833.69,+0006.84,+0000.00,+0006.84,+0001.99,+0007.73,-0011.56
+1580602833.69,-0008.79,-0001.95,+0005.86,-0004.21,-0002.37,-0006.05
+1580602833.70,-0005.86,+0000.98,+0006.84,+0007.50,+0002.37,-0015.70
+1580602833.70,+0000.98,+0001.95,+0007.81,-0004.59,-0002.14,-0012.10
+1580602833.71,-0005.86,-0001.95,+0006.84,-0000.23,-0000.31,-0011.10
+1580602833.71,-0008.79,+0001.95,+0006.84,-0000.84,-0006.20,-0006.12
+1580602833.72,+0000.00,+0003.91,+0005.86,+0000.54,+0006.05,-0009.26
+1580602833.72,-0008.79,-0000.98,+0003.91,-0001.53,-0002.22,-0006.20
+1580602833.73,-0004.88,+0003.91,+0004.88,-0004.21,-0000.38,-0010.80
+1580602833.73,-0004.88,+0002.93,+0004.88,-0002.14,+0001.84,-0010.72
+1580602833.74,-0002.93,+0002.93,+0004.88,+0004.06,-0002.68,-0009.57
+1580602833.74,-0001.95,+0002.93,+0003.91,-0000.61,+0002.45,-0010.03
+1580602833.75,-0007.81,+0004.88,+0004.88,-0000.61,+0000.77,-0018.60
+1580602833.75,-0002.93,+0005.86,+0004.88,-0003.22,-0000.61,-0012.94
+1580602833.76,+0003.91,+0006.84,+0003.91,+0001.84,-0000.08,-0013.09
+1580602833.76,+0003.91,+0004.88,+0003.91,+0000.00,-0003.90,+0002.91
+1580602833.77,+0000.00,+0007.81,+0004.88,-0001.61,+0005.59,-0013.63
+1580602833.77,-0011.72,+0007.81,+0004.88,-0004.98,-0000.84,-0012.17
+1580602833.78,+0007.81,+0011.72,+0003.91,-0004.29,+0001.07,-0011.48
+1580602833.78,+0009.77,+0005.86,+0001.95,-0002.37,+0002.07,-0006.28
+1580602833.79,-0005.86,+0008.79,+0001.95,+0002.53,+0001.76,-0015.54
+1580602833.79,+0000.98,+0011.72,+0002.93,-0002.68,-0003.75,-0010.57
+1580602833.80,+0009.77,+0008.79,+0001.95,-0004.13,+0001.30,-0001.84
+1580602833.80,+0002.93,+0007.81,+0001.95,+0003.45,+0005.59,-0012.33
+1580602833.81,-0006.84,+0012.70,+0002.93,-0005.51,-0005.67,-0005.74
+1580602833.81,+0004.88,+0013.67,+0003.91,-0005.36,-0001.30,-0010.87
+1580602833.82,+0009.77,+0008.79,+0003.91,+0001.68,-0003.52,-0003.75
+1580602833.82,+0004.88,+0011.72,+0001.95,+0000.61,+0006.20,-0008.58
+1580602833.83,-0013.67,+0011.72,+0000.00,-0002.83,+0001.53,-0006.89
+1580602833.83,-0001.95,+0013.67,+0000.00,-0001.76,-0002.45,-0007.43
+1580602833.84,+0006.84,+0008.79,+0000.00,-0000.61,+0004.82,-0009.80
+1580602833.84,-0006.84,+0009.77,-0001.95,-0001.00,+0000.61,-0010.95
+1580602833.85,-0004.88,+0011.72,-0001.95,+0000.77,+0003.90,-0018.15
+1580602833.85,-0000.98,+0010.74,-0001.95,-0001.38,-0005.28,-0003.90
+1580602833.86,+0003.91,+0009.77,-0002.93,+0005.28,+0006.66,-0008.50
+1580602833.86,-0010.74,+0010.74,-0002.93,-0005.28,-0002.45,-0005.90
+1580602833.87,-0007.81,+0011.72,-0002.93,-0006.28,-0003.14,-0010.80
+1580602833.87,+0001.95,+0007.81,-0002.93,-0003.37,+0001.76,-0008.88
+1580602833.88,-0004.88,+0007.81,-0003.91,+0001.45,+0005.67,-0010.26
+1580602833.88,-0017.58,+0008.79,-0004.88,-0004.29,+0000.54,-0013.32
+1580602833.89,+0000.98,+0011.72,-0002.93,-0001.61,-0003.14,-0010.72
+1580602833.89,+0004.88,+0005.86,-0003.91,-0004.29,+0004.59,-0012.79
+1580602833.90,-0003.91,+0006.84,-0004.88,+0000.08,-0004.52,-0001.68
+1580602833.90,-0005.86,+0010.74,-0005.86,-0003.29,+0000.23,-0009.65
+1580602833.91,-0004.88,+0006.84,-0006.84,+0001.00,-0005.05,-0012.25
+1580602833.91,+0007.81,+0005.86,-0007.81,-0000.77,-0001.84,-0007.43
+1580602833.92,-0002.93,+0004.88,-0008.79,-0001.07,+0004.75,-0017.92
+1580602833.92,-0000.98,+0007.81,-0007.81,+0002.07,+0001.00,-0013.55
+1580602833.93,+0004.88,+0006.84,-0008.79,-0005.21,-0000.08,-0014.85
+1580602833.93,+0000.98,+0002.93,-0008.79,-0001.53,-0003.52,-0006.20
+1580602833.94,+0002.93,+0005.86,-0009.77,-0005.44,-0001.61,-0008.19
+1580602833.94,+0003.91,+0001.95,-0010.74,+0002.60,-0001.15,-0007.20
+1580602833.95,+0000.98,+0001.95,-0012.70,-0002.83,+0002.91,-0011.25
+1580602833.95,-0000.98,+0000.98,-0010.74,-0001.07,-0003.06,-0013.55
+1580602833.96,+0010.74,+0001.95,-0009.77,-0002.45,+0006.35,-0014.39
+1580602833.96,+0000.00,-0002.93,-0010.74,-0001.68,-0001.38,-0011.56
+1580602833.97,+0000.98,-0000.98,-0010.74,+0002.14,-0004.29,-0009.26
+1580602833.97,+0007.81,-0002.93,-0011.72,-0004.75,-0002.76,-0009.19
+1580602833.98,+0005.86,-0008.79,-0012.70,+0001.38,-0000.31,-0000.23
+1580602833.98,+0000.00,-0005.86,-0014.65,+0000.38,+0005.36,-0011.56
+1580602833.99,-0001.95,-0008.79,-0014.65,-0006.43,-0007.89,-0001.68
+1580602833.99,+0004.88,-0008.79,-0015.62,-0008.12,-0000.77,-0010.57
+1580602834.00,+0000.98,-0014.65,-0015.62,+0005.97,-0002.68,-0001.38
+1580602834.00,+0000.98,-0010.74,-0015.62,+0001.91,+0001.61,-0013.02
+1580602834.01,-0004.88,-0015.62,-0014.65,+0003.75,-0001.07,-0008.35
+1580602834.01,-0000.98,-0012.70,-0014.65,-0003.60,+0003.52,-0011.33
+1580602834.02,-0006.84,-0018.55,-0014.65,-0001.53,+0001.15,-0012.86
+1580602834.02,-0004.88,-0016.60,-0015.62,-0000.77,-0001.23,-0010.57
+1580602834.03,-0001.95,-0020.51,-0016.60,+0000.77,+0002.30,-0008.80
+1580602834.03,-0007.81,-0020.51,-0016.60,-0001.68,+0002.76,-0010.72
+1580602834.04,-0009.77,-0020.51,-0015.62,+0000.46,-0004.82,-0010.64
+1580602834.04,+0002.93,-0020.51,-0014.65,-0001.30,-0003.52,-0002.68
+1580602834.05,+0001.95,-0024.41,-0015.62,+0001.30,+0008.65,-0015.39
+1580602834.05,-0017.58,-0021.48,-0016.60,-0001.38,-0001.84,-0012.02
+1580602834.06,-0001.95,-0018.55,-0012.70,+0003.52,-0007.12,-0015.93
+1580602834.06,+0010.74,-0021.48,-0012.70,-0003.37,+0002.30,-0010.87
+1580602834.07,-0003.91,-0026.37,-0013.67,+0005.13,+0001.76,-0007.35
+1580602834.07,-0008.79,-0016.60,-0013.67,-0004.06,-0006.20,-0011.94
+1580602834.08,+0006.84,-0019.53,-0012.70,+0000.46,-0001.23,-0014.01
+1580602834.08,+0004.88,-0023.44,-0012.70,-0002.14,-0001.99,-0005.74
+1580602834.09,-0003.91,-0020.51,-0010.74,+0004.98,+0001.91,-0016.69
+1580602834.09,-0000.98,-0015.62,-0007.81,-0003.90,-0006.97,-0010.64
+1580602834.10,+0008.79,-0017.58,-0005.86,+0001.30,+0001.99,-0014.93
+1580602834.10,+0000.00,-0017.58,-0004.88,-0001.91,-0004.21,-0012.71
+1580602834.11,+0013.67,-0012.70,-0002.93,+0001.84,-0010.41,+0005.13
+1580602834.11,+0002.93,-0014.65,-0003.91,+0001.38,+0012.63,-0019.83
+1580602834.12,-0002.93,-0015.62,-0001.95,+0011.56,+0002.07,-0012.63
+1580602834.12,+0005.86,-0006.84,-0000.98,-0006.74,-0000.46,-0014.85
+1580602834.13,+0004.88,-0015.62,+0000.00,+0005.51,-0002.68,+0000.54
+1580602834.13,+0000.00,-0007.81,+0000.98,-0007.20,-0007.04,-0003.60
+1580602834.14,+0000.00,-0010.74,+0004.88,+0008.88,+0007.81,-0008.12
+1580602834.14,-0005.86,-0004.88,+0005.86,-0006.51,-0000.23,-0012.86
+1580602834.15,-0004.88,-0007.81,+0006.84,+0006.20,-0000.92,-0007.43
+1580602834.15,-0001.95,-0003.91,+0006.84,-0001.91,+0001.84,-0008.27
+1580602834.16,-0009.77,-0004.88,+0007.81,+0005.67,+0004.36,-0015.01
+1580602834.16,-0008.79,-0001.95,+0008.79,-0000.69,-0006.74,-0006.74
+1580602834.17,+0000.98,-0000.98,+0009.77,-0003.22,+0003.90,-0011.41
+1580602834.17,-0013.67,-0003.91,+0008.79,+0000.15,-0003.14,-0003.83
+1580602834.18,-0008.79,+0003.91,+0010.74,+0005.21,+0000.46,-0014.93
+1580602834.18,-0003.91,+0002.93,+0011.72,-0004.29,-0002.68,-0006.28
+1580602834.19,-0004.88,+0002.93,+0012.70,-0003.29,+0000.84,-0011.41
+1580602834.19,-0009.77,+0004.88,+0011.72,+0001.84,-0002.22,-0011.48
+1580602834.20,+0000.00,+0010.74,+0012.70,+0003.22,-0001.00,-0010.95
+1580602834.20,-0005.86,+0006.84,+0011.72,+0001.68,-0003.68,-0012.79
+1580602834.21,-0003.91,+0011.72,+0012.70,+0001.53,-0004.29,-0006.20
+1580602834.21,+0003.91,+0013.67,+0012.70,+0002.14,+0003.68,-0013.02
+1580602834.22,-0006.84,+0009.77,+0013.67,-0001.15,+0001.15,-0012.63
+1580602834.22,+0004.88,+0016.60,+0014.65,-0000.69,+0000.69,-0012.63
+1580602834.23,+0002.93,+0015.62,+0013.67,+0000.92,+0002.91,-0012.94
+1580602834.23,+0000.00,+0015.62,+0013.67,+0002.91,-0004.13,-0009.49
+1580602834.24,+0009.77,+0018.55,+0014.65,+0000.15,+0002.91,-0013.17
+1580602834.24,+0001.95,+0015.62,+0012.70,-0001.15,-0000.92,-0005.90
+1580602834.25,+0002.93,+0017.58,+0012.70,+0002.83,+0000.92,-0014.55
+1580602834.25,+0003.91,+0019.53,+0011.72,-0000.92,-0002.14,-0011.79
+1580602834.26,+0006.84,+0018.55,+0012.70,+0000.31,+0000.84,-0006.28
+1580602834.26,+0003.91,+0018.55,+0012.70,-0001.30,+0000.00,-0012.86
+1580602834.27,+0000.98,+0018.55,+0011.72,-0001.00,-0002.45,-0003.14
+1580602834.27,-0001.95,+0019.53,+0010.74,+0003.45,+0006.58,-0011.25
+1580602834.28,-0002.93,+0017.58,+0010.74,+0003.75,-0001.84,-0006.35
+1580602834.28,+0001.95,+0019.53,+0009.77,-0005.28,-0000.38,-0007.04
+1580602834.29,-0002.93,+0013.67,+0007.81,-0002.45,+0004.82,-0009.95
+1580602834.29,-0004.88,+0016.60,+0006.84,-0004.21,-0002.22,-0010.11
+1580602834.30,+0000.00,+0015.62,+0006.84,+0000.54,+0001.76,-0008.73
+1580602834.30,-0004.88,+0013.67,+0005.86,-0002.22,+0004.52,-0015.39
+1580602834.31,-0002.93,+0013.67,+0004.88,+0001.15,-0006.35,-0003.90
+1580602834.31,-0000.98,+0014.65,+0002.93,-0006.51,+0003.06,-0009.11
+1580602834.32,-0009.77,+0008.79,+0001.95,+0001.45,-0000.77,-0011.71
+1580602834.32,-0000.98,+0013.67,+0001.95,+0000.31,+0000.23,-0012.02
+1580602834.33,+0000.98,+0009.77,+0000.00,-0002.53,-0002.68,-0002.22
+1580602834.33,+0000.00,+0008.79,-0002.93,-0002.53,+0006.20,-0015.85
+1580602834.34,-0010.74,+0007.81,-0003.91,-0007.12,-0003.29,-0011.56
+1580602834.34,+0009.77,+0009.77,-0004.88,+0004.13,-0003.37,-0013.17
+1580602834.35,+0003.91,+0001.95,-0006.84,-0005.44,-0003.52,-0004.52
+1580602834.35,+0000.00,+0003.91,-0007.81,+0002.76,+0002.53,-0008.73
+1580602834.36,-0005.86,+0006.84,-0008.79,-0005.67,+0000.69,-0013.40
+1580602834.36,+0004.88,+0002.93,-0008.79,-0003.60,-0002.37,-0006.20
+1580602834.37,+0008.79,+0000.98,-0011.72,-0005.67,+0006.66,-0015.54
+1580602834.37,-0007.81,+0000.00,-0012.70,-0002.68,-0001.76,-0007.81
+1580602834.38,-0000.98,+0001.95,-0013.67,-0000.15,+0000.38,-0013.32
+1580602834.38,+0003.91,-0003.91,-0013.67,-0002.30,-0000.46,-0011.41
+1580602834.39,+0002.93,-0002.93,-0016.60,-0001.15,+0001.61,-0011.33
+1580602834.39,+0000.00,-0002.93,-0017.58,-0003.45,-0003.75,-0009.19
+1580602834.40,+0004.88,-0004.88,-0016.60,-0006.20,-0002.53,-0007.89
+1580602834.40,+0004.88,-0007.81,-0017.58,+0000.38,+0004.82,-0010.64
+1580602834.41,-0003.91,-0006.84,-0018.55,-0004.13,-0002.45,-0011.48
+1580602834.41,+0004.88,-0007.81,-0019.53,-0000.46,-0002.60,-0009.88
+1580602834.42,+0004.88,-0010.74,-0020.51,-0004.90,+0000.77,-0006.05
+1580602834.42,-0001.95,-0010.74,-0020.51,+0002.99,+0001.53,-0013.17
+1580602834.43,+0006.84,-0010.74,-0021.48,-0003.14,-0010.41,+0006.97
+1580602834.43,-0004.88,-0012.70,-0024.41,-0013.48,+0001.84,-0010.18
+1580602834.44,-0017.58,-0017.58,-0021.48,+0015.77,-0005.67,-0013.70
+1580602834.44,+0009.77,-0005.86,-0018.55,-0007.04,-0003.98,-0012.56
+1580602834.45,+0005.86,-0022.46,-0019.53,-0005.05,+0001.15,-0008.73
+1580602834.45,-0008.79,-0015.62,-0019.53,-0004.13,-0000.61,-0011.48
+1580602834.46,-0002.93,-0010.74,-0018.55,-0001.84,-0003.68,-0004.44
+1580602834.46,+0001.95,-0017.58,-0020.51,-0000.31,+0005.74,-0015.16
+1580602834.47,-0003.91,-0022.46,-0021.48,-0004.21,-0005.13,-0009.34
+1580602834.47,+0000.00,-0014.65,-0021.48,-0003.14,+0007.27,-0022.43
+1580602834.48,-0015.62,-0022.46,-0023.44,-0001.23,-0003.98,-0008.12
+1580602834.48,+0000.98,-0018.55,-0022.46,+0008.12,-0001.30,-0017.30
+1580602834.49,+0004.88,-0021.48,-0021.48,+0001.07,+0002.91,-0003.37
+1580602834.49,-0005.86,-0020.51,-0020.51,+0000.23,+0003.06,-0012.79
+1580602834.50,-0013.67,-0018.55,-0018.55,-0002.14,+0000.23,-0013.78
+1580602834.50,+0003.91,-0016.60,-0017.58,+0004.29,-0005.59,-0016.00
+1580602834.51,+0014.65,-0023.44,-0018.55,+0003.75,+0011.94,-0012.71
+1580602834.51,-0016.60,-0020.51,-0019.53,-0006.28,-0005.97,-0003.75
+1580602834.52,-0004.88,-0015.62,-0016.60,+0007.12,-0000.38,-0018.60
+1580602834.52,+0008.79,-0021.48,-0017.58,-0001.30,-0002.45,-0004.82
+1580602834.53,+0007.81,-0026.37,-0018.55,+0004.36,+0008.65,-0010.80
+1580602834.53,-0015.62,-0017.58,-0018.55,-0004.98,-0005.36,-0016.84
+1580602834.54,+0008.79,-0017.58,-0014.65,+0006.43,-0008.04,-0007.20
+1580602834.54,+0004.88,-0023.44,-0014.65,-0004.06,+0002.60,-0019.06
+1580602834.55,-0002.93,-0021.48,-0010.74,+0008.65,-0010.03,-0003.37
+1580602834.55,+0014.65,-0011.72,-0007.81,+0001.00,-0000.77,-0016.00
+1580602834.56,-0000.98,-0023.44,-0007.81,+0004.90,-0011.48,-0000.38
+1580602834.56,+0011.72,-0015.62,-0008.79,-0001.84,+0002.60,-0004.59
+1580602834.57,+0000.00,-0018.55,-0009.77,-0004.75,+0005.44,-0011.79
+1580602834.57,-0006.84,-0019.53,-0007.81,+0002.60,-0004.82,-0004.21
+1580602834.58,+0009.77,-0013.67,-0005.86,-0004.06,-0002.07,-0008.04
+1580602834.58,+0008.79,-0021.48,-0005.86,+0003.29,+0002.07,-0002.53
+1580602834.59,-0007.81,-0017.58,-0004.88,+0001.07,+0001.61,-0012.25
+1580602834.59,-0006.84,-0012.70,-0001.95,+0001.38,-0003.29,-0012.17
+1580602834.60,+0007.81,-0015.62,-0000.98,-0001.53,+0004.98,-0009.88
+1580602834.60,-0002.93,-0017.58,+0000.00,+0002.83,+0000.38,-0011.25
+1580602834.61,-0004.88,-0011.72,+0001.95,+0000.15,-0004.06,-0000.23
+1580602834.61,-0007.81,-0011.72,+0002.93,-0001.61,-0003.29,-0006.97
+1580602834.62,-0000.98,-0014.65,+0002.93,+0004.98,+0000.69,-0003.60
+1580602834.62,-0006.84,-0010.74,+0003.91,-0001.53,+0004.13,-0017.46
+1580602834.63,-0009.77,-0011.72,+0004.88,+0005.13,-0000.61,-0010.64
+1580602834.63,+0001.95,-0008.79,+0004.88,-0003.37,+0004.36,-0015.16
+1580602834.64,-0010.74,-0012.70,+0006.84,+0001.61,-0002.37,-0008.80
+1580602834.64,-0001.95,-0004.88,+0008.79,+0001.91,-0004.06,-0014.55
+1580602834.65,+0000.00,-0008.79,+0008.79,+0004.52,+0000.77,-0016.92
+1580602834.65,-0004.88,-0007.81,+0008.79,+0000.38,-0003.83,-0004.98
+1580602834.66,+0003.91,-0003.91,+0008.79,+0000.84,-0000.08,-0013.93
+1580602834.66,-0001.95,-0006.84,+0008.79,-0002.45,-0001.30,-0010.72
+1580602834.67,-0000.98,-0004.88,+0010.74,+0001.07,-0009.95,-0007.96
+1580602834.67,+0018.55,-0005.86,+0011.72,-0000.77,+0002.07,+0000.00
+1580602834.68,-0008.79,-0005.86,+0009.77,+0002.76,+0006.97,-0020.90
+1580602834.68,-0003.91,-0001.95,+0012.70,+0006.20,-0000.77,-0017.46
+1580602834.69,+0018.55,+0000.98,+0013.67,-0008.73,-0001.68,-0013.48
+1580602834.69,+0009.77,-0010.74,+0013.67,+0003.14,+0001.45,-0005.51
+1580602834.70,+0002.93,+0002.93,+0015.62,+0001.30,-0004.90,-0007.12
+1580602834.70,+0000.00,+0000.98,+0015.62,-0001.15,-0010.26,-0004.21
+1580602834.71,+0013.67,-0002.93,+0014.65,+0001.76,+0007.12,-0011.41
+1580602834.71,-0002.93,-0001.95,+0013.67,-0001.68,+0004.75,-0016.61
+1580602834.72,+0010.74,+0000.00,+0013.67,+0002.30,+0016.08,-0016.69
+1580602834.72,-0006.84,-0001.95,+0013.67,-0006.89,+0001.76,-0014.24
+1580602834.73,-0007.81,-0001.95,+0015.62,+0011.87,-0008.35,-0004.21
+1580602834.73,+0012.70,+0003.91,+0015.62,-0003.60,+0001.07,-0012.63
+1580602834.74,-0006.84,-0009.77,+0013.67,+0009.65,+0000.54,-0010.72
+1580602834.74,-0003.91,+0002.93,+0015.62,-0003.60,-0009.72,-0002.83
+1580602834.75,+0003.91,+0000.98,+0017.58,+0002.07,+0009.57,-0014.62
+1580602834.75,-0009.77,-0006.84,+0015.62,+0004.59,-0000.69,-0005.90
+1580602834.76,+0000.98,+0001.95,+0015.62,-0000.23,+0000.92,-0012.63
+1580602834.76,-0001.95,-0003.91,+0013.67,-0004.06,-0000.69,-0006.74
+1580602834.77,-0005.86,-0005.86,+0012.70,+0003.14,+0001.76,-0009.80
+1580602834.77,-0004.88,-0002.93,+0011.72,-0001.45,-0003.90,-0002.76
+1580602834.78,+0003.91,-0003.91,+0011.72,+0001.45,+0008.73,-0018.22
+1580602834.78,-0002.93,-0007.81,+0010.74,-0005.51,-0011.03,-0006.89
+1580602834.79,+0008.79,-0001.95,+0009.77,-0004.06,+0002.99,-0014.09
+1580602834.79,-0007.81,-0006.84,+0007.81,+0003.83,-0001.15,-0009.57
+1580602834.80,+0004.88,-0000.98,+0010.74,+0005.13,-0007.04,-0006.12
+1580602834.80,+0005.86,-0003.91,+0010.74,-0006.89,+0007.73,-0016.92
+1580602834.81,-0001.95,-0004.88,+0011.72,+0001.91,+0002.37,-0010.72
+1580602834.81,+0004.88,+0000.00,+0011.72,-0003.37,-0001.38,-0011.94
+1580602834.82,+0000.00,-0004.88,+0011.72,+0001.30,+0000.23,-0011.10
+1580602834.82,+0004.88,+0000.00,+0011.72,-0002.45,+0001.76,-0007.89
+1580602834.83,+0003.91,-0003.91,+0010.74,+0005.82,-0003.75,-0010.57
+1580602834.83,+0001.95,-0003.91,+0011.72,-0003.45,+0002.76,-0009.72
+1580602834.84,-0000.98,-0001.95,+0012.70,+0001.84,-0001.76,-0009.49
+1580602834.84,+0002.93,-0000.98,+0012.70,+0001.38,+0000.15,-0014.55
+1580602834.85,+0002.93,-0003.91,+0014.65,-0002.30,-0002.99,-0003.98
+1580602834.85,+0002.93,-0000.98,+0014.65,+0004.75,+0005.13,-0017.46
+1580602834.86,-0001.95,-0001.95,+0015.62,-0003.75,-0003.60,-0005.90
+1580602834.86,+0005.86,+0000.00,+0015.62,-0006.43,-0002.76,-0002.45
+1580602834.87,+0001.95,-0003.91,+0014.65,+0004.29,+0007.20,-0012.86
+1580602834.87,-0006.84,-0000.98,+0015.62,-0002.14,-0006.05,-0001.53
+1580602834.88,+0006.84,+0000.00,+0015.62,-0001.61,+0003.22,-0009.57
+1580602834.88,-0003.91,-0004.88,+0015.62,-0000.92,+0001.07,-0007.89
+1580602834.89,-0007.81,-0001.95,+0015.62,+0005.82,-0000.38,-0016.61
+1580602834.89,+0002.93,+0000.00,+0015.62,-0000.92,-0002.91,-0009.72
+1580602834.90,-0000.98,-0002.93,+0015.62,-0000.46,-0000.61,-0006.28
+1580602834.90,-0009.77,+0000.00,+0016.60,+0002.91,+0003.83,-0015.24
+1580602834.91,-0000.98,+0002.93,+0016.60,+0000.46,-0007.81,-0003.98
+1580602834.91,+0005.86,-0001.95,+0016.60,-0001.68,+0007.96,-0013.09
+1580602834.92,-0017.58,-0001.95,+0016.60,+0001.53,-0004.98,-0010.03
+1580602834.92,-0001.95,+0006.84,+0019.53,+0002.45,-0001.68,-0008.96
+1580602834.93,+0001.95,+0001.95,+0017.58,-0001.61,+0003.45,-0018.30
+1580602834.93,-0000.98,-0000.98,+0017.58,+0002.91,+0002.30,-0013.02
+1580602834.94,-0005.86,+0006.84,+0015.62,-0005.36,-0002.68,-0012.10
+1580602834.94,-0002.93,+0002.93,+0016.60,+0004.59,+0002.37,-0010.95
+1580602834.95,-0004.88,+0003.91,+0016.60,-0000.08,-0005.90,-0012.02
+1580602834.95,+0005.86,+0005.86,+0018.55,+0004.98,-0001.76,-0004.59
+1580602834.96,+0002.93,+0005.86,+0016.60,-0005.05,+0008.88,-0013.78
+1580602834.96,-0013.67,+0003.91,+0017.58,+0001.61,-0001.07,-0014.47
+1580602834.97,+0009.77,+0009.77,+0018.55,-0002.76,+0003.06,-0012.25
+1580602834.97,+0004.88,+0002.93,+0016.60,+0001.53,+0006.51,-0016.92
+1580602834.98,-0002.93,+0005.86,+0016.60,-0000.38,-0011.33,-0002.91
+1580602834.98,+0013.67,+0010.74,+0015.62,-0006.89,+0000.15,-0014.09
+1580602834.99,-0000.98,+0002.93,+0015.62,+0004.75,-0001.30,-0008.19
+1580602834.99,+0004.88,+0009.77,+0016.60,+0002.45,+0001.38,-0011.71
+1580602835.00,+0004.88,+0008.79,+0016.60,+0000.46,-0002.14,-0018.22
+1580602835.00,+0016.60,+0007.81,+0017.58,-0002.30,-0001.00,-0007.73
+1580602835.01,+0003.91,+0006.84,+0014.65,-0004.59,+0001.00,-0007.35
+1580602835.01,-0000.98,+0008.79,+0014.65,+0006.05,+0000.15,-0002.91
+1580602835.02,+0003.91,+0009.77,+0014.65,-0002.22,+0001.61,-0016.69
+1580602835.02,+0017.58,+0006.84,+0014.65,+0000.23,+0006.97,-0005.67
+1580602835.03,+0000.98,+0007.81,+0012.70,-0000.23,+0006.89,-0011.48
+1580602835.03,-0007.81,+0008.79,+0013.67,+0001.45,-0006.97,-0004.36
+1580602835.04,+0010.74,+0011.72,+0013.67,-0008.27,+0006.51,-0005.97
+1580602835.04,-0000.98,+0004.88,+0011.72,+0005.13,+0005.90,-0017.61
+1580602835.05,-0004.88,+0010.74,+0010.74,-0004.06,-0009.03,-0003.22
+1580602835.05,+0008.79,+0011.72,+0010.74,+0003.52,-0001.23,-0008.50
+1580602835.06,-0008.79,+0005.86,+0009.77,+0003.37,+0002.83,-0012.33
+1580602835.06,-0007.81,+0012.70,+0011.72,+0000.15,-0008.19,-0006.89
+1580602835.07,+0003.91,+0013.67,+0010.74,-0001.23,+0005.13,-0016.54
+1580602835.07,-0004.88,+0006.84,+0009.77,+0005.44,-0001.30,-0007.27
+1580602835.08,-0001.95,+0013.67,+0008.79,-0005.28,-0000.38,-0009.11
+1580602835.08,-0006.84,+0011.72,+0007.81,-0001.30,+0001.30,-0015.93
+1580602835.09,+0003.91,+0010.74,+0006.84,-0000.08,-0007.20,-0001.53
+1580602835.09,-0007.81,+0011.72,+0004.88,-0003.22,-0002.99,-0010.49
+1580602835.10,-0007.81,+0012.70,+0005.86,+0004.06,-0004.67,-0006.89
+1580602835.10,+0003.91,+0014.65,+0005.86,-0001.38,+0002.99,-0014.78
+1580602835.11,-0006.84,+0007.81,+0005.86,+0004.52,-0001.38,-0006.20
+1580602835.11,-0007.81,+0015.62,+0003.91,-0003.83,+0007.89,-0018.07
+1580602835.12,-0011.72,+0011.72,+0002.93,-0000.77,-0008.73,-0015.70
+1580602835.12,+0010.74,+0013.67,+0003.91,+0001.53,-0003.52,-0012.10
+1580602835.13,+0003.91,+0009.77,+0002.93,+0001.91,+0000.54,-0010.41
+1580602835.13,-0010.74,+0013.67,+0001.95,+0001.23,-0002.30,-0007.35
+1580602835.14,+0002.93,+0014.65,+0001.95,-0001.38,-0001.23,-0014.32
+1580602835.14,+0008.79,+0010.74,+0000.98,-0004.67,+0002.14,-0007.27
+1580602835.15,-0001.95,+0010.74,+0000.00,+0002.45,+0000.84,-0007.20
+1580602835.15,-0006.84,+0012.70,+0000.00,-0003.75,-0003.45,-0011.10
+1580602835.16,+0006.84,+0008.79,+0000.00,-0001.53,-0005.05,-0005.67
+1580602835.16,-0001.95,+0008.79,-0001.95,-0003.90,+0003.22,-0013.32
+1580602835.16,-0016.60,+0009.77,-0000.98,+0004.67,-0005.13,-0003.45
+1580602835.17,+0000.98,+0012.70,-0000.98,-0001.15,+0002.60,-0015.08
+1580602835.17,-0004.88,+0002.93,-0001.95,+0006.51,+0002.37,-0014.32
+1580602835.18,-0010.74,+0010.74,-0000.98,-0005.82,-0006.58,-0005.13
+1580602835.18,+0001.95,+0009.77,-0000.98,+0002.53,+0005.28,-0010.87
+1580602835.19,-0010.74,+0004.88,-0002.93,-0006.74,+0001.15,-0008.65
+1580602835.19,-0010.74,+0007.81,-0001.95,+0000.15,+0001.15,-0012.79
+1580602835.20,-0007.81,+0008.79,-0001.95,-0003.37,-0004.82,-0004.21
+1580602835.20,-0003.91,+0003.91,-0003.91,+0003.14,+0005.97,-0009.65
+1580602835.21,-0015.62,+0003.91,-0005.86,-0006.12,+0001.15,-0014.78
+1580602835.21,-0007.81,+0006.84,-0004.88,+0001.61,+0004.13,-0019.83
+1580602835.22,-0009.77,+0003.91,-0005.86,-0003.75,-0000.61,-0013.17
+1580602835.22,+0000.00,+0002.93,-0004.88,+0005.97,-0003.29,-0005.21
+1580602835.23,-0006.84,+0005.86,-0004.88,-0004.59,-0001.61,-0008.42
+1580602835.23,-0004.88,+0003.91,-0002.93,+0005.59,-0004.13,-0006.58
+1580602835.24,+0005.86,+0004.88,-0003.91,-0002.37,+0001.53,-0006.28
+1580602835.24,-0006.84,+0001.95,-0004.88,+0000.31,+0003.37,-0009.26
+1580602835.25,-0006.84,+0005.86,-0004.88,-0003.14,-0004.90,-0014.55
+1580602835.25,+0010.74,+0001.95,-0003.91,+0002.14,-0002.14,-0005.59
+1580602835.26,-0001.95,+0000.98,-0005.86,-0000.08,+0010.64,-0019.22
+1580602835.26,-0004.88,+0003.91,-0003.91,+0002.76,-0005.59,-0010.57
+1580602835.27,+0014.65,+0005.86,-0003.91,-0004.44,+0003.22,-0011.41
+1580602835.27,+0000.00,-0002.93,-0004.88,+0001.53,+0002.60,-0008.04
+1580602835.28,+0002.93,+0005.86,-0001.95,+0001.91,-0007.89,-0004.13
+1580602835.28,+0008.79,+0001.95,+0000.00,-0001.15,+0001.53,-0010.95
+1580602835.29,-0002.93,-0000.98,-0000.98,+0001.45,+0001.15,-0010.26
+1580602835.29,-0001.95,+0004.88,-0001.95,+0001.23,+0002.83,-0018.99
+1580602835.30,+0014.65,+0000.00,-0001.95,+0002.76,+0006.81,-0005.67
+1580602835.30,+0010.74,-0001.95,-0004.88,-0001.07,+0006.66,-0010.95
+1580602835.31,-0017.58,+0000.00,-0003.91,+0004.98,-0002.99,-0005.82
+1580602835.31,+0003.91,+0008.79,-0000.98,+0001.30,-0002.83,-0010.95
+1580602835.32,+0013.67,-0002.93,+0000.00,+0002.68,-0000.15,+0003.90
+1580602835.32,+0003.91,-0001.95,+0000.00,+0000.15,+0007.89,-0008.50
+1580602835.33,-0017.58,+0004.88,+0000.00,-0005.90,-0003.06,-0007.35
+1580602835.33,-0000.98,+0005.86,-0000.98,-0005.59,-0000.54,-0010.49
+1580602835.34,+0006.84,-0002.93,-0001.95,+0001.68,+0005.05,-0008.12
+1580602835.34,-0004.88,+0002.93,-0001.95,+0001.07,+0001.99,-0009.57
+1580602835.35,-0005.86,+0005.86,-0001.95,-0006.12,-0006.12,-0004.98
+1580602835.35,-0000.98,+0004.88,-0002.93,-0003.22,+0007.43,-0017.92
+1580602835.36,-0013.67,+0001.95,-0000.98,+0007.66,-0006.89,-0006.74
+1580602835.36,+0004.88,+0011.72,+0000.98,+0002.45,-0000.77,-0010.95
+1580602835.37,-0003.91,+0004.88,+0000.00,+0004.90,+0002.22,-0014.39
+1580602835.37,-0006.84,+0008.79,+0000.00,-0002.99,-0008.04,-0008.65
+1580602835.38,+0007.81,+0010.74,+0000.98,-0000.61,+0001.00,-0010.95
+1580602835.38,-0003.91,+0007.81,+0000.98,+0000.77,+0004.59,-0014.70
+1580602835.39,-0005.86,+0011.72,+0000.98,+0004.36,-0004.06,-0012.48
+1580602835.39,+0007.81,+0013.67,+0000.98,-0002.68,+0001.00,-0007.73
+1580602835.40,+0000.98,+0007.81,+0000.98,+0000.54,+0003.22,-0014.78
+1580602835.40,-0002.93,+0012.70,+0001.95,-0001.53,-0004.59,-0010.49
+1580602835.41,+0007.81,+0014.65,+0000.98,-0001.99,+0001.23,-0009.88
+1580602835.41,+0001.95,+0008.79,-0000.98,-0000.61,-0000.38,-0016.54
+1580602835.42,+0004.88,+0012.70,+0000.98,-0001.23,-0002.76,-0009.65
+1580602835.42,+0004.88,+0015.62,+0000.00,-0001.68,-0002.45,-0014.32
+1580602835.43,+0007.81,+0011.72,+0000.00,+0001.15,-0001.53,-0007.66
+1580602835.43,+0007.81,+0014.65,-0000.98,-0001.45,+0000.77,-0013.17
+1580602835.44,+0002.93,+0013.67,+0000.00,+0001.38,-0000.84,-0008.12
+1580602835.44,+0008.79,+0015.62,+0000.00,-0004.36,-0000.61,-0006.51
+1580602835.45,+0005.86,+0013.67,-0000.98,-0000.77,+0001.99,-0010.57
+1580602835.45,+0003.91,+0015.62,-0000.98,-0004.82,-0007.50,+0001.91
+1580602835.46,+0003.91,+0016.60,-0000.98,-0007.20,-0001.99,-0010.26
+1580602835.46,+0000.00,+0013.67,+0000.00,+0003.06,-0004.90,-0007.43
+1580602835.47,+0010.74,+0018.55,+0000.00,-0002.30,+0001.91,-0006.12
+1580602835.47,-0005.86,+0014.65,-0000.98,-0000.31,+0009.19,-0019.91
+1580602835.48,+0001.95,+0018.55,+0000.98,+0000.77,-0001.68,-0012.63
+1580602835.48,+0010.74,+0019.53,-0000.98,-0005.51,+0002.45,-0008.58
+1580602835.49,-0004.88,+0012.70,-0002.93,-0001.38,+0003.52,-0001.68
+1580602835.49,-0004.88,+0019.53,-0003.91,-0002.30,+0001.99,-0011.64
+1580602835.50,-0001.95,+0018.55,-0003.91,-0000.61,-0001.00,-0014.39
+1580602835.50,+0002.93,+0013.67,-0004.88,+0002.45,-0001.76,-0000.15
+1580602835.51,-0006.84,+0018.55,-0006.84,+0000.08,+0005.97,-0018.07
+1580602835.51,-0008.79,+0015.62,-0005.86,+0011.48,-0000.15,-0011.10
+1580602835.52,+0006.84,+0020.51,-0005.86,-0008.65,+0004.75,-0017.69
+1580602835.52,-0007.81,+0010.74,-0007.81,-0000.46,-0004.36,-0007.43
+1580602835.53,+0000.00,+0020.51,-0008.79,-0008.50,+0003.22,-0016.54
+1580602835.53,-0003.91,+0013.67,-0008.79,+0002.91,-0001.76,-0003.98
+1580602835.54,+0000.98,+0016.60,-0008.79,+0001.53,-0001.07,-0012.33
+1580602835.54,-0003.91,+0013.67,-0008.79,-0006.12,+0001.00,-0009.88
+1580602835.55,-0001.95,+0016.60,-0009.77,-0005.44,-0002.22,-0009.11
+1580602835.55,+0000.00,+0011.72,-0011.72,-0002.91,+0001.07,-0014.39
+1580602835.56,+0000.98,+0011.72,-0012.70,-0004.13,-0003.68,-0009.72
+1580602835.56,+0000.98,+0010.74,-0014.65,-0001.23,+0000.69,-0014.39
+1580602835.57,-0003.91,+0010.74,-0014.65,+0001.00,-0007.81,-0011.25
+1580602835.57,+0009.77,+0010.74,-0013.67,-0000.31,-0002.14,-0012.02
+1580602835.58,+0005.86,+0007.81,-0013.67,-0005.05,+0000.23,-0010.64
+1580602835.58,+0001.95,+0007.81,-0013.67,-0001.68,-0004.13,-0000.54
+1580602835.59,+0007.81,+0007.81,-0015.62,-0003.22,+0006.28,-0016.23
+1580602835.59,-0005.86,+0003.91,-0017.58,-0003.29,-0001.30,-0012.25
+1580602835.60,+0007.81,+0005.86,-0016.60,+0003.75,-0004.06,-0007.20
+1580602835.60,+0001.95,+0002.93,-0017.58,-0004.59,-0001.68,-0006.43
+1580602835.61,-0001.95,+0000.98,-0017.58,+0006.43,-0004.13,-0005.36
+1580602835.61,+0003.91,+0002.93,-0017.58,-0004.90,+0001.30,-0006.81
+1580602835.62,-0003.91,-0001.95,-0017.58,+0001.07,-0002.76,-0010.80
+1580602835.62,+0002.93,+0000.98,-0017.58,-0002.53,-0006.66,+0002.83
+1580602835.63,+0003.91,-0000.98,-0019.53,+0001.15,+0014.39,-0018.83
+1580602835.63,-0017.58,-0004.88,-0020.51,-0009.80,-0006.20,-0007.20
+1580602835.64,+0000.98,+0002.93,-0018.55,-0010.49,-0000.15,-0015.24
+1580602835.64,+0001.95,-0008.79,-0019.53,+0000.61,+0000.61,-0005.74
+1580602835.65,-0005.86,-0003.91,-0019.53,+0002.83,+0004.13,-0011.87
+1580602835.65,-0014.65,-0002.93,-0018.55,+0006.43,-0002.91,-0009.19
+1580602835.66,+0005.86,-0003.91,-0018.55,-0004.06,+0000.00,-0007.96
+1580602835.66,+0002.93,-0011.72,-0020.51,-0003.29,+0000.15,-0007.04
+1580602835.67,-0008.79,-0005.86,-0020.51,+0004.44,+0001.68,-0005.51
+1580602835.67,-0010.74,-0003.91,-0020.51,-0000.15,-0002.76,-0014.01
+1580602835.68,+0002.93,-0009.77,-0019.53,+0000.46,-0002.76,-0012.94
+1580602835.68,+0008.79,-0010.74,-0019.53,-0005.44,-0002.07,-0007.96
+1580602835.69,-0003.91,-0008.79,-0020.51,-0003.45,-0005.82,-0008.50
+1580602835.69,+0000.98,-0007.81,-0019.53,+0000.84,-0000.92,-0014.47
+1580602835.70,+0007.81,-0009.77,-0019.53,-0001.23,+0000.15,-0011.94
+1580602835.70,+0006.84,-0012.70,-0019.53,+0000.61,-0001.00,-0006.74
+1580602835.71,+0003.91,-0008.79,-0017.58,-0004.06,-0005.44,-0006.74
+1580602835.71,+0005.86,-0010.74,-0017.58,+0000.54,+0003.68,-0015.62
+1580602835.72,+0007.81,-0012.70,-0016.60,-0002.99,-0004.21,-0005.36
+1580602835.72,+0006.84,-0011.72,-0017.58,-0005.74,-0000.23,-0016.08
+1580602835.73,+0005.86,-0012.70,-0019.53,+0000.61,-0008.04,-0001.30
+1580602835.73,+0014.65,-0013.67,-0020.51,+0001.30,+0007.04,-0015.08
+1580602835.74,-0005.86,-0014.65,-0020.51,-0005.36,-0000.08,-0009.19
+1580602835.74,+0004.88,-0008.79,-0017.58,-0002.60,-0001.38,-0015.39
+1580602835.75,+0005.86,-0014.65,-0015.62,-0001.61,+0001.99,-0007.58
+1580602835.75,+0001.95,-0012.70,-0013.67,+0006.20,+0000.92,-0005.05
+1580602835.76,-0001.95,-0010.74,-0012.70,-0004.52,-0000.31,-0005.44
+1580602835.76,+0002.93,-0011.72,-0013.67,-0001.38,+0004.59,-0005.67
+1580602835.77,-0006.84,-0013.67,-0015.62,-0000.38,+0005.97,-0014.16
+1580602835.77,-0007.81,-0011.72,-0014.65,+0000.31,-0007.81,-0005.05
+1580602835.78,+0001.95,-0010.74,-0014.65,-0002.30,+0007.20,-0012.02
+1580602835.78,-0010.74,-0014.65,-0014.65,+0003.29,-0002.76,-0010.72
+1580602835.79,-0003.91,-0007.81,-0012.70,-0000.46,-0002.76,-0010.03
+1580602835.79,-0000.98,-0009.77,-0012.70,-0003.83,+0002.45,-0015.31
+1580602835.80,-0000.98,-0011.72,-0012.70,+0004.75,+0001.30,-0002.22
+1580602835.80,-0003.91,-0006.84,-0012.70,-0005.90,+0005.36,-0015.62
+1580602835.81,-0011.72,-0008.79,-0011.72,-0001.38,-0005.74,-0008.96
+1580602835.81,+0004.88,-0005.86,-0011.72,-0003.52,+0004.67,-0017.92
+1580602835.82,-0001.95,-0009.77,-0012.70,-0000.92,-0004.29,-0008.12
+1580602835.82,+0000.00,-0003.91,-0010.74,+0003.83,+0002.76,-0017.30
+1580602835.83,-0000.98,-0005.86,-0008.79,-0002.45,-0004.52,-0009.34
+1580602835.83,+0006.84,-0003.91,-0008.79,-0002.83,+0002.99,-0014.24
+1580602835.84,-0002.93,-0003.91,-0009.77,-0001.68,-0005.74,-0004.75
+1580602835.84,+0006.84,-0000.98,-0009.77,+0005.28,+0001.99,-0011.87
+1580602835.85,+0000.98,-0005.86,-0009.77,+0001.68,-0003.98,-0009.95
+1580602835.85,+0005.86,-0000.98,-0008.79,+0000.08,-0001.07,-0010.26
+1580602835.86,+0002.93,-0001.95,-0008.79,-0002.60,+0004.75,-0015.54
+1580602835.86,+0002.93,-0000.98,-0007.81,+0000.38,-0005.51,-0011.10
+1580602835.87,+0013.67,+0000.00,-0007.81,+0000.38,+0005.82,-0017.76
+1580602835.87,+0000.98,-0002.93,-0006.84,-0000.92,-0005.21,-0004.59
+1580602835.88,+0008.79,+0000.00,-0006.84,+0004.82,-0000.84,-0012.33
+1580602835.88,+0004.88,-0001.95,-0008.79,+0004.13,+0001.76,-0008.96
+1580602835.89,+0002.93,+0000.00,-0007.81,-0000.77,-0000.23,-0004.67
+1580602835.89,+0005.86,+0000.00,-0006.84,-0001.15,+0000.69,-0009.95
+1580602835.90,-0001.95,+0000.00,-0006.84,+0001.23,+0002.83,-0011.25
+1580602835.90,-0000.98,+0000.00,-0005.86,+0003.14,-0002.91,-0006.35
+1580602835.91,+0006.84,+0000.00,-0005.86,-0003.68,-0000.54,-0007.96
+1580602835.91,-0001.95,-0002.93,-0005.86,-0003.45,+0001.61,-0006.58
+1580602835.92,-0004.88,+0001.95,-0006.84,-0001.84,+0001.45,-0016.15
+1580602835.92,-0003.91,+0000.00,-0006.84,+0000.23,-0003.68,-0006.74
+1580602835.93,+0002.93,-0000.98,-0006.84,+0002.07,+0001.15,-0009.34
+1580602835.93,-0004.88,-0000.98,-0007.81,-0001.53,+0001.68,-0009.80
+1580602835.94,+0000.98,+0001.95,-0006.84,-0000.54,-0001.23,-0006.74
+1580602835.94,-0000.98,-0000.98,-0007.81,-0002.07,+0006.12,-0013.86
+1580602835.95,-0010.74,+0000.98,-0006.84,+0001.15,-0004.21,-0007.27
+1580602835.95,+0004.88,+0002.93,-0005.86,+0001.23,-0000.84,-0006.89
+1580602835.96,-0008.79,+0000.00,-0007.81,-0005.13,-0001.38,-0009.88
+1580602835.96,-0002.93,+0001.95,-0005.86,+0008.04,-0003.45,-0009.49
+1580602835.97,+0003.91,+0003.91,-0005.86,-0007.20,+0003.60,-0010.41
+1580602835.97,-0014.65,-0000.98,-0007.81,-0001.68,-0005.90,-0007.27
+1580602835.98,-0000.98,+0004.88,-0008.79,+0001.68,+0001.38,-0010.49
+1580602835.98,-0001.95,+0001.95,-0008.79,-0001.45,+0006.74,-0013.25
+1580602835.99,-0008.79,-0000.98,-0008.79,+0002.68,-0003.14,-0002.91
+1580602835.99,-0008.79,+0005.86,-0007.81,-0009.19,-0006.28,-0010.80
+1580602836.00,-0001.95,+0000.98,-0006.84,+0002.60,+0004.21,-0016.84
+1580602836.00,-0001.95,+0000.98,-0007.81,-0006.74,-0000.84,-0008.12
+1580602836.01,-0007.81,+0001.95,-0007.81,+0001.45,-0003.75,-0012.33
+1580602836.01,-0001.95,+0003.91,-0007.81,+0000.31,-0004.29,-0010.03
+1580602836.02,+0006.84,+0000.98,-0007.81,-0001.23,-0000.77,-0008.35
+1580602836.02,-0002.93,+0000.98,-0008.79,-0002.37,+0003.68,-0013.40
+1580602836.03,+0001.95,+0002.93,-0007.81,+0001.76,-0001.84,-0006.12
+1580602836.03,+0004.88,+0000.98,-0008.79,+0000.31,+0006.43,-0015.01
+1580602836.04,-0005.86,-0000.98,-0008.79,-0001.68,-0006.20,-0007.96
+1580602836.04,+0004.88,+0002.93,-0007.81,-0003.60,+0000.00,-0008.96
+1580602836.05,+0001.95,-0002.93,-0007.81,+0001.15,+0002.37,-0006.66
+1580602836.05,-0005.86,-0000.98,-0007.81,+0002.07,+0002.14,-0010.41
+1580602836.06,+0000.00,+0000.00,-0007.81,-0000.46,-0005.28,-0008.73
+1580602836.06,+0004.88,-0001.95,-0008.79,-0003.83,+0003.60,-0011.18
+1580602836.07,-0008.79,-0003.91,-0007.81,+0003.14,+0001.76,-0009.42
+1580602836.07,-0004.88,+0001.95,-0006.84,+0002.37,-0002.30,-0008.19
+1580602836.08,-0000.98,-0003.91,-0006.84,-0000.31,-0000.77,-0009.57
+1580602836.08,-0003.91,-0004.88,-0008.79,-0001.91,+0000.08,-0005.67
+1580602836.09,-0005.86,-0003.91,-0008.79,+0001.99,+0003.83,-0009.57
+1580602836.09,-0012.70,-0004.88,-0008.79,-0002.07,+0001.00,-0013.02
+1580602836.10,-0004.88,-0005.86,-0007.81,-0000.84,-0001.61,-0014.70
+1580602836.10,+0000.98,-0005.86,-0008.79,-0002.91,+0000.92,-0011.10
+1580602836.11,-0003.91,-0007.81,-0008.79,+0000.69,+0001.15,-0011.71
+1580602836.11,-0001.95,-0005.86,-0009.77,+0000.38,-0003.37,-0012.71
+1580602836.12,+0001.95,-0006.84,-0009.77,+0003.29,+0002.60,-0015.93
+1580602836.12,-0005.86,-0008.79,-0010.74,-0004.36,-0003.45,-0006.43
+1580602836.13,+0001.95,-0007.81,-0009.77,+0002.14,-0000.15,-0012.56
+1580602836.13,+0000.98,-0010.74,-0010.74,+0003.22,-0002.83,-0009.72
+1580602836.14,+0000.98,-0010.74,-0010.74,-0000.54,-0002.60,-0009.72
+1580602836.14,+0005.86,-0010.74,-0011.72,-0002.68,-0004.44,-0005.13
+1580602836.15,+0004.88,-0013.67,-0012.70,-0001.00,-0000.61,-0011.33
+1580602836.15,+0000.00,-0012.70,-0011.72,+0001.38,-0004.29,-0007.58
+1580602836.16,+0012.70,-0011.72,-0009.77,+0004.29,-0001.07,-0013.25
+1580602836.16,+0009.77,-0015.62,-0010.74,-0003.22,-0001.15,-0008.50
+1580602836.17,+0003.91,-0013.67,-0009.77,-0001.30,+0000.69,-0015.47
+1580602836.17,+0006.84,-0012.70,-0009.77,+0000.84,-0004.67,-0004.98
+1580602836.18,+0014.65,-0015.62,-0010.74,-0000.61,+0003.22,-0009.19
+1580602836.18,+0001.95,-0017.58,-0011.72,-0004.13,-0000.84,-0008.42
+1580602836.19,-0000.98,-0013.67,-0009.77,-0000.38,-0002.37,-0008.58
+1580602836.19,+0007.81,-0017.58,-0008.79,-0001.23,+0003.60,-0009.88
+1580602836.20,+0003.91,-0019.53,-0008.79,-0002.83,-0003.75,-0002.22
+1580602836.20,-0002.93,-0018.55,-0009.77,-0000.46,+0004.21,-0013.40
+1580602836.21,-0013.67,-0019.53,-0009.77,-0000.46,-0002.91,-0008.35
+1580602836.21,+0000.98,-0019.53,-0008.79,+0004.82,+0000.69,-0015.39
+1580602836.22,+0003.91,-0023.44,-0008.79,-0008.35,-0001.53,-0006.97
+1580602836.22,-0012.70,-0019.53,-0007.81,-0001.45,+0001.23,-0012.48
+1580602836.23,-0012.70,-0018.55,-0005.86,+0002.14,-0005.05,-0004.82
+1580602836.23,+0000.00,-0018.55,-0005.86,+0002.45,+0003.45,-0013.70
+1580602836.24,-0013.67,-0024.41,-0005.86,+0003.68,-0006.20,-0005.51
+1580602836.24,-0001.95,-0015.62,-0003.91,-0003.37,-0001.07,-0009.57
+1580602836.25,-0007.81,-0020.51,-0005.86,+0001.53,+0005.28,-0011.18
+1580602836.25,-0011.72,-0017.58,-0003.91,+0005.51,-0004.21,-0007.89
+1580602836.26,+0000.98,-0014.65,+0000.00,+0000.00,+0001.00,-0013.55
+1580602836.26,-0002.93,-0017.58,+0001.95,+0001.45,-0003.98,-0007.35
+1580602836.27,-0006.84,-0013.67,+0001.95,+0003.22,+0007.04,-0014.16
+1580602836.27,-0009.77,-0009.77,+0003.91,+0003.45,-0000.54,-0013.02
+1580602836.28,-0000.98,-0009.77,+0005.86,+0004.36,+0000.84,-0018.15
+1580602836.28,+0001.95,-0010.74,+0006.84,-0001.76,-0008.88,-0001.45
+1580602836.29,-0003.91,-0004.88,+0007.81,+0007.66,+0009.42,-0017.69
+1580602836.29,-0013.67,-0006.84,+0009.77,+0009.11,-0007.89,-0009.49
+1580602836.30,+0008.79,-0001.95,+0010.74,-0001.99,+0002.37,-0014.93
+1580602836.30,-0000.98,-0006.84,+0011.72,-0000.46,+0000.15,-0005.36
+1580602836.31,-0007.81,+0001.95,+0013.67,+0010.34,+0004.59,-0014.70
+1580602836.31,+0005.86,+0000.98,+0016.60,+0003.45,+0003.52,-0008.42
+1580602836.32,+0003.91,+0000.98,+0017.58,+0000.38,+0006.89,-0020.06
+1580602836.32,-0006.84,+0000.98,+0017.58,+0000.54,-0006.81,-0004.52
+1580602836.33,+0002.93,+0010.74,+0020.51,-0003.37,-0001.30,-0015.47
+1580602836.33,+0004.88,+0001.95,+0021.48,+0007.43,-0004.29,-0004.29
+1580602836.34,+0008.79,+0007.81,+0022.46,-0002.22,+0003.22,-0008.42
+1580602836.34,-0009.77,+0007.81,+0022.46,+0001.76,+0002.76,-0010.87
+1580602836.35,+0003.91,+0012.70,+0024.41,+0001.23,+0004.29,-0008.58
+1580602836.35,+0003.91,+0006.84,+0024.41,+0001.68,+0001.23,-0006.81
+1580602836.36,-0001.95,+0010.74,+0024.41,+0001.23,+0000.15,-0006.97
+1580602836.36,-0002.93,+0013.67,+0025.39,+0001.68,+0001.00,-0013.78
+1580602836.37,-0001.95,+0010.74,+0025.39,+0003.68,-0001.91,-0008.04
+1580602836.37,+0003.91,+0011.72,+0026.37,-0000.54,-0000.23,-0005.05
+1580602836.38,-0000.98,+0013.67,+0025.39,+0001.38,+0000.31,-0006.58
+1580602836.38,-0008.79,+0013.67,+0024.41,+0002.07,-0003.75,-0006.12
+1580602836.39,+0001.95,+0013.67,+0023.44,+0000.15,+0004.21,-0011.87
+1580602836.39,-0001.95,+0013.67,+0022.46,+0000.77,-0000.84,-0006.89
+1580602836.40,-0002.93,+0013.67,+0022.46,+0000.54,-0001.07,-0012.79
+1580602836.40,-0005.86,+0014.65,+0021.48,-0001.15,+0002.68,-0014.55
+1580602836.41,-0004.88,+0014.65,+0020.51,+0004.36,-0001.53,-0012.25
+1580602836.41,+0002.93,+0013.67,+0020.51,-0001.23,-0000.92,-0010.41
+1580602836.42,-0008.79,+0014.65,+0020.51,-0003.22,-0005.90,-0012.02
+1580602836.42,-0001.95,+0016.60,+0021.48,+0003.52,-0002.76,-0007.96
+1580602836.43,+0006.84,+0015.62,+0020.51,-0002.53,+0004.52,-0010.80
+1580602836.43,-0005.86,+0013.67,+0019.53,+0001.23,-0005.67,-0003.14
+1580602836.44,+0001.95,+0018.55,+0018.55,-0002.91,+0000.38,-0014.85
+1580602836.44,+0000.98,+0014.65,+0016.60,-0004.13,-0002.30,-0008.96
+1580602836.45,+0006.84,+0014.65,+0014.65,+0004.13,-0001.30,-0006.66
+1580602836.45,-0002.93,+0015.62,+0013.67,+0000.69,-0006.28,-0011.10
+1580602836.46,+0003.91,+0017.58,+0014.65,+0001.99,-0000.46,-0016.77
+1580602836.46,+0010.74,+0015.62,+0015.62,-0004.13,-0003.14,-0010.49
+1580602836.47,+0006.84,+0016.60,+0014.65,-0002.76,-0003.06,-0005.05
+1580602836.47,+0004.88,+0016.60,+0012.70,+0002.07,+0000.15,-0015.24
+1580602836.48,+0005.86,+0016.60,+0012.70,-0002.60,-0005.67,-0008.50
+1580602836.48,+0010.74,+0014.65,+0010.74,-0002.60,+0002.14,-0011.56
+1580602836.49,+0007.81,+0013.67,+0008.79,-0003.22,-0000.23,-0004.67
+1580602836.49,+0000.98,+0013.67,+0006.84,-0000.77,+0002.60,-0009.26
+1580602836.50,-0002.93,+0013.67,+0005.86,-0003.68,-0001.99,-0010.11
+1580602836.50,+0005.86,+0011.72,+0004.88,+0003.60,-0001.76,-0008.65
+1580602836.51,+0000.00,+0008.79,+0002.93,-0002.76,+0000.23,-0012.71
+1580602836.51,-0006.84,+0008.79,+0002.93,-0003.14,-0004.29,-0010.72
+1580602836.52,+0000.98,+0007.81,+0001.95,-0002.99,-0001.30,-0012.48
+1580602836.52,-0000.98,+0002.93,+0000.00,-0002.30,-0002.22,-0000.69
+1580602836.53,-0004.88,+0003.91,-0002.93,-0003.68,+0005.05,-0016.23
+1580602836.53,-0014.65,+0001.95,-0004.88,-0004.98,-0007.43,-0007.73
+1580602836.54,+0002.93,+0000.00,-0005.86,+0001.68,+0002.60,-0012.63
+1580602836.54,-0002.93,-0005.86,-0008.79,-0001.23,-0000.92,-0010.72
+1580602836.55,-0009.77,-0001.95,-0010.74,-0001.07,-0003.14,-0006.97
+1580602836.55,-0002.93,-0002.93,-0012.70,-0007.04,+0000.38,-0012.86
+1580602836.56,-0000.98,-0008.79,-0013.67,-0002.37,-0004.52,-0007.04
+1580602836.56,+0003.91,-0007.81,-0014.65,-0002.14,-0000.23,-0007.81
+1580602836.57,-0002.93,-0006.84,-0016.60,-0003.52,+0000.31,-0010.11
+1580602836.57,-0001.95,-0007.81,-0018.55,-0003.37,-0001.30,-0010.18
+1580602836.58,+0006.84,-0010.74,-0019.53,-0001.91,+0002.30,-0014.55
+1580602836.58,-0000.98,-0010.74,-0021.48,-0003.90,-0000.38,-0009.88
+1580602836.59,+0005.86,-0009.77,-0021.48,-0003.37,-0006.43,-0006.97
+1580602836.59,+0002.93,-0010.74,-0022.46,-0003.29,-0000.31,-0013.93
+1580602836.60,+0000.00,-0011.72,-0021.48,+0003.90,-0005.13,-0004.82
+1580602836.60,+0008.79,-0009.77,-0021.48,-0003.90,+0001.53,-0014.47
+1580602836.61,+0000.00,-0013.67,-0022.46,-0004.36,+0000.15,-0009.72
+1580602836.61,+0007.81,-0010.74,-0022.46,-0003.68,+0000.92,-0012.40
+1580602836.62,+0004.88,-0012.70,-0023.44,-0003.37,-0003.37,-0008.65
+1580602836.62,+0006.84,-0013.67,-0023.44,-0000.08,+0001.53,-0003.90
+1580602836.63,-0006.84,-0010.74,-0023.44,-0005.36,-0009.19,-0008.04
+1580602836.63,+0005.86,-0012.70,-0021.48,+0007.12,-0000.46,-0009.80
+1580602836.64,+0012.70,-0014.65,-0021.48,-0007.50,+0004.67,-0006.05
+1580602836.64,-0009.77,-0015.62,-0019.53,+0005.13,+0000.92,-0006.81
+1580602836.65,-0001.95,-0006.84,-0017.58,-0002.22,+0003.45,-0009.72
+1580602836.65,-0004.88,-0013.67,-0018.55,-0003.83,+0001.07,-0015.70
+1580602836.66,-0001.95,-0015.62,-0018.55,+0001.38,-0003.06,-0006.97
+1580602836.66,+0003.91,-0011.72,-0017.58,-0002.07,+0004.29,-0009.19
+1580602836.67,-0015.62,-0015.62,-0018.55,-0000.61,-0002.45,-0008.35
+1580602836.67,-0007.81,-0012.70,-0017.58,+0001.30,-0001.61,-0011.03
+1580602836.68,+0001.95,-0014.65,-0017.58,-0001.76,-0002.14,-0010.34
+1580602836.68,-0005.86,-0017.58,-0018.55,+0002.30,+0001.68,-0010.95
+1580602836.69,-0014.65,-0012.70,-0017.58,+0000.23,-0001.07,-0014.70
+1580602836.69,-0005.86,-0013.67,-0015.62,-0001.00,-0001.99,-0013.93
+1580602836.70,+0002.93,-0018.55,-0015.62,-0003.98,-0000.08,-0009.88
+1580602836.70,-0006.84,-0014.65,-0015.62,-0002.37,-0004.75,-0000.23
+1580602836.71,-0004.88,-0012.70,-0014.65,+0001.68,+0003.98,-0015.24
+1580602836.71,-0008.79,-0016.60,-0014.65,-0007.43,-0002.07,-0011.87
+1580602836.72,+0002.93,-0015.62,-0013.67,-0001.30,+0001.23,-0007.58
+1580602836.72,+0001.95,-0015.62,-0014.65,-0002.83,+0000.84,-0012.10
+1580602836.73,-0008.79,-0014.65,-0013.67,+0000.00,-0002.14,-0007.50
+1580602836.73,+0000.98,-0012.70,-0014.65,+0000.77,+0000.15,-0010.87
+1580602836.74,+0000.00,-0015.62,-0015.62,+0001.30,-0004.21,-0015.24
+1580602836.74,+0006.84,-0013.67,-0013.67,-0001.45,-0003.06,-0000.31
+1580602836.75,+0000.98,-0011.72,-0011.72,+0001.38,+0009.03,-0023.35
+1580602836.75,-0005.86,-0012.70,-0010.74,+0008.73,-0002.68,-0013.32
+1580602836.76,+0014.65,-0008.79,-0010.74,-0009.49,+0004.44,-0011.87
+1580602836.76,+0000.98,-0016.60,-0009.77,+0002.22,+0000.77,-0011.64
+1580602836.77,+0001.95,-0006.84,-0007.81,+0000.92,-0004.44,-0006.20
+1580602836.77,+0005.86,-0009.77,-0006.84,-0002.99,-0002.45,-0007.04
+1580602836.78,+0004.88,-0013.67,-0007.81,+0002.07,-0000.61,-0004.44
+1580602836.78,+0003.91,-0009.77,-0007.81,-0001.53,+0003.37,-0004.36
+1580602836.79,-0004.88,-0008.79,-0007.81,-0003.29,-0002.60,-0008.12
+1580602836.79,+0000.98,-0010.74,-0005.86,+0003.90,-0003.60,-0005.44
+1580602836.80,+0007.81,-0010.74,-0002.93,-0001.84,+0005.28,-0007.50
+1580602836.80,-0011.72,-0008.79,-0002.93,+0002.30,+0005.21,-0013.70
+1580602836.81,-0004.88,-0005.86,-0000.98,+0002.60,+0003.37,-0015.39
+1580602836.81,-0001.95,-0009.77,-0000.98,-0003.52,+0002.37,-0009.42
+1580602836.82,-0001.95,-0010.74,-0000.98,+0002.76,-0001.76,-0002.76
+1580602836.82,-0011.72,-0005.86,-0001.95,+0000.31,+0000.15,-0011.25
+1580602836.83,-0009.77,-0007.81,+0000.00,+0004.90,-0000.46,-0011.18
+1580602836.83,+0000.98,-0008.79,+0000.98,-0001.23,-0005.82,-0009.42
+1580602836.84,+0000.00,-0009.77,+0000.98,+0000.31,+0001.30,-0005.90
+1580602836.84,-0009.77,-0004.88,+0000.98,-0002.68,+0000.46,-0014.09
+1580602836.85,-0008.79,-0006.84,+0001.95,+0000.31,-0004.82,-0009.42
+1580602836.85,+0001.95,-0006.84,+0002.93,+0000.23,+0001.68,-0018.15
+1580602836.86,-0001.95,-0008.79,+0002.93,-0001.00,+0000.23,-0010.11
+1580602836.86,-0006.84,-0002.93,+0002.93,-0004.59,-0000.54,-0015.31
+1580602836.87,-0002.93,-0004.88,+0004.88,+0002.45,-0004.82,-0010.41
+1580602836.87,+0008.79,-0005.86,+0004.88,+0000.77,+0001.00,-0006.81
+1580602836.88,-0002.93,-0005.86,+0003.91,-0000.38,-0002.76,-0010.11
+1580602836.88,-0005.86,-0001.95,+0003.91,-0000.31,-0001.91,-0010.49
+1580602836.89,+0003.91,-0004.88,+0004.88,+0002.91,+0000.15,-0013.40
+1580602836.89,+0005.86,-0006.84,+0004.88,+0000.61,-0001.61,-0011.33
+1580602836.90,+0000.00,-0001.95,+0005.86,-0001.68,-0003.22,-0009.57
+1580602836.90,+0005.86,-0002.93,+0006.84,+0003.29,-0000.77,-0007.27
+1580602836.91,+0001.95,-0003.91,+0005.86,-0000.92,+0005.13,-0013.93
+1580602836.91,+0000.00,-0001.95,+0006.84,+0002.68,+0001.99,-0007.43
+1580602836.92,+0000.98,-0001.95,+0006.84,-0002.60,+0006.05,-0015.54
+1580602836.92,-0005.86,-0004.88,+0006.84,+0000.15,-0005.21,-0011.87
+1580602836.93,+0008.79,-0003.91,+0006.84,-0000.69,-0002.45,-0004.44
+1580602836.93,-0011.72,-0005.86,+0004.88,+0000.31,-0003.98,-0005.44
+1580602836.94,-0004.88,-0002.93,+0005.86,+0002.91,-0000.84,-0008.27
+1580602836.94,+0001.95,-0005.86,+0004.88,-0003.06,+0001.07,-0011.87
+1580602836.95,+0000.00,-0008.79,+0005.86,+0003.06,+0000.69,-0001.00
+1580602836.95,-0000.98,-0005.86,+0005.86,-0001.99,+0003.98,-0011.25
+1580602836.96,-0014.65,-0006.84,+0005.86,+0000.31,-0000.92,-0014.70
+1580602836.96,-0001.95,-0006.84,+0004.88,+0000.46,-0006.58,-0009.11
+1580602836.97,+0005.86,-0010.74,+0003.91,-0001.23,+0002.53,-0010.80
+1580602836.97,-0007.81,-0010.74,+0004.88,+0001.23,+0000.84,-0010.95
+1580602836.98,-0005.86,-0004.88,+0005.86,+0000.38,-0004.82,-0009.80
+1580602836.98,+0000.98,-0010.74,+0005.86,-0000.31,-0001.45,-0006.28
+1580602836.99,+0000.98,-0011.72,+0003.91,-0001.38,-0000.08,-0008.27
+1580602836.99,-0004.88,-0008.79,+0002.93,-0001.15,+0001.61,-0012.02
+1580602837.00,-0003.91,-0008.79,+0002.93,-0000.38,-0002.37,-0008.19
+1580602837.00,+0001.95,-0009.77,+0002.93,-0000.84,-0002.60,-0007.43
+1580602837.01,+0000.00,-0009.77,+0005.86,+0003.52,-0000.31,-0010.72
+1580602837.01,-0000.98,-0007.81,+0006.84,-0000.54,+0002.14,-0008.35
+1580602837.02,-0000.98,-0007.81,+0005.86,-0002.37,-0001.38,-0003.06
+1580602837.02,+0003.91,-0007.81,+0005.86,+0000.08,+0007.35,-0020.29
+1580602837.03,-0010.74,-0007.81,+0006.84,-0001.91,-0004.59,-0010.49
+1580602837.03,+0005.86,-0003.91,+0008.79,+0007.20,-0001.45,-0013.86
+1580602837.04,+0007.81,-0008.79,+0008.79,+0002.37,+0000.23,-0009.26
+1580602837.04,-0000.98,-0004.88,+0008.79,+0003.60,-0001.99,-0010.57
+1580602837.05,+0000.98,-0002.93,+0009.77,-0001.61,-0000.92,-0010.95
+1580602837.05,+0011.72,-0004.88,+0010.74,+0004.75,-0003.29,-0007.89
+1580602837.06,+0008.79,-0005.86,+0010.74,+0003.52,+0002.91,-0013.78
+1580602837.06,-0005.86,+0000.98,+0011.72,-0000.84,-0005.59,-0005.36
+1580602837.07,+0005.86,+0000.98,+0013.67,+0006.35,+0003.60,-0014.85
+1580602837.07,+0007.81,-0003.91,+0013.67,+0001.68,-0000.15,-0006.89
+1580602837.08,+0005.86,+0000.00,+0015.62,-0000.69,+0002.30,-0007.12
+1580602837.08,-0000.98,+0001.95,+0016.60,-0000.61,-0001.23,-0006.12
+1580602837.09,+0005.86,+0000.00,+0015.62,+0001.00,-0003.22,-0004.90
+1580602837.09,+0001.95,-0001.95,+0015.62,+0000.08,+0003.22,-0009.19
+1580602837.10,-0009.77,+0001.95,+0015.62,+0001.38,+0003.45,-0017.53
+1580602837.10,+0000.98,+0001.95,+0015.62,-0002.53,-0009.03,-0007.12
+1580602837.11,+0005.86,-0000.98,+0015.62,-0003.06,+0002.30,-0004.29
+1580602837.11,-0011.72,+0000.00,+0014.65,+0005.97,+0003.45,-0010.41
+1580602837.12,-0008.79,+0005.86,+0016.60,-0003.83,-0007.27,-0009.88
+1580602837.12,+0003.91,-0000.98,+0016.60,-0005.51,+0001.68,-0010.72
+1580602837.13,-0006.84,-0000.98,+0015.62,-0002.30,-0004.21,-0002.45
+1580602837.13,-0005.86,+0003.91,+0014.65,+0001.84,+0002.45,-0008.65
+1580602837.14,-0008.79,+0001.95,+0012.70,-0003.75,-0000.08,-0011.48
+1580602837.14,-0011.72,+0000.00,+0012.70,+0000.84,-0005.36,-0011.87
+1580602837.15,+0001.95,+0003.91,+0013.67,+0001.15,+0000.77,-0013.55
+1580602837.15,+0000.00,+0000.98,+0012.70,-0000.69,+0003.14,-0009.80
+1580602837.16,-0009.77,+0003.91,+0012.70,+0001.76,+0000.61,-0008.58
+1580602837.16,-0001.95,+0005.86,+0013.67,-0002.07,-0002.14,-0008.58
+1580602837.17,+0008.79,+0001.95,+0011.72,-0000.84,-0000.23,-0004.67
+1580602837.17,-0000.98,+0000.98,+0008.79,-0001.61,+0006.43,-0004.82
+1580602837.18,-0021.48,+0006.84,+0009.77,-0004.52,-0013.70,-0010.41
+1580602837.18,+0013.67,+0004.88,+0012.70,+0002.99,+0000.08,-0010.80
+1580602837.19,+0010.74,-0000.98,+0010.74,-0002.83,+0009.72,-0018.99
+1580602837.19,-0011.72,+0003.91,+0010.74,+0006.35,-0006.51,-0000.31
+1580602837.20,+0001.95,+0012.70,+0010.74,-0005.13,-0000.54,-0016.46
+1580602837.20,+0003.91,-0000.98,+0011.72,+0001.76,-0002.99,-0004.75
+1580602837.21,+0006.84,+0005.86,+0011.72,+0003.37,+0006.35,-0012.10
+1580602837.21,-0002.93,+0006.84,+0011.72,+0003.60,+0000.23,-0010.95
+1580602837.22,+0000.98,+0007.81,+0011.72,-0001.99,+0000.69,-0013.70
+1580602837.22,+0004.88,+0001.95,+0012.70,+0001.68,-0003.37,-0006.81
+1580602837.23,+0005.86,+0007.81,+0012.70,+0005.05,+0002.53,-0010.41
+1580602837.23,-0002.93,+0005.86,+0012.70,+0002.53,+0000.84,-0011.87
+1580602837.24,+0002.93,+0007.81,+0012.70,-0002.99,-0001.84,-0005.13
+1580602837.24,+0002.93,+0002.93,+0012.70,-0001.61,+0007.58,-0011.56
+1580602837.25,-0005.86,+0006.84,+0013.67,+0001.15,-0001.30,-0014.09
+1580602837.25,+0012.70,+0004.88,+0013.67,+0001.91,+0010.49,-0009.49
+1580602837.26,-0008.79,+0002.93,+0012.70,-0003.14,+0002.83,-0008.65
+1580602837.26,-0013.67,+0006.84,+0012.70,+0005.21,-0002.07,-0009.11
+1580602837.27,+0003.91,+0007.81,+0011.72,-0001.00,-0004.82,-0006.28
+1580602837.27,+0009.77,-0001.95,+0010.74,+0006.43,+0003.75,-0005.67
+1580602837.28,-0009.77,+0005.86,+0010.74,-0000.77,+0001.76,-0008.42
+1580602837.28,-0008.79,+0008.79,+0013.67,-0000.31,-0005.21,-0004.44
+1580602837.29,-0001.95,+0005.86,+0013.67,-0007.43,-0001.84,-0019.75
+1580602837.29,+0009.77,+0000.98,+0013.67,+0008.96,-0006.66,+0003.75
+1580602837.30,+0002.93,+0007.81,+0010.74,-0002.91,+0009.49,-0021.44
+1580602837.30,-0014.65,+0004.88,+0012.70,+0007.35,-0004.44,-0010.80
+1580602837.31,+0010.74,+0009.77,+0012.70,-0007.20,+0001.07,-0014.24
+1580602837.31,+0002.93,+0000.98,+0012.70,+0002.83,+0003.14,-0008.19
+1580602837.32,+0000.00,+0009.77,+0013.67,+0001.99,-0003.90,-0007.27
+1580602837.32,+0000.98,+0008.79,+0012.70,+0001.38,-0000.15,-0012.48
+1580602837.33,+0004.88,+0006.84,+0012.70,+0002.07,-0004.36,-0007.66
+1580602837.33,+0008.79,+0006.84,+0013.67,-0001.23,+0002.53,-0006.97
+1580602837.34,-0004.88,+0009.77,+0013.67,-0001.68,-0006.35,-0010.80
+1580602837.34,+0008.79,+0008.79,+0013.67,+0002.07,-0002.99,-0006.81
+1580602837.35,+0012.70,+0006.84,+0012.70,-0000.08,+0005.44,-0019.29
+1580602837.35,+0000.00,+0006.84,+0012.70,+0000.08,-0003.68,-0003.83
+1580602837.36,+0003.91,+0013.67,+0012.70,-0002.07,-0004.29,-0014.09
+1580602837.36,+0006.84,+0006.84,+0012.70,+0000.69,-0000.77,-0012.40
+1580602837.37,+0012.70,+0008.79,+0012.70,+0000.77,-0001.61,-0002.53
+1580602837.37,-0002.93,+0008.79,+0012.70,+0003.06,-0004.90,-0007.73
+1580602837.38,-0003.91,+0012.70,+0013.67,-0003.06,-0003.45,-0004.98
+1580602837.38,+0010.74,+0008.79,+0013.67,-0000.08,+0004.82,-0007.73
+1580602837.39,-0002.93,+0005.86,+0011.72,-0002.07,+0001.07,-0011.87
+1580602837.39,+0004.88,+0009.77,+0010.74,+0002.30,+0010.64,-0024.35
+1580602837.40,-0019.53,+0009.77,+0010.74,-0006.81,-0004.90,-0008.58
+1580602837.40,+0002.93,+0010.74,+0012.70,+0012.63,-0001.68,-0008.50
+1580602837.41,-0000.98,+0006.84,+0009.77,-0008.96,+0004.36,-0016.84
+1580602837.41,-0011.72,+0004.88,+0010.74,+0008.80,-0001.53,-0008.50
+1580602837.42,-0006.84,+0012.70,+0009.77,-0006.66,+0003.45,-0014.01
+1580602837.42,-0003.91,+0004.88,+0010.74,+0000.31,-0006.28,-0005.90
+1580602837.43,-0000.98,+0008.79,+0010.74,-0002.14,+0002.14,-0012.10
+1580602837.43,-0013.67,+0008.79,+0009.77,+0002.45,-0000.46,-0008.80
+1580602837.44,-0006.84,+0011.72,+0008.79,-0001.30,-0003.83,-0012.63
+1580602837.44,+0001.95,+0004.88,+0008.79,-0003.60,+0000.00,-0011.10
+1580602837.45,-0007.81,+0008.79,+0007.81,-0002.30,-0006.12,-0005.90
+1580602837.45,-0000.98,+0009.77,+0007.81,+0001.61,+0001.23,-0010.87
+1580602837.46,-0003.91,+0007.81,+0005.86,-0004.67,+0001.00,-0012.71
+1580602837.46,-0005.86,+0007.81,+0005.86,+0002.22,-0001.91,-0009.49
+1580602837.47,+0001.95,+0010.74,+0004.88,-0004.06,-0000.61,-0014.32
+1580602837.47,+0000.98,+0006.84,+0003.91,-0001.76,-0004.44,-0006.28
+1580602837.48,+0002.93,+0008.79,+0002.93,+0001.99,+0003.14,-0007.12
+1580602837.48,-0008.79,+0010.74,+0002.93,-0000.46,-0003.14,-0013.09
+1580602837.49,+0003.91,+0010.74,+0004.88,-0000.23,-0006.51,-0011.25
+1580602837.49,+0012.70,+0005.86,+0004.88,-0005.05,+0004.13,-0010.03
+1580602837.50,-0008.79,+0009.77,+0003.91,-0007.89,-0011.48,+0002.14
+1580602837.50,+0007.81,+0011.72,+0004.88,+0004.13,+0004.90,-0018.53
+1580602837.51,+0001.95,+0007.81,+0003.91,-0010.95,-0001.30,-0010.49
+1580602837.51,+0005.86,+0006.84,+0002.93,+0007.81,-0001.53,-0006.58
+1580602837.52,+0005.86,+0009.77,+0000.98,-0003.60,-0001.99,-0005.36
+1580602837.52,-0001.95,+0007.81,+0000.98,+0003.90,+0002.91,-0011.79
+1580602837.53,+0000.00,+0007.81,+0000.98,-0003.14,-0000.61,-0005.28
+1580602837.53,+0003.91,+0008.79,+0001.95,-0003.75,-0000.23,-0008.35
+1580602837.54,+0000.00,+0007.81,+0001.95,+0003.22,+0005.21,-0013.40
+1580602837.54,-0005.86,+0009.77,+0001.95,-0001.00,-0001.99,-0012.79
+1580602837.55,+0002.93,+0007.81,+0001.95,-0001.30,-0004.44,-0005.90
+1580602837.55,-0004.88,+0005.86,+0000.00,-0003.14,-0001.38,-0007.73
+1580602837.56,-0009.77,+0006.84,-0000.98,+0003.75,+0000.15,-0008.88
+1580602837.56,+0000.98,+0007.81,-0001.95,-0004.21,-0003.29,-0010.11
+1580602837.57,-0001.95,+0001.95,-0002.93,+0003.75,+0000.38,-0009.65
+1580602837.57,-0006.84,+0005.86,-0003.91,-0003.60,-0003.37,-0009.42
+1580602837.58,+0000.00,+0004.88,-0004.88,-0001.45,+0001.61,-0015.16
+1580602837.58,+0000.00,+0002.93,-0005.86,-0004.29,-0004.06,-0010.26
+1580602837.59,+0001.95,+0005.86,-0004.88,+0000.15,+0003.37,-0014.70
+1580602837.59,-0005.86,+0006.84,-0004.88,-0002.99,-0007.81,-0006.97
+1580602837.60,+0010.74,+0004.88,-0004.88,+0000.84,-0000.77,-0005.67
+1580602837.60,-0004.88,+0003.91,-0005.86,-0002.91,+0008.88,-0016.46
+1580602837.61,-0002.93,+0007.81,-0003.91,+0002.45,-0007.73,-0007.35
+1580602837.61,+0015.62,+0005.86,-0004.88,-0006.28,+0001.53,-0012.25
+1580602837.62,-0003.91,+0002.93,-0006.84,+0000.54,+0004.59,-0012.71
+1580602837.62,+0001.95,+0009.77,-0005.86,+0001.99,+0001.15,-0018.07
+1580602837.63,+0008.79,+0006.84,-0004.88,-0002.91,-0000.77,-0011.94
+1580602837.63,+0006.84,+0002.93,-0005.86,+0002.91,-0000.84,-0008.65
+1580602837.64,+0005.86,+0009.77,-0004.88,+0002.30,-0000.54,-0011.71
+1580602837.64,+0004.88,+0006.84,-0004.88,+0000.15,-0004.59,-0005.05
+1580602837.65,+0010.74,+0005.86,-0004.88,-0002.22,+0007.50,-0009.42
+1580602837.65,-0005.86,+0006.84,-0005.86,+0001.61,+0002.99,-0015.62
+1580602837.66,+0010.74,+0007.81,-0004.88,+0000.38,+0003.52,-0008.42
+1580602837.66,+0005.86,+0003.91,-0006.84,-0004.44,+0008.19,-0009.72
+1580602837.67,-0011.72,+0004.88,-0005.86,+0004.67,-0001.99,-0005.74
+1580602837.67,-0000.98,+0010.74,-0004.88,+0000.46,-0001.91,-0012.17
+1580602837.68,+0007.81,+0000.00,-0004.88,+0003.37,+0005.97,-0008.42
+1580602837.68,-0007.81,+0003.91,-0004.88,-0003.22,+0001.53,-0008.65
+1580602837.69,-0013.67,+0008.79,-0003.91,+0000.92,+0001.30,-0017.76
+1580602837.69,-0000.98,+0003.91,-0004.88,-0001.61,+0004.59,-0010.49
+1580602837.70,-0000.98,-0001.95,-0006.84,+0001.53,+0003.37,-0009.88
+1580602837.70,-0011.72,+0002.93,-0006.84,-0002.07,-0003.29,-0004.82
+1580602837.71,-0007.81,+0004.88,-0006.84,-0000.61,-0000.15,-0010.87
+1580602837.71,-0008.79,-0000.98,-0007.81,+0001.68,-0003.37,-0007.66
+1580602837.72,-0000.98,+0000.98,-0007.81,-0001.84,-0000.54,-0005.74
+1580602837.72,-0007.81,+0000.98,-0008.79,-0002.60,+0001.00,-0016.84
+1580602837.73,-0007.81,-0000.98,-0008.79,+0001.61,-0003.06,-0010.34
+1580602837.73,+0007.81,-0001.95,-0008.79,-0003.06,+0000.92,-0007.20
+1580602837.74,-0007.81,-0002.93,-0009.77,-0000.69,+0002.99,-0017.00
+1580602837.74,-0002.93,-0000.98,-0007.81,-0002.14,-0009.19,-0000.61
+1580602837.75,+0000.98,-0000.98,-0008.79,-0010.64,+0000.77,-0012.79
+1580602837.75,-0002.93,-0004.88,-0008.79,+0001.68,-0003.90,-0007.35
+1580602837.76,+0003.91,+0000.00,-0009.77,-0002.45,-0001.91,-0015.77
+1580602837.76,+0000.98,-0006.84,-0010.74,+0002.14,-0001.30,-0005.82
+1580602837.77,+0002.93,-0004.88,-0010.74,-0005.74,+0000.69,-0012.79
+1580602837.77,-0000.98,-0005.86,-0010.74,-0000.77,-0003.90,-0011.87
+1580602837.78,+0005.86,-0005.86,-0010.74,+0002.07,+0000.15,-0007.73
+1580602837.78,+0000.98,-0008.79,-0010.74,-0001.00,-0006.05,-0008.12
+1580602837.79,+0003.91,-0006.84,-0010.74,+0002.53,+0002.60,-0015.39
+1580602837.79,+0007.81,-0008.79,-0010.74,-0002.30,-0003.37,-0010.80
+1580602837.80,+0017.58,-0010.74,-0009.77,+0000.15,-0007.66,+0004.67
+1580602837.80,-0012.70,-0009.77,-0010.74,-0006.89,-0004.52,-0015.01
+1580602837.81,-0003.91,-0007.81,-0008.79,+0006.12,-0008.65,-0002.91
+1580602837.81,+0019.53,-0010.74,-0010.74,-0004.44,+0003.75,-0016.84
+1580602837.82,+0000.98,-0022.46,-0012.70,+0012.33,+0002.07,+0001.76
+1580602837.82,-0009.77,-0007.81,-0012.70,-0005.28,+0002.30,-0017.15
+1580602837.83,-0007.81,-0013.67,-0010.74,+0001.45,-0005.97,-0008.12
+1580602837.83,+0008.79,-0016.60,-0010.74,+0001.68,+0001.00,-0013.63
+1580602837.84,-0000.98,-0019.53,-0010.74,+0003.37,-0001.07,-0001.15
+1580602837.84,-0006.84,-0010.74,-0009.77,-0003.98,+0000.84,-0015.01
+1580602837.85,-0007.81,-0016.60,-0008.79,-0001.99,-0001.53,-0008.27
+1580602837.85,+0001.95,-0015.62,-0008.79,-0003.83,-0001.76,-0005.13
+1580602837.86,+0002.93,-0019.53,-0008.79,-0000.54,+0003.60,-0007.73
+1580602837.86,-0012.70,-0014.65,-0008.79,-0003.06,+0001.00,-0015.62
+1580602837.87,-0002.93,-0015.62,-0006.84,-0000.54,-0005.36,-0008.27
+1580602837.87,+0004.88,-0016.60,-0006.84,-0007.81,-0001.99,-0008.80
+1580602837.88,+0000.98,-0020.51,-0006.84,+0004.82,+0005.97,-0010.03
+1580602837.88,-0009.77,-0010.74,-0005.86,-0001.53,-0003.90,-0014.78
+1580602837.89,+0003.91,-0014.65,-0003.91,+0002.45,-0003.83,-0010.72
+1580602837.89,+0006.84,-0017.58,-0003.91,-0000.08,+0003.37,-0007.89
+1580602837.90,-0002.93,-0012.70,-0001.95,+0005.28,+0001.53,-0011.87
+1580602837.90,-0000.98,-0010.74,-0000.98,-0005.05,-0004.21,-0009.88
+1580602837.91,+0006.84,-0014.65,+0000.00,+0001.23,+0002.99,-0010.80
+1580602837.91,+0000.98,-0011.72,+0000.98,+0003.22,+0003.14,-0013.25
+1580602837.92,-0003.91,-0006.84,+0002.93,-0000.92,-0002.68,-0017.38
+1580602837.92,+0014.65,-0009.77,+0003.91,+0001.84,+0002.99,-0010.57
+1580602837.93,+0010.74,-0012.70,+0003.91,+0003.06,+0001.61,-0008.58
+1580602837.93,-0001.95,-0004.88,+0005.86,+0001.61,-0000.23,-0009.49
+1580602837.94,+0004.88,-0002.93,+0007.81,+0001.45,-0004.75,-0009.42
+1580602837.94,+0011.72,-0008.79,+0007.81,+0004.67,-0000.69,-0001.15
+1580602837.95,+0004.88,-0005.86,+0007.81,+0000.61,+0008.19,-0013.17
+1580602837.95,-0009.77,-0000.98,+0009.77,+0001.23,-0006.28,-0010.49
+1580602837.96,+0013.67,-0002.93,+0010.74,+0001.99,+0007.81,-0006.43
+1580602837.96,+0001.95,-0006.84,+0009.77,-0000.38,+0005.51,-0007.35
+1580602837.97,-0014.65,+0000.98,+0011.72,+0002.30,-0008.19,-0003.68
+1580602837.97,+0003.91,+0002.93,+0013.67,+0000.31,+0002.76,-0012.40
+1580602837.98,-0000.98,-0004.88,+0014.65,+0003.90,+0000.08,-0006.97
+1580602837.98,-0003.91,+0002.93,+0014.65,+0003.37,-0001.84,-0006.35
+1580602837.99,-0006.84,+0004.88,+0013.67,-0000.69,+0003.98,-0007.20
+1580602837.99,-0010.74,+0000.98,+0014.65,+0003.14,-0002.14,-0009.95
+1580602838.00,-0004.88,+0003.91,+0015.62,-0000.46,+0000.46,-0014.09
+1580602838.00,-0006.84,+0004.88,+0014.65,-0000.61,-0000.23,-0009.80
+1580602838.01,-0008.79,+0005.86,+0013.67,+0003.06,+0003.45,-0010.11
+1580602838.01,-0008.79,+0005.86,+0013.67,+0003.52,-0000.23,-0009.26
+1580602838.02,-0005.86,+0008.79,+0014.65,+0000.38,+0002.53,-0014.55
+1580602838.02,-0006.84,+0006.84,+0014.65,+0001.30,-0004.82,-0006.51
+1580602838.03,-0001.95,+0008.79,+0015.62,+0000.31,+0003.60,-0008.58
+1580602838.03,-0013.67,+0010.74,+0013.67,-0001.68,+0001.61,-0014.01
+1580602838.04,-0008.79,+0011.72,+0012.70,+0002.22,-0002.22,-0013.63
+1580602838.04,+0002.93,+0008.79,+0012.70,-0001.30,-0001.15,-0010.03
+1580602838.05,-0004.88,+0010.74,+0012.70,-0000.77,-0001.15,-0010.72
+1580602838.05,-0009.77,+0014.65,+0012.70,+0000.31,-0003.14,-0012.10
+1580602838.06,+0000.98,+0014.65,+0012.70,+0001.15,+0000.69,-0015.47
+1580602838.06,+0000.98,+0011.72,+0012.70,-0003.52,+0001.00,-0014.78
+1580602838.07,+0004.88,+0015.62,+0011.72,+0002.14,+0003.37,-0012.17
+1580602838.07,-0003.91,+0016.60,+0010.74,+0001.84,+0000.92,-0013.48
+1580602838.08,+0001.95,+0016.60,+0012.70,+0000.00,-0006.28,-0007.66
+1580602838.08,+0009.77,+0017.58,+0012.70,-0004.29,+0000.08,-0011.03
+1580602838.09,+0002.93,+0016.60,+0012.70,+0001.07,+0000.23,-0008.96
+1580602838.09,+0001.95,+0019.53,+0010.74,-0001.91,+0002.60,-0010.49
+1580602838.10,-0000.98,+0017.58,+0008.79,-0000.08,-0002.37,-0014.93
+1580602838.10,+0008.79,+0017.58,+0008.79,+0001.38,+0003.06,-0009.88
+1580602838.11,+0000.00,+0016.60,+0007.81,-0002.30,+0003.45,-0008.12
+1580602838.11,-0002.93,+0018.55,+0007.81,+0002.22,-0005.21,-0004.59
+1580602838.12,+0004.88,+0015.62,+0006.84,+0000.92,+0001.00,-0009.03
+1580602838.12,-0003.91,+0013.67,+0004.88,-0004.13,+0000.77,-0011.41
+1580602838.13,-0005.86,+0016.60,+0003.91,+0000.77,-0000.38,-0016.69
+1580602838.13,+0005.86,+0013.67,+0002.93,-0005.36,-0005.05,-0009.88
+1580602838.14,+0003.91,+0010.74,+0000.00,-0005.51,-0000.38,-0005.36
+1580602838.14,-0005.86,+0011.72,-0001.95,+0002.37,-0003.83,-0009.65
+1580602838.15,+0000.98,+0013.67,-0001.95,-0004.29,+0000.38,-0008.35
+1580602838.15,+0000.00,+0006.84,-0002.93,+0000.31,-0003.06,-0006.28
+1580602838.16,+0004.88,+0008.79,-0003.91,-0002.45,-0000.08,-0005.74
+1580602838.16,+0001.95,+0006.84,-0006.84,-0004.44,+0001.99,-0007.20
+1580602838.17,-0008.79,+0005.86,-0009.77,-0001.15,+0003.37,-0016.38
+1580602838.17,+0008.79,+0003.91,-0010.74,+0000.15,+0001.15,-0009.57
+1580602838.18,+0012.70,+0001.95,-0012.70,-0004.06,+0005.74,-0014.01
+1580602838.18,-0006.84,-0001.95,-0013.67,+0001.00,-0005.21,-0003.98
+1580602838.19,+0002.93,+0005.86,-0012.70,+0001.99,-0002.91,-0014.24
+1580602838.19,+0008.79,-0003.91,-0014.65,+0001.38,+0003.98,-0013.86
+1580602838.20,+0000.98,-0003.91,-0016.60,-0010.18,-0005.51,-0004.13
+1580602838.20,+0006.84,-0002.93,-0016.60,+0004.67,+0004.13,-0011.18
+1580602838.21,-0000.98,-0004.88,-0017.58,-0001.91,-0007.66,-0007.35
+1580602838.21,+0012.70,-0006.84,-0018.55,+0000.15,+0002.83,-0010.87
+1580602838.22,+0005.86,-0008.79,-0021.48,-0006.66,-0000.31,-0011.03
+1580602838.22,+0002.93,-0009.77,-0022.46,+0000.15,+0001.76,-0008.19
+1580602838.23,+0000.98,-0010.74,-0022.46,-0004.98,-0001.91,-0015.85
+1580602838.23,+0007.81,-0012.70,-0021.48,+0002.07,-0000.54,-0012.33
+1580602838.24,+0012.70,-0013.67,-0022.46,-0006.05,-0002.30,-0008.65
+1580602838.24,+0000.98,-0014.65,-0021.48,-0004.06,+0000.38,-0007.27
+1580602838.25,-0001.95,-0013.67,-0021.48,-0002.60,-0002.83,-0010.72
+1580602838.25,+0009.77,-0017.58,-0023.44,-0003.14,-0001.84,-0003.22
+1580602838.26,+0000.98,-0021.48,-0027.34,-0001.91,+0005.13,-0007.35
+1580602838.26,-0009.77,-0019.53,-0026.37,+0002.30,-0001.15,-0007.43
+1580602838.27,-0001.95,-0018.55,-0024.41,-0001.68,+0000.92,-0013.40
+1580602838.27,-0000.98,-0024.41,-0024.41,-0000.23,-0001.84,-0011.33
+1580602838.28,-0002.93,-0021.48,-0023.44,-0003.45,+0001.38,-0011.79
+1580602838.28,-0010.74,-0019.53,-0022.46,-0001.68,-0001.38,-0011.10
+1580602838.29,-0003.91,-0022.46,-0022.46,-0003.22,+0000.77,-0004.52
+1580602838.29,-0005.86,-0023.44,-0022.46,-0001.07,+0004.21,-0013.25
+1580602838.30,-0008.79,-0022.46,-0021.48,+0000.00,-0000.84,-0005.51
+1580602838.30,-0006.84,-0021.48,-0022.46,-0002.30,+0002.14,-0011.56
+1580602838.31,-0017.58,-0023.44,-0020.51,-0001.45,+0004.13,-0016.23
+1580602838.31,-0004.88,-0020.51,-0018.55,+0001.00,+0002.91,-0013.17
+1580602838.32,-0002.93,-0023.44,-0017.58,+0000.61,+0004.06,-0011.03
+1580602838.32,-0017.58,-0021.48,-0015.62,+0000.77,-0005.13,-0010.72
+1580602838.33,-0004.88,-0016.60,-0013.67,+0002.14,-0003.52,-0011.87
+1580602838.33,-0002.93,-0020.51,-0013.67,+0000.84,+0000.31,-0010.95
+1580602838.34,-0005.86,-0018.55,-0013.67,+0001.23,-0000.54,-0004.98
+1580602838.34,-0006.84,-0014.65,-0012.70,+0001.15,+0000.08,-0014.39
+1580602838.35,-0004.88,-0015.62,-0010.74,+0001.76,-0004.67,-0006.12
+1580602838.35,+0003.91,-0015.62,-0009.77,+0001.15,+0002.83,-0013.17
+1580602838.36,-0002.93,-0012.70,-0007.81,+0000.92,-0000.92,-0008.80
+1580602838.36,-0005.86,-0007.81,-0004.88,+0006.51,-0000.08,-0015.08
+1580602838.37,+0009.77,-0009.77,-0001.95,+0001.07,-0001.38,-0006.66
+1580602838.37,+0006.84,-0009.77,-0001.95,+0002.14,+0007.50,-0018.30
+1580602838.38,-0007.81,-0005.86,+0000.00,-0000.08,-0006.81,-0008.58
+1580602838.38,+0012.70,-0002.93,+0001.95,+0005.13,-0003.22,-0012.94
+1580602838.39,+0001.95,-0006.84,+0002.93,+0003.22,-0009.57,-0005.36
+1580602838.39,+0011.72,-0000.98,+0004.88,+0006.35,+0002.83,-0003.14
+1580602838.40,-0002.93,+0000.98,+0004.88,-0003.75,+0007.27,-0018.91
+1580602838.40,-0002.93,+0000.98,+0007.81,+0005.59,-0001.23,+0000.61
+1580602838.41,+0012.70,+0002.93,+0007.81,+0002.07,+0008.96,-0022.82
+1580602838.41,-0008.79,+0000.00,+0009.77,+0000.84,-0005.74,+0005.21
+1580602838.42,+0002.93,+0008.79,+0012.70,+0009.80,+0000.84,-0007.96
+1580602838.42,-0003.91,+0002.93,+0012.70,+0004.29,-0000.92,-0005.36
+1580602838.43,-0000.98,+0005.86,+0012.70,+0001.91,+0002.07,-0011.56
