+1580602587.43,-0002.93,+0002.93,+0007.81,-0002.30,-0001.38,-0006.05
+1580602587.43,-0003.91,+0001.95,+0006.84,-0002.60,-0004.75,-0007.81
+1580602587.44,-0000.98,+0000.00,+0004.88,+0000.61,-0002.76,-0004.52
+1580602587.44,-0002.93,+0000.00,+0003.91,-0001.91,+0005.74,-0012.79
+1580602587.45,-0005.86,+0000.00,+0003.91,-0000.08,-0004.44,-0004.29
+1580602587.45,+0006.84,+0000.00,+0002.93,-0000.38,+0006.81,-0013.55
+1580602587.46,-0008.79,-0001.95,+0002.93,-0000.61,-0007.04,-0010.95
+1580602587.46,+0001.95,+0000.98,+0002.93,+0001.07,-0000.38,-0008.96
+1580602587.47,-0002.93,-0000.98,+0002.93,-0000.84,-0003.60,-0008.12
+1580602587.47,+0000.98,+0000.00,+0004.88,+0005.28,+0001.99,-0013.70
+1580602587.48,-0002.93,+0000.00,+0004.88,-0005.67,+0001.15,-0012.48
+1580602587.48,-0002.93,-0000.98,+0003.91,-0002.60,-0002.83,-0007.50
+1580602587.49,+0007.81,-0002.93,+0003.91,+0000.00,+0001.00,-0007.73
+1580602587.49,-0004.88,-0000.98,+0001.95,+0001.76,+0005.28,-0015.08
+1580602587.50,-0009.77,-0001.95,+0002.93,-0002.45,-0005.97,-0007.73
+1580602587.50,+0009.77,-0000.98,+0003.91,-0005.36,+0002.30,-0011.87
+1580602587.51,+0001.95,-0002.93,+0003.91,-0000.84,+0000.69,-0008.65
+1580602587.51,-0000.98,+0000.00,+0003.91,+0001.91,-0002.14,-0004.59
+1580602587.52,+0001.95,-0002.93,+0004.88,+0004.36,+0000.08,-0010.64
+1580602587.52,+0001.95,-0000.98,+0004.88,-0003.06,+0001.07,-0011.03
+1580602587.53,+0000.98,-0000.98,+0004.88,+0000.61,-0003.29,-0011.03
+1580602587.53,+0001.95,-0001.95,+0004.88,-0000.08,+0001.91,-0011.64
+1580602587.54,-0000.98,-0002.93,+0004.88,+0001.23,-0004.13,-0006.58
+1580602587.54,+0003.91,-0000.98,+0005.86,-0000.15,+0002.22,-0012.10
+1580602587.55,-0001.95,-0002.93,+0005.86,-0001.07,-0001.68,-0005.44
+1580602587.55,+0000.98,+0000.00,+0006.84,+0006.05,+0000.46,-0006.28
+1580602587.56,-0002.93,-0001.95,+0006.84,+0002.99,+0000.54,-0006.74
+1580602587.56,-0003.91,+0000.00,+0005.86,+0002.30,+0001.84,-0011.94
+1580602587.57,-0006.84,-0002.93,+0006.84,-0002.76,-0001.68,-0011.41
+1580602587.57,+0003.91,-0000.98,+0007.81,-0004.29,+0000.38,-0006.35
+1580602587.58,-0002.93,-0003.91,+0006.84,+0002.99,+0003.83,-0012.56
+1580602587.58,-0010.74,-0000.98,+0005.86,-0000.69,-0001.68,-0008.88
+1580602587.59,+0000.98,-0001.95,+0006.84,-0001.61,-0003.14,-0011.18
+1580602587.59,+0000.98,-0001.95,+0006.84,-0002.07,+0003.06,-0010.80
+1580602587.60,-0006.84,-0001.95,+0006.84,+0003.22,+0000.00,-0010.41
+1580602587.60,-0006.84,-0000.98,+0005.86,-0003.06,-0003.14,-0010.80
+1580602587.61,-0002.93,-0002.93,+0005.86,+0002.99,+0002.14,-0012.02
+1580602587.61,-0005.86,+0000.00,+0005.86,-0001.07,-0002.37,-0008.65
+1580602587.62,-0001.95,+0000.00,+0006.84,+0003.06,+0001.38,-0010.26
+1580602587.62,-0005.86,-0000.98,+0006.84,-0005.13,+0001.15,-0013.86
+1580602587.63,+0000.98,+0000.98,+0006.84,-0000.08,-0003.37,-0008.19
+1580602587.63,+0006.84,+0000.98,+0006.84,-0002.14,-0000.38,-0006.66
+1580602587.64,-0002.93,+0000.98,+0005.86,+0002.53,+0001.07,-0005.82
+1580602587.64,-0003.91,+0001.95,+0005.86,+0002.22,-0002.37,-0008.50
+1580602587.65,+0002.93,+0002.93,+0004.88,-0002.14,+0001.99,-0013.78
+1580602587.65,+0000.00,+0002.93,+0006.84,-0000.23,-0001.38,-0007.96
+1580602587.66,-0002.93,+0004.88,+0007.81,+0002.76,+0003.83,-0016.23
+1580602587.66,+0000.00,+0002.93,+0009.77,+0003.68,-0002.07,-0008.27
+1580602587.67,+0006.84,+0004.88,+0008.79,-0000.92,+0000.23,-0009.57
+1580602587.67,-0001.95,+0003.91,+0008.79,-0000.77,+0003.75,-0009.42
+1580602587.68,-0009.77,+0006.84,+0008.79,-0003.14,-0001.99,-0011.94
+1580602587.68,+0004.88,+0005.86,+0009.77,+0004.67,-0000.61,-0016.00
+1580602587.69,+0006.84,+0006.84,+0010.74,-0004.75,+0001.84,-0011.33
+1580602587.69,+0000.98,+0006.84,+0010.74,+0001.61,-0000.77,-0008.88
+1580602587.70,+0000.98,+0007.81,+0009.77,-0001.68,-0001.53,-0008.35
+1580602587.70,+0005.86,+0007.81,+0008.79,+0003.14,+0000.31,-0010.95
+1580602587.71,+0006.84,+0009.77,+0009.77,-0002.37,-0001.15,-0007.35
+1580602587.71,+0003.91,+0009.77,+0009.77,-0000.84,+0003.52,-0010.11
+1580602587.72,-0001.95,+0009.77,+0009.77,-0001.07,-0004.29,-0004.90
+1580602587.72,+0002.93,+0011.72,+0009.77,+0004.44,+0000.92,-0009.88
+1580602587.73,+0001.95,+0011.72,+0009.77,-0004.59,+0000.38,-0008.96
+1580602587.73,+0001.95,+0011.72,+0010.74,+0002.22,+0005.74,-0016.38
+1580602587.74,-0007.81,+0012.70,+0010.74,+0000.46,-0003.45,-0016.00
+1580602587.74,+0002.93,+0013.67,+0012.70,+0005.05,-0005.36,-0007.81
+1580602587.75,+0009.77,+0012.70,+0011.72,-0003.45,+0001.38,-0002.37
+1580602587.75,-0020.51,+0015.62,+0008.79,-0005.82,-0008.42,-0000.38
+1580602587.76,-0002.93,+0014.65,+0008.79,+0008.27,+0002.83,-0015.08
+1580602587.76,+0001.95,+0014.65,+0009.77,-0003.22,+0000.77,-0014.55
+1580602587.77,-0004.88,+0013.67,+0010.74,-0000.46,-0000.54,-0010.95
+1580602587.77,-0005.86,+0017.58,+0010.74,-0002.22,-0000.31,-0010.18
+1580602587.78,-0002.93,+0014.65,+0009.77,+0002.14,-0001.38,-0010.18
+1580602587.78,+0000.98,+0016.60,+0008.79,+0000.23,+0001.68,-0012.17
+1580602587.79,-0002.93,+0016.60,+0007.81,+0000.38,-0002.91,-0009.19
+1580602587.79,-0001.95,+0015.62,+0006.84,-0000.69,+0001.45,-0011.10
+1580602587.80,-0003.91,+0016.60,+0006.84,+0001.45,+0000.77,-0012.71
+1580602587.80,+0001.95,+0018.55,+0007.81,+0000.84,-0000.38,-0007.73
+1580602587.81,+0001.95,+0018.55,+0006.84,-0000.23,+0003.14,-0012.17
+1580602587.81,-0002.93,+0018.55,+0006.84,+0000.61,-0002.30,-0012.56
+1580602587.82,+0001.95,+0020.51,+0006.84,+0001.53,-0001.07,-0012.48
+1580602587.82,+0004.88,+0018.55,+0006.84,+0002.37,+0002.76,-0012.40
+1580602587.82,-0001.95,+0020.51,+0006.84,-0000.69,-0002.83,-0011.71
+1580602587.83,+0003.91,+0020.51,+0005.86,-0000.08,-0003.14,-0009.57
+1580602587.83,+0008.79,+0018.55,+0005.86,+0000.54,+0002.53,-0008.42
+1580602587.84,+0000.98,+0019.53,+0004.88,-0001.61,+0000.69,-0008.12
+1580602587.84,-0001.95,+0020.51,+0004.88,-0001.07,-0004.67,-0012.40
+1580602587.85,+0012.70,+0018.55,+0004.88,-0001.53,-0003.14,-0008.80
+1580602587.85,+0006.84,+0019.53,+0003.91,-0002.45,+0001.68,-0010.57
+1580602587.86,-0004.88,+0019.53,+0003.91,+0002.07,-0003.60,-0011.10
+1580602587.86,+0008.79,+0019.53,+0002.93,-0001.91,-0000.54,-0012.10
+1580602587.87,+0008.79,+0016.60,+0001.95,+0001.15,-0000.46,-0006.51
+1580602587.87,+0002.93,+0018.55,+0001.95,-0000.23,+0000.77,-0010.49
+1580602587.88,+0001.95,+0017.58,+0000.98,-0000.08,-0001.38,-0007.20
+1580602587.88,+0000.98,+0016.60,-0000.98,-0000.61,-0000.31,-0008.50
+1580602587.89,-0003.91,+0017.58,+0000.00,-0000.54,-0008.42,-0002.30
+1580602587.89,+0009.77,+0015.62,+0000.98,+0000.61,+0003.29,-0006.51
+1580602587.90,-0003.91,+0013.67,-0000.98,-0002.22,+0004.98,-0007.96
+1580602587.90,-0013.67,+0014.65,-0001.95,+0002.76,-0000.61,-0010.49
+1580602587.91,-0002.93,+0013.67,-0002.93,-0003.98,+0001.68,-0014.78
+1580602587.91,-0002.93,+0009.77,-0003.91,+0001.30,-0004.52,-0008.50
+1580602587.92,-0003.91,+0009.77,-0005.86,-0003.68,+0003.52,-0006.43
+1580602587.92,-0013.67,+0008.79,-0006.84,-0004.59,-0003.29,-0012.63
+1580602587.93,-0002.93,+0007.81,-0008.79,+0002.91,-0005.36,-0006.35
+1580602587.93,+0003.91,+0006.84,-0008.79,-0004.67,+0003.68,-0012.48
+1580602587.94,-0012.70,+0006.84,-0010.74,+0002.07,-0001.15,-0011.33
+1580602587.94,-0002.93,+0006.84,-0011.72,+0001.91,-0000.15,-0017.07
+1580602587.95,+0002.93,+0004.88,-0011.72,-0004.06,-0004.67,-0005.13
+1580602587.95,+0002.93,+0005.86,-0012.70,+0004.75,+0004.29,-0011.18
+1580602587.96,-0009.77,+0004.88,-0013.67,+0001.91,-0003.45,-0013.70
+1580602587.96,-0000.98,+0004.88,-0014.65,-0000.54,+0000.15,-0013.93
+1580602587.97,+0006.84,+0003.91,-0013.67,-0002.83,-0002.14,-0009.03
+1580602587.97,+0000.98,+0005.86,-0014.65,+0003.98,+0001.30,-0007.50
+1580602587.98,-0007.81,+0002.93,-0014.65,+0001.15,-0005.82,-0011.71
+1580602587.98,+0007.81,+0002.93,-0014.65,-0003.90,-0004.52,-0006.43
+1580602587.99,+0007.81,+0001.95,-0016.60,-0000.15,+0007.12,-0008.58
+1580602587.99,-0008.79,+0002.93,-0017.58,-0001.38,-0005.44,-0008.80
+1580602588.00,+0002.93,+0001.95,-0016.60,+0001.68,+0004.36,-0014.47
+1580602588.00,+0000.00,+0000.98,-0015.62,+0000.61,-0000.92,-0013.40
+1580602588.01,+0001.95,+0001.95,-0015.62,+0000.54,-0000.92,-0010.26
+1580602588.01,+0004.88,+0000.00,-0015.62,-0003.22,+0001.68,-0012.33
+1580602588.02,-0001.95,-0001.95,-0016.60,+0004.36,-0000.15,-0010.87
+1580602588.02,+0000.98,+0000.00,-0016.60,-0004.21,-0002.22,-0011.10
+1580602588.03,+0010.74,-0000.98,-0016.60,-0003.37,+0001.45,-0002.14
+1580602588.03,+0007.81,-0002.93,-0017.58,+0002.99,+0003.29,-0012.94
+1580602588.04,-0006.84,-0001.95,-0016.60,-0005.44,-0005.82,-0004.82
+1580602588.04,+0004.88,+0000.00,-0016.60,+0005.74,+0001.84,-0012.40
+1580602588.05,+0004.88,-0002.93,-0015.62,+0002.22,-0002.45,-0006.89
+1580602588.05,+0003.91,-0001.95,-0015.62,-0001.45,-0000.15,-0002.53
+1580602588.06,-0001.95,-0003.91,-0015.62,-0001.53,+0000.46,-0007.81
+1580602588.06,-0005.86,-0004.88,-0016.60,+0000.92,+0005.21,-0017.84
+1580602588.07,-0011.72,-0002.93,-0017.58,-0001.15,-0001.53,-0015.62
+1580602588.07,-0001.95,-0004.88,-0016.60,+0002.91,-0002.91,-0012.71
+1580602588.08,-0000.98,-0006.84,-0015.62,-0001.91,+0004.06,-0015.16
+1580602588.08,-0006.84,-0005.86,-0015.62,-0002.60,-0003.75,-0009.42
+1580602588.09,-0001.95,-0006.84,-0016.60,-0001.15,-0001.38,-0010.87
+1580602588.09,+0000.00,-0006.84,-0017.58,+0000.15,-0001.30,-0009.42
+1580602588.10,+0000.00,-0005.86,-0018.55,-0001.15,-0002.99,-0003.45
+1580602588.10,-0002.93,-0005.86,-0018.55,+0000.46,+0001.45,-0012.17
+1580602588.11,-0004.88,-0005.86,-0018.55,-0002.45,-0007.43,-0004.90
+1580602588.11,+0006.84,-0005.86,-0017.58,+0002.45,+0003.14,-0011.94
+1580602588.12,-0002.93,-0006.84,-0017.58,-0000.38,-0002.83,-0012.48
+1580602588.12,-0000.98,-0004.88,-0018.55,-0000.92,-0001.38,-0011.41
+1580602588.13,+0003.91,-0006.84,-0017.58,-0000.77,+0000.08,-0016.31
+1580602588.13,+0005.86,-0005.86,-0017.58,-0001.07,-0002.99,-0002.99
+1580602588.14,-0002.93,-0004.88,-0017.58,-0000.38,-0002.91,-0012.17
+1580602588.14,+0002.93,-0005.86,-0016.60,-0000.77,-0002.37,-0008.27
+1580602588.15,+0007.81,-0005.86,-0016.60,-0000.61,+0003.52,-0014.01
+1580602588.15,-0001.95,-0005.86,-0017.58,+0001.53,-0002.91,-0006.74
+1580602588.16,+0003.91,-0005.86,-0017.58,-0002.91,+0002.30,-0013.78
+1580602588.16,+0001.95,-0007.81,-0016.60,+0001.15,-0002.53,-0012.40
+1580602588.17,+0005.86,-0005.86,-0016.60,-0001.45,-0001.07,-0006.12
+1580602588.17,+0002.93,-0006.84,-0015.62,-0001.91,-0004.90,-0007.89
+1580602588.18,+0006.84,-0008.79,-0015.62,+0002.83,+0001.23,-0009.72
+1580602588.18,+0004.88,-0006.84,-0016.60,-0003.75,+0001.07,-0011.64
+1580602588.19,+0001.95,-0007.81,-0016.60,+0000.77,-0000.38,-0010.26
+1580602588.19,+0008.79,-0007.81,-0015.62,-0002.22,+0000.08,-0010.80
+1580602588.20,+0004.88,-0008.79,-0015.62,+0002.83,+0001.15,-0009.11
+1580602588.20,+0000.00,-0007.81,-0014.65,-0001.91,-0000.31,-0009.03
+1580602588.21,+0007.81,-0008.79,-0015.62,+0003.37,+0004.36,-0009.11
+1580602588.21,-0001.95,-0008.79,-0015.62,-0000.92,-0000.38,-0007.20
+1580602588.22,-0001.95,-0007.81,-0013.67,+0002.76,-0001.76,-0005.82
+1580602588.22,+0001.95,-0008.79,-0012.70,-0001.76,+0004.36,-0014.47
+1580602588.23,-0004.88,-0008.79,-0012.70,-0000.84,-0002.37,-0007.27
+1580602588.23,-0003.91,-0008.79,-0012.70,-0000.31,+0003.90,-0016.77
+1580602588.24,-0006.84,-0009.77,-0013.67,+0000.00,+0000.31,-0011.71
+1580602588.24,+0000.00,-0010.74,-0012.70,+0002.07,-0000.92,-0007.81
+1580602588.25,-0000.98,-0009.77,-0012.70,-0004.36,+0003.14,-0015.31
+1580602588.25,-0005.86,-0009.77,-0013.67,+0000.31,-0003.98,-0005.82
+1580602588.26,+0001.95,-0009.77,-0014.65,+0001.23,+0001.38,-0014.16
+1580602588.26,-0005.86,-0010.74,-0014.65,-0002.83,-0004.52,-0004.67
+1580602588.27,+0001.95,-0008.79,-0013.67,+0003.98,+0000.92,-0006.05
+1580602588.27,-0005.86,-0009.77,-0012.70,-0003.83,+0004.82,-0014.01
+1580602588.28,-0001.95,-0009.77,-0011.72,+0000.23,+0005.21,-0014.47
+1580602588.28,-0000.98,-0007.81,-0011.72,-0001.76,-0001.76,-0013.55
+1580602588.29,+0000.98,-0009.77,-0011.72,+0000.54,+0001.07,-0007.73
+1580602588.29,-0005.86,-0006.84,-0011.72,-0000.84,+0003.14,-0014.93
+1580602588.30,-0002.93,-0008.79,-0009.77,+0007.81,-0007.43,-0006.58
+1580602588.30,+0007.81,-0005.86,-0009.77,-0004.67,+0005.28,-0008.88
+1580602588.31,-0006.84,-0007.81,-0009.77,+0003.68,+0001.76,-0012.94
+1580602588.31,-0002.93,-0005.86,-0008.79,+0001.45,+0003.60,-0019.37
+1580602588.32,+0003.91,-0006.84,-0007.81,-0002.76,-0006.12,-0008.12
+1580602588.32,+0009.77,-0006.84,-0007.81,+0003.52,+0004.90,-0009.19
+1580602588.33,-0007.81,-0005.86,-0008.79,-0003.83,+0000.23,-0010.11
+1580602588.33,-0001.95,-0007.81,-0008.79,+0003.45,-0003.90,-0008.65
+1580602588.34,+0013.67,-0005.86,-0007.81,-0002.14,+0004.13,-0010.95
+1580602588.34,-0001.95,-0005.86,-0005.86,+0003.90,-0000.08,-0006.89
+1580602588.35,-0001.95,-0003.91,-0005.86,+0001.76,-0002.68,-0012.48
+1580602588.35,+0005.86,-0005.86,-0004.88,-0001.30,-0002.30,-0006.12
+1580602588.36,+0008.79,-0003.91,-0004.88,+0003.83,+0006.81,-0012.25
+1580602588.36,-0003.91,-0004.88,-0003.91,-0003.29,-0001.38,-0008.50
+1580602588.37,+0002.93,-0002.93,-0002.93,-0003.37,+0004.52,-0015.62
+1580602588.37,+0000.00,-0005.86,-0001.95,+0002.68,-0002.68,-0008.96
+1580602588.38,+0005.86,-0001.95,-0000.98,+0002.68,-0000.77,-0002.30
+1580602588.38,-0005.86,-0004.88,-0002.93,+0003.22,-0001.30,-0008.27
+1580602588.39,-0007.81,-0003.91,-0002.93,+0001.53,+0000.00,-0011.03
+1580602588.39,+0003.91,-0003.91,-0001.95,+0000.23,-0003.06,-0009.34
+1580602588.40,+0002.93,-0003.91,-0001.95,+0000.23,-0000.77,-0004.59
+1580602588.40,-0008.79,-0003.91,-0001.95,+0001.07,-0000.46,-0011.87
+1580602588.41,-0007.81,-0002.93,-0001.95,-0001.38,-0002.83,-0011.25
+1580602588.41,+0004.88,-0003.91,-0001.95,+0000.92,+0000.00,-0013.25
+1580602588.42,+0000.98,-0004.88,-0002.93,+0002.07,+0003.22,-0008.50
+1580602588.42,-0007.81,-0002.93,-0003.91,-0001.68,-0000.46,-0015.85
+1580602588.43,-0005.86,-0004.88,-0003.91,-0001.84,-0003.45,-0009.95
+1580602588.43,+0007.81,-0003.91,-0004.88,+0004.36,+0000.00,-0007.20
+1580602588.44,-0007.81,-0003.91,-0004.88,+0004.44,-0001.99,-0013.48
+1580602588.44,-0013.67,-0002.93,-0003.91,-0004.36,-0003.60,-0010.26
+1580602588.45,+0003.91,-0002.93,-0002.93,+0002.07,+0004.06,-0014.70
+1580602588.45,-0002.93,-0003.91,-0001.95,+0001.68,-0001.38,-0008.35
+1580602588.46,-0003.91,-0001.95,-0001.95,-0001.53,-0002.68,-0005.21
+1580602588.46,+0000.00,-0003.91,-0002.93,-0002.37,+0002.14,-0008.58
+1580602588.47,-0005.86,-0003.91,-0004.88,+0001.15,-0000.31,-0008.80
+1580602588.47,+0000.00,-0001.95,-0003.91,+0002.83,-0000.31,-0010.11
+1580602588.48,-0000.98,-0001.95,-0003.91,-0003.22,+0003.06,-0014.55
+1580602588.48,-0004.88,-0003.91,-0003.91,+0000.61,-0002.99,-0013.40
+1580602588.49,+0004.88,-0001.95,-0002.93,+0000.31,-0002.60,-0013.93
+1580602588.49,+0004.88,-0003.91,-0002.93,+0001.61,-0006.28,-0006.28
+1580602588.50,+0004.88,-0002.93,-0004.88,-0002.53,+0002.30,-0008.65
+1580602588.50,-0001.95,-0002.93,-0005.86,+0000.84,+0000.77,-0009.34
+1580602588.51,-0002.93,-0001.95,-0004.88,+0000.23,-0001.00,-0013.25
+1580602588.51,+0007.81,-0001.95,-0002.93,+0001.38,+0003.60,-0012.94
+1580602588.52,+0000.98,-0002.93,-0001.95,+0001.00,-0001.61,-0012.02
+1580602588.52,+0002.93,-0002.93,-0001.95,+0000.15,-0001.38,-0011.18
+1580602588.53,+0009.77,-0004.88,-0001.95,+0000.54,+0003.75,-0007.96
+1580602588.53,-0001.95,-0003.91,-0002.93,+0001.30,-0000.69,-0007.58
+1580602588.54,-0000.98,-0001.95,-0001.95,+0001.00,-0002.37,-0007.12
+1580602588.54,+0011.72,-0002.93,-0000.98,+0000.00,+0003.75,-0006.66
+1580602588.55,-0000.98,-0003.91,-0000.98,+0000.61,+0001.30,-0010.72
+1580602588.55,-0002.93,-0002.93,-0000.98,-0003.14,-0006.35,-0001.23
+1580602588.56,+0001.95,-0003.91,-0002.93,+0002.76,+0006.28,-0016.31
+1580602588.56,-0008.79,-0005.86,-0001.95,+0006.66,+0000.38,-0013.09
+1580602588.57,-0000.98,+0000.00,-0000.98,-0002.37,-0001.23,-0010.18
+1580602588.57,+0000.00,-0004.88,+0000.00,+0001.76,+0001.84,-0010.80
+1580602588.58,-0008.79,-0002.93,+0000.00,-0004.06,-0001.53,-0001.23
+1580602588.58,-0003.91,-0002.93,-0000.98,+0002.68,+0005.13,-0015.31
+1580602588.59,-0008.79,-0002.93,-0001.95,-0003.52,-0003.83,-0010.49
+1580602588.59,+0000.98,-0003.91,-0001.95,+0003.68,+0000.61,-0009.03
+1580602588.60,-0003.91,-0002.93,-0002.93,-0002.76,-0006.66,+0001.00
+1580602588.60,-0000.98,-0003.91,-0002.93,+0003.29,+0009.26,-0012.79
+1580602588.61,-0018.55,-0003.91,-0003.91,-0005.67,-0003.90,-0014.24
+1580602588.61,+0000.98,-0000.98,-0002.93,-0004.82,+0000.00,-0013.55
+1580602588.62,+0006.84,-0003.91,-0002.93,-0001.00,+0001.38,-0007.81
+1580602588.62,-0008.79,-0000.98,-0002.93,+0002.91,+0000.61,-0012.17
+1580602588.63,-0008.79,-0001.95,-0003.91,-0005.51,-0001.99,-0012.02
+1580602588.63,+0003.91,-0001.95,-0002.93,-0002.14,-0000.54,-0006.89
+1580602588.64,+0003.91,+0000.00,-0002.93,+0001.84,+0004.52,-0010.18
+1580602588.64,-0008.79,+0001.95,-0001.95,-0001.45,-0004.06,-0006.81
+1580602588.65,+0000.00,-0000.98,-0001.95,+0001.84,-0003.37,-0007.35
+1580602588.65,+0000.98,+0000.98,-0001.95,-0002.22,-0006.12,-0007.58
+1580602588.66,+0004.88,+0001.95,-0000.98,+0005.36,+0002.76,-0011.41
+1580602588.66,+0001.95,+0000.98,-0000.98,-0004.98,-0003.52,-0011.25
+1580602588.67,+0003.91,+0000.98,-0001.95,+0002.14,-0002.99,-0010.26
+1580602588.67,+0006.84,+0003.91,-0002.93,-0002.68,-0003.98,-0009.95
+1580602588.68,+0011.72,+0003.91,-0002.93,+0003.98,+0001.76,-0005.36
+1580602588.68,-0003.91,+0003.91,-0000.98,-0003.29,+0003.14,-0013.86
+1580602588.69,+0000.98,+0006.84,+0001.95,+0001.76,-0001.15,-0014.62
+1580602588.69,+0010.74,+0005.86,+0003.91,-0002.30,+0001.99,-0011.56
+1580602588.70,+0001.95,+0005.86,+0002.93,+0003.06,+0001.15,-0009.34
+1580602588.70,-0000.98,+0006.84,+0002.93,+0000.46,-0001.00,-0006.58
+1580602588.71,+0002.93,+0004.88,+0002.93,+0000.08,-0001.15,-0002.37
+1580602588.71,+0000.98,+0005.86,+0001.95,+0002.53,+0007.35,-0008.96
+1580602588.72,-0011.72,+0007.81,+0001.95,+0001.15,-0000.84,-0004.75
+1580602588.72,-0005.86,+0006.84,+0003.91,+0003.22,+0001.91,-0011.71
+1580602588.73,-0005.86,+0006.84,+0005.86,-0002.37,+0001.23,-0013.93
+1580602588.73,-0000.98,+0007.81,+0005.86,+0002.68,-0006.35,-0004.36
+1580602588.74,-0000.98,+0004.88,+0004.88,-0000.61,+0003.37,-0012.71
+1580602588.74,-0020.51,+0005.86,+0003.91,-0002.37,-0003.98,-0007.81
+1580602588.75,-0006.84,+0009.77,+0003.91,+0002.60,-0000.92,-0015.77
+1580602588.75,+0000.00,+0006.84,+0003.91,-0003.37,+0002.30,-0014.47
+1580602588.76,-0005.86,+0006.84,+0003.91,-0000.77,-0001.07,-0010.80
+1580602588.76,-0007.81,+0007.81,+0002.93,-0002.22,-0002.83,-0012.63
+1580602588.77,-0001.95,+0005.86,+0001.95,-0001.07,-0005.36,-0007.04
+1580602588.77,+0000.98,+0006.84,+0000.98,-0000.08,+0000.77,-0010.95
+1580602588.78,-0005.86,+0008.79,+0000.00,-0000.54,-0005.82,-0005.82
+1580602588.78,+0002.93,+0008.79,+0000.00,+0002.60,-0001.61,-0007.50
+1580602588.79,-0001.95,+0007.81,+0000.00,+0000.38,+0000.77,-0011.64
+1580602588.79,-0002.93,+0010.74,+0001.95,+0001.07,-0000.08,-0011.56
+1580602588.80,+0001.95,+0010.74,+0001.95,-0003.52,-0003.52,-0008.27
+1580602588.80,+0001.95,+0009.77,+0000.98,+0002.37,+0000.31,-0008.12
+1580602588.81,-0000.98,+0009.77,+0000.00,+0000.69,-0000.31,-0013.40
+1580602588.81,-0002.93,+0010.74,-0000.98,-0002.30,-0001.99,-0012.56
+1580602588.82,+0002.93,+0008.79,-0001.95,+0001.68,+0000.00,-0012.17
+1580602588.82,+0002.93,+0009.77,-0001.95,+0000.00,-0001.00,-0007.81
+1580602588.83,-0004.88,+0010.74,-0000.98,-0001.15,-0001.99,-0012.63
+1580602588.83,+0000.00,+0010.74,-0000.98,-0001.38,+0000.38,-0013.25
+1580602588.84,+0003.91,+0009.77,-0001.95,+0001.45,-0000.77,-0015.62
+1580602588.84,+0010.74,+0007.81,-0001.95,-0003.83,-0006.28,-0000.38
+1580602588.85,-0005.86,+0009.77,-0002.93,-0006.74,-0000.38,-0009.42
+1580602588.85,-0010.74,+0007.81,-0002.93,+0004.13,-0002.76,-0010.49
+1580602588.86,+0006.84,+0011.72,-0002.93,-0004.98,-0000.84,-0009.57
+1580602588.86,+0001.95,+0005.86,-0002.93,+0002.99,+0003.22,-0010.57
+1580602588.87,-0007.81,+0008.79,-0003.91,-0004.67,-0003.37,-0012.79
+1580602588.87,+0000.00,+0004.88,-0004.88,-0001.00,-0004.75,-0011.48
+1580602588.88,+0003.91,+0004.88,-0005.86,-0000.54,+0006.58,-0018.22
+1580602588.88,+0003.91,+0003.91,-0005.86,+0003.22,+0000.08,-0000.61
+1580602588.89,+0000.98,+0006.84,-0006.84,-0005.67,+0004.67,-0015.01
+1580602588.89,-0011.72,+0001.95,-0007.81,-0002.91,-0004.06,-0009.49
+1580602588.90,+0008.79,+0007.81,-0006.84,-0004.75,+0000.46,-0006.89
+1580602588.90,+0005.86,+0002.93,-0007.81,+0005.59,+0003.60,-0011.71
+1580602588.91,-0006.84,+0004.88,-0008.79,-0007.66,-0003.75,-0001.45
+1580602588.91,-0002.93,+0003.91,-0008.79,+0003.98,-0000.84,-0012.94
+1580602588.92,+0004.88,+0002.93,-0008.79,-0000.15,+0001.15,-0007.58
+1580602588.92,+0001.95,+0002.93,-0008.79,+0000.84,+0002.53,-0008.88
+1580602588.93,-0006.84,+0001.95,-0009.77,-0003.98,-0003.90,-0009.11
+1580602588.93,+0001.95,+0002.93,-0009.77,-0003.68,+0001.61,-0011.56
+1580602588.94,-0000.98,+0001.95,-0010.74,-0000.08,+0001.99,-0017.07
+1580602588.94,+0000.00,+0001.95,-0010.74,-0004.29,-0009.34,+0000.08
+1580602588.95,+0000.98,+0000.98,-0012.70,+0002.37,+0012.48,-0019.91
+1580602588.95,-0015.62,-0000.98,-0012.70,+0001.91,-0006.66,-0008.80
+1580602588.96,+0008.79,+0001.95,-0011.72,-0001.76,+0002.53,-0020.44
+1580602588.96,+0000.98,-0002.93,-0010.74,-0006.81,+0001.61,-0005.21
+1580602588.97,-0007.81,+0000.98,-0011.72,-0007.04,-0003.29,-0005.90
+1580602588.97,-0000.98,-0000.98,-0013.67,+0002.14,-0001.23,-0012.40
+1580602588.98,+0004.88,-0001.95,-0013.67,-0002.37,+0002.07,-0006.74
+1580602588.98,-0002.93,-0002.93,-0013.67,-0001.53,-0000.08,-0009.49
+1580602588.99,-0002.93,-0001.95,-0014.65,-0001.30,-0002.83,-0008.73
+1580602588.99,+0005.86,-0004.88,-0015.62,-0001.30,+0001.76,-0013.02
+1580602589.00,+0005.86,-0004.88,-0015.62,-0001.61,-0004.44,-0007.96
+1580602589.00,+0005.86,-0003.91,-0016.60,-0001.76,+0000.38,-0010.34
+1580602589.01,-0002.93,-0005.86,-0017.58,-0003.45,-0005.82,-0008.88
+1580602589.01,+0009.77,-0004.88,-0016.60,+0003.75,+0001.53,-0014.32
+1580602589.02,+0004.88,-0005.86,-0016.60,-0003.45,+0002.22,-0014.93
+1580602589.02,+0003.91,-0005.86,-0016.60,-0001.61,-0000.23,-0009.57
+1580602589.03,+0005.86,-0005.86,-0016.60,-0002.07,-0000.08,-0011.56
+1580602589.03,+0003.91,-0006.84,-0016.60,+0001.99,-0003.45,-0005.97
+1580602589.04,+0004.88,-0005.86,-0015.62,-0000.23,+0002.53,-0006.20
+1580602589.04,+0000.00,-0006.84,-0014.65,-0001.30,-0005.13,-0003.68
+1580602589.05,+0011.72,-0006.84,-0013.67,+0000.23,+0000.84,-0007.96
+1580602589.05,+0008.79,-0008.79,-0013.67,-0001.68,-0003.45,+0000.00
+1580602589.06,-0002.93,-0009.77,-0015.62,+0000.08,+0000.38,-0013.02
+1580602589.06,-0004.88,-0008.79,-0017.58,-0003.52,-0002.99,-0014.62
+1580602589.07,+0006.84,-0009.77,-0016.60,+0004.36,+0003.14,-0015.70
+1580602589.07,-0001.95,-0010.74,-0015.62,-0001.91,+0005.28,-0016.92
+1580602589.08,-0009.77,-0009.77,-0014.65,-0001.84,-0002.76,-0008.27
+1580602589.08,-0002.93,-0011.72,-0015.62,-0000.31,+0003.98,-0013.48
+1580602589.09,-0003.91,-0012.70,-0016.60,+0000.00,-0000.15,-0007.12
+1580602589.09,-0003.91,-0012.70,-0016.60,-0000.69,+0003.83,-0006.51
+1580602589.10,-0008.79,-0013.67,-0016.60,-0001.00,+0000.00,-0005.74
+1580602589.10,-0010.74,-0013.67,-0015.62,+0002.45,-0000.46,-0009.34
+1580602589.11,-0000.98,-0012.70,-0014.65,-0001.38,-0005.05,-0004.52
+1580602589.11,-0001.95,-0013.67,-0014.65,-0001.84,+0000.15,-0012.56
+1580602589.12,-0008.79,-0016.60,-0015.62,-0003.37,-0004.82,-0011.10
+1580602589.12,+0001.95,-0014.65,-0016.60,+0000.08,+0002.22,-0018.45
+1580602589.13,-0003.91,-0017.58,-0016.60,+0005.13,-0006.20,-0010.03
+1580602589.13,+0004.88,-0014.65,-0015.62,-0003.52,+0001.76,-0008.42
+1580602589.14,-0000.98,-0015.62,-0014.65,+0002.68,+0001.61,-0014.39
+1580602589.14,-0002.93,-0013.67,-0014.65,-0000.61,-0001.45,-0006.89
+1580602589.15,+0007.81,-0014.65,-0014.65,+0000.38,+0003.45,-0008.19
+1580602589.15,-0000.98,-0014.65,-0014.65,+0000.46,+0001.61,-0010.87
+1580602589.16,-0007.81,-0013.67,-0015.62,-0001.23,-0003.29,-0007.81
+1580602589.16,+0003.91,-0013.67,-0014.65,-0001.99,+0000.00,-0011.64
+1580602589.17,+0004.88,-0016.60,-0013.67,+0001.91,+0002.30,-0010.11
+1580602589.17,-0002.93,-0012.70,-0012.70,-0001.53,+0000.38,-0013.70
+1580602589.18,+0000.98,-0013.67,-0011.72,-0000.15,-0004.75,-0010.26
+1580602589.18,+0014.65,-0012.70,-0010.74,-0000.92,+0003.45,-0007.96
+1580602589.19,+0002.93,-0013.67,-0010.74,+0001.68,+0002.76,-0011.10
+1580602589.19,-0006.84,-0010.74,-0009.77,-0003.22,-0001.53,-0013.09
+1580602589.20,+0008.79,-0011.72,-0009.77,+0002.37,-0002.30,-0009.80
+1580602589.20,+0008.79,-0013.67,-0008.79,-0001.84,+0006.05,-0009.80
+1580602589.21,-0006.84,-0011.72,-0008.79,+0002.83,-0002.45,-0007.04
+1580602589.21,+0000.00,-0011.72,-0007.81,-0001.23,-0002.99,-0010.41
+1580602589.22,+0010.74,-0012.70,-0006.84,+0001.30,+0006.97,-0008.19
+1580602589.22,-0005.86,-0010.74,-0006.84,+0002.22,+0001.76,-0009.49
+1580602589.23,-0008.79,-0009.77,-0005.86,-0000.15,-0004.98,-0007.35
+1580602589.23,+0004.88,-0011.72,-0005.86,+0001.15,+0002.37,-0013.09
+1580602589.24,-0003.91,-0012.70,-0004.88,+0001.45,-0002.22,-0004.82
+1580602589.24,-0001.95,-0009.77,-0004.88,+0001.15,+0000.54,-0011.87
+1580602589.25,-0004.88,-0013.67,-0004.88,-0004.13,+0000.61,-0008.50
+1580602589.25,-0005.86,-0011.72,-0005.86,-0003.06,+0004.59,-0011.18
+1580602589.26,-0007.81,-0011.72,-0005.86,+0003.14,-0002.14,-0008.65
+1580602589.26,-0001.95,-0011.72,-0004.88,-0001.23,+0001.84,-0008.58
+1580602589.27,-0009.77,-0012.70,-0005.86,-0000.92,+0003.75,-0014.85
+1580602589.27,-0006.84,-0011.72,-0004.88,+0000.69,+0000.92,-0008.27
+1580602589.28,-0002.93,-0012.70,-0005.86,-0003.37,+0003.37,-0011.48
+1580602589.28,-0011.72,-0012.70,-0005.86,-0002.37,+0000.54,-0010.95
+1580602589.29,-0002.93,-0011.72,-0004.88,+0000.46,-0000.46,-0011.71
+1580602589.29,+0000.00,-0014.65,-0004.88,+0001.00,+0002.07,-0012.25
+1580602589.30,-0005.86,-0012.70,-0004.88,+0000.61,-0004.52,-0010.64
+1580602589.30,+0002.93,-0011.72,-0004.88,+0000.31,-0003.98,-0009.42
+1580602589.31,+0002.93,-0012.70,-0005.86,+0000.23,-0002.99,-0006.58
+1580602589.31,+0000.00,-0011.72,-0005.86,+0000.92,+0004.52,-0013.25
+1580602589.32,-0003.91,-0008.79,-0005.86,-0001.53,-0001.61,-0013.40
+1580602589.32,+0003.91,-0011.72,-0004.88,+0001.07,+0002.14,-0011.79
+1580602589.33,+0003.91,-0011.72,-0003.91,-0000.15,+0000.92,-0012.25
+1580602589.33,-0002.93,-0009.77,-0001.95,+0000.31,-0003.83,-0006.12
+1580602589.34,+0004.88,-0009.77,-0002.93,+0000.46,-0000.15,-0010.72
+1580602589.34,-0000.98,-0010.74,-0001.95,-0000.46,-0001.91,-0005.90
+1580602589.35,+0003.91,-0007.81,-0001.95,+0001.84,+0003.22,-0013.93
+1580602589.35,+0001.95,-0008.79,-0000.98,-0001.38,-0002.22,-0011.18
+1580602589.36,+0006.84,-0008.79,+0000.00,+0001.91,+0000.31,-0009.42
+1580602589.36,+0003.91,-0007.81,+0000.00,-0001.30,+0002.60,-0010.72
+1580602589.37,-0001.95,-0007.81,-0000.98,+0003.83,+0000.08,-0009.80
+1580602589.37,+0001.95,-0007.81,+0000.00,-0004.21,-0001.15,-0012.02
+1580602589.38,+0006.84,-0006.84,+0000.98,-0004.98,+0005.05,-0007.73
+1580602589.38,-0003.91,-0007.81,+0001.95,+0004.67,-0001.07,-0007.89
+1580602589.39,-0003.91,-0004.88,+0002.93,-0002.14,-0000.92,-0004.67
+1580602589.39,+0000.00,-0005.86,+0002.93,+0003.14,+0002.68,-0008.42
+1580602589.40,-0001.95,-0005.86,+0003.91,+0001.91,+0002.60,-0009.03
+1580602589.40,-0010.74,-0003.91,+0003.91,-0001.15,+0000.69,-0009.03
+1580602589.41,-0005.86,-0004.88,+0004.88,+0001.00,-0002.30,-0007.50
+1580602589.41,-0002.93,-0004.88,+0003.91,+0000.15,+0006.05,-0014.16
+1580602589.42,-0015.62,-0004.88,+0003.91,+0002.76,-0005.97,-0008.73
+1580602589.42,-0006.84,-0003.91,+0003.91,-0001.91,+0001.61,-0015.16
+1580602589.43,-0009.77,-0005.86,+0003.91,+0002.30,+0003.75,-0016.77
+1580602589.43,-0002.93,-0003.91,+0003.91,+0001.53,-0001.84,-0005.82
+1580602589.44,+0000.98,-0003.91,+0003.91,-0000.46,+0005.74,-0014.32
+1580602589.44,-0016.60,-0004.88,+0003.91,-0000.08,-0004.82,-0012.86
+1580602589.45,+0004.88,-0000.98,+0004.88,-0000.84,+0004.44,-0013.32
+1580602589.45,+0002.93,-0002.93,+0003.91,+0002.37,-0003.06,-0008.80
+1580602589.46,-0003.91,-0000.98,+0004.88,+0000.23,-0002.45,-0005.21
+1580602589.46,+0001.95,-0000.98,+0004.88,-0000.15,-0001.15,-0008.12
+1580602589.47,-0001.95,-0000.98,+0003.91,+0002.14,-0001.76,-0010.49
+1580602589.47,+0001.95,+0001.95,+0005.86,+0000.54,+0000.08,-0012.56
+1580602589.48,+0001.95,+0002.93,+0006.84,+0004.06,+0000.00,-0017.69
+1580602589.48,+0004.88,+0000.00,+0008.79,+0004.06,+0000.15,-0007.96
+1580602589.49,+0006.84,+0001.95,+0009.77,-0002.37,+0000.00,-0008.73
+1580602589.49,-0000.98,+0001.95,+0008.79,-0000.61,+0000.23,-0005.90
+1580602589.50,-0000.98,+0004.88,+0006.84,+0001.61,+0001.68,-0013.02
+1580602589.50,+0003.91,+0001.95,+0007.81,+0006.81,+0000.61,-0007.43
+1580602589.51,+0002.93,+0004.88,+0008.79,-0003.29,+0004.75,-0013.63
+1580602589.51,-0005.86,+0002.93,+0009.77,+0001.68,-0003.29,-0011.25
+1580602589.52,+0003.91,+0003.91,+0009.77,-0003.06,+0002.53,-0011.48
+1580602589.52,+0002.93,+0001.95,+0009.77,+0005.82,-0001.84,-0012.25
+1580602589.53,+0001.95,+0004.88,+0009.77,-0005.05,-0001.38,-0008.80
+1580602589.53,+0003.91,+0001.95,+0009.77,+0002.53,+0000.84,-0009.65
+1580602589.54,-0001.95,+0002.93,+0009.77,-0000.54,-0002.60,-0009.19
+1580602589.54,+0004.88,+0004.88,+0009.77,-0000.38,-0000.69,-0006.66
+1580602589.55,+0002.93,+0002.93,+0008.79,-0002.07,+0000.31,-0010.72
+1580602589.55,+0001.95,+0001.95,+0008.79,+0001.45,-0002.14,-0001.91
+1580602589.56,-0001.95,+0003.91,+0008.79,-0001.91,+0000.00,-0009.95
+1580602589.56,-0004.88,+0002.93,+0007.81,+0002.99,-0003.68,-0007.12
+1580602589.57,+0002.93,+0001.95,+0007.81,-0002.76,+0002.68,-0009.95
+1580602589.57,-0004.88,+0001.95,+0007.81,-0001.07,-0003.29,-0006.12
+1580602589.58,-0001.95,+0002.93,+0007.81,+0000.84,-0001.23,-0010.72
+1580602589.58,+0005.86,+0001.95,+0007.81,-0002.07,-0007.20,+0000.38
+1580602589.59,-0004.88,+0000.98,+0006.84,+0002.22,+0008.50,-0013.40
+1580602589.59,-0013.67,+0002.93,+0005.86,-0001.23,-0005.05,-0011.79
+1580602589.60,+0004.88,+0002.93,+0006.84,+0000.84,+0000.00,-0017.07
+1580602589.60,+0001.95,-0000.98,+0006.84,-0005.21,+0001.15,-0011.94
+1580602589.61,+0000.00,+0002.93,+0005.86,-0004.75,-0002.14,-0010.64
+1580602589.61,+0000.98,+0000.00,+0004.88,+0001.53,-0003.83,-0008.65
+1580602589.62,+0002.93,+0000.00,+0002.93,-0001.15,-0001.76,-0004.52
+1580602589.62,-0001.95,+0000.98,+0002.93,+0000.54,+0000.23,-0008.19
+1580602589.63,-0004.88,+0002.93,+0001.95,+0000.15,+0001.38,-0014.39
+1580602589.63,-0000.98,+0000.98,+0002.93,+0001.00,-0001.99,-0012.40
+1580602589.64,+0004.88,+0000.00,+0003.91,+0001.68,-0000.38,-0014.01
+1580602589.64,-0005.86,+0000.98,+0003.91,-0001.53,-0005.67,-0010.34
+1580602589.65,+0000.00,+0000.98,+0004.88,+0000.08,+0001.00,-0011.25
+1580602589.65,+0001.95,+0000.98,+0002.93,-0001.23,+0001.76,-0012.71
+1580602589.66,-0001.95,+0001.95,+0001.95,-0000.23,-0001.07,-0009.42
+1580602589.66,+0002.93,+0000.98,+0000.98,-0001.68,+0003.14,-0012.71
+1580602589.67,-0002.93,-0000.98,+0001.95,+0001.45,-0006.74,-0002.53
+1580602589.67,+0004.88,+0000.00,+0001.95,+0000.23,+0004.06,-0006.51
+1580602589.68,-0007.81,+0000.00,+0000.98,-0002.22,-0005.36,-0005.74
+1580602589.68,+0000.00,+0000.98,+0001.95,+0004.82,+0001.45,-0015.31
+1580602589.69,+0000.00,-0000.98,+0002.93,-0005.44,-0000.31,-0014.16
+1580602589.69,+0002.93,+0000.00,+0003.91,+0004.44,-0004.75,-0007.96
+1580602589.70,+0002.93,-0000.98,+0002.93,+0000.46,+0001.61,-0015.39
+1580602589.70,-0003.91,-0000.98,+0001.95,-0000.61,-0007.81,-0006.20
+1580602589.71,+0010.74,-0000.98,+0001.95,-0001.00,+0000.84,-0009.95
+1580602589.71,+0001.95,-0000.98,+0001.95,+0001.07,-0001.07,-0010.11
+1580602589.72,+0000.98,+0000.00,+0002.93,+0000.23,-0003.60,-0006.12
+1580602589.72,+0005.86,-0000.98,+0002.93,-0001.07,+0001.45,-0014.01
+1580602589.73,-0002.93,-0000.98,+0003.91,+0001.23,+0000.08,-0010.34
+1580602589.73,+0002.93,+0000.98,+0003.91,-0004.36,+0001.68,-0009.11
+1580602589.74,+0000.00,-0001.95,+0002.93,+0001.99,+0001.91,-0013.02
+1580602589.74,-0003.91,-0000.98,+0002.93,-0000.38,-0003.37,-0006.89
+1580602589.75,+0002.93,-0000.98,+0002.93,-0001.38,-0000.08,-0007.81
+1580602589.75,-0001.95,-0002.93,+0003.91,-0000.69,+0000.08,-0007.04
+1580602589.76,-0001.95,-0000.98,+0003.91,+0001.53,-0001.30,-0008.58
+1580602589.76,-0003.91,-0000.98,+0003.91,-0003.75,-0002.37,-0009.34
+1580602589.77,+0000.00,-0000.98,+0002.93,-0002.37,+0002.53,-0016.15
+1580602589.77,-0003.91,-0001.95,+0002.93,+0000.46,-0005.36,-0010.72
+1580602589.78,+0005.86,-0002.93,+0002.93,+0000.61,-0002.37,-0008.12
+1580602589.78,+0003.91,-0004.88,+0002.93,-0004.98,-0001.30,-0003.68
+1580602589.79,-0009.77,-0001.95,+0000.98,-0004.36,-0000.38,-0009.11
+1580602589.79,-0005.86,-0002.93,+0000.00,+0002.60,-0002.68,-0015.08
+1580602589.80,+0004.88,-0002.93,+0000.98,-0001.07,-0002.83,-0010.26
+1580602589.80,+0000.00,-0002.93,+0001.95,-0001.07,+0000.00,-0010.80
+1580602589.81,-0008.79,-0002.93,+0001.95,-0001.23,-0003.06,-0010.34
+1580602589.81,-0003.91,-0003.91,+0000.98,+0000.38,+0000.38,-0013.70
+1580602589.82,-0000.98,-0003.91,+0001.95,-0000.08,+0000.92,-0013.17
+1580602589.82,+0007.81,-0003.91,+0002.93,-0004.13,+0002.53,-0000.77
+1580602589.83,-0000.98,-0004.88,+0000.98,-0000.54,+0006.97,-0013.55
+1580602589.83,-0014.65,-0004.88,-0000.98,-0002.22,-0010.26,-0006.81
+1580602589.84,+0006.84,-0003.91,-0000.98,-0003.52,+0003.29,-0017.76
+1580602589.84,-0003.91,-0006.84,-0000.98,+0001.07,-0002.68,-0007.96
+1580602589.85,-0000.98,-0003.91,+0000.00,+0002.83,+0000.46,-0011.48
+1580602589.85,-0000.98,-0006.84,+0000.00,-0004.44,+0001.00,-0014.01
+1580602589.86,-0000.98,-0005.86,+0000.98,-0003.83,-0003.45,-0009.42
+1580602589.86,+0007.81,-0005.86,+0000.98,+0002.76,+0001.15,-0009.80
+1580602589.87,+0000.98,-0004.88,+0000.98,+0000.15,+0000.00,-0009.11
+1580602589.87,+0000.00,-0005.86,+0000.98,+0000.46,-0005.67,-0007.81
+1580602589.88,+0014.65,-0005.86,+0000.98,-0001.84,+0000.46,-0006.12
+1580602589.88,+0005.86,-0007.81,+0000.00,+0002.76,+0004.90,-0009.95
+1580602589.89,-0004.88,-0006.84,-0000.98,-0001.23,-0003.22,-0011.03
+1580602589.89,+0006.84,-0007.81,+0000.00,+0001.00,+0000.00,-0007.43
+1580602589.90,+0007.81,-0007.81,+0000.98,+0003.29,+0002.14,-0009.19
+1580602589.90,-0003.91,-0006.84,+0001.95,-0002.30,+0000.08,-0007.43
+1580602589.91,-0001.95,-0007.81,+0001.95,+0002.07,-0001.68,-0005.13
+1580602589.91,+0000.98,-0009.77,+0001.95,+0001.76,+0004.52,-0009.19
+1580602589.92,-0007.81,-0007.81,+0001.95,-0000.77,-0001.38,-0009.26
+1580602589.92,-0000.98,-0007.81,+0002.93,-0001.76,-0001.68,-0011.87
+1580602589.93,-0003.91,-0010.74,+0002.93,-0000.61,-0003.90,-0010.18
+1580602589.93,-0003.91,-0009.77,+0003.91,-0000.23,-0002.45,-0006.28
+1580602589.94,-0001.95,-0008.79,+0002.93,-0002.53,+0005.44,-0011.48
+1580602589.94,-0011.72,-0011.72,+0000.98,-0001.45,+0001.68,-0011.03
+1580602589.95,-0002.93,-0009.77,+0000.98,-0004.21,+0000.23,-0009.72
+1580602589.95,-0001.95,-0012.70,+0000.98,+0000.77,-0001.30,-0009.57
+1580602589.96,-0002.93,-0010.74,+0000.00,-0001.91,-0000.61,-0003.37
+1580602589.96,-0007.81,-0011.72,+0000.98,+0002.07,+0000.46,-0013.70
+1580602589.97,-0012.70,-0009.77,+0001.95,-0001.91,-0002.53,-0016.23
+1580602589.97,+0001.95,-0008.79,+0002.93,+0000.92,-0000.23,-0014.39
+1580602589.98,+0002.93,-0010.74,+0003.91,-0002.53,+0001.53,-0012.79
+1580602589.98,-0002.93,-0008.79,+0002.93,-0001.84,+0001.23,-0009.49
+1580602589.99,-0004.88,-0008.79,+0001.95,+0000.77,-0003.29,-0008.42
+1580602589.99,+0002.93,-0008.79,+0001.95,+0001.45,+0000.46,-0012.02
+1580602590.00,+0003.91,-0007.81,+0003.91,-0001.07,+0001.53,-0006.89
+1580602590.00,+0000.00,-0006.84,+0004.88,+0002.14,+0000.46,-0011.25
+1580602590.01,-0001.95,-0007.81,+0004.88,-0004.59,-0002.53,-0009.42
+1580602590.01,+0006.84,-0006.84,+0005.86,+0003.60,-0001.38,-0007.35
+1580602590.02,+0001.95,-0006.84,+0005.86,+0001.00,-0002.14,-0009.26
+1580602590.02,+0003.91,-0005.86,+0006.84,+0001.23,-0000.15,-0011.03
+1580602590.03,+0000.98,-0005.86,+0006.84,-0003.14,+0002.07,-0014.55
+1580602590.03,+0002.93,-0004.88,+0007.81,-0002.14,-0000.38,-0013.09
+1580602590.04,+0008.79,-0004.88,+0007.81,+0002.22,-0000.84,-0006.66
+1580602590.04,+0006.84,-0004.88,+0007.81,+0002.53,+0003.90,-0010.18
+1580602590.05,-0002.93,-0003.91,+0007.81,-0002.76,-0002.37,-0009.26
+1580602590.05,+0007.81,-0001.95,+0008.79,-0002.37,+0003.06,-0011.33
+1580602590.06,+0002.93,-0002.93,+0009.77,+0002.14,+0002.07,-0011.87
+1580602590.06,+0002.93,-0000.98,+0010.74,+0000.46,-0001.45,-0005.97
+1580602590.07,+0000.98,-0002.93,+0010.74,+0002.45,-0000.69,-0008.42
+1580602590.07,-0002.93,-0002.93,+0010.74,-0001.00,+0002.14,-0006.20
+1580602590.08,-0001.95,-0002.93,+0010.74,+0000.69,+0003.29,-0009.88
+1580602590.08,-0005.86,-0001.95,+0010.74,-0000.61,-0001.45,-0008.58
+1580602590.09,-0001.95,-0001.95,+0011.72,+0000.46,+0001.76,-0014.47
+1580602590.09,-0003.91,-0001.95,+0012.70,-0000.31,-0003.75,-0008.19
+1580602590.10,+0002.93,-0000.98,+0012.70,+0001.76,+0000.00,-0004.98
+1580602590.10,-0011.72,+0000.00,+0011.72,-0000.15,+0006.28,-0015.16
+1580602590.11,-0000.98,+0000.98,+0012.70,+0000.00,-0000.08,-0005.21
+1580602590.11,+0009.77,+0000.98,+0012.70,-0001.76,+0007.66,-0013.02
+1580602590.12,-0014.65,+0000.98,+0012.70,-0000.77,-0000.77,-0011.56
+1580602590.12,+0000.98,+0003.91,+0011.72,-0001.91,+0003.52,-0019.14
+1580602590.13,-0000.98,+0000.98,+0010.74,-0003.68,+0000.15,-0007.35
+1580602590.13,-0001.95,+0003.91,+0011.72,+0004.52,+0002.68,-0010.57
+1580602590.14,-0007.81,+0004.88,+0011.72,-0003.22,-0000.46,-0011.48
+1580602590.14,+0002.93,+0004.88,+0012.70,+0000.84,-0000.08,-0006.89
+1580602590.15,+0003.91,+0003.91,+0012.70,-0002.30,+0004.13,-0013.48
+1580602590.15,-0007.81,+0007.81,+0012.70,+0004.29,-0004.59,-0010.49
+1580602590.16,+0001.95,+0006.84,+0012.70,+0002.22,-0001.00,-0007.12
+1580602590.16,+0004.88,+0006.84,+0013.67,+0001.84,+0004.21,-0014.47
+1580602590.17,-0009.77,+0009.77,+0013.67,+0000.15,+0002.07,-0012.94
+1580602590.17,-0000.98,+0010.74,+0013.67,+0001.91,-0003.37,-0009.42
+1580602590.18,+0002.93,+0008.79,+0014.65,+0000.31,-0001.00,-0008.50
+1580602590.18,+0003.91,+0010.74,+0014.65,-0002.14,-0000.23,-0005.36
+1580602590.19,+0000.00,+0010.74,+0012.70,-0001.91,+0001.99,-0008.19
+1580602590.19,-0004.88,+0010.74,+0012.70,+0001.53,-0003.37,-0009.11
+1580602590.20,+0003.91,+0011.72,+0013.67,-0000.15,+0001.38,-0010.26
+1580602590.20,+0004.88,+0013.67,+0015.62,+0003.06,-0001.07,-0008.73
+1580602590.21,-0004.88,+0012.70,+0016.60,-0002.22,+0001.07,-0010.26
+1580602590.21,-0002.93,+0013.67,+0015.62,-0003.45,-0003.52,-0013.70
+1580602590.22,+0007.81,+0013.67,+0015.62,+0003.37,+0002.76,-0014.39
+1580602590.22,+0002.93,+0014.65,+0014.65,-0002.14,+0000.92,-0008.88
+1580602590.23,-0002.93,+0014.65,+0014.65,-0000.23,-0001.91,-0007.73
+1580602590.23,+0005.86,+0015.62,+0014.65,+0002.30,-0001.91,-0009.03
+1580602590.24,+0006.84,+0015.62,+0014.65,+0000.08,+0000.92,-0007.96
+1580602590.24,+0000.98,+0017.58,+0015.62,+0002.45,+0002.60,-0009.49
+1580602590.25,+0006.84,+0017.58,+0016.60,+0000.84,-0001.91,+0000.69
+1580602590.25,+0004.88,+0018.55,+0016.60,+0000.69,+0007.89,-0011.25
+1580602590.26,-0012.70,+0018.55,+0015.62,-0003.52,-0004.82,-0003.37
+1580602590.26,+0001.95,+0020.51,+0014.65,+0006.12,-0001.61,-0011.94
+1580602590.27,-0002.93,+0017.58,+0015.62,+0007.20,+0000.92,-0014.62
+1580602590.27,-0005.86,+0020.51,+0015.62,-0004.67,-0003.60,-0010.41
+1580602590.28,-0002.93,+0017.58,+0015.62,-0000.23,+0002.37,-0016.77
+1580602590.28,+0000.00,+0018.55,+0013.67,+0000.77,+0002.60,-0009.49
+1580602590.29,-0005.86,+0019.53,+0011.72,-0001.61,+0001.45,-0011.71
+1580602590.29,-0010.74,+0018.55,+0010.74,-0000.15,-0001.38,-0011.41
+1580602590.30,-0000.98,+0020.51,+0011.72,+0002.45,-0002.91,-0011.71
+1580602590.30,+0000.00,+0018.55,+0010.74,+0002.60,+0000.38,-0006.12
+1580602590.31,-0006.84,+0019.53,+0009.77,-0004.98,+0000.54,-0008.04
+1580602590.31,-0007.81,+0019.53,+0009.77,+0002.53,-0002.91,-0011.18
+1580602590.32,+0000.98,+0019.53,+0008.79,+0000.77,-0000.08,-0013.25
+1580602590.32,+0000.00,+0019.53,+0008.79,-0001.68,-0004.06,-0008.58
+1580602590.33,+0000.00,+0019.53,+0007.81,-0000.46,-0000.69,-0008.80
+1580602590.33,-0002.93,+0018.55,+0006.84,-0003.52,+0000.00,-0010.03
+1580602590.34,-0000.98,+0020.51,+0005.86,-0003.60,-0002.76,-0012.40
+1580602590.34,+0005.86,+0019.53,+0004.88,-0000.61,-0002.60,-0009.65
+1580602590.35,+0003.91,+0019.53,+0003.91,-0002.45,-0002.07,-0006.43
+1580602590.35,+0000.00,+0018.55,+0002.93,+0001.38,-0001.53,-0014.93
+1580602590.36,-0003.91,+0017.58,+0001.95,-0003.60,-0004.67,-0008.65
+1580602590.36,+0003.91,+0018.55,+0000.98,+0005.97,+0007.04,-0020.90
+1580602590.37,-0002.93,+0017.58,+0000.98,-0006.58,-0007.27,-0013.02
+1580602590.37,+0009.77,+0018.55,+0000.98,-0004.21,+0003.90,-0011.48
+1580602590.38,-0003.91,+0015.62,+0000.98,-0000.54,-0000.77,-0014.93
+1580602590.38,+0000.98,+0019.53,+0000.00,+0000.77,-0007.50,-0005.05
+1580602590.39,+0012.70,+0015.62,-0001.95,+0002.68,-0000.84,-0010.34
+1580602590.39,+0002.93,+0016.60,-0002.93,-0002.07,-0001.38,-0006.05
+1580602590.40,+0001.95,+0017.58,-0003.91,-0001.07,-0004.21,-0007.96
+1580602590.40,+0008.79,+0014.65,-0004.88,-0003.75,-0005.13,-0006.51
+1580602590.41,+0003.91,+0015.62,-0005.86,-0003.60,-0005.82,-0004.67
+1580602590.41,+0007.81,+0014.65,-0006.84,+0001.99,+0000.92,-0009.80
+1580602590.42,+0001.95,+0012.70,-0007.81,-0004.44,+0000.54,-0007.58
+1580602590.42,-0004.88,+0012.70,-0008.79,-0000.23,-0006.58,-0003.45
+1580602590.43,+0006.84,+0012.70,-0008.79,-0001.68,+0006.20,-0013.48
+1580602590.43,-0003.91,+0011.72,-0009.77,+0002.45,-0000.15,-0011.64
+1580602590.44,-0005.86,+0010.74,-0008.79,-0005.90,-0003.22,-0011.94
+1580602590.44,+0003.91,+0010.74,-0009.77,-0007.20,+0004.36,-0013.40
+1580602590.45,-0005.86,+0007.81,-0010.74,+0004.21,-0003.83,-0007.50
+1580602590.45,-0000.98,+0009.77,-0010.74,-0006.81,-0004.75,-0003.37
+1580602590.46,-0004.88,+0007.81,-0013.67,+0001.91,+0003.90,-0014.16
+1580602590.46,-0001.95,+0007.81,-0013.67,+0003.22,-0003.06,-0009.49
+1580602590.47,+0007.81,+0006.84,-0013.67,-0005.13,-0003.45,+0001.45
+1580602590.47,-0007.81,+0004.88,-0016.60,+0001.38,+0008.65,-0017.53
+1580602590.48,-0010.74,+0004.88,-0017.58,+0002.68,-0001.99,-0012.79
+1580602590.48,+0009.77,+0005.86,-0018.55,-0005.51,+0001.91,-0016.00
+1580602590.49,-0004.88,+0001.95,-0018.55,-0001.68,+0001.38,-0013.48
+1580602590.49,-0006.84,+0006.84,-0017.58,+0005.90,-0004.90,-0009.72
+1580602590.50,-0002.93,+0001.95,-0016.60,+0003.98,-0005.05,-0009.34
+1580602590.50,+0003.91,+0003.91,-0016.60,-0000.15,-0001.68,-0007.12
+1580602590.51,+0002.93,+0003.91,-0015.62,-0002.37,-0000.46,-0004.06
+1580602590.51,-0005.86,+0003.91,-0017.58,-0002.60,-0003.06,-0007.66
+1580602590.52,-0003.91,+0001.95,-0019.53,-0000.23,+0001.76,-0014.39
+1580602590.52,+0000.98,+0002.93,-0019.53,+0000.00,-0003.45,-0012.56
+1580602590.53,+0012.70,+0000.98,-0018.55,-0002.83,-0005.97,-0004.90
+1580602590.53,-0000.98,+0000.98,-0018.55,-0006.28,-0000.08,-0018.68
+1580602590.54,-0005.86,-0000.98,-0018.55,+0002.91,-0009.95,-0005.28
+1580602590.54,+0015.62,+0000.98,-0019.53,-0001.30,+0002.99,-0018.76
+1580602590.55,+0001.95,-0000.98,-0019.53,+0003.98,-0003.90,-0005.13
+1580602590.55,+0004.88,+0001.95,-0018.55,-0004.90,-0001.23,-0011.64
+1580602590.56,+0005.86,-0001.95,-0017.58,-0001.23,+0002.45,-0012.33
+1580602590.56,+0002.93,+0000.00,-0017.58,+0002.83,-0002.45,-0010.49
+1580602590.57,+0007.81,+0000.98,-0016.60,+0001.30,-0000.61,-0012.10
+1580602590.57,+0007.81,-0000.98,-0016.60,-0003.45,+0000.31,-0007.20
+1580602590.58,+0001.95,-0001.95,-0016.60,+0002.22,+0000.69,-0004.59
+1580602590.58,-0000.98,+0000.00,-0015.62,-0000.92,+0000.69,-0005.36
+1580602590.59,+0000.98,-0001.95,-0014.65,+0001.53,+0000.00,-0007.89
+1580602590.59,+0002.93,-0001.95,-0013.67,+0000.15,+0000.69,-0007.96
+1580602590.60,-0001.95,-0001.95,-0014.65,-0000.46,+0001.61,-0009.88
+1580602590.60,-0004.88,-0003.91,-0014.65,+0002.76,+0002.45,-0011.64
+1580602590.61,-0005.86,-0002.93,-0014.65,+0000.08,-0001.45,-0010.49
+1580602590.61,-0002.93,-0002.93,-0012.70,-0000.46,-0000.61,-0009.42
+1580602590.62,-0001.95,-0002.93,-0012.70,+0002.07,+0002.07,-0009.49
+1580602590.62,-0005.86,-0003.91,-0012.70,+0001.76,-0003.14,-0006.20
+1580602590.63,-0000.98,-0004.88,-0013.67,-0001.07,+0002.53,-0012.86
+1580602590.63,-0004.88,-0005.86,-0014.65,-0001.99,-0001.99,-0011.71
+1580602590.64,-0000.98,-0004.88,-0014.65,+0000.15,+0001.99,-0011.71
+1580602590.64,-0002.93,-0005.86,-0014.65,-0000.77,-0001.07,-0014.70
+1580602590.65,-0001.95,-0005.86,-0014.65,-0000.38,-0003.83,-0007.04
+1580602590.65,+0002.93,-0005.86,-0014.65,+0000.23,+0001.91,-0008.35
+1580602590.66,-0005.86,-0005.86,-0014.65,-0000.31,-0000.54,-0007.50
+1580602590.66,-0004.88,-0004.88,-0013.67,+0003.06,+0000.77,-0011.94
+1580602590.67,+0000.00,-0004.88,-0011.72,-0000.92,-0000.61,-0013.93
+1580602590.67,+0003.91,-0004.88,-0010.74,-0002.07,+0005.97,-0012.48
+1580602590.68,-0007.81,-0003.91,-0010.74,+0001.30,+0000.54,-0012.56
+1580602590.68,-0002.93,-0003.91,-0011.72,-0001.99,-0003.29,-0013.09
+1580602590.69,+0013.67,-0003.91,-0011.72,-0000.92,-0003.37,-0009.88
+1580602590.69,+0002.93,-0004.88,-0012.70,+0003.37,+0001.23,-0011.25
+1580602590.70,-0005.86,-0003.91,-0012.70,-0006.20,-0004.59,-0006.28
+1580602590.70,+0008.79,-0003.91,-0011.72,+0006.35,+0002.91,-0014.93
+1580602590.71,+0004.88,-0003.91,-0011.72,+0001.91,-0000.46,-0009.65
+1580602590.71,+0007.81,-0000.98,-0010.74,-0001.68,-0001.23,-0011.18
+1580602590.72,+0003.91,-0004.88,-0010.74,-0000.77,+0003.06,-0016.38
+1580602590.72,+0003.91,-0002.93,-0009.77,+0003.22,-0003.90,-0008.65
+1580602590.73,+0005.86,-0001.95,-0008.79,+0002.99,+0003.14,-0016.38
+1580602590.73,-0000.98,-0001.95,-0007.81,-0002.37,-0005.21,-0004.36
+1580602590.74,+0009.77,-0001.95,-0007.81,+0004.36,+0005.28,-0010.34
+1580602590.74,-0001.95,-0001.95,-0007.81,+0000.92,+0000.61,-0002.91
+1580602590.75,+0000.00,-0000.98,-0007.81,+0003.22,-0001.99,-0006.28
+1580602590.75,+0005.86,-0002.93,-0006.84,-0002.07,+0001.38,-0003.75
+1580602590.76,-0004.88,-0001.95,-0006.84,+0003.98,+0003.75,-0003.14
+1580602590.76,-0011.72,-0001.95,-0005.86,+0001.15,-0001.76,-0010.18
+1580602590.77,+0000.00,-0001.95,-0005.86,+0000.61,+0003.37,-0014.70
+1580602590.77,-0003.91,-0004.88,-0005.86,-0005.21,+0001.00,-0016.77
+1580602590.78,-0001.95,-0003.91,-0005.86,-0005.74,-0002.76,-0000.54
+1580602590.78,+0000.98,-0005.86,-0005.86,+0003.29,+0007.89,-0011.03
+1580602590.79,-0015.62,-0003.91,-0006.84,-0002.22,+0000.31,-0009.65
+1580602590.79,-0006.84,-0003.91,-0005.86,-0000.61,-0003.98,-0013.25
+1580602590.80,+0007.81,-0003.91,-0004.88,-0002.91,+0006.28,-0012.56
+1580602590.80,-0012.70,-0005.86,-0005.86,+0001.61,-0004.21,-0005.97
+1580602590.81,-0005.86,-0004.88,-0006.84,+0000.69,-0000.46,-0009.03
+1580602590.81,-0004.88,-0006.84,-0006.84,-0001.23,+0003.52,-0016.23
+1580602590.82,+0000.00,-0006.84,-0006.84,+0001.23,+0002.91,-0003.83
+1580602590.82,-0005.86,-0003.91,-0007.81,-0001.38,+0004.67,-0018.53
+1580602590.83,-0009.77,-0006.84,-0008.79,-0000.84,-0004.75,-0009.49
+1580602590.83,+0002.93,-0005.86,-0008.79,-0001.00,+0003.29,-0018.22
+1580602590.84,-0004.88,-0006.84,-0006.84,+0001.38,-0003.06,-0009.26
+1580602590.84,+0000.00,-0002.93,-0006.84,-0003.75,-0003.06,-0006.05
+1580602590.85,-0000.98,-0005.86,-0007.81,-0001.68,+0003.83,-0012.25
+1580602590.85,+0000.00,-0005.86,-0008.79,+0001.76,+0002.45,-0012.40
+1580602590.86,+0000.98,-0005.86,-0008.79,-0001.45,-0003.06,-0005.51
+1580602590.86,+0000.00,-0005.86,-0009.77,+0001.91,+0001.23,-0010.11
+1580602590.87,-0007.81,-0006.84,-0009.77,+0000.38,-0006.74,-0009.72
+1580602590.87,+0005.86,-0006.84,-0009.77,+0002.07,+0002.68,-0013.32
+1580602590.88,+0001.95,-0007.81,-0008.79,-0002.14,+0003.37,-0013.32
+1580602590.88,-0001.95,-0005.86,-0009.77,+0002.60,-0003.37,-0007.35
+1580602590.89,+0001.95,-0004.88,-0009.77,-0002.14,-0004.06,-0009.11
+1580602590.89,+0010.74,-0007.81,-0009.77,+0004.36,-0003.60,-0004.29
+1580602590.90,+0006.84,-0005.86,-0009.77,-0004.98,+0008.58,-0009.34
+1580602590.90,-0006.84,-0005.86,-0009.77,-0002.60,-0008.58,-0002.30
+1580602590.91,+0013.67,-0006.84,-0009.77,+0002.30,+0005.82,-0014.55
+1580602590.91,+0000.98,-0006.84,-0010.74,-0004.52,+0001.84,-0006.05
+1580602590.92,-0008.79,-0004.88,-0010.74,+0004.98,+0002.14,-0012.94
+1580602590.92,+0001.95,-0006.84,-0008.79,+0002.14,+0000.31,-0008.12
+1580602590.93,+0001.95,-0007.81,-0008.79,+0001.68,+0004.67,-0010.03
+1580602590.93,-0008.79,-0005.86,-0008.79,-0002.68,-0000.77,-0005.82
+1580602590.94,-0003.91,-0005.86,-0008.79,-0005.13,-0000.69,-0006.58
+1580602590.94,-0001.95,-0009.77,-0008.79,+0003.29,+0004.90,-0013.40
+1580602590.95,-0009.77,-0006.84,-0008.79,-0003.52,-0003.14,-0007.35
+1580602590.95,-0002.93,-0007.81,-0008.79,-0001.00,-0002.30,-0006.89
+1580602590.96,-0003.91,-0008.79,-0010.74,-0002.99,+0000.84,-0012.79
+1580602590.96,-0008.79,-0008.79,-0011.72,+0001.15,-0006.43,-0005.44
+1580602590.97,+0000.98,-0008.79,-0011.72,-0001.45,+0004.59,-0011.71
+1580602590.97,-0015.62,-0008.79,-0011.72,-0003.22,-0010.95,-0004.82
+1580602590.98,+0001.95,-0007.81,-0008.79,+0007.50,+0003.22,-0015.77
+1580602590.98,+0000.00,-0007.81,-0007.81,-0006.28,+0001.84,-0009.34
+1580602590.99,-0005.86,-0008.79,-0008.79,+0002.83,-0004.36,-0006.51
+1580602590.99,-0000.98,-0006.84,-0010.74,-0000.69,+0001.23,-0017.15
+1580602591.00,-0002.93,-0008.79,-0010.74,+0003.52,-0006.66,-0005.05
+1580602591.00,+0007.81,-0006.84,-0009.77,+0002.30,+0002.45,-0010.80
+1580602591.01,-0005.86,-0007.81,-0007.81,-0000.69,+0000.84,-0008.04
+1580602591.01,-0007.81,-0004.88,-0007.81,-0000.69,-0001.84,-0013.70
+1580602591.02,+0005.86,-0005.86,-0007.81,+0001.61,-0002.60,-0009.42
+1580602591.02,+0006.84,-0005.86,-0007.81,+0001.45,+0002.45,-0007.81
+1580602591.03,-0005.86,-0005.86,-0006.84,-0002.37,-0002.83,-0009.34
+1580602591.03,+0000.98,-0003.91,-0006.84,-0000.46,-0001.30,-0013.02
+1580602591.04,+0002.93,-0006.84,-0007.81,-0001.38,+0002.22,-0013.25
+1580602591.04,+0001.95,-0003.91,-0008.79,+0002.76,-0001.76,-0012.71
+1580602591.05,+0004.88,-0005.86,-0007.81,+0003.60,+0002.14,-0014.85
+1580602591.05,+0000.00,-0005.86,-0006.84,-0003.60,-0005.28,-0006.89
+1580602591.06,+0005.86,-0004.88,-0005.86,+0003.68,+0001.76,-0009.03
+1580602591.06,+0000.00,-0004.88,-0006.84,-0000.23,-0000.69,-0012.79
+1580602591.07,+0002.93,-0003.91,-0005.86,+0000.54,-0003.45,-0007.50
+1580602591.07,+0005.86,-0004.88,-0005.86,-0001.76,+0002.14,-0011.33
+1580602591.08,-0000.98,-0004.88,-0005.86,+0001.61,-0002.37,-0008.42
+1580602591.08,+0003.91,-0005.86,-0005.86,+0001.45,+0002.30,-0006.51
+1580602591.09,-0000.98,-0005.86,-0004.88,+0000.84,+0000.54,-0009.65
+1580602591.09,-0001.95,-0004.88,-0004.88,-0002.14,-0002.07,-0007.20
+1580602591.10,+0003.91,-0005.86,-0004.88,-0002.60,+0003.14,-0009.72
+1580602591.10,-0004.88,-0007.81,-0004.88,+0001.38,-0002.83,-0006.35
+1580602591.11,-0005.86,-0005.86,-0003.91,-0000.54,+0001.45,-0010.80
+1580602591.11,-0005.86,-0006.84,-0002.93,-0000.46,+0000.46,-0013.09
+1580602591.12,-0003.91,-0006.84,-0002.93,-0002.37,+0000.61,-0009.49
+1580602591.12,-0005.86,-0006.84,-0002.93,-0000.92,+0000.31,-0011.33
+1580602591.13,-0009.77,-0006.84,-0002.93,-0001.61,+0001.23,-0010.87
+1580602591.13,-0005.86,-0006.84,-0004.88,-0000.84,-0002.99,-0011.48
+1580602591.14,+0000.00,-0007.81,-0004.88,+0002.22,+0001.45,-0010.57
+1580602591.14,-0003.91,-0007.81,-0004.88,+0000.15,-0002.91,-0011.03
+1580602591.15,-0000.98,-0007.81,-0003.91,-0001.68,-0005.90,-0008.12
+1580602591.15,+0003.91,-0007.81,-0004.88,-0003.52,-0000.92,-0007.12
+1580602591.16,-0002.93,-0007.81,-0004.88,+0000.31,-0000.61,-0008.50
+1580602591.16,-0002.93,-0005.86,-0005.86,-0001.15,+0001.99,-0013.93
+1580602591.17,-0000.98,-0006.84,-0004.88,+0000.31,-0000.92,-0015.16
+1580602591.17,+0002.93,-0006.84,-0004.88,-0001.61,+0001.61,-0016.92
+1580602591.18,+0000.98,-0006.84,-0003.91,+0000.38,-0007.50,-0005.59
+1580602591.18,+0006.84,-0006.84,-0003.91,+0001.99,+0001.38,-0007.27
+1580602591.19,-0003.91,-0006.84,-0004.88,+0001.99,-0002.37,-0008.04
+1580602591.19,-0001.95,-0003.91,-0002.93,+0001.84,-0001.91,-0011.64
+1580602591.20,+0002.93,-0004.88,-0002.93,-0002.37,+0003.06,-0015.08
+1580602591.20,+0002.93,-0005.86,-0000.98,+0001.61,-0003.45,-0012.63
+1580602591.21,+0006.84,-0006.84,-0000.98,-0000.54,+0000.00,-0009.57
+1580602591.21,+0000.98,-0007.81,-0002.93,-0004.21,+0000.08,-0008.12
+1580602591.22,+0000.98,-0005.86,-0004.88,+0003.83,-0000.69,-0009.80
+1580602591.22,+0001.95,-0005.86,-0004.88,+0006.28,-0001.76,-0008.27
+1580602591.23,+0003.91,-0004.88,-0002.93,-0001.91,+0001.30,-0011.48
+1580602591.23,+0000.98,-0004.88,-0000.98,+0002.76,-0001.76,-0010.95
+1580602591.24,+0004.88,-0004.88,+0000.00,-0000.69,-0000.31,-0010.03
+1580602591.24,+0003.91,-0005.86,+0000.00,-0001.91,+0003.22,-0007.96
+1580602591.25,-0002.93,-0003.91,+0000.00,+0003.14,+0002.14,-0013.93
+1580602591.25,-0002.93,-0004.88,+0000.00,-0002.37,-0002.68,-0012.02
+1580602591.26,+0007.81,-0004.88,+0000.98,-0005.51,+0003.83,-0009.34
+1580602591.26,-0000.98,-0005.86,+0000.00,+0003.60,-0002.22,-0005.51
+1580602591.27,-0002.93,-0005.86,+0000.98,-0002.60,+0000.38,-0005.13
+1580602591.27,-0005.86,-0007.81,+0000.00,+0001.30,+0002.76,-0013.09
+1580602591.28,+0001.95,-0005.86,+0000.00,+0000.15,-0004.44,+0001.61
+1580602591.28,+0009.77,-0006.84,-0000.98,+0000.38,+0007.89,-0012.33
+1580602591.29,-0014.65,-0008.79,-0000.98,-0003.06,-0002.37,-0009.95
+1580602591.29,-0001.95,-0005.86,+0000.00,-0003.45,-0002.30,-0013.86
+1580602591.30,+0004.88,-0007.81,+0000.98,-0002.14,+0001.38,-0006.89
+1580602591.30,-0000.98,-0006.84,+0000.00,+0002.07,-0000.77,-0006.66
+1580602591.31,-0003.91,-0006.84,-0001.95,-0003.90,+0000.84,-0013.32
+1580602591.31,+0000.00,-0008.79,-0000.98,-0001.61,+0001.91,-0017.15
+1580602591.32,+0000.98,-0008.79,-0000.98,+0000.38,-0000.31,-0015.77
+1580602591.32,+0003.91,-0007.81,+0000.98,-0002.07,-0000.15,-0010.72
+1580602591.33,+0000.00,-0007.81,+0000.00,-0003.68,-0001.53,-0004.52
+1580602591.33,+0000.00,-0008.79,-0000.98,+0004.13,+0004.13,-0011.10
+1580602591.34,-0003.91,-0007.81,-0001.95,-0004.67,-0002.53,-0008.19
+1580602591.34,+0001.95,-0007.81,-0000.98,+0005.13,+0000.08,-0009.34
+1580602591.35,-0000.98,-0008.79,+0000.00,+0001.68,-0001.53,-0007.35
+1580602591.35,-0002.93,-0008.79,+0000.98,-0001.00,+0000.54,-0005.67
+1580602591.36,-0000.98,-0009.77,+0000.98,-0000.15,+0003.22,-0012.02
+1580602591.36,-0004.88,-0007.81,+0000.00,+0001.99,-0000.46,-0012.25
+1580602591.37,-0002.93,-0007.81,+0000.98,+0002.76,-0003.90,-0011.71
+1580602591.37,+0001.95,-0008.79,+0001.95,-0002.37,-0000.15,-0012.10
+1580602591.38,+0000.00,-0008.79,+0001.95,+0000.38,+0001.15,-0009.26
+1580602591.38,-0002.93,-0008.79,+0000.98,-0002.60,+0002.07,-0015.16
+1580602591.39,-0001.95,-0009.77,+0000.98,+0001.68,-0004.44,-0011.03
+1580602591.39,+0006.84,-0008.79,+0001.95,-0002.60,-0002.91,-0007.35
+1580602591.40,+0001.95,-0008.79,+0002.93,-0002.14,+0004.75,-0009.34
+1580602591.40,-0006.84,-0007.81,+0003.91,-0000.31,-0001.68,-0010.64
+1580602591.41,+0003.91,-0005.86,+0003.91,+0002.22,-0002.45,-0011.79
+1580602591.41,+0010.74,-0007.81,+0004.88,-0000.84,-0000.46,-0006.43
+1580602591.42,+0001.95,-0006.84,+0004.88,-0002.76,-0000.92,-0008.65
+1580602591.42,-0005.86,-0006.84,+0004.88,+0002.45,+0000.31,-0009.57
+1580602591.43,+0001.95,-0005.86,+0004.88,+0000.92,-0001.23,-0011.48
+1580602591.43,+0006.84,-0005.86,+0006.84,+0001.53,-0000.08,-0009.11
+1580602591.44,+0000.00,-0005.86,+0006.84,+0000.46,+0005.21,-0011.79
+1580602591.44,-0010.74,-0006.84,+0006.84,-0001.76,-0007.35,-0008.27
+1580602591.45,+0006.84,-0005.86,+0007.81,+0005.13,-0001.61,-0008.50
+1580602591.45,-0001.95,-0005.86,+0007.81,+0000.69,-0002.30,-0012.25
+1580602591.46,-0009.77,-0003.91,+0008.79,+0002.91,-0004.90,-0005.51
+1580602591.46,+0000.98,-0003.91,+0008.79,-0001.30,+0007.04,-0016.00
+1580602591.47,-0010.74,-0005.86,+0008.79,-0002.22,-0000.46,-0009.95
+1580602591.47,-0001.95,-0002.93,+0009.77,-0003.98,+0002.68,-0012.25
+1580602591.48,-0003.91,-0004.88,+0008.79,-0000.84,-0002.53,-0008.96
+1580602591.48,-0002.93,-0003.91,+0007.81,+0000.00,-0000.38,-0005.51
+1580602591.49,-0007.81,-0004.88,+0007.81,+0001.07,-0000.31,-0012.63
+1580602591.49,-0007.81,-0002.93,+0007.81,+0000.00,-0002.91,-0009.88
+1580602591.49,+0002.93,-0002.93,+0007.81,-0001.30,-0001.00,-0010.49
+1580602591.50,+0003.91,-0003.91,+0007.81,+0001.38,-0003.14,-0005.82
+1580602591.50,-0010.74,-0003.91,+0006.84,+0000.38,+0003.37,-0012.86
+1580602591.51,-0014.65,-0001.95,+0006.84,-0000.15,-0001.00,-0017.84
+1580602591.51,-0001.95,-0000.98,+0007.81,+0004.98,+0000.31,-0020.06
+1580602591.52,-0000.98,+0000.00,+0010.74,+0002.83,-0003.98,-0005.82
+1580602591.52,-0002.93,+0000.00,+0011.72,-0000.54,+0004.29,-0011.33
+1580602591.53,-0007.81,+0000.00,+0010.74,-0001.68,-0003.14,-0008.50
+1580602591.53,+0001.95,+0000.00,+0010.74,-0000.38,-0003.14,-0003.83
+1580602591.54,+0003.91,+0001.95,+0009.77,-0002.37,+0000.31,-0007.43
+1580602591.54,-0004.88,+0001.95,+0009.77,+0004.06,-0005.97,-0006.58
+1580602591.55,+0003.91,+0002.93,+0010.74,-0002.60,-0001.15,-0010.80
+1580602591.55,+0005.86,+0001.95,+0010.74,+0002.30,-0000.69,-0012.33
+1580602591.56,+0000.98,+0002.93,+0010.74,+0005.21,+0001.53,-0015.70
+1580602591.56,+0000.98,+0004.88,+0011.72,-0001.53,-0005.97,-0011.03
+1580602591.57,+0013.67,+0003.91,+0012.70,+0002.91,-0001.45,-0008.12
+1580602591.57,-0002.93,+0006.84,+0012.70,-0000.69,-0006.74,-0004.59
+1580602591.58,+0001.95,+0007.81,+0013.67,+0008.19,+0001.76,-0012.25
+1580602591.58,+0002.93,+0007.81,+0013.67,-0003.98,+0003.29,-0015.85
+1580602591.59,+0004.88,+0006.84,+0014.65,+0003.29,-0005.51,-0002.76
+1580602591.59,+0000.00,+0009.77,+0014.65,-0004.06,+0003.06,-0013.40
+1580602591.60,-0007.81,+0006.84,+0014.65,+0004.90,-0005.74,-0004.44
+1580602591.60,+0006.84,+0009.77,+0013.67,-0001.30,+0001.84,-0006.97
+1580602591.61,-0002.93,+0008.79,+0013.67,+0000.84,-0007.58,+0000.00
+1580602591.61,-0000.98,+0008.79,+0013.67,-0003.90,+0004.36,-0007.50
+1580602591.62,-0005.86,+0008.79,+0013.67,+0001.99,+0001.61,-0013.09
+1580602591.62,-0006.84,+0009.77,+0012.70,-0001.23,-0002.30,-0011.41
+1580602591.63,+0000.98,+0011.72,+0011.72,-0002.83,-0001.07,-0011.48
+1580602591.63,-0002.93,+0009.77,+0011.72,+0004.67,-0002.68,-0012.40
+1580602591.64,-0001.95,+0011.72,+0011.72,-0003.90,+0000.23,-0009.49
+1580602591.64,-0006.84,+0012.70,+0011.72,-0000.92,-0002.91,-0011.33
+1580602591.65,+0000.00,+0013.67,+0011.72,+0002.91,+0001.76,-0012.33
+1580602591.65,+0000.98,+0014.65,+0012.70,-0001.07,-0002.22,-0009.88
+1580602591.66,+0000.00,+0013.67,+0011.72,-0001.07,-0000.92,-0008.88
+1580602591.66,-0003.91,+0014.65,+0010.74,-0001.15,-0005.82,-0006.43
+1580602591.67,+0003.91,+0014.65,+0009.77,+0000.23,+0000.38,-0006.66
+1580602591.67,-0002.93,+0016.60,+0008.79,-0000.84,+0000.77,-0009.80
+1580602591.68,+0003.91,+0015.62,+0008.79,+0004.67,+0003.45,-0011.48
+1580602591.68,-0002.93,+0017.58,+0009.77,-0003.98,+0001.00,-0011.79
+1580602591.69,-0004.88,+0018.55,+0011.72,+0004.44,-0002.91,-0009.80
+1580602591.69,+0006.84,+0020.51,+0011.72,-0003.14,+0000.00,-0013.32
+1580602591.70,+0002.93,+0018.55,+0012.70,+0001.30,-0000.23,-0011.79
+1580602591.70,-0002.93,+0021.48,+0010.74,-0004.67,+0001.00,-0015.01
+1580602591.71,+0000.00,+0020.51,+0009.77,+0001.38,-0005.13,-0011.41
+1580602591.71,+0008.79,+0021.48,+0009.77,-0002.91,+0000.46,-0011.64
+1580602591.72,-0000.98,+0022.46,+0009.77,-0001.61,-0005.13,-0008.88
+1580602591.72,+0004.88,+0022.46,+0009.77,+0000.54,-0001.53,-0010.18
+1580602591.73,+0006.84,+0020.51,+0008.79,-0000.77,+0001.68,-0010.72
+1580602591.73,+0000.98,+0022.46,+0008.79,+0001.45,-0001.53,-0008.50
+1580602591.74,+0004.88,+0024.41,+0008.79,-0000.61,+0000.08,-0011.48
+1580602591.74,+0005.86,+0023.44,+0009.77,-0000.54,-0001.99,-0009.11
+1580602591.75,+0008.79,+0024.41,+0008.79,+0001.23,+0000.38,-0010.57
+1580602591.75,+0000.98,+0023.44,+0007.81,-0002.60,-0002.83,-0006.81
+1580602591.76,+0000.98,+0023.44,+0005.86,+0000.92,-0000.46,-0010.34
+1580602591.76,+0007.81,+0022.46,+0004.88,-0003.52,-0001.45,-0003.75
+1580602591.77,-0002.93,+0024.41,+0004.88,-0004.82,-0002.53,-0009.65
+1580602591.77,-0001.95,+0023.44,+0005.86,+0004.90,-0006.74,-0003.68
+1580602591.78,+0008.79,+0024.41,+0006.84,-0003.52,+0003.75,-0008.42
+1580602591.78,-0003.91,+0021.48,+0005.86,-0002.60,+0002.76,-0006.97
+1580602591.79,-0006.84,+0026.37,+0003.91,-0007.73,-0002.14,-0018.91
+1580602591.79,+0002.93,+0021.48,+0002.93,+0002.45,-0007.04,-0009.42
+1580602591.80,+0006.84,+0021.48,+0001.95,-0002.53,+0005.67,-0012.94
+1580602591.80,-0003.91,+0021.48,+0000.00,-0001.00,-0001.99,-0005.36
+1580602591.81,+0000.00,+0022.46,-0002.93,-0002.14,+0003.14,-0014.47
+1580602591.81,-0002.93,+0018.55,-0002.93,-0000.77,-0005.67,-0009.26
+1580602591.82,+0008.79,+0022.46,-0002.93,+0002.76,-0000.84,-0005.44
+1580602591.82,-0002.93,+0020.51,-0004.88,-0000.31,-0004.52,-0007.66
+1580602591.83,-0001.95,+0019.53,-0006.84,-0001.23,-0000.61,-0010.87
+1580602591.83,+0000.98,+0019.53,-0007.81,-0002.68,+0001.68,-0013.32
+1580602591.84,-0001.95,+0019.53,-0007.81,-0002.22,-0001.07,-0014.09
+1580602591.84,+0003.91,+0017.58,-0008.79,-0003.14,-0002.68,-0002.99
+1580602591.85,-0001.95,+0017.58,-0010.74,+0000.69,+0008.80,-0018.07
+1580602591.85,-0014.65,+0016.60,-0012.70,-0007.35,-0003.90,-0010.64
+1580602591.86,+0005.86,+0017.58,-0012.70,-0003.06,+0004.90,-0015.39
+1580602591.86,-0004.88,+0013.67,-0013.67,-0002.07,-0000.84,-0011.33
+1580602591.87,+0000.00,+0015.62,-0013.67,+0002.30,-0006.66,-0002.68
+1580602591.87,+0003.91,+0012.70,-0016.60,+0001.15,-0001.61,-0008.88
+1580602591.88,-0002.93,+0010.74,-0017.58,-0003.98,-0003.83,-0006.58
+1580602591.88,+0005.86,+0011.72,-0019.53,-0003.52,-0001.76,-0006.28
+1580602591.89,+0002.93,+0009.77,-0020.51,-0001.99,+0002.68,-0013.93
+1580602591.89,+0002.93,+0008.79,-0020.51,-0002.91,-0002.60,-0012.56
+1580602591.90,+0008.79,+0009.77,-0021.48,-0002.37,+0000.77,-0014.93
+1580602591.90,+0000.98,+0006.84,-0023.44,-0005.21,-0001.45,-0010.41
+1580602591.91,+0003.91,+0007.81,-0023.44,+0003.22,+0000.31,-0013.70
+1580602591.91,+0001.95,+0005.86,-0023.44,+0000.92,-0002.22,-0007.50
+1580602591.92,+0006.84,+0005.86,-0024.41,-0000.69,+0003.22,-0007.73
+1580602591.92,-0004.88,+0004.88,-0025.39,-0003.45,+0002.22,-0015.31
+1580602591.93,+0001.95,+0003.91,-0025.39,-0001.61,+0001.30,-0007.20
+1580602591.93,+0006.84,+0001.95,-0025.39,-0004.21,-0000.84,-0006.58
+1580602591.94,+0000.00,+0000.98,-0026.37,+0000.77,+0002.91,-0006.81
+1580602591.94,-0005.86,+0000.00,-0027.34,-0003.75,+0000.08,-0010.18
+1580602591.95,+0005.86,-0002.93,-0027.34,+0000.08,+0003.60,-0012.33
+1580602591.95,+0004.88,-0001.95,-0028.32,-0002.22,-0002.07,-0007.73
+1580602591.96,+0004.88,-0003.91,-0029.30,+0000.69,-0004.21,-0003.45
+1580602591.96,-0004.88,-0003.91,-0030.27,-0004.67,-0003.22,-0013.70
+1580602591.97,-0000.98,-0004.88,-0029.30,+0004.52,-0002.83,-0013.25
+1580602591.97,+0009.77,-0003.91,-0027.34,-0005.90,+0001.23,-0011.56
+1580602591.98,+0004.88,-0008.79,-0027.34,-0002.68,-0002.14,-0002.07
+1580602591.98,-0006.84,-0006.84,-0029.30,-0008.04,+0002.37,-0013.02
+1580602591.99,-0009.77,-0008.79,-0030.27,+0003.75,-0002.68,-0011.18
+1580602591.99,+0004.88,-0008.79,-0030.27,-0003.06,-0002.07,-0008.80
+1580602592.00,+0000.00,-0010.74,-0029.30,+0000.69,+0001.53,-0008.65
+1580602592.00,-0011.72,-0009.77,-0029.30,-0005.05,+0001.15,-0011.94
+1580602592.01,-0006.84,-0012.70,-0030.27,+0002.60,-0000.23,-0014.70
+1580602592.01,+0000.00,-0012.70,-0030.27,-0001.61,-0001.68,-0015.47
+1580602592.02,+0001.95,-0011.72,-0031.25,-0000.92,+0000.77,-0011.41
+1580602592.02,-0004.88,-0013.67,-0030.27,-0004.06,-0004.67,-0007.96
+1580602592.03,+0002.93,-0013.67,-0031.25,+0001.53,+0000.38,-0006.05
+1580602592.03,-0001.95,-0013.67,-0031.25,+0001.91,-0002.14,-0010.64
+1580602592.04,-0002.93,-0014.65,-0030.27,-0001.61,-0000.77,-0011.94
+1580602592.04,+0000.98,-0014.65,-0030.27,-0001.30,-0000.31,-0012.33
+1580602592.05,+0001.95,-0015.62,-0030.27,-0003.68,+0000.15,-0011.10
+1580602592.05,+0000.00,-0015.62,-0030.27,-0004.44,-0001.30,-0012.25
+1580602592.06,+0002.93,-0017.58,-0030.27,+0003.60,-0005.21,-0008.12
+1580602592.06,+0008.79,-0017.58,-0029.30,-0002.68,+0000.84,-0006.35
+1580602592.07,-0002.93,-0016.60,-0028.32,-0003.68,-0003.90,-0011.41
+1580602592.07,+0002.93,-0016.60,-0027.34,+0003.45,-0003.90,-0011.41
+1580602592.08,+0012.70,-0015.62,-0026.37,-0002.99,+0004.59,-0013.17
+1580602592.08,+0003.91,-0016.60,-0025.39,+0001.38,-0005.28,-0007.81
+1580602592.09,+0007.81,-0015.62,-0024.41,-0001.30,-0000.38,-0007.89
+1580602592.09,+0002.93,-0018.55,-0024.41,+0001.76,+0000.77,-0007.12
+1580602592.10,+0002.93,-0014.65,-0023.44,+0003.83,+0000.92,-0007.73
+1580602592.10,+0002.93,-0015.62,-0022.46,-0001.68,+0000.54,-0008.88
+1580602592.11,-0003.91,-0015.62,-0020.51,-0004.59,-0001.61,-0006.58
+1580602592.11,-0000.98,-0016.60,-0018.55,+0008.35,+0002.45,-0011.41
+1580602592.12,-0001.95,-0014.65,-0016.60,-0003.14,-0000.08,-0007.73
+1580602592.12,+0000.98,-0017.58,-0015.62,+0000.00,+0000.31,-0001.61
+1580602592.13,-0000.98,-0016.60,-0015.62,-0002.83,+0005.74,-0014.78
+1580602592.13,-0011.72,-0016.60,-0016.60,+0002.83,-0003.22,-0009.72
+1580602592.14,+0000.00,-0015.62,-0016.60,+0000.69,+0000.54,-0011.33
+1580602592.14,-0006.84,-0018.55,-0014.65,+0000.46,+0000.31,-0008.50
+1580602592.15,-0009.77,-0015.62,-0012.70,+0001.00,-0000.23,-0013.02
+1580602592.15,-0002.93,-0015.62,-0012.70,-0001.53,+0001.30,-0013.25
+1580602592.16,-0002.93,-0017.58,-0012.70,-0001.23,+0000.15,-0006.35
+1580602592.16,-0005.86,-0015.62,-0011.72,+0002.83,+0004.44,-0012.10
+1580602592.17,-0014.65,-0015.62,-0011.72,-0001.38,-0004.21,-0009.95
+1580602592.17,+0000.98,-0013.67,-0009.77,+0003.60,+0000.08,-0014.55
+1580602592.18,+0002.93,-0014.65,-0008.79,-0001.23,+0002.99,-0010.34
+1580602592.18,-0009.77,-0013.67,-0008.79,+0002.07,+0001.07,-0009.88
+1580602592.19,-0008.79,-0013.67,-0007.81,-0002.99,-0004.13,-0011.18
+1580602592.19,+0007.81,-0011.72,-0006.84,-0004.06,+0002.76,-0008.88
+1580602592.20,-0000.98,-0012.70,-0005.86,-0000.69,+0001.53,-0008.27
+1580602592.20,-0004.88,-0009.77,-0004.88,+0001.53,-0004.13,-0010.87
+1580602592.21,+0003.91,-0011.72,-0003.91,-0000.15,-0001.99,-0013.93
+1580602592.21,+0002.93,-0007.81,-0001.95,-0000.77,-0000.08,-0010.18
+1580602592.22,+0000.00,-0005.86,-0000.98,+0001.07,+0000.69,-0015.70
+1580602592.22,+0000.98,-0005.86,-0000.98,+0000.38,-0001.84,-0012.40
+1580602592.23,+0009.77,-0004.88,+0000.00,+0003.83,+0002.53,-0011.33
+1580602592.23,+0001.95,-0003.91,+0000.98,-0001.91,-0000.23,-0008.65
+1580602592.24,+0000.00,-0003.91,+0002.93,+0005.51,-0001.76,-0009.34
+1580602592.24,+0002.93,-0000.98,+0003.91,+0000.92,+0002.53,-0012.25
+1580602592.25,+0003.91,+0000.00,+0005.86,+0000.15,+0000.00,-0008.58
+1580602592.25,+0002.93,+0000.00,+0006.84,-0000.31,+0003.45,-0012.40
+1580602592.26,-0002.93,+0000.00,+0007.81,+0000.54,-0001.38,-0014.93
+1580602592.26,+0005.86,+0000.98,+0007.81,-0001.53,-0001.38,-0009.11
+1580602592.27,+0003.91,+0000.00,+0006.84,-0000.84,+0001.23,-0009.80
+1580602592.27,-0005.86,+0000.98,+0006.84,+0000.38,-0001.30,-0004.67
+1580602592.28,+0000.98,+0002.93,+0007.81,+0003.75,-0000.46,-0005.82
+1580602592.28,-0002.93,+0000.98,+0008.79,+0002.99,-0000.54,-0006.20
+1580602592.29,-0002.93,+0002.93,+0009.77,+0001.38,-0002.07,-0005.28
+1580602592.29,-0002.93,+0001.95,+0009.77,-0000.08,+0001.07,-0007.89
+1580602592.30,-0005.86,+0000.98,+0008.79,+0002.45,-0002.45,-0005.82
+1580602592.30,-0007.81,+0002.93,+0008.79,+0001.99,+0000.92,-0018.07
+1580602592.31,-0002.93,+0002.93,+0010.74,-0000.92,-0009.57,-0006.05
+1580602592.31,+0007.81,+0000.98,+0010.74,+0001.76,+0007.81,-0010.41
+1580602592.32,-0016.60,+0000.98,+0009.77,+0001.76,-0006.12,-0009.65
+1580602592.32,-0003.91,+0003.91,+0008.79,+0001.61,-0000.92,-0013.70
+1580602592.33,+0001.95,+0000.00,+0008.79,-0001.68,+0001.38,-0012.71
+1580602592.33,-0005.86,+0001.95,+0008.79,+0005.28,+0000.08,-0010.41
+1580602592.34,-0005.86,+0002.93,+0008.79,-0000.15,+0001.68,-0013.55
+1580602592.34,-0002.93,+0000.00,+0007.81,-0000.23,-0002.53,-0007.35
+1580602592.35,+0001.95,+0000.98,+0007.81,+0002.53,+0001.53,-0009.49
+1580602592.35,-0005.86,+0001.95,+0007.81,-0000.23,-0001.30,-0011.79
+1580602592.36,-0004.88,+0001.95,+0006.84,+0001.00,-0002.76,-0011.64
+1580602592.36,+0002.93,+0001.95,+0007.81,-0000.08,+0000.92,-0013.09
+1580602592.37,+0001.95,+0001.95,+0008.79,-0001.15,-0002.83,-0005.21
+1580602592.37,-0003.91,+0001.95,+0006.84,-0000.61,+0005.05,-0017.23
+1580602592.38,-0010.74,+0001.95,+0007.81,+0000.31,-0006.28,-0010.72
+1580602592.38,+0009.77,+0002.93,+0009.77,+0000.54,-0002.37,-0009.26
+1580602592.39,+0002.93,+0000.00,+0008.79,+0002.22,+0000.23,-0012.02
+1580602592.39,-0004.88,+0001.95,+0008.79,-0001.53,-0009.95,+0002.76
+1580602592.40,+0010.74,+0000.00,+0007.81,+0002.99,+0008.88,-0015.31
+1580602592.40,-0010.74,-0000.98,+0005.86,+0001.99,+0000.31,-0018.15
+1580602592.41,+0003.91,+0003.91,+0007.81,+0002.53,-0000.15,-0016.84
+1580602592.41,+0009.77,+0000.00,+0008.79,-0002.76,+0002.30,-0015.47
+1580602592.42,+0000.00,-0000.98,+0009.77,+0008.35,-0001.99,-0006.58
+1580602592.42,+0001.95,+0002.93,+0009.77,+0002.76,-0002.14,-0012.10
+1580602592.43,+0002.93,+0000.00,+0009.77,-0000.69,-0002.37,-0006.05
+1580602592.43,+0006.84,+0000.98,+0009.77,+0002.14,+0004.67,-0010.18
+1580602592.44,-0000.98,+0001.95,+0009.77,+0001.84,-0006.28,-0008.12
+1580602592.44,+0012.70,+0000.98,+0008.79,+0000.61,+0011.18,-0010.03
+1580602592.45,-0010.74,-0000.98,+0007.81,+0002.22,-0003.68,-0008.12
+1580602592.45,-0008.79,+0001.95,+0009.77,+0002.30,-0000.84,-0009.19
+1580602592.46,+0002.93,+0000.98,+0010.74,+0000.08,+0001.07,-0013.09
+1580602592.46,+0001.95,-0002.93,+0009.77,+0006.20,+0004.06,-0006.43
+1580602592.47,-0011.72,-0000.98,+0009.77,-0002.68,+0001.91,-0015.08
+1580602592.47,-0010.74,-0001.95,+0009.77,+0001.15,-0005.82,-0011.03
+1580602592.48,+0006.84,-0002.93,+0010.74,-0001.76,+0003.60,-0010.57
+1580602592.48,-0003.91,-0003.91,+0010.74,+0002.37,-0002.68,-0007.96
+1580602592.49,-0006.84,+0000.00,+0009.77,-0001.38,-0000.15,-0012.48
+1580602592.49,-0000.98,-0003.91,+0008.79,+0000.54,-0003.14,-0006.43
+1580602592.50,+0001.95,-0002.93,+0008.79,-0000.84,+0000.00,-0009.65
+1580602592.50,-0001.95,-0002.93,+0008.79,+0001.00,-0002.83,-0007.12
+1580602592.51,-0001.95,-0002.93,+0007.81,+0000.61,-0000.77,-0012.56
+1580602592.51,-0001.95,-0005.86,+0006.84,+0003.90,-0001.15,-0012.10
+1580602592.52,+0000.98,-0003.91,+0007.81,-0000.69,-0000.31,-0017.00
+1580602592.52,+0004.88,-0004.88,+0007.81,+0001.91,-0005.44,-0004.29
+1580602592.53,+0002.93,-0004.88,+0006.84,+0002.83,+0006.20,-0011.71
+1580602592.53,-0012.70,-0004.88,+0007.81,+0001.99,-0004.82,-0014.09
+1580602592.54,+0005.86,-0001.95,+0008.79,-0000.69,-0004.36,-0008.88
+1580602592.54,+0011.72,-0005.86,+0009.77,-0000.23,+0003.60,-0007.20
+1580602592.55,-0005.86,-0004.88,+0009.77,-0003.45,+0002.30,-0010.18
+1580602592.55,-0010.74,-0003.91,+0008.79,+0003.22,-0004.52,-0010.57
+1580602592.56,+0007.81,-0006.84,+0008.79,-0003.83,-0002.22,-0005.28
+1580602592.56,+0000.98,-0006.84,+0008.79,+0006.05,+0006.28,-0010.64
+1580602592.57,-0012.70,-0005.86,+0009.77,+0004.13,-0003.60,-0007.27
+1580602592.57,+0001.95,-0005.86,+0009.77,-0002.91,+0002.76,-0015.31
+1580602592.58,-0002.93,-0007.81,+0008.79,+0002.14,+0000.61,-0016.15
+1580602592.58,+0007.81,-0004.88,+0009.77,+0001.30,+0005.74,-0011.87
+1580602592.59,-0003.91,-0007.81,+0008.79,+0002.83,+0000.69,-0020.37
+1580602592.59,-0001.95,-0004.88,+0009.77,-0001.45,-0011.79,+0000.69
+1580602592.60,+0014.65,-0003.91,+0009.77,+0006.58,+0006.35,-0017.69
+1580602592.60,-0010.74,-0006.84,+0010.74,+0004.59,-0004.36,-0009.34
+1580602592.61,+0002.93,+0000.00,+0011.72,-0000.31,-0001.53,-0013.25
+1580602592.61,+0005.86,-0005.86,+0011.72,-0001.38,+0001.68,-0015.24
+1580602592.62,-0001.95,-0003.91,+0012.70,-0002.22,+0001.76,-0007.43
+1580602592.62,-0004.88,-0003.91,+0011.72,+0003.14,-0003.45,-0008.58
+1580602592.63,+0000.00,-0003.91,+0011.72,-0002.30,-0003.22,-0002.91
+1580602592.63,+0003.91,-0003.91,+0011.72,+0002.14,+0002.53,-0003.90
+1580602592.64,-0004.88,-0002.93,+0012.70,+0000.92,-0002.45,-0006.51
+1580602592.64,+0000.98,-0001.95,+0013.67,+0002.30,-0000.92,-0007.12
+1580602592.65,-0002.93,-0002.93,+0013.67,+0001.07,+0001.99,-0014.85
+1580602592.65,-0002.93,+0000.00,+0015.62,+0001.30,-0005.97,-0006.81
+1580602592.66,+0001.95,+0000.00,+0015.62,-0003.98,-0003.37,-0004.21
+1580602592.66,-0000.98,-0001.95,+0014.65,+0005.13,+0007.81,-0016.31
+1580602592.67,-0012.70,+0000.98,+0013.67,-0003.75,-0002.37,-0012.40
+1580602592.67,+0004.88,+0000.00,+0014.65,+0001.53,+0001.07,-0008.88
+1580602592.68,+0001.95,-0001.95,+0014.65,-0003.29,+0005.74,-0011.87
+1580602592.68,-0012.70,+0001.95,+0013.67,+0005.74,-0005.82,-0007.04
+1580602592.69,-0000.98,+0001.95,+0013.67,-0003.14,-0002.07,-0010.18
+1580602592.69,+0000.98,+0000.00,+0012.70,-0000.92,-0000.92,-0009.03
+1580602592.70,-0002.93,+0002.93,+0013.67,+0003.52,+0001.76,-0009.80
+1580602592.70,-0006.84,+0002.93,+0014.65,+0002.45,+0000.31,-0013.09
+1580602592.71,-0008.79,+0002.93,+0014.65,+0001.45,-0004.52,-0008.65
+1580602592.71,+0001.95,+0004.88,+0014.65,-0001.15,+0003.90,-0012.40
+1580602592.72,-0005.86,+0003.91,+0014.65,+0000.23,+0000.92,-0012.10
+1580602592.72,-0002.93,+0003.91,+0015.62,+0000.77,-0003.83,-0005.51
+1580602592.73,-0002.93,+0003.91,+0014.65,-0000.61,+0000.23,-0010.72
+1580602592.73,-0004.88,+0004.88,+0015.62,+0001.99,-0004.75,-0008.80
+1580602592.74,+0007.81,+0005.86,+0015.62,-0000.08,-0003.75,-0007.89
+1580602592.74,+0003.91,+0003.91,+0014.65,+0000.92,-0000.61,-0009.72
+1580602592.75,-0003.91,+0006.84,+0014.65,+0001.68,-0001.30,-0011.94
+1580602592.75,+0001.95,+0006.84,+0014.65,+0002.60,-0002.30,-0016.61
+1580602592.76,+0014.65,+0006.84,+0015.62,+0002.30,-0005.97,-0007.12
+1580602592.76,+0006.84,+0007.81,+0014.65,+0001.00,-0000.77,-0010.34
+1580602592.77,-0001.95,+0007.81,+0016.60,+0002.45,-0004.67,-0005.74
+1580602592.77,+0008.79,+0009.77,+0016.60,+0000.84,+0001.38,-0013.32
+1580602592.78,+0005.86,+0007.81,+0015.62,+0002.60,-0001.23,-0006.81
+1580602592.78,+0004.88,+0009.77,+0015.62,-0001.07,+0002.07,-0010.72
+1580602592.79,-0000.98,+0007.81,+0014.65,-0000.61,+0003.45,-0011.71
+1580602592.79,-0004.88,+0010.74,+0013.67,+0004.21,-0001.68,-0012.40
+1580602592.80,+0004.88,+0008.79,+0014.65,+0008.58,+0004.36,-0006.97
+1580602592.80,-0008.79,+0008.79,+0014.65,-0003.98,+0002.76,-0011.33
+1580602592.81,-0007.81,+0008.79,+0015.62,+0001.76,-0003.83,-0005.36
+1580602592.81,+0000.00,+0009.77,+0013.67,-0003.52,+0001.07,-0014.85
+1580602592.82,-0009.77,+0005.86,+0014.65,+0006.20,-0002.30,-0008.04
+1580602592.82,-0003.91,+0009.77,+0014.65,-0003.90,+0000.31,-0009.88
+1580602592.83,-0002.93,+0005.86,+0013.67,+0002.30,-0000.23,-0009.11
+1580602592.83,-0006.84,+0006.84,+0011.72,-0001.38,+0002.53,-0011.25
+1580602592.84,-0008.79,+0006.84,+0010.74,-0000.23,-0003.52,-0009.11
+1580602592.84,-0001.95,+0005.86,+0009.77,-0000.69,+0001.23,-0009.57
+1580602592.85,-0007.81,+0004.88,+0008.79,-0000.08,+0002.99,-0012.63
+1580602592.85,-0004.88,+0006.84,+0009.77,-0000.92,-0002.14,-0009.34
+1580602592.86,+0002.93,+0004.88,+0008.79,-0000.15,+0000.69,-0009.88
+1580602592.86,-0004.88,+0003.91,+0006.84,-0000.23,+0000.69,-0011.56
+1580602592.87,-0005.86,+0006.84,+0006.84,-0002.30,-0000.46,-0015.54
+1580602592.87,+0002.93,+0005.86,+0006.84,+0002.68,-0003.90,-0009.57
+1580602592.88,+0003.91,+0005.86,+0006.84,+0001.38,+0002.83,-0011.94
+1580602592.88,-0001.95,+0005.86,+0006.84,-0000.84,-0003.52,-0004.59
+1580602592.89,-0000.98,+0006.84,+0004.88,-0003.29,+0001.15,-0012.86
+1580602592.89,-0001.95,+0004.88,+0005.86,+0002.30,-0001.00,-0009.65
+1580602592.90,+0004.88,+0007.81,+0005.86,+0000.15,-0000.77,-0008.04
+1580602592.90,-0002.93,+0004.88,+0005.86,+0001.23,-0006.28,-0004.36
+1580602592.91,+0001.95,+0005.86,+0005.86,+0000.23,+0004.67,-0010.34
+1580602592.91,-0003.91,+0005.86,+0003.91,+0001.84,+0001.00,-0017.76
+1580602592.92,+0003.91,+0003.91,+0005.86,-0002.99,-0008.35,-0007.35
+1580602592.92,+0007.81,+0005.86,+0005.86,-0003.45,+0002.53,-0014.47
+1580602592.93,-0006.84,+0004.88,+0006.84,+0005.05,-0006.81,-0003.37
+1580602592.93,+0002.93,+0007.81,+0006.84,+0000.00,+0003.60,-0012.48
+1580602592.94,-0001.95,+0003.91,+0006.84,+0003.22,-0004.29,-0005.21
+1580602592.94,+0003.91,+0007.81,+0007.81,-0001.99,+0005.82,-0014.24
+1580602592.95,-0002.93,+0003.91,+0006.84,+0000.54,-0002.45,-0006.58
+1580602592.95,-0001.95,+0005.86,+0004.88,+0001.38,-0000.54,-0008.04
+1580602592.96,-0003.91,+0003.91,+0002.93,-0000.92,-0004.21,-0005.67
+1580602592.96,+0002.93,+0004.88,+0004.88,+0003.29,+0002.22,-0008.65
+1580602592.97,-0004.88,+0005.86,+0006.84,-0003.22,+0004.90,-0011.94
+1580602592.97,-0004.88,+0007.81,+0007.81,-0003.60,-0002.30,-0011.03
+1580602592.98,+0008.79,+0005.86,+0007.81,+0000.31,-0000.31,-0005.28
+1580602592.98,+0001.95,+0004.88,+0005.86,-0001.23,+0003.60,-0008.73
+1580602592.99,-0009.77,+0005.86,+0004.88,-0003.06,-0001.53,-0011.94
+1580602592.99,+0004.88,+0005.86,+0003.91,-0001.53,+0004.67,-0013.55
+1580602593.00,+0000.00,+0004.88,+0003.91,+0001.38,+0000.46,-0014.01
+1580602593.00,+0005.86,+0006.84,+0004.88,-0003.14,-0011.18,+0006.66
+1580602593.01,-0000.98,+0005.86,+0003.91,+0004.82,+0013.09,-0017.15
+1580602593.01,-0014.65,+0004.88,+0003.91,+0003.45,-0006.20,-0007.20
+1580602593.02,+0007.81,+0009.77,+0003.91,-0002.14,+0006.35,-0020.90
+1580602593.02,-0002.93,+0002.93,+0003.91,-0000.77,-0001.61,-0004.52
+1580602593.03,+0000.00,+0007.81,+0004.88,-0004.29,+0004.29,-0009.42
+1580602593.03,-0006.84,+0004.88,+0003.91,+0001.23,+0000.92,-0014.32
+1580602593.04,-0005.86,+0006.84,+0002.93,+0001.61,-0005.28,-0011.18
+1580602593.04,+0006.84,+0004.88,+0002.93,-0004.21,+0000.77,-0010.80
+1580602593.05,-0006.84,+0004.88,+0002.93,-0002.68,-0001.84,-0009.88
+1580602593.05,-0004.88,+0006.84,+0003.91,+0003.37,-0001.84,-0009.11
+1580602593.06,+0004.88,+0006.84,+0002.93,-0003.37,+0000.23,-0012.71
+1580602593.06,+0000.00,+0003.91,+0000.98,-0000.54,-0002.99,-0002.45
+1580602593.07,-0000.98,+0005.86,+0000.00,-0000.15,+0005.36,-0016.69
+1580602593.07,-0008.79,+0005.86,+0000.00,+0001.15,-0004.82,-0012.94
+1580602593.08,+0009.77,+0006.84,+0000.98,+0001.61,-0003.37,-0009.72
+1580602593.08,+0003.91,+0004.88,+0000.98,-0001.53,-0004.06,-0006.74
+1580602593.09,+0003.91,+0005.86,+0001.95,+0003.06,-0000.92,-0003.22
+1580602593.09,-0001.95,+0006.84,+0000.00,-0001.07,+0006.12,-0016.77
+1580602593.10,-0001.95,+0006.84,+0000.98,+0002.68,-0003.98,-0010.41
+1580602593.10,+0015.62,+0007.81,+0001.95,-0002.68,+0004.98,-0013.40
+1580602593.11,+0001.95,+0002.93,+0000.98,+0001.91,-0002.91,-0010.87
+1580602593.11,+0001.95,+0006.84,+0000.00,+0000.08,-0002.60,-0006.43
+1580602593.12,+0004.88,+0004.88,-0000.98,+0002.60,+0000.23,-0010.95
+1580602593.12,+0003.91,+0006.84,-0001.95,+0001.91,-0002.14,-0009.03
+1580602593.13,+0008.79,+0007.81,-0000.98,-0000.08,+0000.38,-0011.56
+1580602593.13,+0009.77,+0005.86,+0000.00,-0000.92,+0000.69,-0002.30
+1580602593.14,+0005.86,+0006.84,+0000.00,+0003.37,+0002.30,-0006.20
+1580602593.14,-0005.86,+0007.81,-0000.98,-0003.37,-0002.22,-0007.50
+1580602593.15,+0004.88,+0008.79,-0000.98,+0005.13,-0003.06,-0013.55
+1580602593.15,+0009.77,+0004.88,+0000.00,+0003.90,+0002.76,-0013.17
+1580602593.16,-0002.93,+0006.84,+0000.00,-0001.61,-0003.45,-0009.80
+1580602593.16,-0002.93,+0007.81,-0000.98,-0003.22,+0001.68,-0008.88
+1580602593.17,-0002.93,+0006.84,-0002.93,-0004.06,-0002.45,-0010.72
+1580602593.17,+0000.00,+0004.88,-0001.95,+0005.28,+0001.68,-0006.74
+1580602593.18,-0002.93,+0006.84,-0001.95,-0003.83,+0002.22,-0011.71
+1580602593.18,-0010.74,+0004.88,-0002.93,+0001.68,-0000.38,-0011.41
+1580602593.19,+0000.98,+0005.86,-0001.95,-0003.14,+0001.99,-0009.34
+1580602593.19,-0002.93,+0003.91,-0003.91,+0001.61,+0000.69,-0009.11
+1580602593.20,-0010.74,+0005.86,-0004.88,-0001.84,+0000.08,-0009.80
+1580602593.20,+0000.98,+0004.88,-0004.88,+0002.07,-0005.05,-0008.42
+1580602593.21,-0003.91,+0004.88,-0004.88,+0001.07,-0004.13,-0010.57
+1580602593.21,-0002.93,+0004.88,-0004.88,+0000.08,-0002.99,-0012.56
+1580602593.22,+0002.93,+0005.86,-0005.86,-0000.54,-0000.38,-0012.56
+1580602593.22,+0000.00,+0003.91,-0005.86,+0002.68,-0005.36,-0003.37
+1580602593.23,+0006.84,+0005.86,-0005.86,-0002.53,+0001.38,-0006.43
+1580602593.23,-0003.91,+0004.88,-0006.84,+0002.30,+0002.76,-0012.94
+1580602593.24,-0000.98,+0004.88,-0006.84,-0003.37,-0004.67,-0007.27
+1580602593.24,+0002.93,+0006.84,-0006.84,-0003.37,-0003.52,-0012.71
+1580602593.25,+0004.88,+0002.93,-0006.84,+0003.52,-0002.14,-0007.89
+1580602593.25,+0004.88,+0004.88,-0007.81,-0000.69,+0003.60,-0013.09
+1580602593.26,+0000.00,+0002.93,-0007.81,+0004.90,-0001.23,-0006.05
+1580602593.26,+0006.84,+0004.88,-0007.81,-0000.08,+0002.91,-0017.15
+1580602593.27,-0001.95,+0003.91,-0005.86,+0000.61,-0001.91,-0016.38
+1580602593.27,+0012.70,+0006.84,-0004.88,+0002.60,-0005.67,-0006.89
+1580602593.28,+0006.84,+0001.95,-0005.86,+0001.07,-0001.84,-0008.58
+1580602593.28,+0000.00,+0003.91,-0006.84,+0000.08,+0001.00,-0009.19
+1580602593.29,+0004.88,+0005.86,-0007.81,+0001.68,-0003.45,-0011.79
+1580602593.29,+0008.79,+0003.91,-0007.81,+0003.45,+0003.22,-0010.03
+1580602593.30,+0000.98,+0003.91,-0006.84,-0003.90,-0004.59,-0003.22
+1580602593.30,+0002.93,+0005.86,-0006.84,+0004.75,+0003.75,-0011.71
+1580602593.31,+0001.95,+0003.91,-0007.81,-0005.44,-0004.90,-0002.60
+1580602593.31,+0001.95,+0003.91,-0007.81,+0000.61,+0006.20,-0012.02
+1580602593.32,-0011.72,+0003.91,-0006.84,-0002.53,-0005.51,-0009.03
+1580602593.32,+0002.93,+0005.86,-0005.86,+0004.52,+0000.23,-0010.95
+1580602593.33,-0003.91,+0000.98,-0006.84,+0003.37,-0002.22,-0010.34
+1580602593.33,-0008.79,+0001.95,-0006.84,-0000.77,-0000.84,-0010.95
+1580602593.34,-0003.91,+0003.91,-0006.84,-0005.13,+0001.00,-0011.25
+1580602593.34,-0002.93,+0000.98,-0007.81,+0004.44,-0001.99,-0007.35
+1580602593.35,+0000.00,+0001.95,-0007.81,+0003.22,+0006.89,-0014.55
+1580602593.35,-0014.65,+0003.91,-0007.81,-0001.61,-0001.23,-0016.61
+1580602593.36,+0000.98,+0001.95,-0007.81,+0000.31,-0009.65,-0001.99
+1580602593.36,-0000.98,+0000.98,-0009.77,-0006.35,-0002.53,-0006.51
+1580602593.37,-0017.58,-0000.98,-0010.74,+0004.13,-0001.38,-0012.63
+1580602593.37,-0002.93,+0003.91,-0010.74,-0007.27,+0000.69,-0020.37
+1580602593.38,-0003.91,-0002.93,-0009.77,-0001.30,+0000.46,-0009.95
+1580602593.38,-0000.98,+0000.00,-0009.77,-0001.38,-0000.77,-0006.58
+1580602593.39,-0001.95,-0001.95,-0010.74,+0000.77,-0000.92,-0008.42
+1580602593.39,-0003.91,+0000.00,-0011.72,-0000.92,-0001.61,-0009.19
+1580602593.40,+0003.91,-0000.98,-0010.74,-0002.14,-0000.61,-0008.35
+1580602593.40,+0003.91,-0000.98,-0010.74,-0002.68,+0004.82,-0013.48
+1580602593.41,-0005.86,-0001.95,-0010.74,+0002.14,-0001.76,-0014.62
+1580602593.41,+0002.93,-0000.98,-0010.74,-0001.07,-0005.05,-0012.25
+1580602593.42,+0007.81,-0001.95,-0010.74,-0000.77,-0002.60,-0005.51
+1580602593.42,+0002.93,-0003.91,-0009.77,+0004.59,+0001.84,-0012.02
+1580602593.43,+0001.95,-0000.98,-0008.79,-0002.14,-0003.37,-0007.58
+1580602593.43,+0003.91,-0000.98,-0008.79,+0004.21,+0004.82,-0014.24
+1580602593.44,+0000.98,-0000.98,-0006.84,+0001.38,-0004.44,-0007.50
+1580602593.44,+0012.70,+0000.00,-0005.86,+0002.53,+0004.52,-0011.64
+1580602593.45,+0000.00,-0002.93,-0006.84,-0001.91,+0001.38,-0011.48
+1580602593.45,+0001.95,+0000.98,-0007.81,-0002.83,+0000.23,-0013.40
+1580602593.46,+0007.81,-0000.98,-0005.86,-0000.61,+0000.38,-0008.42
+1580602593.46,+0004.88,-0002.93,-0005.86,+0004.21,+0001.15,-0005.28
+1580602593.47,-0000.98,-0000.98,-0005.86,+0000.08,+0002.76,-0010.03
+1580602593.47,-0001.95,-0000.98,-0005.86,-0000.77,-0006.28,-0001.76
+1580602593.48,+0007.81,-0002.93,-0006.84,-0000.08,+0008.42,-0008.27
+1580602593.48,-0009.77,-0004.88,-0007.81,+0001.38,+0002.14,-0010.34
+1580602593.49,-0004.88,-0001.95,-0005.86,+0002.53,-0001.76,-0009.34
+1580602593.49,+0006.84,-0002.93,-0004.88,-0001.99,+0005.59,-0011.25
+1580602593.50,-0008.79,-0005.86,-0005.86,+0005.82,-0002.14,-0009.34
+1580602593.50,+0000.00,-0002.93,-0004.88,-0002.60,-0004.59,-0005.90
+1580602593.51,-0001.95,-0004.88,-0005.86,-0003.14,+0001.84,-0010.18
+1580602593.51,-0005.86,-0006.84,-0005.86,+0003.14,-0003.52,-0007.81
+1580602593.52,+0005.86,-0003.91,-0005.86,-0004.29,-0000.46,-0007.20
+1580602593.52,-0001.95,-0008.79,-0005.86,+0000.15,-0000.84,-0006.66
+1580602593.53,-0004.88,-0006.84,-0005.86,+0000.46,-0001.23,-0015.01
+1580602593.53,+0001.95,-0004.88,-0006.84,-0002.14,-0002.99,-0010.26
+1580602593.54,+0003.91,-0009.77,-0006.84,-0000.08,+0000.92,-0009.34
+1580602593.54,-0001.95,-0008.79,-0007.81,+0002.60,-0003.98,-0008.58
+1580602593.55,+0000.00,-0006.84,-0007.81,-0002.22,+0000.38,-0010.26
+1580602593.55,+0002.93,-0008.79,-0007.81,+0001.23,+0001.23,-0011.87
+1580602593.56,-0000.98,-0009.77,-0007.81,-0000.61,-0000.77,-0012.25
+1580602593.56,+0003.91,-0009.77,-0006.84,-0000.69,+0003.14,-0011.87
+1580602593.57,-0002.93,-0010.74,-0005.86,-0001.07,+0000.92,-0011.33
+1580602593.57,-0002.93,-0008.79,-0004.88,+0002.60,+0000.31,-0013.48
+1580602593.58,+0005.86,-0009.77,-0005.86,+0001.45,+0001.91,-0012.25
+1580602593.58,-0000.98,-0012.70,-0006.84,-0001.38,-0001.76,-0008.04
+1580602593.59,-0004.88,-0011.72,-0006.84,-0000.08,-0000.69,-0012.86
+1580602593.59,+0003.91,-0009.77,-0006.84,+0001.07,-0000.69,-0011.41
+1580602593.60,+0003.91,-0012.70,-0005.86,+0001.84,-0001.61,-0008.19
+1580602593.60,-0001.95,-0010.74,-0004.88,+0000.77,+0004.67,-0015.16
+1580602593.61,-0003.91,-0008.79,-0003.91,-0002.68,-0006.28,-0007.43
+1580602593.61,+0002.93,-0006.84,-0004.88,-0002.68,-0001.07,-0015.16
+1580602593.62,+0001.95,-0009.77,-0002.93,+0004.44,-0004.52,-0003.75
+1580602593.62,+0007.81,-0006.84,-0002.93,+0002.07,+0003.75,-0008.19
+1580602593.63,-0006.84,-0007.81,-0003.91,-0000.23,-0000.38,-0013.86
+1580602593.63,+0004.88,-0003.91,-0003.91,+0000.77,+0004.36,-0014.62
+1580602593.64,-0001.95,-0005.86,-0002.93,-0000.84,+0000.46,-0015.24
+1580602593.64,+0001.95,-0004.88,+0000.00,+0003.60,-0003.83,-0002.68
+1580602593.65,-0000.98,-0002.93,+0000.00,-0002.45,-0001.23,-0010.03
+1580602593.65,-0006.84,-0002.93,+0000.98,+0004.06,-0001.38,-0006.05
+1580602593.66,+0000.98,-0000.98,+0001.95,-0002.68,+0001.91,-0010.95
+1580602593.66,-0001.95,-0001.95,+0001.95,+0003.75,-0002.30,-0010.72
+1580602593.67,-0000.98,+0000.00,+0001.95,+0001.84,+0001.45,-0010.11
+1580602593.67,-0005.86,+0000.00,+0001.95,-0001.15,-0002.83,-0010.80
+1580602593.68,-0001.95,+0001.95,+0001.95,+0002.22,-0000.61,-0009.19
+1580602593.68,-0001.95,+0001.95,+0001.95,+0001.30,+0001.45,-0013.02
+1580602593.69,-0005.86,+0001.95,+0001.95,-0000.38,-0002.83,-0006.97
+1580602593.69,-0002.93,+0003.91,+0002.93,+0004.59,+0003.06,-0013.40
+1580602593.70,-0004.88,+0002.93,+0002.93,-0002.60,-0004.44,-0009.26
+1580602593.70,+0000.00,+0003.91,+0001.95,-0000.54,+0001.07,-0009.65
+1580602593.71,-0009.77,+0002.93,+0000.98,-0001.30,+0000.46,-0013.40
+1580602593.71,-0002.93,+0005.86,+0000.98,+0004.06,-0001.99,-0013.55
+1580602593.72,+0005.86,+0002.93,+0001.95,+0005.97,-0000.08,-0008.50
+1580602593.72,+0000.00,+0003.91,+0001.95,-0003.45,+0000.92,-0009.34
+1580602593.73,-0006.84,+0005.86,+0000.98,+0001.76,-0001.53,-0012.56
+1580602593.73,-0000.98,+0007.81,+0000.98,+0001.38,-0002.53,-0010.87
+1580602593.74,+0000.98,+0004.88,+0000.98,+0001.38,-0002.45,-0008.96
+1580602593.74,+0002.93,+0004.88,+0000.98,-0002.76,-0001.76,-0006.05
+1580602593.75,+0000.00,+0005.86,+0000.00,+0001.68,+0001.30,-0009.57
+1580602593.75,+0000.00,+0004.88,-0000.98,-0004.13,-0003.37,-0008.35
+1580602593.76,+0006.84,+0004.88,-0001.95,-0000.08,+0007.73,-0014.93
+1580602593.76,-0009.77,+0004.88,-0002.93,-0000.38,-0001.53,-0014.62
+1580602593.77,+0001.95,+0006.84,-0001.95,+0001.15,-0005.90,-0012.17
+1580602593.77,+0011.72,+0003.91,-0001.95,-0001.15,+0002.07,-0011.56
+1580602593.78,-0003.91,+0001.95,-0003.91,-0000.69,-0000.54,-0009.34
+1580602593.78,+0000.00,+0005.86,-0004.88,-0002.60,-0004.67,-0010.03
+1580602593.79,+0009.77,+0002.93,-0005.86,-0000.08,+0002.37,-0013.86
+1580602593.79,+0007.81,+0000.98,-0006.84,+0000.46,+0003.68,-0008.65
+1580602593.80,-0002.93,+0003.91,-0007.81,+0000.00,+0000.23,-0012.94
+1580602593.80,-0001.95,+0001.95,-0007.81,-0006.05,-0002.30,-0013.55
+1580602593.81,+0011.72,+0001.95,-0007.81,-0007.50,+0001.30,-0006.05
+1580602593.81,+0002.93,-0001.95,-0009.77,+0002.91,+0001.99,-0007.73
+1580602593.82,-0001.95,+0000.98,-0010.74,-0005.67,-0002.22,+0000.46
+1580602593.82,-0000.98,+0000.00,-0011.72,+0003.29,+0002.76,-0011.03
+1580602593.83,+0000.00,-0001.95,-0012.70,-0000.23,+0000.08,-0007.27
+1580602593.83,+0000.00,-0000.98,-0012.70,-0000.38,+0001.76,-0010.03
+1580602593.84,-0005.86,-0002.93,-0012.70,-0004.52,+0000.46,-0015.77
+1580602593.84,-0000.98,-0001.95,-0013.67,-0004.98,+0002.99,-0012.86
+1580602593.85,-0001.95,-0002.93,-0014.65,-0000.61,+0000.92,-0012.25
+1580602593.85,-0004.88,-0002.93,-0014.65,-0003.29,-0001.61,-0009.80
+1580602593.86,-0001.95,-0001.95,-0015.62,-0000.84,+0001.23,-0008.65
+1580602593.86,-0002.93,-0002.93,-0016.60,+0000.69,+0000.31,-0012.02
+1580602593.87,-0002.93,-0002.93,-0016.60,-0001.23,-0000.77,-0011.03
+1580602593.87,+0001.95,-0003.91,-0017.58,-0000.69,-0003.75,-0006.35
+1580602593.88,-0002.93,-0003.91,-0018.55,-0000.46,-0001.53,-0012.40
+1580602593.88,-0006.84,-0003.91,-0018.55,-0001.99,-0006.28,-0005.97
+1580602593.89,+0006.84,-0003.91,-0018.55,+0001.07,+0003.68,-0012.71
+1580602593.89,-0004.88,-0005.86,-0018.55,-0003.75,+0001.84,-0013.17
+1580602593.90,+0000.00,-0003.91,-0018.55,-0001.91,+0000.00,-0010.57
+1580602593.90,+0004.88,-0004.88,-0019.53,-0001.23,+0002.76,-0010.87
+1580602593.91,-0003.91,-0005.86,-0019.53,+0001.84,-0000.15,-0007.27
+1580602593.91,-0001.95,-0003.91,-0019.53,-0000.77,-0002.14,-0010.26
