+1580602825.45,+0005.86,+0011.72,+0042.97,+0001.23,-0003.75,-0006.74
+1580602825.45,+0008.79,+0009.77,+0041.02,-0004.21,+0000.46,-0006.74
+1580602825.46,+0001.95,+0006.84,+0040.04,+0002.68,+0000.00,-0006.20
+1580602825.46,+0000.98,+0012.70,+0040.04,-0001.00,-0001.00,-0008.12
+1580602825.47,+0005.86,+0009.77,+0039.06,-0000.46,-0000.84,-0006.28
+1580602825.47,+0003.91,+0007.81,+0037.11,-0002.37,+0000.84,-0009.80
+1580602825.48,-0002.93,+0007.81,+0035.16,-0001.38,+0002.22,-0011.48
+1580602825.48,-0002.93,+0009.77,+0033.20,-0003.68,-0003.75,-0012.40
+1580602825.49,+0004.88,+0005.86,+0032.23,+0000.08,-0003.90,-0002.30
+1580602825.49,+0001.95,+0003.91,+0030.27,-0002.30,+0005.67,-0010.87
+1580602825.50,-0013.67,+0005.86,+0027.34,-0000.92,-0002.83,-0010.41
+1580602825.50,+0002.93,+0008.79,+0026.37,-0001.53,+0000.61,-0012.25
+1580602825.51,+0003.91,+0002.93,+0023.44,-0001.99,-0002.30,-0007.04
+1580602825.51,-0002.93,+0001.95,+0022.46,+0000.77,+0000.15,-0006.97
+1580602825.52,-0004.88,+0006.84,+0021.48,-0002.99,-0001.45,-0009.26
+1580602825.52,+0000.98,+0003.91,+0019.53,-0001.76,+0000.31,-0007.12
+1580602825.53,+0000.00,+0000.98,+0017.58,-0001.76,+0002.30,-0013.40
+1580602825.53,-0006.84,+0004.88,+0016.60,-0000.61,-0001.99,-0015.47
+1580602825.54,+0003.91,+0004.88,+0016.60,-0001.30,-0000.15,-0010.87
+1580602825.54,+0000.98,+0002.93,+0015.62,-0004.44,+0000.46,-0011.64
+1580602825.55,-0003.91,+0003.91,+0015.62,+0003.29,-0002.45,-0009.34
+1580602825.55,+0005.86,+0006.84,+0014.65,-0001.45,-0004.21,-0008.27
+1580602825.56,+0001.95,+0002.93,+0012.70,-0002.14,-0002.14,-0003.29
+1580602825.56,-0000.98,+0003.91,+0012.70,+0000.84,+0003.75,-0014.32
+1580602825.57,-0001.95,+0006.84,+0011.72,-0000.84,-0007.66,-0010.41
+1580602825.57,+0008.79,+0003.91,+0010.74,-0001.76,+0000.38,-0011.94
+1580602825.58,+0000.98,+0001.95,+0009.77,-0001.07,-0002.14,-0008.58
+1580602825.58,+0000.98,+0006.84,+0009.77,+0002.45,-0001.68,-0014.16
+1580602825.59,+0005.86,+0005.86,+0008.79,-0003.83,-0005.21,-0007.20
+1580602825.59,+0005.86,+0004.88,+0007.81,-0003.14,-0001.53,-0007.35
+1580602825.60,+0001.95,+0004.88,+0007.81,+0001.84,-0000.31,-0011.25
+1580602825.60,+0000.98,+0008.79,+0007.81,-0000.61,-0001.84,-0010.95
+1580602825.61,+0003.91,+0004.88,+0005.86,+0001.38,-0000.84,-0007.89
+1580602825.61,+0006.84,+0006.84,+0003.91,-0002.83,-0002.14,-0005.51
+1580602825.62,-0000.98,+0004.88,+0001.95,+0001.84,+0005.82,-0008.65
+1580602825.62,-0008.79,+0004.88,+0001.95,-0001.68,-0002.76,-0006.05
+1580602825.63,-0000.98,+0004.88,+0002.93,-0000.61,+0000.77,-0009.19
+1580602825.63,-0002.93,+0002.93,+0002.93,-0002.99,-0000.69,-0009.72
+1580602825.64,-0002.93,+0002.93,+0001.95,+0000.77,-0000.15,-0008.04
+1580602825.64,-0004.88,+0002.93,+0000.00,-0002.76,-0003.37,-0009.95
+1580602825.65,-0004.88,+0000.00,-0001.95,+0000.15,-0000.84,-0004.29
+1580602825.65,-0004.88,+0000.00,-0003.91,-0003.22,+0005.44,-0012.10
+1580602825.66,-0011.72,-0001.95,-0004.88,+0000.38,-0004.90,-0010.18
+1580602825.66,+0003.91,-0000.98,-0004.88,-0001.00,+0005.90,-0014.47
+1580602825.67,-0008.79,-0002.93,-0005.86,-0002.30,-0002.68,-0006.97
+1580602825.67,-0006.84,-0000.98,-0006.84,+0005.82,-0003.45,-0006.81
+1580602825.68,-0000.98,-0000.98,-0006.84,-0004.98,-0000.46,-0013.09
+1580602825.68,-0003.91,-0003.91,-0005.86,+0001.53,+0001.30,-0009.88
+1580602825.69,-0004.88,-0000.98,-0005.86,-0003.75,-0000.61,-0013.70
+1580602825.69,-0004.88,-0001.95,-0004.88,-0001.61,+0000.92,-0013.09
+1580602825.70,+0001.95,-0001.95,-0004.88,-0001.61,+0000.61,-0008.58
+1580602825.70,+0000.98,-0001.95,-0004.88,+0001.99,+0001.61,-0011.48
+1580602825.71,-0005.86,-0000.98,-0004.88,-0001.00,-0002.07,-0008.80
+1580602825.71,+0000.98,+0000.00,-0003.91,+0002.45,-0000.46,-0010.34
+1580602825.72,+0000.98,-0000.98,-0003.91,+0002.45,+0001.23,-0010.03
+1580602825.72,-0001.95,+0001.95,-0001.95,+0001.91,-0002.53,-0009.72
+1580602825.73,+0002.93,+0002.93,-0000.98,-0000.31,+0003.45,-0015.47
+1580602825.73,+0005.86,+0003.91,+0000.00,+0002.37,+0004.98,-0014.32
+1580602825.74,+0000.00,+0004.88,+0000.98,+0000.08,+0003.98,-0015.77
+1580602825.74,-0001.95,+0006.84,+0002.93,-0000.46,-0005.90,-0008.73
+1580602825.75,+0010.74,+0008.79,+0003.91,+0005.13,+0001.99,-0013.63
+1580602825.75,+0004.88,+0005.86,+0004.88,+0003.98,+0000.92,-0005.59
+1580602825.76,+0004.88,+0010.74,+0005.86,+0000.00,+0000.92,-0007.43
+1580602825.76,-0000.98,+0008.79,+0005.86,+0000.00,+0003.68,-0011.56
+1580602825.77,+0001.95,+0010.74,+0006.84,+0000.61,-0003.52,-0008.27
+1580602825.77,+0008.79,+0010.74,+0008.79,+0000.84,+0004.59,-0011.56
+1580602825.78,-0001.95,+0011.72,+0009.77,-0001.07,-0001.15,-0003.52
+1580602825.78,-0004.88,+0014.65,+0009.77,+0003.83,+0002.30,-0009.34
+1580602825.79,-0003.91,+0013.67,+0009.77,+0002.37,-0002.45,-0008.96
+1580602825.79,+0000.00,+0012.70,+0009.77,+0003.83,+0000.08,-0009.42
+1580602825.80,-0002.93,+0012.70,+0010.74,-0000.31,+0000.00,-0010.11
+1580602825.80,-0002.93,+0013.67,+0010.74,-0000.23,+0001.45,-0011.41
+1580602825.81,-0003.91,+0013.67,+0010.74,+0001.68,-0001.76,-0008.04
+1580602825.81,-0000.98,+0013.67,+0010.74,-0002.37,-0001.91,-0006.43
+1580602825.82,-0003.91,+0013.67,+0009.77,-0002.60,+0003.90,-0008.04
+1580602825.82,-0007.81,+0013.67,+0009.77,+0001.15,+0001.61,-0013.93
+1580602825.83,-0001.95,+0013.67,+0010.74,-0000.31,-0002.45,-0011.87
+1580602825.83,-0000.98,+0012.70,+0010.74,-0001.23,-0000.08,-0011.56
+1580602825.84,-0005.86,+0012.70,+0009.77,-0001.76,+0001.07,-0011.56
+1580602825.84,-0000.98,+0012.70,+0008.79,+0001.15,+0001.30,-0009.57
+1580602825.85,-0004.88,+0011.72,+0008.79,-0000.31,+0004.59,-0014.01
+1580602825.85,-0005.86,+0012.70,+0007.81,+0001.30,-0004.36,-0009.49
+1580602825.86,+0002.93,+0012.70,+0006.84,-0002.14,+0001.53,-0009.72
+1580602825.86,-0001.95,+0009.77,+0005.86,+0001.53,+0002.14,-0012.40
+1580602825.87,-0004.88,+0011.72,+0006.84,+0002.14,-0003.06,-0007.50
+1580602825.87,+0000.98,+0011.72,+0006.84,-0001.23,+0000.61,-0013.09
+1580602825.88,+0000.98,+0008.79,+0006.84,+0001.00,-0001.15,-0007.04
+1580602825.88,+0000.00,+0009.77,+0005.86,-0000.15,+0001.07,-0013.25
+1580602825.89,-0001.95,+0008.79,+0004.88,-0003.29,-0001.91,-0012.86
+1580602825.89,+0007.81,+0007.81,+0004.88,-0001.30,+0003.45,-0010.72
+1580602825.90,+0001.95,+0005.86,+0002.93,+0001.61,+0002.22,-0014.24
+1580602825.90,-0003.91,+0007.81,+0004.88,+0001.99,-0003.45,-0011.56
+1580602825.91,+0011.72,+0009.77,+0006.84,-0000.15,-0001.91,-0011.94
+1580602825.91,+0008.79,+0005.86,+0007.81,-0000.54,+0002.07,-0004.29
+1580602825.92,-0001.95,+0007.81,+0005.86,+0001.76,+0002.68,-0013.78
+1580602825.92,-0000.98,+0009.77,+0005.86,-0000.15,-0000.54,-0013.55
+1580602825.93,+0011.72,+0008.79,+0005.86,-0001.84,+0002.53,-0010.34
+1580602825.93,+0006.84,+0005.86,+0004.88,+0003.52,-0000.69,-0004.90
+1580602825.94,+0000.00,+0008.79,+0004.88,+0000.46,-0000.38,-0004.13
+1580602825.94,-0002.93,+0010.74,+0005.86,-0000.92,+0003.90,-0014.78
+1580602825.95,+0006.84,+0008.79,+0006.84,+0002.30,-0000.92,-0001.23
+1580602825.95,+0009.77,+0008.79,+0005.86,-0001.07,+0007.35,-0006.43
+1580602825.96,-0013.67,+0006.84,+0004.88,+0001.53,+0001.07,-0007.50
+1580602825.96,-0001.95,+0009.77,+0005.86,+0000.00,+0003.37,-0014.55
+1580602825.97,+0004.88,+0007.81,+0004.88,-0003.37,+0004.52,-0010.03
+1580602825.97,-0007.81,+0004.88,+0004.88,+0002.60,-0001.45,-0004.67
+1580602825.98,-0007.81,+0008.79,+0004.88,+0000.77,+0002.60,-0010.87
+1580602825.98,-0002.93,+0005.86,+0004.88,+0000.00,-0000.38,-0007.58
+1580602825.99,-0001.95,+0003.91,+0002.93,-0002.22,+0005.13,-0011.18
+1580602825.99,-0008.79,+0004.88,+0003.91,-0003.75,-0002.45,-0009.34
+1580602826.00,-0004.88,+0006.84,+0002.93,-0004.52,+0002.30,-0011.33
+1580602826.00,-0003.91,+0002.93,+0000.98,-0000.23,-0001.99,-0010.57
+1580602826.01,-0001.95,+0002.93,+0000.00,-0002.60,-0003.22,-0008.12
+1580602826.01,+0000.98,+0001.95,-0000.98,-0003.90,+0000.77,-0006.20
+1580602826.02,-0013.67,+0002.93,-0003.91,-0002.99,-0003.22,-0010.80
+1580602826.02,-0004.88,+0002.93,-0002.93,+0004.21,-0000.54,-0015.54
+1580602826.03,+0002.93,+0002.93,-0002.93,-0005.59,+0000.54,-0011.48
+1580602826.03,-0001.95,-0000.98,-0004.88,-0005.67,-0001.45,-0002.76
+1580602826.04,-0013.67,+0001.95,-0006.84,-0005.44,-0001.23,-0010.72
+1580602826.04,-0006.84,+0000.98,-0006.84,+0002.76,+0000.23,-0017.07
+1580602826.05,+0003.91,+0000.98,-0008.79,-0005.82,-0001.76,-0012.86
+1580602826.05,+0001.95,-0002.93,-0010.74,-0001.07,+0002.91,-0012.48
+1580602826.06,-0009.77,+0000.00,-0012.70,-0006.81,-0003.06,-0010.26
+1580602826.06,+0001.95,-0000.98,-0011.72,+0001.30,-0001.15,-0015.47
+1580602826.07,+0007.81,-0002.93,-0012.70,-0005.28,-0000.38,-0009.65
+1580602826.07,+0000.00,-0004.88,-0013.67,-0002.91,+0000.69,-0009.11
+1580602826.08,-0005.86,-0003.91,-0016.60,-0008.19,+0000.61,-0012.48
+1580602826.08,+0000.00,-0005.86,-0018.55,+0001.91,-0002.68,-0015.77
+1580602826.09,+0007.81,-0006.84,-0019.53,-0001.07,+0001.38,-0013.09
+1580602826.09,-0002.93,-0006.84,-0020.51,-0001.99,-0002.83,-0008.42
+1580602826.10,-0001.95,-0007.81,-0021.48,-0002.91,-0000.92,-0010.26
+1580602826.10,+0000.98,-0008.79,-0021.48,-0001.38,+0000.23,-0010.49
+1580602826.11,+0000.00,-0009.77,-0022.46,+0000.84,-0004.52,-0002.14
+1580602826.11,+0003.91,-0010.74,-0022.46,-0006.05,+0004.52,-0009.88
+1580602826.12,-0007.81,-0012.70,-0024.41,-0003.37,-0000.84,-0007.50
+1580602826.12,-0003.91,-0012.70,-0025.39,-0003.14,-0003.52,-0007.96
+1580602826.13,+0006.84,-0015.62,-0026.37,-0004.98,+0002.45,-0003.22
+1580602826.13,-0007.81,-0014.65,-0028.32,-0000.08,+0003.75,-0014.32
+1580602826.14,-0007.81,-0015.62,-0027.34,-0006.20,-0004.90,-0007.73
+1580602826.14,+0001.95,-0012.70,-0026.37,-0007.12,-0001.38,-0011.41
+1580602826.15,-0001.95,-0016.60,-0027.34,+0001.30,-0001.23,-0006.20
+1580602826.15,-0003.91,-0014.65,-0027.34,-0002.99,+0001.45,-0008.19
+1580602826.16,-0005.86,-0017.58,-0028.32,+0003.60,+0002.91,-0006.89
+1580602826.16,-0001.95,-0013.67,-0028.32,-0004.36,+0002.37,-0013.25
+1580602826.17,-0004.88,-0016.60,-0027.34,-0002.30,-0004.82,-0011.10
+1580602826.17,+0002.93,-0014.65,-0025.39,+0003.37,+0001.68,-0004.44
+1580602826.18,-0006.84,-0013.67,-0023.44,+0002.76,-0004.44,-0006.28
+1580602826.18,+0000.00,-0010.74,-0021.48,+0000.08,+0000.77,-0009.49
+1580602826.19,+0000.98,-0011.72,-0020.51,-0002.76,+0000.15,-0013.78
+1580602826.19,+0000.98,-0010.74,-0019.53,-0002.45,+0001.38,-0009.03
+1580602826.20,-0000.98,-0010.74,-0019.53,+0000.92,+0001.68,-0015.31
+1580602826.20,-0000.98,-0009.77,-0018.55,+0000.08,-0005.36,-0008.04
+1580602826.21,+0003.91,-0007.81,-0016.60,+0003.14,+0004.75,-0011.25
+1580602826.21,-0000.98,-0006.84,-0014.65,+0004.67,-0002.99,-0006.28
+1580602826.22,+0005.86,-0004.88,-0012.70,-0003.29,+0003.68,-0009.72
+1580602826.22,-0001.95,-0003.91,-0011.72,+0001.00,-0002.14,-0014.78
+1580602826.23,+0006.84,-0001.95,-0010.74,+0002.30,-0005.82,-0005.51
+1580602826.23,+0006.84,-0000.98,-0009.77,-0001.76,-0000.31,-0010.87
+1580602826.24,-0000.98,+0000.98,-0006.84,+0005.82,-0000.46,-0009.57
+1580602826.24,+0003.91,+0003.91,-0004.88,+0001.00,-0000.31,-0013.25
+1580602826.25,+0008.79,+0004.88,-0002.93,+0002.37,-0002.07,-0006.05
+1580602826.25,+0007.81,+0005.86,-0002.93,-0000.84,+0004.67,-0011.94
+1580602826.26,-0004.88,+0006.84,-0002.93,+0000.38,-0003.52,-0009.19
+1580602826.26,+0003.91,+0007.81,-0002.93,+0000.92,+0001.07,-0011.25
+1580602826.27,+0005.86,+0008.79,-0000.98,-0004.36,-0004.21,-0006.20
+1580602826.27,+0008.79,+0008.79,+0000.00,+0005.97,+0002.07,-0002.91
+1580602826.28,-0002.93,+0008.79,-0000.98,-0005.36,+0000.46,-0006.66
+1580602826.28,-0004.88,+0009.77,+0000.00,-0000.84,-0002.53,-0006.81
+1580602826.29,+0003.91,+0009.77,+0000.98,-0000.15,+0002.68,-0012.40
+1580602826.29,-0002.93,+0007.81,+0000.98,+0000.69,-0000.31,-0007.96
+1580602826.30,-0003.91,+0006.84,+0000.00,-0000.69,+0001.76,-0010.34
+1580602826.30,-0001.95,+0005.86,-0000.98,-0003.68,-0002.76,-0004.44
+1580602826.31,-0000.98,+0002.93,-0001.95,+0002.76,+0006.05,-0013.09
+1580602826.31,-0011.72,+0002.93,-0001.95,-0002.68,-0002.60,-0012.10
+1580602826.32,+0002.93,+0000.98,-0001.95,-0001.91,+0001.23,-0007.12
+1580602826.32,-0000.98,-0002.93,-0002.93,-0005.21,+0004.44,-0013.63
+1580602826.33,-0011.72,-0004.88,-0003.91,+0003.29,-0006.12,-0004.59
+1580602826.33,+0001.95,-0004.88,-0003.91,+0001.15,+0001.30,-0011.18
+1580602826.34,-0004.88,-0008.79,-0002.93,-0000.84,-0007.58,-0002.22
+1580602826.34,+0002.93,-0011.72,-0001.95,+0002.68,+0006.12,-0010.49
+1580602826.35,-0012.70,-0012.70,-0002.93,-0004.29,+0002.37,-0016.84
+1580602826.35,-0005.86,-0015.62,-0003.91,-0000.38,-0003.14,-0011.48
+1580602826.36,+0010.74,-0017.58,-0003.91,-0008.58,+0004.98,-0007.27
+1580602826.36,-0009.77,-0021.48,-0005.86,+0005.28,+0002.76,-0007.43
+1580602826.37,-0012.70,-0021.48,-0005.86,-0004.06,-0004.67,-0008.65
+1580602826.37,+0000.98,-0022.46,-0004.88,-0004.98,-0003.22,-0010.95
+1580602826.38,+0006.84,-0025.39,-0004.88,-0000.84,-0002.14,+0001.23
+1580602826.38,-0003.91,-0027.34,-0006.84,-0003.83,+0005.74,-0011.94
+1580602826.39,-0012.70,-0028.32,-0007.81,-0003.90,-0006.66,-0012.33
+1580602826.39,+0007.81,-0027.34,-0008.79,-0004.44,-0001.15,-0013.93
+1580602826.40,+0003.91,-0032.23,-0009.77,-0003.29,+0001.38,-0006.89
+1580602826.40,-0004.88,-0031.25,-0009.77,+0003.29,-0000.77,-0010.26
+1580602826.41,-0002.93,-0032.23,-0007.81,+0004.52,-0001.84,-0013.32
+1580602826.41,+0002.93,-0030.27,-0007.81,-0005.13,+0000.15,-0010.57
+1580602826.42,+0000.98,-0034.18,-0009.77,+0000.08,+0000.00,-0010.18
+1580602826.42,-0003.91,-0032.23,-0010.74,-0001.45,+0000.00,-0009.65
+1580602826.43,+0000.00,-0033.20,-0009.77,+0003.22,-0001.99,-0011.94
+1580602826.43,+0001.95,-0033.20,-0009.77,-0003.06,-0001.84,-0007.73
+1580602826.44,+0001.95,-0034.18,-0009.77,+0001.61,-0001.00,-0005.82
+1580602826.44,-0006.84,-0032.23,-0008.79,-0002.83,-0002.68,-0006.81
+1580602826.45,-0001.95,-0033.20,-0007.81,+0003.83,+0001.23,-0009.42
+1580602826.45,+0001.95,-0032.23,-0006.84,-0005.21,+0000.46,-0004.44
+1580602826.46,-0004.88,-0032.23,-0007.81,+0001.99,+0001.91,-0009.11
+1580602826.46,-0001.95,-0031.25,-0006.84,+0000.08,+0003.60,-0010.87
+1580602826.47,-0004.88,-0029.30,-0006.84,+0001.61,+0005.21,-0018.07
+1580602826.47,-0006.84,-0029.30,-0004.88,-0004.82,-0005.74,-0010.11
+1580602826.48,+0005.86,-0027.34,-0003.91,-0006.74,+0006.12,-0012.02
+1580602826.48,-0009.77,-0028.32,-0002.93,+0002.76,-0003.68,-0005.67
+1580602826.49,-0005.86,-0024.41,-0000.98,+0001.91,-0000.46,-0007.81
+1580602826.49,-0001.95,-0024.41,+0000.00,-0003.29,+0003.52,-0015.39
+1580602826.50,-0001.95,-0022.46,+0000.00,+0001.07,+0002.53,-0008.04
+1580602826.50,-0004.88,-0020.51,+0001.95,+0001.68,+0002.22,-0010.03
+1580602826.51,-0007.81,-0018.55,+0003.91,+0002.99,-0000.08,-0011.56
+1580602826.51,-0002.93,-0015.62,+0005.86,-0003.37,+0000.15,-0011.41
+1580602826.52,-0002.93,-0015.62,+0006.84,+0004.36,+0002.68,-0012.79
+1580602826.52,-0002.93,-0012.70,+0005.86,-0002.76,-0002.22,-0008.65
+1580602826.53,+0001.95,-0010.74,+0006.84,+0001.38,+0002.07,-0011.10
+1580602826.53,-0004.88,-0009.77,+0009.77,+0006.12,-0002.68,-0011.64
+1580602826.54,-0000.98,-0004.88,+0012.70,+0001.99,+0001.30,-0009.57
+1580602826.54,+0003.91,-0002.93,+0013.67,+0003.14,+0003.75,-0013.48
+1580602826.55,-0000.98,-0000.98,+0015.62,+0002.76,-0001.07,-0011.25
+1580602826.55,+0002.93,+0002.93,+0016.60,+0002.76,-0001.61,-0011.94
+1580602826.56,+0005.86,+0003.91,+0017.58,-0000.08,+0003.14,-0011.87
+1580602826.56,+0003.91,+0005.86,+0019.53,+0004.21,-0003.75,-0005.82
+1580602826.57,+0002.93,+0008.79,+0020.51,+0002.91,+0001.76,-0014.70
+1580602826.57,+0001.95,+0010.74,+0020.51,-0000.23,-0001.38,-0012.48
+1580602826.58,+0012.70,+0012.70,+0022.46,+0005.51,-0001.84,-0006.66
+1580602826.58,+0009.77,+0013.67,+0024.41,+0002.07,+0000.31,-0006.81
+1580602826.59,-0001.95,+0016.60,+0026.37,+0001.84,-0003.45,-0010.18
+1580602826.59,+0009.77,+0020.51,+0027.34,+0003.06,-0001.00,-0013.25
+1580602826.60,+0015.62,+0018.55,+0026.37,+0001.23,+0001.61,-0010.87
+1580602826.60,+0003.91,+0018.55,+0026.37,+0003.29,+0004.36,-0010.64
+1580602826.61,-0002.93,+0023.44,+0028.32,+0000.61,+0000.38,-0010.34
+1580602826.61,+0006.84,+0023.44,+0031.25,+0001.91,-0002.76,-0008.19
+1580602826.62,+0010.74,+0022.46,+0031.25,-0000.54,+0005.74,-0007.81
+1580602826.62,-0003.91,+0023.44,+0030.27,+0003.29,-0000.61,-0008.50
+1580602826.63,-0000.98,+0025.39,+0029.30,-0001.30,+0001.91,-0012.56
+1580602826.63,+0000.98,+0021.48,+0029.30,-0001.45,+0003.14,-0012.25
+1580602826.64,-0000.98,+0024.41,+0029.30,-0001.68,-0000.31,-0008.58
+1580602826.64,+0000.98,+0023.44,+0028.32,+0002.83,+0002.37,-0012.17
+1580602826.65,-0000.98,+0022.46,+0028.32,-0001.00,-0003.75,-0004.82
+1580602826.65,-0004.88,+0023.44,+0027.34,+0002.53,+0005.21,-0012.94
+1580602826.66,+0000.00,+0022.46,+0027.34,+0001.30,-0000.69,-0003.68
+1580602826.66,+0003.91,+0021.48,+0024.41,+0002.45,+0006.43,-0013.09
+1580602826.67,-0011.72,+0019.53,+0023.44,-0003.37,-0002.53,-0009.88
+1580602826.67,+0000.98,+0023.44,+0024.41,-0004.52,+0004.52,-0014.09
+1580602826.68,-0000.98,+0018.55,+0023.44,-0003.22,-0001.07,-0013.02
+1580602826.68,-0001.95,+0017.58,+0022.46,-0000.84,-0002.68,-0009.42
+1580602826.69,+0001.95,+0018.55,+0020.51,-0003.37,+0000.46,-0010.18
+1580602826.69,-0003.91,+0016.60,+0017.58,-0005.82,-0001.76,-0007.73
+1580602826.70,+0000.00,+0013.67,+0016.60,-0001.30,+0000.61,-0011.25
+1580602826.70,-0000.98,+0015.62,+0015.62,+0000.00,+0000.15,-0011.48
+1580602826.71,+0000.00,+0012.70,+0014.65,+0001.91,+0000.92,-0011.10
+1580602826.71,+0001.95,+0011.72,+0013.67,-0003.14,-0001.07,-0009.42
+1580602826.72,+0001.95,+0010.74,+0012.70,+0001.00,-0002.22,-0009.42
+1580602826.72,+0003.91,+0010.74,+0011.72,-0002.30,+0000.08,-0008.88
+1580602826.73,-0000.98,+0008.79,+0010.74,-0000.92,-0004.06,-0009.49
+1580602826.73,+0005.86,+0008.79,+0009.77,-0001.38,-0000.46,-0007.20
+1580602826.74,+0001.95,+0006.84,+0008.79,+0000.69,+0004.75,-0016.92
+1580602826.74,+0000.98,+0005.86,+0008.79,+0002.53,+0001.68,-0012.63
+1580602826.75,+0006.84,+0007.81,+0005.86,-0007.12,-0001.38,-0006.89
+1580602826.75,+0000.00,+0001.95,+0003.91,+0000.38,+0003.60,-0013.32
+1580602826.76,+0000.00,+0004.88,+0003.91,-0000.23,-0002.45,-0006.43
+1580602826.76,+0002.93,+0002.93,+0003.91,+0000.15,-0002.22,-0009.57
+1580602826.77,+0000.98,+0000.98,+0002.93,-0001.68,+0002.37,-0013.17
+1580602826.77,-0000.98,+0001.95,+0002.93,+0001.68,-0001.99,-0012.02
+1580602826.78,+0000.98,+0001.95,+0003.91,-0003.29,+0001.38,-0010.34
+1580602826.78,+0000.00,+0001.95,+0002.93,-0006.97,-0002.45,-0010.64
+1580602826.79,+0005.86,+0000.00,+0000.00,+0001.23,-0001.23,-0004.36
+1580602826.79,+0002.93,+0000.00,-0000.98,-0002.45,+0002.30,-0007.35
+1580602826.80,-0007.81,+0000.00,+0000.00,+0000.00,-0001.99,-0008.65
+1580602826.80,+0000.00,+0000.98,+0000.98,-0002.68,+0000.00,-0010.95
+1580602826.81,+0009.77,-0000.98,+0000.98,-0002.30,-0003.68,-0000.23
+1580602826.81,-0006.84,-0000.98,+0000.00,+0004.59,+0012.48,-0016.46
+1580602826.82,-0015.62,+0001.95,+0001.95,+0006.12,-0005.59,-0015.08
+1580602826.82,+0011.72,+0003.91,+0001.95,-0003.06,+0002.37,-0010.03
+1580602826.83,-0000.98,-0003.91,+0000.98,-0003.14,+0005.44,-0013.78
+1580602826.83,-0011.72,+0001.95,+0000.98,-0000.15,+0000.00,-0011.48
+1580602826.84,-0003.91,+0003.91,+0002.93,-0000.69,-0002.60,-0008.27
+1580602826.84,+0001.95,+0000.00,+0002.93,+0000.46,+0003.37,-0006.51
+1580602826.85,-0007.81,+0000.98,+0002.93,+0000.00,+0001.00,-0008.80
+1580602826.85,-0006.84,+0005.86,+0004.88,+0001.30,-0000.31,-0012.86
+1580602826.86,+0000.00,+0003.91,+0004.88,-0001.15,-0001.23,-0012.86
+1580602826.86,+0004.88,+0002.93,+0005.86,+0003.68,-0002.68,-0008.50
+1580602826.87,+0000.00,+0006.84,+0006.84,+0000.08,+0001.76,-0015.31
+1580602826.87,-0009.77,+0007.81,+0005.86,+0001.30,-0004.21,-0012.10
+1580602826.88,+0001.95,+0009.77,+0006.84,+0001.38,+0003.52,-0015.70
+1580602826.88,+0005.86,+0008.79,+0007.81,+0001.91,-0002.83,-0011.56
+1580602826.89,+0006.84,+0009.77,+0007.81,+0001.84,+0007.27,-0010.11
+1580602826.89,-0010.74,+0011.72,+0007.81,+0000.46,-0004.13,-0013.32
+1580602826.90,+0002.93,+0013.67,+0009.77,+0004.13,-0003.60,-0008.50
+1580602826.90,+0013.67,+0012.70,+0008.79,-0000.54,+0004.82,-0015.08
+1580602826.91,-0006.84,+0011.72,+0009.77,+0003.37,+0000.00,-0010.03
+1580602826.91,-0001.95,+0018.55,+0010.74,+0001.23,-0002.45,-0014.70
+1580602826.92,+0008.79,+0014.65,+0010.74,-0001.07,+0000.92,-0014.01
+1580602826.92,+0005.86,+0013.67,+0010.74,+0000.69,+0000.77,-0007.20
+1580602826.93,+0000.00,+0017.58,+0011.72,+0000.23,+0001.15,-0011.41
+1580602826.93,+0002.93,+0018.55,+0011.72,-0001.84,-0001.99,-0011.10
+1580602826.94,+0009.77,+0015.62,+0011.72,-0000.61,-0000.08,-0012.56
+1580602826.94,+0009.77,+0016.60,+0011.72,+0002.30,+0004.90,-0008.65
+1580602826.95,-0003.91,+0020.51,+0010.74,-0001.38,-0000.92,-0013.17
+1580602826.95,+0001.95,+0018.55,+0010.74,+0002.07,-0003.60,-0014.16
+1580602826.96,+0017.58,+0017.58,+0011.72,-0001.99,+0002.60,-0007.66
+1580602826.96,+0001.95,+0015.62,+0010.74,+0003.52,+0004.82,-0007.66
+1580602826.97,-0006.84,+0021.48,+0010.74,-0001.30,-0004.98,-0003.37
+1580602826.97,+0005.86,+0020.51,+0010.74,+0002.07,+0002.14,-0009.65
+1580602826.98,+0000.00,+0014.65,+0008.79,-0000.46,+0002.30,-0008.96
+1580602826.98,-0003.91,+0018.55,+0007.81,+0002.14,-0002.53,-0006.43
+1580602826.99,-0000.98,+0017.58,+0006.84,-0004.59,+0002.99,-0011.64
+1580602826.99,-0008.79,+0014.65,+0005.86,-0001.07,-0002.22,-0012.10
+1580602827.00,-0000.98,+0016.60,+0006.84,+0001.45,-0002.37,-0008.88
+1580602827.00,+0000.00,+0017.58,+0005.86,-0002.30,+0006.28,-0012.79
+1580602827.01,-0009.77,+0013.67,+0004.88,-0002.76,-0003.06,-0005.13
+1580602827.01,-0001.95,+0016.60,+0002.93,-0006.35,+0001.30,-0009.19
+1580602827.02,-0004.88,+0014.65,+0002.93,+0000.08,+0002.83,-0016.54
+1580602827.02,-0005.86,+0015.62,+0002.93,-0001.38,-0005.21,-0011.79
+1580602827.03,+0008.79,+0015.62,+0000.98,-0001.84,+0005.67,-0016.08
+1580602827.03,-0005.86,+0014.65,-0001.95,-0002.45,-0007.27,-0002.99
+1580602827.04,+0000.00,+0015.62,-0002.93,+0005.44,+0004.13,-0016.00
+1580602827.04,-0001.95,+0014.65,-0001.95,-0006.05,-0003.29,-0013.86
+1580602827.05,+0009.77,+0015.62,-0000.98,-0001.76,+0003.45,-0013.55
+1580602827.05,-0001.95,+0014.65,-0001.95,-0004.29,-0002.07,-0011.79
+1580602827.06,+0000.00,+0016.60,-0001.95,+0004.67,-0001.91,-0004.67
+1580602827.06,+0002.93,+0014.65,-0003.91,-0003.68,-0003.14,-0009.80
+1580602827.07,+0004.88,+0011.72,-0003.91,+0000.00,+0000.92,-0007.20
+1580602827.07,+0004.88,+0014.65,-0005.86,-0006.12,-0000.46,-0010.03
+1580602827.08,+0000.98,+0010.74,-0007.81,-0003.68,+0000.84,-0009.03
+1580602827.08,-0000.98,+0011.72,-0008.79,-0005.44,+0000.46,-0010.87
+1580602827.09,+0003.91,+0010.74,-0009.77,+0003.45,-0000.23,-0010.34
+1580602827.09,+0002.93,+0009.77,-0010.74,-0004.52,+0000.84,-0009.80
+1580602827.10,+0001.95,+0008.79,-0010.74,-0001.91,-0001.45,-0006.28
+1580602827.10,+0002.93,+0008.79,-0010.74,-0001.23,+0002.22,-0014.09
+1580602827.11,-0000.98,+0008.79,-0011.72,-0001.76,-0004.36,-0007.35
+1580602827.11,+0001.95,+0007.81,-0011.72,-0002.60,+0005.51,-0013.09
+1580602827.12,+0000.00,+0006.84,-0012.70,-0001.99,-0000.92,-0011.18
+1580602827.12,+0004.88,+0005.86,-0015.62,-0002.22,-0001.00,-0009.49
+1580602827.13,+0002.93,+0002.93,-0017.58,-0004.21,-0003.60,-0009.26
+1580602827.13,+0002.93,+0002.93,-0019.53,+0000.46,-0000.15,-0007.50
+1580602827.14,-0000.98,+0001.95,-0019.53,-0001.38,+0001.30,-0013.48
+1580602827.14,-0000.98,+0001.95,-0020.51,-0001.84,-0005.21,-0005.74
+1580602827.15,+0006.84,+0000.98,-0021.48,-0001.45,+0000.77,-0010.18
+1580602827.15,+0005.86,-0001.95,-0023.44,-0002.30,+0005.51,-0001.53
+1580602827.16,-0009.77,+0000.00,-0024.41,-0002.07,+0005.59,-0017.76
+1580602827.16,-0013.67,-0000.98,-0022.46,-0003.68,-0005.59,-0009.57
+1580602827.17,+0006.84,+0000.98,-0021.48,+0004.36,+0000.92,-0019.45
+1580602827.17,+0006.84,-0008.79,-0023.44,+0001.68,+0002.53,-0006.12
+1580602827.18,-0008.79,-0002.93,-0026.37,-0005.51,+0002.07,-0010.72
+1580602827.18,-0009.77,-0003.91,-0026.37,-0000.92,-0002.83,-0012.63
+1580602827.19,+0004.88,-0004.88,-0026.37,-0004.59,+0000.69,-0007.58
+1580602827.19,+0002.93,-0009.77,-0028.32,+0001.91,+0001.68,-0005.90
+1580602827.20,-0009.77,-0004.88,-0028.32,-0001.30,+0000.38,-0011.48
+1580602827.20,-0003.91,-0006.84,-0026.37,-0000.54,-0005.21,-0011.56
+1580602827.21,+0007.81,-0007.81,-0026.37,-0001.91,+0003.68,-0011.41
+1580602827.21,-0004.88,-0009.77,-0026.37,-0000.54,-0003.06,-0009.03
+1580602827.22,+0000.00,-0006.84,-0025.39,-0001.23,-0001.00,-0005.05
+1580602827.22,-0005.86,-0007.81,-0025.39,-0002.22,-0002.68,-0007.73
+1580602827.23,-0000.98,-0009.77,-0025.39,+0002.68,-0001.53,-0007.43
+1580602827.23,+0001.95,-0008.79,-0026.37,-0003.52,+0004.52,-0010.87
+1580602827.24,-0010.74,-0011.72,-0025.39,-0000.08,+0000.38,-0012.63
+1580602827.24,-0002.93,-0008.79,-0025.39,-0000.92,+0002.45,-0017.46
+1580602827.25,-0003.91,-0010.74,-0025.39,-0000.23,-0001.91,-0015.39
+1580602827.25,+0002.93,-0011.72,-0023.44,-0003.83,-0002.83,-0003.68
+1580602827.26,-0004.88,-0011.72,-0022.46,-0000.77,-0003.68,-0010.49
+1580602827.26,-0003.91,-0010.74,-0021.48,+0001.23,-0004.29,-0002.07
+1580602827.27,+0005.86,-0009.77,-0021.48,-0001.68,+0002.30,-0014.93
+1580602827.27,-0006.84,-0014.65,-0021.48,-0002.83,-0000.15,-0015.24
+1580602827.28,+0004.88,-0009.77,-0021.48,-0002.99,-0000.08,-0015.93
+1580602827.28,+0005.86,-0013.67,-0020.51,-0001.45,-0003.14,-0010.26
+1580602827.29,+0003.91,-0011.72,-0019.53,+0003.75,+0001.30,-0007.50
+1580602827.29,-0000.98,-0010.74,-0018.55,-0002.14,+0000.31,-0016.38
+1580602827.30,+0011.72,-0010.74,-0017.58,-0000.77,-0001.00,-0001.30
+1580602827.30,+0008.79,-0012.70,-0018.55,-0003.29,+0010.41,-0014.85
+1580602827.31,-0008.79,-0010.74,-0017.58,-0000.23,-0007.04,-0004.52
+1580602827.31,+0010.74,-0006.84,-0015.62,-0004.82,+0001.53,-0010.34
+1580602827.32,+0005.86,-0013.67,-0014.65,+0001.38,+0004.13,-0011.25
+1580602827.32,-0005.86,-0008.79,-0013.67,+0003.22,-0000.46,-0007.04
+1580602827.33,+0000.00,-0006.84,-0012.70,-0000.38,-0000.61,-0014.24
+1580602827.33,+0008.79,-0010.74,-0012.70,+0001.07,+0004.90,-0008.80
+1580602827.34,-0004.88,-0010.74,-0012.70,-0000.69,+0001.68,-0011.41
+1580602827.34,-0003.91,-0007.81,-0011.72,+0001.15,-0005.82,-0006.97
+1580602827.35,+0003.91,-0007.81,-0010.74,-0003.75,+0002.22,-0008.73
+1580602827.35,-0002.93,-0010.74,-0009.77,+0005.97,-0001.68,-0004.90
+1580602827.36,-0002.93,-0004.88,-0008.79,-0003.52,-0005.05,-0002.76
+1580602827.36,+0001.95,-0008.79,-0009.77,-0001.07,+0001.07,-0005.28
+1580602827.37,-0011.72,-0009.77,-0010.74,+0002.37,-0003.60,-0007.04
+1580602827.37,-0004.88,-0005.86,-0009.77,+0005.13,+0003.29,-0018.30
+1580602827.38,-0004.88,-0006.84,-0008.79,-0005.28,+0000.31,-0016.15
+1580602827.38,+0000.00,-0007.81,-0007.81,+0000.46,+0001.68,-0010.87
+1580602827.39,-0003.91,-0006.84,-0006.84,-0002.68,+0002.83,-0013.55
+1580602827.39,-0009.77,-0003.91,-0004.88,+0007.89,-0003.60,-0008.58
+1580602827.40,+0001.95,-0004.88,-0003.91,-0001.07,-0002.99,-0008.35
+1580602827.40,+0000.00,-0005.86,-0004.88,+0000.61,-0001.15,-0006.74
+1580602827.41,-0002.93,-0003.91,-0004.88,+0002.68,-0000.92,-0008.35
+1580602827.41,+0000.98,-0002.93,-0003.91,-0002.30,-0003.37,-0013.55
+1580602827.42,+0008.79,-0003.91,-0002.93,+0003.14,+0001.84,-0008.35
+1580602827.42,+0001.95,-0002.93,-0003.91,-0000.69,+0002.37,-0014.70
+1580602827.43,-0000.98,-0000.98,-0002.93,+0001.23,-0007.12,-0010.03
+1580602827.43,+0016.60,-0000.98,-0001.95,+0000.00,-0001.07,-0010.64
+1580602827.44,+0002.93,-0003.91,-0002.93,-0000.08,-0000.54,-0009.19
+1580602827.44,-0000.98,+0000.00,-0002.93,+0003.06,-0000.38,-0011.94
+1580602827.45,+0005.86,+0001.95,-0001.95,-0003.75,-0000.69,-0015.93
+1580602827.45,+0008.79,-0002.93,-0001.95,-0000.46,-0001.53,+0000.15
+1580602827.46,+0010.74,-0000.98,-0002.93,+0000.46,+0007.20,-0014.16
+1580602827.46,-0008.79,+0001.95,-0002.93,-0003.22,-0003.14,-0012.17
+1580602827.47,+0006.84,+0002.93,-0002.93,+0002.68,-0003.37,-0009.42
+1580602827.47,+0007.81,+0000.98,-0003.91,-0001.84,-0003.75,-0007.35
+1580602827.48,+0004.88,+0000.00,-0003.91,+0000.46,+0002.60,-0004.36
+1580602827.48,-0001.95,+0004.88,-0003.91,-0005.59,+0000.38,-0012.86
+1580602827.49,+0000.00,+0001.95,-0003.91,-0001.99,-0000.69,-0009.42
+1580602827.49,+0007.81,+0002.93,-0004.88,-0005.21,-0004.29,-0002.30
+1580602827.50,+0003.91,+0000.98,-0005.86,+0007.96,+0008.42,-0014.16
+1580602827.50,-0010.74,+0003.91,-0004.88,-0007.81,-0005.44,-0006.05
+1580602827.51,+0010.74,+0005.86,-0003.91,-0004.52,+0004.13,-0011.41
+1580602827.51,-0002.93,+0000.00,-0005.86,-0005.21,+0003.45,-0005.28
+1580602827.52,-0008.79,+0004.88,-0004.88,+0006.89,-0000.61,-0007.12
+1580602827.52,-0004.88,+0006.84,-0005.86,-0006.35,-0002.22,-0013.02
+1580602827.53,-0000.98,+0001.95,-0005.86,-0001.30,-0000.92,-0007.96
+1580602827.53,-0002.93,+0003.91,-0006.84,-0001.61,+0000.31,-0009.03
+1580602827.54,-0008.79,+0004.88,-0006.84,-0001.07,+0001.07,-0010.80
+1580602827.54,-0005.86,+0002.93,-0007.81,+0000.61,+0003.68,-0016.69
+1580602827.55,-0005.86,+0001.95,-0007.81,-0003.75,-0005.82,-0004.59
+1580602827.55,+0000.00,+0001.95,-0008.79,+0000.54,+0001.23,-0007.66
+1580602827.56,-0013.67,+0001.95,-0010.74,-0004.29,+0005.90,-0016.92
+1580602827.56,-0002.93,+0001.95,-0008.79,+0004.13,-0007.20,-0009.34
+1580602827.57,+0014.65,+0002.93,-0008.79,-0005.21,+0002.91,-0005.97
+1580602827.57,-0010.74,-0002.93,-0011.72,-0002.14,+0003.60,-0009.03
+1580602827.58,-0009.77,+0002.93,-0011.72,+0000.54,-0004.44,-0017.69
+1580602827.58,+0004.88,+0000.98,-0009.77,-0004.21,+0000.38,-0012.17
+1580602827.59,+0002.93,-0003.91,-0009.77,+0001.84,+0002.14,-0007.27
+1580602827.59,-0008.79,+0000.98,-0010.74,-0000.31,+0000.54,-0013.09
+1580602827.60,-0001.95,+0001.95,-0011.72,-0001.68,-0002.07,-0011.18
+1580602827.60,+0005.86,-0004.88,-0014.65,-0002.30,-0000.46,-0010.03
+1580602827.61,-0002.93,-0004.88,-0014.65,-0000.38,+0001.45,-0009.11
+1580602827.61,-0004.88,-0000.98,-0012.70,+0001.15,-0001.84,-0013.40
+1580602827.62,+0003.91,-0003.91,-0012.70,-0001.38,-0001.84,-0008.73
+1580602827.62,+0002.93,-0005.86,-0013.67,+0000.77,+0003.14,-0013.48
+1580602827.63,-0002.93,-0003.91,-0013.67,-0004.44,-0004.82,-0007.12
+1580602827.63,+0005.86,-0004.88,-0013.67,-0000.15,+0000.84,-0011.41
+1580602827.64,-0000.98,-0007.81,-0013.67,-0000.61,-0001.00,-0011.33
+1580602827.64,+0002.93,-0004.88,-0012.70,+0001.30,-0001.99,-0009.26
+1580602827.65,+0002.93,-0006.84,-0012.70,+0001.15,-0005.59,-0009.03
+1580602827.65,+0005.86,-0007.81,-0012.70,+0000.54,+0001.99,-0010.57
+1580602827.66,+0001.95,-0006.84,-0013.67,-0001.76,+0001.45,-0012.33
+1580602827.66,-0001.95,-0006.84,-0012.70,+0001.45,-0004.82,-0010.34
+1580602827.67,+0011.72,-0006.84,-0012.70,-0000.46,+0000.61,-0005.36
+1580602827.67,+0001.95,-0009.77,-0011.72,+0001.61,+0002.30,-0009.49
+1580602827.68,-0003.91,-0006.84,-0009.77,-0000.69,-0003.37,-0003.14
+1580602827.68,+0000.98,-0005.86,-0008.79,+0001.07,+0000.84,-0014.32
+1580602827.69,+0004.88,-0009.77,-0009.77,+0001.30,-0001.99,-0001.68
+1580602827.69,+0000.98,-0008.79,-0011.72,+0001.68,+0006.20,-0016.84
+1580602827.70,-0011.72,-0009.77,-0010.74,-0001.30,-0002.76,-0008.58
+1580602827.70,+0000.98,-0005.86,-0007.81,-0003.68,-0002.07,-0007.50
+1580602827.70,+0002.93,-0010.74,-0005.86,+0002.53,+0000.84,-0008.35
+1580602827.71,-0006.84,-0007.81,-0004.88,-0001.38,+0002.60,-0008.88
+1580602827.71,-0005.86,-0007.81,-0004.88,-0001.07,-0002.60,-0007.20
+1580602827.72,+0002.93,-0008.79,-0005.86,-0003.75,+0000.77,-0007.58
+1580602827.72,-0001.95,-0012.70,-0005.86,+0001.76,+0001.91,-0010.49
+1580602827.73,-0007.81,-0007.81,-0005.86,+0001.99,-0001.68,-0012.02
+1580602827.73,+0000.98,-0009.77,-0004.88,+0003.22,-0001.91,-0009.72
+1580602827.74,+0002.93,-0011.72,-0004.88,-0001.45,+0003.37,-0010.72
+1580602827.74,-0006.84,-0009.77,-0003.91,+0002.60,-0003.37,-0010.26
+1580602827.75,+0004.88,-0007.81,-0002.93,-0000.92,-0003.98,-0008.65
+1580602827.75,+0000.98,-0011.72,-0003.91,+0000.31,-0002.30,-0009.34
+1580602827.76,-0002.93,-0009.77,-0001.95,+0003.90,-0002.14,-0012.33
+1580602827.76,+0005.86,-0006.84,-0000.98,-0003.60,-0004.67,-0005.59
+1580602827.77,+0001.95,-0011.72,-0001.95,+0001.38,+0005.13,-0017.69
+1580602827.77,-0010.74,-0007.81,-0000.98,-0000.46,-0006.58,-0009.72
+1580602827.78,+0005.86,-0004.88,+0000.00,+0004.13,-0002.37,-0015.16
+1580602827.78,+0010.74,-0010.74,-0000.98,-0005.44,-0000.84,-0008.58
+1580602827.79,-0000.98,-0009.77,-0000.98,-0003.06,-0000.69,-0010.64
+1580602827.79,-0001.95,-0005.86,+0000.00,+0000.77,-0001.00,-0009.34
+1580602827.80,+0005.86,-0005.86,+0000.98,+0002.91,-0001.15,-0012.10
+1580602827.80,+0005.86,-0008.79,+0000.98,+0003.75,+0000.84,-0010.87
+1580602827.81,+0000.98,-0003.91,+0002.93,-0005.21,-0003.90,-0010.72
+1580602827.81,+0004.88,-0004.88,+0002.93,+0002.22,+0002.53,-0013.86
+1580602827.82,+0003.91,-0005.86,+0002.93,-0002.22,-0002.14,-0007.58
+1580602827.82,+0003.91,-0005.86,+0002.93,+0000.54,+0000.00,-0007.96
+1580602827.83,+0003.91,-0003.91,+0001.95,-0001.84,+0001.99,-0013.17
+1580602827.83,+0000.98,-0004.88,+0000.98,-0000.15,-0001.99,-0007.50
+1580602827.84,+0002.93,-0003.91,+0000.98,-0000.15,+0000.61,-0005.90
+1580602827.84,-0003.91,-0003.91,+0000.98,-0001.38,+0000.77,-0004.13
+1580602827.85,-0005.86,-0002.93,+0002.93,+0003.29,+0000.77,-0010.34
+1580602827.85,-0002.93,-0002.93,+0003.91,-0001.84,+0001.23,-0012.56
+1580602827.86,-0003.91,-0002.93,+0003.91,-0000.38,-0001.00,-0009.34
+1580602827.86,-0000.98,-0003.91,+0001.95,+0000.92,+0002.30,-0012.25
+1580602827.87,-0010.74,-0002.93,+0001.95,-0002.22,+0000.38,-0014.78
+1580602827.87,-0002.93,-0001.95,+0002.93,+0003.14,-0002.68,-0005.36
+1580602827.88,-0004.88,-0002.93,+0002.93,-0001.99,+0000.31,-0006.05
+1580602827.88,-0007.81,-0002.93,+0004.88,+0001.30,-0004.36,-0004.52
+1580602827.89,-0004.88,-0000.98,+0003.91,-0003.29,+0005.74,-0013.86
+1580602827.89,-0007.81,-0003.91,+0001.95,+0002.53,-0001.45,-0008.04
+1580602827.90,-0003.91,-0001.95,+0001.95,-0001.99,+0003.45,-0011.79
+1580602827.90,-0011.72,-0003.91,+0001.95,-0001.30,-0001.53,-0012.48
+1580602827.91,+0000.00,-0000.98,+0002.93,+0001.61,-0006.58,-0004.44
+1580602827.91,-0004.88,-0002.93,+0000.98,+0000.23,-0000.54,-0009.72
+1580602827.92,-0008.79,-0001.95,+0002.93,+0002.68,-0000.84,-0012.02
+1580602827.92,-0001.95,+0001.95,+0003.91,-0001.23,-0000.92,-0016.77
+1580602827.93,+0002.93,-0000.98,+0004.88,+0002.76,+0004.06,-0015.93
+1580602827.93,-0005.86,+0001.95,+0003.91,-0005.36,-0006.05,-0008.73
+1580602827.94,+0003.91,+0001.95,+0005.86,+0003.52,-0003.75,-0003.90
+1580602827.94,+0002.93,+0000.00,+0003.91,-0004.29,+0006.89,-0011.41
+1580602827.95,-0006.84,+0000.00,+0004.88,+0001.07,-0008.12,-0001.45
+1580602827.95,+0010.74,+0003.91,+0003.91,-0001.53,+0006.74,-0015.77
+1580602827.96,-0007.81,-0002.93,+0002.93,-0002.83,+0000.31,-0010.87
+1580602827.96,+0000.98,+0002.93,+0003.91,-0003.75,-0002.14,-0015.39
+1580602827.97,+0005.86,+0000.98,+0002.93,-0000.77,-0000.69,-0007.58
+1580602827.97,+0000.98,+0000.00,+0002.93,+0005.21,+0001.91,-0009.80
+1580602827.98,-0004.88,+0002.93,+0002.93,-0001.91,+0002.14,-0014.85
+1580602827.98,+0003.91,+0005.86,+0003.91,-0001.15,-0003.29,-0010.64
+1580602827.99,+0013.67,+0001.95,+0002.93,+0001.23,+0002.53,-0006.05
+1580602827.99,-0004.88,+0001.95,+0001.95,-0000.23,+0004.44,-0012.40
+1580602828.00,-0001.95,+0005.86,+0003.91,+0005.44,+0002.83,-0010.57
+1580602828.00,+0007.81,+0006.84,+0004.88,-0002.76,-0000.15,-0012.02
+1580602828.01,+0003.91,+0000.98,+0004.88,+0000.23,-0001.91,-0003.37
+1580602828.01,+0000.00,+0005.86,+0003.91,+0001.23,+0003.22,-0015.70
+1580602828.02,-0004.88,+0003.91,+0003.91,+0001.91,-0006.89,-0008.12
+1580602828.02,+0013.67,+0004.88,+0003.91,-0004.75,+0002.91,-0005.97
+1580602828.03,+0000.00,+0000.00,+0000.00,-0003.98,+0006.74,-0010.87
+1580602828.03,-0010.74,+0004.88,+0000.00,+0002.99,-0000.31,-0008.88
+1580602828.04,+0006.84,+0005.86,+0001.95,+0000.84,-0004.36,-0010.57
+1580602828.04,+0009.77,+0000.00,+0001.95,-0001.23,+0000.08,-0003.52
+1580602828.05,-0002.93,+0002.93,+0000.98,+0000.77,+0003.22,-0003.37
+1580602828.05,-0006.84,+0004.88,+0000.00,+0000.08,+0001.99,-0010.11
+1580602828.06,-0000.98,+0002.93,+0000.98,-0002.22,+0004.82,-0016.08
+1580602828.06,-0002.93,+0001.95,+0000.98,-0000.61,-0003.68,-0012.94
+1580602828.07,+0003.91,+0004.88,+0000.00,+0000.61,-0002.91,-0008.58
+1580602828.07,-0003.91,+0000.00,-0002.93,+0001.99,-0000.31,-0013.40
+1580602828.08,-0006.84,+0001.95,-0002.93,-0002.30,-0004.67,-0005.44
+1580602828.08,+0000.98,+0003.91,-0001.95,+0000.69,+0003.14,-0019.29
+1580602828.09,+0002.93,+0000.00,-0001.95,+0004.98,+0000.54,-0006.05
+1580602828.09,+0000.00,+0001.95,-0003.91,-0005.44,+0004.67,-0012.40
+1580602828.10,-0013.67,+0000.98,-0003.91,+0001.07,-0001.30,-0015.31
+1580602828.10,+0005.86,+0003.91,-0001.95,+0001.84,-0006.74,-0009.34
+1580602828.11,+0007.81,+0000.00,-0001.95,-0002.53,-0000.08,-0007.81
+1580602828.11,-0000.98,+0000.00,-0003.91,+0001.99,-0000.69,-0008.27
+1580602828.12,-0001.95,+0003.91,-0002.93,-0001.53,-0001.68,-0013.48
+1580602828.12,+0004.88,+0000.00,-0002.93,+0001.76,+0003.45,-0013.32
+1580602828.13,+0000.00,+0000.00,-0003.91,-0002.22,-0002.07,-0013.17
+1580602828.13,+0000.00,+0001.95,-0003.91,-0000.84,-0003.45,-0010.87
+1580602828.14,+0007.81,+0000.98,-0004.88,-0002.53,-0002.07,-0010.11
+1580602828.14,+0003.91,-0002.93,-0005.86,+0004.29,-0001.23,-0010.57
+1580602828.15,+0001.95,+0000.98,-0005.86,-0003.60,-0007.89,-0003.52
+1580602828.15,+0009.77,+0000.00,-0005.86,+0003.83,+0003.22,-0007.12
+1580602828.16,-0002.93,-0001.95,-0006.84,+0001.68,-0000.92,-0009.57
+1580602828.16,+0001.95,+0000.98,-0004.88,+0000.23,-0001.38,-0014.09
+1580602828.17,+0004.88,-0000.98,-0004.88,-0004.98,-0002.14,-0010.49
+1580602828.17,+0005.86,-0002.93,-0003.91,+0002.83,-0000.23,-0008.35
+1580602828.18,+0000.98,-0002.93,-0006.84,+0001.07,+0001.23,-0010.26
+1580602828.18,-0003.91,-0002.93,-0007.81,-0000.69,+0000.38,-0007.66
+1580602828.19,-0003.91,-0003.91,-0006.84,-0001.30,+0000.69,-0012.48
+1580602828.19,+0000.98,-0004.88,-0004.88,+0002.83,-0006.20,-0005.97
+1580602828.20,+0000.00,-0005.86,-0006.84,-0001.00,-0000.61,-0007.89
+1580602828.20,-0002.93,-0007.81,-0005.86,-0001.23,-0005.82,-0001.45
+1580602828.21,-0004.88,-0007.81,-0006.84,+0000.77,+0004.67,-0003.37
+1580602828.21,-0026.37,-0008.79,-0007.81,+0001.61,-0009.19,-0013.63
+1580602828.22,-0004.88,-0006.84,-0005.86,+0002.45,+0000.61,-0017.30
+1580602828.22,+0001.95,-0010.74,-0004.88,-0003.75,+0005.13,-0016.00
+1580602828.23,-0011.72,-0012.70,-0005.86,-0000.54,-0004.21,-0005.90
+1580602828.23,-0015.62,-0008.79,-0007.81,-0003.90,-0001.61,-0014.47
+1580602828.24,-0006.84,-0012.70,-0005.86,+0001.84,-0006.12,-0006.12
+1580602828.24,+0002.93,-0012.70,-0006.84,+0000.00,+0002.83,-0007.43
+1580602828.25,-0013.67,-0014.65,-0007.81,+0002.14,-0009.65,-0001.15
+1580602828.25,-0001.95,-0011.72,-0006.84,+0000.61,+0002.53,-0010.03
+1580602828.26,-0005.86,-0015.62,-0007.81,-0003.37,+0000.38,-0016.31
+1580602828.26,-0003.91,-0014.65,-0005.86,+0002.30,-0004.52,-0009.26
+1580602828.27,+0002.93,-0013.67,-0005.86,-0001.30,-0003.98,-0009.49
+1580602828.27,+0000.98,-0017.58,-0005.86,+0002.91,-0000.77,-0008.80
+1580602828.28,-0006.84,-0014.65,-0005.86,-0001.30,+0001.68,-0015.08
+1580602828.28,+0002.93,-0014.65,-0004.88,+0004.13,+0005.05,-0009.11
+1580602828.29,+0000.98,-0015.62,-0004.88,-0004.67,+0001.68,-0010.11
+1580602828.29,-0009.77,-0017.58,-0001.95,+0003.90,-0003.29,-0010.64
+1580602828.30,+0000.98,-0012.70,-0000.98,-0002.99,-0003.45,-0011.79
+1580602828.30,+0003.91,-0018.55,-0000.98,+0003.83,+0001.99,-0013.93
+1580602828.31,-0007.81,-0016.60,-0002.93,-0004.06,-0002.83,-0013.25
+1580602828.31,-0001.95,-0014.65,-0002.93,+0005.74,-0001.91,-0013.63
+1580602828.32,+0005.86,-0016.60,-0002.93,+0002.07,-0000.23,-0010.80
+1580602828.32,+0000.98,-0018.55,-0001.95,+0004.21,+0000.77,-0006.97
+1580602828.33,-0004.88,-0014.65,+0000.98,-0003.29,+0001.00,-0014.47
+1580602828.33,+0001.95,-0014.65,+0002.93,+0003.75,-0005.44,-0009.11
+1580602828.34,+0007.81,-0015.62,+0002.93,-0001.61,+0002.22,-0013.09
+1580602828.34,-0002.93,-0016.60,+0002.93,-0003.14,-0006.51,-0001.00
+1580602828.35,+0007.81,-0014.65,+0002.93,+0003.06,-0002.37,-0002.53
+1580602828.35,-0002.93,-0017.58,+0002.93,+0001.91,-0005.21,-0003.75
+1580602828.36,-0002.93,-0013.67,+0003.91,+0002.91,+0001.30,-0015.85
+1580602828.36,+0000.00,-0012.70,+0004.88,+0000.23,-0003.98,-0014.01
+1580602828.37,+0005.86,-0014.65,+0006.84,+0003.22,-0001.84,-0004.29
+1580602828.37,-0002.93,-0013.67,+0007.81,-0001.00,+0000.38,-0011.25
+1580602828.38,-0008.79,-0011.72,+0008.79,+0002.68,-0003.75,-0002.45
+1580602828.38,+0000.00,-0008.79,+0008.79,+0000.69,+0004.67,-0016.84
+1580602828.39,-0002.93,-0013.67,+0008.79,-0001.99,-0003.90,-0007.58
+1580602828.39,+0000.98,-0011.72,+0009.77,-0001.30,+0006.81,-0015.39
+1580602828.40,-0015.62,-0011.72,+0010.74,-0000.69,-0003.83,-0012.86
+1580602828.40,+0003.91,-0007.81,+0012.70,+0001.45,-0010.34,-0007.12
+1580602828.41,+0010.74,-0010.74,+0011.72,-0001.23,+0004.82,-0006.89
+1580602828.41,-0014.65,-0012.70,+0010.74,+0004.59,+0004.52,-0008.73
+1580602828.42,-0016.60,-0003.91,+0011.72,-0001.23,-0005.13,-0017.23
+1580602828.42,+0006.84,-0004.88,+0013.67,+0002.99,-0003.52,-0014.09
+1580602828.43,+0001.95,-0008.79,+0012.70,-0001.15,+0002.22,-0012.33
+1580602828.43,-0011.72,-0003.91,+0012.70,+0003.14,-0002.07,-0015.24
+1580602828.44,-0001.95,+0000.98,+0013.67,-0002.99,-0005.05,-0018.22
+1580602828.44,+0013.67,-0002.93,+0013.67,+0001.84,+0002.45,-0002.60
+1580602828.45,-0003.91,-0002.93,+0012.70,+0000.92,+0006.58,-0015.70
+1580602828.45,-0014.65,+0001.95,+0014.65,+0001.91,-0014.55,-0006.20
+1580602828.46,+0016.60,+0005.86,+0016.60,+0004.36,-0000.69,-0014.01
+1580602828.46,+0002.93,-0001.95,+0014.65,+0000.54,-0001.45,-0009.88
+1580602828.47,-0003.91,+0003.91,+0013.67,-0001.84,-0010.80,-0001.00
+1580602828.47,+0007.81,+0006.84,+0012.70,+0000.38,+0008.19,-0018.45
+1580602828.48,+0001.95,+0000.98,+0013.67,+0005.90,-0001.84,-0015.08
+1580602828.48,+0011.72,+0008.79,+0014.65,-0001.15,-0002.07,-0011.71
+1580602828.49,+0007.81,+0006.84,+0015.62,-0000.38,-0000.54,-0007.66
+1580602828.49,+0000.98,+0009.77,+0015.62,+0003.68,+0004.13,-0010.11
+1580602828.50,-0001.95,+0009.77,+0016.60,+0002.68,+0001.07,-0018.76
+1580602828.50,+0004.88,+0012.70,+0017.58,-0003.68,-0004.06,-0005.74
+1580602828.51,+0004.88,+0009.77,+0015.62,+0001.84,+0003.22,-0013.63
+1580602828.51,+0000.00,+0008.79,+0015.62,+0001.76,+0001.61,-0008.42
+1580602828.52,+0004.88,+0013.67,+0015.62,-0000.69,-0002.60,-0011.71
+1580602828.52,+0007.81,+0009.77,+0015.62,+0000.00,-0008.12,+0006.74
+1580602828.53,-0000.98,+0012.70,+0012.70,+0003.37,+0010.03,-0014.39
+1580602828.53,-0008.79,+0010.74,+0012.70,+0007.27,-0005.28,-0008.80
+1580602828.54,+0008.79,+0016.60,+0012.70,-0007.35,+0002.68,-0009.88
+1580602828.54,-0001.95,+0007.81,+0010.74,+0000.61,+0004.44,-0010.49
+1580602828.55,-0007.81,+0014.65,+0009.77,+0000.77,-0002.53,-0008.04
+1580602828.55,-0002.93,+0014.65,+0008.79,-0003.37,+0000.31,-0011.64
+1580602828.56,+0000.00,+0011.72,+0007.81,-0000.92,-0003.22,-0008.12
+1580602828.56,+0001.95,+0011.72,+0007.81,-0001.91,+0001.38,-0004.90
+1580602828.57,-0007.81,+0011.72,+0006.84,-0000.23,-0003.75,-0006.35
+1580602828.57,-0000.98,+0013.67,+0006.84,+0003.06,-0005.51,-0008.80
+1580602828.58,+0005.86,+0010.74,+0004.88,-0004.67,+0001.45,-0006.66
+1580602828.58,-0006.84,+0009.77,+0003.91,+0001.91,+0002.30,-0009.80
+1580602828.59,-0000.98,+0012.70,+0003.91,+0002.83,+0001.99,-0012.86
+1580602828.59,-0001.95,+0010.74,+0001.95,-0006.74,+0001.30,-0012.25
+1580602828.60,-0002.93,+0007.81,+0000.98,+0002.07,-0002.30,-0013.32
+1580602828.60,+0002.93,+0009.77,+0001.95,-0002.14,+0001.45,-0011.71
+1580602828.61,-0003.91,+0006.84,+0002.93,+0001.15,+0000.54,-0012.33
+1580602828.61,-0001.95,+0008.79,+0002.93,-0002.22,-0003.90,-0005.21
+1580602828.62,-0000.98,+0008.79,+0000.98,-0000.23,+0005.36,-0015.16
+1580602828.62,-0003.91,+0004.88,+0000.00,+0002.22,-0003.37,-0009.34
+1580602828.63,+0001.95,+0006.84,+0000.00,-0002.83,+0003.60,-0010.87
+1580602828.63,-0006.84,+0003.91,-0000.98,-0000.31,+0001.30,-0014.47
+1580602828.64,+0000.00,+0005.86,+0000.00,-0000.08,-0000.61,-0010.34
+1580602828.64,+0007.81,+0003.91,+0000.00,-0000.38,+0001.76,-0012.10
+1580602828.65,-0004.88,+0001.95,+0000.00,+0000.23,-0000.77,-0011.94
+1580602828.65,+0001.95,+0003.91,+0000.98,-0001.07,-0006.20,-0007.35
+1580602828.66,+0005.86,+0000.98,+0000.98,-0003.60,+0000.00,-0012.63
+1580602828.66,+0000.98,-0000.98,-0000.98,-0000.38,-0005.05,-0003.83
+1580602828.67,+0005.86,+0000.00,-0001.95,-0000.54,+0002.22,-0014.85
+1580602828.67,-0001.95,-0003.91,-0000.98,+0003.06,-0002.91,-0005.97
+1580602828.68,+0002.93,+0000.00,+0000.00,-0000.84,+0001.45,-0018.45
+1580602828.68,+0013.67,-0003.91,+0000.98,-0004.21,-0014.09,+0011.79
+1580602828.69,+0011.72,-0005.86,-0001.95,+0005.44,+0016.23,-0013.09
+1580602828.69,-0032.23,-0011.72,-0003.91,+0020.29,-0011.94,-0000.84
+1580602828.70,+0008.79,+0005.86,+0000.00,+0000.15,-0001.53,-0026.03
+1580602828.70,+0012.70,-0012.70,+0000.00,-0006.58,+0001.45,-0003.22
+1580602828.71,-0009.77,-0012.70,+0001.95,-0004.21,-0006.28,-0000.08
+1580602828.71,-0004.88,-0004.88,+0002.93,+0007.20,+0006.89,-0017.92
+1580602828.72,-0011.72,-0010.74,+0001.95,-0009.42,-0003.14,-0010.03
+1580602828.72,+0001.95,-0013.67,+0000.98,+0008.35,-0002.76,-0004.82
+1580602828.73,-0004.88,-0012.70,+0000.00,-0003.22,-0002.14,-0006.97
+1580602828.73,-0011.72,-0016.60,+0000.00,+0005.59,+0001.91,-0012.25
+1580602828.74,-0004.88,-0013.67,+0000.00,-0004.75,-0005.51,-0011.10
+1580602828.74,+0000.98,-0014.65,+0000.98,+0001.99,+0001.53,-0012.48
+1580602828.75,-0006.84,-0016.60,+0000.98,-0000.15,+0000.23,-0007.20
+1580602828.75,-0010.74,-0014.65,+0002.93,+0003.29,+0003.37,-0016.23
+1580602828.76,-0004.88,-0012.70,+0003.91,-0002.37,-0006.12,-0011.10
+1580602828.76,+0007.81,-0013.67,+0003.91,-0003.68,+0002.91,-0012.17
+1580602828.77,-0010.74,-0018.55,+0003.91,+0000.54,+0000.84,-0008.42
+1580602828.77,-0010.74,-0010.74,+0004.88,+0001.99,-0005.13,-0014.47
+1580602828.78,+0005.86,-0012.70,+0005.86,+0000.46,-0003.98,-0010.34
+1580602828.78,+0000.98,-0014.65,+0004.88,-0002.14,-0001.30,-0008.96
+1580602828.79,-0004.88,-0013.67,+0005.86,+0003.90,-0003.75,-0007.81
+1580602828.79,+0000.00,-0008.79,+0007.81,+0001.45,-0001.15,-0015.16
+1580602828.80,+0000.00,-0012.70,+0008.79,+0005.82,-0002.60,-0010.64
+1580602828.80,+0004.88,-0007.81,+0010.74,-0001.45,-0000.61,-0011.94
+1580602828.81,+0002.93,-0008.79,+0011.72,+0001.53,+0000.92,-0011.48
+1580602828.81,-0000.98,-0004.88,+0012.70,+0002.99,-0000.15,-0014.62
+1580602828.82,+0009.77,-0003.91,+0014.65,+0001.07,-0001.99,-0007.27
+1580602828.82,+0011.72,-0002.93,+0015.62,-0001.68,+0006.12,-0013.40
+1580602828.83,+0000.00,-0003.91,+0015.62,-0001.00,-0004.82,-0004.21
+1580602828.83,+0006.84,+0002.93,+0016.60,-0003.75,+0001.30,-0012.33
+1580602828.84,+0004.88,+0000.98,+0016.60,+0002.37,-0003.60,-0008.80
+1580602828.84,+0011.72,+0002.93,+0017.58,+0000.31,+0000.77,-0005.90
+1580602828.85,+0000.98,+0003.91,+0018.55,+0001.38,+0003.52,-0012.17
+1580602828.85,+0001.95,+0007.81,+0021.48,+0002.14,-0000.15,-0012.10
+1580602828.86,+0003.91,+0007.81,+0020.51,-0000.84,+0000.61,-0008.65
+1580602828.86,+0000.98,+0008.79,+0021.48,+0003.45,+0002.14,-0013.25
+1580602828.87,+0007.81,+0009.77,+0022.46,+0005.82,+0009.65,-0010.34
+1580602828.87,-0007.81,+0011.72,+0021.48,-0005.74,+0003.52,-0015.16
+1580602828.88,-0011.72,+0012.70,+0021.48,+0005.90,-0004.44,-0011.87
+1580602828.88,+0009.77,+0018.55,+0023.44,-0001.68,-0002.53,-0013.70
+1580602828.89,+0001.95,+0009.77,+0020.51,+0001.61,+0005.44,-0004.59
+1580602828.89,-0016.60,+0017.58,+0020.51,-0004.13,+0000.23,-0012.86
+1580602828.90,-0006.84,+0019.53,+0020.51,+0000.92,-0003.75,-0010.87
+1580602828.90,+0003.91,+0018.55,+0018.55,-0005.74,+0001.45,-0005.28
+1580602828.91,-0004.88,+0015.62,+0016.60,+0003.75,+0001.68,-0008.12
+1580602828.91,-0010.74,+0023.44,+0016.60,-0005.51,-0002.60,-0010.64
+1580602828.92,-0002.93,+0021.48,+0016.60,-0000.23,+0000.31,-0013.86
+1580602828.92,-0000.98,+0020.51,+0015.62,-0000.61,+0002.45,-0014.93
+1580602828.93,-0005.86,+0022.46,+0014.65,-0001.15,-0006.35,-0010.26
+1580602828.93,+0000.00,+0024.41,+0011.72,-0001.23,+0003.52,-0016.54
+1580602828.94,-0004.88,+0021.48,+0011.72,-0001.38,-0002.37,-0016.00
+1580602828.94,+0008.79,+0025.39,+0011.72,-0000.69,+0004.13,-0018.91
+1580602828.95,-0002.93,+0024.41,+0009.77,-0007.35,-0005.67,-0005.13
+1580602828.95,+0006.84,+0026.37,+0007.81,+0004.13,-0000.38,-0010.80
+1580602828.96,+0006.84,+0022.46,+0005.86,+0000.77,+0002.53,-0008.73
+1580602828.96,+0000.98,+0023.44,+0004.88,-0002.07,+0000.61,-0011.33
+1580602828.97,-0000.98,+0023.44,+0004.88,-0000.84,-0004.44,-0009.19
+1580602828.97,+0008.79,+0025.39,+0004.88,+0001.00,-0000.46,-0013.48
+1580602828.98,+0004.88,+0019.53,+0001.95,+0000.92,+0001.76,-0011.71
+1580602828.98,-0000.98,+0024.41,+0001.95,-0004.98,-0002.91,-0010.49
+1580602828.99,+0003.91,+0022.46,+0000.98,-0001.07,+0001.38,-0014.70
+1580602828.99,+0007.81,+0020.51,-0000.98,-0003.06,+0002.14,-0008.12
+1580602829.00,+0002.93,+0019.53,-0002.93,-0003.14,+0001.53,-0010.49
+1580602829.00,-0003.91,+0018.55,-0003.91,-0003.45,-0001.00,-0011.41
+1580602829.01,+0004.88,+0018.55,-0005.86,-0002.30,-0003.68,-0008.35
+1580602829.01,+0001.95,+0014.65,-0007.81,-0004.21,-0001.99,-0004.52
+1580602829.02,-0000.98,+0014.65,-0007.81,-0002.53,-0000.77,-0004.52
+1580602829.02,-0003.91,+0013.67,-0009.77,-0002.30,+0001.45,-0009.80
+1580602829.03,-0004.88,+0010.74,-0010.74,+0001.45,-0001.38,-0008.50
+1580602829.03,-0000.98,+0011.72,-0012.70,-0002.83,+0001.61,-0014.47
+1580602829.04,-0004.88,+0008.79,-0013.67,-0003.83,-0005.13,-0008.27
+1580602829.04,-0000.98,+0008.79,-0014.65,-0000.15,-0001.68,-0006.81
+1580602829.05,-0008.79,+0005.86,-0015.62,+0000.15,+0003.06,-0014.70
+1580602829.05,-0013.67,+0006.84,-0015.62,-0000.46,-0010.18,-0007.96
+1580602829.06,+0010.74,+0006.84,-0016.60,+0002.76,-0003.22,-0007.81
+1580602829.06,-0001.95,+0000.98,-0020.51,-0005.59,-0003.75,-0006.05
+1580602829.07,-0015.62,+0001.95,-0022.46,+0005.05,+0001.07,-0013.48
+1580602829.07,-0004.88,+0007.81,-0021.48,-0004.06,-0005.51,-0014.47
+1580602829.08,+0006.84,+0000.00,-0020.51,-0001.45,-0001.23,-0010.41
+1580602829.08,+0000.98,+0000.00,-0020.51,-0005.67,-0001.45,-0015.08
+1580602829.09,-0003.91,+0002.93,-0019.53,-0000.77,-0004.67,-0006.43
+1580602829.09,+0007.81,+0003.91,-0022.46,-0005.51,-0000.08,-0011.03
+1580602829.10,+0001.95,-0002.93,-0025.39,-0005.59,+0001.91,-0007.50
+1580602829.10,-0001.95,+0000.98,-0025.39,-0003.52,-0002.76,-0013.70
+1580602829.11,+0004.88,-0000.98,-0023.44,-0000.23,+0000.84,-0011.10
+1580602829.11,+0000.98,-0001.95,-0022.46,+0000.77,+0000.08,-0014.09
+1580602829.12,+0000.00,-0001.95,-0022.46,+0003.37,+0002.07,-0012.56
+1580602829.12,+0000.00,+0000.00,-0023.44,-0005.44,+0001.07,-0015.08
+1580602829.13,+0000.00,-0004.88,-0022.46,+0000.61,-0004.52,-0011.25
+1580602829.13,+0008.79,-0003.91,-0022.46,-0001.30,+0000.23,-0010.49
+1580602829.14,+0001.95,-0006.84,-0022.46,+0001.07,+0002.53,-0011.33
+1580602829.14,-0001.95,-0004.88,-0022.46,-0003.75,-0003.98,-0005.44
+1580602829.15,+0005.86,-0005.86,-0021.48,+0000.84,+0002.30,-0014.01
+1580602829.15,+0005.86,-0007.81,-0021.48,-0001.99,-0001.45,+0000.54
+1580602829.16,+0006.84,-0007.81,-0021.48,+0001.00,+0007.20,-0015.16
+1580602829.16,-0007.81,-0010.74,-0022.46,-0006.35,-0004.06,-0005.67
+1580602829.17,+0005.86,-0005.86,-0020.51,+0006.43,-0001.91,-0010.87
+1580602829.17,+0002.93,-0012.70,-0021.48,+0001.30,+0000.38,-0007.81
+1580602829.18,-0001.95,-0010.74,-0020.51,+0002.91,-0003.83,-0002.76
+1580602829.18,+0000.00,-0009.77,-0020.51,-0001.53,+0002.07,-0010.72
+1580602829.19,-0004.88,-0013.67,-0021.48,+0001.45,-0004.67,-0009.19
+1580602829.19,+0002.93,-0012.70,-0019.53,-0000.23,+0001.53,-0012.79
+1580602829.20,-0001.95,-0012.70,-0018.55,-0003.90,-0000.08,-0005.82
+1580602829.20,-0008.79,-0012.70,-0018.55,+0002.07,+0002.07,-0011.48
+1580602829.21,-0002.93,-0012.70,-0017.58,-0001.45,-0003.37,-0010.41
+1580602829.21,+0001.95,-0013.67,-0017.58,-0001.45,+0002.45,-0009.03
+1580602829.22,-0007.81,-0014.65,-0018.55,-0002.07,+0004.13,-0011.10
+1580602829.22,-0008.79,-0013.67,-0017.58,+0003.06,-0001.84,-0008.58
+1580602829.23,-0000.98,-0012.70,-0017.58,-0003.68,+0001.99,-0011.71
+1580602829.23,-0007.81,-0015.62,-0017.58,-0000.31,-0000.08,-0009.57
+1580602829.24,-0007.81,-0011.72,-0016.60,+0003.06,-0001.15,-0015.31
+1580602829.24,+0002.93,-0013.67,-0015.62,+0000.92,+0002.30,-0011.56
+1580602829.25,-0001.95,-0013.67,-0015.62,-0005.74,+0001.84,-0013.78
+1580602829.25,-0006.84,-0014.65,-0014.65,-0000.38,-0007.20,-0007.20
+1580602829.26,+0004.88,-0010.74,-0014.65,-0003.75,+0001.00,-0010.87
+1580602829.26,-0003.91,-0015.62,-0014.65,+0004.59,-0000.15,-0008.80
+1580602829.27,-0002.93,-0010.74,-0013.67,-0002.76,+0000.54,-0007.66
+1580602829.27,-0004.88,-0010.74,-0012.70,+0000.54,+0003.90,-0022.43
+1580602829.28,+0007.81,-0010.74,-0011.72,+0002.53,+0005.05,-0019.22
+1580602829.28,+0001.95,-0009.77,-0011.72,-0004.44,-0003.29,-0010.41
+1580602829.29,+0000.00,-0009.77,-0009.77,+0008.96,-0003.22,-0007.81
+1580602829.29,+0000.98,-0004.88,-0007.81,+0001.38,-0001.15,-0013.17
+1580602829.30,+0005.86,-0007.81,-0006.84,+0007.12,+0001.23,-0010.26
+1580602829.30,+0002.93,-0005.86,-0005.86,-0006.35,-0005.59,-0004.21
+1580602829.31,+0005.86,-0004.88,-0004.88,+0005.28,+0003.45,-0008.96
+1580602829.31,-0001.95,-0003.91,-0005.86,+0002.91,-0001.00,-0009.34
+1580602829.32,+0004.88,-0001.95,-0002.93,+0003.45,-0003.60,-0008.04
+1580602829.32,+0004.88,-0002.93,-0001.95,-0004.44,+0002.91,-0013.02
+1580602829.33,+0000.00,-0001.95,+0000.00,+0002.45,-0003.75,-0002.07
+1580602829.33,-0004.88,+0000.00,+0000.00,+0000.23,-0002.37,-0009.34
+1580602829.34,-0000.98,-0000.98,+0001.95,+0001.00,-0003.37,-0004.98
+1580602829.34,+0003.91,+0000.98,+0000.98,-0002.07,+0003.14,-0008.12
+1580602829.35,-0010.74,+0000.00,+0002.93,+0004.13,-0005.05,-0004.67
+1580602829.35,+0000.00,+0005.86,+0003.91,+0000.31,+0003.14,-0015.70
+1580602829.36,-0001.95,+0003.91,+0002.93,-0001.76,-0002.99,-0009.34
+1580602829.36,+0003.91,+0003.91,+0001.95,+0003.45,-0003.29,+0001.45
+1580602829.37,-0015.62,+0005.86,+0002.93,-0002.53,-0000.08,-0007.96
+1580602829.37,-0013.67,+0007.81,+0005.86,+0005.36,-0002.45,-0016.54
+1580602829.38,+0006.84,+0009.77,+0005.86,-0003.90,-0005.13,-0006.97
+1580602829.38,-0005.86,+0004.88,+0003.91,-0005.59,+0000.92,-0011.10
+1580602829.39,-0017.58,+0008.79,+0004.88,+0002.91,-0004.59,-0013.63
+1580602829.39,-0000.98,+0012.70,+0005.86,-0001.45,-0001.30,-0015.16
+1580602829.40,+0001.95,+0005.86,+0004.88,-0004.52,+0000.31,-0010.80
+1580602829.40,-0002.93,+0009.77,+0004.88,-0001.15,-0003.75,-0005.21
+1580602829.41,-0003.91,+0010.74,+0004.88,+0002.68,-0000.15,-0013.78
+1580602829.41,-0002.93,+0009.77,+0003.91,-0000.54,-0005.21,-0010.41
+1580602829.42,+0009.77,+0009.77,+0001.95,+0001.07,+0002.60,-0012.48
+1580602829.42,-0002.93,+0009.77,+0000.98,-0003.06,-0002.99,-0009.26
+1580602829.43,-0002.93,+0012.70,+0001.95,+0005.51,+0001.23,-0016.84
+1580602829.43,+0007.81,+0012.70,+0003.91,-0006.58,-0006.97,-0015.39
+1580602829.44,+0015.62,+0011.72,+0002.93,-0004.82,+0000.38,-0005.90
+1580602829.44,+0001.95,+0010.74,+0001.95,+0002.60,+0002.91,-0012.79
+1580602829.45,-0003.91,+0014.65,+0001.95,-0002.37,-0007.89,-0012.25
+1580602829.45,+0016.60,+0013.67,+0001.95,+0000.54,-0000.77,-0012.63
+1580602829.46,+0007.81,+0008.79,+0000.00,-0003.37,+0001.07,-0011.03
+1580602829.46,-0001.95,+0011.72,+0000.00,+0000.69,-0000.46,-0009.26
+1580602829.47,+0004.88,+0014.65,+0000.00,-0003.29,-0002.14,-0013.48
+1580602829.47,+0011.72,+0007.81,-0000.98,+0001.84,+0003.90,-0008.19
+1580602829.48,+0000.98,+0011.72,-0001.95,-0004.75,-0004.82,-0004.59
+1580602829.48,+0003.91,+0011.72,-0001.95,+0000.46,-0000.92,-0003.75
+1580602829.49,+0001.95,+0008.79,-0002.93,-0003.14,+0001.84,-0010.34
+1580602829.49,-0000.98,+0007.81,-0003.91,+0002.30,-0003.06,-0008.58
+1580602829.50,+0005.86,+0010.74,-0003.91,-0005.82,+0002.60,-0014.16
+1580602829.50,-0002.93,+0005.86,-0004.88,+0000.92,-0001.30,-0012.17
+1580602829.51,+0002.93,+0007.81,-0006.84,-0002.37,-0000.61,-0005.90
+1580602829.51,+0000.98,+0006.84,-0008.79,-0004.82,+0005.82,-0010.80
+1580602829.52,-0007.81,+0003.91,-0009.77,+0000.54,-0002.83,-0006.74
+1580602829.52,-0000.98,+0005.86,-0007.81,+0002.45,-0000.69,-0011.10
+1580602829.53,-0002.93,+0004.88,-0007.81,-0002.30,-0007.35,-0008.35
+1580602829.53,+0007.81,+0002.93,-0009.77,-0000.46,-0003.52,+0007.04
+1580602829.54,-0011.72,+0002.93,-0012.70,-0002.76,+0013.48,-0027.41
+1580602829.54,-0014.65,+0000.00,-0010.74,+0010.49,+0000.31,-0022.13
+1580602829.55,+0013.67,+0008.79,-0009.77,-0014.09,-0002.37,-0008.12
+1580602829.55,+0004.88,-0008.79,-0012.70,+0002.60,+0001.84,-0003.45
+1580602829.56,-0012.70,+0001.95,-0013.67,+0002.76,+0003.14,-0007.81
+1580602829.56,-0002.93,+0001.95,-0012.70,+0004.90,+0002.68,-0012.56
+1580602829.57,+0008.79,-0000.98,-0013.67,-0003.75,+0000.31,-0008.50
+1580602829.57,-0002.93,-0009.77,-0013.67,-0003.22,+0000.08,-0004.90
+1580602829.58,-0004.88,+0003.91,-0013.67,-0007.96,-0003.37,-0013.25
+1580602829.58,-0001.95,-0004.88,-0014.65,+0001.30,-0000.38,-0012.48
+1580602829.59,+0002.93,-0005.86,-0015.62,-0002.37,-0003.68,-0009.95
+1580602829.59,+0000.00,-0006.84,-0014.65,-0001.76,+0003.45,-0014.24
+1580602829.60,-0008.79,-0003.91,-0015.62,-0004.06,-0007.73,-0008.35
+1580602829.60,+0004.88,-0008.79,-0013.67,+0003.06,+0004.98,-0009.11
+1580602829.61,-0005.86,-0008.79,-0015.62,-0004.90,+0000.38,-0015.01
+1580602829.61,-0002.93,-0008.79,-0013.67,+0002.22,-0001.30,-0013.55
+1580602829.62,+0003.91,-0007.81,-0013.67,-0004.90,+0001.84,-0009.95
+1580602829.62,-0005.86,-0012.70,-0013.67,+0004.44,+0000.23,-0012.63
+1580602829.63,-0002.93,-0007.81,-0012.70,-0002.45,-0003.68,-0004.29
+1580602829.63,-0000.98,-0010.74,-0012.70,-0002.30,-0003.06,-0005.90
+1580602829.64,-0000.98,-0012.70,-0012.70,+0000.23,+0001.76,-0006.12
+1580602829.64,-0008.79,-0010.74,-0010.74,-0001.76,+0002.99,-0008.58
+1580602829.65,-0010.74,-0011.72,-0010.74,-0002.07,-0002.07,-0003.98
+1580602829.65,-0003.91,-0011.72,-0010.74,-0002.99,+0000.00,-0013.09
+1580602829.66,+0000.00,-0015.62,-0010.74,-0001.23,-0002.91,-0011.56
+1580602829.66,-0007.81,-0012.70,-0011.72,-0001.84,+0001.07,-0017.15
+1580602829.67,-0012.70,-0013.67,-0010.74,+0002.91,-0002.37,-0013.70
+1580602829.67,-0002.93,-0012.70,-0008.79,-0001.91,+0000.54,-0014.24
+1580602829.68,+0000.98,-0013.67,-0006.84,+0000.77,-0002.22,-0004.75
+1580602829.68,-0005.86,-0012.70,-0005.86,+0000.00,+0001.76,-0007.50
+1580602829.69,-0006.84,-0013.67,-0003.91,+0000.23,+0000.77,-0008.19
+1580602829.69,-0003.91,-0012.70,-0004.88,+0001.76,-0001.30,-0014.32
+1580602829.70,-0003.91,-0014.65,-0004.88,-0003.22,-0002.07,-0008.35
+1580602829.70,-0005.86,-0012.70,-0005.86,-0005.97,-0007.96,-0011.33
+1580602829.71,+0002.93,-0014.65,-0004.88,+0005.13,+0001.15,-0009.42
+1580602829.71,+0000.00,-0012.70,-0004.88,-0001.84,+0004.52,-0012.33
+1580602829.72,-0006.84,-0013.67,-0003.91,+0003.14,-0002.91,-0006.12
+1580602829.72,+0002.93,-0008.79,-0001.95,-0004.90,-0000.84,-0007.96
+1580602829.73,+0004.88,-0012.70,-0000.98,+0004.82,+0002.37,-0015.93
+1580602829.73,+0001.95,-0010.74,-0000.98,-0002.83,-0008.12,-0001.68
+1580602829.74,+0004.88,-0008.79,+0000.00,-0002.68,+0001.07,-0012.86
+1580602829.74,-0001.95,-0009.77,+0001.95,+0002.91,-0004.67,-0012.79
+1580602829.75,+0011.72,-0005.86,+0001.95,+0001.91,-0004.98,-0004.82
+1580602829.75,+0005.86,-0008.79,+0000.98,+0000.00,+0009.34,-0016.38
+1580602829.76,+0000.00,-0007.81,+0003.91,+0003.75,-0004.13,-0008.42
+1580602829.76,+0014.65,-0003.91,+0003.91,-0003.90,+0000.00,-0013.09
+1580602829.77,+0007.81,-0007.81,+0002.93,+0001.15,+0001.38,-0008.27
+1580602829.77,+0005.86,-0003.91,+0002.93,-0000.84,-0009.34,-0005.21
+1580602829.78,+0013.67,-0002.93,+0004.88,+0004.29,+0003.52,-0013.70
+1580602829.78,+0010.74,-0004.88,+0006.84,-0003.75,-0005.97,+0009.19
+1580602829.79,+0004.88,-0001.95,+0005.86,+0005.05,+0008.58,-0008.27
+1580602829.79,-0009.77,-0001.95,+0005.86,+0001.00,-0009.49,-0011.79
+1580602829.80,+0013.67,+0000.98,+0007.81,+0006.89,+0000.38,-0008.50
+1580602829.80,+0011.72,-0003.91,+0006.84,-0004.36,+0006.05,-0011.33
+1580602829.81,-0015.62,-0004.88,+0007.81,+0002.91,-0001.76,-0011.71
+1580602829.81,-0007.81,+0005.86,+0008.79,-0001.38,+0006.81,-0022.82
+1580602829.82,-0001.95,+0000.00,+0008.79,-0000.15,-0004.21,-0016.23
+1580602829.82,+0022.46,-0000.98,+0007.81,+0001.99,-0010.72,+0005.59
+1580602829.83,+0003.91,-0000.98,+0004.88,-0007.12,+0013.48,-0008.58
+1580602829.83,-0038.09,+0000.98,+0004.88,+0006.97,-0004.36,-0006.58
+1580602829.84,-0008.79,+0009.77,+0006.84,+0003.52,-0000.69,-0027.49
+1580602829.84,+0012.70,+0002.93,+0006.84,-0001.91,-0006.51,-0013.48
+1580602829.85,-0000.98,-0001.95,+0004.88,+0003.22,+0005.21,-0012.10
+1580602829.85,-0024.41,+0008.79,+0005.86,-0002.30,-0007.96,-0012.10
+1580602829.86,+0003.91,+0010.74,+0007.81,+0002.76,-0006.97,-0009.11
+1580602829.86,+0002.93,+0004.88,+0004.88,-0004.21,+0001.61,-0008.96
+1580602829.87,-0014.65,+0006.84,+0005.86,+0009.19,-0001.84,-0005.05
+1580602829.87,-0006.84,+0016.60,+0007.81,-0002.37,-0001.23,-0015.31
+1580602829.88,-0002.93,+0006.84,+0006.84,-0000.38,-0001.23,-0011.87
+1580602829.88,+0001.95,+0010.74,+0005.86,-0004.90,-0002.60,-0013.32
+1580602829.89,-0002.93,+0012.70,+0003.91,-0000.38,-0004.59,-0011.33
+1580602829.89,+0001.95,+0011.72,+0002.93,-0000.84,-0001.68,-0010.57
+1580602829.90,+0003.91,+0010.74,+0003.91,-0000.46,+0000.46,-0011.48
+1580602829.90,-0001.95,+0014.65,+0004.88,-0002.83,-0003.37,-0009.88
+1580602829.91,+0001.95,+0013.67,+0003.91,-0000.15,+0001.07,-0011.18
+1580602829.91,+0003.91,+0013.67,+0002.93,+0000.31,-0001.99,-0014.01
+1580602829.92,+0008.79,+0013.67,+0002.93,+0003.06,+0004.13,-0016.54
+1580602829.92,-0004.88,+0013.67,+0002.93,-0005.51,-0002.53,-0011.64
+1580602829.93,+0005.86,+0015.62,+0004.88,+0005.82,-0003.68,-0005.51
+1580602829.93,+0004.88,+0014.65,+0003.91,-0002.68,+0000.54,-0007.27
+1580602829.94,-0005.86,+0012.70,+0002.93,+0002.22,-0002.68,-0001.30
+1580602829.94,+0001.95,+0017.58,+0000.98,-0003.37,+0003.22,-0016.46
+1580602829.95,-0000.98,+0009.77,-0000.98,-0003.83,-0002.68,-0004.52
+1580602829.95,+0000.00,+0013.67,-0001.95,-0005.44,+0000.46,-0006.89
+1580602829.96,-0007.81,+0011.72,-0002.93,+0003.06,+0005.13,-0016.15
+1580602829.96,-0008.79,+0012.70,-0003.91,-0000.77,-0003.68,-0011.41
+1580602829.97,+0003.91,+0011.72,-0003.91,-0003.68,+0004.29,-0006.97
+1580602829.97,-0003.91,+0008.79,-0002.93,-0001.15,+0005.67,-0014.70
+1580602829.98,-0016.60,+0011.72,-0001.95,+0000.46,-0004.36,-0005.90
+1580602829.98,+0000.98,+0014.65,-0000.98,+0000.77,-0002.30,-0015.77
+1580602829.99,+0000.98,+0005.86,-0002.93,+0000.46,-0001.45,-0007.27
+1580602829.99,-0003.91,+0008.79,-0005.86,-0004.36,-0001.45,-0006.74
+1580602830.00,-0005.86,+0009.77,-0007.81,+0000.15,+0001.84,-0014.78
+1580602830.00,+0002.93,+0007.81,-0008.79,-0002.83,-0006.05,-0010.87
+1580602830.01,+0008.79,+0006.84,-0009.77,-0002.30,+0006.28,-0014.85
+1580602830.01,-0006.84,+0006.84,-0010.74,-0002.45,-0004.44,-0007.27
+1580602830.02,+0008.79,+0009.77,-0009.77,+0002.76,-0000.38,-0009.19
+1580602830.02,+0003.91,+0004.88,-0010.74,-0004.59,+0001.45,-0008.19
+1580602830.03,+0001.95,+0003.91,-0010.74,+0002.45,-0000.92,-0008.58
+1580602830.03,+0004.88,+0007.81,-0011.72,-0007.43,+0000.77,-0012.17
+1580602830.04,+0004.88,+0002.93,-0012.70,-0000.46,-0001.68,-0013.55
+1580602830.04,+0008.79,+0002.93,-0013.67,-0001.76,-0004.90,-0006.81
+1580602830.05,+0012.70,+0001.95,-0014.65,+0001.30,+0003.52,-0007.73
+1580602830.05,-0003.91,+0001.95,-0015.62,-0001.76,+0001.84,-0015.01
+1580602830.06,+0006.84,+0001.95,-0013.67,+0001.53,-0000.92,-0010.57
+1580602830.06,+0015.62,+0000.98,-0014.65,-0007.04,+0002.91,-0015.47
+1580602830.07,+0000.00,-0003.91,-0015.62,+0000.54,-0001.91,-0003.90
+1580602830.07,+0003.91,+0000.98,-0015.62,+0001.38,-0001.76,-0011.87
+1580602830.08,+0004.88,-0003.91,-0014.65,-0001.91,-0000.84,-0007.04
+1580602830.08,+0007.81,-0005.86,-0015.62,-0000.54,-0001.61,+0003.90
+1580602830.09,-0005.86,-0006.84,-0017.58,+0000.15,+0011.03,-0012.56
+1580602830.09,-0013.67,-0007.81,-0017.58,+0001.61,-0003.90,-0013.63
+1580602830.10,+0006.84,-0006.84,-0016.60,-0003.37,+0002.37,-0017.53
+1580602830.10,+0000.00,-0015.62,-0017.58,-0003.52,+0000.15,-0007.35
+1580602830.11,-0001.95,-0010.74,-0017.58,+0005.05,-0001.38,-0005.59
+1580602830.11,-0007.81,-0011.72,-0017.58,-0000.08,+0003.22,-0011.71
+1580602830.12,-0007.81,-0015.62,-0017.58,+0000.31,-0003.14,-0007.50
+1580602830.12,+0003.91,-0015.62,-0016.60,-0002.45,+0001.45,-0010.03
+1580602830.13,-0003.91,-0017.58,-0018.55,+0001.53,+0003.83,-0009.72
+1580602830.13,-0013.67,-0018.55,-0019.53,-0001.76,-0002.53,-0009.72
+1580602830.14,-0007.81,-0018.55,-0018.55,-0002.83,+0001.23,-0017.84
+1580602830.14,-0000.98,-0019.53,-0017.58,+0001.07,-0001.76,-0015.85
+1580602830.15,+0000.00,-0022.46,-0018.55,+0001.61,+0003.14,-0011.79
+1580602830.15,-0009.77,-0020.51,-0017.58,-0002.53,-0001.68,-0010.64
+1580602830.16,-0004.88,-0019.53,-0017.58,+0000.61,-0002.30,-0010.49
+1580602830.16,+0000.00,-0021.48,-0017.58,-0002.37,-0005.21,-0001.84
+1580602830.17,+0003.91,-0024.41,-0017.58,+0003.83,+0005.97,-0013.17
+1580602830.17,-0009.77,-0022.46,-0017.58,-0006.66,-0002.91,-0008.88
+1580602830.18,-0002.93,-0020.51,-0015.62,+0006.12,-0001.38,-0013.93
+1580602830.18,+0007.81,-0022.46,-0013.67,-0000.61,-0002.45,-0009.80
+1580602830.19,+0002.93,-0023.44,-0012.70,+0003.14,+0001.68,-0011.25
+1580602830.19,-0003.91,-0020.51,-0010.74,-0001.76,-0003.14,-0006.51
+1580602830.20,-0001.95,-0020.51,-0009.77,+0005.36,+0002.99,-0017.15
+1580602830.20,+0006.84,-0022.46,-0008.79,+0002.07,+0002.83,-0011.41
+1580602830.21,+0000.00,-0021.48,-0008.79,+0001.07,+0000.77,-0012.10
+1580602830.21,-0001.95,-0022.46,-0006.84,+0004.21,-0003.29,-0008.42
+1580602830.22,+0002.93,-0019.53,-0005.86,-0003.45,+0000.38,-0012.79
+1580602830.22,-0001.95,-0021.48,-0004.88,+0002.45,-0000.77,-0005.13
+1580602830.23,+0000.98,-0018.55,-0002.93,+0001.76,-0001.15,-0007.43
+1580602830.23,+0003.91,-0020.51,-0000.98,-0002.91,-0003.06,-0005.51
+1580602830.24,-0003.91,-0018.55,-0000.98,+0000.00,+0002.99,-0010.57
+1580602830.24,-0004.88,-0019.53,+0000.00,+0002.07,-0008.42,-0004.82
+1580602830.25,+0002.93,-0016.60,+0001.95,+0004.13,+0003.06,-0016.69
+1580602830.25,-0004.88,-0019.53,+0003.91,+0009.03,-0002.53,-0006.20
+1580602830.26,-0001.95,-0014.65,+0004.88,-0004.82,+0000.15,-0009.57
+1580602830.26,-0007.81,-0017.58,+0005.86,+0001.07,+0005.13,-0019.60
+1580602830.27,-0001.95,-0013.67,+0006.84,+0002.60,-0006.97,-0005.21
+1580602830.27,+0001.95,-0013.67,+0007.81,-0002.53,+0004.59,-0012.48
+1580602830.28,-0012.70,-0015.62,+0008.79,+0003.06,-0004.82,-0006.97
+1580602830.28,+0000.00,-0007.81,+0008.79,+0002.91,+0000.46,-0011.71
+1580602830.29,-0001.95,-0011.72,+0007.81,+0000.23,-0005.82,-0005.28
+1580602830.29,+0003.91,-0010.74,+0007.81,+0003.06,+0004.29,-0007.12
+1580602830.30,-0007.81,-0006.84,+0008.79,+0000.38,+0003.90,-0017.53
+1580602830.30,-0007.81,-0004.88,+0012.70,+0000.08,-0005.59,-0010.64
+1580602830.31,+0012.70,-0000.98,+0014.65,+0000.23,+0005.90,-0017.23
+1580602830.31,-0005.86,-0004.88,+0014.65,+0000.23,+0001.07,-0005.21
+1580602830.32,-0004.88,+0003.91,+0015.62,+0003.60,-0003.45,-0016.23
+1580602830.32,+0008.79,+0002.93,+0016.60,+0002.99,+0000.84,-0013.25
+1580602830.33,+0007.81,+0002.93,+0016.60,-0000.92,-0001.99,-0007.50
+1580602830.33,+0003.91,+0005.86,+0017.58,+0000.54,-0003.45,-0008.04
+1580602830.34,+0002.93,+0008.79,+0017.58,-0000.38,+0000.54,-0012.02
+1580602830.34,+0007.81,+0007.81,+0018.55,+0005.59,-0002.68,-0011.10
+1580602830.35,+0012.70,+0012.70,+0019.53,-0000.92,-0001.99,-0009.80
+1580602830.35,+0006.84,+0013.67,+0020.51,+0003.60,+0001.00,-0010.41
+1580602830.36,+0008.79,+0016.60,+0021.48,-0000.38,-0001.76,-0011.64
+1580602830.36,+0012.70,+0017.58,+0021.48,+0003.52,-0002.53,-0005.67
+1580602830.37,+0010.74,+0017.58,+0022.46,+0000.61,+0005.13,-0008.27
+1580602830.37,-0000.98,+0019.53,+0023.44,-0002.45,-0004.36,-0005.36
+1580602830.38,+0003.91,+0023.44,+0025.39,+0001.84,+0002.30,-0009.88
+1580602830.38,+0004.88,+0023.44,+0025.39,-0001.07,-0003.06,-0006.28
+1580602830.39,+0005.86,+0023.44,+0023.44,+0003.22,+0001.84,-0008.04
+1580602830.39,+0000.00,+0022.46,+0020.51,-0002.53,-0001.91,-0003.90
+1580602830.40,-0009.77,+0023.44,+0020.51,+0000.54,+0000.08,-0011.33
+1580602830.40,-0003.91,+0025.39,+0022.46,+0002.83,-0001.45,-0014.62
+1580602830.41,+0006.84,+0025.39,+0023.44,-0000.69,-0005.21,-0001.15
+1580602830.41,-0008.79,+0022.46,+0022.46,-0002.30,-0000.54,-0005.82
+1580602830.42,-0015.62,+0025.39,+0021.48,+0000.92,-0001.68,-0011.33
+1580602830.42,-0006.84,+0028.32,+0019.53,-0001.38,-0001.15,-0016.77
+1580602830.43,-0000.98,+0021.48,+0016.60,-0001.07,+0001.84,-0002.68
+1580602830.43,-0016.60,+0023.44,+0014.65,-0007.58,-0003.98,-0008.80
+1580602830.44,-0009.77,+0025.39,+0016.60,+0008.04,-0000.77,-0012.17
+1580602830.44,-0001.95,+0024.41,+0015.62,-0005.74,+0001.38,-0013.70
+1580602830.45,-0006.84,+0020.51,+0014.65,+0001.53,-0002.60,-0010.41
+1580602830.45,-0003.91,+0025.39,+0013.67,-0001.84,-0002.30,-0004.90
+1580602830.46,-0005.86,+0021.48,+0012.70,-0000.15,+0003.75,-0018.60
+1580602830.46,+0000.00,+0020.51,+0011.72,-0004.44,-0008.35,-0005.59
+1580602830.47,+0000.98,+0023.44,+0010.74,-0007.50,-0000.77,-0010.18
+1580602830.47,-0004.88,+0016.60,+0009.77,+0003.68,-0002.53,-0012.17
+1580602830.48,+0000.98,+0020.51,+0009.77,-0004.36,-0001.84,-0012.33
+1580602830.48,+0001.95,+0016.60,+0006.84,-0001.00,+0000.00,-0012.71
+1580602830.49,-0001.95,+0015.62,+0004.88,-0002.30,-0002.22,-0010.26
+1580602830.49,+0001.95,+0013.67,+0002.93,+0001.23,+0001.15,-0016.15
+1580602830.50,+0001.95,+0012.70,+0001.95,-0002.14,-0003.14,-0010.72
+1580602830.50,+0002.93,+0010.74,+0001.95,+0001.15,+0004.36,-0011.79
+1580602830.51,-0000.98,+0010.74,+0001.95,-0004.36,-0006.89,-0007.81
+1580602830.51,+0009.77,+0008.79,+0002.93,-0000.61,-0001.91,-0000.69
+1580602830.52,-0002.93,+0006.84,+0000.00,-0007.20,-0006.35,+0003.22
+1580602830.52,-0006.84,+0005.86,-0001.95,+0006.51,+0005.59,-0013.09
+1580602830.53,-0006.84,+0005.86,-0004.88,-0008.27,+0000.92,-0011.71
+1580602830.53,-0001.95,-0000.98,-0003.91,+0001.38,-0002.76,-0007.89
+1580602830.54,-0002.93,+0000.00,-0004.88,-0002.60,+0004.36,-0014.93
+1580602830.54,-0015.62,-0003.91,-0004.88,+0002.45,+0001.84,-0011.33
+1580602830.55,-0007.81,-0000.98,-0005.86,+0000.00,-0002.53,-0015.16
+1580602830.55,+0000.00,-0004.88,-0005.86,-0000.69,-0000.69,-0007.12
+1580602830.56,+0000.00,-0007.81,-0007.81,-0001.91,-0000.77,-0006.97
+1580602830.56,-0007.81,-0009.77,-0007.81,-0000.15,-0002.91,-0001.23
+1580602830.57,-0007.81,-0007.81,-0008.79,+0001.45,+0002.53,-0007.20
+1580602830.57,-0006.84,-0009.77,-0008.79,+0000.31,-0001.61,-0013.86
+1580602830.58,+0000.98,-0009.77,-0008.79,-0001.00,-0004.29,-0006.81
+1580602830.58,+0002.93,-0011.72,-0009.77,-0004.06,+0003.75,-0009.57
+1580602830.59,-0010.74,-0013.67,-0009.77,-0001.99,-0001.07,-0015.62
+1580602830.59,+0000.98,-0010.74,-0008.79,+0002.30,+0000.69,-0015.77
+1580602830.60,+0002.93,-0013.67,-0008.79,-0004.36,+0000.08,-0009.42
+1580602830.60,+0000.00,-0014.65,-0007.81,+0004.44,-0000.69,-0011.87
+1580602830.61,+0004.88,-0011.72,-0006.84,-0001.30,+0002.91,-0015.47
+1580602830.61,+0000.98,-0013.67,-0006.84,+0001.38,-0001.91,-0014.39
+1580602830.62,+0008.79,-0011.72,-0006.84,+0000.08,-0005.44,-0006.43
+1580602830.62,+0007.81,-0011.72,-0006.84,-0001.07,+0003.29,-0012.02
+1580602830.63,+0000.00,-0012.70,-0005.86,+0004.36,-0005.59,-0004.13
+1580602830.63,+0010.74,-0008.79,-0004.88,+0001.23,+0000.84,-0011.03
+1580602830.64,+0001.95,-0011.72,-0005.86,-0002.53,+0005.90,-0016.15
+1580602830.64,+0000.98,-0007.81,-0005.86,-0001.15,-0011.64,-0003.90
+1580602830.65,+0020.51,-0007.81,-0005.86,+0005.90,+0009.19,-0015.62
+1580602830.65,-0003.91,-0011.72,-0005.86,-0003.98,+0001.00,-0006.89
+1580602830.66,-0003.91,-0002.93,-0002.93,+0010.11,+0002.30,-0013.40
+1580602830.66,+0006.84,-0001.95,+0000.00,+0003.98,+0006.89,-0015.08
+1580602830.67,+0004.88,-0005.86,+0000.00,-0003.14,-0007.12,+0000.08
+1580602830.67,+0003.91,-0004.88,+0000.00,+0001.53,+0003.52,-0004.36
+1580602830.68,-0010.74,-0000.98,+0000.00,-0004.44,-0011.10,-0001.45
+1580602830.68,+0007.81,-0001.95,-0000.98,+0007.12,+0005.74,-0016.77
+1580602830.69,+0002.93,-0001.95,-0001.95,-0009.34,-0003.06,-0009.57
+1580602830.69,+0003.91,-0002.93,-0001.95,+0009.03,-0003.45,-0002.30
+1580602830.70,-0000.98,+0002.93,-0001.95,-0000.77,+0001.38,-0010.26
+1580602830.70,-0004.88,+0000.00,+0000.98,+0004.75,-0000.38,-0016.84
+1580602830.71,+0007.81,+0003.91,+0001.95,-0003.83,-0008.65,-0004.82
+1580602830.71,+0001.95,+0002.93,+0001.95,-0006.12,+0002.83,-0015.16
+1580602830.72,-0013.67,+0002.93,+0000.98,+0002.76,-0008.58,-0003.29
+1580602830.72,+0005.86,+0008.79,+0000.98,+0000.31,+0002.14,-0013.48
+1580602830.73,-0005.86,+0000.98,-0000.98,-0004.82,+0004.82,-0018.38
+1580602830.73,+0000.98,+0004.88,+0000.00,-0000.31,-0004.52,-0007.43
+1580602830.74,+0007.81,+0007.81,+0000.00,-0006.05,+0005.67,-0012.79
+1580602830.74,-0012.70,+0001.95,-0000.98,-0001.23,+0001.23,-0012.10
+1580602830.75,+0000.98,+0008.79,-0000.98,+0002.53,-0008.04,-0011.18
+1580602830.75,+0012.70,+0005.86,-0001.95,-0005.51,+0001.00,-0004.52
+1580602830.76,-0005.86,+0001.95,-0004.88,-0000.15,+0002.68,-0013.63
+1580602830.76,-0000.98,+0007.81,-0006.84,-0001.68,-0008.12,-0003.52
+1580602830.77,+0007.81,+0006.84,-0008.79,-0002.91,+0002.14,-0016.23
+1580602830.77,+0000.00,-0000.98,-0009.77,+0000.77,-0005.59,-0002.37
+1580602830.78,+0004.88,+0008.79,-0010.74,-0002.07,+0005.13,-0017.38
+1580602830.78,-0006.84,+0003.91,-0010.74,-0008.19,+0000.61,-0016.46
+1580602830.79,+0013.67,+0005.86,-0010.74,-0006.12,+0000.23,-0008.65
+1580602830.79,+0004.88,+0001.95,-0012.70,-0000.77,+0002.91,-0013.55
+1580602830.80,+0000.00,+0003.91,-0012.70,+0001.76,-0003.60,+0001.76
+1580602830.80,+0002.93,+0004.88,-0013.67,-0005.51,+0001.84,-0003.06
+1580602830.81,+0000.98,+0000.98,-0013.67,+0002.83,-0000.15,-0004.52
+1580602830.81,-0001.95,+0002.93,-0014.65,-0006.51,-0000.69,-0006.35
+1580602830.82,+0000.00,+0001.95,-0015.62,+0000.69,-0000.31,-0006.66
+1580602830.82,-0005.86,-0000.98,-0016.60,+0000.77,+0004.98,-0018.30
+1580602830.83,-0007.81,-0000.98,-0016.60,-0003.45,-0008.65,-0003.06
+1580602830.83,+0002.93,+0000.00,-0017.58,+0000.69,+0007.43,-0016.54
+1580602830.84,-0015.62,-0005.86,-0017.58,+0008.19,-0003.06,-0002.76
+1580602830.84,-0004.88,+0000.00,-0016.60,-0000.61,-0000.08,-0020.52
+1580602830.85,-0002.93,-0004.88,-0017.58,-0004.75,-0003.52,-0001.23
+1580602830.85,-0010.74,-0005.86,-0018.55,+0003.60,+0006.66,-0013.70
+1580602830.86,-0013.67,-0005.86,-0018.55,+0004.44,+0003.52,-0013.17
+1580602830.86,-0009.77,-0002.93,-0018.55,-0003.98,+0001.61,-0011.64
+1580602830.87,-0012.70,-0009.77,-0019.53,+0001.91,+0000.31,-0017.76
+1580602830.87,-0002.93,-0004.88,-0017.58,+0001.99,+0003.29,-0012.71
+1580602830.88,-0007.81,-0005.86,-0019.53,-0001.15,+0003.83,-0015.85
+1580602830.88,-0012.70,-0007.81,-0017.58,-0000.69,-0011.03,-0009.80
+1580602830.89,+0014.65,-0003.91,-0015.62,+0003.22,-0005.13,-0004.44
+1580602830.89,-0007.81,-0008.79,-0016.60,-0004.90,-0003.68,-0003.22
+1580602830.90,-0003.91,-0003.91,-0016.60,+0004.67,-0004.98,-0006.81
+1580602830.90,+0007.81,-0002.93,-0017.58,-0002.91,+0003.14,-0014.47
+1580602830.91,-0000.98,-0008.79,-0016.60,+0001.68,+0001.07,-0010.64
+1580602830.91,+0001.95,-0003.91,-0014.65,-0000.61,-0000.54,-0013.78
+1580602830.92,+0003.91,-0003.91,-0014.65,-0000.92,-0004.36,-0012.63
+1580602830.92,+0008.79,-0004.88,-0014.65,+0001.23,+0002.30,-0013.40
+1580602830.93,+0005.86,-0004.88,-0013.67,+0001.15,+0000.08,-0008.88
+1580602830.93,+0001.95,-0002.93,-0012.70,-0003.06,-0000.23,-0010.64
+1580602830.94,+0004.88,-0005.86,-0009.77,+0002.68,+0001.15,-0007.58
+1580602830.94,+0000.98,-0002.93,-0009.77,+0001.68,-0000.08,-0011.56
+1580602830.95,+0001.95,-0003.91,-0008.79,+0002.30,-0003.14,-0008.80
+1580602830.95,+0006.84,-0001.95,-0007.81,-0006.35,-0000.15,-0005.74
+1580602830.96,-0002.93,-0004.88,-0007.81,+0006.12,+0005.74,-0010.34
+1580602830.96,-0000.98,-0002.93,-0006.84,+0005.51,-0006.43,-0003.98
+1580602830.97,+0008.79,-0001.95,-0004.88,+0000.38,+0008.12,-0015.16
+1580602830.97,-0004.88,-0006.84,-0005.86,-0006.74,-0004.06,-0001.61
+1580602830.98,-0006.84,-0001.95,-0005.86,+0005.44,+0003.98,-0014.62
+1580602830.98,+0000.00,-0004.88,-0004.88,+0004.98,+0007.89,-0015.77
+1580602830.99,-0006.84,-0003.91,-0004.88,-0006.74,-0003.98,-0009.72
+1580602830.99,+0000.00,-0005.86,-0003.91,+0008.73,-0001.23,-0009.11
+1580602831.00,-0003.91,-0002.93,-0003.91,-0004.06,-0001.99,-0008.80
+1580602831.00,-0002.93,-0006.84,-0002.93,+0006.97,-0001.53,-0006.66
+1580602831.01,+0001.95,-0001.95,-0003.91,-0003.98,-0000.69,-0015.24
+1580602831.01,+0002.93,-0006.84,-0002.93,-0001.07,-0005.21,+0002.68
+1580602831.02,-0006.84,-0001.95,-0002.93,-0010.26,-0007.81,-0012.25
+1580602831.02,+0000.98,-0004.88,-0000.98,+0008.65,-0002.22,-0003.60
+1580602831.03,+0008.79,+0000.00,-0002.93,-0002.99,+0003.98,-0013.93
+1580602831.03,-0009.77,-0009.77,-0003.91,+0007.20,+0000.08,-0009.80
+1580602831.04,-0001.95,+0000.98,-0003.91,-0006.74,-0004.75,-0021.67
+1580602831.04,+0006.84,-0004.88,-0001.95,+0004.13,+0001.61,-0010.26
+1580602831.05,+0010.74,-0005.86,-0000.98,+0000.77,-0006.20,-0005.44
+1580602831.05,-0002.93,-0006.84,-0000.98,+0006.20,+0006.81,-0015.77
+1580602831.06,-0015.62,-0002.93,-0001.95,-0004.13,-0009.49,-0008.80
+1580602831.06,+0012.70,-0000.98,+0000.98,+0007.50,-0002.53,-0019.68
+1580602831.07,+0011.72,-0010.74,+0000.98,+0004.06,+0004.29,-0009.88
+1580602831.07,-0007.81,-0006.84,+0000.00,-0000.31,-0005.21,-0013.70
+1580602831.08,-0000.98,-0000.98,-0001.95,+0004.29,-0002.83,-0009.49
+1580602831.08,+0008.79,-0006.84,-0001.95,-0000.08,-0001.91,-0013.70
+1580602831.09,+0001.95,-0011.72,-0002.93,+0004.29,+0005.28,-0008.50
+1580602831.09,-0010.74,-0003.91,-0001.95,-0002.22,-0002.60,-0012.02
+1580602831.10,+0000.98,-0006.84,-0000.98,+0004.67,-0007.04,-0001.68
+1580602831.10,+0007.81,-0008.79,-0000.98,-0003.83,+0002.30,-0010.87
+1580602831.11,-0008.79,-0012.70,-0000.98,+0004.59,-0004.44,-0002.30
+1580602831.11,-0003.91,-0004.88,-0000.98,-0002.37,+0003.52,-0019.91
+1580602831.12,-0004.88,-0010.74,-0001.95,-0003.60,-0005.36,-0009.65
+1580602831.12,+0002.93,-0010.74,-0001.95,-0003.90,-0000.61,-0007.96
+1580602831.13,-0008.79,-0012.70,-0001.95,+0002.30,+0000.69,-0005.13
+1580602831.13,-0008.79,-0008.79,-0000.98,+0002.53,-0000.38,-0011.71
+1580602831.14,-0005.86,-0013.67,-0000.98,-0002.14,-0001.68,-0012.56
+1580602831.14,-0001.95,-0011.72,+0000.98,-0002.14,+0002.99,-0013.55
+1580602831.15,-0010.74,-0012.70,+0000.98,-0001.07,-0003.68,-0005.67
+1580602831.15,-0005.86,-0010.74,+0000.98,+0005.67,+0001.15,-0013.93
+1580602831.16,-0008.79,-0012.70,+0000.98,+0002.14,-0005.44,-0011.71
+1580602831.16,+0000.98,-0010.74,+0002.93,+0002.22,-0002.30,-0011.48
+1580602831.17,-0000.98,-0011.72,+0001.95,-0001.99,+0001.23,-0010.11
+1580602831.17,-0006.84,-0012.70,+0002.93,+0002.76,+0000.00,-0008.58
+1580602831.18,-0002.93,-0009.77,+0002.93,+0000.08,-0002.91,-0011.03
+1580602831.18,+0004.88,-0011.72,+0003.91,+0002.37,-0000.31,-0010.11
+1580602831.19,+0000.00,-0012.70,+0002.93,-0002.68,-0001.76,-0010.26
+1580602831.19,+0002.93,-0009.77,+0002.93,-0001.30,+0000.38,-0012.48
+1580602831.20,+0000.98,-0009.77,+0002.93,-0001.68,+0002.45,-0016.08
+1580602831.20,+0002.93,-0009.77,+0005.86,+0003.75,-0007.81,-0007.27
+1580602831.21,+0012.70,-0007.81,+0006.84,+0000.61,+0003.52,-0009.57
+1580602831.21,-0004.88,-0007.81,+0007.81,+0000.92,-0013.86,+0000.31
+1580602831.22,+0014.65,-0003.91,+0009.77,+0006.28,+0008.65,-0016.61
+1580602831.22,+0003.91,-0007.81,+0008.79,-0008.80,-0006.58,-0007.81
+1580602831.23,+0006.84,-0005.86,+0009.77,-0002.53,+0002.91,-0007.35
+1580602831.23,-0003.91,-0005.86,+0007.81,+0001.91,+0001.00,-0012.17
+1580602831.24,-0001.95,-0003.91,+0010.74,+0002.68,-0002.60,-0007.89
+1580602831.24,+0003.91,-0004.88,+0010.74,-0002.68,+0003.68,-0015.08
+1580602831.25,+0003.91,-0006.84,+0010.74,+0002.83,+0008.27,-0008.73
+1580602831.25,-0009.77,-0002.93,+0009.77,-0003.45,-0003.75,-0010.34
+1580602831.26,-0003.91,-0003.91,+0011.72,+0005.51,+0000.84,-0009.19
+1580602831.26,-0000.98,-0002.93,+0011.72,-0004.44,-0002.14,-0006.12
+1580602831.27,-0003.91,-0005.86,+0011.72,+0006.35,+0003.14,-0007.27
+1580602831.27,-0007.81,+0000.00,+0011.72,-0006.89,+0001.68,-0018.30
+1580602831.28,-0008.79,-0002.93,+0012.70,+0004.82,-0001.30,-0015.47
+1580602831.28,+0005.86,+0000.98,+0012.70,-0001.68,+0002.53,-0012.10
+1580602831.29,-0004.88,-0002.93,+0010.74,+0002.91,-0000.31,-0004.59
+1580602831.29,-0005.86,+0000.98,+0011.72,-0001.07,-0003.52,-0009.49
+1580602831.30,+0001.95,+0000.00,+0012.70,+0004.29,+0005.44,-0013.86
+1580602831.30,-0004.88,+0000.98,+0010.74,-0002.91,-0000.54,-0016.69
+1580602831.31,-0000.98,+0002.93,+0011.72,+0002.60,-0008.35,-0007.43
+1580602831.31,+0010.74,+0003.91,+0011.72,-0000.31,+0001.91,-0013.02
+1580602831.32,-0003.91,+0000.00,+0011.72,+0007.04,-0001.61,-0010.49
+1580602831.32,+0000.00,+0006.84,+0011.72,-0002.37,-0008.58,-0006.43
+1580602831.33,+0011.72,+0003.91,+0011.72,-0001.68,+0008.27,-0012.48
+1580602831.33,-0004.88,+0002.93,+0010.74,-0002.14,-0000.08,-0012.48
+1580602831.34,+0010.74,+0007.81,+0010.74,+0002.30,+0009.42,-0021.51
+1580602831.34,-0002.93,+0004.88,+0009.77,-0008.12,-0002.76,-0009.80
+1580602831.35,+0007.81,+0007.81,+0010.74,+0009.42,-0001.30,-0009.72
+1580602831.35,+0007.81,+0007.81,+0009.77,+0001.00,+0001.15,-0012.94
+1580602831.36,+0001.95,+0007.81,+0010.74,+0001.07,-0003.98,-0003.37
+1580602831.36,+0007.81,+0009.77,+0008.79,-0000.38,+0003.06,-0009.88
+1580602831.37,+0000.98,+0007.81,+0006.84,-0001.68,-0002.76,-0007.27
+1580602831.37,+0003.91,+0007.81,+0006.84,+0002.37,+0006.51,-0013.25
+1580602831.38,-0009.77,+0008.79,+0005.86,-0005.90,-0003.60,-0008.04
+1580602831.38,+0003.91,+0009.77,+0006.84,+0006.28,-0000.61,-0006.05
+1580602831.39,+0000.98,+0007.81,+0006.84,-0001.76,+0004.82,-0011.18
+1580602831.39,-0010.74,+0005.86,+0006.84,+0001.68,-0003.90,-0003.60
+1580602831.40,+0000.00,+0011.72,+0006.84,-0002.37,-0000.31,-0012.86
+1580602831.40,-0006.84,+0006.84,+0005.86,-0000.54,+0006.74,-0015.47
+1580602831.41,-0000.98,+0006.84,+0004.88,+0000.84,-0001.30,-0007.35
+1580602831.41,-0005.86,+0007.81,+0002.93,-0004.13,+0006.12,-0012.48
+1580602831.42,-0014.65,+0004.88,+0001.95,-0001.07,-0001.30,-0009.26
+1580602831.42,+0001.95,+0008.79,+0002.93,-0001.30,+0003.52,-0014.85
+1580602831.42,-0001.95,+0004.88,+0001.95,-0002.83,-0004.52,-0006.20
+1580602831.43,-0001.95,+0004.88,+0002.93,+0001.38,+0003.60,-0010.11
+1580602831.43,-0008.79,+0006.84,+0000.98,-0002.68,+0001.99,-0012.33
+1580602831.44,-0003.91,+0006.84,+0000.98,-0002.60,-0003.98,-0010.18
+1580602831.44,+0004.88,+0006.84,+0000.00,-0002.30,+0004.13,-0015.01
+1580602831.45,-0003.91,+0003.91,-0000.98,-0001.91,-0002.53,-0006.51
+1580602831.45,+0000.98,+0005.86,-0000.98,-0002.68,+0007.43,-0016.08
+1580602831.46,-0009.77,+0003.91,-0000.98,-0002.07,-0005.05,-0007.20
+1580602831.46,-0001.95,+0004.88,-0001.95,+0002.99,+0001.45,-0012.33
+1580602831.47,-0004.88,+0004.88,-0002.93,-0004.59,-0000.46,-0017.99
+1580602831.47,+0001.95,+0001.95,-0001.95,+0002.76,+0002.37,-0016.15
+1580602831.48,-0003.91,+0002.93,-0003.91,-0005.59,-0003.37,-0011.94
+1580602831.48,+0000.00,+0002.93,-0003.91,+0006.51,-0000.31,-0010.57
+1580602831.49,+0003.91,+0001.95,-0004.88,+0001.15,-0002.30,-0003.29
+1580602831.49,+0008.79,+0000.98,-0005.86,+0002.22,+0005.67,-0014.09
+1580602831.50,-0008.79,+0000.98,-0005.86,-0006.12,-0002.30,-0008.65
+1580602831.50,+0003.91,+0003.91,-0004.88,+0007.43,-0005.51,-0014.09
+1580602831.51,+0012.70,-0000.98,-0005.86,-0000.15,-0000.61,-0007.04
+1580602831.51,-0001.95,-0002.93,-0006.84,-0001.68,+0003.29,-0008.27
+1580602831.52,-0006.84,+0001.95,-0007.81,-0000.77,-0002.68,-0006.66
+1580602831.52,+0005.86,+0000.00,-0005.86,-0000.38,-0001.23,-0016.46
+1580602831.53,+0014.65,-0004.88,-0005.86,-0000.08,+0003.45,-0007.58
+1580602831.53,-0006.84,-0003.91,-0006.84,-0003.06,+0005.13,-0013.48
+1580602831.54,-0008.79,-0000.98,-0005.86,-0001.45,-0009.03,-0006.35
+1580602831.54,+0011.72,+0000.00,-0004.88,-0006.05,+0002.76,-0011.79
+1580602831.55,-0005.86,-0008.79,-0005.86,-0000.77,-0001.84,-0001.00
+1580602831.55,+0000.98,-0002.93,-0005.86,+0002.37,-0000.69,-0007.89
+1580602831.56,-0003.91,-0004.88,-0006.84,-0005.13,+0000.77,-0013.86
+1580602831.56,-0004.88,-0007.81,-0007.81,+0000.38,+0003.52,-0012.63
+1580602831.57,-0007.81,-0005.86,-0006.84,-0002.45,-0000.31,-0017.15
+1580602831.57,+0000.98,-0006.84,-0005.86,+0002.45,-0006.28,-0007.81
+1580602831.58,+0004.88,-0007.81,-0005.86,-0002.68,+0004.29,-0015.39
+1580602831.58,-0014.65,-0008.79,-0005.86,+0001.45,-0002.91,-0008.04
+1580602831.59,-0002.93,-0004.88,-0005.86,+0000.84,-0002.07,-0014.62
+1580602831.59,+0001.95,-0010.74,-0005.86,-0002.68,-0001.23,-0010.34
+1580602831.60,-0006.84,-0010.74,-0006.84,+0000.31,-0001.23,-0009.80
+1580602831.60,-0003.91,-0007.81,-0006.84,-0001.38,-0004.52,-0012.71
+1580602831.61,+0003.91,-0009.77,-0005.86,-0000.84,-0001.15,-0011.56
+1580602831.61,+0000.98,-0011.72,-0005.86,+0000.61,-0003.75,-0013.70
+1580602831.62,+0002.93,-0007.81,-0003.91,-0000.84,-0003.22,-0003.83
+1580602831.62,+0006.84,-0008.79,-0003.91,+0000.38,+0003.22,-0015.93
+1580602831.63,+0003.91,-0010.74,-0004.88,-0006.12,-0007.04,-0002.68
+1580602831.63,+0007.81,-0008.79,-0004.88,-0006.28,+0000.31,-0016.08
+1580602831.64,+0000.00,-0012.70,-0004.88,+0001.30,-0004.29,-0007.73
+1580602831.64,+0009.77,-0008.79,-0002.93,+0003.60,+0001.45,-0011.10
+1580602831.65,+0006.84,-0010.74,-0002.93,+0000.08,-0001.45,-0007.50
+1580602831.65,+0004.88,-0008.79,-0001.95,-0000.54,+0001.38,-0007.89
+1580602831.66,+0005.86,-0009.77,-0001.95,-0001.76,-0003.14,-0004.52
+1580602831.66,-0002.93,-0009.77,-0000.98,+0002.76,+0005.59,-0007.81
+1580602831.67,-0004.88,-0009.77,+0000.00,+0001.07,-0005.05,-0002.53
+1580602831.67,+0004.88,-0009.77,+0000.98,+0002.76,+0009.88,-0018.15
+1580602831.68,-0010.74,-0011.72,+0000.00,-0006.58,-0004.90,-0001.84
+1580602831.68,-0007.81,-0005.86,+0000.98,+0008.42,+0004.44,-0012.79
+1580602831.69,-0007.81,-0010.74,+0001.95,+0003.75,-0002.07,-0004.75
+1580602831.69,-0003.91,-0007.81,+0002.93,+0000.38,+0005.90,-0016.54
+1580602831.70,-0015.62,-0011.72,+0001.95,-0002.91,-0001.99,-0010.11
+1580602831.70,-0004.88,-0004.88,+0002.93,-0006.43,+0002.45,-0015.24
+1580602831.71,-0008.79,-0010.74,+0001.95,-0001.38,-0002.91,-0010.95
+1580602831.71,+0004.88,-0006.84,+0003.91,+0001.00,-0006.74,+0004.82
+1580602831.72,-0009.77,-0005.86,+0003.91,+0000.31,+0010.34,-0018.07
+1580602831.72,-0009.77,-0005.86,+0004.88,+0009.72,-0002.76,-0012.63
+1580602831.73,+0004.88,-0000.98,+0005.86,-0005.90,+0000.77,-0013.86
+1580602831.73,-0004.88,-0007.81,+0006.84,+0000.15,+0002.53,-0011.10
+1580602831.74,-0004.88,+0000.98,+0007.81,-0003.75,-0004.67,-0011.33
+1580602831.74,+0005.86,+0000.98,+0008.79,+0002.60,+0003.83,-0021.82
+1580602831.75,+0000.00,-0001.95,+0007.81,-0000.08,-0007.12,-0007.35
+1580602831.75,+0012.70,+0001.95,+0009.77,+0003.90,-0002.22,-0010.11
+1580602831.76,+0001.95,+0000.98,+0010.74,+0003.29,+0000.38,-0008.58
+1580602831.76,+0002.93,+0003.91,+0011.72,+0004.59,-0002.14,-0007.89
+1580602831.77,+0010.74,+0004.88,+0010.74,+0000.84,+0002.07,-0010.64
+1580602831.77,+0002.93,+0003.91,+0010.74,+0000.38,+0001.00,-0005.90
+1580602831.78,+0006.84,+0005.86,+0012.70,+0000.61,+0000.38,-0019.75
+1580602831.78,+0006.84,+0005.86,+0012.70,-0002.14,-0004.36,-0004.75
+1580602831.79,+0008.79,+0007.81,+0012.70,+0006.05,+0005.51,-0017.23
+1580602831.79,+0011.72,+0003.91,+0013.67,+0008.04,+0010.80,-0013.25
+1580602831.80,+0000.00,+0008.79,+0013.67,-0011.48,-0007.96,+0001.07
+1580602831.80,+0004.88,+0005.86,+0014.65,+0017.53,+0002.07,-0004.82
+1580602831.81,-0006.84,+0005.86,+0013.67,+0001.53,+0002.83,-0012.25
+1580602831.81,-0005.86,+0004.88,+0015.62,+0008.19,-0003.52,-0004.29
+1580602831.82,+0005.86,+0010.74,+0014.65,-0005.36,+0003.06,-0014.55
+1580602831.82,-0008.79,+0001.95,+0014.65,+0002.60,+0000.92,-0009.80
+1580602831.83,+0000.00,+0006.84,+0012.70,+0002.53,+0005.97,-0022.89
+1580602831.83,-0010.74,+0004.88,+0011.72,-0004.29,-0006.43,+0001.00
+1580602831.84,-0003.91,+0005.86,+0011.72,+0006.97,+0008.12,-0021.44
+1580602831.84,-0010.74,+0002.93,+0011.72,+0010.95,-0013.70,+0005.82
+1580602831.85,+0012.70,+0007.81,+0012.70,-0002.53,+0010.49,-0014.01
+1580602831.85,-0019.53,+0000.00,+0009.77,-0005.44,+0000.69,-0009.57
+1580602831.86,-0009.77,+0007.81,+0010.74,+0010.26,-0004.36,-0008.35
+1580602831.86,+0005.86,+0006.84,+0009.77,+0000.61,-0001.84,-0010.41
+1580602831.87,+0002.93,+0000.00,+0008.79,+0001.30,+0004.13,-0000.84
+1580602831.87,-0012.70,+0007.81,+0007.81,-0001.30,+0003.22,-0019.91
+1580602831.88,-0003.91,+0007.81,+0011.72,+0003.83,-0008.04,-0012.63
+1580602831.88,+0017.58,+0008.79,+0011.72,-0006.28,+0005.82,-0016.23
+1580602831.89,+0000.00,+0002.93,+0010.74,+0000.23,-0003.14,-0004.90
+1580602831.89,+0000.98,+0009.77,+0009.77,+0000.61,-0000.61,-0010.49
+1580602831.90,+0002.93,+0007.81,+0008.79,-0001.61,-0004.67,-0006.66
+1580602831.90,+0014.65,+0005.86,+0008.79,+0004.75,+0006.89,-0011.64
+1580602831.91,+0000.00,+0004.88,+0007.81,-0004.90,-0001.61,-0013.78
+1580602831.91,+0005.86,+0008.79,+0009.77,+0006.20,-0003.98,-0010.64
+1580602831.92,+0006.84,+0005.86,+0008.79,+0000.31,-0000.46,-0011.41
+1580602831.92,+0002.93,+0005.86,+0008.79,+0003.22,-0001.38,-0010.11
+1580602831.93,+0009.77,+0007.81,+0008.79,-0001.45,-0002.53,-0005.97
+1580602831.93,+0004.88,+0005.86,+0007.81,-0001.23,-0006.43,+0001.15
