+1580602805.97,-0001.95,-0015.62,-0013.67,-0001.45,+0001.30,-0014.85
+1580602805.98,-0004.88,-0015.62,-0012.70,+0002.68,-0011.41,-0005.67
+1580602805.98,+0013.67,-0015.62,-0012.70,+0000.46,+0004.06,-0007.81
+1580602805.99,-0008.79,-0015.62,-0012.70,-0000.69,+0006.66,-0020.75
+1580602805.99,+0005.86,-0013.67,-0008.79,+0009.34,+0006.58,-0021.28
+1580602806.00,+0005.86,-0009.77,-0008.79,-0013.40,-0002.60,-0016.77
+1580602806.00,+0001.95,-0018.55,-0008.79,+0007.50,+0000.77,-0001.00
+1580602806.01,+0005.86,-0009.77,-0007.81,-0001.84,-0000.77,-0015.54
+1580602806.01,-0000.98,-0015.62,-0006.84,+0004.98,+0001.68,-0012.10
+1580602806.02,+0001.95,-0013.67,-0007.81,-0006.12,-0002.45,-0014.24
+1580602806.02,+0007.81,-0015.62,-0007.81,+0002.30,-0002.30,-0010.87
+1580602806.03,+0006.84,-0012.70,-0006.84,-0001.23,+0000.54,-0008.35
+1580602806.03,+0000.98,-0014.65,-0005.86,+0001.61,-0004.59,-0008.58
+1580602806.04,+0006.84,-0012.70,-0004.88,-0000.69,+0001.76,-0006.74
+1580602806.04,+0000.00,-0012.70,-0004.88,-0000.31,+0002.91,-0010.72
+1580602806.05,+0000.00,-0012.70,-0003.91,+0003.52,-0004.13,-0007.27
+1580602806.05,+0005.86,-0011.72,-0003.91,-0004.36,+0004.90,-0009.95
+1580602806.06,-0004.88,-0012.70,-0003.91,+0000.84,-0000.46,-0012.10
+1580602806.06,+0000.98,-0009.77,-0002.93,+0001.84,-0000.54,-0007.50
+1580602806.07,+0004.88,-0010.74,-0001.95,-0001.61,+0004.98,-0010.57
+1580602806.07,-0008.79,-0011.72,-0001.95,+0002.91,-0002.37,-0005.67
+1580602806.08,-0002.93,-0006.84,-0000.98,+0002.68,-0001.07,-0010.18
+1580602806.08,-0004.88,-0006.84,-0000.98,+0001.00,-0001.38,-0006.35
+1580602806.09,-0004.88,-0006.84,+0000.98,+0005.82,+0003.22,-0013.02
+1580602806.09,-0005.86,-0002.93,+0002.93,-0004.52,-0006.97,-0007.12
+1580602806.10,-0003.91,-0002.93,+0002.93,+0002.37,+0005.44,-0014.24
+1580602806.10,-0006.84,-0002.93,+0003.91,+0007.81,-0003.14,-0012.71
+1580602806.11,+0000.00,+0002.93,+0006.84,+0004.06,-0002.45,-0010.72
+1580602806.11,+0000.98,+0001.95,+0008.79,+0000.23,-0003.29,-0007.35
+1580602806.12,-0001.95,+0005.86,+0011.72,+0003.14,+0005.05,-0015.39
+1580602806.12,-0010.74,+0008.79,+0012.70,+0000.54,-0005.13,-0012.40
+1580602806.13,+0005.86,+0009.77,+0014.65,+0004.82,-0000.38,-0011.18
+1580602806.13,+0000.00,+0008.79,+0014.65,+0001.30,+0005.67,-0018.22
+1580602806.14,-0001.95,+0011.72,+0017.58,+0008.27,-0001.76,-0010.64
+1580602806.14,+0000.00,+0016.60,+0019.53,-0001.45,+0000.38,-0016.61
+1580602806.15,+0001.95,+0013.67,+0022.46,+0005.21,-0005.05,-0011.56
+1580602806.15,+0011.72,+0018.55,+0024.41,+0000.69,+0001.53,-0007.73
+1580602806.16,+0002.93,+0016.60,+0025.39,+0008.96,+0004.06,-0012.79
+1580602806.16,-0004.88,+0020.51,+0025.39,-0001.76,-0004.59,-0007.73
+1580602806.17,+0008.79,+0020.51,+0027.34,+0006.05,-0001.91,-0013.40
+1580602806.17,+0008.79,+0015.62,+0026.37,+0005.05,+0003.06,-0010.95
+1580602806.18,+0000.00,+0020.51,+0027.34,+0004.29,-0003.14,-0007.27
+1580602806.18,+0002.93,+0022.46,+0028.32,+0003.37,+0001.45,-0015.24
+1580602806.19,+0007.81,+0016.60,+0029.30,+0002.91,-0002.07,-0000.77
+1580602806.19,+0010.74,+0016.60,+0029.30,+0003.83,+0008.96,-0014.78
+1580602806.20,-0013.67,+0018.55,+0029.30,-0001.45,-0004.59,-0008.19
+1580602806.20,+0006.84,+0021.48,+0030.27,+0003.75,-0002.99,-0011.71
+1580602806.21,+0008.79,+0010.74,+0026.37,+0003.45,-0000.23,+0001.45
+1580602806.21,-0000.98,+0010.74,+0025.39,+0002.60,+0004.52,-0004.75
+1580602806.22,-0013.67,+0014.65,+0025.39,-0001.07,-0002.22,-0008.27
+1580602806.22,+0000.98,+0012.70,+0025.39,-0003.90,+0000.77,-0010.57
+1580602806.23,+0003.91,+0003.91,+0022.46,+0003.29,+0003.98,-0008.27
+1580602806.23,-0009.77,+0004.88,+0019.53,-0001.45,-0002.53,-0003.83
+1580602806.24,-0006.84,+0007.81,+0018.55,+0001.23,-0001.38,-0011.87
+1580602806.24,-0003.91,+0000.98,+0017.58,+0000.15,-0001.61,-0011.87
+1580602806.25,-0003.91,-0000.98,+0016.60,+0001.00,+0000.54,-0008.65
+1580602806.25,-0006.84,+0001.95,+0015.62,+0000.08,+0002.68,-0012.48
+1580602806.26,-0006.84,+0000.00,+0014.65,+0000.84,-0004.13,-0005.82
+1580602806.26,+0000.98,-0001.95,+0013.67,+0000.46,+0003.37,-0013.32
+1580602806.27,-0008.79,-0001.95,+0011.72,-0002.83,-0000.31,-0008.80
+1580602806.27,-0004.88,-0001.95,+0010.74,+0002.14,-0003.22,-0009.26
+1580602806.28,-0001.95,-0003.91,+0009.77,-0001.23,-0002.91,-0010.49
+1580602806.28,-0002.93,-0005.86,+0008.79,+0001.23,+0001.23,-0007.66
+1580602806.29,-0006.84,-0002.93,+0007.81,-0001.99,+0003.06,-0016.92
+1580602806.29,-0004.88,-0004.88,+0007.81,-0004.98,-0004.59,-0012.79
+1580602806.30,+0004.88,-0004.88,+0006.84,-0004.75,+0003.60,-0013.48
+1580602806.30,-0003.91,-0006.84,+0005.86,+0002.83,-0002.45,-0009.11
+1580602806.31,+0001.95,-0003.91,+0005.86,-0001.61,-0003.98,-0009.11
+1580602806.31,+0003.91,-0006.84,+0005.86,-0001.76,+0001.91,-0009.88
+1580602806.32,-0001.95,-0006.84,+0005.86,+0001.61,+0001.07,-0008.58
+1580602806.32,-0002.93,-0002.93,+0005.86,-0000.23,+0000.84,-0014.16
+1580602806.33,+0005.86,-0003.91,+0005.86,+0000.31,-0003.75,-0009.03
+1580602806.33,+0002.93,-0004.88,+0004.88,-0002.53,-0000.46,-0012.40
+1580602806.34,-0002.93,-0004.88,+0004.88,+0002.14,-0000.61,-0013.02
+1580602806.34,+0005.86,-0001.95,+0004.88,-0000.15,+0000.61,-0010.11
+1580602806.35,+0003.91,-0005.86,+0003.91,+0002.07,-0001.84,-0008.65
+1580602806.35,+0003.91,-0002.93,+0003.91,-0003.98,-0003.45,-0005.05
+1580602806.36,+0006.84,-0003.91,+0002.93,-0001.23,-0000.15,-0005.90
+1580602806.36,-0001.95,-0006.84,+0000.98,-0002.91,+0003.60,-0006.89
+1580602806.37,-0000.98,-0005.86,+0000.00,+0002.45,+0002.53,-0008.50
+1580602806.37,+0000.00,-0004.88,-0000.98,-0003.22,+0001.07,-0006.74
+1580602806.38,-0003.91,-0008.79,-0001.95,-0001.30,+0000.23,-0009.49
+1580602806.38,-0001.95,-0005.86,-0001.95,-0003.22,-0001.00,-0008.35
+1580602806.39,+0002.93,-0006.84,-0001.95,+0001.15,+0007.12,-0014.24
+1580602806.39,-0007.81,-0008.79,-0003.91,-0004.82,-0003.29,-0012.25
+1580602806.40,+0002.93,-0007.81,-0004.88,+0002.60,-0004.82,-0004.36
+1580602806.40,-0005.86,-0008.79,-0007.81,-0006.58,-0001.07,-0010.18
+1580602806.41,-0006.84,-0010.74,-0008.79,+0003.14,-0001.15,-0009.95
+1580602806.41,+0000.98,-0007.81,-0010.74,-0006.58,+0000.84,-0013.17
+1580602806.42,-0004.88,-0013.67,-0013.67,+0001.84,+0000.92,-0011.33
+1580602806.42,-0005.86,-0010.74,-0014.65,-0005.05,-0003.29,-0006.66
+1580602806.43,-0003.91,-0008.79,-0014.65,+0001.07,+0002.60,-0023.12
+1580602806.43,+0008.79,-0012.70,-0015.62,-0009.19,-0009.49,+0006.43
+1580602806.44,-0006.84,-0008.79,-0017.58,-0016.00,-0005.67,-0007.12
+1580602806.44,-0005.86,-0011.72,-0016.60,+0013.63,-0000.84,-0004.90
+1580602806.45,+0004.88,-0003.91,-0016.60,-0007.50,+0003.45,-0020.44
+1580602806.45,-0004.88,-0015.62,-0017.58,-0004.21,-0004.36,-0009.65
+1580602806.46,+0006.84,-0004.88,-0016.60,-0010.87,-0003.37,-0010.34
+1580602806.46,-0002.93,-0008.79,-0017.58,+0001.84,+0006.74,-0014.78
+1580602806.47,-0002.93,-0006.84,-0017.58,-0003.52,-0004.36,-0006.89
+1580602806.47,+0005.86,-0007.81,-0017.58,-0003.52,-0001.15,-0010.87
+1580602806.48,+0004.88,-0007.81,-0017.58,-0000.08,-0000.84,-0007.12
+1580602806.48,+0000.00,-0005.86,-0016.60,+0001.23,-0000.77,-0011.25
+1580602806.49,+0001.95,-0004.88,-0014.65,-0000.69,-0003.90,-0008.35
+1580602806.49,+0004.88,-0003.91,-0014.65,-0003.37,+0000.92,-0010.49
+1580602806.50,+0000.98,-0003.91,-0013.67,+0000.46,-0002.30,-0011.18
+1580602806.50,+0004.88,-0001.95,-0011.72,-0000.15,-0002.60,-0008.27
+1580602806.51,+0003.91,-0001.95,-0010.74,-0000.69,-0002.14,-0008.27
+1580602806.51,-0000.98,+0000.00,-0009.77,+0000.54,-0000.08,-0005.67
+1580602806.52,-0001.95,+0001.95,-0008.79,+0000.46,-0000.31,-0006.28
+1580602806.52,-0001.95,+0000.98,-0007.81,-0000.61,+0000.61,-0007.12
+1580602806.53,-0002.93,+0002.93,-0006.84,+0000.08,-0002.30,-0009.49
+1580602806.53,-0004.88,+0002.93,-0005.86,+0003.14,+0000.77,-0012.25
+1580602806.54,-0005.86,+0003.91,-0003.91,-0000.54,-0003.37,-0011.41
+1580602806.54,+0000.98,+0003.91,-0002.93,-0001.53,+0004.67,-0011.18
+1580602806.55,-0012.70,+0004.88,-0002.93,+0001.00,-0001.07,-0007.73
+1580602806.55,-0009.77,+0006.84,-0000.98,+0000.54,-0003.45,-0009.19
+1580602806.56,-0002.93,+0006.84,-0000.98,-0001.84,-0002.45,-0014.85
+1580602806.56,+0000.00,+0004.88,-0001.95,+0008.58,+0012.40,-0022.74
+1580602806.57,-0026.37,+0009.77,-0002.93,-0008.88,-0010.03,-0004.44
+1580602806.57,+0000.98,+0012.70,+0000.00,+0013.25,-0002.45,-0013.25
+1580602806.58,-0004.88,+0005.86,-0000.98,-0000.15,-0003.75,-0008.42
+1580602806.58,-0009.77,+0008.79,+0001.95,+0006.58,-0005.82,-0011.33
+1580602806.59,+0002.93,+0016.60,+0001.95,-0004.29,+0003.37,-0017.76
+1580602806.59,+0000.98,+0008.79,+0000.98,-0003.45,-0008.27,-0002.60
+1580602806.60,-0003.91,+0012.70,+0000.00,-0006.58,-0000.84,-0015.62
+1580602806.60,-0007.81,+0013.67,+0002.93,+0002.30,-0005.97,-0009.95
+1580602806.61,+0011.72,+0014.65,+0002.93,+0001.38,-0000.84,-0017.00
+1580602806.61,+0004.88,+0005.86,+0001.95,+0002.30,-0004.06,-0004.75
+1580602806.62,+0000.98,+0013.67,+0000.98,-0004.44,+0001.91,-0016.46
+1580602806.62,+0000.00,+0011.72,+0000.98,-0001.30,-0006.12,-0012.94
+1580602806.63,+0017.58,+0007.81,+0000.00,+0001.00,-0001.61,-0006.12
+1580602806.63,+0000.00,+0006.84,-0000.98,-0001.07,-0004.75,-0008.73
+1580602806.64,+0000.98,+0010.74,+0000.98,+0001.38,-0004.21,-0005.44
+1580602806.64,+0013.67,+0007.81,+0000.00,-0001.15,+0001.00,-0013.09
+1580602806.65,+0002.93,+0002.93,-0000.98,-0003.37,+0001.91,-0006.28
+1580602806.65,-0002.93,+0008.79,-0000.98,+0001.00,-0002.53,-0010.34
+1580602806.66,+0007.81,+0006.84,+0000.00,-0000.38,-0001.30,-0009.42
+1580602806.66,+0003.91,+0000.98,-0001.95,-0001.45,+0002.60,-0006.05
+1580602806.67,-0007.81,+0004.88,-0002.93,-0001.38,+0000.69,-0009.26
+1580602806.67,-0006.84,+0004.88,-0002.93,-0000.84,+0000.23,-0008.42
+1580602806.68,-0000.98,-0001.95,-0003.91,-0002.37,+0000.69,-0009.95
+1580602806.68,-0005.86,-0000.98,-0004.88,-0000.46,-0001.61,-0009.11
+1580602806.69,-0005.86,+0000.98,-0003.91,+0000.38,+0004.13,-0011.18
+1580602806.69,-0005.86,-0000.98,-0004.88,-0003.45,-0007.43,-0005.59
+1580602806.70,-0005.86,-0002.93,-0004.88,+0001.76,+0002.91,-0013.17
+1580602806.70,-0006.84,-0001.95,-0003.91,+0006.05,-0008.58,+0002.53
+1580602806.71,+0008.79,-0000.98,-0003.91,+0003.14,+0006.89,-0016.15
+1580602806.71,-0014.65,-0003.91,-0004.88,-0007.58,-0003.68,-0007.66
+1580602806.72,-0001.95,+0002.93,-0001.95,+0010.57,-0004.06,-0010.11
+1580602806.72,+0005.86,-0001.95,-0002.93,+0000.92,-0003.75,-0008.65
+1580602806.73,+0003.91,-0003.91,-0001.95,+0005.59,+0001.23,-0013.55
+1580602806.73,-0000.98,+0000.00,-0000.98,-0000.69,-0004.98,-0008.73
+1580602806.74,+0000.98,+0001.95,+0000.00,-0003.06,-0005.44,-0010.80
+1580602806.74,+0005.86,-0001.95,+0000.98,+0003.29,+0000.08,-0009.26
+1580602806.75,+0007.81,+0000.00,+0000.98,+0000.54,-0001.15,-0009.57
+1580602806.75,+0001.95,-0001.95,+0001.95,+0001.07,-0000.23,-0010.72
+1580602806.76,+0003.91,+0001.95,+0002.93,-0000.92,+0002.76,-0010.95
+1580602806.76,-0000.98,+0000.00,+0002.93,+0000.38,+0002.07,-0018.07
+1580602806.77,+0003.91,+0000.00,+0003.91,-0001.61,-0010.34,-0001.91
+1580602806.77,+0007.81,+0000.98,+0002.93,-0007.43,+0002.53,-0017.23
+1580602806.78,-0010.74,-0003.91,+0002.93,+0005.59,-0006.28,-0003.75
+1580602806.78,+0007.81,+0003.91,+0004.88,+0001.30,+0003.29,-0016.31
+1580602806.79,-0004.88,-0005.86,+0002.93,-0005.59,+0003.98,-0013.40
+1580602806.79,-0005.86,-0000.98,+0002.93,-0004.75,-0002.99,-0011.87
+1580602806.80,-0000.98,-0004.88,+0001.95,+0000.23,+0000.46,-0006.97
+1580602806.80,-0000.98,-0006.84,+0000.98,-0001.61,+0002.83,-0008.19
+1580602806.81,-0005.86,-0007.81,+0000.98,+0002.45,-0001.76,-0008.42
+1580602806.81,-0002.93,-0005.86,+0000.98,-0003.68,-0000.69,-0005.13
+1580602806.82,-0000.98,-0010.74,-0000.98,+0000.84,-0003.90,-0003.45
+1580602806.82,-0003.91,-0009.77,-0002.93,-0003.75,+0001.23,-0004.75
+1580602806.83,-0011.72,-0009.77,-0003.91,-0001.23,-0002.30,-0009.49
+1580602806.83,-0002.93,-0010.74,-0004.88,-0003.68,-0002.14,-0009.65
+1580602806.84,-0001.95,-0015.62,-0005.86,-0002.45,+0003.75,-0009.88
+1580602806.84,-0011.72,-0014.65,-0006.84,-0002.60,+0000.92,-0008.73
+1580602806.85,-0009.77,-0013.67,-0006.84,-0005.44,-0002.99,-0008.73
+1580602806.85,-0002.93,-0016.60,-0007.81,-0000.84,+0003.68,-0014.78
+1580602806.86,-0008.79,-0017.58,-0007.81,-0003.14,-0000.08,-0003.68
+1580602806.86,-0013.67,-0014.65,-0008.79,-0004.44,+0000.46,-0015.93
+1580602806.87,-0010.74,-0016.60,-0009.77,-0000.38,-0001.84,-0012.71
+1580602806.87,+0002.93,-0018.55,-0011.72,-0003.22,-0001.30,-0007.73
+1580602806.88,-0007.81,-0020.51,-0013.67,-0005.21,+0005.05,-0014.16
+1580602806.88,-0011.72,-0016.60,-0012.70,+0002.91,-0005.51,-0009.72
+1580602806.89,+0005.86,-0017.58,-0011.72,-0002.45,+0001.00,-0006.89
+1580602806.89,-0005.86,-0019.53,-0012.70,+0000.15,+0003.75,-0012.56
+1580602806.90,-0008.79,-0016.60,-0010.74,+0005.44,-0000.84,-0013.09
+1580602806.90,+0000.00,-0013.67,-0008.79,-0003.90,+0001.61,-0014.93
+1580602806.91,-0001.95,-0020.51,-0009.77,-0003.37,+0001.07,-0012.25
+1580602806.91,-0000.98,-0015.62,-0009.77,-0000.84,-0002.37,-0011.48
+1580602806.92,+0003.91,-0016.60,-0009.77,+0001.00,+0003.22,-0011.87
+1580602806.92,-0001.95,-0016.60,-0009.77,-0001.30,-0002.68,-0009.19
+1580602806.93,+0000.00,-0014.65,-0008.79,+0002.45,-0001.76,-0013.55
+1580602806.93,+0006.84,-0013.67,-0007.81,-0000.61,+0000.15,-0012.10
+1580602806.94,+0004.88,-0015.62,-0006.84,+0000.23,-0002.45,-0007.96
+1580602806.94,+0002.93,-0011.72,-0004.88,-0001.53,-0001.07,-0010.80
+1580602806.95,+0008.79,-0011.72,-0002.93,+0001.61,-0002.53,-0003.14
+1580602806.95,-0000.98,-0009.77,-0002.93,-0002.53,-0001.30,-0005.28
+1580602806.96,+0002.93,-0007.81,-0000.98,+0004.13,-0003.52,-0007.81
+1580602806.96,+0009.77,-0008.79,+0000.98,-0003.90,+0002.53,-0008.65
+1580602806.97,-0004.88,-0007.81,+0000.98,-0000.31,-0005.82,-0006.35
+1580602806.97,+0004.88,-0004.88,+0001.95,+0002.30,+0001.30,-0011.71
+1580602806.98,+0002.93,-0005.86,+0001.95,-0006.20,+0000.69,-0010.03
+1580602806.98,-0002.93,-0006.84,+0000.98,+0004.44,+0000.84,-0007.66
+1580602806.99,-0003.91,-0001.95,+0001.95,+0000.00,-0003.22,-0009.42
+1580602806.99,+0000.98,-0003.91,+0002.93,+0001.53,+0001.61,-0009.57
+1580602807.00,-0001.95,-0003.91,+0003.91,-0000.46,+0001.76,-0013.32
+1580602807.00,+0003.91,-0001.95,+0006.84,-0001.68,-0009.65,+0003.14
+1580602807.01,-0005.86,+0000.98,+0005.86,-0008.42,-0003.14,-0005.44
+1580602807.01,-0005.86,+0000.00,+0005.86,+0008.58,+0001.76,-0009.72
+1580602807.02,-0002.93,+0002.93,+0005.86,-0003.22,+0001.38,-0020.98
+1580602807.02,+0004.88,-0001.95,+0007.81,+0005.51,-0000.54,-0006.81
+1580602807.03,+0002.93,+0002.93,+0007.81,-0002.53,+0005.51,-0015.93
+1580602807.03,-0007.81,+0001.95,+0007.81,-0001.23,-0006.35,+0002.99
+1580602807.04,-0001.95,+0006.84,+0006.84,+0001.61,+0000.46,-0019.60
+1580602807.04,+0002.93,-0000.98,+0006.84,+0006.43,+0005.97,-0012.17
+1580602807.05,-0005.86,+0003.91,+0005.86,-0007.81,-0002.68,-0014.47
+1580602807.05,-0000.98,+0004.88,+0006.84,+0005.67,-0003.83,-0004.75
+1580602807.06,+0003.91,+0004.88,+0006.84,+0000.46,+0003.45,-0014.16
+1580602807.06,-0006.84,+0001.95,+0007.81,+0001.68,-0001.23,-0011.64
+1580602807.07,+0000.00,+0007.81,+0009.77,-0000.23,-0006.66,-0009.11
+1580602807.07,+0006.84,+0004.88,+0009.77,+0001.76,+0004.75,-0015.24
+1580602807.08,-0002.93,+0001.95,+0008.79,+0005.13,-0000.23,-0012.10
+1580602807.08,+0002.93,+0007.81,+0008.79,-0004.59,-0005.90,-0007.43
+1580602807.09,+0003.91,+0002.93,+0006.84,-0003.52,+0003.29,-0015.54
+1580602807.09,+0001.95,+0001.95,+0006.84,+0002.30,-0000.38,-0011.94
+1580602807.10,+0001.95,+0003.91,+0005.86,-0001.76,-0001.68,-0007.81
+1580602807.10,-0000.98,+0000.98,+0005.86,+0001.84,+0001.30,-0008.19
+1580602807.11,-0002.93,+0000.98,+0004.88,-0000.61,+0001.07,-0007.50
+1580602807.11,-0004.88,+0000.00,+0003.91,-0000.69,-0000.08,-0010.41
+1580602807.12,-0001.95,-0000.98,+0002.93,-0001.00,-0001.30,-0009.34
+1580602807.12,-0004.88,-0002.93,+0001.95,-0002.22,+0003.29,-0009.95
+1580602807.13,-0010.74,-0001.95,+0001.95,+0000.77,-0001.00,-0009.65
+1580602807.13,-0007.81,-0002.93,+0000.98,-0004.29,-0000.92,-0000.92
+1580602807.14,-0007.81,-0004.88,+0000.00,+0001.53,+0008.88,-0019.91
+1580602807.14,-0015.62,-0007.81,+0000.00,-0007.89,-0008.73,-0006.43
+1580602807.15,+0004.88,-0002.93,+0000.00,-0008.88,+0005.05,-0016.54
+1580602807.15,-0016.60,-0011.72,-0003.91,-0001.68,-0002.99,-0010.18
+1580602807.16,-0006.84,-0005.86,-0001.95,+0004.98,-0004.52,-0008.96
+1580602807.16,-0001.95,-0007.81,-0002.93,-0004.98,-0004.44,-0008.88
+1580602807.17,-0003.91,-0012.70,-0003.91,+0007.20,+0003.14,-0013.78
+1580602807.17,-0004.88,-0007.81,-0004.88,-0004.59,-0004.44,-0011.25
+1580602807.18,+0001.95,-0009.77,-0003.91,+0000.31,-0002.14,-0008.35
+1580602807.18,-0000.98,-0010.74,-0003.91,-0001.61,-0002.60,-0008.65
+1580602807.19,+0002.93,-0009.77,-0002.93,+0000.69,-0006.20,-0004.82
+1580602807.19,+0002.93,-0009.77,-0002.93,-0003.29,+0003.75,-0014.93
+1580602807.20,+0000.98,-0010.74,-0001.95,+0001.15,-0003.45,-0008.42
+1580602807.20,+0007.81,-0007.81,-0000.98,-0000.15,-0000.84,-0012.25
+1580602807.21,+0007.81,-0010.74,+0000.00,+0001.84,-0000.23,-0008.65
+1580602807.21,+0003.91,-0008.79,+0000.00,+0001.61,-0002.76,-0011.71
+1580602807.22,+0006.84,-0009.77,+0000.98,+0001.45,+0000.84,-0012.63
+1580602807.22,+0008.79,-0008.79,+0000.98,-0004.29,-0003.22,-0008.42
+1580602807.23,+0012.70,-0009.77,+0001.95,+0004.36,-0000.23,-0005.82
+1580602807.23,+0000.00,-0007.81,+0000.98,-0000.38,+0006.05,-0016.54
+1580602807.24,+0012.70,-0008.79,+0002.93,+0005.97,+0008.12,-0005.36
+1580602807.24,+0000.00,-0007.81,+0001.95,-0005.97,+0007.12,-0021.67
+1580602807.25,-0003.91,-0010.74,+0004.88,+0004.21,-0007.96,+0005.28
+1580602807.25,+0009.77,-0001.95,+0005.86,-0012.02,+0000.08,-0007.04
+1580602807.26,-0001.95,-0013.67,+0005.86,+0009.80,+0002.53,-0006.66
+1580602807.26,-0002.93,-0004.88,+0006.84,-0004.59,+0000.08,-0006.12
+1580602807.27,-0006.84,-0005.86,+0006.84,+0003.22,+0001.91,-0015.70
+1580602807.27,-0003.91,-0008.79,+0006.84,+0001.23,+0001.07,-0011.03
+1580602807.28,-0001.95,-0007.81,+0007.81,-0002.14,-0003.14,-0005.97
+1580602807.28,-0006.84,-0005.86,+0006.84,+0002.99,+0006.12,-0015.70
+1580602807.29,-0003.91,-0006.84,+0007.81,+0007.73,+0002.76,-0015.24
+1580602807.29,-0003.91,-0003.91,+0008.79,-0004.82,-0001.07,-0008.42
+1580602807.30,-0005.86,-0005.86,+0009.77,+0003.83,-0000.92,-0007.35
+1580602807.30,-0000.98,-0001.95,+0009.77,-0000.08,-0002.99,-0010.64
+1580602807.31,-0003.91,-0004.88,+0010.74,+0003.60,-0004.06,-0005.97
+1580602807.31,+0001.95,+0000.00,+0011.72,+0002.14,+0003.75,-0015.77
+1580602807.32,-0005.86,+0000.00,+0012.70,-0000.54,-0000.69,-0012.63
+1580602807.32,+0000.00,+0002.93,+0013.67,-0000.08,-0000.46,-0013.78
+1580602807.33,+0002.93,+0002.93,+0014.65,+0001.38,+0002.45,-0015.24
+1580602807.33,-0001.95,+0003.91,+0015.62,+0003.98,-0001.68,-0009.26
+1580602807.34,-0000.98,+0006.84,+0016.60,+0002.99,+0002.91,-0015.24
+1580602807.34,+0000.00,+0006.84,+0017.58,+0005.67,+0002.99,-0013.09
+1580602807.35,-0000.98,+0008.79,+0017.58,-0001.30,+0000.23,-0013.40
+1580602807.35,+0004.88,+0008.79,+0019.53,-0001.61,-0006.51,-0007.04
+1580602807.36,+0006.84,+0010.74,+0019.53,-0002.07,-0000.92,-0011.03
+1580602807.36,+0002.93,+0009.77,+0019.53,+0004.06,-0007.81,-0002.99
+1580602807.37,+0012.70,+0013.67,+0020.51,+0002.99,+0002.53,-0011.56
+1580602807.37,+0003.91,+0010.74,+0020.51,-0001.07,-0001.91,-0005.51
+1580602807.38,+0003.91,+0014.65,+0021.48,+0003.29,-0000.61,-0010.26
+1580602807.38,+0010.74,+0013.67,+0023.44,+0001.45,-0002.45,-0008.19
+1580602807.39,+0007.81,+0013.67,+0024.41,-0000.23,+0002.45,-0010.95
+1580602807.39,+0002.93,+0014.65,+0024.41,+0003.45,-0000.46,-0008.35
+1580602807.40,+0008.79,+0016.60,+0024.41,-0000.38,+0008.96,-0012.86
+1580602807.40,-0006.84,+0013.67,+0025.39,+0003.14,-0000.08,-0007.58
+1580602807.41,+0000.00,+0017.58,+0026.37,+0000.00,-0002.53,-0010.64
+1580602807.41,+0002.93,+0015.62,+0024.41,-0000.38,+0002.60,-0013.70
+1580602807.42,-0004.88,+0012.70,+0024.41,+0003.52,-0004.82,-0012.40
+1580602807.42,+0004.88,+0015.62,+0025.39,-0001.84,+0000.31,-0005.28
+1580602807.43,-0000.98,+0014.65,+0024.41,+0002.99,+0002.14,-0016.61
+1580602807.43,+0000.98,+0010.74,+0023.44,+0006.74,+0007.04,-0007.20
+1580602807.44,-0007.81,+0015.62,+0020.51,-0005.59,+0001.23,-0010.72
+1580602807.44,-0008.79,+0013.67,+0019.53,+0007.50,-0001.15,-0009.57
+1580602807.45,+0006.84,+0013.67,+0019.53,+0000.54,+0001.38,-0009.03
+1580602807.45,+0000.98,+0008.79,+0017.58,+0000.08,+0001.61,-0010.64
+1580602807.46,-0009.77,+0012.70,+0016.60,+0000.92,-0004.06,-0009.80
+1580602807.46,-0000.98,+0015.62,+0017.58,+0001.45,+0000.38,-0013.93
+1580602807.47,+0005.86,+0010.74,+0017.58,-0000.84,-0001.23,-0007.73
+1580602807.47,+0003.91,+0010.74,+0016.60,+0001.61,+0001.99,-0007.81
+1580602807.48,-0003.91,+0012.70,+0015.62,-0003.68,+0002.07,-0012.63
+1580602807.48,-0001.95,+0013.67,+0015.62,-0002.45,-0006.89,-0006.58
+1580602807.49,+0013.67,+0009.77,+0013.67,+0001.91,+0005.59,-0010.34
+1580602807.49,-0003.91,+0008.79,+0011.72,-0007.20,+0003.98,-0015.93
+1580602807.50,-0000.98,+0011.72,+0011.72,+0002.91,-0007.50,-0002.99
+1580602807.50,+0012.70,+0011.72,+0010.74,-0006.66,+0004.90,-0011.94
+1580602807.51,-0003.91,+0004.88,+0010.74,+0004.67,+0003.29,-0015.93
+1580602807.51,+0003.91,+0011.72,+0011.72,-0003.98,-0010.57,-0001.91
+1580602807.52,+0008.79,+0011.72,+0010.74,-0009.72,-0001.91,-0004.36
+1580602807.52,+0000.98,+0002.93,+0008.79,+0007.96,-0001.38,-0005.90
+1580602807.53,+0002.93,+0010.74,+0007.81,-0004.90,-0000.08,-0006.81
+1580602807.53,-0001.95,+0006.84,+0005.86,+0000.77,+0003.45,-0006.97
+1580602807.54,-0002.93,+0005.86,+0004.88,-0002.37,-0000.38,-0002.30
+1580602807.54,+0000.98,+0005.86,+0004.88,+0004.52,+0003.29,-0016.15
+1580602807.55,-0003.91,+0003.91,+0004.88,-0008.88,-0003.68,-0002.07
+1580602807.55,-0006.84,+0006.84,+0003.91,+0008.19,+0005.36,-0017.15
+1580602807.56,-0002.93,+0001.95,+0002.93,+0005.59,+0002.14,-0004.21
+1580602807.56,-0007.81,+0004.88,+0000.98,-0001.84,+0004.52,-0022.20
+1580602807.57,-0014.65,-0000.98,+0001.95,+0000.00,-0004.67,-0003.68
+1580602807.57,+0002.93,+0006.84,+0002.93,-0013.63,-0000.46,-0011.48
+1580602807.58,-0007.81,-0003.91,-0000.98,+0006.05,+0003.45,-0006.58
+1580602807.58,-0013.67,+0004.88,-0000.98,-0005.05,-0000.38,-0011.94
+1580602807.59,-0004.88,+0001.95,-0001.95,-0000.46,-0003.37,-0012.63
+1580602807.59,+0000.98,-0000.98,-0002.93,-0000.92,+0000.92,-0012.10
+1580602807.60,-0000.98,+0000.00,-0001.95,-0000.08,-0009.11,+0001.61
+1580602807.60,-0005.86,+0007.81,-0001.95,+0005.44,+0012.25,-0022.74
+1580602807.61,-0006.84,+0002.93,+0000.00,+0010.18,+0000.31,-0013.93
+1580602807.61,+0014.65,+0007.81,-0000.98,-0006.89,-0005.21,-0011.87
+1580602807.62,+0007.81,-0003.91,-0002.93,-0002.30,+0000.54,-0000.77
+1580602807.62,-0004.88,+0007.81,-0001.95,+0003.06,+0002.68,-0009.49
+1580602807.63,-0001.95,+0005.86,-0001.95,+0003.90,-0002.30,-0013.02
+1580602807.63,+0013.67,+0004.88,-0002.93,-0008.42,-0000.54,-0009.95
+1580602807.64,+0003.91,+0000.00,-0004.88,+0003.75,+0003.60,-0010.49
+1580602807.64,-0000.98,+0007.81,-0003.91,+0000.84,-0000.46,-0008.73
+1580602807.65,+0008.79,+0006.84,-0002.93,-0000.54,+0003.22,-0017.38
+1580602807.65,+0002.93,+0002.93,-0002.93,-0002.07,-0004.67,-0002.91
+1580602807.66,+0006.84,+0007.81,-0001.95,+0005.28,+0001.99,-0009.34
+1580602807.66,-0005.86,+0006.84,-0000.98,-0001.00,-0008.50,-0003.90
+1580602807.67,+0010.74,+0006.84,-0000.98,+0001.76,+0003.52,-0009.03
+1580602807.67,+0000.98,+0003.91,-0002.93,-0007.50,+0002.68,-0008.50
+1580602807.68,-0009.77,+0006.84,-0002.93,-0002.68,-0001.07,-0006.20
+1580602807.68,+0000.00,+0006.84,-0001.95,+0000.46,-0001.07,-0010.57
+1580602807.69,+0000.98,+0002.93,-0002.93,+0000.08,+0000.08,-0008.80
+1580602807.69,-0000.98,+0003.91,-0002.93,-0001.15,-0001.53,-0002.60
+1580602807.70,-0009.77,+0008.79,-0002.93,-0005.28,-0006.51,-0004.75
+1580602807.70,-0000.98,+0005.86,-0001.95,+0004.29,+0002.83,-0014.55
+1580602807.71,+0001.95,+0003.91,-0002.93,-0006.97,-0005.05,-0006.81
+1580602807.71,-0002.93,+0004.88,-0002.93,-0000.84,+0000.38,-0015.54
+1580602807.72,-0005.86,+0008.79,-0002.93,-0003.29,-0009.72,-0003.98
+1580602807.72,+0002.93,+0004.88,-0003.91,+0004.82,+0011.64,-0022.59
+1580602807.73,-0009.77,+0003.91,-0004.88,-0011.56,-0005.44,-0011.33
+1580602807.73,+0003.91,+0009.77,-0002.93,-0005.90,+0000.31,-0014.55
+1580602807.74,+0000.98,+0003.91,-0003.91,-0001.00,+0002.30,-0012.25
+1580602807.74,-0004.88,+0007.81,-0002.93,+0004.90,+0002.14,-0015.01
+1580602807.75,+0001.95,+0009.77,-0002.93,-0004.90,-0008.04,-0005.21
+1580602807.75,+0001.95,+0009.77,-0002.93,-0004.67,+0000.23,-0006.74
+1580602807.76,-0004.88,+0007.81,-0002.93,+0005.82,+0000.31,-0012.10
+1580602807.76,+0005.86,+0013.67,-0001.95,-0002.60,-0010.57,-0003.06
+1580602807.77,+0002.93,+0008.79,-0002.93,-0002.76,+0000.84,-0013.09
+1580602807.77,-0007.81,+0010.74,-0002.93,+0003.68,-0010.72,-0002.37
+1580602807.78,+0011.72,+0014.65,-0001.95,+0002.76,+0003.75,-0015.70
+1580602807.78,-0006.84,+0007.81,-0001.95,-0009.80,+0003.52,-0015.39
+1580602807.79,+0007.81,+0012.70,-0000.98,-0000.08,+0002.91,-0023.12
+1580602807.79,-0000.98,+0012.70,-0000.98,-0003.37,-0002.45,-0006.51
+1580602807.80,+0004.88,+0012.70,+0000.00,+0005.67,-0002.91,-0009.57
+1580602807.80,+0007.81,+0009.77,-0001.95,+0006.35,+0005.05,-0013.86
+1580602807.81,-0006.84,+0013.67,-0002.93,-0006.28,-0007.89,-0006.28
+1580602807.81,+0009.77,+0012.70,-0002.93,+0005.67,+0000.31,-0005.74
+1580602807.82,+0002.93,+0008.79,-0003.91,-0003.83,+0002.60,-0008.12
+1580602807.82,-0002.93,+0008.79,-0003.91,+0003.75,+0001.68,-0001.23
+1580602807.83,-0004.88,+0015.62,-0002.93,-0004.13,+0001.53,-0018.76
+1580602807.83,-0000.98,+0007.81,-0001.95,+0004.13,-0002.22,-0004.90
+1580602807.84,+0000.98,+0011.72,-0001.95,-0009.49,-0001.76,-0013.17
+1580602807.84,-0003.91,+0008.79,-0001.95,+0006.81,-0001.68,-0001.91
+1580602807.85,-0003.91,+0013.67,-0002.93,-0008.19,+0001.76,-0013.25
+1580602807.85,-0008.79,+0005.86,-0004.88,+0001.76,-0000.23,-0005.51
+1580602807.86,-0002.93,+0009.77,-0005.86,-0006.12,-0001.38,-0010.49
+1580602807.86,-0003.91,+0004.88,-0007.81,+0001.45,+0001.53,-0008.73
+1580602807.87,-0007.81,+0007.81,-0006.84,-0002.07,+0000.54,-0011.64
+1580602807.87,-0007.81,+0006.84,-0006.84,-0000.46,+0002.83,-0017.46
+1580602807.88,-0005.86,+0006.84,-0007.81,-0004.82,-0006.58,-0006.81
+1580602807.88,+0000.00,+0004.88,-0009.77,+0002.68,+0008.04,-0017.15
+1580602807.89,-0010.74,+0005.86,-0009.77,-0007.43,-0000.23,-0013.25
+1580602807.89,-0003.91,+0007.81,-0009.77,-0001.45,+0001.38,-0015.24
+1580602807.90,+0000.98,+0003.91,-0011.72,-0006.74,+0000.15,-0008.96
+1580602807.90,-0004.88,+0003.91,-0012.70,+0002.14,+0002.53,-0014.16
+1580602807.91,-0003.91,+0005.86,-0011.72,+0000.69,+0001.76,-0013.40
+1580602807.91,+0000.00,+0005.86,-0011.72,-0002.14,-0005.97,-0008.19
+1580602807.92,+0006.84,+0000.98,-0011.72,+0001.23,+0000.54,-0009.42
+1580602807.92,+0000.98,+0004.88,-0012.70,-0006.05,-0000.15,-0011.10
+1580602807.93,+0006.84,+0002.93,-0012.70,+0001.30,+0001.15,-0008.65
+1580602807.93,+0004.88,+0003.91,-0014.65,-0005.74,+0003.98,-0016.77
+1580602807.94,+0000.00,+0000.98,-0015.62,+0000.46,-0003.60,-0011.71
+1580602807.94,+0018.55,+0002.93,-0014.65,-0000.69,-0007.58,-0005.67
+1580602807.95,+0006.84,-0001.95,-0015.62,-0004.82,-0001.53,-0008.80
+1580602807.95,+0004.88,-0000.98,-0015.62,+0004.29,+0000.15,+0002.53
+1580602807.96,+0000.98,+0003.91,-0015.62,-0000.46,+0001.15,-0019.06
+1580602807.96,+0001.95,-0004.88,-0016.60,+0007.58,+0001.30,-0009.49
+1580602807.97,+0003.91,-0001.95,-0015.62,-0008.42,+0004.44,-0012.56
+1580602807.97,-0005.86,-0003.91,-0016.60,+0006.43,-0001.84,-0008.50
+1580602807.98,+0000.98,-0002.93,-0016.60,-0003.83,-0001.15,-0005.82
+1580602807.98,-0005.86,-0005.86,-0017.58,-0007.58,+0001.99,-0007.27
+1580602807.99,-0002.93,-0007.81,-0018.55,+0001.68,-0006.81,-0003.90
+1580602807.99,+0000.98,-0008.79,-0020.51,-0005.74,+0006.97,-0002.53
+1580602808.00,-0025.39,-0009.77,-0021.48,-0004.29,-0008.65,-0003.14
+1580602808.00,-0000.98,-0007.81,-0019.53,+0004.82,+0001.30,-0018.76
+1580602808.01,-0000.98,-0011.72,-0021.48,-0012.02,+0001.00,-0017.07
+1580602808.01,-0007.81,-0016.60,-0022.46,+0001.84,+0000.38,-0002.22
+1580602808.02,-0002.93,-0007.81,-0023.44,-0005.28,-0005.05,-0008.88
+1580602808.02,+0001.95,-0013.67,-0024.41,+0000.77,+0001.00,-0011.41
+1580602808.03,+0000.00,-0015.62,-0024.41,-0003.29,-0000.15,-0007.58
+1580602808.03,-0002.93,-0011.72,-0022.46,-0000.84,+0002.91,-0013.40
+1580602808.04,+0000.00,-0010.74,-0022.46,-0004.75,-0011.87,-0005.28
+1580602808.04,+0011.72,-0015.62,-0022.46,+0002.76,+0011.48,-0013.70
+1580602808.05,-0009.77,-0012.70,-0023.44,-0008.58,+0000.46,-0013.86
+1580602808.05,+0002.93,-0009.77,-0021.48,-0001.23,+0001.23,-0019.98
+1580602808.06,+0004.88,-0013.67,-0020.51,-0006.20,+0000.38,-0016.15
+1580602808.06,+0005.86,-0014.65,-0019.53,+0008.50,-0000.69,-0003.22
+1580602808.07,+0000.00,-0009.77,-0019.53,-0003.83,-0005.21,-0007.20
+1580602808.07,+0002.93,-0011.72,-0017.58,+0002.30,-0001.68,-0007.96
+1580602808.08,+0012.70,-0010.74,-0019.53,-0002.76,+0005.51,-0012.94
+1580602808.08,-0005.86,-0013.67,-0019.53,-0002.07,-0000.69,-0008.58
+1580602808.09,+0005.86,-0007.81,-0016.60,-0004.75,-0000.77,-0015.01
+1580602808.09,+0006.84,-0012.70,-0016.60,+0002.37,-0001.07,-0008.42
+1580602808.10,+0003.91,-0011.72,-0016.60,+0003.68,-0001.61,-0000.61
+1580602808.10,-0001.95,-0008.79,-0015.62,-0000.77,-0001.07,-0005.59
+1580602808.11,-0005.86,-0009.77,-0013.67,-0001.07,-0000.54,-0007.58
+1580602808.11,-0000.98,-0011.72,-0013.67,+0001.00,+0004.52,-0015.08
+1580602808.12,+0000.00,-0010.74,-0010.74,-0004.82,-0005.97,-0013.09
+1580602808.12,+0006.84,-0009.77,-0009.77,+0001.61,+0012.33,-0023.96
+1580602808.13,-0018.55,-0009.77,-0010.74,-0012.48,-0017.38,+0004.90
+1580602808.13,+0008.79,-0005.86,-0008.79,+0019.45,+0011.10,-0013.70
+1580602808.14,-0011.72,-0011.72,-0011.72,-0017.07,-0000.92,-0018.91
+1580602808.14,-0001.95,-0010.74,-0008.79,+0003.22,+0001.53,-0011.18
+1580602808.15,+0000.98,-0004.88,-0008.79,-0010.41,-0000.31,-0014.78
+1580602808.15,-0009.77,-0009.77,-0006.84,+0007.35,+0002.30,-0008.27
+1580602808.16,+0000.98,-0005.86,-0006.84,+0004.90,+0003.98,-0016.69
+1580602808.16,-0001.95,-0004.88,-0005.86,-0003.37,-0002.37,-0013.17
+1580602808.17,+0000.98,-0007.81,-0004.88,+0002.45,-0004.82,-0001.15
+1580602808.17,-0000.98,-0001.95,-0003.91,+0005.44,+0003.06,-0017.23
+1580602808.18,-0005.86,-0004.88,-0003.91,+0005.44,+0000.08,-0015.24
+1580602808.18,+0007.81,-0000.98,-0002.93,-0005.13,-0004.75,-0009.34
+1580602808.19,+0003.91,-0004.88,-0003.91,+0003.68,+0006.12,-0015.01
+1580602808.19,-0003.91,-0000.98,-0002.93,+0000.69,-0006.43,-0009.26
+1580602808.20,+0010.74,+0000.98,-0000.98,+0001.61,+0001.84,-0016.23
+1580602808.20,+0004.88,-0003.91,-0001.95,-0002.76,-0000.31,-0010.80
+1580602808.21,+0005.86,-0000.98,-0000.98,+0002.22,-0004.44,-0002.60
+1580602808.21,+0002.93,+0001.95,-0000.98,-0002.22,+0002.07,-0013.86
+1580602808.22,-0000.98,+0000.00,+0000.98,+0004.29,-0006.66,-0003.22
+1580602808.22,+0014.65,+0001.95,+0000.98,-0001.23,-0000.77,-0012.33
+1580602808.23,+0002.93,-0001.95,+0000.98,+0002.45,+0002.91,-0010.26
+1580602808.23,+0000.00,+0002.93,+0000.98,-0004.52,-0006.66,-0006.28
+1580602808.24,+0009.77,+0000.98,+0001.95,+0003.83,+0001.38,-0007.35
+1580602808.24,-0005.86,-0000.98,+0000.98,-0002.07,+0005.74,-0014.01
+1580602808.25,+0000.98,+0000.00,+0002.93,+0006.43,+0006.66,-0015.47
+1580602808.25,-0005.86,+0001.95,+0002.93,-0008.96,-0000.61,-0011.64
+1580602808.26,-0008.79,-0002.93,+0003.91,+0005.74,+0002.53,-0010.80
+1580602808.26,+0001.95,+0000.00,+0002.93,+0000.23,+0003.06,-0016.31
+1580602808.27,+0000.00,-0004.88,+0000.98,-0005.13,-0007.50,+0006.58
+1580602808.27,-0003.91,-0004.88,+0000.00,+0005.36,+0012.79,-0016.84
+1580602808.28,-0021.48,-0002.93,-0000.98,-0009.19,-0008.73,-0008.12
+1580602808.28,-0000.98,+0000.00,-0000.98,-0004.90,-0002.22,-0019.98
+1580602808.29,-0000.98,-0009.77,-0000.98,-0000.69,-0000.38,-0002.22
+1580602808.29,-0002.93,-0002.93,-0000.98,+0009.03,+0004.44,-0016.23
+1580602808.30,-0011.72,-0001.95,+0000.98,-0008.19,-0003.98,-0012.71
+1580602808.30,+0007.81,-0000.98,+0001.95,-0006.66,+0002.14,-0008.50
+1580602808.31,-0008.79,-0006.84,+0000.00,+0001.99,+0005.74,-0015.39
+1580602808.31,-0006.84,+0000.98,+0000.00,+0001.00,-0009.80,-0004.06
+1580602808.32,+0012.70,+0000.00,+0000.00,-0001.84,+0002.07,-0009.19
+1580602808.32,-0003.91,-0007.81,-0001.95,-0002.91,+0001.23,-0002.37
+1580602808.33,-0006.84,+0000.00,+0000.00,+0004.90,-0000.92,-0009.34
+1580602808.33,-0001.95,+0002.93,+0000.00,+0000.54,+0002.30,-0023.81
+1580602808.34,+0017.58,-0005.86,+0000.00,+0003.29,+0006.35,-0009.42
+1580602808.34,-0000.98,-0002.93,+0000.00,-0004.75,+0003.29,-0015.08
+1580602808.35,-0005.86,+0001.95,+0002.93,+0006.58,-0004.29,-0005.82
+1580602808.35,+0007.81,+0003.91,+0002.93,-0003.22,-0001.45,-0007.12
+1580602808.36,+0008.79,-0005.86,+0001.95,+0008.12,+0004.13,-0013.63
+1580602808.36,-0002.93,+0000.00,+0001.95,-0008.12,-0004.13,-0004.52
+1580602808.37,+0003.91,+0002.93,+0003.91,+0007.66,+0000.54,-0013.25
+1580602808.37,+0000.00,-0003.91,+0002.93,+0002.91,-0001.00,-0005.90
+1580602808.38,+0003.91,-0000.98,+0001.95,-0000.08,+0001.61,-0003.90
+1580602808.38,-0002.93,+0000.98,+0001.95,-0001.68,-0000.77,-0014.55
+1580602808.39,+0004.88,-0002.93,+0002.93,+0001.15,-0006.81,-0002.22
+1580602808.39,+0006.84,-0003.91,+0000.98,-0004.52,+0009.11,-0012.48
+1580602808.40,-0013.67,-0003.91,+0000.98,+0002.07,-0000.08,-0006.43
+1580602808.40,-0002.93,+0000.00,+0001.95,+0002.30,-0003.06,-0012.33
+1580602808.41,+0004.88,-0005.86,+0000.98,-0004.36,+0002.22,-0002.99
+1580602808.41,-0007.81,-0007.81,+0000.00,+0006.66,+0009.49,-0017.99
+1580602808.42,-0015.62,-0002.93,+0001.95,-0006.66,-0008.65,-0006.20
+1580602808.42,+0003.91,-0001.95,+0002.93,-0010.26,+0001.23,-0003.37
+1580602808.43,-0005.86,-0012.70,+0000.00,+0004.75,+0008.73,-0013.32
+1580602808.43,-0021.48,-0004.88,-0000.98,-0006.66,-0004.90,-0007.27
+1580602808.44,-0001.95,-0002.93,-0000.98,+0004.21,-0001.30,-0018.83
+1580602808.44,+0003.91,-0011.72,-0001.95,+0004.52,+0006.97,-0014.70
+1580602808.45,-0013.67,-0008.79,-0002.93,-0008.35,-0007.35,-0004.52
+1580602808.45,+0000.00,-0003.91,-0002.93,+0007.20,-0000.84,-0008.58
+1580602808.46,-0004.88,-0006.84,-0003.91,+0000.15,+0000.61,-0009.03
+1580602808.46,-0001.95,-0008.79,-0002.93,+0003.29,-0007.35,-0004.44
+1580602808.47,+0005.86,-0003.91,-0002.93,+0000.77,+0005.59,-0019.37
+1580602808.47,-0006.84,-0007.81,-0003.91,-0000.69,-0003.45,-0007.81
+1580602808.48,+0004.88,-0003.91,-0001.95,-0000.84,-0001.23,-0015.77
+1580602808.48,+0009.77,-0006.84,-0001.95,-0000.54,-0002.76,-0003.06
+1580602808.49,+0003.91,-0004.88,-0001.95,+0001.45,+0003.68,-0015.54
+1580602808.49,+0000.98,-0002.93,-0000.98,-0002.37,-0003.98,-0007.73
+1580602808.50,+0007.81,-0001.95,-0001.95,-0004.13,-0000.46,-0014.55
+1580602808.50,+0006.84,-0006.84,-0002.93,-0000.38,-0001.99,-0005.67
+1580602808.51,+0008.79,-0002.93,-0001.95,+0003.29,+0001.61,-0009.19
+1580602808.51,-0003.91,-0002.93,-0000.98,+0005.97,+0000.31,-0010.34
+1580602808.52,+0000.98,+0000.98,+0000.00,-0003.45,-0002.76,-0003.37
+1580602808.52,+0006.84,-0003.91,+0000.00,+0001.84,+0001.99,-0010.87
+1580602808.53,-0004.88,-0003.91,+0000.00,-0002.07,+0002.60,-0004.90
+1580602808.53,-0009.77,+0000.00,+0000.98,-0003.90,-0008.04,-0010.11
+1580602808.54,+0006.84,-0001.95,+0000.98,-0000.46,+0003.60,-0006.89
+1580602808.54,-0005.86,-0003.91,-0001.95,-0002.45,+0005.74,-0010.41
+1580602808.55,-0014.65,-0001.95,-0000.98,+0004.06,+0002.07,-0019.52
+1580602808.55,-0000.98,+0001.95,+0000.00,-0009.11,-0007.04,-0004.90
+1580602808.56,+0000.00,-0006.84,-0000.98,+0006.58,+0008.27,-0014.09
+1580602808.56,-0015.62,-0002.93,-0000.98,-0005.13,-0001.53,-0007.35
+1580602808.57,-0000.98,+0001.95,+0000.00,+0001.30,+0006.66,-0014.93
+1580602808.57,-0008.79,-0003.91,-0000.98,-0007.12,-0003.29,-0010.03
+1580602808.58,-0000.98,-0003.91,-0000.98,+0005.36,-0003.52,-0003.90
+1580602808.58,-0002.93,+0001.95,-0001.95,-0004.36,-0004.75,-0010.57
+1580602808.59,-0004.88,-0001.95,-0001.95,+0006.66,+0001.15,-0014.09
+1580602808.59,+0000.98,+0001.95,-0000.98,-0003.90,-0002.83,-0017.99
+1580602808.60,+0010.74,-0000.98,+0000.00,+0000.61,-0001.68,+0000.31
+1580602808.60,-0011.72,+0002.93,+0000.00,-0005.59,-0007.43,-0001.99
+1580602808.61,+0004.88,+0003.91,+0000.98,+0008.35,-0000.08,-0012.33
+1580602808.61,+0006.84,+0002.93,-0001.95,-0012.25,+0002.68,-0017.61
+1580602808.62,+0000.00,-0000.98,-0001.95,-0003.52,-0002.60,-0009.65
+1580602808.62,+0011.72,+0006.84,-0000.98,+0002.30,-0002.37,-0013.32
+1580602808.63,+0009.77,+0000.98,-0000.98,-0004.21,+0001.76,-0002.68
+1580602808.63,-0002.93,+0003.91,-0000.98,+0006.74,+0004.44,-0016.00
+1580602808.64,+0004.88,+0006.84,+0000.00,+0006.66,-0005.67,-0007.50
+1580602808.64,+0023.44,+0003.91,+0000.00,-0005.51,+0005.05,-0003.75
+1580602808.65,-0006.84,+0000.98,+0000.00,+0003.75,+0008.80,-0013.93
+1580602808.65,-0003.91,+0007.81,+0002.93,+0007.96,-0001.53,-0015.77
+1580602808.66,+0011.72,+0008.79,+0001.95,-0009.19,+0002.30,-0010.80
+1580602808.66,+0002.93,-0003.91,+0000.00,-0000.77,-0000.61,+0002.76
+1580602808.67,-0004.88,+0005.86,-0000.98,+0003.83,+0005.51,-0012.17
+1580602808.67,-0005.86,+0005.86,+0000.98,+0004.52,-0000.15,-0010.34
+1580602808.68,+0006.84,+0001.95,+0000.98,-0003.37,+0001.00,-0005.13
+1580602808.68,-0005.86,-0001.95,+0000.00,+0003.22,+0005.05,-0010.49
+1580602808.69,-0009.77,+0003.91,+0000.00,-0004.44,-0006.28,+0004.67
+1580602808.69,-0011.72,+0003.91,-0002.93,-0006.66,-0003.37,-0013.86
+1580602808.70,-0005.86,-0002.93,-0002.93,+0005.97,+0004.36,-0016.00
+1580602808.70,-0007.81,+0000.98,-0003.91,-0002.76,-0000.15,-0023.20
+1580602808.71,+0015.62,-0001.95,-0006.84,+0003.22,+0024.58,-0030.78
+1580602808.71,-0032.23,-0000.98,-0009.77,-0024.42,-0009.42,-0005.82
+1580602808.72,-0009.77,+0001.95,-0000.98,+0034.84,+0000.92,-0012.71
+1580602808.72,+0009.77,+0008.79,-0000.98,-0016.69,-0007.27,-0021.21
+1580602808.73,-0004.88,-0013.67,-0002.93,+0001.76,+0003.14,-0001.23
+1580602808.73,-0004.88,+0006.84,-0000.98,-0001.99,-0009.72,-0014.16
+1580602808.74,+0010.74,+0002.93,-0001.95,-0002.83,-0004.82,+0002.14
+1580602808.74,-0005.86,-0001.95,-0006.84,-0007.81,-0003.14,-0003.75
+1580602808.75,-0004.88,-0000.98,-0005.86,+0006.51,-0003.60,-0023.58
+1580602808.75,+0017.58,+0001.95,-0005.86,-0000.77,-0005.13,+0001.38
+1580602808.76,-0001.95,-0003.91,-0007.81,+0002.99,+0011.10,-0025.95
+1580602808.76,-0006.84,+0000.98,-0003.91,+0009.80,-0003.06,-0023.96
+1580602808.77,+0022.46,+0005.86,+0000.00,-0007.58,-0017.99,+0003.52
+1580602808.77,+0027.34,-0004.88,-0001.95,+0008.27,+0015.77,-0005.97
+1580602808.78,-0028.32,-0001.95,-0002.93,+0011.94,-0012.86,-0001.99
+1580602808.78,+0004.88,+0010.74,+0000.00,+0000.38,-0002.91,-0024.73
+1580602808.79,+0023.44,+0000.00,-0003.91,-0008.80,-0001.68,-0004.36
+1580602808.79,-0001.95,-0011.72,-0004.88,+0003.75,+0007.96,-0005.97
+1580602808.80,-0005.86,+0003.91,-0001.95,+0003.75,-0005.05,-0010.11
+1580602808.80,+0005.86,+0003.91,+0000.00,-0005.74,+0001.91,-0008.96
+1580602808.81,+0002.93,-0007.81,-0001.95,-0001.00,+0001.15,-0004.67
+1580602808.81,+0000.00,-0004.88,-0001.95,+0003.37,+0007.27,-0015.77
+1580602808.82,-0013.67,+0000.98,-0001.95,-0006.28,-0007.96,-0006.81
+1580602808.82,+0001.95,-0004.88,-0000.98,+0008.19,+0000.08,-0011.18
+1580602808.83,+0000.00,-0008.79,-0002.93,-0003.90,+0002.30,-0007.81
+1580602808.83,-0017.58,-0007.81,-0002.93,+0000.54,-0006.20,-0005.36
+1580602808.84,+0000.00,-0002.93,-0001.95,-0000.23,-0001.84,-0014.24
+1580602808.84,-0003.91,-0010.74,-0003.91,-0001.38,+0004.29,-0013.55
+1580602808.85,-0007.81,-0011.72,-0003.91,+0007.35,+0001.23,-0011.64
+1580602808.85,-0009.77,-0006.84,-0002.93,-0007.89,+0003.90,-0008.58
+1580602808.86,-0012.70,-0010.74,-0002.93,+0001.61,-0004.06,-0016.69
+1580602808.86,+0002.93,-0011.72,-0004.88,-0000.92,+0000.54,-0015.62
+1580602808.87,+0000.00,-0012.70,-0005.86,-0001.45,-0003.68,-0011.10
+1580602808.87,-0001.95,-0010.74,-0004.88,+0001.45,+0000.46,-0020.21
+1580602808.88,+0009.77,-0010.74,-0005.86,-0003.68,-0015.39,+0008.27
+1580602808.88,+0002.93,-0010.74,-0006.84,+0005.28,+0015.70,-0020.75
+1580602808.89,-0006.84,-0013.67,-0005.86,+0016.31,-0003.14,-0009.88
+1580602808.89,+0010.74,-0004.88,-0003.91,-0004.82,-0001.15,-0015.47
+1580602808.90,+0006.84,-0019.53,-0003.91,-0001.68,-0004.44,-0006.89
+1580602808.90,+0005.86,-0009.77,-0002.93,-0005.74,-0000.77,-0014.16
+1580602808.91,-0002.93,-0009.77,-0001.95,+0002.14,-0001.68,-0016.38
+1580602808.91,+0018.55,-0009.77,-0000.98,+0000.00,-0009.26,+0001.07
+1580602808.92,+0002.93,-0014.65,-0002.93,+0002.53,+0016.61,-0018.76
+1580602808.92,-0017.58,-0009.77,+0000.00,+0006.81,-0007.12,-0006.89
+1580602808.93,+0013.67,-0004.88,+0002.93,-0001.53,+0000.61,-0016.61
+1580602808.93,+0004.88,-0017.58,+0001.95,-0001.53,+0001.53,-0011.33
+1580602808.94,-0007.81,-0012.70,+0001.95,-0000.61,-0000.38,-0012.79
+1580602808.94,-0009.77,-0005.86,+0002.93,+0000.00,-0004.59,-0005.44
+1580602808.95,+0001.95,-0012.70,+0002.93,+0000.54,+0001.38,-0012.63
+1580602808.95,-0000.98,-0015.62,+0001.95,-0002.68,+0000.23,+0000.54
+1580602808.96,-0015.62,-0008.79,+0002.93,-0002.53,-0005.90,-0000.54
+1580602808.96,-0008.79,-0010.74,+0003.91,+0008.27,+0006.74,-0020.98
+1580602808.97,-0007.81,-0013.67,+0003.91,-0007.73,-0009.42,-0009.80
+1580602808.97,+0002.93,-0013.67,+0004.88,-0000.46,+0003.14,-0014.93
+1580602808.98,-0014.65,-0010.74,+0004.88,+0002.83,-0006.66,-0006.58
+1580602808.98,-0002.93,-0006.84,+0006.84,+0001.15,-0001.61,-0010.34
+1580602808.99,+0001.95,-0009.77,+0006.84,-0002.22,-0001.53,-0009.65
+1580602808.99,-0007.81,-0009.77,+0006.84,+0000.00,-0009.42,+0003.68
+1580602809.00,+0005.86,-0006.84,+0007.81,+0005.97,+0006.20,-0019.75
+1580602809.00,-0010.74,-0008.79,+0007.81,-0006.43,-0000.84,-0008.12
+1580602809.01,+0001.95,-0006.84,+0008.79,-0002.53,-0009.03,-0008.50
+1580602809.01,+0021.48,-0006.84,+0006.84,+0002.22,+0004.52,-0010.34
+1580602809.02,+0001.95,-0007.81,+0004.88,-0004.59,-0008.65,+0007.66
+1580602809.02,-0007.81,-0002.93,+0005.86,+0012.40,+0016.46,-0014.85
+1580602809.03,-0026.37,+0000.00,+0010.74,+0013.55,-0005.51,-0017.99
+1580602809.03,+0018.55,+0007.81,+0016.60,+0000.77,+0001.99,-0029.78
+1580602809.04,+0018.55,-0010.74,+0014.65,-0006.58,-0003.45,-0005.82
+1580602809.04,-0007.81,+0000.00,+0016.60,+0013.02,+0009.19,-0007.12
+1580602809.05,-0006.84,+0009.77,+0015.62,+0007.66,-0007.27,-0005.90
+1580602809.05,+0018.55,+0003.91,+0014.65,-0003.90,+0001.84,-0006.81
+1580602809.06,+0000.98,-0007.81,+0012.70,+0001.84,+0006.89,-0007.73
+1580602809.06,-0004.88,+0005.86,+0015.62,+0007.04,+0006.35,-0020.44
+1580602809.07,-0001.95,+0009.77,+0015.62,-0005.44,-0008.35,-0005.13
+1580602809.07,+0013.67,+0000.98,+0015.62,+0007.20,+0004.75,-0011.56
+1580602809.07,+0001.95,+0003.91,+0016.60,-0000.08,-0001.23,-0010.80
+1580602809.08,+0006.84,+0010.74,+0019.53,+0001.84,-0008.19,+0002.76
+1580602809.08,+0014.65,+0009.77,+0017.58,-0004.21,+0013.48,-0011.71
+1580602809.09,-0019.53,+0006.84,+0015.62,+0003.83,+0000.54,-0011.18
+1580602809.09,+0005.86,+0013.67,+0017.58,+0002.07,+0007.50,-0018.68
+1580602809.10,+0001.95,+0010.74,+0016.60,-0009.42,+0002.53,-0005.67
+1580602809.10,-0010.74,+0004.88,+0015.62,+0006.28,+0003.52,-0009.88
+1580602809.11,-0007.81,+0015.62,+0015.62,-0011.48,-0000.61,-0016.15
+1580602809.11,+0003.91,+0010.74,+0012.70,+0000.92,+0003.52,-0013.32
+1580602809.12,-0000.98,+0005.86,+0009.77,-0007.04,-0006.89,+0000.00
+1580602809.12,-0005.86,+0010.74,+0007.81,+0007.35,+0008.27,-0009.11
+1580602809.13,-0018.55,+0011.72,+0007.81,+0005.97,-0002.14,-0010.41
+1580602809.13,+0001.95,+0012.70,+0008.79,-0000.77,-0000.54,-0016.31
+1580602809.14,+0003.91,+0005.86,+0005.86,-0009.19,+0000.38,-0008.58
+1580602809.14,-0006.84,+0011.72,+0004.88,+0006.58,+0001.53,-0008.42
+1580602809.15,-0002.93,+0011.72,+0002.93,+0003.22,-0000.77,-0009.03
+1580602809.15,+0003.91,+0007.81,+0001.95,-0005.59,+0004.67,-0016.15
+1580602809.16,-0006.84,+0005.86,+0000.98,-0002.14,+0000.15,-0013.93
+1580602809.16,+0011.72,+0010.74,+0000.00,-0002.76,+0008.58,-0018.68
+1580602809.17,-0002.93,+0005.86,-0004.88,-0010.11,-0003.60,-0012.48
+1580602809.17,+0000.98,+0004.88,-0003.91,+0006.89,-0001.15,-0005.90
+1580602809.18,+0009.77,+0009.77,-0003.91,-0005.21,-0000.69,-0016.54
+1580602809.18,-0000.98,+0002.93,-0003.91,+0001.84,+0000.69,-0008.50
+1580602809.19,+0008.79,+0007.81,-0003.91,-0010.18,-0004.82,-0005.74
+1580602809.19,+0003.91,+0006.84,-0005.86,+0004.75,+0008.88,-0020.83
+1580602809.20,+0006.84,+0002.93,-0006.84,+0010.95,+0012.94,-0016.54
+1580602809.20,+0000.00,+0007.81,-0007.81,-0014.85,+0000.08,-0010.95
+1580602809.21,-0004.88,-0000.98,-0007.81,+0006.35,-0009.57,-0004.21
+1580602809.21,+0026.37,+0003.91,-0008.79,+0000.54,-0002.83,+0002.91
+1580602809.22,-0010.74,-0002.93,-0011.72,-0004.06,+0005.74,-0014.24
+1580602809.22,-0028.32,+0000.00,-0009.77,+0000.38,-0005.59,-0006.43
+1580602809.23,+0009.77,+0005.86,-0010.74,+0002.45,+0001.07,-0023.28
+1580602809.23,-0002.93,-0008.79,-0014.65,-0009.11,+0005.67,-0013.32
+1580602809.24,-0005.86,-0008.79,-0014.65,+0001.53,+0003.52,-0007.27
+1580602809.24,-0012.70,+0001.95,-0012.70,-0009.49,-0002.99,-0012.86
+1580602809.25,-0001.95,-0005.86,-0012.70,+0003.06,+0002.14,-0002.30
+1580602809.25,-0014.65,-0007.81,-0015.62,-0005.44,-0003.68,-0007.04
+1580602809.26,-0001.95,-0004.88,-0014.65,+0004.52,+0001.76,-0012.33
+1580602809.26,+0001.95,-0006.84,-0015.62,-0008.58,-0009.34,-0003.45
+1580602809.27,-0007.81,-0011.72,-0017.58,+0005.59,+0009.72,-0011.41
+1580602809.27,-0017.58,-0006.84,-0016.60,+0003.45,+0000.61,-0017.15
+1580602809.28,-0003.91,-0002.93,-0012.70,-0002.37,-0005.67,-0020.75
+1580602809.28,+0011.72,-0012.70,-0013.67,-0002.91,-0001.68,-0008.65
+1580602809.29,+0000.00,-0010.74,-0014.65,-0004.52,-0000.08,-0014.62
+1580602809.29,-0008.79,-0006.84,-0013.67,+0001.00,-0006.81,-0006.51
+1580602809.30,+0007.81,-0005.86,-0013.67,-0001.38,-0000.46,-0019.52
+1580602809.30,+0009.77,-0012.70,-0014.65,-0002.45,-0001.00,-0006.05
+1580602809.31,+0003.91,-0008.79,-0012.70,-0005.13,-0001.38,-0008.73
+1580602809.31,+0001.95,-0005.86,-0010.74,+0005.44,+0000.92,-0015.08
+1580602809.32,+0011.72,-0006.84,-0010.74,-0002.60,-0007.35,-0006.05
+1580602809.32,+0012.70,-0009.77,-0009.77,-0001.76,+0000.15,-0013.09
+1580602809.33,+0002.93,-0007.81,-0007.81,+0001.53,-0003.45,+0000.77
+1580602809.33,+0007.81,-0002.93,-0005.86,+0004.82,+0003.22,-0016.92
+1580602809.34,-0000.98,-0008.79,-0004.88,-0003.98,+0001.38,-0007.81
+1580602809.34,+0007.81,-0004.88,-0003.91,-0002.68,+0006.28,-0012.25
+1580602809.35,-0002.93,-0007.81,-0003.91,-0000.84,-0005.05,-0002.60
+1580602809.35,+0002.93,-0007.81,-0001.95,+0001.61,+0003.52,-0003.14
+1580602809.36,-0011.72,-0006.84,-0001.95,-0001.91,-0007.27,-0001.45
+1580602809.36,-0000.98,-0007.81,-0000.98,+0009.26,+0003.98,-0008.12
+1580602809.37,-0009.77,-0007.81,-0000.98,-0006.89,+0007.89,-0021.36
+1580602809.37,-0015.62,-0007.81,+0000.00,+0005.36,-0005.90,-0000.92
+1580602809.38,+0000.98,-0001.95,+0000.98,-0003.83,+0006.28,-0014.70
+1580602809.38,-0013.67,-0008.79,+0000.98,+0003.52,-0003.14,-0011.03
+1580602809.39,-0004.88,-0001.95,+0003.91,+0004.06,-0003.60,-0008.73
+1580602809.39,-0004.88,-0000.98,+0003.91,-0006.20,-0007.43,+0001.84
+1580602809.40,+0000.98,-0003.91,+0003.91,+0009.11,+0009.42,-0017.30
+1580602809.40,-0008.79,+0000.00,+0003.91,-0007.81,-0011.64,-0004.44
+1580602809.41,+0003.91,+0001.95,+0005.86,+0008.58,+0002.14,-0014.55
+1580602809.41,+0000.00,-0000.98,+0006.84,+0003.68,-0002.30,-0006.12
+1580602809.42,+0002.93,+0001.95,+0008.79,+0003.83,-0000.08,-0016.15
+1580602809.42,+0000.98,+0002.93,+0008.79,-0003.45,-0006.51,-0008.96
+1580602809.43,+0007.81,+0004.88,+0009.77,+0008.19,+0003.60,-0014.62
+1580602809.43,+0000.98,+0002.93,+0010.74,+0007.81,-0000.46,-0013.70
+1580602809.44,+0006.84,+0009.77,+0013.67,-0001.53,-0003.60,-0010.03
+1580602809.44,+0007.81,+0005.86,+0013.67,+0001.45,+0004.36,-0012.56
+1580602809.45,+0000.98,+0007.81,+0014.65,+0002.99,+0003.83,-0014.09
+1580602809.45,+0000.98,+0010.74,+0015.62,-0000.84,-0001.45,-0013.25
+1580602809.46,+0008.79,+0008.79,+0014.65,+0000.84,-0003.45,-0012.17
+1580602809.46,+0009.77,+0007.81,+0014.65,+0000.15,+0003.83,-0007.04
+1580602809.47,-0011.72,+0010.74,+0014.65,-0001.91,-0006.66,-0006.58
+1580602809.47,+0007.81,+0014.65,+0016.60,+0006.43,+0000.69,-0012.10
+1580602809.48,+0005.86,+0006.84,+0014.65,-0005.82,-0000.69,-0009.65
+1580602809.48,+0001.95,+0008.79,+0013.67,-0000.84,+0004.59,-0010.34
+1580602809.49,-0014.65,+0012.70,+0013.67,+0001.91,-0005.67,-0005.67
+1580602809.49,-0001.95,+0012.70,+0014.65,+0004.75,+0001.99,-0013.78
+1580602809.50,+0006.84,+0006.84,+0013.67,-0007.20,-0004.44,-0008.65
+1580602809.50,-0002.93,+0008.79,+0012.70,-0004.52,-0002.76,-0007.20
+1580602809.51,-0003.91,+0012.70,+0013.67,+0004.13,-0003.52,-0005.13
+1580602809.51,-0003.91,+0011.72,+0012.70,-0001.38,+0003.22,-0017.99
+1580602809.52,+0000.00,+0006.84,+0011.72,+0003.45,+0000.54,-0010.41
+1580602809.52,+0000.00,+0011.72,+0009.77,-0006.35,+0001.84,-0015.01
+1580602809.53,-0006.84,+0007.81,+0008.79,-0000.31,-0002.14,-0007.89
+1580602809.53,-0002.93,+0011.72,+0007.81,+0001.45,+0001.53,-0017.61
+1580602809.54,+0003.91,+0006.84,+0005.86,+0001.76,+0003.37,-0012.48
+1580602809.54,-0001.95,+0008.79,+0003.91,-0002.76,-0000.08,-0010.03
+1580602809.55,-0006.84,+0008.79,+0002.93,+0002.83,+0002.14,-0012.86
+1580602809.55,+0003.91,+0009.77,+0003.91,+0002.53,+0004.82,-0009.03
+1580602809.56,+0003.91,+0008.79,+0002.93,-0003.29,+0002.68,-0015.01
+1580602809.56,-0008.79,+0007.81,+0003.91,+0001.15,-0004.44,-0003.14
+1580602809.57,+0001.95,+0014.65,+0003.91,+0004.13,+0000.31,-0019.45
+1580602809.57,+0004.88,+0005.86,+0002.93,+0003.29,+0001.61,-0008.19
+1580602809.58,+0001.95,+0009.77,+0002.93,-0002.99,+0003.60,-0014.39
+1580602809.58,-0005.86,+0009.77,+0002.93,+0000.08,-0003.37,-0009.65
+1580602809.59,+0004.88,+0011.72,+0001.95,+0002.60,-0005.21,-0013.86
+1580602809.59,+0005.86,+0004.88,+0000.00,+0000.69,+0002.91,-0012.40
+1580602809.60,+0000.00,+0008.79,-0000.98,-0004.67,-0006.05,-0007.58
+1580602809.60,+0008.79,+0008.79,-0001.95,+0001.15,+0002.91,-0011.41
+1580602809.61,+0009.77,+0005.86,-0001.95,+0002.14,+0000.92,-0001.15
+1580602809.61,+0004.88,+0006.84,-0001.95,+0000.84,-0002.07,-0005.13
+1580602809.62,+0000.98,+0009.77,-0001.95,-0004.52,+0001.53,+0000.00
+1580602809.62,-0004.88,+0010.74,-0000.98,+0003.68,+0001.84,-0019.06
+1580602809.63,+0009.77,+0004.88,+0000.00,+0007.81,+0002.60,-0009.57
+1580602809.63,-0000.98,+0007.81,-0000.98,-0008.35,+0006.58,-0015.77
+1580602809.64,-0010.74,+0005.86,+0000.00,+0004.29,-0005.28,-0003.90
+1580602809.64,+0002.93,+0010.74,-0000.98,-0008.42,-0005.13,-0007.89
+1580602809.65,+0002.93,-0000.98,-0003.91,+0006.05,+0006.66,+0002.45
+1580602809.65,-0017.58,+0006.84,-0004.88,-0003.98,+0008.96,-0021.97
+1580602809.66,-0013.67,+0005.86,-0002.93,+0002.37,-0009.57,-0001.53
+1580602809.66,+0006.84,+0008.79,-0003.91,-0013.32,-0009.95,+0005.90
+1580602809.67,+0002.93,-0003.91,-0006.84,+0011.10,+0016.38,-0019.83
+1580602809.67,-0019.53,+0005.86,-0006.84,-0017.30,-0017.53,-0000.08
+1580602809.68,+0004.88,+0012.70,-0005.86,-0015.62,+0001.76,-0015.47
+1580602809.68,-0015.62,-0001.95,-0006.84,-0002.83,+0001.00,-0015.93
+1580602809.69,-0004.88,+0005.86,-0003.91,+0001.91,-0001.00,-0005.28
+1580602809.69,-0000.98,+0008.79,-0004.88,-0004.21,+0001.61,-0019.45
+1580602809.70,-0009.77,+0000.98,-0005.86,-0000.23,-0003.14,-0011.10
+1580602809.70,+0000.00,+0005.86,-0005.86,-0002.37,-0002.22,-0008.80
+1580602809.71,-0001.95,+0004.88,-0006.84,-0001.38,+0001.00,-0015.93
+1580602809.71,+0003.91,+0001.95,-0008.79,+0001.53,+0003.45,-0013.02
+1580602809.72,+0003.91,+0003.91,-0009.77,-0004.52,-0004.82,-0009.34
+1580602809.72,+0002.93,+0001.95,-0008.79,+0003.45,-0001.30,-0007.89
+1580602809.73,+0007.81,+0004.88,-0007.81,-0001.30,-0000.92,-0010.41
+1580602809.73,+0009.77,+0001.95,-0009.77,+0002.37,+0002.99,-0014.24
+1580602809.74,+0001.95,+0001.95,-0011.72,-0006.35,-0002.60,-0002.45
+1580602809.74,+0003.91,+0003.91,-0010.74,+0006.58,+0002.76,-0020.21
+1580602809.75,+0006.84,-0000.98,-0009.77,+0008.12,+0002.07,-0014.01
+1580602809.75,+0002.93,+0001.95,-0007.81,-0009.72,-0002.76,-0000.69
+1580602809.76,+0003.91,+0000.98,-0006.84,+0003.37,+0005.28,-0009.03
+1580602809.76,-0009.77,+0001.95,-0007.81,-0009.26,+0004.13,-0008.27
+1580602809.77,-0004.88,+0000.98,-0008.79,-0003.37,-0002.99,-0005.13
+1580602809.77,+0004.88,-0002.93,-0009.77,-0000.38,+0004.82,-0009.03
+1580602809.78,-0015.62,-0003.91,-0010.74,-0002.37,+0005.28,-0009.49
+1580602809.78,-0012.70,-0001.95,-0009.77,-0001.76,-0005.97,-0007.66
+1580602809.79,-0001.95,-0001.95,-0009.77,-0008.88,-0003.98,-0010.80
+1580602809.79,+0002.93,-0010.74,-0011.72,+0003.45,+0000.61,+0001.00
+1580602809.80,-0015.62,-0002.93,-0012.70,-0004.82,+0005.44,-0019.60
+1580602809.80,-0010.74,-0003.91,-0009.77,+0007.43,+0003.52,-0019.83
+1580602809.81,+0000.98,-0004.88,-0010.74,-0010.95,-0004.98,-0008.73
+1580602809.81,-0002.93,-0012.70,-0011.72,+0008.65,+0004.82,-0010.11
+1580602809.82,-0014.65,-0001.95,-0010.74,-0003.45,-0000.38,-0016.61
+1580602809.82,+0007.81,-0003.91,-0008.79,-0000.46,+0010.95,-0021.36
+1580602809.83,-0006.84,-0009.77,-0011.72,-0008.58,-0007.66,-0008.80
+1580602809.83,+0000.00,-0007.81,-0009.77,+0008.42,+0000.84,-0007.43
+1580602809.84,+0000.98,-0003.91,-0011.72,-0001.38,-0000.84,-0008.65
+1580602809.84,+0000.98,-0008.79,-0011.72,+0006.12,+0000.31,-0010.03
+1580602809.85,+0003.91,-0004.88,-0009.77,-0004.36,-0002.53,-0010.87
+1580602809.85,+0004.88,-0004.88,-0008.79,+0001.68,-0000.69,-0011.71
+1580602809.86,+0005.86,-0004.88,-0007.81,+0001.68,-0000.77,-0005.44
+1580602809.86,+0004.88,-0003.91,-0006.84,+0001.76,+0000.23,-0019.75
+1580602809.87,+0007.81,-0005.86,-0005.86,-0000.15,-0006.89,-0004.59
+1580602809.87,+0006.84,-0001.95,-0006.84,-0010.03,-0000.54,-0015.62
+1580602809.88,+0000.00,-0007.81,-0007.81,+0008.27,-0001.68,-0004.13
+1580602809.88,+0008.79,-0000.98,-0007.81,-0003.37,-0000.84,-0011.71
+1580602809.89,-0000.98,-0007.81,-0007.81,+0001.45,+0003.68,-0007.89
+1580602809.89,+0003.91,-0002.93,-0005.86,+0002.37,+0003.83,-0005.90
+1580602809.90,+0000.00,-0004.88,-0006.84,-0002.83,+0001.53,-0005.97
+1580602809.90,-0008.79,-0004.88,-0005.86,+0001.99,+0000.77,-0010.03
+1580602809.91,+0000.00,-0002.93,-0003.91,-0000.54,+0004.06,-0012.71
+1580602809.91,-0003.91,-0005.86,-0003.91,-0001.68,-0002.99,-0007.58
+1580602809.92,-0005.86,-0006.84,-0004.88,+0001.68,+0002.53,-0010.80
+1580602809.92,-0004.88,-0005.86,-0004.88,-0005.28,-0005.05,-0012.48
+1580602809.93,+0000.00,-0007.81,-0004.88,-0000.46,-0000.08,-0013.93
+1580602809.93,-0001.95,-0008.79,-0005.86,-0003.45,-0008.80,+0005.90
+1580602809.94,-0003.91,-0004.88,-0005.86,+0007.81,+0011.10,-0021.82
+1580602809.94,-0012.70,-0008.79,-0005.86,+0013.86,+0001.15,-0018.83
+1580602809.95,+0004.88,-0002.93,-0003.91,-0008.19,-0001.07,-0013.32
+1580602809.95,-0000.98,-0012.70,-0004.88,+0001.68,-0002.68,-0010.34
+1580602809.96,-0000.98,-0004.88,-0004.88,+0001.07,+0002.91,-0007.73
+1580602809.96,-0009.77,-0005.86,-0004.88,-0000.38,-0001.45,-0011.71
+1580602809.97,+0003.91,-0006.84,-0003.91,+0003.60,-0001.68,-0008.12
+1580602809.97,+0000.98,-0007.81,-0004.88,-0004.29,+0002.83,-0014.09
+1580602809.98,-0002.93,-0006.84,-0003.91,+0001.91,-0005.28,-0003.98
+1580602809.98,+0001.95,-0004.88,-0004.88,-0003.75,-0002.99,-0014.24
+1580602809.99,+0004.88,-0009.77,-0004.88,+0002.91,-0002.99,-0009.34
+1580602809.99,+0005.86,-0006.84,-0004.88,+0000.00,+0001.91,-0012.94
+1580602810.00,-0002.93,-0005.86,-0003.91,+0001.38,-0005.44,-0015.24
+1580602810.00,+0010.74,-0005.86,-0003.91,-0000.92,-0001.68,-0007.43
+1580602810.01,+0008.79,-0009.77,-0004.88,-0001.84,+0004.29,-0011.33
+1580602810.01,-0003.91,-0006.84,-0003.91,+0002.37,-0000.61,-0011.25
+1580602810.02,+0008.79,-0003.91,-0001.95,+0002.76,+0001.99,-0015.93
+1580602810.02,+0005.86,-0009.77,-0002.93,-0004.29,+0000.31,+0000.08
+1580602810.03,-0000.98,-0008.79,-0002.93,+0006.58,+0002.07,-0008.12
+1580602810.03,-0001.95,-0007.81,-0002.93,+0004.29,-0000.15,-0013.40
+1580602810.04,-0000.98,-0009.77,-0002.93,-0004.98,-0000.46,-0010.26
+1580602810.04,-0001.95,-0012.70,-0002.93,+0001.45,+0001.76,-0012.17
+1580602810.05,-0001.95,-0009.77,-0002.93,+0001.38,-0002.07,-0012.56
+1580602810.05,+0003.91,-0012.70,-0001.95,+0003.75,+0008.73,-0011.18
+1580602810.06,-0011.72,-0012.70,-0002.93,-0005.51,-0000.92,-0006.20
+1580602810.06,-0008.79,-0010.74,-0001.95,+0002.30,-0000.77,-0010.72
+1580602810.07,-0000.98,-0011.72,-0001.95,-0004.06,+0000.00,-0006.12
+1580602810.07,-0000.98,-0015.62,-0001.95,+0004.67,+0001.07,-0007.27
+1580602810.08,-0012.70,-0009.77,-0001.95,-0003.98,-0000.15,-0012.40
+1580602810.08,-0005.86,-0010.74,-0000.98,+0003.14,-0002.53,-0011.03
+1580602810.09,-0004.88,-0012.70,-0002.93,+0001.15,-0003.22,-0009.03
+1580602810.09,-0000.98,-0010.74,-0002.93,+0004.82,+0001.15,-0011.64
+1580602810.10,-0004.88,-0009.77,-0002.93,-0003.06,-0002.60,-0010.03
+1580602810.10,-0006.84,-0009.77,-0001.95,-0002.68,-0003.60,-0011.41
+1580602810.11,-0001.95,-0008.79,-0000.98,+0005.28,+0001.91,-0018.07
+1580602810.11,+0000.98,-0008.79,+0000.00,-0003.68,-0004.21,-0010.18
+1580602810.12,+0003.91,-0008.79,+0000.00,+0004.98,+0000.15,-0011.87
+1580602810.12,-0001.95,-0006.84,+0000.98,+0002.22,-0002.68,-0011.18
+1580602810.13,+0004.88,-0004.88,+0002.93,-0002.22,-0001.68,-0010.41
+1580602810.13,+0009.77,-0004.88,+0002.93,+0003.37,-0002.76,-0013.86
+1580602810.14,+0014.65,-0006.84,+0003.91,-0004.52,-0005.67,-0001.00
+1580602810.14,+0006.84,-0001.95,+0004.88,-0004.44,+0004.29,-0014.78
+1580602810.15,+0000.00,-0001.95,+0006.84,+0007.43,-0008.88,-0004.59
+1580602810.15,+0015.62,+0000.98,+0006.84,+0000.84,+0006.43,-0016.00
+1580602810.16,+0002.93,-0005.86,+0007.81,+0005.74,-0001.15,+0001.15
+1580602810.16,+0009.77,+0001.95,+0009.77,-0003.14,+0002.14,-0011.18
+1580602810.17,-0000.98,-0001.95,+0009.77,-0001.15,-0000.84,-0004.21
+1580602810.17,-0002.93,+0000.00,+0009.77,+0004.21,+0005.82,-0011.71
+1580602810.18,+0000.98,-0002.93,+0009.77,+0003.60,+0005.21,-0010.72
+1580602810.18,+0001.95,+0000.00,+0009.77,-0002.45,-0005.82,-0006.58
+1580602810.19,-0002.93,-0003.91,+0009.77,+0002.76,+0005.51,-0001.68
+1580602810.19,-0016.60,+0000.98,+0009.77,+0002.07,-0001.91,-0010.64
+1580602810.20,-0003.91,-0000.98,+0010.74,+0002.37,+0000.54,-0011.33
+1580602810.20,-0003.91,-0003.91,+0009.77,-0004.13,+0000.46,-0014.85
+1580602810.21,-0010.74,-0003.91,+0008.79,+0002.76,+0001.45,-0006.20
+1580602810.21,-0007.81,+0000.98,+0007.81,-0002.60,+0001.61,-0011.94
+1580602810.22,-0005.86,-0002.93,+0007.81,+0000.15,-0001.00,-0010.11
+1580602810.22,-0005.86,-0001.95,+0006.84,-0001.30,+0000.69,-0013.70
+1580602810.23,-0001.95,-0001.95,+0006.84,-0003.37,-0001.15,-0003.60
+1580602810.23,+0002.93,-0002.93,+0005.86,+0002.76,-0001.38,-0008.58
+1580602810.24,-0011.72,-0001.95,+0005.86,-0004.52,+0004.36,-0011.56
+1580602810.24,+0000.00,+0001.95,+0006.84,+0006.28,-0011.71,-0007.35
+1580602810.25,+0011.72,-0001.95,+0006.84,+0000.54,-0001.76,-0012.63
+1580602810.25,-0000.98,-0004.88,+0005.86,+0000.69,+0002.99,-0013.32
+1580602810.26,+0000.00,+0001.95,+0006.84,+0000.38,-0008.04,-0010.87
+1580602810.26,+0007.81,+0001.95,+0006.84,-0003.75,-0001.68,-0010.64
+1580602810.27,+0008.79,-0001.95,+0005.86,+0002.83,-0000.08,-0005.13
+1580602810.27,+0000.98,+0001.95,+0005.86,-0001.38,+0006.58,-0015.24
+1580602810.28,-0003.91,+0001.95,+0007.81,-0000.15,-0002.99,-0011.48
+1580602810.28,+0010.74,+0002.93,+0007.81,+0001.23,+0001.00,-0017.30
+1580602810.29,+0000.98,-0000.98,+0006.84,-0003.37,+0000.92,+0000.23
+1580602810.29,-0001.95,+0003.91,+0006.84,+0005.05,+0003.14,-0011.41
+1580602810.30,-0003.91,+0001.95,+0006.84,+0005.28,+0000.23,-0006.58
+1580602810.30,+0003.91,+0002.93,+0007.81,-0003.60,+0002.76,-0007.27
+1580602810.31,-0004.88,-0000.98,+0006.84,-0001.07,-0001.07,-0005.05
+1580602810.31,-0004.88,+0003.91,+0007.81,+0003.60,+0001.53,-0009.26
+1580602810.32,-0007.81,+0001.95,+0006.84,+0002.68,-0000.46,-0008.35
+1580602810.32,-0004.88,+0000.98,+0006.84,+0001.45,+0001.84,-0010.03
+1580602810.33,-0009.77,+0000.00,+0006.84,+0000.00,-0000.54,-0011.87
+1580602810.33,-0006.84,+0002.93,+0006.84,+0001.30,+0000.15,-0010.87
+1580602810.34,-0005.86,+0000.00,+0006.84,+0000.31,-0003.68,-0006.81
+1580602810.34,-0001.95,+0000.00,+0006.84,+0000.84,+0000.54,-0007.96
+1580602810.35,-0008.79,+0001.95,+0005.86,-0001.00,+0000.54,-0007.66
+1580602810.35,-0005.86,+0002.93,+0005.86,-0000.92,-0001.15,-0012.10
+1580602810.36,-0003.91,+0000.98,+0005.86,+0001.00,-0000.31,-0011.94
+1580602810.36,-0003.91,+0002.93,+0005.86,+0002.14,+0002.53,-0014.16
+1580602810.37,-0002.93,+0002.93,+0006.84,-0001.15,-0004.21,-0010.57
+1580602810.37,+0000.00,+0003.91,+0005.86,-0003.14,-0003.83,-0007.12
+1580602810.38,+0000.00,+0001.95,+0004.88,+0001.61,+0004.13,-0014.32
+1580602810.38,-0000.98,+0003.91,+0003.91,-0003.98,-0005.97,-0006.74
+1580602810.39,+0007.81,+0004.88,+0003.91,-0004.06,-0003.60,-0005.82
+1580602810.39,+0005.86,+0001.95,+0004.88,+0003.98,+0003.60,-0016.54
+1580602810.40,-0001.95,+0004.88,+0004.88,-0002.60,-0004.44,-0009.95
+1580602810.40,+0012.70,+0005.86,+0005.86,+0003.29,-0006.28,-0005.90
+1580602810.41,+0002.93,+0005.86,+0005.86,-0004.44,-0003.60,-0007.04
+1580602810.41,+0002.93,+0006.84,+0005.86,+0006.12,+0002.07,-0014.39
+1580602810.42,+0008.79,+0008.79,+0005.86,-0006.97,-0001.38,-0015.01
+1580602810.42,+0007.81,+0003.91,+0004.88,-0001.61,+0001.91,-0009.80
+1580602810.43,-0001.95,+0006.84,+0003.91,+0000.61,-0002.45,-0003.98
+1580602810.43,+0002.93,+0007.81,+0003.91,+0001.68,-0000.54,-0004.75
+1580602810.44,-0001.95,+0006.84,+0003.91,-0000.69,+0007.58,-0013.78
+1580602810.44,+0005.86,+0004.88,+0003.91,+0006.51,+0002.45,-0007.89
+1580602810.45,+0002.93,+0007.81,+0003.91,-0006.58,+0002.76,-0012.02
+1580602810.45,-0006.84,+0005.86,+0004.88,+0005.44,-0001.84,-0003.14
+1580602810.46,-0001.95,+0009.77,+0004.88,-0002.91,-0004.44,-0006.51
+1580602810.46,+0001.95,+0004.88,+0003.91,+0002.76,+0005.59,-0013.02
+1580602810.47,-0004.88,+0005.86,+0002.93,-0005.51,-0002.99,-0007.73
+1580602810.47,-0002.93,+0006.84,+0002.93,+0000.69,+0001.76,-0007.43
+1580602810.48,-0008.79,+0006.84,+0001.95,-0002.14,+0000.84,-0013.02
+1580602810.48,-0006.84,+0004.88,+0002.93,+0003.83,-0001.99,-0013.70
+1580602810.49,+0000.00,+0005.86,+0001.95,-0004.67,+0001.45,-0014.01
+1580602810.49,-0002.93,+0003.91,+0000.00,-0000.15,+0003.14,-0014.24
+1580602810.50,-0007.81,+0006.84,-0000.98,-0000.38,-0005.82,-0008.27
+1580602810.50,+0001.95,+0005.86,-0000.98,+0000.61,+0001.38,-0009.19
+1580602810.51,-0001.95,+0004.88,-0001.95,-0002.60,-0002.22,-0012.33
+1580602810.51,-0001.95,+0005.86,-0000.98,+0002.60,-0001.68,-0015.16
+1580602810.52,-0000.98,+0007.81,-0000.98,-0002.22,-0003.75,-0004.44
+1580602810.52,+0002.93,+0006.84,-0001.95,+0002.60,+0003.29,-0014.62
+1580602810.53,-0000.98,+0004.88,-0002.93,-0006.66,-0001.99,-0008.42
+1580602810.53,+0005.86,+0007.81,-0002.93,-0002.45,-0002.91,-0009.95
+1580602810.54,+0003.91,+0003.91,-0002.93,+0002.60,+0002.83,-0016.23
+1580602810.54,+0003.91,+0006.84,-0002.93,-0001.45,-0007.58,-0006.20
+1580602810.55,+0009.77,+0006.84,-0003.91,+0000.08,+0006.58,-0017.00
+1580602810.55,-0006.84,+0003.91,-0003.91,-0003.06,-0005.44,-0006.97
+1580602810.56,+0006.84,+0008.79,-0001.95,+0005.59,-0000.61,-0013.63
+1580602810.56,+0014.65,+0003.91,-0001.95,-0008.96,-0004.67,-0007.81
+1580602810.57,+0001.95,+0003.91,-0002.93,-0004.06,+0005.90,-0004.36
+1580602810.57,-0012.70,+0005.86,-0004.88,+0003.37,-0002.37,-0009.34
+1580602810.58,+0000.98,+0005.86,-0003.91,-0002.60,-0004.06,-0012.56
+1580602810.58,+0008.79,+0000.00,-0003.91,-0000.54,+0005.36,-0014.78
+1580602810.59,-0008.79,+0000.00,-0003.91,-0000.08,-0003.68,-0002.07
+1580602810.59,-0009.77,+0005.86,-0003.91,+0001.45,+0004.13,-0017.92
+1580602810.60,+0000.00,-0000.98,-0004.88,-0004.44,-0007.27,-0004.59
+1580602810.60,-0004.88,-0000.98,-0006.84,-0008.19,-0001.99,-0009.42
+1580602810.61,-0008.79,-0001.95,-0005.86,+0004.98,-0002.07,-0005.90
+1580602810.61,-0003.91,+0000.98,-0005.86,-0004.90,-0000.08,-0011.71
+1580602810.62,-0010.74,-0005.86,-0005.86,+0000.31,-0009.19,-0003.37
+1580602810.62,-0001.95,+0000.00,-0005.86,+0000.54,+0005.97,-0018.68
+1580602810.63,-0004.88,-0003.91,-0005.86,-0008.12,-0007.73,-0002.07
+1580602810.63,-0002.93,-0003.91,-0006.84,+0008.73,+0006.43,-0018.45
+1580602810.64,-0003.91,-0003.91,-0006.84,+0008.96,+0009.88,-0023.35
+1580602810.64,-0007.81,-0000.98,-0006.84,-0008.35,-0008.19,-0011.56
+1580602810.65,+0003.91,-0005.86,-0004.88,+0007.50,+0000.92,-0011.18
+1580602810.65,+0000.00,-0002.93,-0003.91,+0002.83,-0004.06,-0004.75
+1580602810.66,+0001.95,-0003.91,-0003.91,+0001.84,+0002.76,-0011.33
+1580602810.66,-0002.93,+0000.00,-0003.91,-0001.15,-0001.99,-0016.69
+1580602810.67,+0007.81,-0002.93,-0001.95,+0002.14,-0004.59,-0005.44
+1580602810.67,+0009.77,-0002.93,-0002.93,-0002.07,+0003.45,-0013.25
+1580602810.68,+0000.98,-0001.95,-0000.98,+0005.21,-0010.95,-0002.99
+1580602810.68,+0014.65,+0000.98,+0000.00,-0001.45,+0003.68,-0012.48
+1580602810.69,+0002.93,-0001.95,-0000.98,-0000.69,-0001.15,-0010.57
+1580602810.69,+0006.84,+0000.00,+0000.98,+0004.67,+0000.08,-0011.41
+1580602810.70,+0003.91,+0000.98,+0001.95,-0002.14,-0000.84,-0010.80
+1580602810.70,+0005.86,-0000.98,+0001.95,+0002.53,-0000.54,-0001.61
+1580602810.71,-0002.93,+0000.00,+0001.95,-0001.30,-0000.92,-0005.05
+1580602810.71,-0000.98,+0000.00,+0002.93,+0005.21,+0002.22,-0012.48
+1580602810.72,-0003.91,+0000.98,+0002.93,-0005.36,+0002.30,-0012.40
+1580602810.72,+0000.98,-0000.98,+0003.91,+0004.75,-0006.20,-0008.19
+1580602810.73,-0004.88,+0000.98,+0002.93,-0002.60,+0001.15,-0009.26
+1580602810.73,-0012.70,+0000.98,+0002.93,+0004.98,-0002.22,-0009.03
+1580602810.74,-0003.91,+0000.98,+0002.93,-0003.52,+0002.91,-0012.17
+1580602810.74,-0003.91,-0000.98,+0004.88,-0001.45,+0003.14,-0011.33
+1580602810.75,-0010.74,+0001.95,+0004.88,+0004.29,-0001.99,-0009.88
+1580602810.75,-0006.84,+0002.93,+0004.88,-0003.29,-0002.07,-0011.25
+1580602810.76,-0000.98,+0000.98,+0002.93,-0000.08,+0000.46,-0012.86
+1580602810.76,-0002.93,+0000.98,+0002.93,+0000.61,-0007.27,-0001.07
+1580602810.77,+0000.98,+0002.93,+0001.95,+0001.53,+0008.35,-0017.38
+1580602810.77,-0009.77,+0000.98,+0002.93,-0003.45,-0007.04,-0006.81
+1580602810.78,+0001.95,+0004.88,+0002.93,-0006.28,-0010.57,-0008.12
+1580602810.78,+0010.74,+0000.00,+0002.93,+0005.67,+0008.73,-0014.39
+1580602810.79,-0002.93,+0003.91,+0001.95,-0003.60,-0005.28,-0007.35
+1580602810.79,+0001.95,+0004.88,+0002.93,+0002.68,-0004.21,-0010.26
+1580602810.80,+0004.88,+0004.88,+0001.95,-0003.22,-0001.91,-0012.02
+1580602810.80,+0004.88,+0002.93,+0002.93,+0001.76,+0001.53,-0010.87
+1580602810.81,+0005.86,+0007.81,+0002.93,+0000.31,-0004.13,-0013.32
+1580602810.81,+0009.77,+0004.88,+0003.91,+0004.52,+0002.60,-0014.55
+1580602810.82,+0000.98,+0005.86,+0002.93,-0004.13,-0004.13,-0005.90
+1580602810.82,+0005.86,+0006.84,+0003.91,+0003.14,+0001.91,-0008.65
+1580602810.83,+0003.91,+0006.84,+0003.91,-0005.28,-0001.84,-0013.63
+1580602810.83,+0004.88,+0005.86,+0004.88,+0001.30,-0002.30,-0008.42
+1580602810.84,-0000.98,+0005.86,+0003.91,-0001.68,+0001.45,-0004.67
+1580602810.84,-0003.91,+0006.84,+0003.91,+0000.61,+0001.07,-0006.81
+1580602810.85,-0000.98,+0004.88,+0002.93,+0000.31,+0001.61,-0009.42
+1580602810.85,+0000.98,+0004.88,+0002.93,-0002.53,+0001.45,-0009.95
+1580602810.86,-0006.84,+0003.91,+0001.95,-0002.83,-0002.45,-0007.81
+1580602810.86,+0000.00,+0003.91,+0000.98,+0000.77,-0002.14,-0005.13
+1580602810.87,-0008.79,+0002.93,+0000.98,+0002.45,-0002.99,-0009.49
+1580602810.87,-0009.77,+0003.91,+0001.95,+0002.07,+0001.07,-0012.25
+1580602810.88,-0000.98,+0003.91,+0001.95,-0003.06,-0003.75,-0012.63
+1580602810.88,-0004.88,+0002.93,+0000.98,+0002.07,+0004.52,-0012.48
+1580602810.89,-0008.79,+0005.86,+0000.98,+0002.91,-0003.98,-0011.33
+1580602810.89,+0000.00,+0004.88,+0000.98,-0003.60,+0000.31,-0014.70
+1580602810.90,+0000.00,+0001.95,+0000.98,+0000.08,-0003.68,-0006.43
+1580602810.90,-0006.84,+0004.88,+0000.00,-0002.76,-0005.97,-0006.12
+1580602810.91,-0001.95,+0005.86,+0000.00,+0000.54,+0001.38,-0013.02
+1580602810.91,+0002.93,+0003.91,-0001.95,-0003.68,-0001.84,-0010.72
+1580602810.92,+0000.00,+0002.93,-0001.95,+0000.08,-0001.99,-0006.81
+1580602810.92,-0001.95,+0007.81,-0002.93,+0001.45,+0000.23,-0016.46
+1580602810.93,-0003.91,+0004.88,-0001.95,-0001.91,-0004.29,-0011.71
+1580602810.93,+0010.74,+0005.86,-0000.98,+0002.68,-0003.68,-0010.41
+1580602810.94,-0003.91,+0003.91,-0000.98,-0000.38,-0008.50,-0002.37
+1580602810.94,+0000.00,+0007.81,-0000.98,+0001.38,+0004.67,-0013.02
+1580602810.95,+0002.93,+0006.84,-0001.95,-0009.49,-0001.45,-0017.46
+1580602810.95,+0012.70,+0000.98,-0002.93,+0004.44,-0001.91,-0003.75
+1580602810.96,-0002.93,+0005.86,-0004.88,-0001.76,-0012.33,-0001.91
+1580602810.96,+0007.81,+0005.86,-0002.93,+0007.96,+0004.90,-0012.71
+1580602810.97,+0007.81,+0001.95,-0004.88,-0010.80,-0006.05,-0002.91
+1580602810.97,+0000.00,+0001.95,-0004.88,-0007.66,-0013.70,+0008.42
+1580602810.98,+0006.84,+0001.95,-0005.86,+0004.67,+0012.56,-0011.79
+1580602810.98,-0008.79,+0001.95,-0006.84,-0007.04,-0001.61,-0011.10
+1580602810.99,+0000.98,-0000.98,-0006.84,+0005.67,-0005.59,-0003.60
+1580602810.99,+0000.98,+0000.98,-0007.81,-0009.42,-0001.53,-0010.80
+1580602811.00,-0008.79,-0005.86,-0009.77,+0002.83,+0000.08,-0002.99
+1580602811.00,-0000.98,-0000.98,-0010.74,-0002.91,+0000.00,-0013.55
+1580602811.01,-0008.79,-0007.81,-0011.72,-0000.08,-0000.38,-0016.23
+1580602811.01,-0004.88,-0006.84,-0012.70,-0006.66,-0006.43,-0003.06
+1580602811.02,+0000.98,-0008.79,-0015.62,+0001.23,+0010.03,-0017.53
+1580602811.02,-0013.67,-0010.74,-0017.58,-0010.41,-0004.29,-0009.34
+1580602811.03,+0006.84,-0009.77,-0019.53,-0005.13,+0004.52,-0012.48
+1580602811.03,-0006.84,-0014.65,-0021.48,-0009.11,+0009.11,-0014.55
+1580602811.04,-0011.72,-0013.67,-0020.51,+0003.75,-0008.35,-0004.67
+1580602811.04,+0005.86,-0010.74,-0020.51,-0004.90,+0001.15,-0014.62
+1580602811.05,-0003.91,-0020.51,-0022.46,-0003.06,+0005.82,-0005.97
+1580602811.05,-0007.81,-0014.65,-0023.44,-0003.52,-0004.82,-0016.08
+1580602811.06,+0000.98,-0015.62,-0023.44,-0005.36,-0000.38,-0011.94
+1580602811.06,+0005.86,-0019.53,-0024.41,-0004.98,+0003.29,-0009.11
+1580602811.07,+0001.95,-0017.58,-0024.41,+0004.06,-0004.82,-0009.11
+1580602811.07,+0000.00,-0014.65,-0023.44,-0002.22,+0001.99,-0016.92
+1580602811.08,+0014.65,-0019.53,-0023.44,-0003.45,-0013.78,+0001.61
+1580602811.08,+0001.95,-0018.55,-0024.41,-0006.51,-0001.23,-0011.64
+1580602811.09,-0002.93,-0016.60,-0022.46,+0005.28,-0004.75,-0007.20
+1580602811.09,+0020.51,-0014.65,-0022.46,-0003.06,-0005.74,-0009.49
+1580602811.10,+0004.88,-0021.48,-0023.44,-0007.04,-0006.66,+0004.82
+1580602811.10,+0007.81,-0016.60,-0024.41,+0007.66,+0003.14,+0002.91
+1580602811.11,-0007.81,-0011.72,-0024.41,-0001.45,+0009.19,-0023.96
+1580602811.11,-0008.79,-0020.51,-0020.51,-0001.45,-0005.44,+0003.98
+1580602811.12,+0005.86,-0011.72,-0017.58,-0013.55,+0000.46,-0014.09
+1580602811.12,-0007.81,-0018.55,-0016.60,+0009.49,+0000.38,-0006.05
+1580602811.13,-0003.91,-0009.77,-0013.67,-0002.99,+0000.38,-0008.58
+1580602811.13,-0010.74,-0011.72,-0013.67,-0008.88,-0002.76,-0000.38
+1580602811.14,-0001.95,-0014.65,-0013.67,+0006.43,+0003.14,-0012.56
+1580602811.14,-0008.79,-0011.72,-0013.67,-0008.04,+0001.91,-0006.66
+1580602811.15,-0009.77,-0011.72,-0012.70,+0004.90,+0000.38,-0009.88
+1580602811.15,-0009.77,-0010.74,-0011.72,+0001.76,+0001.00,-0018.53
+1580602811.16,-0001.95,-0012.70,-0010.74,-0002.45,-0014.24,+0002.37
+1580602811.16,+0007.81,-0010.74,-0009.77,+0005.51,+0009.34,-0012.17
+1580602811.17,-0024.41,-0007.81,-0008.79,+0008.58,-0005.36,-0007.73
+1580602811.17,-0002.93,-0001.95,-0005.86,-0002.07,-0001.23,-0018.83
+1580602811.18,+0005.86,-0009.77,-0006.84,-0002.22,-0002.45,-0010.41
+1580602811.18,-0001.95,-0006.84,-0003.91,+0003.52,+0004.90,-0004.75
+1580602811.19,-0009.77,+0000.00,-0001.95,+0003.06,+0000.15,-0016.38
+1580602811.19,-0000.98,+0000.00,+0000.00,-0002.45,-0005.90,-0009.49
+1580602811.20,+0008.79,-0005.86,+0000.00,+0000.23,+0002.30,-0008.88
+1580602811.20,-0005.86,-0000.98,+0000.00,-0002.68,-0002.76,-0005.90
+1580602811.21,-0001.95,+0002.93,+0000.00,+0006.05,-0002.76,-0017.99
+1580602811.21,+0005.86,+0000.00,+0000.98,-0004.82,-0001.07,-0013.32
+1580602811.22,+0005.86,-0001.95,+0000.98,+0004.21,-0003.14,-0008.73
+1580602811.22,+0000.98,+0004.88,+0001.95,+0003.06,-0004.36,-0010.57
+1580602811.23,+0001.95,+0004.88,+0003.91,+0004.13,+0002.68,-0012.02
+1580602811.23,+0008.79,+0003.91,+0004.88,-0000.61,-0005.90,-0007.43
+1580602811.24,+0010.74,+0003.91,+0005.86,+0004.59,+0000.69,-0004.82
+1580602811.24,-0006.84,+0006.84,+0005.86,+0001.15,-0001.68,-0008.19
+1580602811.25,-0000.98,+0007.81,+0007.81,+0001.76,-0007.27,-0004.59
+1580602811.25,+0005.86,+0002.93,+0006.84,-0000.84,+0004.82,-0014.01
+1580602811.26,-0009.77,+0003.91,+0005.86,+0006.51,-0002.53,-0014.09
+1580602811.26,-0002.93,+0009.77,+0008.79,-0000.61,-0007.27,-0005.13
+1580602811.27,+0009.77,+0002.93,+0008.79,+0000.61,+0005.67,-0007.43
+1580602811.27,-0018.55,+0003.91,+0007.81,-0001.45,+0005.51,-0014.16
+1580602811.28,+0001.95,+0009.77,+0008.79,+0004.44,+0009.57,-0022.13
+1580602811.28,-0008.79,+0004.88,+0006.84,-0013.40,-0002.99,-0010.80
+1580602811.29,-0006.84,+0001.95,+0009.77,+0015.16,+0001.84,-0008.19
+1580602811.29,+0000.00,+0008.79,+0009.77,+0003.68,-0003.29,-0012.33
+1580602811.30,+0001.95,+0002.93,+0010.74,-0000.46,-0000.54,+0000.61
+1580602811.30,-0005.86,+0005.86,+0009.77,+0002.60,+0007.50,-0022.59
+1580602811.31,-0009.77,+0004.88,+0010.74,-0004.82,-0010.57,-0002.83
+1580602811.31,+0003.91,+0006.84,+0009.77,-0011.56,-0002.60,-0012.17
+1580602811.32,+0000.00,-0001.95,+0008.79,+0009.95,-0002.83,-0005.13
+1580602811.32,-0001.95,+0006.84,+0009.77,-0004.06,+0003.90,-0015.39
+1580602811.33,+0000.00,+0004.88,+0009.77,+0003.60,+0002.53,-0013.25
+1580602811.33,+0003.91,+0003.91,+0010.74,-0002.14,-0002.83,-0016.46
+1580602811.34,+0008.79,+0000.98,+0011.72,+0003.60,-0006.43,-0001.53
+1580602811.34,+0004.88,+0005.86,+0010.74,+0001.84,+0006.28,-0016.15
+1580602811.35,-0000.98,+0001.95,+0011.72,+0003.37,-0002.76,-0006.20
+1580602811.35,+0012.70,+0004.88,+0011.72,-0000.46,-0000.54,-0017.38
+1580602811.36,+0005.86,-0000.98,+0010.74,-0001.99,+0001.68,-0003.52
+1580602811.36,+0000.98,+0004.88,+0010.74,-0004.21,-0001.38,-0011.03
+1580602811.37,+0003.91,+0001.95,+0010.74,+0004.75,-0005.74,-0007.81
+1580602811.37,+0012.70,+0001.95,+0009.77,-0003.37,+0003.06,-0006.43
+1580602811.38,-0002.93,-0002.93,+0008.79,-0001.00,+0000.08,-0006.74
+1580602811.38,-0000.98,+0003.91,+0010.74,-0006.58,-0002.99,-0001.53
+1580602811.39,+0005.86,-0000.98,+0010.74,+0004.75,+0005.51,-0015.24
+1580602811.39,-0006.84,-0002.93,+0008.79,-0007.43,-0001.61,-0004.29
+1580602811.40,-0002.93,+0000.00,+0009.77,+0008.19,+0000.00,-0012.40
+1580602811.40,-0003.91,-0001.95,+0008.79,+0001.45,-0000.15,-0008.04
+1580602811.41,-0005.86,-0004.88,+0008.79,+0004.13,+0002.60,-0010.49
+1580602811.41,-0009.77,-0001.95,+0009.77,-0003.83,+0000.54,-0013.86
+1580602811.42,-0003.91,-0001.95,+0009.77,-0000.08,+0004.90,-0012.71
+1580602811.42,-0007.81,-0004.88,+0008.79,-0000.08,-0004.52,-0011.25
+1580602811.43,-0005.86,-0003.91,+0008.79,+0000.61,+0002.14,-0010.41
+1580602811.43,+0000.00,-0004.88,+0007.81,-0001.68,-0003.98,-0008.27
+1580602811.44,-0007.81,-0004.88,+0005.86,-0005.51,-0003.98,-0009.57
+1580602811.44,-0003.91,-0004.88,+0006.84,+0003.75,-0003.52,-0007.58
+1580602811.45,+0001.95,-0004.88,+0006.84,-0002.37,+0005.67,-0013.86
+1580602811.45,-0005.86,-0006.84,+0005.86,+0000.69,-0001.23,-0010.95
+1580602811.46,+0000.00,-0002.93,+0006.84,+0001.91,-0002.22,-0014.85
+1580602811.46,+0001.95,-0005.86,+0005.86,-0002.22,+0002.14,-0011.03
+1580602811.47,+0000.98,-0004.88,+0005.86,+0005.13,-0003.68,-0011.79
+1580602811.47,+0001.95,-0004.88,+0006.84,+0003.83,-0002.14,-0012.94
+1580602811.48,+0000.98,-0002.93,+0007.81,-0001.53,-0002.37,-0010.95
+1580602811.48,+0009.77,-0002.93,+0007.81,+0003.52,-0005.13,-0007.20
+1580602811.49,+0005.86,-0002.93,+0008.79,-0001.84,-0008.96,+0000.46
+1580602811.49,+0008.79,-0001.95,+0008.79,+0004.67,+0004.98,-0007.66
+1580602811.50,-0001.95,+0000.98,+0007.81,-0007.12,+0002.07,-0012.63
+1580602811.50,+0002.93,-0002.93,+0008.79,+0005.67,-0002.45,-0004.82
+1580602811.51,+0007.81,-0000.98,+0007.81,-0004.90,-0001.53,-0005.21
+1580602811.51,-0000.98,-0003.91,+0007.81,+0006.66,+0006.35,-0008.27
+1580602811.52,-0005.86,+0000.00,+0008.79,-0005.36,-0004.82,-0007.58
+1580602811.52,-0002.93,+0000.00,+0008.79,-0004.82,-0002.99,-0009.57
+1580602811.53,-0000.98,-0002.93,+0008.79,+0004.29,+0004.44,-0012.17
+1580602811.53,-0005.86,+0000.00,+0008.79,-0001.99,-0000.77,-0008.12
+1580602811.54,-0006.84,+0000.98,+0007.81,+0000.31,-0000.69,-0011.48
+1580602811.54,-0000.98,+0000.00,+0006.84,+0006.20,-0001.61,-0013.02
+1580602811.55,-0005.86,-0000.98,+0005.86,-0004.06,+0003.14,-0005.05
+1580602811.55,-0006.84,+0001.95,+0006.84,+0005.97,-0001.45,-0009.95
+1580602811.56,-0008.79,+0000.00,+0005.86,+0006.28,+0001.15,-0012.17
+1580602811.56,-0001.95,+0000.98,+0005.86,-0005.51,-0003.83,-0007.04
+1580602811.57,+0000.00,-0001.95,+0003.91,+0006.20,+0001.91,-0016.61
+1580602811.57,-0009.77,+0001.95,+0004.88,-0002.60,-0000.77,-0010.11
+1580602811.58,-0000.98,+0003.91,+0006.84,-0002.53,-0003.75,-0007.89
+1580602811.58,+0005.86,+0000.98,+0006.84,-0000.54,+0004.29,-0013.25
+1580602811.59,-0006.84,+0001.95,+0005.86,-0001.23,+0003.68,-0011.18
+1580602811.59,+0001.95,+0004.88,+0005.86,+0000.23,-0010.34,-0004.98
+1580602811.60,-0001.95,+0003.91,+0004.88,-0005.82,-0005.74,-0010.64
+1580602811.60,+0003.91,+0000.98,+0004.88,+0005.97,-0001.30,-0003.45
+1580602811.61,+0000.00,+0005.86,+0003.91,-0001.45,+0002.76,-0018.83
+1580602811.61,-0001.95,+0002.93,+0003.91,+0006.43,-0001.99,-0010.64
+1580602811.62,+0005.86,+0007.81,+0003.91,-0007.81,+0005.36,-0017.23
+1580602811.62,+0000.00,+0003.91,+0004.88,+0002.68,-0005.21,-0009.19
+1580602811.63,+0010.74,+0008.79,+0006.84,+0001.07,-0000.77,-0007.50
+1580602811.63,-0000.98,+0005.86,+0006.84,-0000.38,-0003.75,-0006.66
+1580602811.64,+0002.93,+0009.77,+0005.86,+0000.77,+0000.92,-0006.89
+1580602811.64,+0002.93,+0008.79,+0005.86,-0003.68,+0000.00,-0010.72
+1580602811.65,+0000.98,+0006.84,+0003.91,-0000.08,-0002.68,-0011.87
+1580602811.65,+0002.93,+0007.81,+0003.91,-0003.68,-0004.75,-0000.31
+1580602811.66,+0012.70,+0006.84,+0003.91,+0000.61,+0001.45,-0001.99
+1580602811.66,-0015.62,+0007.81,+0002.93,-0000.54,+0010.34,-0019.75
+1580602811.67,-0009.77,+0012.70,+0004.88,+0007.20,+0002.99,-0019.83
+1580602811.67,+0005.86,+0010.74,+0003.91,-0010.18,-0002.22,-0009.42
+1580602811.68,-0000.98,+0000.98,+0002.93,+0005.05,+0003.60,-0006.97
+1580602811.68,-0011.72,+0010.74,+0002.93,+0001.45,-0006.35,-0007.89
+1580602811.69,-0005.86,+0010.74,+0002.93,-0001.99,+0000.61,-0013.02
+1580602811.69,-0001.95,+0004.88,+0001.95,-0002.68,+0001.99,-0004.82
+1580602811.70,-0011.72,+0007.81,+0000.98,+0003.29,+0004.67,-0016.92
+1580602811.70,-0004.88,+0009.77,+0000.98,+0003.75,-0002.30,-0009.88
+1580602811.71,+0001.95,+0007.81,+0000.00,-0000.23,+0003.37,-0016.38
+1580602811.71,-0008.79,+0003.91,+0000.00,-0004.36,-0004.67,-0005.90
+1580602811.72,+0007.81,+0012.70,+0001.95,-0006.20,+0006.12,-0015.62
+1580602811.72,-0005.86,+0006.84,+0000.98,-0001.53,-0001.30,-0008.04
+1580602811.73,-0003.91,+0007.81,+0000.98,+0002.76,-0001.84,-0011.94
+1580602811.73,+0003.91,+0010.74,+0000.00,+0000.61,-0000.92,-0019.22
+1580602811.74,+0006.84,+0006.84,-0000.98,+0003.68,-0002.53,-0006.05
+1580602811.74,+0003.91,+0008.79,-0001.95,-0000.84,+0004.21,-0016.54
+1580602811.75,-0002.93,+0009.77,-0000.98,+0000.38,-0006.12,-0007.66
+1580602811.75,+0007.81,+0011.72,+0000.00,+0000.31,+0000.92,-0011.33
+1580602811.76,+0004.88,+0007.81,+0000.00,-0000.23,-0002.91,-0006.12
+1580602811.76,+0006.84,+0009.77,+0000.98,+0002.22,-0000.15,-0009.65
+1580602811.77,+0002.93,+0011.72,-0000.98,-0000.92,+0001.07,-0009.49
+1580602811.77,+0002.93,+0009.77,-0000.98,+0004.52,-0001.07,-0007.12
+1580602811.78,+0007.81,+0009.77,-0001.95,-0001.53,+0001.68,-0010.95
+1580602811.78,+0002.93,+0008.79,-0001.95,+0002.76,-0005.67,-0004.06
+1580602811.79,+0003.91,+0009.77,-0002.93,-0000.23,+0002.83,-0001.30
+1580602811.79,-0009.77,+0009.77,-0001.95,-0003.90,-0003.60,-0008.58
+1580602811.80,+0001.95,+0010.74,-0000.98,+0007.43,+0000.31,-0010.80
+1580602811.80,+0004.88,+0006.84,-0001.95,-0009.57,+0002.91,-0006.12
+1580602811.81,-0010.74,+0005.86,-0001.95,-0004.75,-0000.69,-0004.67
+1580602811.81,-0005.86,+0009.77,-0001.95,+0003.60,-0000.23,-0016.31
+1580602811.82,-0006.84,+0005.86,-0002.93,-0005.21,+0003.14,-0009.34
+1580602811.82,-0006.84,+0002.93,-0003.91,+0004.13,-0000.08,-0012.71
+1580602811.83,-0005.86,+0004.88,-0003.91,+0001.00,+0002.45,-0012.02
+1580602811.83,-0007.81,+0003.91,-0003.91,-0001.91,-0001.68,-0006.81
+1580602811.84,-0005.86,+0001.95,-0004.88,+0000.46,+0001.99,-0012.10
+1580602811.84,-0008.79,+0002.93,-0004.88,-0001.61,-0001.30,-0010.87
+1580602811.85,-0002.93,+0000.98,-0005.86,+0001.99,-0000.23,-0012.71
+1580602811.85,-0002.93,+0000.00,-0006.84,-0003.68,+0000.31,-0011.41
+1580602811.86,-0004.88,+0000.98,-0005.86,+0003.45,-0003.14,-0012.17
+1580602811.86,+0003.91,+0000.00,-0005.86,-0001.07,-0000.15,-0011.18
+1580602811.87,-0001.95,-0002.93,-0007.81,-0003.29,+0002.14,-0015.16
+1580602811.87,+0000.98,-0000.98,-0009.77,+0003.14,-0013.32,-0002.45
+1580602811.88,+0005.86,-0001.95,-0010.74,-0004.36,-0000.46,-0013.02
+1580602811.88,-0005.86,-0005.86,-0009.77,+0003.06,-0002.68,-0011.48
+1580602811.89,+0012.70,+0000.00,-0006.84,+0001.15,-0003.29,-0013.09
+1580602811.89,+0011.72,-0005.86,-0007.81,-0003.68,+0000.46,-0012.33
+1580602811.90,+0003.91,-0002.93,-0006.84,-0001.68,+0001.91,-0011.41
+1580602811.90,+0002.93,-0001.95,-0006.84,-0001.00,-0006.05,-0007.35
+1580602811.91,+0009.77,-0003.91,-0007.81,+0000.46,+0002.68,-0009.11
+1580602811.91,+0005.86,-0007.81,-0007.81,+0002.30,-0003.60,-0003.98
+1580602811.92,+0001.95,-0005.86,-0006.84,-0002.07,+0004.21,-0007.43
+1580602811.92,-0000.98,-0006.84,-0006.84,+0000.54,-0001.99,-0008.80
+1580602811.93,+0002.93,-0007.81,-0006.84,+0000.54,+0000.92,-0009.57
+1580602811.93,-0000.98,-0008.79,-0006.84,-0000.61,+0001.61,-0011.18
+1580602811.94,-0006.84,-0008.79,-0005.86,+0001.68,-0000.08,-0008.80
+1580602811.94,-0004.88,-0007.81,-0005.86,-0000.15,+0001.45,-0010.26
+1580602811.95,-0002.93,-0012.70,-0005.86,-0002.37,-0001.07,-0006.35
+1580602811.95,-0010.74,-0012.70,-0006.84,-0006.97,+0002.83,-0013.02
+1580602811.96,-0010.74,-0011.72,-0005.86,+0001.84,-0009.65,-0006.58
+1580602811.96,+0005.86,-0013.67,-0005.86,-0003.06,+0004.44,-0005.51
+1580602811.97,-0017.58,-0016.60,-0007.81,-0002.83,-0004.75,-0001.91
+1580602811.97,-0006.84,-0012.70,-0006.84,+0005.67,-0001.38,-0018.68
+1580602811.98,-0001.95,-0015.62,-0007.81,-0007.27,-0000.31,-0015.62
+1580602811.98,+0000.00,-0017.58,-0007.81,+0002.60,-0001.61,-0008.58
+1580602811.99,-0001.95,-0014.65,-0007.81,-0000.08,+0000.92,-0015.31
+1580602811.99,-0007.81,-0013.67,-0005.86,+0000.00,-0004.59,-0010.18
+1580602812.00,+0011.72,-0013.67,-0004.88,-0000.54,-0003.06,-0010.95
+1580602812.00,+0008.79,-0017.58,-0005.86,-0001.61,+0002.68,-0007.81
+1580602812.01,-0002.93,-0013.67,-0004.88,-0000.46,-0003.22,-0011.48
+1580602812.01,+0003.91,-0010.74,-0003.91,-0001.76,-0002.45,-0015.85
+1580602812.02,+0013.67,-0014.65,-0003.91,+0002.83,-0002.68,-0012.40
+1580602812.02,+0008.79,-0014.65,-0004.88,+0003.06,-0001.61,-0012.33
+1580602812.03,+0000.00,-0009.77,-0002.93,+0000.31,-0001.53,-0011.87
+1580602812.03,+0009.77,-0008.79,+0000.00,-0001.91,-0002.53,-0009.88
+1580602812.04,+0009.77,-0011.72,-0000.98,-0004.52,+0002.07,-0001.00
+1580602812.04,+0001.95,-0010.74,+0000.00,+0007.89,+0001.53,-0012.94
+1580602812.05,-0002.93,-0005.86,+0001.95,-0004.21,-0001.00,-0004.82
+1580602812.05,+0000.98,-0007.81,+0002.93,+0002.37,+0000.61,-0009.95
+1580602812.06,+0001.95,-0009.77,+0001.95,+0000.84,+0006.20,-0011.79
+1580602812.06,-0005.86,-0006.84,+0001.95,+0000.23,-0009.19,-0001.99
+1580602812.07,+0001.95,-0005.86,+0002.93,+0003.37,+0005.36,-0009.49
+1580602812.07,-0006.84,-0006.84,+0003.91,+0002.68,+0000.46,-0007.43
+1580602812.08,-0007.81,-0004.88,+0003.91,+0001.61,+0001.84,-0011.03
+1580602812.08,-0006.84,-0002.93,+0003.91,-0001.53,-0001.91,-0011.56
+1580602812.09,-0008.79,-0004.88,+0003.91,+0001.15,+0004.13,-0013.93
+1580602812.09,-0006.84,-0003.91,+0003.91,-0002.07,+0002.53,-0010.34
+1580602812.10,-0003.91,-0001.95,+0003.91,+0000.08,-0004.29,-0011.71
+1580602812.10,-0004.88,-0003.91,+0002.93,-0002.07,+0000.00,-0006.35
+1580602812.11,-0004.88,+0000.00,+0003.91,+0002.99,+0000.54,-0015.39
+1580602812.11,+0001.95,-0000.98,+0002.93,+0003.37,+0003.60,-0017.00
+1580602812.12,-0004.88,+0000.00,+0002.93,-0005.90,-0003.29,-0011.56
+1580602812.12,+0002.93,+0000.98,+0003.91,+0002.76,+0000.08,-0010.57
+1580602812.13,+0001.95,+0002.93,+0003.91,-0002.83,+0000.54,-0007.27
+1580602812.13,+0000.98,+0002.93,+0004.88,+0007.43,-0000.38,-0014.62
+1580602812.14,-0000.98,+0004.88,+0004.88,-0004.44,+0001.15,-0012.02
+1580602812.14,+0002.93,+0007.81,+0006.84,+0006.66,-0002.76,-0016.31
+1580602812.15,+0009.77,+0005.86,+0005.86,+0003.98,+0005.28,-0012.48
+1580602812.15,-0000.98,+0008.79,+0005.86,-0002.14,-0004.75,-0008.35
+1580602812.16,+0002.93,+0010.74,+0006.84,+0003.14,+0003.37,-0011.71
+1580602812.16,+0004.88,+0010.74,+0006.84,-0000.23,+0000.00,-0007.50
+1580602812.17,+0008.79,+0008.79,+0006.84,+0002.45,-0000.08,-0009.49
+1580602812.17,+0002.93,+0012.70,+0006.84,-0004.98,-0001.84,-0003.45
+1580602812.18,+0000.00,+0013.67,+0006.84,+0002.83,+0005.05,-0012.79
+1580602812.18,+0004.88,+0010.74,+0005.86,+0002.14,+0006.74,-0010.18
+1580602812.19,+0000.00,+0012.70,+0004.88,-0000.61,-0003.52,-0003.68
+1580602812.19,-0006.84,+0011.72,+0005.86,-0000.46,+0007.43,-0012.17
+1580602812.20,+0003.91,+0012.70,+0005.86,+0001.91,+0009.11,-0016.00
+1580602812.20,-0004.88,+0010.74,+0003.91,-0007.73,-0002.91,-0006.97
+1580602812.21,-0004.88,+0011.72,+0003.91,+0005.44,-0002.07,-0004.90
+1580602812.21,-0003.91,+0013.67,+0003.91,-0002.45,+0003.45,-0013.32
+1580602812.22,-0008.79,+0008.79,+0003.91,+0000.38,-0001.30,-0006.97
+1580602812.22,-0001.95,+0013.67,+0003.91,+0001.07,-0001.53,-0009.95
+1580602812.23,-0008.79,+0011.72,+0001.95,-0002.07,+0005.74,-0013.02
+1580602812.23,-0000.98,+0010.74,+0000.00,+0003.90,+0010.11,-0017.84
+1580602812.24,-0006.84,+0011.72,+0000.00,-0007.66,-0004.36,-0014.24
+1580602812.24,-0003.91,+0009.77,+0000.98,+0005.67,-0003.75,-0012.02
+1580602812.25,+0006.84,+0013.67,+0000.00,-0003.98,-0000.69,-0008.35
+1580602812.25,-0007.81,+0008.79,-0001.95,-0001.91,-0002.91,-0007.04
+1580602812.26,-0002.93,+0013.67,-0000.98,+0001.53,-0002.99,-0014.32
+1580602812.26,+0006.84,+0011.72,-0001.95,-0005.59,-0000.61,-0009.95
+1580602812.27,+0000.98,+0006.84,-0002.93,-0000.08,+0000.23,-0010.95
+1580602812.27,-0006.84,+0012.70,-0002.93,+0000.31,-0001.23,-0015.93
+1580602812.28,-0001.95,+0013.67,-0003.91,+0001.15,-0003.14,-0015.54
+1580602812.28,+0013.67,+0007.81,-0003.91,-0001.15,-0000.92,-0008.12
+1580602812.29,-0002.93,+0009.77,-0004.88,-0004.44,-0004.82,-0005.97
+1580602812.29,+0000.00,+0013.67,-0002.93,+0007.04,+0000.61,-0013.09
+1580602812.30,+0007.81,+0011.72,-0002.93,-0006.35,-0003.90,-0013.25
+1580602812.30,+0011.72,+0006.84,-0003.91,+0004.29,-0001.07,-0000.69
+1580602812.31,-0002.93,+0010.74,-0004.88,-0001.30,-0009.03,-0005.13
+1580602812.31,+0004.88,+0010.74,-0003.91,+0001.76,+0001.30,-0006.81
+1580602812.32,+0008.79,+0008.79,-0004.88,-0005.74,+0001.07,-0007.35
+1580602812.32,-0001.95,+0006.84,-0006.84,-0000.08,-0002.37,-0004.44
+1580602812.33,+0001.95,+0009.77,-0005.86,+0000.69,+0000.23,-0012.25
+1580602812.33,+0002.93,+0004.88,-0005.86,-0003.98,+0000.15,-0009.95
+1580602812.34,-0001.95,+0004.88,-0006.84,+0004.82,+0001.99,-0011.33
+1580602812.34,-0004.88,+0005.86,-0005.86,+0001.53,-0001.68,-0008.96
+1580602812.35,-0004.88,+0003.91,-0006.84,-0003.75,+0005.90,-0012.33
+1580602812.35,-0006.84,+0001.95,-0007.81,+0000.61,-0001.45,-0010.26
+1580602812.36,-0005.86,+0002.93,-0008.79,-0002.45,-0002.14,-0007.27
+1580602812.36,-0005.86,+0000.00,-0009.77,-0002.07,+0001.53,-0010.95
+1580602812.37,-0005.86,-0000.98,-0010.74,-0003.22,-0000.69,-0010.26
+1580602812.37,-0004.88,+0000.98,-0011.72,-0000.77,+0002.99,-0013.02
+1580602812.38,-0003.91,-0000.98,-0012.70,+0000.08,-0003.90,-0014.93
+1580602812.38,+0003.91,-0002.93,-0011.72,-0006.58,-0000.08,-0003.22
+1580602812.39,+0000.00,-0003.91,-0012.70,+0005.51,+0004.06,-0014.32
+1580602812.39,-0012.70,-0002.93,-0013.67,+0003.52,-0004.06,-0013.09
+1580602812.40,+0002.93,-0001.95,-0013.67,-0005.44,-0001.68,-0013.78
+1580602812.40,+0005.86,-0007.81,-0015.62,+0000.61,+0003.68,-0012.25
+1580602812.41,-0003.91,-0006.84,-0016.60,-0004.98,-0001.91,-0008.88
+1580602812.41,+0002.93,-0002.93,-0014.65,-0005.36,-0001.53,-0013.78
+1580602812.42,+0008.79,-0006.84,-0013.67,+0001.45,-0002.68,-0004.90
+1580602812.42,+0005.86,-0007.81,-0014.65,+0000.69,+0003.90,-0012.79
+1580602812.43,-0001.95,-0005.86,-0013.67,+0000.38,-0003.52,-0011.94
+1580602812.43,+0008.79,-0005.86,-0013.67,-0001.00,-0001.53,-0011.03
+1580602812.44,+0011.72,-0010.74,-0014.65,-0003.06,+0001.61,-0004.21
+1580602812.44,-0002.93,-0008.79,-0014.65,+0002.53,+0002.37,-0014.09
+1580602812.45,+0001.95,-0007.81,-0013.67,+0004.21,+0001.53,-0014.09
+1580602812.45,+0004.88,-0009.77,-0013.67,-0005.74,+0001.84,-0005.59
+1580602812.46,+0000.00,-0013.67,-0013.67,+0003.37,+0000.84,-0005.51
+1580602812.46,-0003.91,-0009.77,-0012.70,-0002.45,-0000.15,-0009.65
