+1580602593.92,+0001.95,-0004.88,-0019.53,-0000.08,+0000.46,-0009.57
+1580602593.92,-0001.95,-0007.81,-0019.53,-0000.92,+0003.06,-0012.48
+1580602593.93,-0001.95,-0006.84,-0019.53,+0000.54,-0002.76,-0008.73
+1580602593.93,+0001.95,-0006.84,-0018.55,-0002.30,-0001.38,-0011.79
+1580602593.94,+0004.88,-0008.79,-0018.55,+0002.37,-0003.75,-0003.06
+1580602593.94,+0005.86,-0007.81,-0019.53,+0000.54,+0003.60,-0010.41
+1580602593.95,-0005.86,-0008.79,-0020.51,-0004.90,+0000.08,-0013.93
+1580602593.95,+0005.86,-0008.79,-0019.53,+0002.07,-0000.23,-0017.00
+1580602593.96,+0008.79,-0009.77,-0017.58,-0003.60,-0003.98,-0006.81
+1580602593.96,+0005.86,-0010.74,-0018.55,+0001.99,+0002.83,-0009.42
+1580602593.97,-0000.98,-0010.74,-0018.55,-0000.61,-0004.29,-0005.97
+1580602593.97,+0009.77,-0010.74,-0019.53,+0000.69,+0003.22,-0007.58
+1580602593.98,+0001.95,-0013.67,-0020.51,-0005.59,+0000.61,-0009.19
+1580602593.98,-0001.95,-0012.70,-0019.53,+0005.05,-0001.15,-0006.43
+1580602593.99,+0003.91,-0013.67,-0018.55,+0000.31,-0002.07,-0006.81
+1580602593.99,+0002.93,-0014.65,-0018.55,+0001.15,+0003.22,-0006.58
+1580602594.00,-0006.84,-0014.65,-0018.55,-0003.14,+0002.53,-0010.18
+1580602594.00,+0000.00,-0014.65,-0018.55,-0000.46,+0000.46,-0007.81
+1580602594.01,+0001.95,-0017.58,-0018.55,-0001.53,+0002.99,-0009.88
+1580602594.01,-0007.81,-0016.60,-0018.55,+0000.54,+0000.15,-0012.48
+1580602594.02,-0003.91,-0016.60,-0017.58,-0001.76,-0002.76,-0014.47
+1580602594.02,+0003.91,-0017.58,-0017.58,-0003.22,+0002.45,-0008.58
+1580602594.03,-0007.81,-0018.55,-0017.58,-0000.08,+0001.61,-0009.11
+1580602594.03,-0009.77,-0015.62,-0017.58,-0001.84,+0001.07,-0012.56
+1580602594.04,+0000.00,-0017.58,-0017.58,-0000.77,+0001.23,-0007.50
+1580602594.04,+0000.00,-0019.53,-0017.58,+0000.69,+0003.52,-0009.11
+1580602594.05,-0011.72,-0019.53,-0017.58,-0002.91,-0003.75,-0008.19
+1580602594.05,-0004.88,-0017.58,-0018.55,+0003.45,+0000.15,-0011.94
+1580602594.06,+0000.98,-0019.53,-0017.58,+0002.37,+0001.00,-0009.34
+1580602594.06,-0002.93,-0018.55,-0016.60,+0000.69,-0002.07,-0012.48
+1580602594.07,-0002.93,-0018.55,-0014.65,-0002.83,-0002.60,-0009.57
+1580602594.07,-0000.98,-0016.60,-0014.65,-0006.51,-0005.28,-0007.58
+1580602594.08,+0002.93,-0019.53,-0013.67,+0006.66,+0002.45,-0009.57
+1580602594.08,-0001.95,-0016.60,-0013.67,-0003.90,+0000.61,-0011.25
+1580602594.09,-0003.91,-0017.58,-0011.72,+0000.15,-0003.06,-0010.11
+1580602594.09,+0003.91,-0015.62,-0008.79,-0002.60,+0001.53,-0011.48
+1580602594.10,-0001.95,-0016.60,-0007.81,+0003.83,-0000.31,-0009.34
+1580602594.10,-0003.91,-0014.65,-0007.81,-0003.52,+0002.37,-0015.08
+1580602594.11,+0000.00,-0016.60,-0006.84,+0003.45,-0001.07,-0012.71
+1580602594.11,+0004.88,-0014.65,-0005.86,-0001.53,-0001.00,-0005.36
+1580602594.12,+0003.91,-0015.62,-0004.88,+0004.52,+0001.84,-0008.88
+1580602594.12,-0004.88,-0013.67,-0003.91,+0001.45,-0001.00,-0011.33
+1580602594.13,+0004.88,-0011.72,-0002.93,+0004.52,+0002.68,-0014.24
+1580602594.13,+0004.88,-0011.72,-0000.98,-0000.92,-0001.00,-0009.34
+1580602594.14,+0003.91,-0011.72,+0001.95,+0007.66,-0001.23,-0010.11
+1580602594.14,+0001.95,-0010.74,+0003.91,-0004.06,-0000.23,-0011.03
+1580602594.15,+0000.00,-0007.81,+0002.93,+0001.53,-0001.84,-0009.65
+1580602594.15,+0001.95,-0008.79,+0002.93,-0000.77,+0001.30,-0010.80
+1580602594.16,+0003.91,-0008.79,+0003.91,+0002.60,-0000.31,-0003.60
+1580602594.16,-0007.81,-0008.79,+0004.88,+0004.98,-0000.08,-0009.03
+1580602594.17,-0007.81,-0004.88,+0006.84,-0001.00,-0003.90,-0007.50
+1580602594.17,+0001.95,-0004.88,+0007.81,+0004.06,+0001.84,-0010.49
+1580602594.18,-0003.91,-0006.84,+0009.77,-0002.68,-0000.08,-0007.96
+1580602594.18,-0000.98,-0003.91,+0009.77,-0002.60,+0001.45,-0008.04
+1580602594.19,-0003.91,-0004.88,+0007.81,-0001.07,+0001.99,-0013.55
+1580602594.19,-0006.84,-0004.88,+0008.79,+0004.59,-0003.52,-0008.73
+1580602594.20,+0002.93,-0002.93,+0009.77,+0002.22,+0000.23,-0008.58
+1580602594.20,-0002.93,-0001.95,+0009.77,-0001.99,+0002.45,-0011.41
+1580602594.21,-0006.84,-0001.95,+0009.77,+0005.13,-0004.21,-0007.20
+1580602594.21,+0000.98,-0000.98,+0009.77,+0000.00,+0001.53,-0011.41
+1580602594.22,-0008.79,-0001.95,+0011.72,+0000.15,-0003.52,-0009.03
+1580602594.22,-0003.91,+0001.95,+0012.70,+0003.52,+0000.54,-0011.33
+1580602594.23,+0000.00,+0000.00,+0013.67,-0002.91,-0001.23,-0009.11
+1580602594.23,-0001.95,+0000.00,+0013.67,-0000.84,+0003.90,-0011.79
+1580602594.24,-0010.74,+0001.95,+0012.70,+0000.15,-0001.53,-0014.16
+1580602594.24,-0003.91,+0001.95,+0012.70,+0000.46,-0003.29,-0009.42
+1580602594.25,+0003.91,+0000.98,+0012.70,+0001.23,+0002.45,-0016.54
+1580602594.25,-0001.95,+0000.98,+0012.70,+0002.14,+0000.77,-0008.19
+1580602594.26,-0003.91,+0002.93,+0011.72,-0001.61,-0000.61,-0016.69
+1580602594.26,-0000.98,+0000.98,+0012.70,+0001.91,+0000.23,-0017.15
+1580602594.27,+0009.77,+0002.93,+0013.67,+0000.46,+0001.76,-0009.72
+1580602594.27,+0001.95,+0002.93,+0014.65,+0001.53,+0000.69,-0007.66
+1580602594.28,-0007.81,+0003.91,+0014.65,+0000.38,+0000.00,-0007.89
+1580602594.28,+0002.93,+0004.88,+0014.65,+0001.38,-0002.60,-0009.26
+1580602594.29,+0009.77,+0001.95,+0013.67,+0001.84,+0003.45,-0008.35
+1580602594.29,-0002.93,+0002.93,+0013.67,-0002.22,+0002.76,-0011.79
+1580602594.30,-0003.91,+0004.88,+0013.67,+0001.76,-0003.14,-0013.93
+1580602594.30,+0004.88,+0003.91,+0014.65,+0000.54,-0000.31,-0012.79
+1580602594.31,+0007.81,+0002.93,+0014.65,+0000.54,-0000.31,-0009.49
+1580602594.31,+0000.98,+0002.93,+0013.67,-0001.15,+0003.52,-0012.25
+1580602594.32,-0001.95,+0002.93,+0013.67,-0001.99,-0006.43,-0005.44
+1580602594.32,+0009.77,+0002.93,+0012.70,-0000.15,+0001.23,-0009.11
+1580602594.33,+0001.95,+0000.98,+0012.70,-0002.99,-0000.46,-0001.68
+1580602594.33,-0001.95,+0004.88,+0011.72,+0004.52,+0001.99,-0011.18
+1580602594.34,-0001.95,+0001.95,+0012.70,-0004.90,-0001.30,-0010.34
+1580602594.34,+0004.88,+0002.93,+0012.70,-0003.98,+0002.68,-0011.41
+1580602594.35,+0000.00,+0000.98,+0012.70,+0000.77,-0001.68,-0008.58
+1580602594.35,-0000.98,+0002.93,+0011.72,+0001.61,-0001.99,-0006.97
+1580602594.36,-0002.93,+0000.98,+0008.79,+0005.28,-0002.68,-0011.18
+1580602594.36,-0002.93,+0001.95,+0008.79,-0002.99,-0000.38,-0009.19
+1580602594.37,+0000.98,+0000.98,+0008.79,+0004.06,-0000.61,-0009.34
+1580602594.37,-0000.98,+0000.00,+0007.81,-0004.13,-0000.31,-0004.98
+1580602594.38,-0008.79,+0000.00,+0006.84,-0003.29,-0002.60,-0011.18
+1580602594.38,+0000.00,-0000.98,+0006.84,-0000.61,-0001.76,-0007.73
+1580602594.39,+0000.98,-0001.95,+0005.86,+0001.00,+0002.83,-0012.10
+1580602594.39,-0006.84,-0000.98,+0005.86,+0000.46,+0000.84,-0013.55
+1580602594.40,-0004.88,+0000.00,+0004.88,-0001.07,-0007.04,-0008.96
+1580602594.40,+0003.91,-0001.95,+0004.88,-0000.31,+0003.22,-0011.64
+1580602594.41,+0000.00,-0003.91,+0004.88,-0000.46,-0002.37,-0005.44
+1580602594.41,-0006.84,-0001.95,+0002.93,+0000.46,+0000.15,-0012.71
+1580602594.42,-0005.86,-0003.91,+0002.93,-0000.77,-0004.75,-0010.80
+1580602594.42,+0006.84,-0003.91,+0001.95,+0002.07,-0000.08,-0010.95
+1580602594.43,-0004.88,-0004.88,+0001.95,+0002.22,-0003.06,-0011.41
+1580602594.43,-0003.91,-0002.93,+0001.95,-0000.08,-0004.67,-0008.27
+1580602594.44,+0006.84,-0004.88,+0001.95,-0001.30,+0001.15,-0011.64
+1580602594.44,-0000.98,-0005.86,+0000.98,+0000.38,+0001.91,-0009.26
+1580602594.45,-0000.98,-0003.91,+0000.98,-0000.31,-0003.37,-0009.95
+1580602594.45,+0005.86,-0005.86,+0000.98,-0003.37,+0001.99,-0008.58
+1580602594.46,-0000.98,-0005.86,+0000.00,+0004.06,+0003.22,-0014.16
+1580602594.46,+0000.00,-0004.88,+0000.98,+0002.68,+0004.21,-0009.19
+1580602594.47,+0002.93,-0003.91,-0001.95,-0001.68,+0007.50,-0019.45
+1580602594.47,-0008.79,-0004.88,-0003.91,+0001.68,-0007.81,-0012.25
+1580602594.48,+0012.70,-0004.88,+0000.00,+0000.92,-0005.36,-0005.28
+1580602594.48,+0004.88,-0006.84,+0002.93,+0002.53,-0003.52,-0005.05
+1580602594.49,-0002.93,-0001.95,+0004.88,+0002.14,-0001.00,-0008.19
+1580602594.49,+0000.98,-0002.93,+0003.91,-0002.83,-0003.06,-0011.79
+1580602594.50,+0004.88,-0004.88,+0002.93,-0001.00,+0001.99,-0008.27
+1580602594.50,+0000.98,-0004.88,+0001.95,-0001.07,+0000.77,-0012.56
+1580602594.51,-0000.98,-0004.88,+0001.95,+0002.99,-0004.44,-0004.13
+1580602594.51,+0001.95,-0004.88,+0001.95,-0001.07,+0002.53,-0008.58
+1580602594.52,-0005.86,-0003.91,+0001.95,+0000.31,-0002.14,-0008.58
+1580602594.52,+0000.98,-0002.93,+0003.91,+0002.22,-0002.68,-0004.98
+1580602594.53,+0003.91,-0004.88,+0005.86,-0000.54,+0005.21,-0013.78
+1580602594.53,-0005.86,-0001.95,+0006.84,+0000.54,-0003.29,-0006.81
+1580602594.54,-0000.98,-0000.98,+0005.86,+0000.92,+0002.68,-0014.16
+1580602594.54,-0008.79,-0003.91,+0004.88,-0002.45,+0000.46,-0012.94
+1580602594.55,-0003.91,+0000.00,+0004.88,+0005.90,-0001.53,-0012.25
+1580602594.55,+0007.81,-0002.93,+0004.88,+0004.75,+0002.60,-0002.07
+1580602594.56,-0004.88,-0002.93,+0002.93,-0000.46,+0007.89,-0013.40
+1580602594.56,-0024.41,-0000.98,+0003.91,+0001.61,-0003.45,-0015.39
+1580602594.57,+0003.91,+0002.93,+0004.88,+0004.98,-0004.36,-0018.15
+1580602594.57,+0014.65,-0002.93,+0005.86,+0004.13,+0006.58,-0006.12
+1580602594.58,-0012.70,+0000.00,+0006.84,-0001.76,+0000.54,-0007.04
+1580602594.58,-0016.60,+0002.93,+0006.84,-0004.59,-0001.91,-0014.62
+1580602594.59,+0004.88,+0001.95,+0006.84,-0001.45,-0001.15,-0008.88
+1580602594.59,+0009.77,-0000.98,+0005.86,+0003.75,+0003.98,-0009.88
+1580602594.60,-0007.81,+0002.93,+0006.84,-0002.37,-0001.68,-0007.96
+1580602594.60,-0004.88,+0001.95,+0006.84,+0001.30,-0007.58,-0006.28
+1580602594.61,+0004.88,+0001.95,+0005.86,+0001.45,+0001.68,-0014.62
+1580602594.61,+0000.00,+0003.91,+0007.81,+0000.92,-0007.12,-0003.06
+1580602594.62,+0009.77,+0004.88,+0008.79,+0001.53,+0001.38,-0005.67
+1580602594.62,-0007.81,+0002.93,+0008.79,+0000.69,-0009.34,-0005.67
+1580602594.63,+0002.93,+0005.86,+0008.79,+0001.15,+0002.68,-0014.70
+1580602594.63,+0004.88,+0005.86,+0008.79,-0002.22,+0003.06,-0014.32
+1580602594.64,+0000.00,+0003.91,+0010.74,-0002.14,-0003.14,-0007.73
+1580602594.64,+0003.91,+0007.81,+0010.74,-0004.90,+0001.07,-0009.95
+1580602594.65,-0000.98,+0004.88,+0010.74,+0007.50,+0000.54,-0011.56
+1580602594.65,-0000.98,+0007.81,+0010.74,-0004.36,-0000.77,-0009.88
+1580602594.66,+0001.95,+0006.84,+0009.77,+0000.08,-0003.14,-0009.72
+1580602594.66,+0002.93,+0005.86,+0009.77,-0000.77,+0002.53,-0010.95
+1580602594.67,+0000.98,+0005.86,+0008.79,+0002.76,-0001.76,-0005.97
+1580602594.67,-0001.95,+0005.86,+0007.81,-0002.60,+0000.23,-0012.33
+1580602594.68,+0000.98,+0006.84,+0008.79,-0000.61,-0002.07,-0008.27
+1580602594.68,+0006.84,+0006.84,+0009.77,+0002.53,-0000.23,-0007.73
+1580602594.69,+0000.00,+0006.84,+0009.77,-0000.08,+0002.76,-0008.35
+1580602594.69,-0006.84,+0006.84,+0009.77,-0001.07,-0001.30,-0009.88
+1580602594.70,-0000.98,+0008.79,+0007.81,-0000.84,-0000.61,-0011.48
+1580602594.70,+0002.93,+0006.84,+0007.81,-0001.61,-0000.23,-0006.35
+1580602594.71,-0000.98,+0006.84,+0007.81,+0003.52,+0002.76,-0012.63
+1580602594.71,-0003.91,+0006.84,+0008.79,+0002.30,-0001.15,-0007.20
+1580602594.72,+0000.98,+0008.79,+0007.81,-0001.61,+0001.38,-0014.01
+1580602594.72,-0004.88,+0006.84,+0007.81,-0004.36,-0002.76,-0007.27
+1580602594.73,-0000.98,+0009.77,+0006.84,+0003.75,+0001.53,-0010.11
+1580602594.73,-0004.88,+0005.86,+0005.86,+0005.05,+0000.54,-0012.56
+1580602594.74,-0002.93,+0006.84,+0004.88,-0004.13,-0001.84,-0010.26
+1580602594.74,+0001.95,+0006.84,+0005.86,+0001.38,-0001.15,-0010.11
+1580602594.75,-0001.95,+0006.84,+0004.88,-0000.77,-0000.08,-0008.12
+1580602594.75,-0002.93,+0006.84,+0003.91,+0001.00,-0003.22,-0007.12
+1580602594.76,+0002.93,+0006.84,+0002.93,-0002.37,+0000.38,-0006.51
+1580602594.76,-0006.84,+0005.86,+0002.93,+0000.84,+0005.44,-0013.70
+1580602594.77,-0001.95,+0006.84,+0002.93,+0001.30,+0002.22,-0014.09
+1580602594.77,+0000.98,+0006.84,+0002.93,+0001.68,+0000.46,-0013.70
+1580602594.78,-0000.98,+0003.91,+0002.93,-0001.23,-0003.98,-0007.96
+1580602594.78,-0002.93,+0005.86,+0001.95,-0004.06,+0000.84,-0015.08
+1580602594.79,-0008.79,+0002.93,+0000.98,+0003.06,-0002.99,-0009.88
+1580602594.79,+0003.91,+0004.88,+0000.98,-0002.45,+0002.14,-0012.25
+1580602594.80,-0002.93,+0001.95,+0000.00,-0000.54,-0000.15,-0013.32
+1580602594.80,+0000.00,+0002.93,-0000.98,-0003.06,+0001.38,-0009.57
+1580602594.81,-0000.98,+0000.98,-0001.95,-0000.84,-0001.00,-0011.87
+1580602594.81,+0000.00,+0001.95,-0002.93,+0000.23,-0001.45,-0009.26
+1580602594.82,+0006.84,+0000.98,-0002.93,-0000.69,+0002.76,-0010.72
+1580602594.82,+0000.98,+0000.00,-0002.93,-0000.61,-0003.29,-0010.64
+1580602594.83,+0000.98,+0000.98,-0002.93,-0001.30,-0000.46,-0010.03
+1580602594.83,+0005.86,+0001.95,-0003.91,-0000.54,-0000.38,-0012.79
+1580602594.84,+0001.95,-0000.98,-0003.91,+0001.61,-0003.22,-0010.03
+1580602594.84,+0006.84,+0000.98,-0002.93,-0002.45,-0001.30,-0010.95
+1580602594.85,+0007.81,-0000.98,-0002.93,+0001.99,+0002.37,-0008.27
+1580602594.85,+0002.93,+0000.00,-0003.91,+0000.84,-0002.07,-0004.06
+1580602594.86,+0005.86,+0000.00,-0004.88,+0000.08,+0001.15,-0007.66
+1580602594.86,+0001.95,-0001.95,-0004.88,-0001.76,+0000.23,-0005.05
+1580602594.87,-0001.95,+0000.00,-0004.88,+0003.60,+0001.30,-0006.97
+1580602594.87,+0000.00,-0001.95,-0003.91,+0002.45,+0002.83,-0010.80
+1580602594.88,-0001.95,-0000.98,-0003.91,-0001.91,+0000.31,-0010.64
+1580602594.88,-0004.88,-0001.95,-0004.88,-0000.77,+0001.07,-0013.93
+1580602594.89,-0003.91,-0001.95,-0004.88,-0001.76,+0002.30,-0012.10
+1580602594.89,-0006.84,-0002.93,-0006.84,+0001.76,+0001.07,-0011.03
+1580602594.90,-0007.81,-0002.93,-0006.84,-0003.90,+0000.77,-0011.33
+1580602594.90,-0006.84,-0002.93,-0006.84,+0002.14,+0000.00,-0008.50
+1580602594.91,-0004.88,-0003.91,-0005.86,-0000.15,-0001.38,-0006.51
+1580602594.91,-0002.93,-0003.91,-0006.84,-0000.69,+0001.07,-0005.36
+1580602594.92,-0010.74,-0003.91,-0007.81,-0000.69,+0001.61,-0012.48
+1580602594.92,-0007.81,-0004.88,-0007.81,-0000.08,-0002.14,-0010.18
+1580602594.93,-0000.98,-0003.91,-0007.81,+0001.23,+0001.15,-0012.63
+1580602594.93,-0004.88,-0004.88,-0006.84,-0000.77,-0001.45,-0009.11
+1580602594.94,-0005.86,-0003.91,-0007.81,+0000.00,+0001.61,-0010.41
+1580602594.94,-0006.84,-0003.91,-0007.81,+0000.77,-0005.36,-0010.34
+1580602594.95,+0002.93,-0003.91,-0006.84,+0000.61,+0000.15,-0009.03
+1580602594.95,-0001.95,-0002.93,-0006.84,+0001.07,+0005.21,-0012.63
+1580602594.96,-0005.86,-0001.95,-0005.86,+0000.23,-0005.36,-0007.58
+1580602594.96,+0005.86,-0001.95,-0005.86,-0001.53,+0004.06,-0014.47
+1580602594.97,-0002.93,-0002.93,-0005.86,+0001.91,-0002.83,-0012.94
+1580602594.97,+0005.86,-0000.98,-0005.86,+0002.07,-0004.44,-0002.07
+1580602594.98,-0002.93,-0002.93,-0006.84,-0000.23,-0002.83,-0010.87
+1580602594.98,-0004.88,-0001.95,-0006.84,-0001.91,-0003.83,-0008.12
+1580602594.99,+0010.74,-0000.98,-0005.86,-0000.69,+0001.84,-0012.79
+1580602594.99,+0002.93,-0003.91,-0005.86,-0003.90,+0001.76,-0010.03
+1580602595.00,-0001.95,-0000.98,-0005.86,-0004.29,-0002.45,-0014.32
+1580602595.00,+0004.88,-0001.95,-0004.88,+0003.22,-0004.36,-0006.97
+1580602595.01,+0007.81,+0000.00,-0005.86,+0000.84,+0006.97,-0012.71
+1580602595.01,-0003.91,-0001.95,-0004.88,+0003.06,-0009.34,+0002.68
+1580602595.02,+0014.65,-0000.98,-0004.88,+0001.15,+0012.25,-0017.99
+1580602595.02,-0007.81,-0001.95,-0005.86,-0002.37,-0002.83,-0012.79
+1580602595.03,+0003.91,+0000.98,-0004.88,+0004.13,-0005.97,-0005.21
+1580602595.03,+0010.74,-0000.98,-0004.88,-0002.68,+0003.75,-0008.58
+1580602595.04,-0005.86,-0000.98,-0005.86,+0004.59,-0002.37,-0005.74
+1580602595.04,+0000.00,+0000.00,-0004.88,-0003.90,+0000.08,-0006.81
+1580602595.05,-0002.93,+0000.00,-0004.88,-0005.74,-0004.44,-0006.12
+1580602595.05,+0000.00,-0000.98,-0004.88,+0004.90,+0003.52,-0008.88
+1580602595.06,-0000.98,+0000.98,-0004.88,-0004.67,-0001.23,-0007.50
+1580602595.06,-0005.86,-0001.95,-0005.86,-0002.14,+0002.07,-0012.63
+1580602595.07,-0001.95,+0000.00,-0005.86,-0004.06,-0000.84,-0011.33
+1580602595.07,-0001.95,-0000.98,-0006.84,+0003.68,+0000.08,-0007.89
+1580602595.08,-0002.93,+0000.00,-0006.84,-0004.44,+0000.92,-0006.43
+1580602595.08,-0008.79,+0000.00,-0006.84,-0002.30,-0002.76,-0013.63
+1580602595.09,-0003.91,+0000.98,-0006.84,+0000.38,-0002.14,-0010.57
+1580602595.09,+0005.86,+0000.00,-0005.86,-0000.92,+0000.77,-0008.35
+1580602595.10,-0006.84,-0001.95,-0006.84,-0002.76,+0001.91,-0011.79
+1580602595.10,-0008.79,+0000.00,-0007.81,-0003.22,-0001.76,-0010.26
+1580602595.11,+0000.98,+0000.00,-0008.79,-0002.83,+0001.76,-0014.85
+1580602595.11,-0002.93,-0000.98,-0008.79,-0000.08,-0000.08,-0011.87
+1580602595.12,+0002.93,-0001.95,-0007.81,-0003.22,-0005.13,-0005.82
+1580602595.12,-0002.93,-0000.98,-0008.79,-0004.13,-0003.52,-0008.65
+1580602595.13,+0001.95,-0001.95,-0007.81,+0002.22,-0002.30,-0003.75
+1580602595.13,+0000.00,+0000.00,-0009.77,-0001.91,+0004.52,-0013.86
+1580602595.14,-0005.86,-0001.95,-0008.79,+0006.20,-0007.27,-0007.81
+1580602595.14,+0011.72,-0000.98,-0007.81,-0006.97,+0005.13,-0011.71
+1580602595.14,-0001.95,-0003.91,-0007.81,+0003.90,+0000.38,-0015.77
+1580602595.15,+0003.91,-0002.93,-0008.79,-0006.51,-0007.89,-0003.75
+1580602595.15,+0004.88,-0003.91,-0009.77,-0003.37,+0002.07,-0014.01
+1580602595.16,-0000.98,-0004.88,-0010.74,-0000.31,-0005.28,-0006.66
+1580602595.16,+0009.77,-0003.91,-0009.77,+0000.00,+0000.15,-0010.34
+1580602595.17,-0000.98,-0007.81,-0009.77,+0002.99,-0002.83,-0009.26
+1580602595.17,+0000.00,-0003.91,-0009.77,-0004.29,+0000.15,-0011.41
+1580602595.18,+0004.88,-0006.84,-0008.79,+0001.30,-0000.08,-0013.86
+1580602595.18,+0005.86,-0006.84,-0008.79,-0003.29,+0000.54,-0010.34
+1580602595.19,+0004.88,-0006.84,-0008.79,-0000.54,+0000.69,-0009.57
+1580602595.19,+0000.00,-0006.84,-0010.74,-0001.00,-0001.38,-0007.27
+1580602595.20,+0000.98,-0007.81,-0011.72,-0004.13,+0001.07,-0010.95
+1580602595.20,+0002.93,-0008.79,-0011.72,-0000.46,+0001.23,-0006.51
+1580602595.21,-0000.98,-0008.79,-0012.70,-0000.61,+0001.07,-0012.02
+1580602595.21,-0002.93,-0009.77,-0011.72,-0002.68,-0001.68,-0006.35
+1580602595.22,+0000.98,-0010.74,-0012.70,+0001.91,-0001.23,-0007.12
+1580602595.22,-0005.86,-0011.72,-0012.70,-0000.23,+0001.53,-0010.49
+1580602595.23,-0006.84,-0009.77,-0012.70,-0000.92,-0003.14,-0007.58
+1580602595.23,-0000.98,-0012.70,-0012.70,-0001.76,+0002.60,-0012.33
+1580602595.24,-0003.91,-0011.72,-0011.72,-0002.76,-0001.00,-0008.80
+1580602595.24,-0004.88,-0011.72,-0012.70,+0001.38,+0003.37,-0011.33
+1580602595.25,-0009.77,-0012.70,-0013.67,-0003.90,-0002.37,-0011.48
+1580602595.25,-0001.95,-0012.70,-0014.65,+0000.92,-0002.37,-0007.89
+1580602595.26,-0003.91,-0013.67,-0014.65,+0000.00,-0003.52,-0008.12
+1580602595.26,-0003.91,-0012.70,-0013.67,-0001.07,+0000.38,-0007.58
+1580602595.27,-0005.86,-0012.70,-0014.65,-0004.52,+0002.83,-0012.48
+1580602595.27,-0007.81,-0014.65,-0015.62,+0002.91,-0001.15,-0008.96
+1580602595.28,+0002.93,-0013.67,-0013.67,-0005.59,-0001.07,-0007.04
+1580602595.28,-0000.98,-0014.65,-0014.65,+0002.30,+0002.07,-0011.10
+1580602595.29,-0009.77,-0012.70,-0013.67,-0004.29,-0000.46,-0013.40
+1580602595.29,+0003.91,-0012.70,-0012.70,+0001.45,+0000.92,-0012.40
+1580602595.30,+0004.88,-0013.67,-0011.72,-0000.84,+0002.99,-0010.72
+1580602595.30,-0006.84,-0012.70,-0011.72,+0003.14,-0002.68,-0008.96
+1580602595.31,+0000.00,-0011.72,-0011.72,-0000.92,-0000.23,-0013.55
+1580602595.31,+0003.91,-0012.70,-0009.77,+0000.61,-0001.76,-0009.72
+1580602595.32,+0001.95,-0011.72,-0008.79,+0000.46,-0001.68,-0006.05
+1580602595.32,+0000.00,-0010.74,-0006.84,+0000.15,-0001.07,-0009.26
+1580602595.33,+0000.00,-0012.70,-0006.84,+0002.99,+0002.91,-0003.60
+1580602595.33,-0004.88,-0009.77,-0006.84,-0002.14,+0000.08,-0005.74
+1580602595.34,+0000.00,-0010.74,-0005.86,+0001.23,-0004.21,-0005.13
+1580602595.34,-0001.95,-0011.72,-0005.86,-0000.31,+0006.20,-0014.55
+1580602595.35,-0003.91,-0011.72,-0003.91,+0002.91,-0002.22,-0012.71
+1580602595.35,+0001.95,-0009.77,-0002.93,-0000.08,+0003.68,-0015.16
+1580602595.36,-0004.88,-0010.74,-0001.95,+0004.75,-0001.38,-0014.24
+1580602595.36,+0000.98,-0008.79,-0000.98,+0001.07,+0001.07,-0013.02
+1580602595.37,+0001.95,-0008.79,+0000.00,+0002.14,+0001.00,-0010.34
+1580602595.37,-0001.95,-0007.81,+0000.98,-0002.45,-0002.14,-0009.57
+1580602595.38,+0000.00,-0008.79,+0000.98,+0000.92,-0000.77,-0007.58
+1580602595.38,+0000.00,-0007.81,+0000.98,-0001.00,-0002.60,-0004.29
+1580602595.39,+0000.98,-0007.81,+0001.95,+0004.44,+0003.90,-0009.03
+1580602595.39,-0004.88,-0006.84,+0003.91,-0001.07,-0001.38,-0008.73
+1580602595.40,+0001.95,-0005.86,+0003.91,+0002.91,+0003.83,-0012.86
+1580602595.40,-0001.95,-0004.88,+0004.88,-0002.68,-0002.76,-0006.51
+1580602595.41,+0000.00,-0004.88,+0005.86,+0006.20,+0000.84,-0006.51
+1580602595.41,-0002.93,-0002.93,+0006.84,-0001.91,+0002.14,-0014.70
+1580602595.42,+0002.93,-0002.93,+0008.79,+0002.76,+0003.98,-0012.63
+1580602595.42,-0000.98,-0002.93,+0008.79,-0002.53,-0000.92,-0009.95
+1580602595.43,-0000.98,-0001.95,+0008.79,+0002.83,-0004.36,-0003.90
+1580602595.43,-0004.88,+0000.00,+0008.79,-0000.46,-0003.75,-0007.96
+1580602595.44,-0004.88,-0000.98,+0009.77,+0004.90,-0000.61,-0008.58
+1580602595.44,+0000.98,+0000.00,+0010.74,-0005.51,+0003.98,-0012.71
+1580602595.45,-0007.81,-0000.98,+0012.70,+0004.90,-0001.53,-0008.58
+1580602595.45,-0003.91,+0001.95,+0011.72,+0002.37,-0000.77,-0006.81
+1580602595.46,-0001.95,+0000.00,+0011.72,+0001.76,+0000.08,-0007.96
+1580602595.46,-0006.84,+0000.98,+0011.72,+0000.08,+0001.07,-0021.97
+1580602595.47,-0001.95,+0001.95,+0013.67,+0003.45,-0002.60,-0012.33
+1580602595.47,+0001.95,+0002.93,+0014.65,-0000.46,-0004.98,-0005.51
+1580602595.48,+0001.95,+0003.91,+0014.65,+0005.21,-0001.30,-0009.26
+1580602595.48,-0000.98,+0002.93,+0015.62,-0001.61,-0002.37,+0001.15
+1580602595.49,-0009.77,+0005.86,+0014.65,-0001.99,-0003.14,-0007.04
+1580602595.49,-0000.98,+0004.88,+0015.62,+0003.45,-0003.60,-0008.42
+1580602595.50,+0004.88,+0003.91,+0014.65,+0000.77,+0004.75,-0012.71
+1580602595.50,-0006.84,+0001.95,+0015.62,-0001.45,-0001.91,-0016.15
+1580602595.51,+0001.95,+0004.88,+0015.62,-0003.14,-0001.30,-0013.93
+1580602595.51,+0001.95,+0002.93,+0013.67,+0002.07,-0000.38,-0012.56
+1580602595.52,+0000.00,+0004.88,+0010.74,+0000.08,+0004.52,-0004.67
+1580602595.52,-0020.51,+0006.84,+0007.81,-0002.14,-0007.96,-0017.76
+1580602595.53,+0002.93,+0004.88,+0010.74,+0006.66,-0010.87,-0005.05
+1580602595.53,+0029.30,+0004.88,+0016.60,-0000.23,+0006.12,-0004.44
+1580602595.54,-0008.79,+0006.84,+0018.55,+0002.30,+0005.21,-0006.58
+1580602595.54,-0005.86,+0010.74,+0017.58,-0002.14,-0006.28,-0011.56
+1580602595.55,+0015.62,+0004.88,+0014.65,-0006.89,+0000.69,-0009.03
+1580602595.55,+0008.79,+0002.93,+0011.72,+0001.07,+0002.30,-0007.96
+1580602595.56,-0002.93,+0003.91,+0010.74,+0003.14,-0002.37,-0014.09
+1580602595.56,+0003.91,+0003.91,+0010.74,-0002.60,-0001.00,-0014.85
+1580602595.57,+0010.74,+0002.93,+0011.72,+0003.75,+0000.77,-0009.65
+1580602595.57,+0006.84,+0003.91,+0011.72,+0000.23,-0001.68,-0005.05
+1580602595.58,-0005.86,+0003.91,+0011.72,+0001.53,+0000.31,-0008.35
+1580602595.58,-0001.95,+0004.88,+0012.70,-0002.45,-0001.61,-0006.66
+1580602595.59,+0004.88,+0004.88,+0012.70,+0002.99,+0001.07,-0008.65
+1580602595.59,-0001.95,+0002.93,+0012.70,+0000.84,+0000.84,-0006.58
+1580602595.60,-0004.88,+0003.91,+0011.72,-0003.60,+0002.99,-0011.48
+1580602595.60,-0005.86,+0002.93,+0009.77,+0000.54,-0001.61,-0010.26
+1580602595.61,-0004.88,+0002.93,+0007.81,-0002.07,-0000.23,-0010.18
+1580602595.61,+0000.98,+0000.00,+0006.84,+0001.15,-0000.69,-0007.27
+1580602595.62,-0001.95,+0000.00,+0005.86,-0001.00,+0001.38,-0008.19
+1580602595.62,-0010.74,+0000.00,+0004.88,+0000.84,+0001.68,-0012.94
+1580602595.63,-0006.84,+0000.00,+0003.91,+0001.53,-0000.54,-0012.63
+1580602595.63,+0001.95,-0000.98,+0004.88,+0000.31,-0001.99,-0008.50
+1580602595.64,-0000.98,-0000.98,+0004.88,+0000.84,+0000.15,-0007.35
+1580602595.64,-0006.84,+0000.00,+0003.91,+0000.31,+0000.31,-0008.88
+1580602595.65,-0003.91,-0001.95,+0002.93,+0001.61,-0001.76,-0010.49
+1580602595.65,+0005.86,-0002.93,+0002.93,-0000.31,-0000.15,-0009.26
+1580602595.66,-0000.98,-0003.91,+0000.98,-0002.07,+0002.30,-0013.70
+1580602595.66,-0002.93,-0001.95,+0000.98,-0001.00,-0001.91,-0008.50
+1580602595.67,+0002.93,-0002.93,+0000.98,+0001.91,+0001.61,-0012.79
+1580602595.67,-0001.95,-0003.91,+0000.00,-0001.68,-0001.53,-0011.03
+1580602595.68,+0000.98,-0002.93,+0001.95,+0002.68,-0000.23,-0010.64
+1580602595.68,+0001.95,-0004.88,+0001.95,+0000.00,-0000.92,-0009.11
+1580602595.69,+0001.95,-0004.88,+0000.98,-0000.23,+0000.00,-0009.88
+1580602595.69,+0000.98,-0004.88,+0000.98,-0000.84,+0000.15,-0010.72
+1580602595.70,+0004.88,-0004.88,+0001.95,-0000.31,-0002.76,-0006.43
+1580602595.70,+0000.00,-0005.86,+0000.98,-0000.38,-0002.14,-0011.10
+1580602595.71,+0004.88,-0004.88,+0001.95,+0002.07,-0005.59,-0005.59
+1580602595.71,+0009.77,-0005.86,+0001.95,+0001.30,+0005.36,-0009.26
+1580602595.72,-0006.84,-0005.86,+0001.95,+0003.06,-0001.99,-0012.79
+1580602595.72,+0000.00,-0003.91,+0002.93,-0001.45,-0001.23,-0012.17
+1580602595.73,+0008.79,-0005.86,+0002.93,-0000.08,-0000.46,-0011.25
+1580602595.73,+0003.91,-0004.88,+0003.91,+0000.31,+0004.06,-0008.50
+1580602595.74,-0003.91,-0004.88,+0002.93,+0001.99,+0002.14,-0013.86
+1580602595.74,-0004.88,-0003.91,+0002.93,-0003.68,-0001.00,-0011.25
+1580602595.75,+0001.95,-0002.93,+0004.88,+0004.75,+0000.92,-0010.87
+1580602595.75,+0001.95,-0002.93,+0006.84,+0001.99,-0000.15,-0005.44
+1580602595.76,-0000.98,-0002.93,+0007.81,+0000.38,+0001.00,-0003.60
+1580602595.76,-0006.84,-0002.93,+0006.84,-0000.54,+0001.07,-0010.72
+1580602595.77,-0005.86,+0000.00,+0006.84,+0000.31,-0000.46,-0010.34
+1580602595.77,+0004.88,+0000.00,+0005.86,+0003.22,+0002.91,-0012.94
+1580602595.78,-0003.91,-0001.95,+0006.84,+0000.00,-0001.07,-0006.89
+1580602595.78,-0007.81,+0000.98,+0007.81,+0004.67,+0003.29,-0012.48
+1580602595.79,-0006.84,+0001.95,+0008.79,+0005.51,-0000.92,-0013.40
+1580602595.79,-0001.95,+0002.93,+0009.77,+0000.61,-0002.83,-0009.26
+1580602595.80,+0000.98,+0002.93,+0010.74,+0001.30,+0001.30,-0009.88
+1580602595.80,-0003.91,+0003.91,+0011.72,-0001.23,-0001.68,-0008.65
+1580602595.81,-0007.81,+0005.86,+0010.74,+0002.07,-0001.45,-0012.63
+1580602595.81,-0002.93,+0005.86,+0009.77,-0001.68,-0000.61,-0010.57
+1580602595.82,+0000.98,+0006.84,+0009.77,+0000.92,+0001.84,-0011.41
+1580602595.82,-0001.95,+0005.86,+0010.74,+0002.83,+0000.15,-0007.27
+1580602595.83,-0000.98,+0007.81,+0010.74,-0002.14,+0000.15,-0010.95
+1580602595.83,-0003.91,+0005.86,+0010.74,+0000.69,-0001.99,-0009.57
+1580602595.84,+0000.98,+0007.81,+0009.77,+0000.46,+0002.07,-0010.80
+1580602595.84,-0001.95,+0006.84,+0009.77,+0000.77,-0003.60,-0006.89
+1580602595.85,+0002.93,+0007.81,+0009.77,-0000.69,+0000.38,-0008.35
+1580602595.85,-0003.91,+0006.84,+0009.77,+0001.99,+0000.23,-0011.18
+1580602595.86,-0000.98,+0008.79,+0008.79,+0000.15,+0000.15,-0012.25
+1580602595.86,+0000.00,+0007.81,+0007.81,-0000.61,+0000.00,-0012.56
+1580602595.87,+0000.98,+0007.81,+0006.84,+0001.76,-0000.61,-0010.80
+1580602595.87,+0000.00,+0007.81,+0006.84,-0002.53,-0000.61,-0012.10
+1580602595.88,-0000.98,+0007.81,+0005.86,-0001.07,+0001.23,-0016.54
+1580602595.88,-0002.93,+0006.84,+0004.88,-0001.45,-0007.43,-0005.82
+1580602595.89,+0011.72,+0006.84,+0002.93,+0001.30,+0001.91,-0011.48
+1580602595.89,-0001.95,+0004.88,+0001.95,-0005.44,+0005.51,-0009.11
+1580602595.90,-0005.86,+0007.81,+0000.98,-0005.59,-0002.37,-0013.78
+1580602595.90,+0009.77,+0006.84,+0000.00,+0000.84,-0001.07,-0010.87
+1580602595.91,+0006.84,+0005.86,+0000.00,-0001.53,+0001.15,-0008.42
+1580602595.91,+0001.95,+0006.84,+0000.00,-0001.30,+0001.68,-0007.04
+1580602595.92,-0000.98,+0007.81,-0000.98,-0004.59,-0002.45,-0006.74
+1580602595.92,+0005.86,+0005.86,-0002.93,-0000.31,+0000.23,-0005.05
+1580602595.93,+0000.00,+0006.84,-0003.91,-0001.68,+0004.21,-0013.02
+1580602595.93,+0000.00,+0005.86,-0003.91,+0002.76,+0000.00,-0008.58
+1580602595.94,+0002.93,+0006.84,-0003.91,-0005.05,+0004.82,-0010.41
+1580602595.94,-0006.84,+0005.86,-0004.88,+0004.13,-0002.30,-0010.11
+1580602595.95,-0004.88,+0007.81,-0004.88,-0000.46,-0000.54,-0010.41
+1580602595.95,-0003.91,+0007.81,-0002.93,+0001.07,+0001.38,-0015.08
+1580602595.96,-0004.88,+0007.81,-0002.93,-0002.22,+0000.46,-0010.49
+1580602595.96,-0005.86,+0007.81,-0002.93,-0000.23,+0004.21,-0014.01
+1580602595.97,-0006.84,+0007.81,-0002.93,-0001.07,-0000.15,-0008.04
+1580602595.97,-0003.91,+0006.84,-0004.88,-0002.22,-0000.46,-0007.96
+1580602595.98,-0006.84,+0004.88,-0006.84,-0003.45,-0002.14,-0005.51
+1580602595.98,-0001.95,+0006.84,-0007.81,-0003.29,+0000.69,-0011.18
+1580602595.99,-0008.79,+0004.88,-0008.79,+0001.45,-0003.90,-0009.65
+1580602595.99,-0000.98,+0006.84,-0008.79,+0000.08,+0000.08,-0011.03
+1580602596.00,-0000.98,+0005.86,-0007.81,-0001.61,-0000.61,-0013.86
+1580602596.00,+0000.98,+0006.84,-0006.84,+0001.91,-0000.46,-0008.04
+1580602596.01,+0000.00,+0005.86,-0005.86,-0002.91,-0000.77,-0012.94
+1580602596.01,-0004.88,+0007.81,-0006.84,+0001.15,-0001.45,-0011.03
+1580602596.02,-0001.95,+0006.84,-0006.84,+0000.15,-0001.76,-0014.62
+1580602596.02,+0002.93,+0005.86,-0006.84,-0003.45,+0000.23,-0009.42
+1580602596.03,+0000.98,+0004.88,-0006.84,+0002.76,+0000.61,-0011.10
+1580602596.03,-0003.91,+0004.88,-0007.81,-0005.51,-0001.00,-0009.03
+1580602596.04,+0001.95,+0003.91,-0009.77,+0000.61,+0004.98,-0014.70
+1580602596.04,-0001.95,+0003.91,-0009.77,-0003.22,-0003.83,-0008.19
+1580602596.05,+0005.86,+0003.91,-0008.79,+0003.75,-0000.08,-0007.20
+1580602596.05,-0000.98,+0002.93,-0008.79,+0000.54,-0002.45,-0009.42
+1580602596.06,-0002.93,+0003.91,-0008.79,+0000.54,-0000.61,-0010.34
+1580602596.06,+0005.86,+0002.93,-0008.79,-0002.45,-0000.08,-0014.62
+1580602596.07,+0008.79,+0000.00,-0007.81,+0001.07,-0005.21,-0005.74
+1580602596.07,+0001.95,+0000.00,-0007.81,-0000.38,-0003.06,-0011.33
+1580602596.08,-0001.95,+0000.00,-0008.79,-0001.00,-0004.52,-0006.81
+1580602596.08,+0004.88,-0001.95,-0010.74,-0000.54,+0005.59,-0016.84
+1580602596.09,-0002.93,-0003.91,-0010.74,-0000.15,-0001.84,-0015.85
+1580602596.09,+0005.86,-0001.95,-0010.74,-0001.61,+0001.07,-0014.85
+1580602596.10,+0002.93,-0006.84,-0009.77,+0001.45,-0001.45,-0009.26
+1580602596.10,+0004.88,-0005.86,-0009.77,-0001.00,-0002.60,+0000.15
+1580602596.11,-0000.98,-0006.84,-0010.74,-0001.15,-0000.38,-0007.73
+1580602596.11,-0006.84,-0008.79,-0012.70,+0001.30,+0001.84,-0009.03
+1580602596.12,-0003.91,-0007.81,-0012.70,-0000.69,-0001.68,-0015.24
+1580602596.12,+0011.72,-0008.79,-0009.77,-0000.31,-0007.27,-0004.29
+1580602596.13,+0005.86,-0009.77,-0008.79,-0004.75,+0001.76,-0011.03
+1580602596.13,-0012.70,-0009.77,-0008.79,-0000.15,-0003.06,-0012.48
+1580602596.14,+0001.95,-0009.77,-0008.79,-0000.08,-0002.91,-0014.39
+1580602596.14,+0010.74,-0014.65,-0009.77,+0003.68,+0002.14,-0007.66
+1580602596.15,+0000.98,-0013.67,-0010.74,-0003.06,+0002.22,-0009.49
+1580602596.15,-0009.77,-0013.67,-0009.77,+0001.99,-0005.13,-0007.27
+1580602596.16,+0002.93,-0012.70,-0008.79,+0001.91,-0002.37,-0010.49
+1580602596.16,+0003.91,-0015.62,-0005.86,+0004.13,-0003.45,-0001.61
+1580602596.17,+0000.98,-0012.70,-0003.91,-0000.61,+0003.14,-0009.26
+1580602596.17,-0010.74,-0012.70,-0003.91,+0000.84,-0001.07,-0013.40
+1580602596.18,+0000.98,-0011.72,-0002.93,+0002.99,+0003.83,-0014.39
+1580602596.18,+0000.00,-0014.65,-0001.95,-0002.14,-0000.54,-0011.71
+1580602596.19,-0005.86,-0012.70,-0001.95,+0004.13,-0002.07,-0010.87
+1580602596.19,+0000.00,-0012.70,-0001.95,-0002.53,+0000.54,-0012.86
+1580602596.20,-0002.93,-0013.67,-0000.98,+0002.83,-0001.61,-0009.95
+1580602596.20,-0001.95,-0011.72,+0000.00,+0002.99,+0000.61,-0011.64
+1580602596.21,-0001.95,-0010.74,+0002.93,+0001.15,-0001.15,-0012.56
+1580602596.21,+0005.86,-0009.77,+0005.86,+0005.44,+0002.53,-0004.90
+1580602596.22,-0001.95,-0008.79,+0005.86,-0001.15,+0004.44,-0016.69
+1580602596.22,-0009.77,-0006.84,+0006.84,+0003.83,-0008.04,-0005.90
+1580602596.23,+0006.84,-0005.86,+0008.79,+0003.90,+0001.15,-0015.54
+1580602596.23,+0002.93,-0007.81,+0010.74,+0005.36,+0001.91,-0009.03
+1580602596.24,-0003.91,-0003.91,+0010.74,-0001.23,+0004.06,-0014.39
+1580602596.24,-0006.84,-0003.91,+0011.72,+0004.29,+0000.15,-0021.59
+1580602596.25,+0013.67,-0001.95,+0012.70,+0001.45,+0004.98,-0007.04
+1580602596.25,+0009.77,-0003.91,+0013.67,+0004.59,+0002.76,-0012.63
+1580602596.26,-0011.72,-0000.98,+0015.62,-0001.15,-0005.51,-0007.58
+1580602596.26,+0006.84,+0003.91,+0017.58,+0003.29,-0000.84,-0010.72
+1580602596.27,+0010.74,+0000.00,+0018.55,+0006.43,-0000.61,-0005.97
+1580602596.27,+0005.86,+0002.93,+0019.53,-0000.77,+0003.68,-0008.65
+1580602596.28,-0003.91,+0003.91,+0019.53,+0002.14,-0001.00,-0014.70
+1580602596.28,+0007.81,+0004.88,+0019.53,+0002.91,-0004.44,-0007.43
+1580602596.29,+0010.74,+0002.93,+0019.53,+0002.68,+0003.52,-0005.82
+1580602596.29,-0004.88,+0004.88,+0020.51,+0005.05,+0000.84,-0010.03
+1580602596.30,-0004.88,+0007.81,+0020.51,-0003.14,-0001.99,-0010.95
+1580602596.30,+0006.84,+0006.84,+0021.48,-0002.53,+0001.38,-0005.82
+1580602596.31,+0002.93,+0004.88,+0022.46,+0005.05,+0004.36,-0008.50
+1580602596.31,-0006.84,+0007.81,+0021.48,-0002.91,-0001.23,-0007.73
+1580602596.32,-0005.86,+0007.81,+0020.51,-0000.92,-0000.69,-0009.95
+1580602596.32,+0003.91,+0006.84,+0018.55,-0003.60,+0000.92,-0004.44
+1580602596.33,-0002.93,+0005.86,+0017.58,+0004.06,+0003.75,-0012.25
+1580602596.33,-0013.67,+0006.84,+0017.58,-0003.68,-0000.77,-0012.63
+1580602596.34,-0000.98,+0008.79,+0017.58,-0003.29,-0001.00,-0010.80
+1580602596.34,+0000.98,+0005.86,+0016.60,+0000.31,-0002.45,-0005.05
+1580602596.35,-0002.93,+0006.84,+0015.62,-0002.37,+0005.82,-0010.18
+1580602596.35,-0018.55,+0007.81,+0013.67,+0001.00,+0002.83,-0014.85
+1580602596.36,-0000.98,+0007.81,+0013.67,-0002.14,-0001.07,-0007.81
+1580602596.36,+0008.79,+0004.88,+0011.72,-0001.00,+0008.19,-0012.63
+1580602596.37,-0015.62,+0005.86,+0010.74,+0000.38,-0005.36,-0005.05
+1580602596.37,-0003.91,+0007.81,+0009.77,-0001.23,+0004.06,-0017.92
+1580602596.38,-0003.91,+0004.88,+0007.81,-0003.75,-0001.61,-0014.09
+1580602596.38,+0000.98,+0006.84,+0007.81,+0005.36,-0002.37,-0012.56
+1580602596.39,+0009.77,+0004.88,+0006.84,-0008.80,-0002.37,-0004.36
+1580602596.39,-0004.88,+0005.86,+0003.91,-0004.13,-0000.46,-0010.49
+1580602596.40,-0007.81,+0005.86,+0002.93,+0000.61,-0005.21,-0007.12
+1580602596.40,+0009.77,+0005.86,+0001.95,-0000.31,+0002.37,-0011.03
+1580602596.41,-0000.98,+0002.93,+0000.98,+0001.76,-0004.21,-0006.05
+1580602596.41,+0001.95,+0006.84,+0001.95,-0003.14,+0002.22,-0014.01
+1580602596.42,+0001.95,+0003.91,+0000.00,-0001.30,-0000.92,-0012.48
+1580602596.42,+0001.95,+0004.88,-0001.95,+0000.92,+0001.00,-0008.88
+1580602596.43,-0001.95,+0005.86,-0002.93,+0000.61,-0002.68,-0010.95
+1580602596.43,+0003.91,+0004.88,-0001.95,+0001.15,+0000.31,-0008.80
+1580602596.44,+0002.93,+0003.91,-0001.95,-0001.91,+0003.68,-0012.86
+1580602596.44,-0001.95,+0006.84,-0000.98,-0002.53,-0001.00,-0010.11
+1580602596.45,+0003.91,+0005.86,-0001.95,-0003.45,+0000.31,-0010.95
+1580602596.45,+0005.86,+0004.88,-0002.93,-0002.07,+0000.31,-0007.81
+1580602596.46,-0000.98,+0004.88,-0004.88,-0001.23,+0000.23,-0006.43
+1580602596.46,-0001.95,+0004.88,-0006.84,-0002.45,+0001.38,-0011.10
+1580602596.47,+0000.00,+0003.91,-0007.81,-0000.31,-0000.46,-0011.48
+1580602596.47,+0001.95,+0003.91,-0008.79,-0001.61,+0001.38,-0010.72
+1580602596.48,+0001.95,+0003.91,-0008.79,-0000.08,-0001.23,-0009.03
+1580602596.48,+0000.00,+0005.86,-0008.79,+0001.23,+0003.60,-0009.34
+1580602596.49,-0003.91,+0005.86,-0008.79,-0002.53,-0002.91,-0007.27
+1580602596.49,-0001.95,+0005.86,-0008.79,-0000.31,+0003.98,-0009.03
+1580602596.50,-0008.79,+0005.86,-0009.77,-0000.54,-0001.91,-0011.03
+1580602596.50,-0002.93,+0006.84,-0010.74,-0002.30,+0000.69,-0008.96
+1580602596.51,-0000.98,+0003.91,-0009.77,-0001.76,+0001.30,-0007.43
+1580602596.51,-0007.81,+0005.86,-0010.74,+0001.68,-0000.31,-0009.88
+1580602596.52,-0012.70,+0007.81,-0011.72,+0001.07,-0005.67,-0011.25
+1580602596.52,+0000.98,+0004.88,-0011.72,-0003.83,-0004.06,-0002.68
+1580602596.53,-0001.95,+0004.88,-0013.67,+0001.38,+0009.26,-0011.64
+1580602596.53,-0019.53,+0006.84,-0013.67,-0000.84,-0010.41,-0005.36
+1580602596.54,+0011.72,+0006.84,-0013.67,+0000.15,+0004.98,-0012.56
+1580602596.54,+0000.00,+0003.91,-0015.62,-0007.20,+0002.76,-0009.72
+1580602596.55,-0015.62,+0007.81,-0016.60,+0003.29,-0001.99,-0009.19
+1580602596.55,-0002.93,+0008.79,-0016.60,-0000.31,-0001.99,-0015.24
+1580602596.56,+0009.77,+0003.91,-0015.62,+0003.75,-0002.37,-0004.82
+1580602596.56,+0004.88,+0006.84,-0015.62,-0002.07,+0002.22,-0005.74
+1580602596.57,-0010.74,+0007.81,-0014.65,-0000.92,-0004.44,-0011.87
+1580602596.57,+0003.91,+0007.81,-0014.65,-0002.53,-0002.37,-0010.26
+1580602596.58,+0008.79,+0005.86,-0016.60,+0000.69,+0004.98,-0016.38
+1580602596.58,-0000.98,+0007.81,-0016.60,-0003.68,-0003.14,-0006.43
+1580602596.59,+0003.91,+0007.81,-0016.60,-0000.84,+0001.23,-0013.70
+1580602596.59,-0002.93,+0004.88,-0016.60,-0000.46,-0000.77,-0011.41
+1580602596.60,+0002.93,+0008.79,-0015.62,+0000.69,+0000.15,-0009.49
+1580602596.60,+0006.84,+0003.91,-0015.62,+0003.90,+0003.83,-0011.64
+1580602596.61,-0002.93,+0004.88,-0015.62,-0002.68,+0000.23,-0009.49
+1580602596.61,-0001.95,+0006.84,-0014.65,+0002.07,-0004.13,-0010.18
+1580602596.62,+0007.81,+0004.88,-0013.67,+0002.91,+0001.45,-0010.11
+1580602596.62,+0003.91,+0003.91,-0012.70,+0001.00,-0001.30,-0003.45
+1580602596.63,+0000.98,+0005.86,-0012.70,+0001.00,+0005.67,-0014.93
+1580602596.63,-0008.79,+0004.88,-0011.72,+0000.61,-0002.37,-0014.09
+1580602596.64,+0008.79,+0005.86,-0009.77,+0000.46,+0002.99,-0010.64
+1580602596.64,+0008.79,+0002.93,-0008.79,+0003.52,+0000.15,-0011.87
+1580602596.65,-0003.91,+0005.86,-0007.81,+0000.00,+0000.92,-0010.49
+1580602596.65,-0000.98,+0004.88,-0007.81,+0000.69,-0002.07,-0011.79
+1580602596.66,+0001.95,+0001.95,-0007.81,+0000.54,-0001.99,-0006.28
+1580602596.66,+0004.88,+0003.91,-0006.84,+0001.91,+0003.90,-0008.73
+1580602596.67,-0003.91,+0005.86,-0006.84,-0000.77,+0000.31,-0010.41
+1580602596.67,-0002.93,+0001.95,-0005.86,-0000.54,-0006.20,-0009.19
+1580602596.68,+0010.74,+0003.91,-0004.88,-0002.76,+0005.59,-0008.96
+1580602596.68,-0006.84,+0003.91,-0005.86,+0001.68,-0004.75,-0003.45
+1580602596.69,+0000.00,+0005.86,-0005.86,+0002.60,-0002.91,-0008.04
+1580602596.69,+0002.93,+0001.95,-0005.86,+0003.06,-0001.84,-0009.42
+1580602596.70,+0001.95,+0003.91,-0003.91,+0003.14,-0001.76,-0010.80
+1580602596.70,-0000.98,+0005.86,-0002.93,-0002.99,+0002.83,-0014.78
+1580602596.71,-0008.79,+0002.93,-0002.93,+0000.61,-0003.22,-0014.01
+1580602596.71,+0005.86,+0002.93,-0002.93,-0001.38,-0000.31,-0009.95
+1580602596.72,+0002.93,+0001.95,-0003.91,-0000.92,+0002.53,-0011.48
+1580602596.72,-0005.86,+0002.93,-0003.91,+0002.45,-0003.68,-0005.82
+1580602596.73,+0003.91,+0001.95,-0003.91,-0000.08,+0001.15,-0006.12
+1580602596.73,+0000.98,+0000.98,-0004.88,-0000.08,+0001.91,-0009.88
+1580602596.74,-0008.79,+0002.93,-0004.88,+0000.38,-0003.60,-0009.19
+1580602596.74,+0005.86,+0002.93,-0003.91,+0003.45,-0005.21,-0007.27
+1580602596.75,-0003.91,+0000.00,-0003.91,+0000.61,-0002.45,-0012.56
+1580602596.75,-0003.91,+0003.91,-0003.91,+0002.91,-0002.22,-0011.56
+1580602596.76,-0001.95,+0004.88,-0002.93,-0001.38,+0001.00,-0023.89
+1580602596.76,+0002.93,+0000.00,-0001.95,+0003.29,+0001.91,-0007.35
+1580602596.77,+0002.93,+0003.91,-0003.91,-0004.52,+0000.31,-0011.33
+1580602596.77,-0009.77,+0002.93,-0004.88,+0000.69,-0003.60,-0005.13
+1580602596.78,-0001.95,+0004.88,-0006.84,-0000.23,+0001.76,-0010.03
+1580602596.78,+0000.98,+0000.98,-0005.86,+0003.60,-0000.84,-0006.20
+1580602596.79,+0003.91,+0003.91,-0005.86,-0002.76,+0004.52,-0010.49
+1580602596.79,-0006.84,+0002.93,-0005.86,+0000.15,-0004.52,-0011.41
+1580602596.80,+0001.95,+0003.91,-0005.86,-0002.91,+0001.53,-0015.47
+1580602596.80,+0000.98,+0002.93,-0006.84,-0001.23,+0000.69,-0015.31
+1580602596.81,+0000.00,+0003.91,-0007.81,-0001.15,-0003.14,-0010.87
+1580602596.81,+0005.86,+0001.95,-0008.79,-0003.37,-0000.92,-0009.80
+1580602596.82,-0000.98,+0000.98,-0010.74,-0002.99,+0000.00,-0007.27
+1580602596.82,-0000.98,+0001.95,-0010.74,+0000.61,+0000.46,-0011.48
+1580602596.83,+0003.91,+0000.98,-0009.77,-0001.99,-0002.99,-0011.18
+1580602596.83,+0005.86,+0000.00,-0010.74,-0001.84,-0001.99,-0006.28
+1580602596.84,+0003.91,-0000.98,-0010.74,-0002.99,-0000.31,-0009.11
+1580602596.84,+0001.95,-0001.95,-0012.70,-0002.68,-0001.15,-0010.26
+1580602596.85,-0000.98,-0003.91,-0014.65,-0004.36,+0000.08,-0011.41
+1580602596.85,+0003.91,-0003.91,-0014.65,-0003.68,+0002.68,-0009.11
+1580602596.86,+0000.98,-0005.86,-0014.65,-0001.84,+0000.23,-0009.80
+1580602596.86,-0003.91,-0005.86,-0016.60,-0003.06,-0000.92,-0008.73
+1580602596.87,+0000.98,-0008.79,-0018.55,-0002.68,+0000.54,-0008.96
+1580602596.87,-0000.98,-0009.77,-0019.53,-0003.06,-0000.77,-0006.51
+1580602596.88,-0001.95,-0010.74,-0020.51,-0002.99,+0001.07,-0011.33
+1580602596.88,-0000.98,-0011.72,-0021.48,-0004.29,-0003.83,-0009.49
+1580602596.89,-0000.98,-0013.67,-0023.44,-0000.69,+0004.90,-0017.84
+1580602596.89,-0012.70,-0014.65,-0024.41,-0006.58,-0004.13,-0011.56
+1580602596.90,+0001.95,-0015.62,-0025.39,+0002.45,-0003.75,-0010.34
+1580602596.90,+0008.79,-0020.51,-0026.37,-0008.65,+0002.30,-0007.43
+1580602596.91,-0015.62,-0017.58,-0029.30,-0004.44,-0001.99,-0013.55
+1580602596.91,-0006.84,-0018.55,-0029.30,-0003.52,-0005.21,-0013.09
+1580602596.92,+0009.77,-0022.46,-0029.30,+0000.84,+0001.45,-0009.65
+1580602596.92,-0003.91,-0023.44,-0030.27,+0002.30,-0002.14,-0004.13
+1580602596.93,-0005.86,-0020.51,-0031.25,-0001.30,-0001.07,-0010.57
+1580602596.93,-0001.95,-0026.37,-0031.25,-0004.82,+0000.54,-0013.32
+1580602596.94,+0004.88,-0027.34,-0031.25,+0001.38,-0002.60,-0009.57
+1580602596.94,+0002.93,-0025.39,-0031.25,-0003.37,+0001.23,-0005.36
+1580602596.95,-0007.81,-0026.37,-0033.20,-0001.91,+0001.91,-0013.63
+1580602596.95,-0004.88,-0028.32,-0033.20,-0001.23,+0000.46,-0017.92
+1580602596.96,+0012.70,-0029.30,-0031.25,+0004.06,+0008.58,-0010.41
+1580602596.96,-0000.98,-0028.32,-0030.27,-0005.44,+0003.06,-0010.80
+1580602596.97,-0013.67,-0030.27,-0029.30,+0001.61,-0001.53,-0012.86
+1580602596.97,+0003.91,-0028.32,-0029.30,-0000.69,-0001.30,-0016.46
+1580602596.98,+0007.81,-0032.23,-0028.32,+0004.52,+0003.52,-0006.05
+1580602596.98,-0001.95,-0029.30,-0027.34,-0005.21,+0002.60,-0010.03
+1580602596.99,-0005.86,-0031.25,-0026.37,+0002.45,-0004.44,-0009.42
+1580602596.99,+0007.81,-0031.25,-0025.39,-0001.53,+0003.98,-0011.10
+1580602597.00,+0004.88,-0030.27,-0024.41,+0003.37,-0003.68,-0003.06
+1580602597.00,+0001.95,-0028.32,-0023.44,+0000.31,+0001.61,-0009.72
+1580602597.01,-0001.95,-0031.25,-0021.48,+0000.92,+0001.30,-0012.71
+1580602597.01,+0003.91,-0028.32,-0018.55,-0000.61,-0000.92,-0011.18
+1580602597.02,+0010.74,-0027.34,-0015.62,+0001.23,+0002.30,-0007.04
+1580602597.02,-0000.98,-0027.34,-0015.62,+0000.61,+0004.29,-0010.26
+1580602597.03,-0005.86,-0027.34,-0014.65,+0000.61,-0000.77,-0013.25
+1580602597.03,+0004.88,-0024.41,-0011.72,+0002.53,-0000.77,-0008.73
+1580602597.04,+0005.86,-0024.41,-0008.79,+0002.99,+0002.45,-0005.28
+1580602597.04,-0002.93,-0021.48,-0005.86,+0005.59,+0002.99,-0008.42
+1580602597.05,-0005.86,-0021.48,-0002.93,+0008.50,+0002.37,-0009.72
+1580602597.05,-0002.93,-0017.58,-0000.98,+0000.08,+0001.68,-0015.93
+1580602597.06,+0000.00,-0018.55,+0000.98,+0000.61,-0007.20,-0000.54
+1580602597.06,+0002.93,-0015.62,+0001.95,+0003.60,+0006.81,-0014.01
+1580602597.07,-0006.84,-0017.58,+0001.95,+0006.81,+0000.23,-0007.81
+1580602597.07,-0007.81,-0011.72,+0000.98,-0001.00,+0006.58,-0019.14
+1580602597.08,-0008.79,-0012.70,+0004.88,+0003.37,-0007.81,-0011.64
+1580602597.08,+0006.84,-0007.81,+0008.79,-0000.77,+0007.43,-0012.25
+1580602597.09,-0012.70,-0008.79,+0011.72,+0005.13,-0000.61,-0013.93
+1580602597.09,-0007.81,-0001.95,+0013.67,+0001.53,-0009.11,-0005.21
+1580602597.10,+0004.88,-0003.91,+0014.65,+0001.07,+0006.35,-0012.33
+1580602597.10,-0013.67,-0001.95,+0014.65,-0002.30,-0006.51,-0003.83
+1580602597.11,-0003.91,+0001.95,+0017.58,+0007.43,+0001.61,-0012.40
+1580602597.11,+0000.98,+0001.95,+0017.58,-0003.60,+0000.54,-0008.88
+1580602597.12,-0005.86,+0003.91,+0018.55,+0001.30,+0000.46,-0012.79
+1580602597.12,-0003.91,+0007.81,+0021.48,+0002.99,-0005.90,-0009.80
+1580602597.13,+0006.84,+0006.84,+0024.41,+0003.98,+0002.07,-0008.35
+1580602597.13,-0007.81,+0008.79,+0025.39,+0000.31,+0005.05,-0016.08
+1580602597.14,-0006.84,+0013.67,+0026.37,+0003.14,-0002.14,-0011.56
+1580602597.14,+0006.84,+0013.67,+0026.37,+0000.61,+0001.07,-0015.24
+1580602597.15,+0001.95,+0010.74,+0027.34,+0004.36,+0000.31,-0008.58
+1580602597.15,+0003.91,+0015.62,+0028.32,+0002.30,-0000.08,-0010.18
+1580602597.16,+0000.98,+0015.62,+0028.32,+0000.77,-0000.54,-0009.65
+1580602597.16,+0000.98,+0016.60,+0028.32,+0001.61,-0001.76,-0008.42
+1580602597.17,+0003.91,+0017.58,+0028.32,+0001.84,-0000.61,-0012.40
+1580602597.17,+0003.91,+0018.55,+0028.32,+0001.68,+0004.52,-0018.60
+1580602597.18,-0003.91,+0018.55,+0029.30,-0002.53,-0007.96,-0008.80
+1580602597.18,+0013.67,+0018.55,+0029.30,+0002.30,+0003.83,-0007.50
+1580602597.19,-0001.95,+0018.55,+0026.37,-0000.92,-0006.12,-0007.58
+1580602597.19,+0000.98,+0019.53,+0026.37,+0003.60,-0000.54,-0010.95
+1580602597.20,+0006.84,+0019.53,+0024.41,-0006.12,+0003.68,-0013.63
+1580602597.20,-0001.95,+0018.55,+0024.41,+0004.75,+0000.23,-0012.40
+1580602597.21,+0001.95,+0020.51,+0024.41,-0002.07,-0002.53,-0010.11
+1580602597.21,+0007.81,+0017.58,+0023.44,-0001.00,+0000.23,-0005.82
+1580602597.22,+0000.98,+0017.58,+0020.51,-0002.76,+0002.76,-0007.43
+1580602597.22,-0007.81,+0018.55,+0018.55,-0002.22,+0000.69,-0011.71
+1580602597.23,+0007.81,+0017.58,+0016.60,-0002.76,+0002.37,-0007.81
+1580602597.23,+0003.91,+0013.67,+0014.65,+0000.08,+0002.76,-0007.73
+1580602597.24,-0008.79,+0014.65,+0013.67,-0003.90,-0000.31,-0006.05
+1580602597.24,-0000.98,+0015.62,+0013.67,-0004.06,+0002.30,-0012.94
+1580602597.25,+0000.00,+0012.70,+0012.70,+0000.31,-0000.31,-0009.49
+1580602597.25,+0000.00,+0013.67,+0010.74,-0001.84,-0000.31,-0012.10
+1580602597.26,-0002.93,+0012.70,+0008.79,-0002.83,+0001.30,-0014.78
+1580602597.26,+0000.00,+0009.77,+0006.84,-0000.38,+0001.38,-0011.10
+1580602597.27,+0001.95,+0009.77,+0004.88,-0005.28,-0007.04,-0003.45
+1580602597.27,+0003.91,+0008.79,+0002.93,-0003.29,+0002.91,-0003.37
+1580602597.28,-0013.67,+0008.79,-0000.98,-0003.37,-0003.14,-0015.54
+1580602597.28,-0005.86,+0009.77,-0001.95,+0001.99,-0005.59,-0010.72
+1580602597.29,+0011.72,+0006.84,-0001.95,-0004.90,+0003.37,-0013.93
+1580602597.29,-0002.93,+0004.88,-0001.95,+0000.31,+0000.77,-0010.80
+1580602597.30,-0003.91,+0008.79,-0001.95,-0002.68,-0000.54,-0011.48
+1580602597.30,+0000.00,+0005.86,-0003.91,-0003.29,-0001.30,-0011.71
+1580602597.31,+0001.95,+0003.91,-0006.84,-0002.45,-0000.38,-0006.05
+1580602597.31,-0002.93,+0004.88,-0008.79,-0004.52,-0001.53,-0010.87
+1580602597.32,-0002.93,+0001.95,-0008.79,+0001.53,+0000.54,-0011.94
+1580602597.32,-0001.95,+0001.95,-0008.79,-0003.22,-0000.69,-0011.33
+1580602597.33,+0002.93,+0001.95,-0009.77,+0000.31,-0003.06,-0009.49
+1580602597.33,-0002.93,+0000.98,-0009.77,-0003.06,-0000.54,-0011.25
+1580602597.34,-0003.91,-0001.95,-0009.77,+0003.37,-0005.36,-0006.66
+1580602597.34,+0004.88,+0000.00,-0009.77,-0002.83,+0003.14,-0015.24
+1580602597.35,+0001.95,-0001.95,-0010.74,-0001.23,+0000.38,-0009.03
+1580602597.35,+0000.00,-0000.98,-0012.70,-0000.31,+0002.07,-0015.93
+1580602597.36,-0003.91,-0002.93,-0012.70,-0002.76,-0003.06,-0007.35
+1580602597.36,+0005.86,-0003.91,-0012.70,+0002.37,-0000.77,-0010.11
+1580602597.37,+0003.91,-0005.86,-0010.74,+0001.76,+0000.46,-0013.40
+1580602597.37,-0006.84,-0003.91,-0009.77,-0002.30,-0005.28,-0013.40
+1580602597.38,+0012.70,-0005.86,-0010.74,-0002.83,-0005.59,-0005.13
+1580602597.38,+0006.84,-0006.84,-0012.70,-0003.83,-0001.76,-0006.66
+1580602597.39,-0004.88,-0006.84,-0012.70,+0006.35,-0004.82,-0007.58
+1580602597.39,+0003.91,-0004.88,-0012.70,-0003.37,+0002.07,-0016.46
+1580602597.40,+0001.95,-0008.79,-0010.74,+0002.53,-0002.83,-0014.01
+1580602597.40,+0010.74,-0004.88,-0007.81,-0001.76,+0003.68,-0011.18
+1580602597.41,+0000.00,-0005.86,-0007.81,-0000.23,-0001.84,-0007.12
+1580602597.41,-0000.98,-0006.84,-0008.79,-0000.69,-0001.91,-0007.12
+1580602597.42,+0007.81,-0007.81,-0008.79,-0001.91,-0003.14,-0007.43
+1580602597.42,+0001.95,-0007.81,-0008.79,+0003.06,+0003.45,-0006.51
+1580602597.43,-0009.77,-0006.84,-0007.81,-0000.46,-0000.92,-0011.79
+1580602597.43,+0000.98,-0005.86,-0005.86,+0002.45,-0003.68,-0009.80
+1580602597.44,+0004.88,-0008.79,-0004.88,+0002.91,+0003.90,-0012.02
+1580602597.44,-0007.81,-0007.81,-0004.88,-0000.69,+0000.08,-0010.49
+1580602597.45,-0009.77,-0006.84,-0003.91,+0002.14,+0000.84,-0016.08
+1580602597.45,-0002.93,-0005.86,-0001.95,+0001.00,-0001.99,-0017.15
+1580602597.46,+0002.93,-0006.84,+0000.00,+0001.68,+0000.54,-0009.95
+1580602597.46,-0003.91,-0006.84,-0000.98,-0001.84,-0001.15,-0001.15
+1580602597.47,-0008.79,-0006.84,-0001.95,+0003.60,-0000.46,-0006.35
+1580602597.47,-0008.79,-0005.86,-0001.95,+0000.61,-0006.74,-0005.28
+1580602597.48,+0006.84,-0006.84,-0000.98,+0000.92,+0002.07,-0008.19
+1580602597.48,-0003.91,-0008.79,+0000.00,+0000.61,+0004.21,-0013.02
+1580602597.49,-0014.65,-0004.88,+0000.98,+0002.83,-0003.52,-0012.40
+1580602597.49,+0003.91,-0004.88,+0001.95,-0000.61,-0001.91,-0009.42
+1580602597.50,+0003.91,-0006.84,+0002.93,+0004.52,+0003.52,-0011.64
+1580602597.50,-0006.84,-0004.88,+0002.93,+0000.61,-0000.31,-0008.88
+1580602597.51,-0004.88,-0003.91,+0003.91,+0001.38,-0001.53,-0014.39
+1580602597.51,+0001.95,-0004.88,+0005.86,+0004.52,-0000.92,-0008.65
+1580602597.52,+0001.95,-0002.93,+0007.81,+0001.84,+0000.46,-0011.48
+1580602597.52,-0001.95,-0001.95,+0009.77,+0003.29,-0001.30,-0010.72
+1580602597.53,+0003.91,-0002.93,+0010.74,+0003.14,-0001.07,-0009.65
+1580602597.53,+0001.95,-0003.91,+0010.74,+0000.61,+0002.91,-0012.40
+1580602597.54,-0002.93,-0000.98,+0011.72,+0003.75,-0001.76,-0009.65
+1580602597.54,+0004.88,-0000.98,+0012.70,+0001.53,-0000.61,-0015.08
+1580602597.55,+0007.81,-0001.95,+0014.65,+0001.99,-0000.69,-0009.57
+1580602597.55,+0005.86,+0000.00,+0016.60,+0002.30,-0002.99,-0005.74
+1580602597.56,+0006.84,-0000.98,+0015.62,+0002.60,-0001.61,-0004.52
+1580602597.56,-0008.79,-0000.98,+0015.62,+0002.83,-0003.83,-0008.58
+1580602597.57,+0002.93,+0002.93,+0018.55,+0002.99,-0000.54,-0012.63
+1580602597.57,+0005.86,+0002.93,+0021.48,+0003.14,+0003.83,-0018.15
+1580602597.58,+0002.93,+0002.93,+0023.44,+0004.29,-0000.92,-0009.42
+1580602597.58,+0004.88,+0004.88,+0022.46,-0002.68,+0001.99,-0010.26
+1580602597.59,+0000.00,+0002.93,+0020.51,+0005.44,-0002.83,-0009.88
+1580602597.59,+0004.88,+0003.91,+0021.48,-0001.99,-0000.08,-0010.57
+1580602597.60,+0001.95,+0004.88,+0022.46,+0003.98,-0002.22,-0008.35
+1580602597.60,-0000.98,+0005.86,+0025.39,-0000.38,-0003.14,-0004.98
+1580602597.61,+0001.95,+0007.81,+0026.37,+0003.68,+0004.98,-0014.32
+1580602597.61,+0001.95,+0005.86,+0026.37,-0004.06,-0006.74,-0001.00
+1580602597.62,+0003.91,+0007.81,+0026.37,-0004.75,+0001.45,-0007.43
+1580602597.62,-0003.91,+0005.86,+0026.37,+0002.30,-0003.75,-0008.96
+1580602597.63,+0000.98,+0009.77,+0026.37,+0002.83,+0000.08,-0011.41
+1580602597.63,-0001.95,+0006.84,+0026.37,+0005.97,-0004.21,-0007.20
+1580602597.64,+0003.91,+0009.77,+0027.34,-0000.77,-0000.08,-0008.58
+1580602597.64,-0003.91,+0007.81,+0027.34,+0000.69,+0003.90,-0014.09
+1580602597.65,-0004.88,+0009.77,+0027.34,-0000.54,-0005.05,-0004.67
+1580602597.65,+0002.93,+0009.77,+0025.39,-0000.38,+0000.54,-0005.05
+1580602597.66,-0003.91,+0007.81,+0024.41,+0001.38,+0002.91,-0011.41
+1580602597.66,-0007.81,+0010.74,+0025.39,+0001.38,+0000.69,-0014.01
+1580602597.67,+0002.93,+0009.77,+0025.39,+0004.13,+0009.11,-0018.07
+1580602597.67,-0009.77,+0009.77,+0024.41,-0002.53,-0000.15,-0010.18
+1580602597.68,-0008.79,+0011.72,+0026.37,+0004.36,-0003.75,-0014.09
+1580602597.68,+0015.62,+0010.74,+0025.39,-0004.90,-0011.33,-0001.07
+1580602597.69,-0005.86,+0008.79,+0022.46,+0001.15,+0005.05,-0014.78
+1580602597.69,-0029.30,+0012.70,+0020.51,-0000.77,-0008.80,-0016.69
+1580602597.70,+0009.77,+0015.62,+0022.46,+0003.06,-0001.91,-0018.60
+1580602597.70,+0015.62,+0006.84,+0022.46,+0006.97,+0005.05,-0001.99
+1580602597.71,-0004.88,+0013.67,+0022.46,-0001.15,+0001.91,-0010.49
+1580602597.71,-0012.70,+0015.62,+0021.48,-0003.37,-0004.36,-0014.16
+1580602597.72,+0006.84,+0013.67,+0019.53,+0002.83,-0002.91,-0010.26
+1580602597.72,+0009.77,+0010.74,+0017.58,+0004.29,+0005.67,-0011.56
+1580602597.73,-0003.91,+0015.62,+0018.55,-0002.76,-0009.19,-0002.53
+1580602597.73,+0002.93,+0014.65,+0018.55,+0001.38,+0003.06,-0014.93
+1580602597.74,+0001.95,+0013.67,+0018.55,-0001.30,-0001.61,-0010.11
+1580602597.74,+0003.91,+0016.60,+0018.55,+0001.07,+0000.77,-0012.79
+1580602597.75,+0001.95,+0016.60,+0017.58,-0003.83,-0000.23,-0010.18
+1580602597.75,-0003.91,+0015.62,+0016.60,+0001.23,+0003.14,-0011.87
+1580602597.76,+0000.00,+0017.58,+0015.62,+0000.46,+0000.08,-0012.10
+1580602597.76,+0002.93,+0016.60,+0015.62,-0002.60,+0002.83,-0012.79
+1580602597.77,+0000.00,+0014.65,+0013.67,-0000.23,-0002.53,-0006.35
+1580602597.77,+0003.91,+0015.62,+0013.67,-0002.37,+0001.07,-0010.64
+1580602597.78,-0004.88,+0013.67,+0012.70,+0000.08,-0001.76,-0010.26
+1580602597.78,+0001.95,+0015.62,+0009.77,-0001.53,-0002.53,-0007.20
+1580602597.79,+0003.91,+0012.70,+0007.81,-0002.60,+0003.14,-0010.95
+1580602597.79,-0001.95,+0011.72,+0006.84,-0001.68,+0000.54,-0004.98
+1580602597.80,+0000.98,+0012.70,+0006.84,+0000.31,-0001.30,-0009.19
+1580602597.80,-0002.93,+0010.74,+0006.84,-0003.06,+0003.29,-0013.17
+1580602597.81,-0004.88,+0012.70,+0004.88,-0002.76,+0001.07,-0010.41
+1580602597.81,+0000.00,+0011.72,+0003.91,+0001.15,+0001.76,-0012.71
+1580602597.82,-0006.84,+0008.79,+0001.95,-0003.06,+0000.84,-0013.55
+1580602597.82,-0004.88,+0009.77,+0000.98,+0002.14,-0000.61,-0012.94
+1580602597.83,-0001.95,+0008.79,+0000.00,-0003.29,-0005.90,-0002.45
+1580602597.83,+0006.84,+0005.86,+0000.00,-0000.54,+0001.38,+0001.00
+1580602597.84,-0009.77,+0006.84,-0002.93,-0004.21,+0009.34,-0012.33
+1580602597.84,-0016.60,+0006.84,-0004.88,-0003.83,-0007.58,-0005.82
+1580602597.85,+0003.91,+0007.81,-0005.86,-0004.75,+0002.83,-0020.06
+1580602597.85,-0002.93,+0000.98,-0005.86,-0001.91,-0005.05,-0007.89
+1580602597.86,+0003.91,+0004.88,-0005.86,+0002.76,-0002.22,-0007.66
+1580602597.86,-0005.86,+0002.93,-0007.81,+0001.30,-0001.07,-0013.86
+1580602597.87,-0005.86,+0002.93,-0008.79,-0002.83,-0004.90,-0007.81
+1580602597.87,+0008.79,+0003.91,-0008.79,+0000.23,+0003.37,-0014.47
+1580602597.88,-0004.88,+0001.95,-0009.77,-0002.76,+0001.61,-0011.18
+1580602597.88,-0000.98,+0004.88,-0008.79,-0001.30,-0002.14,-0012.17
+1580602597.89,+0008.79,+0002.93,-0008.79,-0000.38,+0000.46,-0008.19
+1580602597.89,-0000.98,+0002.93,-0009.77,+0002.83,+0001.15,-0011.94
+1580602597.90,+0007.81,+0004.88,-0011.72,+0002.14,-0000.15,-0001.23
+1580602597.90,+0006.84,+0002.93,-0014.65,-0001.61,+0010.57,-0016.38
+1580602597.91,-0014.65,+0000.98,-0013.67,+0001.84,-0001.84,-0013.70
+1580602597.91,+0002.93,+0009.77,-0009.77,+0006.12,-0005.36,-0018.15
+1580602597.92,+0019.53,+0002.93,-0007.81,+0002.60,+0007.04,-0008.65
+1580602597.92,-0004.88,+0002.93,-0008.79,-0001.68,+0001.38,-0011.41
+1580602597.93,-0011.72,+0006.84,-0008.79,+0001.53,-0003.75,-0012.02
+1580602597.93,+0010.74,+0007.81,-0007.81,-0002.60,+0000.38,-0012.56
+1580602597.94,+0010.74,+0001.95,-0008.79,+0002.91,-0003.52,+0003.60
+1580602597.94,+0003.91,+0006.84,-0010.74,+0001.53,+0006.28,-0014.32
+1580602597.95,-0013.67,+0003.91,-0010.74,-0004.82,-0003.52,-0011.18
+1580602597.95,+0009.77,+0006.84,-0008.79,-0002.83,-0000.23,-0018.38
+1580602597.96,+0007.81,+0004.88,-0008.79,-0000.23,+0001.30,-0003.83
+1580602597.96,-0000.98,+0007.81,-0007.81,+0005.36,+0000.46,-0013.32
+1580602597.97,-0003.91,+0005.86,-0006.84,+0003.29,-0006.81,-0007.43
+1580602597.97,+0008.79,+0006.84,-0005.86,-0001.00,-0001.30,-0006.74
+1580602597.98,+0008.79,+0004.88,-0005.86,-0000.15,+0002.22,-0004.44
+1580602597.98,-0003.91,+0006.84,-0007.81,+0001.07,-0003.14,-0003.37
+1580602597.99,-0004.88,+0005.86,-0008.79,+0000.31,-0004.82,-0008.19
+1580602597.99,+0005.86,+0004.88,-0008.79,-0004.36,-0000.92,-0009.65
+1580602598.00,+0002.93,+0001.95,-0009.77,+0000.54,+0002.99,-0012.56
+1580602598.00,-0004.88,+0003.91,-0008.79,+0000.00,-0003.75,-0015.31
+1580602598.01,+0004.88,+0002.93,-0008.79,-0002.30,-0010.41,+0004.52
+1580602598.01,+0011.72,+0000.00,-0011.72,+0002.83,+0013.32,-0017.84
+1580602598.02,-0024.41,+0000.00,-0014.65,-0005.51,-0000.92,-0010.95
+1580602598.02,+0000.98,+0002.93,-0013.67,-0001.99,-0000.61,-0022.28
+1580602598.03,+0008.79,-0003.91,-0013.67,-0003.90,+0000.84,-0003.83
+1580602598.03,-0003.91,-0004.88,-0015.62,+0002.45,+0003.29,-0009.19
+1580602598.04,-0012.70,-0001.95,-0017.58,-0008.42,-0001.84,-0011.03
+1580602598.04,+0000.00,-0004.88,-0018.55,-0005.05,-0001.23,-0009.11
+1580602598.05,+0003.91,-0010.74,-0019.53,-0002.60,-0001.91,-0003.45
+1580602598.05,-0004.88,-0006.84,-0020.51,+0000.08,+0002.30,-0007.73
+1580602598.06,-0008.79,-0009.77,-0022.46,+0000.00,-0003.75,-0013.02
+1580602598.06,+0001.95,-0012.70,-0022.46,-0001.68,-0004.98,-0012.17
+1580602598.07,+0009.77,-0014.65,-0023.44,-0002.83,+0000.77,-0011.18
+1580602598.07,-0004.88,-0013.67,-0025.39,-0003.98,+0001.84,-0013.02
+1580602598.08,+0000.00,-0016.60,-0027.34,-0000.54,+0000.77,-0012.71
+1580602598.08,+0002.93,-0017.58,-0028.32,-0004.36,+0002.53,-0009.72
+1580602598.09,-0006.84,-0018.55,-0027.34,+0000.92,-0000.15,-0011.79
+1580602598.09,+0000.98,-0016.60,-0026.37,-0002.91,-0000.84,-0007.81
+1580602598.10,+0002.93,-0021.48,-0026.37,+0002.07,+0001.38,-0009.95
+1580602598.10,-0004.88,-0020.51,-0027.34,-0005.05,+0003.29,-0012.86
+1580602598.11,-0002.93,-0021.48,-0028.32,-0000.38,-0007.27,-0009.34
+1580602598.11,+0002.93,-0021.48,-0029.30,-0001.68,-0001.07,-0008.58
+1580602598.12,+0000.00,-0023.44,-0029.30,+0001.07,-0002.22,-0008.96
+1580602598.12,+0003.91,-0022.46,-0027.34,-0000.77,-0002.30,-0006.35
+1580602598.13,-0000.98,-0022.46,-0025.39,+0001.84,-0004.29,-0008.12
+1580602598.13,+0000.98,-0021.48,-0025.39,-0002.60,-0000.38,-0012.71
+1580602598.14,+0004.88,-0022.46,-0024.41,+0001.38,+0000.38,-0010.64
+1580602598.14,-0000.98,-0023.44,-0023.44,-0001.30,+0000.77,-0012.25
+1580602598.15,+0009.77,-0021.48,-0021.48,-0002.37,-0001.23,-0007.20
+1580602598.15,+0009.77,-0023.44,-0021.48,-0000.92,+0002.83,-0009.26
+1580602598.16,-0001.95,-0024.41,-0022.46,+0000.46,-0001.91,-0004.59
+1580602598.16,-0005.86,-0020.51,-0020.51,+0000.54,-0001.91,-0015.62
+1580602598.17,+0000.98,-0021.48,-0017.58,+0002.14,-0007.20,-0007.58
+1580602598.17,+0018.55,-0020.51,-0015.62,+0002.53,+0000.92,+0004.29
+1580602598.18,-0013.67,-0020.51,-0014.65,+0002.45,+0014.39,-0016.08
+1580602598.18,-0017.58,-0020.51,-0012.70,+0006.05,-0001.68,-0012.02
+1580602598.19,+0012.70,-0016.60,-0009.77,+0000.77,-0006.43,-0015.16
+1580602598.19,+0013.67,-0023.44,-0008.79,+0000.00,+0005.90,+0009.80
+1580602598.20,-0026.37,-0016.60,-0009.77,-0006.05,-0003.45,-0015.31
+1580602598.20,-0022.46,-0016.60,-0006.84,+0011.87,-0005.13,-0014.70
+1580602598.21,+0009.77,-0015.62,-0004.88,-0003.83,+0000.92,-0021.36
+1580602598.21,+0003.91,-0021.48,-0002.93,+0002.68,+0000.69,+0000.54
+1580602598.22,-0013.67,-0012.70,-0001.95,-0004.13,+0003.14,-0014.32
+1580602598.22,-0018.55,-0015.62,-0000.98,+0000.61,-0008.27,-0000.38
+1580602598.23,+0003.91,-0014.65,-0001.95,+0006.28,+0003.06,-0019.45
+1580602598.23,-0002.93,-0015.62,+0000.00,-0001.07,+0000.84,-0005.44
+1580602598.24,-0010.74,-0011.72,+0001.95,-0002.07,+0002.83,-0013.25
+1580602598.24,-0010.74,-0011.72,+0002.93,+0004.52,-0004.06,-0013.02
+1580602598.25,+0002.93,-0011.72,+0004.88,-0000.84,-0002.22,-0012.71
+1580602598.25,+0001.95,-0010.74,+0004.88,+0003.22,+0003.06,-0010.95
+1580602598.26,-0012.70,-0007.81,+0004.88,+0000.46,-0000.23,-0012.10
+1580602598.26,-0004.88,-0006.84,+0005.86,+0003.52,-0000.69,-0012.86
+1580602598.27,+0006.84,-0004.88,+0008.79,+0003.90,-0001.30,-0014.93
+1580602598.27,+0006.84,-0003.91,+0008.79,+0004.44,+0005.82,-0010.11
+1580602598.28,-0012.70,-0003.91,+0009.77,-0000.46,+0001.30,-0014.24
+1580602598.28,-0002.93,-0001.95,+0011.72,+0003.60,-0005.44,-0010.41
+1580602598.29,+0013.67,-0000.98,+0012.70,+0001.15,+0006.89,-0009.95
+1580602598.29,-0005.86,-0001.95,+0013.67,+0002.45,-0002.91,-0007.27
+1580602598.30,-0004.88,+0000.98,+0014.65,+0001.76,+0001.15,-0014.85
+1580602598.30,+0002.93,+0000.00,+0015.62,+0002.53,-0002.68,-0013.17
+1580602598.31,+0005.86,+0000.00,+0016.60,+0003.75,+0000.77,-0009.03
+1580602598.31,+0000.98,+0001.95,+0017.58,-0000.15,+0000.54,-0010.26
+1580602598.32,+0001.95,+0000.98,+0017.58,+0001.84,-0000.38,-0008.12
+1580602598.32,+0002.93,+0001.95,+0017.58,+0002.68,-0002.99,-0013.17
+1580602598.33,+0006.84,+0003.91,+0018.55,-0001.45,-0001.30,-0002.68
+1580602598.33,+0007.81,+0002.93,+0017.58,+0002.83,+0005.21,-0012.02
+1580602598.34,-0002.93,+0001.95,+0017.58,-0001.53,-0001.68,-0004.90
+1580602598.34,+0000.98,+0005.86,+0016.60,+0001.30,+0007.58,-0019.98
+1580602598.35,-0004.88,+0002.93,+0016.60,+0001.30,-0008.04,-0003.37
+1580602598.35,+0011.72,+0003.91,+0019.53,+0003.98,+0002.30,-0005.90
+1580602598.36,-0009.77,+0001.95,+0019.53,+0002.68,-0005.28,-0006.12
+1580602598.36,-0006.84,+0004.88,+0018.55,-0001.15,-0001.15,-0005.67
+1580602598.37,+0001.95,+0002.93,+0015.62,-0001.38,+0005.74,-0014.39
+1580602598.37,-0009.77,+0000.98,+0014.65,+0000.92,-0000.69,-0008.73
+1580602598.38,-0005.86,+0003.91,+0013.67,-0001.53,+0002.45,-0015.47
+1580602598.38,-0006.84,+0000.98,+0014.65,-0000.23,-0000.92,-0014.93
+1580602598.39,-0003.91,+0001.95,+0014.65,-0000.46,+0000.00,-0009.19
+1580602598.39,-0003.91,+0002.93,+0012.70,-0001.68,-0000.38,-0009.34
+1580602598.40,-0006.84,+0001.95,+0010.74,-0001.99,+0004.36,-0009.11
+1580602598.40,-0006.84,+0002.93,+0008.79,-0000.61,-0004.98,-0005.28
+1580602598.41,+0000.98,+0003.91,+0008.79,+0002.76,+0000.61,-0011.25
+1580602598.41,-0005.86,+0002.93,+0008.79,-0002.99,-0003.45,-0004.13
+1580602598.42,-0000.98,+0004.88,+0008.79,+0002.30,+0000.61,-0012.79
+1580602598.42,-0002.93,+0003.91,+0008.79,-0003.52,-0002.22,-0010.64
+1580602598.43,+0000.98,+0005.86,+0008.79,+0002.83,+0000.00,-0007.12
+1580602598.43,-0002.93,+0004.88,+0007.81,+0000.84,-0001.76,-0015.93
+1580602598.44,+0001.95,+0005.86,+0007.81,+0001.15,-0006.05,-0005.51
+1580602598.44,+0007.81,+0004.88,+0006.84,-0003.29,+0005.21,-0012.17
+1580602598.45,-0007.81,+0005.86,+0006.84,-0002.14,-0004.82,-0005.59
+1580602598.45,+0003.91,+0007.81,+0006.84,+0002.53,+0001.00,-0013.93
+1580602598.46,+0005.86,+0005.86,+0005.86,-0001.76,+0001.61,-0007.96
+1580602598.46,-0000.98,+0006.84,+0005.86,+0004.44,-0001.53,-0006.89
+1580602598.47,-0000.98,+0007.81,+0006.84,+0000.31,-0002.14,-0004.75
+1580602598.47,-0002.93,+0006.84,+0006.84,+0002.22,+0003.98,-0015.54
+1580602598.48,-0003.91,+0008.79,+0006.84,-0002.45,-0000.54,-0015.08
+1580602598.48,+0007.81,+0007.81,+0006.84,-0000.38,+0003.52,-0011.71
+1580602598.49,+0001.95,+0005.86,+0005.86,-0001.00,+0001.30,-0017.53
+1580602598.49,-0005.86,+0007.81,+0004.88,+0001.30,-0004.36,-0005.28
+1580602598.50,+0002.93,+0008.79,+0003.91,-0000.38,+0002.30,-0017.07
+1580602598.50,+0005.86,+0004.88,+0003.91,+0001.15,-0000.61,-0002.14
+1580602598.51,+0003.91,+0008.79,+0003.91,-0000.54,+0004.67,-0016.77
+1580602598.51,-0002.93,+0007.81,+0004.88,-0005.05,-0007.35,-0002.45
+1580602598.52,+0010.74,+0008.79,+0001.95,-0004.29,+0004.59,-0015.08
+1580602598.52,-0002.93,+0005.86,+0000.00,+0002.60,-0003.60,-0007.73
+1580602598.53,+0000.98,+0010.74,+0000.00,-0001.45,-0001.91,-0005.67
+1580602598.53,+0000.00,+0008.79,+0000.00,+0000.23,+0003.68,-0016.92
+1580602598.54,-0002.93,+0009.77,+0001.95,-0001.07,-0001.30,-0004.52
+1580602598.54,+0003.91,+0010.74,+0001.95,+0000.77,+0004.67,-0010.49
+1580602598.55,-0008.79,+0010.74,+0000.98,-0001.84,-0000.84,-0010.18
+1580602598.55,-0000.98,+0011.72,+0000.00,-0002.60,+0001.68,-0005.44
+1580602598.56,+0000.00,+0008.79,-0000.98,-0002.99,+0003.98,-0016.23
+1580602598.56,-0012.70,+0009.77,-0000.98,-0001.45,-0004.98,-0010.80
+1580602598.57,+0007.81,+0011.72,-0001.95,-0000.15,-0003.68,-0005.97
+1580602598.57,-0004.88,+0007.81,-0003.91,-0000.46,-0002.53,-0005.97
+1580602598.58,-0005.86,+0009.77,-0003.91,+0000.92,-0005.59,-0004.21
+1580602598.58,+0002.93,+0010.74,-0004.88,-0002.68,-0000.61,-0011.79
+1580602598.59,-0007.81,+0007.81,-0004.88,+0002.45,-0005.67,-0011.41
+1580602598.59,+0001.95,+0011.72,-0003.91,-0001.23,-0005.59,-0005.51
+1580602598.60,+0007.81,+0009.77,-0003.91,+0000.84,+0004.75,-0012.25
+1580602598.60,-0010.74,+0007.81,-0004.88,-0003.45,-0000.38,-0010.80
+1580602598.61,-0000.98,+0012.70,-0004.88,-0003.06,+0001.61,-0016.38
+1580602598.61,-0001.95,+0009.77,-0005.86,-0000.69,+0003.68,-0019.37
+1580602598.62,-0001.95,+0009.77,-0005.86,+0001.91,-0008.35,-0007.43
+1580602598.62,+0007.81,+0008.79,-0005.86,-0003.14,+0000.54,-0009.57
+1580602598.63,-0007.81,+0006.84,-0005.86,-0000.31,-0004.36,-0008.58
+1580602598.63,-0001.95,+0010.74,-0006.84,+0000.15,-0001.23,-0009.57
+1580602598.64,+0001.95,+0008.79,-0008.79,-0000.31,-0001.00,-0015.16
+1580602598.64,+0002.93,+0005.86,-0008.79,+0004.21,+0003.22,-0010.95
+1580602598.65,+0001.95,+0009.77,-0009.77,-0002.53,-0008.04,-0008.58
+1580602598.65,+0005.86,+0006.84,-0009.77,-0000.54,+0000.69,-0005.82
+1580602598.66,-0004.88,+0006.84,-0010.74,+0000.08,+0004.98,-0017.30
+1580602598.66,+0000.98,+0006.84,-0008.79,+0005.13,-0004.29,-0008.58
+1580602598.67,+0011.72,+0007.81,-0008.79,-0007.58,+0004.67,-0011.56
+1580602598.67,-0009.77,+0003.91,-0009.77,+0001.53,+0002.68,-0014.01
+1580602598.68,+0002.93,+0008.79,-0009.77,+0000.69,+0001.07,-0013.25
+1580602598.68,+0010.74,+0003.91,-0010.74,-0003.14,+0002.22,-0008.19
+1580602598.69,+0002.93,+0002.93,-0010.74,-0000.38,-0005.05,-0003.98
+1580602598.69,+0005.86,+0007.81,-0009.77,+0003.37,-0002.14,-0010.57
+1580602598.70,+0003.91,+0002.93,-0011.72,+0001.61,+0004.06,-0013.86
+1580602598.70,-0006.84,+0003.91,-0012.70,-0001.76,+0000.00,-0017.99
+1580602598.71,+0001.95,+0003.91,-0010.74,-0000.69,-0006.28,-0010.80
+1580602598.71,+0009.77,+0003.91,-0010.74,-0003.37,+0003.37,-0014.16
+1580602598.72,-0002.93,+0001.95,-0009.77,+0002.83,-0006.05,-0005.44
+1580602598.72,+0006.84,+0005.86,-0009.77,-0001.84,-0001.30,-0012.25
+1580602598.73,+0011.72,-0000.98,-0009.77,-0006.12,-0005.21,+0006.74
+1580602598.73,-0009.77,+0002.93,-0011.72,-0004.98,-0003.68,-0007.73
+1580602598.74,-0004.88,+0002.93,-0011.72,+0004.21,-0005.74,-0004.75
+1580602598.74,+0009.77,+0000.98,-0011.72,-0003.60,+0001.23,-0009.03
+1580602598.75,-0008.79,-0002.93,-0010.74,+0004.67,-0003.37,-0010.64
+1580602598.75,-0005.86,+0003.91,-0009.77,-0004.06,-0000.23,-0014.78
+1580602598.76,-0000.98,-0000.98,-0010.74,+0000.92,-0001.68,-0017.07
+1580602598.76,+0004.88,-0004.88,-0010.74,-0001.30,-0003.37,-0005.90
+1580602598.77,-0002.93,-0001.95,-0011.72,-0003.83,+0003.60,-0015.62
+1580602598.77,-0013.67,-0003.91,-0012.70,-0001.61,-0007.81,-0011.33
+1580602598.78,+0008.79,-0005.86,-0011.72,+0000.38,-0001.68,-0007.66
+1580602598.78,-0001.95,-0007.81,-0013.67,-0003.06,-0003.45,-0007.27
+1580602598.78,-0007.81,-0006.84,-0013.67,+0002.83,-0005.59,-0006.43
+1580602598.79,+0006.84,-0007.81,-0012.70,-0002.76,+0000.00,-0007.50
+1580602598.79,-0002.93,-0011.72,-0013.67,+0000.69,+0001.76,-0006.51
+1580602598.80,-0006.84,-0007.81,-0013.67,-0001.45,-0004.36,-0010.49
+1580602598.80,+0001.95,-0009.77,-0013.67,+0001.61,+0000.00,-0013.40
+1580602598.81,+0002.93,-0012.70,-0012.70,+0000.15,+0000.08,-0010.95
+1580602598.81,-0003.91,-0010.74,-0012.70,+0002.07,+0002.53,-0015.62
+1580602598.82,+0000.98,-0011.72,-0012.70,+0002.14,+0003.75,-0011.48
+1580602598.82,-0000.98,-0011.72,-0013.67,+0000.38,+0001.68,-0016.08
+1580602598.83,+0000.98,-0012.70,-0011.72,-0001.53,-0005.51,-0003.22
+1580602598.83,+0001.95,-0010.74,-0011.72,-0004.52,-0001.99,-0009.42
+1580602598.84,-0003.91,-0015.62,-0011.72,+0003.52,-0000.23,-0008.42
+1580602598.84,+0000.98,-0011.72,-0010.74,-0002.68,+0001.15,-0011.33
+1580602598.85,-0001.95,-0015.62,-0008.79,-0000.31,+0002.91,-0012.33
+1580602598.85,-0002.93,-0012.70,-0006.84,-0004.06,-0000.77,-0010.87
+1580602598.86,+0000.98,-0014.65,-0005.86,+0005.21,-0000.84,-0011.10
+1580602598.86,+0002.93,-0014.65,-0005.86,-0002.45,+0000.00,-0011.18
+1580602598.87,+0001.95,-0015.62,-0004.88,+0003.22,+0001.61,-0010.26
+1580602598.87,-0002.93,-0013.67,-0004.88,-0000.08,+0001.38,-0015.62
+1580602598.88,+0000.00,-0013.67,-0002.93,+0003.83,-0004.21,-0008.65
+1580602598.88,+0009.77,-0013.67,-0000.98,+0001.15,-0000.31,-0011.48
+1580602598.89,+0000.00,-0013.67,+0000.98,+0001.15,-0002.14,-0008.12
+1580602598.89,+0000.00,-0011.72,+0000.98,+0003.83,-0002.37,-0007.96
+1580602598.90,+0004.88,-0012.70,+0001.95,+0000.23,+0000.84,-0005.51
+1580602598.90,-0002.93,-0011.72,+0002.93,+0002.37,-0000.77,-0009.49
+1580602598.91,-0003.91,-0009.77,+0004.88,+0001.15,-0003.22,-0008.12
+1580602598.91,+0004.88,-0011.72,+0005.86,+0000.31,+0001.84,-0008.04
+1580602598.92,-0002.93,-0012.70,+0005.86,+0002.76,+0003.98,-0006.89
+1580602598.92,-0012.70,-0009.77,+0006.84,+0001.23,+0000.08,-0013.48
+1580602598.93,-0003.91,-0008.79,+0008.79,+0002.76,-0002.60,-0013.78
+1580602598.93,+0002.93,-0011.72,+0008.79,+0001.76,-0000.38,-0010.03
+1580602598.94,-0005.86,-0009.77,+0009.77,-0002.22,-0000.38,-0005.13
+1580602598.94,-0010.74,-0008.79,+0009.77,+0004.06,-0001.53,-0009.57
+1580602598.95,-0004.88,-0007.81,+0009.77,+0001.23,+0001.07,-0014.55
+1580602598.95,+0002.93,-0008.79,+0009.77,+0002.53,-0005.36,-0004.67
+1580602598.96,-0000.98,-0006.84,+0010.74,+0001.61,+0000.31,-0009.42
+1580602598.96,-0011.72,-0006.84,+0012.70,-0000.15,-0002.14,-0010.57
+1580602598.97,+0000.98,-0002.93,+0012.70,+0001.45,-0003.06,-0010.80
+1580602598.97,+0001.95,-0005.86,+0012.70,+0005.36,+0004.75,-0009.65
+1580602598.98,-0009.77,-0002.93,+0013.67,-0003.14,-0000.69,-0012.56
+1580602598.98,-0007.81,-0002.93,+0014.65,+0003.45,-0001.68,-0014.93
+1580602598.99,+0004.88,-0001.95,+0015.62,-0000.92,-0001.53,-0011.94
+1580602598.99,+0001.95,-0002.93,+0016.60,+0001.07,+0002.07,-0010.26
+1580602599.00,-0003.91,+0000.00,+0017.58,+0001.68,-0004.82,-0007.27
+1580602599.00,+0002.93,+0000.00,+0017.58,+0001.76,-0001.38,-0010.18
+1580602599.01,+0004.88,+0000.00,+0017.58,+0000.08,+0001.61,-0005.82
+1580602599.01,-0002.93,+0002.93,+0017.58,-0000.38,+0000.15,-0011.87
+1580602599.02,+0000.98,+0003.91,+0018.55,+0001.30,-0001.91,-0009.80
+1580602599.02,+0004.88,+0003.91,+0019.53,+0000.77,+0002.14,-0013.70
+1580602599.03,+0003.91,+0003.91,+0019.53,+0001.91,+0000.23,-0007.73
+1580602599.03,+0003.91,+0004.88,+0018.55,+0001.84,+0004.21,-0014.55
+1580602599.04,-0002.93,+0003.91,+0019.53,+0000.23,-0003.68,-0012.25
+1580602599.04,+0004.88,+0006.84,+0019.53,+0002.83,-0000.15,-0011.41
+1580602599.05,+0004.88,+0004.88,+0018.55,+0004.67,+0003.52,-0010.11
+1580602599.05,-0002.93,+0006.84,+0019.53,-0000.38,-0001.07,-0009.42
+1580602599.06,+0002.93,+0006.84,+0021.48,+0000.15,-0002.91,-0006.89
+1580602599.06,+0002.93,+0008.79,+0021.48,-0005.82,-0002.14,-0009.11
+1580602599.07,+0001.95,+0006.84,+0019.53,+0005.51,+0000.61,-0006.35
+1580602599.07,+0002.93,+0008.79,+0017.58,-0005.51,+0003.83,-0013.40
+1580602599.08,-0001.95,+0006.84,+0016.60,+0001.23,-0003.90,-0007.73
+1580602599.08,+0007.81,+0008.79,+0017.58,-0002.45,+0003.60,-0006.35
+1580602599.09,+0000.00,+0008.79,+0015.62,+0002.53,+0001.99,-0009.88
+1580602599.09,-0005.86,+0009.77,+0014.65,-0002.68,-0004.13,-0008.04
+1580602599.10,+0003.91,+0009.77,+0013.67,-0001.53,+0004.29,-0012.56
+1580602599.10,-0006.84,+0008.79,+0013.67,-0003.37,+0000.31,-0012.94
+1580602599.11,-0000.98,+0010.74,+0013.67,+0003.83,-0002.60,-0008.96
+1580602599.11,+0004.88,+0008.79,+0013.67,-0005.21,+0001.07,-0009.88
+1580602599.12,-0007.81,+0009.77,+0011.72,-0002.83,-0003.75,-0004.98
+1580602599.12,-0002.93,+0010.74,+0009.77,+0001.99,+0001.91,-0015.85
+1580602599.13,+0000.98,+0009.77,+0008.79,-0002.22,-0003.37,-0004.82
+1580602599.13,+0000.98,+0008.79,+0008.79,+0000.08,+0002.83,-0009.26
+1580602599.14,-0006.84,+0009.77,+0007.81,-0002.91,-0003.14,-0007.96
+1580602599.14,-0001.95,+0009.77,+0006.84,+0002.91,+0001.91,-0011.94
+1580602599.15,+0000.98,+0007.81,+0005.86,-0007.04,-0003.98,-0006.12
+1580602599.15,-0004.88,+0007.81,+0003.91,-0003.29,+0001.15,-0014.39
+1580602599.16,-0007.81,+0008.79,+0003.91,-0001.15,-0002.68,-0011.56
+1580602599.16,+0000.98,+0008.79,+0004.88,+0001.53,-0001.15,-0013.40
+1580602599.17,+0003.91,+0006.84,+0003.91,+0000.54,+0000.69,-0005.51
+1580602599.17,-0007.81,+0007.81,+0002.93,-0002.53,+0004.36,-0016.54
+1580602599.18,-0006.84,+0009.77,+0000.98,-0000.61,-0008.80,-0006.81
+1580602599.18,+0012.70,+0006.84,+0000.00,-0001.30,+0000.61,-0006.74
+1580602599.19,-0006.84,+0006.84,-0000.98,-0002.53,-0009.72,+0001.15
+1580602599.19,+0002.93,+0008.79,+0000.00,+0005.74,+0005.90,-0013.86
+1580602599.20,-0007.81,+0008.79,-0000.98,-0006.43,+0001.38,-0017.46
+1580602599.20,+0000.98,+0007.81,+0000.00,+0001.76,-0005.59,-0001.84
+1580602599.21,+0002.93,+0008.79,-0000.98,-0002.76,+0000.00,-0008.42
+1580602599.21,-0002.93,+0007.81,+0000.00,+0004.36,-0000.54,-0010.18
+1580602599.22,-0001.95,+0009.77,-0000.98,-0003.37,+0002.99,-0012.56
+1580602599.22,+0000.00,+0007.81,-0001.95,+0000.84,-0004.98,-0010.49
+1580602599.23,+0008.79,+0006.84,-0003.91,-0003.14,+0005.21,-0011.48
+1580602599.23,+0000.00,+0005.86,-0003.91,+0001.00,-0001.07,-0008.65
+1580602599.24,-0005.86,+0008.79,-0003.91,+0000.31,+0000.23,-0013.48
+1580602599.24,+0003.91,+0008.79,-0002.93,+0000.84,+0000.00,-0010.49
+1580602599.25,+0003.91,+0008.79,-0004.88,-0001.84,+0001.68,-0013.25
+1580602599.25,+0000.98,+0007.81,-0004.88,+0000.77,-0002.14,-0007.96
+1580602599.26,+0003.91,+0008.79,-0003.91,-0002.68,+0001.45,-0010.26
+1580602599.26,+0000.98,+0007.81,-0004.88,+0002.37,-0001.00,-0006.74
+1580602599.27,+0002.93,+0007.81,-0004.88,-0002.91,-0000.69,-0011.64
+1580602599.27,+0004.88,+0006.84,-0004.88,-0001.45,-0003.90,-0005.51
+1580602599.28,+0005.86,+0006.84,-0005.86,-0001.61,+0007.27,-0012.40
+1580602599.28,-0008.79,+0005.86,-0006.84,+0001.07,-0005.44,-0006.74
+1580602599.29,+0002.93,+0006.84,-0005.86,+0000.08,-0003.45,-0012.10
+1580602599.29,+0009.77,+0003.91,-0005.86,-0000.92,+0003.60,-0009.34
+1580602599.30,-0004.88,+0003.91,-0005.86,+0001.76,-0002.68,-0008.96
+1580602599.30,-0002.93,+0005.86,-0005.86,-0001.00,-0002.45,-0010.72
+1580602599.31,+0001.95,+0003.91,-0006.84,-0000.84,-0001.00,-0012.25
+1580602599.31,-0000.98,+0001.95,-0006.84,+0000.08,-0000.69,-0007.81
+1580602599.32,-0001.95,+0002.93,-0007.81,-0002.60,-0000.46,-0007.89
+1580602599.32,-0006.84,+0001.95,-0008.79,+0000.00,+0000.69,-0011.41
+1580602599.33,-0002.93,+0001.95,-0008.79,+0001.45,-0003.29,-0006.66
+1580602599.33,+0001.95,+0001.95,-0008.79,-0003.29,+0002.99,-0010.95
+1580602599.34,-0006.84,+0000.00,-0009.77,+0000.84,-0000.84,-0007.81
+1580602599.34,-0006.84,+0000.98,-0009.77,-0000.46,-0003.75,-0009.57
+1580602599.35,-0004.88,+0000.00,-0010.74,-0000.69,-0003.37,-0009.95
+1580602599.35,-0001.95,-0000.98,-0010.74,-0000.38,-0004.98,-0008.88
+1580602599.36,+0000.98,-0000.98,-0009.77,+0000.00,+0002.60,-0013.63
+1580602599.36,-0003.91,+0000.00,-0008.79,+0000.92,-0004.29,-0009.19
+1580602599.37,+0004.88,+0000.98,-0010.74,-0004.75,+0001.76,-0013.55
+1580602599.37,-0003.91,-0000.98,-0009.77,+0002.22,-0000.69,-0015.08
+1580602599.38,-0000.98,+0000.00,-0009.77,-0000.61,-0007.35,-0006.43
+1580602599.38,+0003.91,+0000.98,-0009.77,-0001.91,-0004.36,-0008.27
+1580602599.39,+0002.93,+0000.00,-0009.77,+0000.54,+0000.31,-0005.82
+1580602599.39,+0001.95,+0000.98,-0008.79,+0000.31,+0000.00,-0011.56
+1580602599.40,+0000.98,-0000.98,-0007.81,-0002.83,-0003.90,-0006.81
+1580602599.40,+0004.88,+0001.95,-0007.81,-0004.98,+0004.59,-0014.85
+1580602599.41,-0002.93,+0000.00,-0008.79,+0001.61,-0004.44,-0008.27
+1580602599.41,+0004.88,+0000.98,-0008.79,+0000.00,-0000.69,-0011.64
+1580602599.42,+0004.88,-0001.95,-0008.79,+0003.22,-0003.06,-0008.27
+1580602599.42,+0003.91,-0000.98,-0007.81,-0002.45,+0001.15,-0012.63
+1580602599.43,+0001.95,-0000.98,-0008.79,+0000.54,-0001.00,-0011.41
+1580602599.43,+0003.91,-0001.95,-0008.79,-0001.23,-0003.06,-0011.10
+1580602599.44,+0007.81,-0002.93,-0008.79,-0003.14,+0001.38,-0008.88
+1580602599.44,-0001.95,-0003.91,-0009.77,-0004.06,+0000.15,-0010.03
+1580602599.45,+0000.98,-0003.91,-0011.72,-0000.31,-0000.15,-0009.42
+1580602599.45,+0003.91,-0007.81,-0013.67,-0000.31,+0001.38,-0011.18
+1580602599.46,-0001.95,-0006.84,-0014.65,-0001.91,+0002.60,-0015.54
+1580602599.46,-0000.98,-0008.79,-0013.67,-0002.76,-0005.97,-0005.74
+1580602599.47,+0009.77,-0008.79,-0014.65,+0000.61,-0000.77,-0007.66
+1580602599.47,-0008.79,-0010.74,-0016.60,-0001.84,-0001.84,-0006.12
+1580602599.48,-0005.86,-0008.79,-0017.58,-0001.15,-0004.75,-0008.50
+1580602599.48,+0007.81,-0012.70,-0018.55,-0004.90,+0000.54,-0008.35
+1580602599.49,-0003.91,-0012.70,-0018.55,-0004.59,-0004.82,-0009.72
+1580602599.49,-0004.88,-0012.70,-0018.55,-0000.54,-0000.92,-0013.48
+1580602599.50,+0002.93,-0013.67,-0019.53,-0006.12,+0002.30,-0010.11
+1580602599.50,-0004.88,-0014.65,-0021.48,-0001.76,-0001.00,-0007.73
+1580602599.51,-0000.98,-0012.70,-0022.46,-0005.59,-0000.61,-0004.90
+1580602599.51,-0001.95,-0016.60,-0023.44,+0002.99,+0001.91,-0010.80
+1580602599.52,-0005.86,-0015.62,-0023.44,-0003.75,+0001.91,-0011.64
+1580602599.52,-0002.93,-0015.62,-0022.46,+0001.07,+0003.68,-0013.40
+1580602599.53,-0005.86,-0015.62,-0021.48,-0001.99,-0002.22,-0010.26
+1580602599.53,-0000.98,-0015.62,-0020.51,+0003.75,-0001.00,-0006.51
+1580602599.54,-0006.84,-0013.67,-0020.51,-0002.37,+0005.97,-0013.86
+1580602599.54,-0006.84,-0015.62,-0019.53,+0004.52,-0004.06,-0003.83
+1580602599.55,+0005.86,-0012.70,-0017.58,-0001.07,+0006.89,-0014.16
+1580602599.55,-0007.81,-0012.70,-0016.60,+0002.60,-0002.76,-0008.80
+1580602599.56,-0001.95,-0009.77,-0015.62,+0001.23,-0001.15,-0012.40
+1580602599.56,+0000.98,-0012.70,-0012.70,+0002.22,-0002.83,-0009.57
+1580602599.57,+0003.91,-0007.81,-0011.72,+0003.45,+0003.29,-0009.95
+1580602599.57,+0000.98,-0008.79,-0009.77,-0002.60,-0003.37,-0001.76
+1580602599.58,-0007.81,-0006.84,-0007.81,-0001.84,-0000.69,-0013.86
+1580602599.58,-0005.86,-0006.84,-0004.88,+0006.28,-0002.60,-0011.41
+1580602599.59,+0007.81,-0003.91,-0003.91,+0001.84,+0002.76,-0013.93
+1580602599.59,-0002.93,-0007.81,-0001.95,-0001.61,+0002.45,-0015.01
+1580602599.60,-0002.93,-0003.91,+0000.00,-0000.46,+0000.69,-0010.80
+1580602599.60,+0001.95,-0005.86,+0001.95,+0003.75,+0000.00,-0011.71
+1580602599.61,+0001.95,-0002.93,+0001.95,+0001.99,-0000.61,-0007.89
+1580602599.61,-0001.95,-0001.95,+0003.91,+0001.61,-0001.76,-0006.20
+1580602599.62,+0000.98,-0001.95,+0004.88,+0002.45,+0000.54,-0006.74
+1580602599.62,-0001.95,-0002.93,+0005.86,+0003.98,+0002.53,-0013.55
+1580602599.63,-0001.95,+0000.00,+0007.81,+0000.15,-0002.45,-0011.87
+1580602599.63,+0007.81,+0000.00,+0007.81,+0001.99,+0004.13,-0016.08
+1580602599.64,+0000.98,+0000.00,+0007.81,+0001.30,-0004.29,-0007.20
+1580602599.64,+0003.91,+0000.98,+0007.81,+0003.22,-0000.38,-0010.49
+1580602599.65,-0001.95,+0001.95,+0008.79,+0001.07,-0002.45,-0005.44
+1580602599.65,+0000.98,+0002.93,+0008.79,+0005.51,+0001.68,-0012.94
+1580602599.66,+0000.98,+0002.93,+0010.74,-0002.91,-0002.22,-0009.11
+1580602599.66,+0009.77,+0003.91,+0012.70,+0004.52,-0006.58,+0000.31
+1580602599.67,-0006.84,+0003.91,+0010.74,+0001.84,+0001.76,-0009.65
+1580602599.67,-0016.60,+0005.86,+0009.77,-0000.77,-0003.29,-0013.25
+1580602599.68,+0003.91,+0003.91,+0009.77,-0001.23,-0003.68,-0013.25
+1580602599.68,+0005.86,+0000.98,+0010.74,+0002.99,+0004.75,-0009.49
+1580602599.69,-0016.60,+0004.88,+0012.70,-0005.82,-0001.61,-0008.80
+1580602599.69,-0008.79,+0004.88,+0010.74,+0001.30,-0005.51,-0008.58
+1580602599.70,+0000.00,-0000.98,+0006.84,-0006.97,+0003.45,-0011.64
+1580602599.70,-0010.74,+0000.98,+0003.91,-0002.60,-0001.68,-0008.65
+1580602599.71,-0007.81,+0001.95,+0004.88,+0000.54,-0002.53,-0009.95
+1580602599.71,-0002.93,-0000.98,+0005.86,-0002.83,+0001.15,-0011.33
+1580602599.72,-0009.77,+0000.00,+0005.86,-0001.91,-0003.14,-0008.27
+1580602599.72,-0004.88,+0001.95,+0004.88,+0000.38,-0000.77,-0012.48
+1580602599.73,-0001.95,-0000.98,+0002.93,-0002.30,+0001.23,-0013.25
+1580602599.73,-0001.95,-0000.98,+0001.95,-0001.38,-0005.51,-0006.51
+1580602599.74,+0000.98,-0000.98,+0000.00,-0004.75,+0000.84,-0016.23
+1580602599.74,-0003.91,-0002.93,+0000.00,+0000.00,-0005.13,-0010.95
+1580602599.75,+0006.84,-0001.95,+0000.00,+0001.00,-0000.84,-0011.18
+1580602599.75,+0001.95,-0002.93,-0001.95,+0000.69,-0000.84,-0006.12
+1580602599.76,+0000.00,-0001.95,-0002.93,-0001.00,+0000.54,-0009.19
+1580602599.76,+0000.00,-0002.93,-0003.91,-0000.46,-0001.61,-0008.04
+1580602599.77,+0004.88,-0002.93,-0003.91,+0000.38,-0000.69,-0009.11
+1580602599.77,+0001.95,-0003.91,-0004.88,-0001.99,-0001.15,-0003.98
+1580602599.78,+0000.00,-0003.91,-0005.86,+0000.38,+0003.52,-0016.15
+1580602599.78,-0003.91,-0004.88,-0006.84,-0004.75,-0003.22,-0012.71
+1580602599.79,+0009.77,-0004.88,-0007.81,+0001.38,-0000.31,-0008.19
+1580602599.79,-0000.98,-0006.84,-0009.77,-0001.38,-0004.52,-0009.95
+1580602599.80,+0003.91,-0005.86,-0009.77,+0000.38,+0000.54,-0005.28
+1580602599.80,-0000.98,-0006.84,-0010.74,-0000.84,+0002.07,-0018.07
+1580602599.81,+0002.93,-0007.81,-0010.74,+0001.38,+0005.90,-0011.56
+1580602599.81,-0000.98,-0005.86,-0011.72,-0005.13,+0003.37,-0015.77
+1580602599.82,-0006.84,-0006.84,-0009.77,-0000.77,-0004.06,-0009.34
+1580602599.82,+0008.79,-0004.88,-0009.77,-0002.14,+0001.53,-0008.50
+1580602599.83,-0000.98,-0007.81,-0009.77,+0003.37,-0003.52,-0004.21
+1580602599.83,+0000.00,-0004.88,-0011.72,-0004.59,+0002.76,-0006.58
+1580602599.84,-0002.93,-0007.81,-0012.70,+0000.15,-0001.53,-0010.34
+1580602599.84,+0001.95,-0006.84,-0012.70,+0002.99,+0000.15,-0007.58
+1580602599.85,+0000.00,-0005.86,-0012.70,-0002.60,+0000.54,-0006.81
+1580602599.85,-0000.98,-0005.86,-0012.70,+0002.30,-0002.37,-0003.45
+1580602599.86,-0001.95,-0006.84,-0011.72,-0002.60,+0001.61,-0009.26
+1580602599.86,-0003.91,-0003.91,-0009.77,-0001.07,-0001.53,-0012.02
+1580602599.87,-0002.93,-0002.93,-0009.77,+0002.83,+0001.91,-0018.45
+1580602599.87,-0002.93,-0003.91,-0008.79,-0001.45,-0002.37,-0013.02
+1580602599.88,+0000.98,-0001.95,-0008.79,-0004.98,+0002.99,-0009.65
+1580602599.88,-0005.86,-0002.93,-0008.79,+0000.54,+0001.23,-0009.26
+1580602599.89,-0002.93,-0001.95,-0009.77,+0001.53,-0005.21,-0005.97
+1580602599.89,+0006.84,-0002.93,-0009.77,-0003.83,-0001.23,-0003.22
+1580602599.90,-0013.67,-0001.95,-0010.74,+0001.45,-0001.00,-0014.47
+1580602599.90,-0013.67,-0000.98,-0007.81,+0002.45,-0006.28,-0010.49
+1580602599.91,+0008.79,+0000.00,-0005.86,+0001.99,+0001.38,-0015.62
+1580602599.91,-0001.95,-0000.98,-0002.93,+0001.76,-0007.73,-0002.07
+1580602599.92,+0001.95,+0001.95,-0001.95,-0002.83,+0001.61,-0009.42
+1580602599.92,-0005.86,+0000.98,-0002.93,+0000.31,+0006.81,-0016.31
+1580602599.93,-0006.84,+0000.98,-0003.91,-0001.45,-0009.65,-0006.81
+1580602599.93,+0011.72,+0001.95,-0003.91,-0001.76,+0004.59,-0014.62
+1580602599.94,-0005.86,+0000.98,-0001.95,+0002.99,-0002.91,-0007.35
+1580602599.94,-0001.95,+0006.84,+0000.00,+0004.44,-0000.92,-0010.18
+1580602599.95,+0003.91,+0002.93,+0000.98,+0003.37,+0001.07,-0009.65
+1580602599.95,+0003.91,+0004.88,+0001.95,+0000.54,-0003.29,-0006.43
+1580602599.96,+0002.93,+0004.88,+0003.91,-0000.31,+0003.37,-0012.48
+1580602599.96,-0006.84,+0007.81,+0002.93,+0001.38,+0002.53,-0013.86
+1580602599.97,+0001.95,+0004.88,+0002.93,+0005.28,+0003.90,-0013.78
+1580602599.97,+0002.93,+0005.86,+0001.95,-0005.44,+0004.59,-0015.47
+1580602599.98,-0004.88,+0004.88,+0003.91,+0002.99,-0004.59,-0007.04
+1580602599.98,+0006.84,+0007.81,+0004.88,-0003.60,+0001.53,-0013.48
+1580602599.99,+0000.00,+0004.88,+0003.91,+0002.68,-0002.53,-0005.36
+1580602599.99,+0003.91,+0006.84,+0001.95,-0005.67,-0000.46,-0004.36
+1580602600.00,+0002.93,+0003.91,+0000.98,+0002.60,-0000.15,-0011.10
+1580602600.00,-0001.95,+0004.88,+0000.98,+0001.91,-0000.38,-0008.27
+1580602600.01,+0003.91,+0005.86,+0001.95,-0002.22,-0000.69,-0010.03
+1580602600.01,+0003.91,+0002.93,+0001.95,-0003.06,-0000.77,-0009.88
+1580602600.02,+0005.86,+0002.93,+0000.98,+0002.30,-0001.00,-0006.05
+1580602600.02,-0003.91,+0001.95,+0000.00,-0001.30,+0002.83,-0016.69
+1580602600.03,-0005.86,+0001.95,-0001.95,-0000.61,-0005.44,-0009.42
+1580602600.03,+0003.91,-0000.98,-0002.93,-0002.22,+0003.37,-0016.08
+1580602600.04,-0000.98,-0001.95,-0002.93,-0002.76,-0006.58,-0003.37
+1580602600.04,+0006.84,-0004.88,-0003.91,-0003.83,+0001.53,+0003.14
+1580602600.05,-0006.84,-0004.88,-0005.86,-0000.38,+0008.80,-0012.94
+1580602600.05,-0013.67,-0004.88,-0008.79,-0006.12,-0010.11,-0002.14
+1580602600.06,+0003.91,-0006.84,-0010.74,-0007.35,+0003.83,-0017.92
+1580602600.06,-0004.88,-0011.72,-0010.74,+0000.84,-0003.14,-0009.95
+1580602600.07,+0000.00,-0005.86,-0010.74,+0001.68,+0001.91,-0010.18
+1580602600.07,-0004.88,-0011.72,-0010.74,+0004.52,-0005.82,-0004.29
+1580602600.08,+0005.86,-0009.77,-0012.70,-0003.98,+0002.68,-0006.58
+1580602600.08,-0004.88,-0012.70,-0014.65,-0001.07,+0001.91,-0012.56
+1580602600.09,-0006.84,-0009.77,-0014.65,-0002.45,-0000.92,-0009.11
+1580602600.09,+0001.95,-0013.67,-0014.65,-0000.61,-0001.84,-0011.71
+1580602600.10,+0005.86,-0013.67,-0013.67,-0001.00,+0002.99,-0007.66
+1580602600.10,-0000.98,-0012.70,-0011.72,-0002.99,+0000.77,-0006.20
+1580602600.11,-0005.86,-0012.70,-0012.70,-0004.44,+0000.38,-0013.93
+1580602600.11,-0003.91,-0014.65,-0013.67,+0001.07,-0001.07,-0009.80
+1580602600.12,+0003.91,-0014.65,-0014.65,-0000.54,+0002.37,-0017.76
+1580602600.12,+0000.98,-0014.65,-0013.67,-0001.53,-0001.61,-0009.11
+1580602600.13,+0000.00,-0013.67,-0012.70,+0001.91,+0004.21,-0012.86
+1580602600.13,-0010.74,-0013.67,-0010.74,+0001.00,-0001.76,-0009.49
+1580602600.14,-0000.98,-0011.72,-0008.79,+0004.29,-0001.76,-0011.03
+1580602600.14,+0005.86,-0014.65,-0006.84,+0003.45,+0007.66,-0011.94
+1580602600.15,-0006.84,-0010.74,-0005.86,-0002.53,-0001.07,-0011.64
+1580602600.15,-0004.88,-0012.70,-0005.86,-0000.08,-0007.04,-0005.51
+1580602600.16,+0007.81,-0012.70,-0006.84,+0002.22,+0003.90,-0012.25
+1580602600.16,-0009.77,-0013.67,-0005.86,+0007.66,-0009.26,-0002.53
+1580602600.17,+0002.93,-0010.74,-0003.91,-0001.61,+0003.14,-0014.16
+1580602600.17,+0001.95,-0013.67,-0001.95,-0000.31,+0001.84,-0015.01
+1580602600.18,+0000.00,-0010.74,-0000.98,+0001.38,+0001.61,-0013.78
+1580602600.18,+0000.98,-0010.74,-0000.98,-0003.98,-0000.84,-0009.80
+1580602600.19,+0001.95,-0010.74,-0000.98,+0006.66,-0001.53,-0010.64
+1580602600.19,+0007.81,-0010.74,+0000.00,-0004.52,-0001.61,-0007.66
+1580602600.20,-0001.95,-0010.74,+0000.98,-0004.52,+0003.22,-0012.40
+1580602600.20,-0009.77,-0009.77,+0001.95,+0006.74,-0002.07,-0015.85
+1580602600.21,+0005.86,-0007.81,+0003.91,-0003.45,-0003.37,-0012.56
+1580602600.21,+0011.72,-0009.77,+0003.91,+0000.08,-0001.53,-0008.50
+1580602600.22,-0003.91,-0008.79,+0003.91,-0000.54,-0000.38,-0007.12
+1580602600.22,-0010.74,-0007.81,+0003.91,+0001.38,-0001.07,-0012.71
+1580602600.23,+0006.84,-0008.79,+0003.91,-0002.45,-0007.50,-0005.21
+1580602600.23,+0007.81,-0008.79,+0004.88,+0000.00,+0000.54,-0007.96
+1580602600.24,-0010.74,-0006.84,+0004.88,-0002.22,-0000.46,-0007.96
+1580602600.24,-0002.93,-0004.88,+0004.88,+0001.15,+0000.46,-0014.32
+1580602600.25,+0000.98,-0010.74,+0004.88,-0003.29,-0002.68,-0012.79
+1580602600.25,+0004.88,-0006.84,+0005.86,-0006.58,+0004.36,-0009.34
+1580602600.26,-0007.81,-0006.84,+0006.84,+0005.51,-0000.54,-0011.03
+1580602600.26,-0004.88,-0005.86,+0006.84,-0004.29,-0004.21,-0004.44
+1580602600.27,-0001.95,-0007.81,+0006.84,+0001.38,-0002.53,-0008.12
+1580602600.27,-0002.93,-0006.84,+0005.86,-0003.60,-0000.15,-0006.97
+1580602600.28,-0002.93,-0005.86,+0005.86,+0002.14,+0005.28,-0013.48
+1580602600.28,-0013.67,-0006.84,+0004.88,-0004.44,-0001.61,-0012.86
+1580602600.29,-0000.98,-0006.84,+0003.91,-0002.60,-0001.45,-0010.11
+1580602600.29,+0000.98,-0007.81,+0003.91,+0004.29,+0002.14,-0011.03
+1580602600.30,-0009.77,-0005.86,+0004.88,-0002.07,-0000.92,-0010.34
+1580602600.30,-0002.93,-0004.88,+0006.84,+0000.54,+0000.92,-0011.79
+1580602600.31,-0001.95,-0005.86,+0006.84,-0002.07,-0000.84,-0010.18
+1580602600.31,+0000.98,-0004.88,+0006.84,+0002.37,-0005.74,-0004.06
+1580602600.32,-0000.98,-0004.88,+0005.86,-0001.91,+0004.44,-0012.63
+1580602600.32,-0005.86,-0003.91,+0005.86,+0002.53,-0004.90,-0008.65
+1580602600.33,+0002.93,-0002.93,+0006.84,-0001.15,+0002.22,-0013.78
+1580602600.33,+0005.86,-0003.91,+0005.86,-0001.23,-0002.83,-0010.34
+1580602600.34,+0000.98,-0002.93,+0005.86,-0002.99,+0000.92,-0011.25
+1580602600.34,-0007.81,-0002.93,+0006.84,+0001.61,-0002.30,-0009.72
+1580602600.35,-0001.95,+0000.00,+0006.84,+0001.38,+0000.54,-0015.62
+1580602600.35,+0002.93,-0002.93,+0005.86,-0002.14,-0002.53,-0011.25
+1580602600.36,+0001.95,-0000.98,+0005.86,-0005.90,+0000.38,-0012.25
+1580602600.36,-0002.93,-0000.98,+0005.86,+0004.13,-0002.45,-0007.35
+1580602600.37,+0000.98,+0002.93,+0007.81,+0000.54,-0002.99,-0010.18
+1580602600.37,+0001.95,+0001.95,+0008.79,+0005.97,-0002.60,-0007.43
+1580602600.38,+0001.95,+0003.91,+0008.79,-0002.68,-0001.30,-0009.72
+1580602600.38,+0003.91,+0004.88,+0008.79,+0004.13,-0000.23,-0011.94
+1580602600.39,+0001.95,+0005.86,+0009.77,-0003.68,-0001.84,-0007.43
+1580602600.39,+0003.91,+0006.84,+0009.77,-0003.98,+0000.92,-0011.48
+1580602600.40,+0002.93,+0007.81,+0010.74,+0003.14,-0001.30,-0009.42
+1580602600.40,+0002.93,+0009.77,+0012.70,+0001.53,-0001.30,-0009.03
