+1580946575.63,+0017.58,+0001.95,-0009.77,+0003.68,+0003.68,-0005.36
+1580946575.64,-0000.98,+0001.95,-0011.72,+0003.90,+0007.04,-0019.45
+1580946575.64,-0014.65,+0006.84,-0008.79,+0002.99,-0006.35,-0014.47
+1580946575.65,+0018.55,+0009.77,-0005.86,+0001.76,+0001.00,-0025.80
+1580946575.65,+0010.74,+0004.88,-0001.95,+0001.68,-0002.99,-0000.15
+1580946575.66,+0014.65,+0008.79,+0000.00,+0003.22,-0008.35,+0001.23
+1580946575.66,+0007.81,+0005.86,-0001.95,-0001.30,+0000.92,-0002.37
+1580946575.67,-0003.91,+0009.77,-0001.95,+0001.61,-0002.22,-0007.81
+1580946575.67,+0006.84,+0013.67,+0000.98,+0004.44,-0005.97,-0003.90
+1580946575.68,+0012.70,+0010.74,+0002.93,+0002.22,+0003.45,-0010.95
+1580946575.68,-0004.88,+0008.79,+0002.93,+0001.07,-0004.59,-0008.96
+1580946575.69,+0000.98,+0009.77,+0003.91,+0004.44,-0001.61,-0013.40
+1580946575.69,+0000.98,+0008.79,+0001.95,+0001.30,+0005.05,-0019.37
+1580946575.70,-0008.79,+0010.74,+0002.93,+0004.98,-0004.29,-0011.79
+1580946575.70,+0000.00,+0010.74,+0003.91,-0001.00,+0004.06,-0009.11
+1580946575.71,-0008.79,+0007.81,+0003.91,-0001.30,-0003.45,-0002.14
+1580946575.71,-0002.93,+0009.77,+0003.91,+0001.53,-0000.23,-0003.98
+1580946575.72,-0008.79,+0009.77,+0002.93,+0001.00,-0009.65,+0008.35
+1580946575.72,+0001.95,+0008.79,+0002.93,+0006.74,+0005.90,-0018.76
+1580946575.73,-0013.67,+0008.79,+0001.95,-0007.35,-0001.53,-0010.41
+1580946575.73,-0004.88,+0011.72,+0002.93,+0005.82,-0005.74,-0007.96
+1580946575.74,+0002.93,+0007.81,+0000.98,+0000.84,+0003.90,-0012.48
+1580946575.74,-0006.84,+0007.81,+0001.95,+0001.30,-0000.84,-0019.75
+1580946575.75,+0005.86,+0008.79,+0000.98,-0004.82,-0013.55,+0003.52
+1580946575.75,+0002.93,+0005.86,-0001.95,-0007.58,+0001.38,-0009.95
+1580946575.76,-0010.74,+0005.86,-0003.91,+0005.21,-0006.43,-0007.04
+1580946575.76,+0011.72,+0010.74,-0002.93,+0000.92,-0001.38,-0013.55
+1580946575.77,+0009.77,+0002.93,-0003.91,-0001.84,-0004.13,-0004.21
+1580946575.77,-0001.95,+0005.86,-0006.84,-0002.68,+0004.36,-0014.09
+1580946575.78,-0016.60,+0004.88,-0007.81,+0001.91,-0002.37,-0013.48
+1580946575.78,+0006.84,+0007.81,-0004.88,+0001.00,-0006.51,-0011.41
+1580946575.79,+0014.65,+0003.91,-0002.93,+0001.30,+0004.75,-0004.90
+1580946575.79,-0009.77,+0002.93,-0005.86,-0001.00,+0002.60,-0011.64
+1580946575.80,-0014.65,+0002.93,-0009.77,-0001.68,-0000.54,-0019.22
+1580946575.80,+0007.81,+0002.93,-0007.81,-0002.45,-0008.27,-0012.02
+1580946575.81,+0011.72,+0000.98,-0008.79,-0002.22,+0006.20,-0013.55
+1580946575.81,-0010.74,-0000.98,-0010.74,-0002.53,-0008.19,-0001.15
+1580946575.82,+0001.95,+0000.00,-0012.70,+0004.13,+0000.77,-0015.62
+1580946575.82,-0003.91,-0001.95,-0013.67,-0004.36,+0001.30,-0013.78
+1580946575.83,+0004.88,+0000.00,-0012.70,+0000.69,+0002.30,-0009.80
+1580946575.83,-0001.95,-0002.93,-0014.65,-0006.12,-0001.15,-0003.83
+1580946575.84,-0002.93,-0003.91,-0015.62,-0001.15,-0001.68,-0003.45
+1580946575.84,-0002.93,-0003.91,-0018.55,-0001.45,+0001.76,-0014.01
+1580946575.85,-0002.93,-0001.95,-0018.55,+0001.61,-0003.06,-0006.20
+1580946575.85,+0003.91,-0003.91,-0018.55,+0000.15,+0003.45,-0007.35
+1580946575.86,-0007.81,-0005.86,-0019.53,-0000.46,+0000.00,-0010.18
+1580946575.86,-0007.81,-0004.88,-0020.51,+0001.61,-0002.22,-0013.32
+1580946575.87,+0000.00,-0005.86,-0020.51,-0002.30,+0002.37,-0015.77
+1580946575.87,-0002.93,-0007.81,-0021.48,-0000.77,-0000.08,-0007.35
+1580946575.88,-0006.84,-0006.84,-0022.46,-0005.28,-0007.35,-0002.45
+1580946575.88,+0004.88,-0008.79,-0023.44,+0002.07,+0001.53,-0010.18
+1580946575.89,-0004.88,-0009.77,-0025.39,-0004.06,+0002.37,-0010.03
+1580946575.89,-0006.84,-0007.81,-0025.39,+0001.30,-0000.38,-0015.93
+1580946575.90,+0004.88,-0008.79,-0024.41,+0000.23,+0001.68,-0014.70
+1580946575.90,+0003.91,-0009.77,-0023.44,-0000.61,-0000.92,-0010.72
+1580946575.91,-0001.95,-0007.81,-0023.44,-0001.00,+0001.68,-0015.39
+1580946575.91,+0003.91,-0007.81,-0023.44,-0001.45,+0001.76,-0015.08
+1580946575.92,+0002.93,-0007.81,-0023.44,-0001.53,-0001.76,-0005.59
+1580946575.92,+0004.88,-0005.86,-0023.44,+0001.38,+0000.15,-0005.90
+1580946575.93,+0000.00,-0007.81,-0025.39,-0001.07,+0004.06,-0008.65
+1580946575.93,-0003.91,-0008.79,-0024.41,+0001.91,-0005.67,-0007.43
+1580946575.94,+0011.72,-0005.86,-0022.46,+0000.69,+0002.45,-0009.65
+1580946575.94,+0000.00,-0006.84,-0023.44,-0001.76,+0002.37,-0013.32
+1580946575.95,-0001.95,-0005.86,-0022.46,+0001.84,-0003.83,-0012.63
+1580946575.95,+0006.84,-0004.88,-0021.48,-0002.76,-0001.38,-0011.79
+1580946575.96,+0003.91,-0003.91,-0022.46,+0003.75,+0003.37,-0014.01
+1580946575.96,+0004.88,-0001.95,-0020.51,-0002.60,-0003.98,-0006.74
+1580946575.97,+0008.79,-0001.95,-0021.48,-0002.83,+0000.92,-0009.80
+1580946575.97,-0003.91,-0001.95,-0021.48,-0001.15,-0001.76,-0006.51
+1580946575.98,+0004.88,+0001.95,-0020.51,+0002.91,-0001.23,-0004.67
+1580946575.98,+0004.88,+0000.00,-0021.48,-0001.00,-0002.37,-0006.05
+1580946575.99,+0003.91,+0000.00,-0019.53,+0002.76,-0001.68,-0006.20
+1580946575.99,-0001.95,+0000.00,-0018.55,+0001.61,+0004.75,-0015.31
+1580946576.00,-0006.84,+0002.93,-0017.58,+0002.53,-0002.07,-0012.25
+1580946576.00,+0004.88,+0004.88,-0015.62,-0001.15,-0000.38,-0008.12
+1580946576.01,+0000.00,+0001.95,-0015.62,+0000.08,+0003.22,-0009.72
+1580946576.01,-0007.81,+0001.95,-0015.62,-0001.38,-0001.53,-0005.13
+1580946576.02,-0002.93,+0002.93,-0015.62,-0001.38,-0000.84,-0012.02
+1580946576.02,-0000.98,+0003.91,-0015.62,-0001.15,-0002.14,-0010.03
+1580946576.03,+0001.95,+0004.88,-0014.65,+0000.08,-0000.69,-0008.27
+1580946576.03,+0000.00,+0002.93,-0016.60,+0001.00,+0002.37,-0014.01
+1580946576.04,+0000.98,+0002.93,-0018.55,-0000.54,+0001.45,-0013.17
+1580946576.04,-0002.93,+0004.88,-0018.55,-0000.46,-0001.91,-0017.84
+1580946576.05,+0003.91,+0006.84,-0014.65,-0000.69,-0002.60,-0008.27
+1580946576.05,+0012.70,+0006.84,-0015.62,-0002.60,+0002.30,-0004.75
+1580946576.06,-0001.95,+0002.93,-0018.55,+0003.90,+0002.45,-0016.46
+1580946576.06,-0007.81,+0006.84,-0018.55,-0003.37,-0003.68,-0008.65
+1580946576.07,+0008.79,+0006.84,-0015.62,+0007.35,-0000.08,-0013.40
+1580946576.07,+0009.77,+0004.88,-0014.65,-0001.68,+0003.75,-0007.12
+1580946576.08,-0005.86,+0005.86,-0015.62,+0003.68,+0000.54,-0019.68
+1580946576.08,-0007.81,+0005.86,-0015.62,-0002.83,-0004.75,-0013.86
+1580946576.09,+0021.48,+0008.79,-0014.65,-0002.07,+0001.53,-0009.03
+1580946576.09,+0009.77,+0005.86,-0016.60,-0000.31,+0001.15,-0004.13
+1580946576.10,-0007.81,+0006.84,-0016.60,+0003.22,-0003.60,-0012.17
+1580946576.10,+0007.81,+0007.81,-0013.67,+0002.22,-0004.29,-0011.25
+1580946576.11,+0028.32,+0008.79,-0010.74,-0004.13,+0004.36,-0005.74
+1580946576.11,+0001.95,+0006.84,-0013.67,-0002.99,+0000.77,-0009.11
+1580946576.12,-0008.79,+0005.86,-0015.62,+0001.15,-0003.29,-0011.87
+1580946576.12,+0008.79,+0005.86,-0016.60,-0000.61,+0001.00,-0013.25
+1580946576.13,+0015.62,+0006.84,-0014.65,+0001.53,-0002.37,-0004.06
+1580946576.13,+0009.77,+0004.88,-0015.62,-0003.22,+0005.90,-0003.83
+1580946576.14,-0016.60,+0001.95,-0018.55,+0002.68,+0004.36,-0017.15
+1580946576.14,+0000.00,+0004.88,-0015.62,+0006.28,+0000.00,-0013.48
+1580946576.15,+0013.67,+0007.81,-0013.67,-0001.68,+0006.43,-0014.55
+1580946576.15,-0006.84,+0003.91,-0013.67,+0000.31,-0000.77,-0005.44
+1580946576.16,-0001.95,+0003.91,-0016.60,-0001.76,+0001.76,-0016.15
+1580946576.16,-0004.88,+0001.95,-0017.58,-0000.77,-0004.52,-0001.38
+1580946576.17,+0003.91,+0003.91,-0016.60,+0001.61,+0002.07,-0004.21
+1580946576.17,-0007.81,+0001.95,-0018.55,-0003.06,+0002.45,-0009.11
+1580946576.18,-0014.65,+0000.98,-0018.55,-0001.61,-0006.12,-0018.45
+1580946576.18,+0007.81,+0000.98,-0017.58,+0000.46,-0001.45,-0013.40
+1580946576.19,+0009.77,+0000.00,-0018.55,+0001.07,+0003.06,-0012.86
+1580946576.19,-0010.74,+0000.00,-0021.48,+0000.92,-0003.52,-0016.38
+1580946576.20,-0003.91,+0001.95,-0021.48,-0001.76,-0005.28,-0014.16
+1580946576.20,+0011.72,+0000.98,-0019.53,+0001.00,+0001.68,-0007.96
+1580946576.21,+0004.88,+0000.98,-0020.51,-0000.69,+0003.60,-0002.60
+1580946576.21,-0007.81,-0000.98,-0021.48,-0000.15,-0002.45,-0010.64
+1580946576.22,+0004.88,-0001.95,-0022.46,+0003.90,-0004.36,-0009.19
+1580946576.22,+0009.77,-0000.98,-0022.46,-0000.23,+0007.35,-0012.94
+1580946576.23,+0000.98,+0000.00,-0022.46,-0004.21,-0003.52,-0007.35
+1580946576.23,+0006.84,-0001.95,-0024.41,+0002.22,+0005.28,-0023.58
+1580946576.24,+0003.91,-0002.93,-0024.41,-0004.82,-0013.25,-0004.82
+1580946576.24,+0030.27,+0000.00,-0024.41,+0007.66,+0006.05,-0002.07
+1580946576.25,-0012.70,-0003.91,-0026.37,+0002.07,-0001.84,-0010.34
+1580946576.25,+0001.95,+0000.00,-0023.44,+0003.68,-0003.60,-0011.41
+1580946576.26,+0026.37,-0000.98,-0021.48,-0004.52,-0003.52,-0012.17
+1580946576.26,+0008.79,-0000.98,-0021.48,-0002.68,+0003.60,-0002.91
+1580946576.27,-0000.98,-0000.98,-0023.44,-0003.14,-0003.68,-0008.12
+1580946576.27,+0008.79,-0003.91,-0024.41,+0001.84,-0004.59,-0002.30
+1580946576.28,+0013.67,-0002.93,-0024.41,-0000.54,+0001.23,-0004.36
+1580946576.28,-0002.93,-0000.98,-0025.39,-0004.06,-0005.90,-0005.74
+1580946576.29,+0000.00,-0003.91,-0024.41,-0000.77,+0004.06,-0022.89
+1580946576.29,+0001.95,-0003.91,-0023.44,-0001.53,-0003.06,-0015.31
+1580946576.30,+0006.84,-0000.98,-0023.44,+0000.15,+0007.58,-0020.44
+1580946576.30,-0011.72,-0002.93,-0024.41,-0005.44,-0005.36,-0010.18
+1580946576.31,+0003.91,-0002.93,-0024.41,+0001.30,-0002.68,-0007.81
+1580946576.31,+0002.93,-0004.88,-0025.39,-0003.68,+0005.28,-0013.32
+1580946576.32,-0010.74,-0001.95,-0026.37,-0002.30,+0000.54,-0008.50
+1580946576.32,-0008.79,-0001.95,-0026.37,+0000.00,-0003.37,-0013.17
+1580946576.33,+0004.88,-0002.93,-0023.44,+0003.06,-0005.36,-0010.95
+1580946576.33,+0014.65,-0000.98,-0024.41,-0000.77,+0001.76,-0012.56
+1580946576.34,-0004.88,-0001.95,-0025.39,-0003.29,-0008.65,-0005.82
+1580946576.34,+0003.91,-0000.98,-0026.37,+0001.99,-0002.76,-0013.17
+1580946576.35,+0010.74,-0000.98,-0026.37,-0001.23,-0002.30,-0006.81
+1580946576.35,+0005.86,+0000.98,-0025.39,-0000.77,-0000.31,-0016.08
+1580946576.36,+0000.98,-0000.98,-0024.41,-0004.36,-0007.43,-0011.87
+1580946576.36,+0016.60,-0001.95,-0025.39,+0002.76,+0001.53,-0006.74
+1580946576.37,-0002.93,-0001.95,-0026.37,-0003.83,+0007.58,-0014.01
+1580946576.37,-0002.93,+0000.98,-0026.37,+0001.38,-0000.38,-0018.76
+1580946576.38,+0014.65,-0000.98,-0025.39,-0001.53,-0001.53,-0014.01
+1580946576.38,+0019.53,-0001.95,-0024.41,+0001.68,+0000.77,-0002.68
+1580946576.39,-0005.86,+0000.98,-0027.34,-0003.52,-0004.59,-0008.80
+1580946576.39,+0002.93,+0000.98,-0025.39,+0008.42,-0002.91,-0010.41
+1580946576.40,+0016.60,+0001.95,-0024.41,-0004.75,+0004.98,-0019.14
+1580946576.40,+0006.84,+0003.91,-0022.46,-0001.68,-0003.90,-0010.18
+1580946576.41,+0015.62,+0002.93,-0024.41,-0001.91,+0003.68,-0014.09
+1580946576.41,+0000.98,-0001.95,-0027.34,-0001.68,-0000.92,-0006.66
+1580946576.42,+0005.86,+0003.91,-0027.34,+0003.75,-0002.68,-0012.48
+1580946576.42,+0020.51,+0003.91,-0024.41,+0000.61,+0003.90,-0004.29
+1580946576.43,+0007.81,+0001.95,-0026.37,-0002.07,+0003.22,-0011.94
+1580946576.43,-0010.74,+0001.95,-0026.37,+0000.15,-0000.31,-0015.62
+1580946576.44,+0014.65,+0005.86,-0023.44,+0004.82,-0007.89,-0004.75
+1580946576.44,+0015.62,+0004.88,-0021.48,-0003.45,+0003.06,-0006.81
+1580946576.45,-0002.93,+0003.91,-0022.46,-0001.15,-0002.07,-0003.45
+1580946576.45,-0000.98,+0003.91,-0023.44,+0000.38,-0000.38,-0013.86
+1580946576.46,-0001.95,+0003.91,-0022.46,+0000.61,-0001.38,-0016.23
+1580946576.46,+0003.91,+0008.79,-0020.51,+0000.23,-0004.59,-0004.67
+1580946576.47,+0011.72,+0004.88,-0022.46,-0001.53,+0007.66,-0007.50
+1580946576.47,-0014.65,+0002.93,-0023.44,+0001.99,+0002.60,-0018.99
+1580946576.48,+0005.86,+0006.84,-0021.48,+0005.74,+0001.53,-0016.46
+1580946576.48,+0007.81,+0006.84,-0018.55,-0002.14,+0002.07,-0015.24
+1580946576.49,+0000.00,+0007.81,-0018.55,+0000.38,-0002.68,-0003.75
+1580946576.49,-0000.98,+0007.81,-0020.51,+0000.54,-0000.69,-0012.02
+1580946576.50,-0002.93,+0005.86,-0019.53,+0001.99,-0004.21,-0009.95
+1580946576.50,+0010.74,+0008.79,-0019.53,-0002.68,-0003.68,-0002.37
+1580946576.51,+0001.95,+0006.84,-0019.53,+0001.07,+0007.43,-0012.79
+1580946576.51,-0007.81,+0006.84,-0019.53,+0002.22,-0005.13,-0013.78
+1580946576.52,+0013.67,+0006.84,-0017.58,-0001.38,-0002.37,-0008.35
+1580946576.52,+0013.67,+0005.86,-0017.58,+0000.46,+0002.99,-0012.10
+1580946576.53,-0003.91,+0005.86,-0018.55,-0005.28,-0004.59,-0007.04
+1580946576.53,+0005.86,+0006.84,-0019.53,+0003.75,+0003.37,-0020.37
+1580946576.54,+0004.88,+0004.88,-0019.53,-0001.76,+0000.08,-0011.48
+1580946576.54,+0014.65,+0006.84,-0018.55,-0002.22,-0003.90,-0004.75
+1580946576.55,+0001.95,+0002.93,-0022.46,+0002.14,+0003.06,-0010.26
+1580946576.55,-0005.86,+0002.93,-0025.39,+0000.31,+0000.38,-0007.81
+1580946576.56,+0006.84,+0003.91,-0023.44,+0001.84,-0002.76,-0016.23
+1580946576.56,+0014.65,+0001.95,-0020.51,-0001.84,+0007.50,-0003.14
+1580946576.57,-0001.95,+0000.98,-0023.44,-0004.75,+0000.69,-0017.53
+1580946576.57,-0011.72,+0000.00,-0025.39,-0001.68,-0004.67,-0005.97
+1580946576.58,+0007.81,+0001.95,-0025.39,+0003.22,+0004.44,-0015.16
+1580946576.58,+0000.00,-0001.95,-0024.41,-0001.53,+0002.30,-0010.03
+1580946576.59,-0002.93,-0002.93,-0025.39,-0002.91,-0000.38,-0007.12
+1580946576.59,+0000.00,-0004.88,-0026.37,-0001.68,-0000.23,-0006.51
+1580946576.60,-0010.74,-0004.88,-0028.32,-0003.45,-0002.45,-0010.11
+1580946576.60,-0000.98,-0003.91,-0026.37,+0002.22,-0002.91,-0008.80
+1580946576.61,+0004.88,-0004.88,-0027.34,-0001.07,+0001.23,-0012.10
+1580946576.61,-0005.86,-0009.77,-0029.30,-0000.84,+0001.45,-0003.37
+1580946576.62,-0007.81,-0007.81,-0031.25,-0000.84,-0003.68,-0013.48
+1580946576.62,-0002.93,-0007.81,-0030.27,+0002.91,+0000.31,-0013.55
+1580946576.63,+0001.95,-0005.86,-0028.32,-0000.15,+0000.69,-0014.16
+1580946576.63,+0001.95,-0008.79,-0028.32,+0001.23,+0001.15,-0012.71
+1580946576.64,-0004.88,-0008.79,-0030.27,-0004.44,-0003.90,-0007.12
+1580946576.64,+0000.00,-0009.77,-0030.27,+0001.91,+0002.22,-0014.78
+1580946576.65,+0001.95,-0007.81,-0030.27,-0003.22,-0002.83,-0007.20
+1580946576.65,+0000.00,-0009.77,-0031.25,-0000.38,+0003.83,-0017.30
+1580946576.66,-0005.86,-0009.77,-0030.27,-0002.14,-0004.21,-0008.88
+1580946576.66,+0010.74,-0006.84,-0027.34,+0007.20,-0001.15,-0011.79
+1580946576.67,+0008.79,-0009.77,-0027.34,-0000.54,-0000.69,-0003.75
+1580946576.67,+0007.81,-0007.81,-0027.34,-0001.07,+0000.46,-0005.28
+1580946576.68,+0005.86,-0005.86,-0028.32,+0002.99,+0000.15,-0012.40
+1580946576.68,+0003.91,-0007.81,-0026.37,-0001.84,-0001.38,-0009.42
+1580946576.69,+0008.79,-0003.91,-0026.37,-0005.51,-0000.31,-0013.48
+1580946576.69,+0005.86,-0007.81,-0025.39,+0001.99,+0003.14,-0007.66
+1580946576.70,+0001.95,-0005.86,-0026.37,+0001.00,+0001.68,-0014.24
+1580946576.70,-0000.98,-0006.84,-0024.41,+0005.36,+0000.46,-0012.25
+1580946576.71,+0006.84,-0001.95,-0022.46,-0001.76,-0005.51,+0000.00
+1580946576.71,+0009.77,-0004.88,-0022.46,+0003.45,+0005.44,-0001.45
+1580946576.72,-0010.74,-0003.91,-0023.44,-0002.22,+0002.99,-0010.95
+1580946576.72,+0002.93,-0002.93,-0021.48,+0005.44,+0005.21,-0017.61
+1580946576.73,+0002.93,+0000.00,-0020.51,-0002.91,-0003.60,-0004.82
+1580946576.73,-0002.93,-0002.93,-0020.51,+0002.91,+0005.36,-0015.85
+1580946576.74,-0005.86,-0000.98,-0020.51,+0005.21,-0000.92,-0009.95
+1580946576.74,+0000.00,-0000.98,-0021.48,+0000.00,+0002.68,-0010.34
+1580946576.75,-0005.86,-0001.95,-0023.44,+0001.23,+0000.61,-0008.04
+1580946576.75,-0005.86,-0001.95,-0023.44,-0000.69,-0000.92,-0012.10
+1580946576.76,-0008.79,-0001.95,-0021.48,-0000.23,-0001.15,-0011.79
+1580946576.76,-0003.91,+0000.00,-0019.53,-0001.23,+0000.38,-0009.26
+1580946576.77,-0004.88,+0000.00,-0019.53,-0001.07,+0003.68,-0018.07
+1580946576.77,+0000.98,-0001.95,-0019.53,+0003.14,+0002.60,-0013.32
+1580946576.78,-0002.93,+0000.00,-0021.48,-0004.59,-0000.77,-0012.48
+1580946576.78,-0006.84,-0000.98,-0021.48,+0000.15,-0004.52,-0010.57
+1580946576.79,+0006.84,+0000.98,-0021.48,+0002.37,-0001.38,-0009.80
+1580946576.79,-0001.95,-0001.95,-0022.46,-0004.36,-0001.00,-0007.96
+1580946576.80,+0005.86,-0000.98,-0022.46,+0001.53,-0002.60,-0010.26
+1580946576.80,+0007.81,-0003.91,-0022.46,+0000.00,-0000.08,-0012.86
+1580946576.81,+0003.91,-0003.91,-0023.44,+0000.77,+0000.84,-0018.60
+1580946576.81,+0003.91,-0001.95,-0024.41,-0003.14,-0007.04,-0004.59
+1580946576.82,+0013.67,-0004.88,-0025.39,+0007.27,+0005.44,-0018.76
+1580946576.82,-0000.98,-0004.88,-0025.39,-0004.06,+0001.53,-0017.30
+1580946576.83,+0015.62,-0004.88,-0023.44,+0001.61,+0002.07,-0015.08
+1580946576.83,+0012.70,-0005.86,-0024.41,-0005.59,-0000.77,-0011.79
+1580946576.84,+0009.77,-0006.84,-0024.41,+0000.54,-0002.07,-0003.98
+1580946576.84,+0011.72,-0006.84,-0026.37,-0001.23,+0002.76,-0009.80
+1580946576.85,+0006.84,-0009.77,-0026.37,+0001.07,-0004.06,-0006.28
+1580946576.85,+0015.62,-0011.72,-0026.37,-0000.61,+0000.00,-0005.97
+1580946576.86,+0002.93,-0010.74,-0027.34,-0001.76,+0004.06,-0014.55
+1580946576.86,+0004.88,-0013.67,-0027.34,+0005.82,-0001.76,-0007.50
+1580946576.87,+0010.74,-0012.70,-0027.34,-0006.97,+0000.84,-0007.73
+1580946576.87,-0001.95,-0016.60,-0029.30,-0002.68,+0001.61,-0009.57
+1580946576.88,-0004.88,-0015.62,-0031.25,+0000.15,+0002.37,-0013.63
+1580946576.88,+0001.95,-0016.60,-0029.30,-0001.45,-0003.14,-0010.57
+1580946576.89,+0005.86,-0018.55,-0031.25,-0002.76,+0005.05,-0004.82
+1580946576.89,-0007.81,-0019.53,-0033.20,-0002.99,-0002.07,-0011.64
+1580946576.90,-0007.81,-0019.53,-0034.18,+0001.07,-0003.37,-0010.64
+1580946576.90,+0004.88,-0019.53,-0033.20,-0003.90,+0001.38,-0016.31
+1580946576.91,+0004.88,-0019.53,-0034.18,-0001.07,-0003.06,-0003.68
+1580946576.91,+0011.72,-0020.51,-0035.16,-0005.05,-0004.90,+0000.08
+1580946576.92,-0003.91,-0023.44,-0037.11,-0003.06,+0001.00,-0021.44
+1580946576.92,-0006.84,-0021.48,-0036.13,+0000.23,-0006.51,-0013.78
+1580946576.93,+0021.48,-0017.58,-0033.20,+0003.06,-0003.37,-0019.60
+1580946576.93,+0011.72,-0021.48,-0032.23,-0001.07,+0000.23,-0011.64
+1580946576.94,-0007.81,-0021.48,-0034.18,-0000.77,-0002.76,-0008.27
+1580946576.94,+0003.91,-0023.44,-0034.18,+0004.52,-0002.76,-0017.00
+1580946576.95,+0017.58,-0021.48,-0032.23,+0001.38,-0003.60,-0005.82
+1580946576.95,+0008.79,-0018.55,-0032.23,-0003.14,+0003.68,-0013.02
+1580946576.96,-0004.88,-0022.46,-0032.23,+0001.99,-0004.44,-0013.78
+1580946576.96,+0009.77,-0023.44,-0029.30,+0004.36,-0000.77,-0013.48
+1580946576.97,+0016.60,-0018.55,-0026.37,+0005.13,+0003.75,-0010.18
+1580946576.97,+0001.95,-0016.60,-0025.39,-0001.61,+0001.00,-0012.48
+1580946576.98,+0000.98,-0020.51,-0024.41,-0002.22,-0003.22,-0012.86
+1580946576.98,+0011.72,-0017.58,-0022.46,+0006.28,+0000.31,-0016.08
+1580946576.99,+0011.72,-0016.60,-0019.53,+0002.60,-0000.15,-0007.12
+1580946576.99,+0002.93,-0015.62,-0019.53,+0000.54,+0000.77,-0014.16
+1580946577.00,+0004.88,-0018.55,-0016.60,+0002.45,-0007.58,-0004.59
+1580946577.00,+0010.74,-0014.65,-0016.60,-0000.31,+0004.67,-0013.93
+1580946577.01,-0002.93,-0013.67,-0014.65,+0000.54,-0007.27,+0001.68
+1580946577.01,+0012.70,-0013.67,-0012.70,+0005.36,+0000.23,-0006.20
+1580946577.02,-0004.88,-0018.55,-0012.70,-0000.61,+0003.45,-0013.25
+1580946577.02,+0000.98,-0011.72,-0008.79,-0000.84,-0003.29,-0008.12
+1580946577.03,+0011.72,-0013.67,-0008.79,+0002.83,+0002.07,-0007.43
+1580946577.03,-0007.81,-0014.65,-0010.74,+0001.61,+0004.90,-0015.01
+1580946577.04,-0011.72,-0012.70,-0008.79,+0006.05,-0006.12,-0010.72
+1580946577.04,+0010.74,-0013.67,-0004.88,+0002.22,+0003.60,-0017.76
+1580946577.05,+0000.98,-0015.62,-0003.91,-0001.84,+0002.76,-0008.04
+1580946577.05,-0005.86,-0011.72,-0002.93,+0001.61,-0003.75,-0010.03
+1580946577.06,+0001.95,-0015.62,-0003.91,+0000.08,-0000.31,-0012.25
+1580946577.06,+0005.86,-0014.65,-0003.91,-0001.91,-0006.66,+0007.12
+1580946577.07,+0002.93,-0016.60,-0006.84,-0001.38,+0007.12,-0005.21
+1580946577.07,-0017.58,-0018.55,-0008.79,+0001.68,-0006.43,-0004.59
+1580946577.08,+0009.77,-0017.58,-0006.84,+0005.59,+0001.23,-0017.23
+1580946577.08,+0008.79,-0018.55,-0006.84,-0000.77,+0004.98,-0016.00
+1580946577.09,-0005.86,-0016.60,-0005.86,+0004.82,-0002.60,-0014.01
+1580946577.09,+0004.88,-0016.60,-0003.91,+0004.98,+0003.29,-0019.68
+1580946577.10,+0000.98,-0015.62,-0002.93,-0001.15,-0001.53,-0011.18
+1580946577.10,+0000.00,-0011.72,-0002.93,+0002.60,+0002.37,-0012.48
+1580946577.11,+0003.91,-0011.72,-0001.95,+0001.76,+0000.15,-0007.66
+1580946577.11,+0006.84,-0013.67,-0003.91,+0002.22,+0000.23,-0005.36
+1580946577.12,+0000.00,-0011.72,-0004.88,-0000.08,-0000.46,-0006.74
+1580946577.12,+0000.98,-0008.79,-0004.88,+0002.91,-0000.92,-0003.75
+1580946577.13,+0001.95,-0007.81,-0002.93,+0003.68,+0000.92,-0010.18
+1580946577.13,+0000.00,-0006.84,-0000.98,+0003.98,+0001.84,-0016.00
+1580946577.14,+0005.86,-0004.88,+0001.95,-0001.30,-0005.59,-0003.75
+1580946577.14,+0000.00,-0003.91,+0000.00,-0002.76,-0001.84,-0009.65
+1580946577.15,-0005.86,-0004.88,-0000.98,+0002.07,-0000.77,-0006.89
+1580946577.15,+0000.98,-0002.93,+0000.98,+0001.76,+0002.30,-0008.80
+1580946577.16,-0009.77,-0003.91,+0001.95,+0001.99,+0006.66,-0008.65
+1580946577.16,-0012.70,+0000.98,+0001.95,-0001.00,-0001.30,-0006.51
+1580946577.17,-0000.98,-0002.93,+0002.93,+0001.61,+0001.99,-0001.38
+1580946577.17,-0011.72,-0003.91,+0002.93,+0000.69,+0010.72,-0011.79
+1580946577.18,-0031.25,-0000.98,+0002.93,+0002.30,-0007.73,+0002.07
+1580946577.18,+0000.00,+0001.95,+0003.91,+0002.45,+0005.44,-0013.93
+1580946577.19,-0019.53,-0003.91,+0002.93,+0000.54,+0004.67,-0016.38
+1580946577.19,-0023.44,-0002.93,+0004.88,+0004.29,-0000.08,-0004.36
+1580946577.20,-0004.88,+0000.00,+0006.84,-0000.77,+0006.20,-0020.29
+1580946577.20,-0016.60,-0001.95,+0005.86,-0001.61,-0000.92,-0005.05
+1580946577.21,-0010.74,-0001.95,+0004.88,-0001.00,-0000.15,-0006.74
+1580946577.21,-0023.44,-0001.95,+0002.93,-0001.15,+0001.99,-0015.85
+1580946577.22,-0018.55,-0001.95,+0003.91,+0002.22,-0003.90,-0006.74
+1580946577.22,+0000.00,-0001.95,+0005.86,-0001.84,+0004.44,-0013.70
+1580946577.23,-0022.46,-0002.93,+0003.91,+0000.23,+0007.35,-0010.87
+1580946577.23,-0019.53,-0000.98,+0003.91,+0002.45,+0000.77,-0014.09
+1580946577.24,-0009.77,+0000.00,+0004.88,-0001.99,+0001.61,-0015.47
+1580946577.24,+0002.93,-0002.93,+0007.81,-0001.99,-0006.89,-0003.06
+1580946577.25,+0019.53,-0004.88,+0006.84,-0001.53,+0009.95,-0013.25
+1580946577.25,-0025.39,-0004.88,+0000.98,-0009.26,+0001.53,-0014.70
+1580946577.26,-0025.39,-0001.95,-0000.98,+0005.21,-0007.35,-0018.76
+1580946577.26,+0009.77,+0001.95,+0001.95,+0001.61,+0001.38,-0027.87
+1580946577.27,+0004.88,-0004.88,+0002.93,-0001.07,+0004.36,-0010.34
+1580946577.27,-0015.62,-0004.88,+0000.98,+0001.91,-0003.52,-0012.02
+1580946577.28,-0004.88,-0002.93,+0000.00,+0003.14,-0000.92,-0009.65
+1580946577.28,+0005.86,-0000.98,+0000.00,+0001.23,+0001.45,-0004.98
+1580946577.29,+0000.98,+0000.00,+0000.98,-0000.61,+0000.61,-0006.89
+1580946577.29,-0003.91,-0002.93,+0000.00,-0002.30,-0003.14,-0002.83
+1580946577.30,-0001.95,-0000.98,-0001.95,+0001.38,+0002.30,-0008.58
+1580946577.30,-0002.93,+0000.00,-0002.93,+0000.61,-0003.90,-0003.29
+1580946577.31,+0011.72,+0000.00,-0003.91,+0000.15,+0001.00,-0006.97
+1580946577.31,-0004.88,-0001.95,-0004.88,-0003.14,+0004.59,-0014.24
+1580946577.32,-0007.81,+0000.98,-0003.91,+0001.45,+0000.15,-0009.42
+1580946577.32,+0006.84,+0002.93,-0003.91,+0000.92,+0002.68,-0018.68
+1580946577.33,-0000.98,+0001.95,-0003.91,-0000.15,-0002.22,+0000.15
+1580946577.33,-0004.88,+0001.95,-0004.88,+0000.77,+0001.91,-0012.86
+1580946577.34,-0011.72,+0002.93,-0002.93,+0004.59,-0002.91,-0013.09
+1580946577.34,+0006.84,+0007.81,-0000.98,+0000.23,-0006.66,-0005.59
+1580946577.35,+0013.67,+0003.91,-0000.98,-0002.22,+0008.35,-0006.66
+1580946577.35,-0013.67,+0006.84,-0002.93,-0001.15,-0008.27,-0005.21
+1580946577.36,-0001.95,+0008.79,-0002.93,+0007.12,-0000.77,-0012.56
+1580946577.36,+0009.77,+0012.70,-0000.98,-0002.60,-0002.30,-0008.12
+1580946577.37,+0005.86,+0012.70,+0000.98,+0001.68,-0003.52,+0001.99
+1580946577.37,+0010.74,+0010.74,+0000.98,-0000.15,+0000.08,-0012.48
+1580946577.38,-0008.79,+0009.77,+0000.00,+0000.46,+0000.46,-0012.40
+1580946577.38,-0002.93,+0016.60,+0000.00,+0005.36,-0000.46,-0023.35
+1580946577.39,+0012.70,+0017.58,+0001.95,+0001.84,+0003.52,-0013.93
+1580946577.39,+0005.86,+0013.67,+0001.95,+0001.76,+0001.68,-0009.03
+1580946577.40,-0007.81,+0015.62,+0002.93,-0000.31,-0004.67,-0010.57
+1580946577.40,+0001.95,+0019.53,+0001.95,+0004.59,-0002.91,-0011.41
+1580946577.41,+0008.79,+0018.55,+0002.93,+0005.13,-0001.68,-0007.58
+1580946577.41,+0004.88,+0020.51,+0001.95,-0001.07,+0001.61,-0008.80
+1580946577.42,-0001.95,+0018.55,+0002.93,+0000.31,-0005.59,-0009.88
+1580946577.42,+0015.62,+0018.55,+0002.93,+0000.46,+0006.81,-0020.14
+1580946577.43,-0004.88,+0020.51,+0001.95,-0001.45,-0006.74,-0008.27
+1580946577.43,+0005.86,+0022.46,+0001.95,+0002.14,-0002.99,-0008.19
+1580946577.44,+0011.72,+0019.53,+0000.98,-0003.83,+0002.60,-0021.82
+1580946577.44,+0003.91,+0019.53,+0000.98,-0000.38,-0002.22,-0013.17
+1580946577.45,+0005.86,+0019.53,-0000.98,-0004.44,-0001.30,-0016.31
+1580946577.45,+0009.77,+0017.58,-0002.93,-0001.84,-0002.60,-0004.90
+1580946577.46,+0004.88,+0018.55,-0005.86,-0002.83,-0000.38,-0009.42
+1580946577.46,-0002.93,+0016.60,-0007.81,+0000.69,-0002.99,-0007.27
+1580946577.47,+0003.91,+0016.60,-0007.81,-0004.21,+0001.61,-0007.73
+1580946577.47,+0005.86,+0012.70,-0008.79,-0000.46,-0003.45,-0004.98
+1580946577.48,-0004.88,+0011.72,-0010.74,-0000.23,-0007.96,-0004.13
+1580946577.48,+0006.84,+0009.77,-0011.72,-0002.83,+0001.45,-0004.82
+1580946577.49,-0001.95,+0007.81,-0014.65,-0003.98,+0006.20,-0018.22
+1580946577.49,-0008.79,+0006.84,-0015.62,-0003.06,-0006.28,-0012.10
+1580946577.50,+0008.79,+0005.86,-0017.58,-0006.05,+0004.98,-0014.70
+1580946577.50,-0004.88,-0000.98,-0018.55,-0001.61,-0001.15,-0010.87
+1580946577.51,-0001.95,+0000.98,-0021.48,-0004.21,-0004.52,-0006.05
+1580946577.51,+0000.00,-0004.88,-0024.41,+0001.07,-0002.91,-0012.56
+1580946577.52,-0000.98,-0004.88,-0024.41,-0002.68,-0000.61,-0005.74
+1580946577.52,+0000.98,-0005.86,-0025.39,-0000.15,+0001.68,-0005.90
+1580946577.53,-0013.67,-0008.79,-0028.32,-0002.76,+0002.83,-0014.55
+1580946577.53,-0014.65,-0007.81,-0028.32,-0001.30,-0006.28,-0012.56
+1580946577.54,+0013.67,-0007.81,-0025.39,-0000.23,+0002.07,-0013.63
+1580946577.54,+0008.79,-0011.72,-0026.37,-0003.60,-0000.61,-0001.68
+1580946577.55,-0000.98,-0013.67,-0029.30,-0001.38,+0000.77,-0008.50
+1580946577.55,-0010.74,-0014.65,-0031.25,-0002.76,-0003.60,-0013.86
+1580946577.56,+0008.79,-0012.70,-0029.30,+0002.60,-0003.90,-0005.59
+1580946577.56,+0004.88,-0010.74,-0029.30,+0001.07,+0006.05,-0021.51
+1580946577.57,-0007.81,-0013.67,-0028.32,+0003.37,-0006.43,-0009.57
+1580946577.57,+0018.55,-0014.65,-0028.32,-0002.37,+0002.37,-0013.40
+1580946577.58,+0000.98,-0014.65,-0028.32,+0000.92,+0004.13,-0016.08
+1580946577.58,+0002.93,-0011.72,-0027.34,+0005.21,+0004.59,-0012.40
+1580946577.59,+0003.91,-0013.67,-0026.37,-0000.69,+0003.29,-0014.62
+1580946577.59,-0000.98,-0011.72,-0023.44,+0006.28,-0007.04,-0009.72
+1580946577.60,+0016.60,-0009.77,-0020.51,+0004.44,-0000.46,-0005.44
+1580946577.60,+0000.00,-0011.72,-0020.51,+0000.54,-0002.30,-0007.50
+1580946577.61,+0000.00,-0008.79,-0020.51,+0002.14,-0000.77,-0011.33
+1580946577.61,+0008.79,-0008.79,-0018.55,+0001.38,-0002.91,-0012.79
+1580946577.62,+0011.72,-0007.81,-0016.60,+0002.76,+0003.22,-0005.44
+1580946577.62,-0004.88,-0005.86,-0017.58,-0002.60,+0002.91,-0014.39
+1580946577.63,-0007.81,-0006.84,-0016.60,+0007.27,-0005.13,-0009.26
+1580946577.63,+0012.70,-0003.91,-0013.67,+0003.45,-0000.69,-0009.57
+1580946577.64,+0003.91,-0004.88,-0011.72,+0000.61,+0002.14,-0009.88
+1580946577.64,-0014.65,-0003.91,-0012.70,-0000.92,-0000.84,-0012.10
+1580946577.65,+0000.00,-0001.95,-0010.74,+0004.06,-0004.44,-0010.03
+1580946577.65,+0004.88,+0000.00,-0008.79,+0001.38,+0000.77,-0008.58
+1580946577.66,-0001.95,+0000.98,-0008.79,-0000.31,-0001.00,-0008.12
+1580946577.66,-0003.91,-0001.95,-0009.77,-0001.61,-0002.07,-0011.87
+1580946577.67,-0000.98,-0001.95,-0008.79,-0000.15,-0001.00,-0006.58
+1580946577.67,-0003.91,+0003.91,-0008.79,-0004.67,+0000.00,-0007.81
+1580946577.68,-0000.98,+0001.95,-0008.79,+0004.36,-0001.99,-0010.41
+1580946577.68,+0003.91,+0001.95,-0007.81,-0001.45,-0001.99,-0007.89
+1580946577.69,+0000.00,+0001.95,-0008.79,+0001.15,-0000.61,-0011.94
+1580946577.69,-0002.93,+0002.93,-0008.79,-0002.83,-0000.69,-0013.40
+1580946577.70,+0002.93,+0003.91,-0006.84,+0002.76,-0003.83,-0010.57
+1580946577.70,+0003.91,+0003.91,-0006.84,-0001.23,+0002.37,-0013.02
+1580946577.71,-0000.98,+0002.93,-0008.79,+0001.99,+0002.99,-0016.92
+1580946577.71,-0001.95,+0002.93,-0008.79,-0000.31,-0008.65,-0005.74
+1580946577.72,+0016.60,+0002.93,-0007.81,+0001.91,+0000.54,-0005.13
+1580946577.72,-0005.86,+0002.93,-0009.77,-0003.37,-0005.21,-0010.95
+1580946577.73,+0000.00,+0002.93,-0008.79,+0002.99,-0002.53,-0004.13
+1580946577.73,+0012.70,+0002.93,-0009.77,-0002.76,+0005.51,-0020.14
+1580946577.74,+0000.98,+0004.88,-0009.77,-0001.07,-0003.75,-0007.20
+1580946577.74,+0006.84,+0004.88,-0010.74,-0004.44,+0000.77,-0015.62
+1580946577.75,+0004.88,+0000.98,-0010.74,+0001.30,-0001.00,-0015.70
+1580946577.75,+0009.77,+0005.86,-0010.74,-0001.61,-0001.00,-0007.50
+1580946577.76,+0011.72,+0003.91,-0012.70,-0000.69,-0004.13,-0003.14
+1580946577.76,+0004.88,+0002.93,-0014.65,-0004.06,+0005.13,-0010.72
+1580946577.77,-0000.98,+0003.91,-0014.65,+0001.15,-0003.06,-0006.97
+1580946577.77,+0011.72,+0004.88,-0013.67,-0000.92,-0000.77,-0006.35
+1580946577.78,+0002.93,+0004.88,-0013.67,-0002.30,+0002.22,-0011.33
+1580946577.78,-0008.79,+0002.93,-0013.67,+0004.67,-0000.61,-0014.32
+1580946577.79,+0005.86,+0004.88,-0012.70,-0002.37,-0007.12,-0009.03
+1580946577.79,+0007.81,+0003.91,-0014.65,+0000.15,+0004.90,-0015.70
+1580946577.80,-0017.58,+0004.88,-0015.62,-0000.84,-0006.20,-0005.13
+1580946577.80,-0001.95,+0003.91,-0014.65,+0001.91,+0000.92,-0009.72
+1580946577.81,+0003.91,+0001.95,-0013.67,-0004.06,+0000.15,-0012.25
+1580946577.81,-0000.98,+0002.93,-0015.62,+0000.38,+0004.52,-0008.80
+1580946577.82,-0013.67,+0001.95,-0016.60,-0005.05,-0002.91,-0014.09
+1580946577.82,-0005.86,+0000.98,-0016.60,+0002.76,-0000.77,-0008.50
+1580946577.83,+0001.95,+0002.93,-0014.65,-0004.36,+0005.28,-0012.17
+1580946577.83,-0005.86,+0001.95,-0014.65,+0000.00,-0003.52,-0006.97
+1580946577.84,-0005.86,-0000.98,-0014.65,-0003.68,+0002.76,-0009.88
+1580946577.84,-0005.86,+0000.00,-0015.62,+0005.90,+0000.08,-0013.02
+1580946577.85,-0000.98,+0000.98,-0014.65,+0003.90,-0001.07,-0014.16
+1580946577.85,+0002.93,+0001.95,-0013.67,-0005.74,-0002.91,-0003.37
+1580946577.86,-0000.98,-0000.98,-0016.60,+0004.98,+0007.81,-0015.85
+1580946577.86,-0009.77,+0000.98,-0016.60,+0003.45,-0005.36,-0014.32
+1580946577.87,+0012.70,+0000.98,-0014.65,+0001.76,-0003.52,-0005.51
+1580946577.87,+0011.72,-0001.95,-0016.60,-0004.36,+0008.42,-0010.03
+1580946577.88,-0014.65,+0001.95,-0018.55,+0003.83,-0001.68,-0013.63
+1580946577.88,+0004.88,+0000.98,-0016.60,+0006.12,+0000.31,-0013.25
+1580946577.89,+0011.72,+0000.98,-0014.65,-0002.76,+0004.13,-0011.94
+1580946577.89,+0002.93,+0002.93,-0012.70,+0002.60,-0000.31,-0007.12
+1580946577.90,+0001.95,+0001.95,-0012.70,-0002.60,+0001.84,-0012.17
+1580946577.90,+0002.93,+0000.98,-0013.67,+0000.00,-0002.22,-0009.26
+1580946577.91,+0011.72,+0003.91,-0014.65,-0002.45,+0001.45,-0009.49
+1580946577.91,+0007.81,+0002.93,-0016.60,-0001.23,+0003.06,-0012.25
+1580946577.92,+0002.93,+0000.98,-0017.58,+0003.06,-0000.92,-0010.57
+1580946577.92,+0004.88,+0001.95,-0017.58,+0002.37,+0001.30,-0006.74
+1580946577.92,-0000.98,+0003.91,-0017.58,+0002.68,+0001.30,-0007.50
+1580946577.93,-0001.95,+0004.88,-0014.65,-0000.46,+0001.07,-0006.81
+1580946577.93,+0002.93,+0001.95,-0014.65,-0002.14,+0002.68,-0008.12
+1580946577.94,-0003.91,+0002.93,-0016.60,-0003.06,-0000.15,-0006.12
+1580946577.94,-0004.88,+0002.93,-0018.55,-0003.29,-0000.15,-0002.60
+1580946577.95,-0002.93,+0000.98,-0018.55,-0003.60,-0000.38,-0007.96
+1580946577.95,-0003.91,+0000.00,-0018.55,+0004.75,+0001.68,-0009.57
+1580946577.96,-0010.74,+0000.98,-0019.53,-0003.52,+0001.68,-0012.79
+1580946577.96,-0011.72,+0000.00,-0020.51,-0002.60,-0001.45,-0012.48
+1580946577.97,-0000.98,+0000.98,-0020.51,-0001.23,+0001.99,-0016.92
+1580946577.97,-0002.93,+0000.98,-0019.53,+0000.23,-0006.28,-0007.89
+1580946577.98,+0008.79,-0000.98,-0020.51,-0001.23,-0002.14,+0003.14
+1580946577.98,-0011.72,-0000.98,-0023.44,-0003.90,-0005.51,-0011.41
+1580946577.99,-0012.70,+0000.00,-0024.41,+0001.91,-0004.98,-0013.55
+1580946577.99,+0011.72,+0000.00,-0023.44,-0000.61,+0000.08,-0015.08
+1580946578.00,+0005.86,+0000.98,-0022.46,-0003.22,+0000.77,-0014.16
+1580946578.00,-0002.93,+0001.95,-0024.41,-0003.90,-0001.23,-0016.92
+1580946578.01,-0002.93,-0002.93,-0024.41,+0000.54,-0005.44,-0009.03
+1580946578.01,+0004.88,+0000.98,-0024.41,+0005.36,+0002.37,-0014.47
+1580946578.02,+0003.91,+0002.93,-0022.46,+0002.60,+0001.15,-0007.73
+1580946578.02,+0004.88,+0002.93,-0023.44,-0004.06,-0000.46,-0009.34
+1580946578.03,-0002.93,-0000.98,-0025.39,+0001.23,-0000.38,-0013.02
+1580946578.03,+0004.88,+0002.93,-0025.39,+0001.45,-0001.99,-0011.41
+1580946578.04,+0012.70,+0000.98,-0025.39,+0001.07,+0001.23,-0006.58
+1580946578.04,+0002.93,+0000.00,-0025.39,-0001.45,+0003.60,-0013.70
+1580946578.05,-0008.79,+0001.95,-0026.37,+0000.77,-0001.91,-0014.85
+1580946578.05,+0008.79,+0001.95,-0024.41,-0000.31,+0004.59,-0013.78
+1580946578.06,+0009.77,+0002.93,-0022.46,-0000.54,-0000.38,-0012.10
+1580946578.06,+0002.93,+0004.88,-0022.46,+0000.15,-0001.45,-0005.67
+1580946578.07,+0004.88,+0000.98,-0025.39,+0001.07,-0001.00,-0006.89
+1580946578.07,-0002.93,+0001.95,-0028.32,+0000.92,-0000.92,-0010.34
+1580946578.08,+0004.88,+0005.86,-0027.34,+0001.61,+0000.46,-0010.72
+1580946578.08,+0003.91,+0005.86,-0026.37,-0002.07,-0000.31,-0012.94
+1580946578.09,+0005.86,+0003.91,-0025.39,-0000.08,+0002.37,-0003.45
+1580946578.09,+0001.95,+0004.88,-0025.39,-0001.99,+0001.15,-0009.19
+1580946578.10,-0002.93,+0004.88,-0025.39,-0001.91,-0003.45,-0009.34
+1580946578.10,+0012.70,+0004.88,-0023.44,+0000.08,-0001.61,-0008.04
+1580946578.11,+0005.86,+0002.93,-0025.39,+0000.00,+0002.14,-0010.26
+1580946578.11,-0006.84,+0002.93,-0027.34,-0003.90,-0002.22,-0006.35
+1580946578.12,-0004.88,-0000.98,-0028.32,-0000.84,+0002.60,-0013.86
+1580946578.12,-0001.95,+0000.00,-0028.32,+0000.46,-0005.21,-0009.11
+1580946578.13,+0013.67,+0000.00,-0027.34,+0001.00,+0005.90,-0008.04
+1580946578.13,-0003.91,-0002.93,-0029.30,-0005.21,-0001.15,-0010.41
+1580946578.14,-0008.79,-0003.91,-0030.27,+0001.91,-0003.75,-0008.88
+1580946578.14,+0003.91,-0003.91,-0031.25,-0001.68,+0002.14,-0015.54
+1580946578.15,+0006.84,-0003.91,-0031.25,-0000.92,-0004.13,-0005.67
+1580946578.15,+0004.88,-0004.88,-0032.23,-0001.38,+0004.06,-0010.11
+1580946578.16,-0003.91,-0007.81,-0033.20,-0003.37,-0003.14,-0007.35
+1580946578.16,+0008.79,-0006.84,-0033.20,+0000.38,+0001.91,-0012.25
+1580946578.17,+0006.84,-0006.84,-0035.16,-0004.98,-0004.36,-0012.10
+1580946578.17,+0014.65,-0008.79,-0036.13,+0002.45,-0000.46,-0001.61
+1580946578.18,-0003.91,-0009.77,-0038.09,-0007.04,-0001.84,-0015.70
+1580946578.18,-0000.98,-0009.77,-0038.09,+0005.90,-0005.05,-0013.78
+1580946578.19,+0021.48,-0009.77,-0036.13,-0005.74,-0000.23,-0008.27
+1580946578.19,+0008.79,-0010.74,-0036.13,-0001.15,-0001.00,-0009.57
+1580946578.20,-0000.98,-0010.74,-0036.13,-0002.91,-0004.06,-0011.41
+1580946578.20,+0013.67,-0013.67,-0036.13,+0003.29,+0000.69,-0012.33
+1580946578.21,+0011.72,-0012.70,-0036.13,-0002.60,-0001.99,-0010.87
+1580946578.21,+0009.77,-0011.72,-0035.16,-0002.76,+0001.30,-0011.18
+1580946578.22,+0005.86,-0015.62,-0035.16,-0000.15,-0002.30,-0013.93
+1580946578.22,+0012.70,-0015.62,-0035.16,+0000.15,-0003.60,-0005.74
+1580946578.23,+0011.72,-0015.62,-0036.13,-0001.23,+0000.23,-0013.02
+1580946578.23,+0002.93,-0016.60,-0036.13,+0001.61,-0003.06,-0006.51
+1580946578.24,+0009.77,-0017.58,-0035.16,-0000.38,+0004.13,-0012.86
+1580946578.24,+0003.91,-0018.55,-0033.20,+0000.84,-0002.30,-0007.27
+1580946578.25,+0009.77,-0018.55,-0032.23,+0001.00,+0004.21,-0008.80
+1580946578.25,-0003.91,-0020.51,-0033.20,-0006.05,-0003.60,-0004.67
+1580946578.26,+0000.00,-0019.53,-0033.20,+0007.27,+0003.22,-0014.70
+1580946578.26,+0005.86,-0020.51,-0030.27,+0005.90,+0003.22,-0014.09
+1580946578.27,+0000.98,-0019.53,-0030.27,-0000.54,+0003.22,-0015.54
+1580946578.27,-0005.86,-0021.48,-0028.32,-0002.68,-0004.06,-0013.86
+1580946578.28,+0004.88,-0020.51,-0028.32,+0006.43,-0002.53,-0009.11
+1580946578.28,-0000.98,-0023.44,-0027.34,+0006.66,-0003.68,-0001.91
+1580946578.29,-0001.95,-0021.48,-0027.34,-0002.83,+0002.14,-0009.34
+1580946578.29,-0007.81,-0025.39,-0026.37,-0000.38,-0001.68,-0009.26
+1580946578.30,+0000.98,-0023.44,-0025.39,+0002.22,+0000.31,-0010.57
+1580946578.30,+0002.93,-0023.44,-0024.41,+0000.08,-0001.91,-0005.13
+1580946578.31,-0001.95,-0023.44,-0025.39,+0005.36,+0003.90,-0015.24
+1580946578.31,-0009.77,-0025.39,-0025.39,-0002.53,-0002.30,-0017.99
+1580946578.32,+0004.88,-0020.51,-0021.48,+0001.07,-0000.08,-0013.63
+1580946578.32,+0009.77,-0020.51,-0018.55,-0000.61,-0002.07,-0011.48
+1580946578.33,+0010.74,-0020.51,-0017.58,+0004.13,-0002.14,-0005.13
+1580946578.33,+0000.00,-0023.44,-0016.60,+0005.59,+0004.44,-0010.80
+1580946578.34,-0006.84,-0019.53,-0018.55,-0006.74,-0005.05,-0008.58
+1580946578.34,+0012.70,-0020.51,-0016.60,+0007.04,+0000.38,-0011.10
+1580946578.35,+0009.77,-0017.58,-0015.62,+0000.38,+0004.06,-0005.59
+1580946578.35,-0007.81,-0018.55,-0015.62,+0006.43,-0002.45,-0014.32
+1580946578.36,+0000.98,-0018.55,-0013.67,-0000.31,-0000.15,-0017.84
+1580946578.36,+0013.67,-0017.58,-0009.77,+0004.44,-0001.68,-0009.95
+1580946578.37,+0008.79,-0013.67,-0008.79,-0000.84,+0001.68,-0012.33
+1580946578.37,-0000.98,-0017.58,-0009.77,+0001.91,-0003.29,-0009.80
+1580946578.38,+0005.86,-0017.58,-0009.77,+0000.77,+0002.99,-0018.22
+1580946578.38,+0008.79,-0013.67,-0007.81,+0002.14,-0002.30,-0011.79
+1580946578.39,+0015.62,-0014.65,-0006.84,-0000.31,+0007.12,-0009.80
+1580946578.39,+0000.00,-0016.60,-0006.84,-0000.46,-0002.14,-0007.73
+1580946578.40,+0000.00,-0014.65,-0006.84,+0003.29,-0003.60,-0006.66
+1580946578.40,+0008.79,-0014.65,-0005.86,+0002.76,+0002.14,-0010.57
+1580946578.41,+0000.00,-0013.67,-0004.88,+0001.00,+0001.38,-0005.44
+1580946578.41,-0002.93,-0011.72,-0003.91,-0000.15,+0000.15,-0009.80
+1580946578.42,+0000.98,-0012.70,-0001.95,+0001.76,+0000.54,-0008.04
+1580946578.42,-0002.93,-0009.77,-0000.98,-0000.46,-0003.90,-0007.27
+1580946578.43,+0005.86,-0009.77,+0000.00,+0000.84,+0001.68,-0005.13
+1580946578.43,-0001.95,-0010.74,-0001.95,-0000.38,+0002.91,-0008.04
+1580946578.44,-0005.86,-0010.74,-0001.95,+0004.36,-0000.38,-0008.73
+1580946578.44,+0000.00,-0009.77,-0002.93,-0001.53,+0002.14,-0013.63
+1580946578.45,-0000.98,-0010.74,-0000.98,+0003.22,+0000.46,-0009.03
+1580946578.45,-0000.98,-0007.81,-0000.98,-0000.69,+0001.45,-0012.86
+1580946578.46,-0001.95,-0009.77,-0000.98,+0004.52,+0001.91,-0015.54
+1580946578.46,-0002.93,-0006.84,-0000.98,+0001.23,-0001.53,-0017.69
+1580946578.47,+0003.91,-0005.86,+0001.95,+0001.91,+0000.15,-0016.00
+1580946578.47,+0010.74,-0004.88,+0002.93,+0001.76,-0004.13,-0011.41
+1580946578.48,+0002.93,-0003.91,+0000.98,+0001.68,+0001.15,-0009.11
+1580946578.48,-0000.98,-0002.93,+0000.98,-0000.61,-0004.98,-0006.58
+1580946578.49,+0009.77,-0000.98,+0001.95,+0008.42,+0003.22,-0013.17
+1580946578.49,+0009.77,+0000.98,+0005.86,+0004.82,+0001.68,-0004.13
+1580946578.50,+0004.88,+0001.95,+0006.84,+0002.53,+0004.82,-0008.12
+1580946578.50,-0007.81,+0000.98,+0006.84,+0000.61,-0000.54,-0013.17
+1580946578.51,+0003.91,+0003.91,+0008.79,+0004.36,-0002.30,-0007.58
+1580946578.51,+0004.88,+0002.93,+0008.79,+0000.84,+0003.06,-0010.72
+1580946578.52,-0009.77,+0002.93,+0008.79,+0000.23,-0000.84,-0010.64
+1580946578.52,-0004.88,+0001.95,+0007.81,+0000.31,+0000.46,-0014.78
+1580946578.53,+0006.84,+0000.98,+0007.81,+0001.99,+0002.14,-0007.04
+1580946578.53,+0003.91,+0002.93,+0007.81,-0001.53,+0001.30,-0014.39
+1580946578.54,-0003.91,+0000.98,+0006.84,+0001.68,-0006.97,-0010.95
+1580946578.54,+0014.65,+0000.98,+0007.81,+0000.38,-0003.22,-0007.96
+1580946578.55,+0004.88,+0002.93,+0006.84,-0001.30,-0001.07,-0009.26
+1580946578.55,-0000.98,+0004.88,+0005.86,+0000.38,-0000.92,-0009.11
+1580946578.56,+0005.86,+0001.95,+0005.86,+0002.07,-0000.23,-0008.27
+1580946578.56,+0000.98,+0003.91,+0006.84,+0000.84,+0003.45,-0007.12
+1580946578.57,-0007.81,+0005.86,+0006.84,-0000.54,+0000.54,-0009.72
+1580946578.57,-0005.86,+0003.91,+0005.86,+0000.92,+0002.07,-0011.33
+1580946578.58,+0000.98,+0003.91,+0005.86,-0001.38,-0001.00,-0008.73
+1580946578.58,+0002.93,+0003.91,+0004.88,-0004.13,+0004.06,-0010.18
+1580946578.59,-0010.74,+0000.98,+0001.95,+0000.15,+0001.53,-0012.63
+1580946578.59,-0005.86,+0002.93,+0001.95,-0002.91,-0002.91,-0009.19
+1580946578.60,+0001.95,+0002.93,+0002.93,-0003.14,+0006.51,-0009.80
+1580946578.60,-0013.67,+0000.98,+0000.98,-0000.31,-0002.37,-0007.27
+1580946578.61,-0007.81,+0000.98,+0000.98,+0001.68,-0003.68,-0013.09
+1580946578.61,+0006.84,-0001.95,+0000.98,-0001.84,-0002.45,-0007.96
+1580946578.62,-0000.98,-0000.98,-0001.95,-0001.76,-0001.23,-0012.94
+1580946578.62,-0010.74,-0002.93,-0002.93,-0002.14,-0004.13,-0010.95
+1580946578.63,+0008.79,-0002.93,-0001.95,+0002.68,-0001.45,-0007.50
+1580946578.63,+0000.98,-0003.91,-0001.95,+0004.67,-0000.31,-0010.11
+1580946578.64,-0007.81,-0001.95,-0001.95,+0000.77,-0003.37,-0011.48
+1580946578.64,+0001.95,-0005.86,-0000.98,+0001.91,-0001.45,-0012.33
+1580946578.65,+0002.93,-0002.93,+0000.00,+0003.60,+0001.68,-0013.40
+1580946578.65,+0001.95,-0002.93,+0000.00,-0000.61,+0001.53,-0008.88
+1580946578.66,-0005.86,-0005.86,-0000.98,+0001.07,+0002.22,-0012.10
+1580946578.66,-0009.77,-0005.86,-0000.98,-0001.68,+0000.38,-0012.71
+1580946578.67,-0002.93,-0001.95,+0000.00,-0003.14,+0005.59,-0014.62
+1580946578.67,-0006.84,-0004.88,+0000.98,+0003.14,-0003.29,-0011.03
+1580946578.68,-0000.98,-0003.91,+0000.98,-0001.68,+0001.23,-0010.03
+1580946578.68,-0002.93,-0004.88,-0000.98,+0001.68,-0001.53,-0006.66
+1580946578.69,-0005.86,-0005.86,-0000.98,+0003.29,+0002.53,-0013.32
+1580946578.69,-0011.72,-0004.88,-0000.98,-0000.77,-0004.36,-0011.56
+1580946578.70,+0004.88,-0002.93,+0001.95,+0006.89,-0003.90,-0007.89
+1580946578.70,+0001.95,-0003.91,+0002.93,+0002.37,-0000.84,-0008.04
+1580946578.71,-0007.81,-0002.93,+0001.95,-0002.91,-0002.99,-0007.58
+1580946578.71,-0001.95,-0004.88,+0001.95,+0000.15,+0000.69,-0013.17
+1580946578.72,+0003.91,-0003.91,+0000.98,+0000.31,+0000.31,-0009.72
+1580946578.72,+0002.93,-0001.95,+0000.98,-0003.37,+0001.23,-0008.04
+1580946578.73,-0003.91,-0002.93,+0000.98,+0004.44,-0000.23,-0008.42
+1580946578.73,-0005.86,-0002.93,+0000.98,-0001.91,-0002.68,-0010.87
+1580946578.74,+0000.98,+0000.00,+0000.98,-0004.75,+0002.22,-0003.52
+1580946578.74,-0003.91,-0001.95,+0000.98,+0003.45,+0003.37,-0010.11
+1580946578.75,-0012.70,-0001.95,+0000.98,-0003.14,-0004.44,-0003.52
+1580946578.75,-0005.86,-0003.91,+0000.98,+0001.68,+0001.53,-0009.34
+1580946578.76,-0010.74,-0003.91,+0000.98,-0001.30,-0002.07,-0011.64
+1580946578.76,-0011.72,-0005.86,+0000.00,-0001.99,-0000.77,-0007.12
+1580946578.77,-0006.84,-0007.81,-0001.95,-0003.14,+0002.14,-0010.95
+1580946578.77,-0019.53,-0008.79,-0003.91,-0000.61,-0004.67,-0009.65
+1580946578.78,-0012.70,-0008.79,-0003.91,-0000.77,-0000.77,-0007.35
+1580946578.78,-0006.84,-0012.70,-0004.88,-0001.68,+0005.44,-0010.80
+1580946578.79,-0019.53,-0011.72,-0005.86,-0001.15,+0001.00,-0012.63
+1580946578.79,-0012.70,-0011.72,-0005.86,-0000.15,-0008.35,-0005.90
+1580946578.80,+0004.88,-0014.65,-0006.84,+0000.46,+0006.74,-0010.34
+1580946578.80,-0014.65,-0012.70,-0008.79,-0001.23,+0001.38,-0011.64
+1580946578.81,-0017.58,-0013.67,-0009.77,+0000.08,-0006.20,-0009.95
+1580946578.81,+0005.86,-0015.62,-0007.81,-0003.83,+0004.52,-0009.80
+1580946578.82,-0007.81,-0011.72,-0006.84,+0002.99,+0004.59,-0014.93
+1580946578.82,-0016.60,-0010.74,-0006.84,-0004.82,-0003.90,-0008.58
+1580946578.83,+0000.00,-0012.70,-0005.86,-0003.83,-0002.53,-0010.03
+1580946578.83,+0003.91,-0010.74,-0005.86,+0004.67,-0000.46,+0001.30
+1580946578.84,-0013.67,-0006.84,-0008.79,+0001.00,+0007.50,-0014.32
+1580946578.84,-0021.48,-0012.70,-0007.81,+0009.34,-0005.36,-0012.56
+1580946578.85,+0007.81,-0006.84,-0004.88,-0004.82,+0004.29,-0007.81
+1580946578.85,+0000.98,-0005.86,-0002.93,-0000.08,+0002.30,-0005.97
+1580946578.86,-0018.55,-0004.88,-0003.91,+0000.08,+0000.61,-0010.72
+1580946578.86,-0011.72,-0008.79,-0002.93,+0004.67,-0006.20,-0013.48
+1580946578.87,+0011.72,-0003.91,-0001.95,-0000.92,+0004.29,-0015.47
+1580946578.87,+0002.93,-0002.93,-0001.95,-0001.15,+0000.46,-0006.51
+1580946578.88,-0009.77,-0003.91,-0003.91,-0003.60,+0000.15,-0014.32
+1580946578.88,-0008.79,-0006.84,-0002.93,+0005.67,-0003.90,-0014.47
+1580946578.89,+0009.77,+0000.98,-0000.98,-0000.08,+0000.46,-0011.71
+1580946578.89,+0011.72,+0001.95,+0000.98,+0003.45,-0000.23,-0001.38
+1580946578.90,-0006.84,+0000.00,+0000.98,+0002.53,-0001.68,-0014.09
+1580946578.90,-0006.84,+0002.93,+0002.93,+0002.53,-0008.35,-0006.89
+1580946578.91,+0018.55,+0007.81,+0004.88,+0004.29,+0002.30,-0005.21
+1580946578.91,+0000.98,+0008.79,+0004.88,+0003.45,-0004.59,-0001.61
+1580946578.92,-0005.86,+0009.77,+0006.84,+0000.00,+0000.54,-0004.82
+1580946578.92,-0001.95,+0007.81,+0007.81,+0001.61,+0003.60,-0010.26
+1580946578.93,-0009.77,+0011.72,+0008.79,+0006.51,-0000.15,-0010.87
+1580946578.93,-0003.91,+0014.65,+0009.77,+0002.99,+0000.69,-0010.95
+1580946578.94,+0000.00,+0011.72,+0010.74,-0001.76,-0000.38,-0003.90
+1580946578.94,-0007.81,+0012.70,+0009.77,+0006.35,+0007.58,-0011.10
+1580946578.95,-0015.62,+0014.65,+0010.74,+0004.90,-0003.68,-0006.66
+1580946578.95,-0002.93,+0015.62,+0010.74,-0000.31,+0002.68,-0011.33
+1580946578.96,-0007.81,+0014.65,+0010.74,+0001.00,+0004.21,-0010.64
+1580946578.96,-0009.77,+0017.58,+0009.77,+0006.28,-0003.37,-0008.12
+1580946578.97,-0006.84,+0014.65,+0009.77,+0005.44,-0004.75,-0007.89
+1580946578.97,-0001.95,+0016.60,+0010.74,-0000.46,-0001.07,-0007.43
+1580946578.98,-0004.88,+0018.55,+0010.74,+0000.08,+0004.52,-0012.56
+1580946578.98,-0005.86,+0017.58,+0010.74,-0000.84,-0004.29,-0009.65
+1580946578.99,+0009.77,+0018.55,+0010.74,-0002.83,-0002.07,-0007.27
+1580946578.99,+0006.84,+0018.55,+0009.77,+0002.91,+0001.99,-0011.41
+1580946579.00,-0010.74,+0021.48,+0008.79,-0000.38,-0000.84,-0015.01
+1580946579.00,-0001.95,+0021.48,+0008.79,+0003.68,-0003.45,-0013.17
+1580946579.01,+0011.72,+0024.41,+0009.77,-0001.84,+0002.37,-0011.56
+1580946579.01,+0001.95,+0024.41,+0010.74,+0002.83,-0000.46,-0009.57
+1580946579.02,-0000.98,+0022.46,+0009.77,-0000.23,-0003.37,-0010.64
+1580946579.02,+0006.84,+0023.44,+0009.77,-0003.75,-0001.07,-0009.57
+1580946579.03,+0007.81,+0025.39,+0007.81,+0001.45,+0000.23,-0015.16
+1580946579.03,+0001.95,+0023.44,+0006.84,+0000.54,-0003.90,-0009.49
+1580946579.04,+0004.88,+0024.41,+0006.84,-0002.76,-0004.67,-0007.58
+1580946579.04,+0010.74,+0024.41,+0007.81,+0000.31,-0004.75,-0003.52
+1580946579.05,+0007.81,+0023.44,+0005.86,+0000.08,+0002.14,-0008.50
+1580946579.05,-0004.88,+0021.48,+0005.86,-0001.38,-0002.30,-0012.71
+1580946579.06,+0006.84,+0024.41,+0006.84,-0002.07,-0003.14,-0013.55
+1580946579.06,+0016.60,+0022.46,+0006.84,-0002.30,-0004.21,-0001.53
+1580946579.07,+0004.88,+0019.53,+0002.93,-0000.08,+0005.82,-0009.95
+1580946579.07,-0016.60,+0018.55,+0000.00,+0001.91,-0007.04,-0014.78
+1580946579.08,+0001.95,+0020.51,-0000.98,-0002.14,-0001.38,-0013.09
+1580946579.08,+0009.77,+0017.58,-0000.98,-0002.07,+0001.91,-0012.71
+1580946579.09,+0000.00,+0015.62,-0001.95,+0001.00,-0002.53,-0002.37
+1580946579.09,-0015.62,+0013.67,-0003.91,-0000.23,-0002.99,-0010.72
+1580946579.10,-0008.79,+0015.62,-0004.88,-0001.45,-0005.90,-0006.66
+1580946579.10,+0006.84,+0015.62,-0005.86,-0002.30,-0000.08,-0007.96
+1580946579.11,-0000.98,+0010.74,-0007.81,+0001.53,-0001.15,-0005.59
+1580946579.11,-0009.77,+0009.77,-0009.77,-0001.07,+0000.77,-0017.61
+1580946579.12,-0008.79,+0009.77,-0011.72,+0000.15,-0008.27,-0014.01
+1580946579.12,+0011.72,+0008.79,-0011.72,-0002.53,-0005.44,-0008.58
+1580946579.13,+0002.93,+0006.84,-0013.67,-0002.99,-0004.90,-0007.12
+1580946579.13,-0001.95,+0005.86,-0014.65,+0000.92,-0003.90,-0007.50
+1580946579.14,+0005.86,+0004.88,-0016.60,-0003.60,-0002.37,-0015.01
+1580946579.14,+0011.72,+0003.91,-0016.60,+0001.30,-0000.23,-0005.67
+1580946579.15,+0008.79,+0004.88,-0018.55,-0005.67,-0001.99,-0009.19
+1580946579.15,+0004.88,+0000.98,-0019.53,-0000.15,-0005.21,-0002.37
+1580946579.16,+0003.91,+0001.95,-0020.51,+0001.45,+0005.05,-0017.07
+1580946579.16,+0002.93,+0000.98,-0019.53,+0002.37,-0004.82,-0009.26
+1580946579.17,+0016.60,+0001.95,-0019.53,-0001.99,+0002.14,-0014.55
+1580946579.17,+0002.93,-0003.91,-0020.51,-0003.90,+0000.61,-0009.57
+1580946579.18,+0000.98,-0000.98,-0021.48,-0005.67,-0001.99,-0008.58
+1580946579.18,+0004.88,-0004.88,-0022.46,+0001.07,+0001.53,-0008.27
+1580946579.19,-0000.98,-0003.91,-0025.39,-0000.15,+0004.59,-0010.87
+1580946579.19,-0004.88,-0006.84,-0025.39,-0001.99,-0001.84,-0010.95
+1580946579.20,+0002.93,-0005.86,-0025.39,-0004.29,-0002.22,-0007.58
+1580946579.20,+0004.88,-0009.77,-0025.39,+0001.91,+0003.52,-0012.25
+1580946579.21,-0002.93,-0007.81,-0026.37,-0003.45,-0000.92,-0006.81
+1580946579.21,-0006.84,-0008.79,-0026.37,+0004.44,-0002.53,-0012.10
+1580946579.22,+0000.98,-0006.84,-0025.39,-0005.05,+0001.68,-0011.64
+1580946579.22,+0000.00,-0007.81,-0025.39,+0001.61,+0003.60,-0016.23
+1580946579.23,-0004.88,-0006.84,-0025.39,-0002.68,-0001.61,-0013.63
+1580946579.23,+0007.81,-0006.84,-0024.41,-0003.22,-0003.06,-0006.58
+1580946579.24,+0011.72,-0009.77,-0025.39,-0000.84,-0000.69,-0003.90
+1580946579.24,+0000.98,-0006.84,-0027.34,-0001.07,-0001.30,-0005.28
+1580946579.25,+0000.00,-0006.84,-0026.37,+0003.52,-0004.36,-0014.39
+1580946579.25,+0009.77,-0003.91,-0023.44,+0001.91,-0003.06,-0004.52
+1580946579.26,+0015.62,-0003.91,-0020.51,+0001.53,-0002.83,-0003.98
+1580946579.26,+0006.84,-0006.84,-0020.51,-0004.36,-0000.46,-0001.99
+1580946579.27,-0010.74,-0004.88,-0022.46,+0001.38,-0007.73,-0015.08
+1580946579.27,+0010.74,-0001.95,-0021.48,+0004.06,-0002.22,-0015.54
+1580946579.28,+0017.58,-0002.93,-0020.51,+0000.08,+0000.77,-0011.71
+1580946579.28,-0000.98,-0004.88,-0021.48,+0005.36,-0000.08,-0011.94
+1580946579.29,-0011.72,-0003.91,-0022.46,-0004.52,-0002.76,-0015.39
+1580946579.29,+0004.88,-0004.88,-0018.55,+0006.12,-0003.14,-0006.35
+1580946579.30,+0011.72,-0001.95,-0016.60,-0002.22,+0005.51,-0005.74
+1580946579.30,-0012.70,-0004.88,-0017.58,-0001.84,-0004.82,-0007.12
+1580946579.31,-0003.91,-0003.91,-0017.58,+0003.37,-0000.15,-0014.24
+1580946579.31,+0002.93,-0003.91,-0016.60,-0000.46,+0001.38,-0016.15
+1580946579.32,+0008.79,-0002.93,-0016.60,+0000.46,+0009.26,-0013.48
+1580946579.32,-0012.70,-0005.86,-0018.55,-0003.45,+0000.08,-0015.85
+1580946579.33,-0012.70,-0004.88,-0018.55,+0000.61,-0004.59,-0013.55
+1580946579.33,+0010.74,-0000.98,-0017.58,+0001.76,-0000.08,-0019.52
+1580946579.34,+0007.81,-0003.91,-0015.62,+0001.53,-0001.53,-0001.53
+1580946579.34,-0001.95,-0002.93,-0017.58,-0003.90,+0003.45,-0006.05
+1580946579.35,-0011.72,-0003.91,-0020.51,+0001.38,-0001.91,-0016.46
+1580946579.35,+0007.81,+0000.98,-0017.58,+0000.84,-0001.30,-0009.57
+1580946579.36,+0018.55,+0000.00,-0015.62,-0000.38,+0000.31,-0001.23
+1580946579.36,-0000.98,-0002.93,-0016.60,-0000.23,+0001.76,-0008.42
+1580946579.37,-0009.77,-0001.95,-0019.53,-0000.46,-0005.74,-0013.86
+1580946579.37,+0008.79,+0000.98,-0019.53,+0002.37,+0000.15,-0014.62
+1580946579.38,+0013.67,+0001.95,-0017.58,-0001.99,+0000.84,-0012.33
+1580946579.38,+0007.81,+0000.98,-0017.58,-0000.31,-0003.90,-0004.06
+1580946579.39,+0002.93,-0001.95,-0018.55,-0000.92,-0002.07,-0008.88
+1580946579.39,+0008.79,+0000.00,-0019.53,+0001.45,-0001.53,-0011.25
+1580946579.40,+0011.72,+0002.93,-0018.55,-0000.46,-0000.15,-0012.02
+1580946579.40,+0010.74,+0001.95,-0017.58,+0001.45,-0002.76,-0006.89
+1580946579.41,+0009.77,-0000.98,-0017.58,+0000.38,+0001.91,-0011.33
+1580946579.41,-0000.98,+0000.98,-0018.55,-0000.54,-0002.30,-0012.56
+1580946579.42,+0011.72,+0001.95,-0019.53,+0002.07,-0003.45,-0006.05
+1580946579.42,+0011.72,+0000.00,-0020.51,-0000.38,+0005.74,-0015.70
+1580946579.43,-0010.74,-0000.98,-0020.51,+0000.61,-0003.75,-0007.89
+1580946579.43,+0006.84,+0001.95,-0018.55,+0002.53,-0003.90,-0009.88
+1580946579.44,+0012.70,-0001.95,-0019.53,-0003.90,+0002.76,-0003.90
+1580946579.44,-0008.79,-0000.98,-0020.51,-0001.99,-0004.52,-0006.81
+1580946579.45,+0001.95,+0000.98,-0018.55,-0000.38,-0003.22,-0012.48
+1580946579.45,+0009.77,+0000.00,-0018.55,-0002.22,+0001.84,-0008.35
+1580946579.46,-0002.93,+0000.00,-0020.51,+0001.61,+0000.31,-0009.72
+1580946579.46,-0011.72,+0000.98,-0021.48,-0000.84,+0000.84,-0017.07
+1580946579.47,+0000.00,+0000.98,-0019.53,+0002.76,-0007.58,-0007.73
+1580946579.47,+0014.65,+0001.95,-0017.58,+0000.69,+0002.53,-0002.99
+1580946579.48,-0014.65,+0000.98,-0019.53,-0002.83,-0006.43,-0005.74
+1580946579.48,-0006.84,+0002.93,-0018.55,+0006.89,-0003.60,-0010.34
+1580946579.49,+0008.79,+0003.91,-0017.58,-0001.00,-0001.99,-0010.03
+1580946579.49,+0001.95,+0002.93,-0017.58,-0002.99,+0002.68,-0009.11
+1580946579.50,-0012.70,+0002.93,-0018.55,-0004.36,-0002.99,-0012.79
+1580946579.50,-0001.95,+0003.91,-0017.58,+0004.90,-0001.38,-0014.32
+1580946579.51,+0004.88,+0004.88,-0016.60,+0000.00,+0001.91,-0014.47
+1580946579.51,+0002.93,+0003.91,-0015.62,-0001.07,+0001.91,-0008.88
+1580946579.52,-0006.84,+0001.95,-0016.60,-0000.61,+0003.14,-0016.92
+1580946579.52,-0008.79,+0002.93,-0015.62,+0000.69,-0005.05,-0016.31
+1580946579.53,+0016.60,+0005.86,-0014.65,-0001.30,-0004.82,-0007.50
+1580946579.53,+0004.88,+0000.98,-0016.60,-0001.45,+0002.91,-0006.74
+1580946579.54,-0011.72,+0000.98,-0018.55,+0000.23,-0001.00,-0015.62
+1580946579.54,+0000.00,+0002.93,-0017.58,+0000.08,-0004.13,-0015.08
+1580946579.55,+0017.58,+0003.91,-0015.62,-0002.68,+0004.13,-0003.52
+1580946579.55,+0004.88,+0000.98,-0016.60,-0001.38,+0001.07,-0008.35
+1580946579.56,-0007.81,+0000.98,-0018.55,-0001.99,-0005.44,-0012.63
+1580946579.56,+0009.77,+0000.98,-0017.58,+0001.15,-0004.36,-0011.94
+1580946579.57,+0013.67,+0000.98,-0016.60,-0002.37,+0003.68,-0016.00
+1580946579.57,+0000.98,+0000.00,-0018.55,-0005.05,-0007.20,-0001.99
+1580946579.58,+0006.84,-0001.95,-0022.46,+0002.99,-0000.23,-0008.12
+1580946579.58,-0004.88,-0002.93,-0024.41,+0001.68,-0004.13,-0008.65
+1580946579.59,+0000.98,+0003.91,-0021.48,+0003.22,-0000.84,-0006.81
+1580946579.59,+0005.86,+0000.00,-0020.51,-0000.61,+0001.45,-0011.10
+1580946579.60,+0002.93,-0001.95,-0020.51,+0000.31,-0002.07,-0002.60
+1580946579.60,-0003.91,+0000.00,-0022.46,-0001.45,+0002.14,-0015.01
+1580946579.61,-0010.74,+0000.00,-0022.46,+0001.38,-0003.68,-0013.02
+1580946579.61,+0004.88,+0003.91,-0020.51,+0000.92,-0001.84,-0010.64
+1580946579.62,+0003.91,+0001.95,-0021.48,-0001.61,-0000.69,-0008.19
+1580946579.62,-0008.79,+0000.00,-0022.46,-0000.69,+0000.92,-0012.56
+1580946579.63,-0008.79,+0000.98,-0021.48,+0001.91,-0002.68,-0013.63
+1580946579.63,+0001.95,+0003.91,-0019.53,+0001.84,-0001.30,-0010.95
+1580946579.64,+0000.98,+0003.91,-0019.53,+0000.54,+0001.23,-0010.64
+1580946579.64,-0006.84,+0001.95,-0021.48,+0001.30,-0001.53,-0013.55
+1580946579.65,+0000.00,+0002.93,-0020.51,+0001.84,-0005.36,-0007.04
+1580946579.65,+0003.91,+0005.86,-0019.53,-0001.23,-0000.61,-0010.80
+1580946579.66,-0000.98,+0004.88,-0018.55,+0000.23,-0001.91,-0002.99
+1580946579.66,+0000.98,+0005.86,-0019.53,+0002.07,-0000.08,-0014.16
+1580946579.67,-0000.98,+0003.91,-0019.53,-0002.45,-0001.84,-0009.65
+1580946579.67,+0007.81,+0007.81,-0018.55,-0004.29,+0001.15,-0010.03
+1580946579.68,+0005.86,+0004.88,-0018.55,+0000.08,-0002.14,-0010.34
+1580946579.68,+0006.84,+0004.88,-0018.55,-0002.22,-0004.98,-0008.04
+1580946579.69,+0007.81,+0001.95,-0021.48,+0001.99,+0001.76,-0017.46
+1580946579.69,-0000.98,+0003.91,-0022.46,-0002.45,-0000.92,-0018.60
+1580946579.70,+0005.86,+0003.91,-0021.48,+0002.07,-0005.82,-0013.93
+1580946579.70,+0015.62,+0001.95,-0021.48,-0002.14,-0000.92,-0011.94
+1580946579.71,+0006.84,+0000.00,-0023.44,-0000.38,-0002.07,-0008.12
+1580946579.71,+0001.95,+0000.00,-0025.39,-0002.07,-0002.07,-0013.55
+1580946579.72,+0009.77,+0000.00,-0025.39,+0000.38,-0004.13,-0008.80
+1580946579.72,+0013.67,+0000.98,-0025.39,-0003.68,-0000.92,-0010.41
+1580946579.73,+0006.84,-0001.95,-0026.37,-0002.45,-0005.13,-0000.31
+1580946579.73,+0009.77,-0003.91,-0030.27,-0001.91,-0000.84,-0001.38
+1580946579.74,-0000.98,-0004.88,-0033.20,-0004.98,+0001.15,-0005.13
+1580946579.74,+0000.00,-0003.91,-0033.20,-0003.45,+0000.15,-0010.41
+1580946579.75,+0006.84,-0005.86,-0032.23,-0001.53,-0001.23,-0009.03
+1580946579.75,+0007.81,-0007.81,-0033.20,-0003.22,-0000.61,-0003.52
+1580946579.76,-0006.84,-0009.77,-0037.11,-0003.68,-0002.37,-0017.99
+1580946579.76,-0008.79,-0009.77,-0038.09,-0001.15,-0003.52,-0017.07
+1580946579.77,+0006.84,-0009.77,-0038.09,-0002.99,-0000.92,-0012.63
+1580946579.77,+0001.95,-0012.70,-0039.06,-0004.36,+0002.83,-0011.33
+1580946579.78,-0006.84,-0015.62,-0040.04,-0005.90,-0003.06,-0010.03
+1580946579.78,-0001.95,-0016.60,-0041.02,-0000.54,-0003.37,-0007.43
+1580946579.79,+0001.95,-0013.67,-0041.02,-0003.06,+0002.07,-0012.63
+1580946579.79,-0000.98,-0013.67,-0042.97,-0004.36,-0002.68,-0006.81
+1580946579.80,+0001.95,-0018.55,-0043.95,+0000.23,+0002.68,-0011.56
+1580946579.80,-0005.86,-0017.58,-0045.90,-0003.14,-0001.07,-0016.23
+1580946579.81,+0001.95,-0015.62,-0043.95,+0002.68,-0005.59,-0013.55
+1580946579.81,+0010.74,-0016.60,-0041.99,-0002.60,+0002.83,-0013.25
+1580946579.82,-0002.93,-0016.60,-0041.02,+0002.22,-0002.99,-0010.34
+1580946579.82,+0000.98,-0015.62,-0039.06,-0001.23,-0001.91,-0010.80
+1580946579.83,+0001.95,-0015.62,-0038.09,-0000.08,-0000.15,-0013.86
+1580946579.83,+0002.93,-0013.67,-0035.16,+0004.13,-0002.60,-0008.27
+1580946579.84,+0009.77,-0013.67,-0033.20,+0001.68,-0004.29,-0000.15
+1580946579.84,+0002.93,-0014.65,-0035.16,+0002.68,+0004.13,-0008.35
+1580946579.85,-0008.79,-0011.72,-0034.18,+0003.14,-0004.36,-0012.86
+1580946579.85,+0009.77,-0008.79,-0029.30,+0006.81,-0001.23,-0010.34
+1580946579.86,+0008.79,-0009.77,-0024.41,+0001.30,+0005.05,-0014.16
+1580946579.86,-0001.95,-0008.79,-0021.48,+0001.84,-0002.37,-0011.25
+1580946579.87,+0002.93,-0007.81,-0020.51,+0004.36,+0001.00,-0016.31
+1580946579.87,+0002.93,-0003.91,-0016.60,+0002.91,-0002.60,-0008.12
+1580946579.88,+0007.81,-0000.98,-0014.65,+0003.45,+0001.61,-0009.57
+1580946579.88,-0000.98,-0002.93,-0012.70,+0002.68,-0000.15,-0010.11
+1580946579.89,-0000.98,-0000.98,-0009.77,+0003.68,-0002.37,-0006.89
+1580946579.89,+0005.86,+0000.98,-0005.86,+0001.23,-0001.15,-0003.06
+1580946579.90,-0005.86,+0000.00,-0005.86,+0002.99,+0002.45,-0013.25
+1580946579.90,-0015.62,+0002.93,-0002.93,+0003.98,-0006.43,-0004.67
+1580946579.91,+0004.88,+0004.88,+0000.00,+0006.12,+0003.75,-0013.40
+1580946579.91,-0000.98,+0002.93,+0000.98,-0001.91,+0001.68,-0009.03
+1580946579.92,+0005.86,+0003.91,+0001.95,+0000.23,+0000.38,-0004.21
+1580946579.92,-0005.86,+0000.00,+0000.00,+0001.45,+0003.68,-0012.02
+1580946579.93,-0014.65,+0004.88,+0001.95,+0003.83,-0004.06,-0010.18
+1580946579.93,+0003.91,+0008.79,+0003.91,-0001.61,+0003.45,-0013.17
+1580946579.94,+0001.95,+0003.91,+0005.86,+0002.45,-0000.23,-0014.85
+1580946579.94,-0003.91,+0003.91,+0004.88,+0000.46,-0002.07,-0004.67
+1580946579.95,-0010.74,+0004.88,+0001.95,+0003.83,+0002.14,-0017.46
+1580946579.95,-0005.86,+0004.88,+0002.93,+0005.90,-0001.91,-0008.12
+1580946579.96,+0007.81,+0005.86,+0003.91,-0001.84,+0002.30,-0007.35
+1580946579.96,-0009.77,+0002.93,+0002.93,-0000.69,+0003.75,-0013.93
+1580946579.97,-0003.91,+0003.91,+0001.95,+0003.60,+0000.92,-0012.94
+1580946579.97,+0002.93,+0003.91,+0001.95,-0002.91,+0000.31,-0003.60
+1580946579.98,-0000.98,+0001.95,+0000.00,+0001.45,+0001.00,-0006.35
+1580946579.98,-0009.77,+0001.95,-0000.98,-0001.07,+0002.76,-0011.94
+1580946579.99,-0005.86,+0000.00,+0000.00,-0000.38,-0004.13,-0012.94
+1580946579.99,+0009.77,+0000.00,-0000.98,-0002.76,+0001.99,-0012.71
+1580946580.00,-0003.91,-0003.91,-0003.91,-0001.15,+0003.29,-0018.22
+1580946580.00,-0000.98,-0003.91,-0004.88,+0000.46,-0000.08,-0008.58
+1580946580.01,+0003.91,-0003.91,-0008.79,-0003.14,+0006.28,-0017.38
+1580946580.01,-0010.74,-0003.91,-0008.79,-0001.45,-0005.21,-0005.74
+1580946580.02,+0006.84,-0002.93,-0007.81,+0002.91,-0000.46,-0011.56
+1580946580.02,+0002.93,-0008.79,-0008.79,-0000.31,-0002.37,-0008.88
+1580946580.03,+0002.93,-0005.86,-0010.74,+0000.23,-0003.06,-0007.20
+1580946580.03,+0001.95,-0006.84,-0013.67,-0003.90,+0001.00,-0015.47
+1580946580.04,+0006.84,-0007.81,-0014.65,-0000.92,-0007.50,-0006.74
+1580946580.04,+0007.81,-0007.81,-0015.62,-0001.45,+0001.99,-0011.33
+1580946580.05,-0002.93,-0008.79,-0015.62,-0002.30,-0006.35,-0005.74
+1580946580.05,+0004.88,-0007.81,-0015.62,-0001.30,+0000.00,-0009.72
+1580946580.06,+0003.91,-0009.77,-0015.62,+0000.77,-0003.14,-0002.22
+1580946580.06,+0001.95,-0009.77,-0018.55,+0000.38,+0003.60,-0008.88
+1580946580.07,-0006.84,-0012.70,-0019.53,+0000.54,-0000.23,-0013.70
+1580946580.07,+0001.95,-0011.72,-0018.55,+0000.61,-0005.05,-0008.12
+1580946580.08,-0000.98,-0009.77,-0018.55,-0004.82,+0001.61,-0013.25
+1580946580.08,-0008.79,-0010.74,-0019.53,+0001.07,-0005.82,-0007.50
+1580946580.09,-0000.98,-0010.74,-0020.51,-0000.15,+0001.99,-0015.62
+1580946580.09,-0000.98,-0011.72,-0018.55,-0000.23,-0002.76,-0003.60
+1580946580.10,+0004.88,-0008.79,-0018.55,-0001.84,+0002.53,-0010.95
+1580946580.10,-0007.81,-0009.77,-0018.55,-0002.99,-0000.23,-0012.17
+1580946580.11,-0001.95,-0006.84,-0017.58,+0002.37,-0004.67,-0008.04
+1580946580.11,+0003.91,-0006.84,-0017.58,-0000.69,-0003.83,-0007.27
+1580946580.12,+0003.91,-0007.81,-0018.55,-0000.46,+0002.45,-0010.72
+1580946580.12,-0006.84,-0007.81,-0017.58,+0000.15,-0001.38,-0014.16
+1580946580.13,+0001.95,-0005.86,-0016.60,+0002.45,-0001.61,-0006.05
+1580946580.13,+0007.81,-0003.91,-0015.62,-0002.99,+0004.98,-0009.11
+1580946580.14,-0007.81,-0003.91,-0016.60,+0002.76,-0000.15,-0010.80
+1580946580.14,-0002.93,-0003.91,-0015.62,-0001.99,-0003.83,-0008.80
+1580946580.15,+0007.81,-0002.93,-0014.65,-0002.37,-0000.54,-0002.07
+1580946580.15,+0003.91,-0003.91,-0014.65,+0002.37,+0003.29,-0009.80
+1580946580.16,-0008.79,-0003.91,-0014.65,-0004.21,-0001.99,-0013.02
+1580946580.16,+0005.86,-0003.91,-0014.65,+0000.92,+0000.61,-0016.00
+1580946580.17,+0002.93,-0001.95,-0014.65,-0002.53,+0002.83,-0017.76
+1580946580.17,-0001.95,-0001.95,-0013.67,+0003.90,-0004.98,-0010.87
+1580946580.18,+0005.86,-0003.91,-0012.70,-0003.45,+0000.84,-0014.85
+1580946580.18,+0004.88,-0003.91,-0013.67,-0002.68,-0000.54,-0006.74
+1580946580.19,+0002.93,-0001.95,-0013.67,+0001.76,+0000.08,-0008.58
+1580946580.19,-0000.98,-0003.91,-0013.67,-0002.60,-0002.60,-0012.40
+1580946580.20,+0009.77,-0001.95,-0012.70,-0002.37,+0005.13,-0009.72
+1580946580.20,+0001.95,-0001.95,-0013.67,+0003.52,-0001.00,-0009.26
+1580946580.21,+0000.00,-0002.93,-0011.72,-0001.68,-0003.60,-0005.21
+1580946580.21,+0005.86,-0001.95,-0010.74,+0002.14,-0001.07,-0009.95
+1580946580.22,-0001.95,+0000.00,-0010.74,+0003.75,-0004.67,-0002.22
+1580946580.22,+0008.79,+0000.00,-0011.72,+0000.23,+0004.06,-0010.57
+1580946580.23,-0004.88,-0002.93,-0012.70,+0001.38,+0001.15,-0012.17
+1580946580.23,-0002.93,+0000.00,-0010.74,+0002.45,-0002.76,-0008.58
+1580946580.24,+0001.95,+0000.00,-0009.77,-0001.91,+0003.37,-0011.64
+1580946580.24,-0003.91,+0000.00,-0009.77,+0004.59,+0001.91,-0013.25
+1580946580.25,-0002.93,+0001.95,-0009.77,-0001.45,-0001.84,-0011.56
+1580946580.25,+0001.95,+0000.98,-0009.77,+0000.00,+0001.38,-0009.19
+1580946580.26,-0005.86,+0001.95,-0009.77,-0001.76,+0003.22,-0009.88
+1580946580.26,-0005.86,+0005.86,-0008.79,+0005.59,-0002.60,-0013.70
+1580946580.27,+0007.81,+0002.93,-0006.84,+0004.06,+0002.83,-0009.95
+1580946580.27,+0000.00,+0004.88,-0005.86,-0001.76,+0002.76,-0011.48
+1580946580.28,-0015.62,+0004.88,-0005.86,+0002.14,-0000.08,-0014.55
+1580946580.28,-0000.98,+0007.81,-0004.88,+0004.75,-0005.28,-0013.02
+1580946580.29,+0005.86,+0006.84,-0003.91,+0004.59,-0001.99,-0006.81
+1580946580.29,+0000.98,+0007.81,-0005.86,-0004.29,+0002.99,-0009.49
+1580946580.30,-0012.70,+0003.91,-0006.84,+0002.07,+0000.46,-0017.15
+1580946580.30,+0000.98,+0007.81,-0004.88,+0002.45,-0000.77,-0009.72
+1580946580.31,+0014.65,+0009.77,-0001.95,-0002.45,+0001.76,-0007.04
+1580946580.31,+0001.95,+0006.84,-0003.91,-0001.61,-0001.38,-0009.88
+1580946580.32,-0002.93,+0006.84,-0005.86,-0000.31,-0005.44,-0011.48
+1580946580.32,+0012.70,+0007.81,-0004.88,-0000.31,+0000.08,-0008.65
+1580946580.33,+0017.58,+0006.84,-0003.91,-0003.68,-0003.83,-0000.77
+1580946580.33,+0006.84,+0004.88,-0006.84,-0000.61,+0002.83,-0012.25
+1580946580.34,-0004.88,+0004.88,-0006.84,+0002.68,-0005.97,-0002.45
+1580946580.34,+0020.51,+0006.84,-0006.84,-0000.54,+0002.22,-0016.00
+1580946580.35,+0008.79,+0002.93,-0008.79,-0006.89,+0003.75,-0005.44
+1580946580.35,-0004.88,+0001.95,-0010.74,+0003.90,-0001.76,-0009.65
+1580946580.36,+0004.88,+0000.00,-0011.72,+0001.84,+0002.68,-0016.46
+1580946580.36,+0001.95,+0000.98,-0012.70,-0004.67,-0001.99,-0007.27
+1580946580.37,+0005.86,+0000.00,-0013.67,+0001.53,+0001.68,-0010.11
+1580946580.37,-0001.95,-0002.93,-0015.62,-0001.91,+0002.68,-0009.11
+1580946580.38,-0007.81,-0002.93,-0018.55,+0003.14,-0001.45,-0007.12
+1580946580.38,-0005.86,-0001.95,-0018.55,-0006.12,+0001.38,-0008.96
+1580946580.39,-0001.95,-0004.88,-0017.58,-0002.91,-0000.77,-0004.21
+1580946580.39,-0004.88,-0005.86,-0017.58,-0001.38,+0000.38,-0006.89
+1580946580.40,-0006.84,-0006.84,-0020.51,-0002.22,-0002.68,-0008.58
+1580946580.40,-0004.88,-0007.81,-0024.41,-0003.45,-0000.61,-0009.72
+1580946580.41,-0008.79,-0007.81,-0025.39,-0001.23,-0001.99,-0011.71
+1580946580.41,-0002.93,-0007.81,-0024.41,-0001.68,+0001.07,-0011.64
+1580946580.42,-0003.91,-0007.81,-0024.41,+0000.23,-0000.31,-0017.46
+1580946580.42,-0003.91,-0009.77,-0024.41,-0004.36,-0004.52,-0009.19
+1580946580.43,+0000.00,-0006.84,-0024.41,-0005.82,+0002.07,-0013.17
+1580946580.43,-0002.93,-0007.81,-0024.41,+0002.83,-0004.67,-0005.90
+1580946580.44,+0004.88,-0006.84,-0023.44,-0000.61,+0002.22,-0005.97
+1580946580.44,-0006.84,-0007.81,-0024.41,+0002.14,-0005.67,-0010.95
+1580946580.45,+0001.95,-0003.91,-0024.41,+0001.91,-0004.98,-0008.80
+1580946580.45,+0011.72,-0004.88,-0023.44,+0000.46,+0002.83,-0010.57
+1580946580.46,-0004.88,-0004.88,-0023.44,+0001.38,+0002.99,-0012.33
+1580946580.46,-0000.98,-0003.91,-0020.51,+0001.84,-0002.30,-0011.56
+1580946580.47,+0008.79,-0002.93,-0017.58,+0002.45,+0002.83,-0016.00
+1580946580.47,+0000.00,+0000.00,-0014.65,+0000.46,+0001.07,-0013.70
+1580946580.48,+0003.91,+0000.98,-0015.62,-0001.07,+0000.54,-0013.55
+1580946580.48,+0006.84,-0001.95,-0015.62,+0002.99,-0001.38,-0006.20
+1580946580.49,+0003.91,+0000.98,-0015.62,-0000.31,+0001.07,-0008.73
+1580946580.49,-0001.95,+0000.98,-0014.65,+0001.30,+0001.07,-0011.56
+1580946580.50,+0008.79,+0001.95,-0011.72,+0001.07,+0000.31,-0005.82
+1580946580.50,+0008.79,+0001.95,-0009.77,-0001.61,-0000.08,-0001.38
+1580946580.51,-0001.95,+0000.98,-0009.77,+0000.08,+0004.36,-0007.35
+1580946580.51,-0009.77,+0001.95,-0009.77,+0002.91,-0002.60,-0010.34
+1580946580.52,+0006.84,+0003.91,-0007.81,+0000.77,+0000.69,-0006.74
+1580946580.52,+0004.88,+0000.98,-0007.81,-0000.61,+0005.21,-0012.94
+1580946580.53,-0013.67,+0000.98,-0008.79,+0003.90,-0002.22,-0010.87
+1580946580.53,-0004.88,+0002.93,-0007.81,+0001.91,+0000.77,-0009.42
+1580946580.54,-0001.95,+0001.95,-0006.84,+0001.61,+0005.67,-0014.39
+1580946580.54,-0008.79,+0002.93,-0005.86,-0000.77,-0003.29,-0006.66
+1580946580.55,-0004.88,+0000.98,-0006.84,+0001.61,+0000.61,-0010.72
+1580946580.55,-0007.81,+0001.95,-0006.84,-0002.14,-0008.42,-0002.83
+1580946580.56,+0011.72,+0002.93,-0006.84,+0001.38,+0000.23,-0004.98
+1580946580.56,-0002.93,+0000.00,-0009.77,-0005.36,+0005.36,-0008.04
+1580946580.57,-0009.77,+0001.95,-0009.77,+0001.38,-0004.75,-0013.55
+1580946580.57,+0008.79,+0002.93,-0007.81,-0000.23,+0001.76,-0020.21
+1580946580.58,+0009.77,+0002.93,-0005.86,+0001.15,-0006.51,-0006.51
+1580946580.58,+0003.91,+0001.95,-0007.81,-0001.68,+0005.59,-0011.10
+1580946580.59,-0006.84,+0000.00,-0007.81,+0000.31,-0005.13,-0011.79
+1580946580.59,+0012.70,+0003.91,-0007.81,+0001.07,-0000.77,-0011.33
+1580946580.60,+0010.74,+0001.95,-0007.81,-0004.29,+0003.52,-0010.18
+1580946580.60,+0000.98,+0001.95,-0009.77,-0003.98,+0000.00,-0006.97
+1580946580.61,+0005.86,-0001.95,-0009.77,+0002.30,-0000.54,-0012.17
+1580946580.61,+0013.67,+0001.95,-0008.79,+0000.23,-0005.67,-0002.07
+1580946580.62,+0010.74,+0000.98,-0008.79,+0002.45,+0004.13,-0003.90
+1580946580.62,-0008.79,-0000.98,-0010.74,+0000.61,-0005.51,-0020.14
+1580946580.63,+0008.79,+0001.95,-0008.79,+0001.99,-0005.59,-0008.04
+1580946580.63,+0017.58,+0000.00,-0009.77,-0002.45,+0010.18,-0015.08
+1580946580.64,-0004.88,-0000.98,-0010.74,-0001.61,-0005.74,-0006.51
+1580946580.64,+0006.84,-0002.93,-0012.70,+0000.61,+0003.83,-0017.53
+1580946580.65,+0001.95,-0001.95,-0012.70,+0000.61,-0000.31,-0014.09
+1580946580.65,+0010.74,+0001.95,-0010.74,+0000.84,-0003.37,-0001.45
+1580946580.66,+0004.88,-0001.95,-0010.74,-0004.06,-0000.31,-0008.65
+1580946580.66,-0004.88,-0001.95,-0011.72,+0003.06,-0003.52,-0001.00
+1580946580.67,+0004.88,+0000.98,-0012.70,+0000.15,-0000.08,-0009.72
+1580946580.67,+0005.86,+0000.00,-0011.72,+0001.84,+0004.82,-0008.27
+1580946580.68,-0003.91,+0000.98,-0012.70,-0001.30,+0000.69,-0008.04
+1580946580.68,-0005.86,-0000.98,-0012.70,-0000.38,-0001.84,-0011.87
+1580946580.69,+0002.93,+0000.00,-0013.67,-0000.84,-0001.38,-0014.47
+1580946580.69,+0000.98,+0000.00,-0013.67,+0000.31,-0002.76,-0011.25
+1580946580.70,-0000.98,+0000.00,-0014.65,-0002.83,-0000.61,-0011.64
+1580946580.70,-0004.88,-0000.98,-0014.65,+0002.07,-0000.61,-0011.10
+1580946580.71,+0000.00,+0000.00,-0013.67,+0000.77,-0000.69,-0006.97
+1580946580.71,+0000.98,-0000.98,-0014.65,-0000.38,+0003.37,-0014.24
+1580946580.72,-0006.84,+0000.00,-0014.65,+0001.30,-0003.37,-0010.64
+1580946580.72,+0001.95,+0000.98,-0013.67,+0001.91,-0003.75,-0011.25
+1580946580.73,+0006.84,+0000.00,-0013.67,+0001.76,+0001.76,-0009.65
+1580946580.73,-0003.91,+0002.93,-0014.65,+0000.15,-0000.84,-0010.87
+1580946580.74,+0000.00,+0000.00,-0013.67,-0003.06,-0003.06,-0010.72
+1580946580.74,+0004.88,+0000.00,-0014.65,-0002.76,+0002.91,-0014.62
+1580946580.75,-0001.95,+0001.95,-0014.65,+0003.37,-0001.53,-0011.94
+1580946580.75,+0000.98,+0000.98,-0014.65,-0003.06,-0000.54,-0011.64
+1580946580.76,+0004.88,+0000.00,-0014.65,+0002.68,+0001.30,-0011.79
+1580946580.76,-0002.93,+0001.95,-0014.65,-0001.07,-0001.15,-0014.24
+1580946580.77,+0000.98,+0001.95,-0013.67,+0002.37,-0001.99,-0010.80
+1580946580.77,+0006.84,+0001.95,-0012.70,-0001.00,+0000.84,-0010.87
+1580946580.78,+0001.95,+0002.93,-0013.67,-0000.84,+0000.38,-0010.80
+1580946580.78,+0000.98,+0001.95,-0013.67,+0000.15,-0002.53,-0009.42
+1580946580.79,+0012.70,+0003.91,-0011.72,+0001.84,-0002.45,-0007.89
+1580946580.79,+0012.70,+0003.91,-0011.72,-0002.14,+0000.69,-0002.07
+1580946580.80,-0001.95,+0003.91,-0012.70,-0000.69,-0002.45,-0010.34
+1580946580.80,+0000.98,+0002.93,-0012.70,-0000.54,-0001.76,-0006.43
+1580946580.81,+0007.81,+0004.88,-0011.72,+0000.46,+0002.53,-0009.80
+1580946580.81,-0001.95,+0003.91,-0011.72,+0002.22,-0001.00,-0008.35
+1580946580.82,-0002.93,+0002.93,-0011.72,-0000.54,+0003.22,-0015.85
+1580946580.82,-0000.98,+0001.95,-0011.72,+0003.52,+0001.38,-0012.71
+1580946580.83,-0002.93,+0005.86,-0011.72,+0000.38,-0000.31,-0009.42
+1580946580.83,-0008.79,+0002.93,-0010.74,-0001.45,-0001.45,-0002.68
+1580946580.84,-0001.95,+0001.95,-0009.77,+0000.23,+0001.00,-0002.45
+1580946580.84,-0007.81,+0001.95,-0010.74,-0001.99,+0007.20,-0012.02
+1580946580.85,-0010.74,+0002.93,-0010.74,+0001.15,-0004.36,-0008.35
+1580946580.85,+0005.86,+0001.95,-0010.74,-0002.53,+0000.15,-0007.96
+1580946580.86,-0003.91,+0000.00,-0010.74,+0002.30,+0003.83,-0013.09
+1580946580.86,-0008.79,+0001.95,-0010.74,-0002.14,-0004.67,-0013.86
+1580946580.87,+0003.91,+0000.98,-0012.70,-0000.08,+0001.61,-0018.76
+1580946580.87,+0001.95,+0001.95,-0012.70,-0001.68,-0001.30,-0009.88
+1580946580.88,+0001.95,+0001.95,-0013.67,+0004.98,+0001.53,-0013.32
+1580946580.88,-0000.98,+0000.00,-0013.67,+0005.21,-0003.45,-0009.57
+1580946580.89,+0001.95,+0002.93,-0013.67,+0001.61,+0001.76,-0007.89
+1580946580.89,+0001.95,+0004.88,-0011.72,-0002.14,-0000.31,-0009.95
+1580946580.90,+0006.84,+0004.88,-0010.74,+0002.99,-0004.13,-0005.97
+1580946580.90,+0006.84,+0001.95,-0011.72,+0002.83,+0004.29,-0010.49
+1580946580.91,-0002.93,+0002.93,-0013.67,-0003.22,-0003.06,-0014.24
+1580946580.91,+0005.86,+0002.93,-0012.70,+0001.84,-0002.37,-0010.18
+1580946580.92,+0008.79,+0003.91,-0011.72,-0003.45,-0000.61,-0010.18
+1580946580.92,+0000.00,+0002.93,-0012.70,+0001.23,+0001.00,-0015.01
+1580946580.93,+0000.00,+0002.93,-0013.67,-0002.83,-0000.08,-0015.70
+1580946580.93,+0008.79,+0000.00,-0012.70,+0003.06,-0002.76,-0008.27
+1580946580.94,+0008.79,+0001.95,-0012.70,-0003.22,+0003.22,-0009.72
+1580946580.94,-0010.74,-0000.98,-0014.65,-0000.31,-0000.92,-0006.66
+1580946580.95,-0000.98,+0001.95,-0015.62,+0002.68,+0000.69,-0011.18
+1580946580.95,+0005.86,+0000.98,-0012.70,-0000.46,+0000.92,+0000.23
+1580946580.96,+0003.91,+0000.98,-0013.67,-0002.37,+0004.13,-0005.44
+1580946580.96,-0013.67,-0002.93,-0016.60,-0003.22,-0001.23,-0007.96
+1580946580.97,-0003.91,-0001.95,-0017.58,+0003.14,-0001.68,-0010.26
+1580946580.97,+0001.95,-0001.95,-0017.58,+0000.08,+0001.91,-0013.17
+1580946580.98,-0003.91,-0000.98,-0017.58,-0005.21,-0000.77,-0005.97
+1580946580.98,-0009.77,-0005.86,-0018.55,+0001.68,+0001.99,-0014.62
+1580946580.99,-0005.86,-0003.91,-0019.53,+0001.23,+0002.68,-0012.86
+1580946580.99,-0003.91,-0002.93,-0019.53,-0002.22,-0001.76,-0009.49
+1580946581.00,-0001.95,-0005.86,-0020.51,-0001.84,-0000.54,-0010.80
+1580946581.00,-0002.93,-0004.88,-0021.48,+0000.00,-0001.61,-0008.35
+1580946581.01,-0004.88,-0007.81,-0022.46,+0004.29,-0000.77,-0011.64
+1580946581.01,-0004.88,-0005.86,-0022.46,-0004.82,-0003.60,-0013.09
+1580946581.02,+0003.91,-0005.86,-0021.48,+0003.37,-0002.45,-0008.50
+1580946581.02,+0000.98,-0006.84,-0021.48,-0001.45,+0002.37,-0013.93
+1580946581.03,-0006.84,-0006.84,-0021.48,+0003.75,-0004.13,-0011.03
+1580946581.03,+0006.84,-0003.91,-0020.51,-0001.07,-0003.52,-0006.12
+1580946581.04,+0001.95,-0005.86,-0020.51,+0001.68,+0007.20,-0015.93
+1580946581.04,-0010.74,-0004.88,-0020.51,+0002.99,-0002.30,-0012.25
+1580946581.05,+0005.86,-0004.88,-0019.53,+0000.23,+0000.69,-0007.73
+1580946581.05,+0001.95,-0006.84,-0019.53,-0000.92,+0003.83,-0011.10
+1580946581.06,-0007.81,-0004.88,-0020.51,+0000.69,-0001.53,-0005.97
+1580946581.06,-0005.86,-0004.88,-0019.53,+0002.60,-0002.91,-0012.86
+1580946581.07,+0009.77,-0003.91,-0016.60,+0003.83,-0001.15,-0009.57
+1580946581.07,+0008.79,-0003.91,-0016.60,+0000.08,-0001.07,-0002.37
+1580946581.08,-0010.74,-0005.86,-0019.53,+0003.45,-0002.83,-0011.64
+1580946581.08,-0006.84,-0003.91,-0017.58,+0002.68,-0004.59,-0016.08
+1580946581.09,+0012.70,-0000.98,-0014.65,+0004.06,-0000.84,-0009.72
+1580946581.09,+0004.88,-0000.98,-0013.67,-0001.99,+0003.52,-0008.42
+1580946581.10,-0007.81,-0002.93,-0014.65,-0002.22,-0003.98,-0012.56
+1580946581.10,+0002.93,-0002.93,-0014.65,+0001.99,-0002.99,-0007.43
+1580946581.11,+0011.72,+0000.98,-0013.67,+0001.84,+0001.23,-0007.35
+1580946581.11,-0003.91,+0000.00,-0013.67,+0001.53,-0000.38,-0004.75
+1580946581.12,-0004.88,-0001.95,-0013.67,+0001.99,-0001.61,-0009.95
+1580946581.12,-0001.95,-0001.95,-0011.72,-0001.76,-0001.45,-0011.41
+1580946581.13,+0006.84,+0002.93,-0009.77,+0002.45,-0000.31,-0007.50
+1580946581.13,+0000.98,-0000.98,-0008.79,+0000.77,-0004.29,-0004.59
+1580946581.14,+0000.00,-0001.95,-0009.77,-0000.69,+0002.30,-0008.58
+1580946581.14,-0008.79,-0000.98,-0011.72,+0001.68,+0001.38,-0017.23
+1580946581.15,+0004.88,+0000.98,-0010.74,+0001.68,+0003.06,-0013.32
+1580946581.15,+0002.93,+0000.00,-0010.74,-0000.46,+0002.99,-0015.16
+1580946581.16,-0008.79,-0000.98,-0010.74,+0003.06,-0004.21,-0008.35
+1580946581.16,+0002.93,+0000.00,-0009.77,+0000.00,-0000.54,-0008.96
+1580946581.17,+0005.86,-0000.98,-0008.79,+0001.30,-0002.91,-0006.43
+1580946581.17,+0000.00,+0000.98,-0010.74,-0001.15,+0003.14,-0007.73
+1580946581.18,-0003.91,-0000.98,-0010.74,+0001.99,-0001.61,-0013.17
+1580946581.18,-0000.98,-0000.98,-0010.74,+0000.84,+0003.22,-0015.01
+1580946581.18,+0000.00,+0000.98,-0009.77,+0002.60,-0004.82,-0009.11
+1580946581.19,+0000.00,-0000.98,-0009.77,+0000.69,+0004.90,-0014.85
+1580946581.19,-0001.95,-0000.98,-0009.77,+0000.15,-0002.30,-0009.57
+1580946581.20,+0003.91,+0000.00,-0010.74,+0001.07,+0000.69,-0010.26
+1580946581.20,+0000.00,-0000.98,-0010.74,-0001.38,+0000.00,-0010.41
+1580946581.21,-0000.98,+0000.98,-0011.72,+0004.44,-0000.08,-0010.57
+1580946581.21,+0000.98,-0000.98,-0010.74,+0002.76,-0004.29,-0007.43
+1580946581.22,+0008.79,-0000.98,-0009.77,+0000.08,+0002.99,-0011.87
+1580946581.22,-0001.95,-0000.98,-0010.74,+0000.38,-0001.76,-0011.94
+1580946581.23,+0002.93,-0000.98,-0010.74,+0000.84,-0002.22,-0008.65
+1580946581.23,+0005.86,+0000.00,-0010.74,-0001.76,-0001.07,-0008.96
+1580946581.24,+0008.79,+0000.98,-0010.74,+0001.30,-0002.99,-0007.04
+1580946581.24,+0002.93,-0001.95,-0012.70,-0000.77,+0002.99,-0013.32
+1580946581.25,+0003.91,-0001.95,-0011.72,+0000.54,-0003.83,-0005.28
+1580946581.25,+0016.60,+0000.00,-0012.70,-0001.38,+0000.77,-0006.58
+1580946581.26,+0004.88,-0001.95,-0013.67,-0001.91,-0000.61,-0005.67
+1580946581.26,+0000.00,-0001.95,-0013.67,+0001.07,-0002.60,-0006.66
+1580946581.27,+0002.93,-0002.93,-0013.67,+0002.83,-0000.54,-0013.78
+1580946581.27,+0004.88,+0000.00,-0011.72,-0001.91,+0000.46,-0007.27
+1580946581.28,+0004.88,-0002.93,-0012.70,+0001.84,+0000.77,-0009.26
+1580946581.28,-0005.86,-0004.88,-0012.70,+0002.22,-0003.75,-0009.72
+1580946581.29,-0001.95,-0003.91,-0011.72,-0002.07,-0000.92,-0005.74
+1580946581.29,+0003.91,-0003.91,-0011.72,+0000.84,+0005.21,-0013.32
+1580946581.30,-0006.84,-0003.91,-0011.72,-0000.61,-0002.60,-0008.27
+1580946581.30,+0000.00,-0004.88,-0012.70,-0001.99,+0000.08,-0008.50
+1580946581.31,-0003.91,-0006.84,-0014.65,-0002.99,+0000.92,-0012.63
+1580946581.31,-0006.84,-0003.91,-0014.65,+0001.45,+0000.08,-0010.49
+1580946581.32,-0003.91,-0005.86,-0014.65,+0002.91,-0002.68,-0010.34
+1580946581.32,+0001.95,-0004.88,-0013.67,+0000.00,+0005.21,-0015.08
+1580946581.33,-0006.84,-0003.91,-0013.67,+0002.76,-0006.66,-0010.80
+1580946581.33,+0001.95,-0003.91,-0012.70,+0000.08,-0002.07,-0007.20
+1580946581.34,+0000.00,-0003.91,-0012.70,-0001.45,-0000.46,-0011.18
+1580946581.34,+0000.00,-0002.93,-0012.70,+0004.90,-0003.98,-0008.50
+1580946581.35,+0005.86,-0001.95,-0011.72,-0005.90,+0001.23,-0009.26
+1580946581.35,+0001.95,-0001.95,-0011.72,-0003.98,+0000.84,-0009.57
+1580946581.36,+0000.98,-0001.95,-0012.70,+0004.06,+0000.38,-0018.38
+1580946581.36,+0008.79,+0000.00,-0011.72,+0000.46,-0006.28,-0009.49
+1580946581.37,+0014.65,-0001.95,-0011.72,+0002.76,+0001.45,-0010.11
+1580946581.37,-0002.93,-0001.95,-0010.74,-0002.68,-0004.98,-0014.01
+1580946581.38,+0004.88,+0000.98,-0008.79,+0003.45,-0006.12,-0007.96
+1580946581.38,+0020.51,+0001.95,-0006.84,-0001.53,+0003.83,-0011.64
+1580946581.39,+0005.86,+0001.95,-0006.84,-0005.36,-0001.84,-0002.30
+1580946581.39,+0004.88,-0000.98,-0008.79,+0003.06,+0001.84,-0011.87
+1580946581.40,+0000.98,+0000.00,-0009.77,+0000.08,+0000.15,-0013.86
+1580946581.40,+0010.74,+0002.93,-0009.77,+0005.21,-0003.83,-0005.67
+1580946581.41,+0010.74,-0000.98,-0008.79,+0000.08,+0004.82,-0008.04
+1580946581.41,-0009.77,-0001.95,-0009.77,+0000.38,+0000.84,-0009.88
+1580946581.42,-0001.95,+0000.00,-0009.77,+0002.68,-0005.21,-0006.81
+1580946581.42,+0008.79,-0000.98,-0009.77,+0000.08,+0004.29,-0012.02
+1580946581.43,-0005.86,-0001.95,-0009.77,-0000.31,+0000.61,-0012.33
+1580946581.43,-0007.81,-0000.98,-0009.77,-0000.61,-0000.92,-0015.08
+1580946581.44,+0001.95,-0001.95,-0010.74,-0002.37,-0004.06,-0008.27
+1580946581.44,+0000.00,-0000.98,-0012.70,-0003.14,+0003.22,-0011.87
+1580946581.45,-0013.67,-0001.95,-0013.67,-0001.76,-0004.52,-0009.88
+1580946581.45,+0000.00,-0001.95,-0012.70,+0003.75,-0002.14,-0011.41
+1580946581.46,+0006.84,-0002.93,-0011.72,+0000.38,+0005.28,-0008.73
+1580946581.46,-0007.81,-0000.98,-0014.65,-0002.45,-0000.69,-0010.41
+1580946581.47,-0008.79,-0002.93,-0015.62,-0000.31,-0002.99,-0013.02
+1580946581.47,+0001.95,-0000.98,-0014.65,+0002.37,-0000.61,-0015.24
+1580946581.48,+0005.86,+0000.00,-0013.67,+0004.06,-0001.07,-0008.19
+1580946581.48,+0000.00,+0000.00,-0014.65,-0003.37,+0001.99,-0013.02
+1580946581.49,-0004.88,-0001.95,-0015.62,+0003.45,-0004.90,-0013.55
+1580946581.49,+0008.79,+0001.95,-0013.67,-0002.91,+0001.07,-0009.80
+1580946581.50,+0006.84,+0001.95,-0012.70,+0000.15,+0001.53,-0010.49
+1580946581.50,-0001.95,+0000.98,-0013.67,-0002.14,-0002.45,-0008.96
+1580946581.51,+0002.93,+0000.00,-0013.67,+0002.76,+0000.92,-0013.55
+1580946581.51,+0009.77,+0003.91,-0012.70,-0000.92,-0003.45,-0004.59
+1580946581.52,+0014.65,+0001.95,-0011.72,+0000.84,+0004.06,-0007.12
+1580946581.52,-0005.86,-0000.98,-0014.65,-0000.38,+0002.99,-0014.93
+1580946581.53,-0000.98,+0002.93,-0012.70,+0003.06,-0004.44,-0011.48
+1580946581.53,+0014.65,+0003.91,-0010.74,-0002.30,+0003.06,-0011.48
+1580946581.54,+0004.88,+0001.95,-0010.74,+0001.07,+0002.07,-0006.43
+1580946581.54,-0005.86,+0001.95,-0011.72,-0001.30,+0001.07,-0010.49
+1580946581.55,-0005.86,+0001.95,-0011.72,+0001.38,-0003.98,-0007.43
+1580946581.55,+0010.74,+0005.86,-0009.77,+0001.00,+0004.52,-0009.65
+1580946581.56,+0000.00,+0002.93,-0009.77,-0003.14,+0000.84,-0007.50
+1580946581.56,-0006.84,+0001.95,-0010.74,-0001.30,-0000.46,-0005.13
+1580946581.57,-0001.95,+0003.91,-0011.72,-0003.90,-0002.76,-0008.88
+1580946581.57,+0003.91,+0004.88,-0011.72,+0002.91,+0000.54,-0005.90
+1580946581.58,-0001.95,+0003.91,-0012.70,-0001.30,+0003.83,-0009.11
+1580946581.58,-0007.81,+0003.91,-0012.70,-0001.30,-0004.29,-0007.96
+1580946581.59,+0007.81,+0004.88,-0012.70,+0001.91,+0000.08,-0010.49
+1580946581.59,-0001.95,+0004.88,-0013.67,-0001.53,+0000.61,-0012.10
+1580946581.60,-0002.93,+0005.86,-0013.67,+0001.07,-0002.99,-0005.74
+1580946581.60,+0003.91,+0005.86,-0013.67,-0001.38,+0002.14,-0012.71
+1580946581.61,-0000.98,+0005.86,-0013.67,+0002.07,-0004.82,-0005.28
+1580946581.61,+0001.95,+0005.86,-0013.67,-0003.45,+0001.99,-0009.11
+1580946581.62,-0004.88,+0004.88,-0015.62,-0002.53,-0002.53,-0009.80
+1580946581.62,+0000.98,+0006.84,-0015.62,+0002.99,-0000.31,-0010.95
+1580946581.63,+0002.93,+0005.86,-0014.65,-0002.07,+0001.91,-0011.87
+1580946581.63,-0000.98,+0003.91,-0014.65,-0000.61,-0001.45,-0011.18
+1580946581.64,+0000.98,+0003.91,-0014.65,+0000.61,+0002.68,-0015.24
+1580946581.64,+0000.00,+0004.88,-0015.62,+0000.31,-0001.30,-0011.10
+1580946581.65,+0000.98,+0005.86,-0015.62,+0001.30,+0000.15,-0011.03
+1580946581.65,+0001.95,+0003.91,-0016.60,-0000.46,+0000.08,-0011.79
+1580946581.66,+0001.95,+0002.93,-0016.60,-0001.61,-0003.22,-0005.67
+1580946581.66,+0005.86,+0002.93,-0017.58,-0000.84,+0001.07,-0009.03
+1580946581.67,-0003.91,+0001.95,-0018.55,-0002.07,+0000.38,-0010.57
+1580946581.67,+0000.00,+0003.91,-0019.53,+0001.61,+0001.07,-0014.70
+1580946581.68,+0003.91,+0002.93,-0017.58,-0003.22,-0002.30,-0011.94
+1580946581.68,+0006.84,+0001.95,-0017.58,-0000.31,+0000.38,-0007.12
+1580946581.69,-0000.98,+0000.00,-0019.53,-0001.15,-0000.77,-0013.17
+1580946581.69,+0000.00,+0001.95,-0019.53,+0000.92,-0002.91,-0010.49
+1580946581.70,+0010.74,+0002.93,-0018.55,-0001.53,+0001.30,-0008.58
+1580946581.70,+0002.93,+0001.95,-0018.55,-0001.15,+0002.91,-0010.80
+1580946581.71,-0001.95,+0001.95,-0019.53,-0001.45,-0004.90,-0009.80
+1580946581.71,+0014.65,+0001.95,-0018.55,+0000.15,-0003.60,-0006.05
+1580946581.72,+0008.79,+0001.95,-0019.53,-0001.00,+0004.75,-0009.34
+1580946581.72,+0000.00,+0001.95,-0020.51,+0001.61,-0005.74,-0007.73
+1580946581.73,+0009.77,+0001.95,-0021.48,-0002.30,-0002.22,-0004.29
+1580946581.73,+0009.77,+0000.98,-0021.48,+0002.68,+0002.22,-0012.17
+1580946581.74,+0000.98,+0002.93,-0021.48,-0001.15,+0000.46,-0009.34
+1580946581.74,+0001.95,+0000.98,-0021.48,-0000.31,+0000.23,-0010.57
+1580946581.75,+0002.93,+0000.00,-0020.51,-0003.37,+0002.22,-0007.50
+1580946581.75,-0001.95,+0001.95,-0021.48,-0000.46,+0000.46,-0009.11
+1580946581.76,-0004.88,-0000.98,-0022.46,+0002.99,-0000.38,-0009.80
+1580946581.76,+0000.98,-0001.95,-0023.44,-0000.61,+0002.07,-0013.63
+1580946581.77,-0007.81,-0000.98,-0023.44,+0000.61,+0000.38,-0015.47
+1580946581.77,-0005.86,-0001.95,-0023.44,-0000.23,-0001.99,-0006.28
+1580946581.78,-0003.91,-0003.91,-0023.44,-0003.75,+0000.00,-0015.24
+1580946581.78,-0004.88,-0002.93,-0023.44,-0000.08,-0004.29,-0005.74
+1580946581.79,+0001.95,-0003.91,-0024.41,-0003.22,+0000.15,-0009.42
+1580946581.79,-0004.88,-0004.88,-0024.41,+0000.61,-0002.60,-0007.50
+1580946581.80,-0000.98,-0002.93,-0024.41,-0002.45,-0004.06,-0006.35
+1580946581.80,+0003.91,-0004.88,-0024.41,-0002.45,+0001.15,-0009.34
+1580946581.81,+0000.00,-0002.93,-0025.39,-0000.38,-0001.45,-0009.19
+1580946581.81,+0000.00,-0003.91,-0026.37,+0001.30,-0005.13,-0006.89
+1580946581.82,+0008.79,-0004.88,-0027.34,-0001.38,+0003.68,-0012.79
+1580946581.82,-0005.86,-0004.88,-0028.32,-0000.31,+0001.07,-0016.92
+1580946581.83,+0000.98,-0003.91,-0026.37,+0003.52,-0001.07,-0010.26
+1580946581.83,+0013.67,-0004.88,-0025.39,-0000.92,+0001.07,-0014.85
+1580946581.84,+0000.98,-0004.88,-0026.37,+0001.45,-0000.77,-0010.57
+1580946581.84,+0003.91,-0004.88,-0025.39,+0000.69,-0004.75,-0005.82
+1580946581.85,+0007.81,-0004.88,-0024.41,-0000.08,-0000.31,-0008.88
+1580946581.85,+0008.79,-0001.95,-0024.41,-0001.00,+0000.31,-0005.28
+1580946581.86,+0007.81,-0003.91,-0024.41,+0001.07,-0000.08,-0011.25
+1580946581.86,+0003.91,-0005.86,-0024.41,+0001.53,-0003.83,-0000.69
+1580946581.87,+0011.72,-0003.91,-0023.44,-0000.38,+0004.06,-0010.34
+1580946581.87,-0001.95,-0003.91,-0023.44,-0001.76,-0000.69,-0008.35
+1580946581.88,+0003.91,-0001.95,-0022.46,+0003.83,-0002.99,-0005.05
+1580946581.88,+0005.86,-0005.86,-0021.48,+0001.99,+0003.75,-0012.86
+1580946581.89,-0007.81,-0004.88,-0022.46,+0002.14,+0000.69,-0011.41
+1580946581.89,-0005.86,-0003.91,-0021.48,+0000.31,+0000.00,-0015.85
+1580946581.90,-0000.98,-0003.91,-0018.55,+0000.54,+0002.53,-0007.43
+1580946581.90,-0001.95,-0002.93,-0017.58,+0003.37,+0002.22,-0009.72
+1580946581.91,-0009.77,-0002.93,-0017.58,-0005.13,-0002.68,-0008.04
+1580946581.91,-0003.91,-0001.95,-0017.58,+0003.75,-0000.61,-0012.17
+1580946581.92,+0000.00,-0001.95,-0016.60,+0000.08,-0002.30,-0008.19
+1580946581.92,+0000.00,-0001.95,-0016.60,+0000.08,-0000.15,-0000.54
+1580946581.93,-0009.77,-0001.95,-0017.58,+0000.77,+0002.83,-0012.40
+1580946581.93,-0009.77,+0000.00,-0016.60,+0004.90,-0002.22,-0012.79
+1580946581.94,+0004.88,+0002.93,-0014.65,+0000.84,+0000.15,-0011.18
+1580946581.94,+0001.95,+0000.00,-0013.67,+0001.23,+0000.23,-0010.87
+1580946581.95,-0006.84,+0000.98,-0014.65,+0001.45,+0001.76,-0014.01
+1580946581.95,+0000.98,+0001.95,-0012.70,+0002.60,-0001.99,-0011.10
+1580946581.96,+0007.81,+0002.93,-0012.70,-0001.84,+0006.66,-0012.25
+1580946581.96,-0005.86,+0002.93,-0011.72,+0002.30,-0000.77,-0014.55
+1580946581.97,+0001.95,+0003.91,-0010.74,+0002.83,-0004.36,-0007.35
+1580946581.97,+0003.91,+0002.93,-0009.77,+0001.23,-0002.22,-0007.73
+1580946581.98,+0004.88,+0003.91,-0009.77,-0000.08,+0000.23,-0009.34
+1580946581.98,+0003.91,+0002.93,-0009.77,+0000.38,-0000.08,-0010.64
+1580946581.99,+0003.91,+0002.93,-0009.77,+0002.68,-0002.07,-0006.81
+1580946581.99,+0011.72,+0003.91,-0008.79,-0002.37,+0001.30,-0012.56
+1580946582.00,+0005.86,+0002.93,-0008.79,+0000.38,-0001.30,-0012.02
+1580946582.00,+0006.84,+0002.93,-0009.77,+0000.61,-0001.38,-0010.18
+1580946582.01,+0007.81,+0002.93,-0010.74,-0002.76,-0000.54,-0012.56
+1580946582.01,+0006.84,+0002.93,-0010.74,+0003.22,-0000.38,-0010.72
+1580946582.02,+0008.79,+0001.95,-0011.72,-0001.91,+0000.23,-0014.93
+1580946582.02,+0008.79,+0000.98,-0012.70,+0001.00,+0000.15,-0012.17
+1580946582.03,+0005.86,+0001.95,-0012.70,-0001.84,-0002.76,-0004.59
+1580946582.03,+0006.84,+0000.00,-0012.70,+0000.84,-0000.38,-0005.59
+1580946582.04,+0000.98,+0000.00,-0014.65,-0001.91,+0002.60,-0004.90
+1580946582.04,+0000.00,+0000.00,-0014.65,-0001.76,+0001.15,-0004.67
+1580946582.05,+0001.95,-0000.98,-0015.62,-0005.21,+0000.23,-0004.36
+1580946582.05,+0003.91,-0001.95,-0016.60,+0000.23,-0000.92,-0002.22
+1580946582.06,-0003.91,-0003.91,-0019.53,-0000.84,+0000.38,-0015.70
+1580946582.06,-0009.77,-0004.88,-0019.53,+0002.14,-0005.44,-0015.47
+1580946582.07,+0001.95,-0002.93,-0019.53,-0001.99,+0001.91,-0018.30
+1580946582.07,-0001.95,-0005.86,-0019.53,-0001.61,+0000.92,-0021.13
+1580946582.08,+0000.00,-0005.86,-0021.48,-0003.37,-0001.99,-0008.80
+1580946582.08,+0000.98,-0006.84,-0024.41,-0004.98,+0001.07,-0013.25
+1580946582.09,-0002.93,-0007.81,-0026.37,-0002.83,-0003.60,-0006.28
+1580946582.09,-0000.98,-0007.81,-0027.34,-0002.99,-0000.38,-0011.71
+1580946582.10,-0001.95,-0007.81,-0026.37,-0001.00,-0003.68,-0007.35
+1580946582.10,+0007.81,-0006.84,-0026.37,-0000.69,-0002.45,-0003.98
+1580946582.11,+0006.84,-0011.72,-0028.32,-0004.59,-0002.14,-0000.77
+1580946582.11,-0003.91,-0010.74,-0031.25,-0001.30,-0001.53,-0014.47
+1580946582.12,+0003.91,-0009.77,-0030.27,+0000.00,-0005.05,-0010.80
