+1580602792.99,+0012.70,+0001.95,+0000.00,-0003.83,-0001.15,-0006.89
+1580602793.00,+0002.93,-0000.98,-0000.98,-0002.14,+0004.36,-0009.11
+1580602793.00,-0008.79,+0002.93,-0000.98,+0000.69,-0001.61,-0009.34
+1580602793.01,+0003.91,+0000.98,+0000.00,+0000.00,-0001.76,-0010.95
+1580602793.01,+0009.77,-0002.93,-0001.95,-0004.82,+0001.00,-0005.05
+1580602793.02,-0001.95,-0001.95,-0003.91,+0002.14,+0003.14,-0008.65
+1580602793.02,-0008.79,+0000.00,-0003.91,-0002.76,+0000.00,-0006.28
+1580602793.03,-0000.98,-0002.93,-0003.91,+0000.15,-0001.00,-0009.80
+1580602793.03,+0005.86,-0005.86,-0003.91,-0002.76,-0001.45,-0003.14
+1580602793.04,-0006.84,-0003.91,-0005.86,+0001.38,+0004.36,-0012.33
+1580602793.04,-0013.67,-0002.93,-0004.88,+0003.83,-0002.53,-0014.32
+1580602793.05,+0000.00,-0004.88,-0003.91,-0003.98,-0001.76,-0013.02
+1580602793.05,+0008.79,-0009.77,-0003.91,-0002.45,-0004.36,+0001.91
+1580602793.06,-0007.81,-0005.86,-0004.88,+0001.76,+0008.35,-0008.19
+1580602793.06,-0024.41,-0003.91,-0005.86,+0002.30,-0008.88,-0010.72
+1580602793.07,+0011.72,-0005.86,-0003.91,+0000.92,-0004.52,-0012.48
+1580602793.07,+0011.72,-0013.67,-0004.88,-0001.91,+0007.27,-0007.43
+1580602793.08,-0021.48,-0005.86,-0004.88,+0000.23,-0002.83,-0014.85
+1580602793.08,-0009.77,-0001.95,-0002.93,+0002.22,-0004.13,-0014.39
+1580602793.09,+0010.74,-0008.79,-0002.93,-0001.84,+0000.46,-0016.08
+1580602793.09,+0001.95,-0010.74,-0003.91,-0000.92,+0000.31,-0006.97
+1580602793.10,-0003.91,-0004.88,-0002.93,+0000.15,+0002.60,-0016.61
+1580602793.10,-0007.81,-0004.88,-0001.95,-0002.07,-0001.84,-0011.48
+1580602793.11,+0009.77,-0007.81,+0000.00,+0005.05,-0005.82,-0003.29
+1580602793.11,+0003.91,-0007.81,+0000.00,+0001.84,+0000.31,-0006.97
+1580602793.12,-0010.74,-0003.91,+0000.98,+0001.00,+0000.38,-0009.57
+1580602793.12,-0001.95,-0003.91,+0001.95,+0000.38,+0000.23,-0016.23
+1580602793.13,+0003.91,-0007.81,+0002.93,-0001.00,-0001.23,-0012.10
+1580602793.13,-0001.95,-0004.88,+0002.93,-0001.84,+0001.00,-0009.34
+1580602793.14,-0008.79,-0003.91,+0003.91,+0004.06,+0000.61,-0017.76
+1580602793.14,+0000.98,-0003.91,+0004.88,-0001.38,-0004.21,-0010.49
+1580602793.15,+0010.74,-0006.84,+0004.88,+0002.83,+0003.29,-0010.49
+1580602793.15,-0005.86,-0004.88,+0005.86,+0001.15,-0002.07,-0005.82
+1580602793.16,-0003.91,-0000.98,+0008.79,+0005.13,-0005.13,-0010.26
+1580602793.16,+0010.74,-0002.93,+0008.79,-0003.06,-0001.84,-0007.96
+1580602793.17,+0000.00,-0003.91,+0007.81,-0000.23,-0005.51,-0008.04
+1580602793.17,+0000.98,-0001.95,+0008.79,+0002.91,+0000.23,-0010.87
+1580602793.18,+0002.93,+0000.00,+0008.79,+0000.61,+0001.23,-0016.00
+1580602793.18,+0001.95,-0005.86,+0009.77,+0005.82,-0000.23,-0007.43
+1580602793.19,+0004.88,-0000.98,+0010.74,-0002.76,+0000.15,-0007.66
+1580602793.19,-0001.95,-0000.98,+0011.72,+0002.76,-0001.23,-0005.05
+1580602793.20,-0000.98,+0000.00,+0013.67,+0003.22,+0002.91,-0007.20
+1580602793.20,-0003.91,-0001.95,+0014.65,+0002.91,-0002.83,-0008.58
+1580602793.21,+0002.93,+0000.98,+0015.62,-0002.07,+0001.15,-0007.50
+1580602793.21,-0001.95,-0000.98,+0015.62,+0000.61,+0003.68,-0016.54
+1580602793.22,-0004.88,+0000.00,+0015.62,+0000.54,-0004.36,-0008.96
+1580602793.22,+0000.00,+0000.98,+0014.65,+0000.69,+0002.30,-0016.23
+1580602793.23,-0006.84,+0000.00,+0014.65,-0001.68,-0005.13,-0001.84
+1580602793.23,+0000.00,+0001.95,+0014.65,+0003.90,+0002.30,-0013.93
+1580602793.24,-0001.95,+0000.00,+0014.65,+0003.83,+0000.61,-0007.43
+1580602793.24,-0001.95,+0003.91,+0014.65,-0000.54,+0001.23,-0013.02
+1580602793.25,-0003.91,+0001.95,+0015.62,-0001.30,-0002.83,-0007.89
+1580602793.25,+0000.00,+0003.91,+0015.62,+0003.14,-0000.92,-0008.19
+1580602793.26,-0001.95,+0002.93,+0015.62,+0001.76,+0002.68,-0010.80
+1580602793.26,-0006.84,+0005.86,+0015.62,+0001.15,+0000.69,-0017.00
+1580602793.27,+0005.86,+0004.88,+0017.58,-0001.61,-0006.97,-0005.13
+1580602793.27,+0002.93,+0006.84,+0016.60,-0004.59,+0001.07,-0008.50
+1580602793.28,-0011.72,+0006.84,+0015.62,+0006.05,+0000.84,-0014.09
+1580602793.28,-0003.91,+0010.74,+0016.60,-0003.14,-0003.29,-0014.01
+1580602793.29,+0003.91,+0006.84,+0016.60,+0000.46,+0002.99,-0013.40
+1580602793.29,-0002.93,+0009.77,+0015.62,-0000.84,-0001.91,-0010.41
+1580602793.30,-0002.93,+0010.74,+0014.65,+0001.38,-0002.60,-0011.41
+1580602793.30,+0003.91,+0011.72,+0014.65,-0001.99,+0000.61,-0011.56
+1580602793.31,+0002.93,+0009.77,+0014.65,-0001.38,-0003.06,-0003.83
+1580602793.31,+0004.88,+0012.70,+0012.70,+0002.14,+0003.98,-0013.17
+1580602793.32,-0001.95,+0013.67,+0012.70,-0001.53,-0007.12,-0007.58
+1580602793.32,+0009.77,+0014.65,+0012.70,+0002.60,+0002.37,-0009.19
+1580602793.33,+0001.95,+0014.65,+0012.70,+0002.68,-0004.67,-0009.26
+1580602793.33,+0009.77,+0017.58,+0013.67,+0001.00,+0000.61,-0006.89
+1580602793.34,+0003.91,+0017.58,+0012.70,-0003.22,+0005.05,-0016.54
+1580602793.34,-0000.98,+0017.58,+0013.67,+0001.23,+0000.00,-0008.50
+1580602793.35,+0010.74,+0019.53,+0013.67,-0006.35,+0007.27,-0013.40
+1580602793.35,-0000.98,+0017.58,+0011.72,+0000.61,-0001.76,-0009.03
+1580602793.36,+0001.95,+0019.53,+0010.74,-0003.06,+0000.84,-0005.36
+1580602793.36,-0003.91,+0018.55,+0009.77,-0002.60,-0002.83,-0007.35
+1580602793.37,+0000.00,+0017.58,+0009.77,+0001.07,-0002.14,-0001.76
+1580602793.37,+0003.91,+0017.58,+0007.81,-0003.60,+0003.22,-0004.21
+1580602793.38,-0014.65,+0016.60,+0004.88,-0000.84,+0004.59,-0015.08
+1580602793.38,-0005.86,+0018.55,+0003.91,-0000.38,-0000.77,-0015.08
+1580602793.39,+0004.88,+0014.65,+0003.91,-0004.59,+0001.53,-0014.47
+1580602793.39,-0005.86,+0013.67,+0002.93,-0000.77,+0000.46,-0009.49
+1580602793.40,-0008.79,+0018.55,+0000.98,-0003.22,-0001.68,-0011.79
+1580602793.40,-0003.91,+0014.65,-0000.98,-0002.45,-0002.99,-0010.18
+1580602793.41,+0004.88,+0012.70,-0001.95,-0000.31,-0000.08,-0006.35
+1580602793.41,-0004.88,+0012.70,-0003.91,-0001.91,+0001.61,-0008.27
+1580602793.42,-0005.86,+0014.65,-0003.91,-0003.06,-0002.76,-0006.12
+1580602793.42,+0003.91,+0010.74,-0006.84,-0003.90,+0001.38,-0010.49
+1580602793.43,-0005.86,+0008.79,-0007.81,-0002.37,+0003.14,-0014.39
+1580602793.43,-0003.91,+0010.74,-0007.81,+0000.15,-0001.23,-0014.16
+1580602793.44,+0004.88,+0008.79,-0008.79,-0004.44,+0001.23,-0014.09
+1580602793.44,+0000.98,+0004.88,-0010.74,-0000.61,-0001.61,-0009.03
+1580602793.45,-0001.95,+0007.81,-0011.72,-0001.45,+0000.31,-0011.56
+1580602793.45,+0003.91,+0004.88,-0010.74,+0000.00,-0001.68,-0001.99
+1580602793.46,+0003.91,+0003.91,-0011.72,+0000.38,+0006.58,-0016.69
+1580602793.46,-0005.86,+0002.93,-0011.72,-0005.97,-0007.50,-0007.89
+1580602793.47,+0010.74,+0002.93,-0014.65,-0008.04,+0002.76,-0010.26
+1580602793.47,+0001.95,-0003.91,-0017.58,+0000.15,+0002.22,-0011.71
+1580602793.48,-0005.86,+0000.00,-0017.58,+0000.84,-0002.45,-0011.18
+1580602793.48,+0006.84,-0002.93,-0015.62,-0003.60,-0002.07,-0012.10
+1580602793.49,+0008.79,-0004.88,-0016.60,-0002.14,+0004.36,-0009.26
+1580602793.49,-0005.86,-0003.91,-0016.60,+0001.07,+0000.61,-0008.35
+1580602793.50,-0003.91,-0000.98,-0015.62,-0000.38,-0002.91,-0012.86
+1580602793.50,+0006.84,-0006.84,-0016.60,+0000.38,+0001.84,-0008.80
+1580602793.51,+0003.91,-0006.84,-0017.58,-0001.68,+0000.61,-0010.41
+1580602793.51,-0002.93,-0004.88,-0017.58,-0001.15,-0001.45,-0011.33
+1580602793.52,+0001.95,-0005.86,-0017.58,-0003.06,-0001.84,-0008.04
+1580602793.52,+0002.93,-0009.77,-0018.55,-0000.54,-0001.30,-0008.42
+1580602793.53,+0000.98,-0007.81,-0019.53,-0004.29,-0000.61,-0007.04
+1580602793.53,+0000.98,-0008.79,-0020.51,-0001.30,-0000.15,-0005.82
+1580602793.54,-0004.88,-0009.77,-0020.51,+0001.99,+0000.77,-0012.25
+1580602793.54,-0001.95,-0008.79,-0020.51,-0003.29,-0007.66,-0005.21
+1580602793.55,+0010.74,-0009.77,-0020.51,+0000.15,+0004.52,-0004.13
+1580602793.55,-0010.74,-0008.79,-0020.51,-0001.15,+0009.26,-0015.54
+1580602793.56,-0009.77,-0005.86,-0017.58,+0001.91,-0004.90,-0007.35
+1580602793.56,+0014.65,-0005.86,-0017.58,-0003.75,+0006.81,-0017.84
+1580602793.57,-0004.88,-0011.72,-0017.58,-0004.44,-0003.14,-0001.00
+1580602793.57,-0002.93,-0002.93,-0016.60,+0006.12,-0000.84,-0002.60
+1580602793.58,-0011.72,-0003.91,-0016.60,+0000.31,+0000.38,-0012.86
+1580602793.58,-0003.91,-0004.88,-0016.60,+0000.69,-0001.53,-0010.18
+1580602793.59,+0004.88,-0005.86,-0016.60,-0001.45,+0000.69,-0008.42
+1580602793.59,-0010.74,-0001.95,-0016.60,-0001.53,+0000.92,-0011.56
+1580602793.60,-0011.72,+0000.00,-0015.62,+0000.00,-0002.83,-0012.02
+1580602793.60,+0001.95,-0000.98,-0014.65,+0001.61,+0001.23,-0013.70
+1580602793.61,-0002.93,-0001.95,-0013.67,-0000.84,+0000.69,-0008.88
+1580602793.61,-0006.84,+0002.93,-0012.70,+0001.07,+0002.91,-0016.08
+1580602793.62,-0009.77,+0003.91,-0011.72,-0003.75,-0003.68,-0012.63
+1580602793.62,+0004.88,+0001.95,-0011.72,+0004.21,-0004.06,-0010.41
+1580602793.63,+0003.91,+0000.98,-0012.70,+0002.68,+0002.53,-0012.10
+1580602793.63,-0009.77,+0005.86,-0011.72,-0001.38,-0004.21,-0007.96
+1580602793.64,+0000.98,+0006.84,-0009.77,+0002.83,-0000.31,-0013.02
+1580602793.64,+0002.93,+0004.88,-0010.74,-0003.37,+0001.53,-0016.38
+1580602793.65,+0003.91,+0004.88,-0009.77,+0002.53,+0001.07,-0008.50
+1580602793.65,+0001.95,+0007.81,-0009.77,-0001.53,+0001.23,-0010.87
+1580602793.66,-0002.93,+0006.84,-0008.79,+0003.83,-0000.61,-0011.64
+1580602793.66,+0004.88,+0007.81,-0008.79,-0001.61,+0003.90,-0013.25
+1580602793.67,+0000.98,+0006.84,-0008.79,+0002.83,-0002.68,-0010.41
+1580602793.67,+0002.93,+0007.81,-0006.84,-0002.14,-0000.31,-0009.49
+1580602793.68,+0005.86,+0007.81,-0007.81,-0002.99,-0000.31,-0010.49
+1580602793.68,+0000.98,+0006.84,-0008.79,+0001.38,+0001.91,-0010.49
+1580602793.69,+0000.00,+0007.81,-0008.79,-0003.68,-0005.13,-0006.81
+1580602793.69,+0005.86,+0006.84,-0008.79,+0002.91,+0002.60,-0012.71
+1580602793.70,+0004.88,+0004.88,-0009.77,+0002.07,-0001.38,-0004.52
+1580602793.70,+0005.86,+0006.84,-0009.77,-0001.84,+0002.14,-0011.79
+1580602793.71,+0000.00,+0005.86,-0008.79,-0002.83,-0004.59,-0004.06
+1580602793.71,+0004.88,+0007.81,-0008.79,+0003.98,+0001.15,-0008.35
+1580602793.72,-0001.95,+0003.91,-0008.79,+0001.30,-0003.37,-0004.44
+1580602793.72,+0002.93,+0004.88,-0008.79,+0000.61,+0001.68,-0009.88
+1580602793.73,-0002.93,+0002.93,-0009.77,-0004.82,+0002.76,-0015.70
+1580602793.73,-0000.98,+0003.91,-0008.79,+0001.84,-0005.36,-0007.43
+1580602793.74,+0000.98,+0002.93,-0009.77,-0001.68,+0004.82,-0015.93
+1580602793.74,-0007.81,+0001.95,-0008.79,+0001.53,-0004.82,-0007.35
+1580602793.75,-0000.98,+0002.93,-0008.79,+0000.23,+0000.69,-0010.11
+1580602793.75,-0004.88,-0000.98,-0010.74,-0000.61,+0000.69,-0009.11
+1580602793.76,-0003.91,+0000.00,-0010.74,-0000.15,-0002.14,-0008.35
+1580602793.76,+0000.00,-0001.95,-0011.72,-0004.98,-0003.68,-0007.50
+1580602793.77,-0004.88,-0001.95,-0011.72,-0000.08,+0002.30,-0009.42
+1580602793.77,-0004.88,-0002.93,-0011.72,+0000.61,-0005.59,-0006.35
+1580602793.78,+0004.88,-0002.93,-0011.72,+0000.38,+0001.76,-0013.09
+1580602793.78,-0002.93,-0005.86,-0012.70,-0003.14,-0001.38,-0012.02
+1580602793.79,+0002.93,-0003.91,-0012.70,+0000.77,+0002.37,-0012.33
+1580602793.79,-0000.98,-0005.86,-0012.70,-0001.30,+0001.76,-0013.09
+1580602793.80,-0001.95,-0006.84,-0011.72,+0000.92,-0001.99,-0010.80
+1580602793.80,+0002.93,-0006.84,-0011.72,-0000.92,+0000.00,-0013.93
+1580602793.81,+0000.00,-0008.79,-0010.74,+0002.22,+0000.54,-0011.56
+1580602793.81,+0000.00,-0007.81,-0010.74,-0004.36,-0004.67,-0007.50
+1580602793.82,+0004.88,-0009.77,-0010.74,-0000.38,+0000.00,-0008.96
+1580602793.82,-0003.91,-0007.81,-0012.70,-0001.76,-0006.51,-0006.35
+1580602793.83,+0005.86,-0008.79,-0013.67,+0002.53,+0002.60,-0012.79
+1580602793.83,+0001.95,-0010.74,-0012.70,-0003.60,-0001.07,-0011.64
+1580602793.84,+0001.95,-0011.72,-0010.74,+0003.22,-0002.30,-0007.89
+1580602793.84,-0001.95,-0007.81,-0008.79,-0000.69,-0004.98,-0010.72
+1580602793.85,+0005.86,-0009.77,-0007.81,+0004.67,-0002.76,-0008.12
+1580602793.85,+0007.81,-0010.74,-0007.81,-0002.99,+0002.45,-0007.43
+1580602793.86,-0005.86,-0010.74,-0007.81,+0002.37,-0003.22,-0008.65
+1580602793.86,+0000.00,-0006.84,-0006.84,-0001.07,-0001.99,-0012.86
+1580602793.87,+0008.79,-0010.74,-0006.84,+0002.07,-0000.77,-0009.65
+1580602793.87,+0002.93,-0010.74,-0005.86,-0000.77,+0000.77,-0007.58
+1580602793.88,-0004.88,-0006.84,-0004.88,+0001.99,+0002.14,-0014.62
+1580602793.88,-0005.86,-0005.86,-0003.91,+0000.23,-0005.13,-0008.65
+1580602793.89,+0009.77,-0007.81,-0001.95,+0002.07,-0001.30,-0005.28
+1580602793.89,+0000.00,-0007.81,-0001.95,+0000.61,+0000.23,-0009.42
+1580602793.90,-0010.74,-0004.88,+0000.00,+0003.60,-0003.45,-0010.80
+1580602793.90,+0000.00,-0002.93,+0000.98,-0000.38,-0001.84,-0014.93
+1580602793.91,+0004.88,-0006.84,+0001.95,+0000.92,+0000.69,-0009.11
+1580602793.91,-0005.86,-0003.91,+0002.93,-0000.77,-0000.61,-0011.71
+1580602793.92,-0004.88,-0001.95,+0002.93,+0003.60,-0006.74,-0007.35
+1580602793.92,+0006.84,-0004.88,+0002.93,-0000.69,+0000.69,-0005.97
+1580602793.93,-0008.79,-0003.91,+0002.93,+0001.84,+0006.43,-0014.78
+1580602793.93,-0004.88,-0001.95,+0006.84,+0006.66,-0002.30,-0010.26
+1580602793.94,+0005.86,+0000.00,+0006.84,-0006.05,+0000.23,-0007.20
+1580602793.94,-0010.74,-0003.91,+0006.84,+0003.52,+0007.20,-0014.39
+1580602793.95,-0009.77,+0000.98,+0007.81,+0003.45,-0002.37,-0014.24
+1580602793.95,+0003.91,-0000.98,+0007.81,-0001.68,-0000.46,-0010.57
+1580602793.96,+0000.00,-0004.88,+0007.81,-0001.38,+0000.46,-0008.73
+1580602793.96,-0009.77,+0000.00,+0007.81,+0005.90,+0000.00,-0008.27
+1580602793.97,-0002.93,+0000.98,+0009.77,+0004.36,-0001.84,-0010.41
+1580602793.97,+0002.93,+0000.00,+0010.74,-0001.91,+0000.00,-0010.18
+1580602793.98,+0001.95,-0000.98,+0010.74,+0000.15,-0002.37,-0005.44
+1580602793.98,-0002.93,+0001.95,+0009.77,-0002.14,-0001.76,-0016.08
+1580602793.99,-0002.93,+0000.98,+0009.77,+0002.14,-0005.28,-0010.64
+1580602793.99,+0014.65,+0002.93,+0010.74,-0000.46,-0002.99,-0007.27
+1580602794.00,+0001.95,+0000.98,+0010.74,+0000.54,+0008.96,-0012.94
+1580602794.00,-0008.79,+0005.86,+0010.74,+0001.30,-0004.75,-0014.32
+1580602794.01,+0011.72,+0006.84,+0010.74,-0001.07,-0001.84,-0010.11
+1580602794.01,+0007.81,+0002.93,+0009.77,+0001.84,+0005.44,-0014.16
+1580602794.02,-0001.95,+0006.84,+0009.77,+0003.22,+0000.08,-0012.33
+1580602794.02,+0003.91,+0010.74,+0010.74,-0003.06,-0002.22,-0009.34
+1580602794.03,+0008.79,+0005.86,+0009.77,+0001.61,+0003.06,-0009.42
+1580602794.03,+0000.00,+0008.79,+0008.79,-0002.07,+0000.61,-0009.72
+1580602794.04,+0001.95,+0010.74,+0007.81,-0000.23,+0002.45,-0012.40
+1580602794.04,+0002.93,+0009.77,+0006.84,-0004.75,-0001.38,-0006.74
+1580602794.05,+0003.91,+0008.79,+0006.84,+0003.98,+0000.46,-0007.04
+1580602794.05,+0000.00,+0012.70,+0006.84,-0003.22,+0000.00,-0006.51
+1580602794.06,-0001.95,+0011.72,+0006.84,+0002.22,+0004.75,-0009.49
+1580602794.06,-0004.88,+0012.70,+0004.88,-0003.68,-0000.38,-0008.35
+1580602794.07,-0001.95,+0011.72,+0002.93,+0002.07,+0002.14,-0007.58
+1580602794.07,-0010.74,+0012.70,+0001.95,-0001.99,-0002.68,-0008.73
+1580602794.08,-0004.88,+0013.67,+0002.93,+0004.52,+0002.91,-0011.03
+1580602794.08,-0007.81,+0013.67,+0001.95,-0006.58,+0005.21,-0013.09
+1580602794.09,-0008.79,+0013.67,+0002.93,-0000.54,-0003.83,-0007.27
+1580602794.09,-0002.93,+0015.62,+0000.00,-0005.28,+0005.13,-0014.70
+1580602794.10,-0010.74,+0011.72,-0002.93,-0000.77,-0005.13,-0002.07
+1580602794.10,-0004.88,+0015.62,-0004.88,+0000.92,+0003.68,-0015.54
+1580602794.11,-0007.81,+0011.72,-0005.86,+0004.06,+0000.77,-0013.86
+1580602794.11,-0004.88,+0014.65,-0005.86,-0003.22,-0001.61,-0013.55
+1580602794.12,-0000.98,+0012.70,-0004.88,-0001.00,+0000.61,-0012.48
+1580602794.12,-0000.98,+0014.65,-0004.88,-0000.84,-0000.23,-0011.48
+1580602794.13,-0001.95,+0013.67,-0006.84,+0000.84,+0000.08,-0012.71
+1580602794.13,+0000.00,+0014.65,-0006.84,-0002.91,-0000.15,-0011.64
+1580602794.14,+0003.91,+0012.70,-0008.79,+0000.00,-0003.45,-0007.35
+1580602794.14,+0004.88,+0012.70,-0010.74,-0001.76,+0002.37,-0010.57
+1580602794.15,-0004.88,+0012.70,-0010.74,-0001.61,-0003.45,-0006.89
+1580602794.15,+0004.88,+0014.65,-0010.74,+0000.31,+0001.91,-0014.93
+1580602794.15,+0005.86,+0009.77,-0010.74,-0004.59,-0001.61,-0010.18
+1580602794.16,+0004.88,+0009.77,-0012.70,-0002.37,+0004.59,-0012.40
+1580602794.16,-0003.91,+0009.77,-0014.65,-0005.28,-0004.06,-0008.58
+1580602794.17,+0004.88,+0007.81,-0015.62,+0002.60,+0001.15,-0009.57
+1580602794.17,-0001.95,+0003.91,-0017.58,-0001.00,-0002.22,-0012.56
+1580602794.18,+0000.00,+0005.86,-0017.58,+0001.30,-0003.06,-0008.88
+1580602794.18,+0007.81,+0003.91,-0017.58,-0004.90,+0001.76,-0011.94
+1580602794.19,-0002.93,+0000.00,-0017.58,-0001.45,+0001.76,-0010.57
+1580602794.19,-0002.93,+0002.93,-0018.55,-0004.21,+0000.61,-0011.94
+1580602794.20,+0001.95,-0000.98,-0019.53,-0001.76,+0001.00,-0010.64
+1580602794.20,-0000.98,-0004.88,-0022.46,-0003.83,-0000.08,-0011.25
+1580602794.21,+0002.93,-0003.91,-0022.46,-0003.60,-0002.60,-0007.81
+1580602794.21,+0004.88,-0006.84,-0023.44,-0001.99,+0001.30,-0006.97
+1580602794.22,-0000.98,-0008.79,-0024.41,-0001.30,-0002.99,-0004.90
+1580602794.22,+0001.95,-0008.79,-0024.41,-0002.99,-0000.77,-0004.90
+1580602794.23,-0001.95,-0010.74,-0025.39,-0004.44,-0004.21,-0005.51
+1580602794.23,+0005.86,-0012.70,-0025.39,+0004.59,+0003.29,-0010.49
+1580602794.24,-0002.93,-0013.67,-0025.39,-0004.82,-0000.92,-0012.25
+1580602794.24,+0000.98,-0013.67,-0024.41,+0001.15,-0001.00,-0012.02
+1580602794.25,+0001.95,-0016.60,-0024.41,-0003.37,+0000.61,-0008.19
+1580602794.25,-0006.84,-0016.60,-0024.41,+0005.28,+0000.23,-0011.64
+1580602794.26,-0002.93,-0015.62,-0023.44,-0005.13,-0003.75,-0009.11
+1580602794.26,+0005.86,-0019.53,-0022.46,-0001.61,+0005.36,-0012.10
+1580602794.27,-0010.74,-0019.53,-0023.44,-0001.07,-0000.54,-0007.73
+1580602794.27,-0010.74,-0015.62,-0022.46,+0004.67,-0002.60,-0014.93
+1580602794.28,+0002.93,-0019.53,-0020.51,-0003.29,-0003.68,-0011.71
+1580602794.28,+0003.91,-0021.48,-0021.48,+0000.23,+0000.92,-0008.65
+1580602794.29,-0010.74,-0018.55,-0020.51,+0000.00,+0000.54,-0015.54
+1580602794.29,-0003.91,-0016.60,-0017.58,+0001.07,-0007.27,-0010.26
+1580602794.30,+0005.86,-0018.55,-0016.60,-0001.61,-0002.76,-0008.88
+1580602794.30,+0001.95,-0019.53,-0015.62,+0003.29,-0001.84,-0002.53
+1580602794.31,-0007.81,-0013.67,-0014.65,+0000.31,+0005.21,-0015.62
+1580602794.31,-0006.84,-0013.67,-0011.72,+0001.53,-0005.51,-0010.80
+1580602794.32,+0006.84,-0012.70,-0008.79,-0001.23,+0002.99,-0015.16
+1580602794.32,-0003.91,-0013.67,-0007.81,+0001.00,-0002.53,-0008.96
+1580602794.33,-0001.95,-0007.81,-0005.86,+0004.67,-0002.37,-0012.02
+1580602794.33,+0001.95,-0010.74,-0003.91,+0003.45,+0001.30,-0009.34
+1580602794.34,+0000.98,-0007.81,-0003.91,+0003.06,-0000.84,-0010.11
+1580602794.34,+0000.98,-0007.81,-0001.95,+0001.61,-0006.12,-0005.74
+1580602794.35,+0000.98,-0005.86,-0000.98,+0004.44,+0002.07,-0011.48
+1580602794.35,-0002.93,-0005.86,+0000.00,+0006.28,-0003.14,-0009.72
+1580602794.36,+0011.72,-0002.93,+0001.95,+0000.92,-0005.59,-0009.65
+1580602794.36,+0008.79,-0005.86,+0000.98,-0001.53,+0000.54,-0005.21
+1580602794.37,-0004.88,-0000.98,+0001.95,+0001.68,-0004.13,-0009.80
+1580602794.37,+0003.91,-0000.98,+0004.88,+0004.67,-0001.76,-0012.40
+1580602794.38,+0010.74,+0000.00,+0005.86,-0002.60,-0000.08,-0010.26
+1580602794.38,+0002.93,-0001.95,+0005.86,+0000.54,+0000.00,-0003.14
+1580602794.39,-0004.88,+0002.93,+0007.81,-0001.91,-0001.38,-0009.03
+1580602794.39,-0001.95,+0001.95,+0008.79,+0003.83,-0003.29,-0009.03
+1580602794.40,+0004.88,+0001.95,+0008.79,+0000.15,+0002.22,-0011.10
+1580602794.40,-0000.98,+0000.98,+0008.79,+0000.23,-0000.08,-0005.36
+1580602794.41,-0004.88,+0004.88,+0008.79,-0000.38,+0002.45,-0014.78
+1580602794.41,-0008.79,+0003.91,+0008.79,+0001.00,-0000.54,-0014.70
+1580602794.42,-0000.98,+0004.88,+0010.74,+0002.07,-0003.90,-0009.19
+1580602794.42,-0000.98,+0003.91,+0010.74,+0001.91,+0003.29,-0011.64
+1580602794.43,-0008.79,+0006.84,+0010.74,-0001.68,-0007.35,-0002.91
+1580602794.43,+0001.95,+0006.84,+0010.74,+0003.75,+0001.53,-0011.18
+1580602794.44,-0006.84,+0005.86,+0010.74,+0003.37,-0006.12,-0002.99
+1580602794.44,+0000.98,+0008.79,+0010.74,+0002.30,+0000.15,-0012.17
+1580602794.45,-0003.91,+0006.84,+0010.74,-0002.45,-0001.53,-0010.11
+1580602794.45,-0001.95,+0006.84,+0010.74,+0004.59,+0000.15,-0010.26
+1580602794.46,-0000.98,+0007.81,+0010.74,-0001.45,-0001.76,-0010.64
+1580602794.46,+0000.98,+0007.81,+0010.74,+0003.90,+0000.69,-0011.94
+1580602794.47,+0000.98,+0007.81,+0009.77,-0002.76,-0003.06,-0008.04
+1580602794.47,+0005.86,+0006.84,+0010.74,+0002.60,-0003.83,-0006.58
+1580602794.48,-0001.95,+0006.84,+0011.72,+0004.44,+0002.68,-0011.94
+1580602794.48,-0007.81,+0008.79,+0011.72,+0001.91,-0003.37,-0013.17
+1580602794.49,+0004.88,+0007.81,+0011.72,-0002.53,-0002.22,-0012.94
+1580602794.49,+0005.86,+0004.88,+0009.77,+0000.31,+0003.06,-0010.72
+1580602794.50,-0005.86,+0005.86,+0007.81,+0001.84,-0003.98,-0009.80
+1580602794.50,-0000.98,+0005.86,+0007.81,-0001.61,-0001.38,-0011.18
+1580602794.51,+0002.93,+0002.93,+0006.84,-0001.91,+0000.77,-0012.17
+1580602794.51,+0002.93,+0001.95,+0005.86,-0002.07,-0000.92,-0005.13
+1580602794.52,+0000.98,+0002.93,+0005.86,-0000.69,+0005.21,-0012.33
+1580602794.52,-0008.79,+0001.95,+0003.91,-0001.15,-0001.53,-0016.61
+1580602794.53,+0006.84,+0000.98,+0002.93,-0002.53,+0002.60,-0013.02
+1580602794.53,+0004.88,-0001.95,+0000.00,-0002.76,+0001.45,-0014.16
+1580602794.54,-0003.91,-0001.95,-0000.98,-0000.84,-0004.82,-0005.44
+1580602794.54,+0003.91,-0000.98,-0000.98,-0002.14,+0000.38,-0010.18
+1580602794.55,-0001.95,-0005.86,-0002.93,-0001.68,-0002.37,-0007.89
+1580602794.55,+0003.91,-0003.91,-0003.91,-0001.23,-0001.91,-0003.37
+1580602794.56,+0000.98,-0006.84,-0004.88,-0003.14,+0004.06,-0008.04
+1580602794.56,-0008.79,-0007.81,-0006.84,-0001.07,-0005.36,-0002.45
+1580602794.57,+0006.84,-0007.81,-0007.81,+0000.38,+0001.68,-0013.86
+1580602794.57,-0001.95,-0011.72,-0009.77,-0005.82,-0002.07,-0007.04
+1580602794.58,-0005.86,-0009.77,-0010.74,+0003.98,+0004.06,-0015.62
+1580602794.58,+0000.00,-0011.72,-0010.74,+0001.00,+0009.11,-0014.47
+1580602794.59,-0010.74,-0012.70,-0011.72,-0007.89,+0003.68,-0012.17
+1580602794.59,-0011.72,-0014.65,-0010.74,+0000.00,-0005.74,-0012.48
+1580602794.60,+0007.81,-0013.67,-0011.72,-0007.35,+0006.66,-0010.57
+1580602794.60,-0004.88,-0020.51,-0015.62,+0000.92,+0000.61,-0010.41
+1580602794.61,-0013.67,-0014.65,-0016.60,-0002.45,-0005.21,-0007.73
+1580602794.61,-0001.95,-0015.62,-0017.58,-0003.14,-0000.23,-0012.25
+1580602794.62,+0000.00,-0021.48,-0017.58,+0002.30,-0003.06,-0003.98
+1580602794.62,+0000.00,-0017.58,-0016.60,-0001.30,+0003.06,-0008.42
+1580602794.63,-0008.79,-0014.65,-0014.65,+0000.69,-0000.46,-0012.71
+1580602794.63,-0001.95,-0016.60,-0013.67,+0000.08,-0004.44,-0009.11
+1580602794.64,+0000.98,-0016.60,-0013.67,-0002.60,+0000.23,-0012.02
+1580602794.64,-0001.95,-0016.60,-0013.67,+0002.53,-0003.22,-0006.89
+1580602794.65,+0000.00,-0014.65,-0013.67,-0002.68,+0001.30,-0009.57
+1580602794.65,-0004.88,-0016.60,-0012.70,+0002.07,-0001.99,-0012.56
+1580602794.66,+0001.95,-0012.70,-0011.72,-0002.37,-0003.37,-0011.03
+1580602794.66,+0007.81,-0014.65,-0011.72,-0000.46,-0001.99,-0007.73
+1580602794.67,+0002.93,-0013.67,-0011.72,-0001.53,+0000.84,-0005.05
+1580602794.67,-0009.77,-0009.77,-0009.77,+0001.99,-0005.90,-0013.63
+1580602794.68,+0004.88,-0008.79,-0007.81,+0000.77,-0001.61,-0015.01
+1580602794.68,+0013.67,-0011.72,-0007.81,+0002.30,-0000.46,-0007.43
+1580602794.69,-0001.95,-0008.79,-0007.81,+0000.46,+0000.23,-0012.63
+1580602794.69,-0000.98,-0003.91,-0005.86,+0000.92,-0006.81,-0008.42
+1580602794.70,+0011.72,-0006.84,-0004.88,+0001.53,+0001.99,-0014.47
+1580602794.70,+0004.88,-0007.81,-0004.88,-0002.60,+0002.22,-0007.89
+1580602794.71,+0000.98,-0000.98,-0002.93,-0002.53,+0003.83,-0013.17
+1580602794.71,-0002.93,-0001.95,-0000.98,+0001.61,-0004.44,-0008.80
+1580602794.72,+0007.81,-0002.93,+0000.00,+0004.52,-0002.37,-0004.21
+1580602794.72,+0000.00,-0001.95,+0000.00,-0000.23,-0003.98,-0002.45
+1580602794.73,-0001.95,+0000.00,+0000.00,+0005.13,+0002.53,-0012.86
+1580602794.73,-0003.91,+0000.00,+0000.00,-0005.36,-0003.14,-0009.26
+1580602794.74,+0001.95,+0000.00,+0000.98,+0004.21,+0001.00,-0009.80
+1580602794.74,+0000.00,+0001.95,+0000.00,-0001.68,-0001.07,-0010.64
+1580602794.75,-0001.95,+0004.88,+0000.98,+0002.83,-0000.38,-0010.18
+1580602794.75,+0001.95,+0002.93,+0000.98,-0002.45,-0004.98,-0001.76
+1580602794.76,-0005.86,+0004.88,+0001.95,-0003.37,-0000.54,-0010.57
+1580602794.76,-0010.74,+0005.86,+0003.91,+0003.37,-0003.22,-0012.48
+1580602794.77,+0006.84,+0007.81,+0003.91,-0003.52,-0005.36,-0009.34
+1580602794.77,+0000.00,+0001.95,+0001.95,-0002.22,+0008.58,-0014.93
+1580602794.78,-0010.74,+0008.79,+0002.93,-0001.68,-0009.80,-0000.46
+1580602794.78,+0009.77,+0008.79,+0002.93,+0002.45,+0007.43,-0017.07
+1580602794.79,-0008.79,+0002.93,+0000.00,-0007.66,+0001.07,-0009.88
+1580602794.79,-0004.88,+0009.77,+0000.98,-0002.91,-0004.06,-0014.70
+1580602794.80,+0005.86,+0007.81,+0000.00,-0000.92,+0001.30,-0007.96
+1580602794.80,+0000.98,+0004.88,-0000.98,+0004.06,+0001.91,-0007.04
+1580602794.81,-0006.84,+0008.79,+0000.00,-0000.23,-0001.23,-0009.88
+1580602794.81,+0001.95,+0009.77,+0000.98,-0004.21,-0000.92,-0008.50
+1580602794.82,+0005.86,+0004.88,+0000.00,+0000.46,+0003.14,-0014.78
+1580602794.82,-0002.93,+0007.81,-0000.98,-0000.92,-0001.76,-0008.80
+1580602794.83,+0003.91,+0006.84,-0001.95,-0004.75,-0006.20,-0007.96
+1580602794.83,+0002.93,+0004.88,-0003.91,-0007.43,-0001.53,-0008.27
+1580602794.84,+0000.00,+0003.91,-0002.93,+0003.52,-0000.08,-0010.80
+1580602794.84,+0002.93,+0005.86,-0002.93,-0005.21,-0000.31,-0011.25
+1580602794.85,+0003.91,+0001.95,-0004.88,+0003.60,+0003.45,-0012.79
+1580602794.85,-0001.95,+0004.88,-0005.86,-0003.98,-0001.45,-0014.62
+1580602794.86,+0005.86,+0000.98,-0004.88,+0001.53,-0008.65,-0001.76
+1580602794.86,+0003.91,+0000.98,-0005.86,+0000.77,+0007.81,-0013.17
+1580602794.87,-0008.79,+0000.00,-0004.88,+0003.29,-0006.43,-0005.36
+1580602794.87,+0006.84,+0003.91,-0004.88,-0005.51,+0002.45,-0011.79
+1580602794.88,-0001.95,-0004.88,-0007.81,-0001.61,+0002.22,-0011.33
+1580602794.88,-0000.98,-0000.98,-0006.84,-0001.76,+0001.30,-0013.17
+1580602794.89,-0002.93,-0002.93,-0007.81,-0002.30,-0003.45,-0006.81
+1580602794.89,-0001.95,-0005.86,-0007.81,+0001.45,+0002.45,-0010.41
+1580602794.90,-0003.91,-0004.88,-0008.79,-0005.28,+0000.08,-0007.43
+1580602794.90,-0004.88,-0004.88,-0007.81,-0003.29,-0000.31,-0013.63
+1580602794.91,-0000.98,-0007.81,-0007.81,-0001.30,-0003.68,-0007.58
+1580602794.91,+0004.88,-0008.79,-0008.79,-0001.76,+0001.15,-0005.36
+1580602794.92,-0019.53,-0007.81,-0010.74,-0001.68,-0007.43,-0010.18
+1580602794.92,-0002.93,-0007.81,-0008.79,+0002.07,-0007.73,-0006.12
+1580602794.93,+0013.67,-0012.70,-0008.79,-0004.75,+0008.73,-0012.63
+1580602794.93,-0016.60,-0013.67,-0008.79,-0004.67,+0001.30,-0005.51
+1580602794.94,-0006.84,-0005.86,-0009.77,-0002.76,+0001.23,-0017.99
+1580602794.94,-0001.95,-0015.62,-0010.74,-0003.45,-0003.14,-0004.44
+1580602794.95,+0003.91,-0015.62,-0010.74,+0007.27,+0000.08,-0008.80
+1580602794.95,-0010.74,-0012.70,-0009.77,+0001.15,-0002.83,-0013.86
+1580602794.96,-0008.79,-0012.70,-0007.81,+0000.69,+0000.08,-0017.15
+1580602794.96,+0000.00,-0015.62,-0006.84,-0001.61,-0001.07,-0012.79
+1580602794.97,-0000.98,-0014.65,-0005.86,+0002.99,+0002.22,-0011.71
+1580602794.97,-0002.93,-0012.70,-0004.88,+0001.15,-0000.38,-0008.65
+1580602794.98,-0000.98,-0014.65,-0004.88,+0002.91,-0002.60,-0009.11
+1580602794.98,-0000.98,-0016.60,-0003.91,-0001.91,-0000.77,-0007.66
+1580602794.99,-0001.95,-0013.67,-0003.91,+0003.06,+0000.00,-0010.95
+1580602794.99,+0002.93,-0016.60,-0003.91,+0003.90,-0005.05,-0001.68
+1580602795.00,+0008.79,-0015.62,-0002.93,+0000.69,+0004.06,-0013.55
+1580602795.00,-0007.81,-0016.60,-0000.98,-0001.00,+0001.00,-0008.80
+1580602795.01,+0000.00,-0010.74,+0000.98,-0003.45,-0004.82,-0009.72
+1580602795.01,+0011.72,-0016.60,+0001.95,+0001.91,+0005.51,-0014.47
+1580602795.02,+0000.98,-0014.65,+0001.95,-0001.30,-0002.91,-0005.44
+1580602795.02,-0000.98,-0011.72,+0003.91,+0004.06,+0003.52,-0014.78
+1580602795.03,+0007.81,-0013.67,+0004.88,+0002.53,+0006.20,-0011.94
+1580602795.03,+0000.98,-0013.67,+0004.88,+0000.69,+0001.00,-0012.63
+1580602795.04,+0001.95,-0012.70,+0005.86,-0002.07,-0005.82,+0000.15
+1580602795.04,-0000.98,-0010.74,+0005.86,-0004.98,-0001.91,-0006.20
+1580602795.05,+0000.00,-0014.65,+0006.84,+0006.97,-0003.14,-0004.98
+1580602795.05,+0002.93,-0010.74,+0007.81,-0004.21,+0003.37,-0010.87
+1580602795.06,-0001.95,-0013.67,+0009.77,+0000.61,-0002.45,-0004.44
+1580602795.06,-0001.95,-0009.77,+0009.77,-0002.07,+0003.68,-0013.48
+1580602795.07,-0005.86,-0011.72,+0009.77,+0004.13,-0006.66,-0007.89
+1580602795.07,+0001.95,-0009.77,+0010.74,+0002.53,+0002.37,-0009.57
+1580602795.08,-0004.88,-0011.72,+0010.74,+0002.76,-0000.08,-0008.96
+1580602795.08,-0007.81,-0007.81,+0010.74,+0002.76,+0003.90,-0015.54
+1580602795.09,-0008.79,-0008.79,+0012.70,-0000.54,-0005.74,-0013.55
+1580602795.09,+0006.84,-0007.81,+0013.67,+0000.84,+0000.61,-0009.88
+1580602795.10,-0005.86,-0008.79,+0013.67,+0000.08,-0003.60,-0003.37
+1580602795.10,-0005.86,-0002.93,+0014.65,+0004.29,+0004.36,-0014.93
+1580602795.11,-0006.84,-0004.88,+0014.65,-0004.13,-0002.07,-0015.01
+1580602795.11,+0006.84,-0004.88,+0015.62,-0002.68,+0003.90,-0012.17
+1580602795.12,+0000.98,-0004.88,+0015.62,-0000.31,-0005.05,-0004.52
+1580602795.12,-0000.98,+0000.00,+0017.58,+0005.21,+0002.45,-0014.93
+1580602795.13,+0007.81,-0001.95,+0017.58,-0006.28,-0013.55,-0000.54
+1580602795.13,+0010.74,-0000.98,+0015.62,-0004.98,+0002.68,-0012.71
+1580602795.14,-0012.70,-0000.98,+0017.58,+0006.51,+0001.45,-0016.46
+1580602795.14,+0004.88,+0008.79,+0021.48,+0005.36,-0007.12,-0015.93
+1580602795.15,+0013.67,-0000.98,+0021.48,+0005.44,+0004.75,-0015.31
+1580602795.15,-0002.93,+0004.88,+0021.48,-0002.83,-0004.21,-0006.05
+1580602795.16,+0001.95,+0010.74,+0020.51,+0003.75,+0000.84,-0013.48
+1580602795.16,+0004.88,+0005.86,+0020.51,-0002.14,+0000.00,-0010.80
+1580602795.17,+0005.86,+0006.84,+0019.53,+0001.76,+0001.15,-0008.27
+1580602795.17,-0000.98,+0010.74,+0020.51,+0000.15,-0001.30,-0010.34
+1580602795.18,+0004.88,+0010.74,+0021.48,+0000.31,-0000.61,-0006.89
+1580602795.18,+0000.98,+0011.72,+0021.48,-0001.76,+0004.90,-0015.70
+1580602795.19,+0002.93,+0011.72,+0021.48,+0000.69,+0003.52,-0012.56
+1580602795.19,+0004.88,+0012.70,+0019.53,-0004.98,-0004.75,-0007.20
+1580602795.20,+0008.79,+0009.77,+0017.58,+0001.15,+0002.45,-0002.99
+1580602795.20,-0009.77,+0013.67,+0016.60,-0001.76,-0007.73,-0005.44
+1580602795.21,+0000.98,+0015.62,+0018.55,+0006.05,-0002.68,-0008.35
+1580602795.21,+0009.77,+0012.70,+0017.58,-0007.35,+0003.45,-0006.58
+1580602795.22,-0005.86,+0012.70,+0017.58,+0004.21,+0001.23,-0001.07
+1580602795.22,-0010.74,+0019.53,+0017.58,+0000.08,-0004.52,-0011.33
+1580602795.23,+0001.95,+0014.65,+0016.60,+0000.84,-0000.69,-0010.80
+1580602795.23,-0001.95,+0014.65,+0015.62,+0002.45,+0004.67,-0015.62
+1580602795.24,-0003.91,+0017.58,+0016.60,+0002.14,-0000.23,-0010.11
+1580602795.24,-0005.86,+0018.55,+0013.67,-0004.44,+0001.61,-0010.72
+1580602795.25,-0006.84,+0014.65,+0012.70,+0002.53,-0003.37,-0009.65
+1580602795.25,+0003.91,+0016.60,+0011.72,-0002.60,-0001.99,-0009.57
+1580602795.26,-0003.91,+0013.67,+0010.74,+0003.45,+0000.77,-0010.26
+1580602795.26,-0009.77,+0015.62,+0009.77,-0003.22,-0001.38,-0010.18
+1580602795.27,-0001.95,+0015.62,+0009.77,-0000.77,-0004.36,-0008.27
+1580602795.27,+0000.00,+0012.70,+0007.81,-0000.61,+0004.59,-0014.32
+1580602795.28,-0011.72,+0012.70,+0005.86,-0001.45,-0005.44,-0010.57
+1580602795.28,+0000.00,+0013.67,+0005.86,-0001.76,+0001.23,-0016.23
+1580602795.29,-0002.93,+0010.74,+0004.88,-0001.38,+0000.00,-0012.10
+1580602795.29,-0004.88,+0011.72,+0005.86,-0000.54,+0000.69,-0012.40
+1580602795.30,-0002.93,+0011.72,+0005.86,-0002.53,-0003.98,-0010.72
+1580602795.30,+0000.98,+0009.77,+0003.91,+0001.00,+0002.07,-0007.20
+1580602795.31,-0003.91,+0008.79,+0001.95,-0003.29,-0002.22,-0006.51
+1580602795.31,-0002.93,+0007.81,+0000.00,+0000.23,+0000.69,-0010.57
+1580602795.32,-0002.93,+0006.84,-0000.98,-0002.76,-0002.68,-0009.88
+1580602795.32,+0000.00,+0005.86,-0000.98,+0003.83,+0000.08,-0012.40
+1580602795.33,-0001.95,+0005.86,-0000.98,-0002.76,+0002.60,-0013.63
+1580602795.33,-0001.95,+0005.86,-0000.98,+0002.37,-0002.14,-0014.93
+1580602795.34,+0002.93,+0003.91,+0000.00,-0005.67,-0000.54,-0012.56
+1580602795.34,+0003.91,+0003.91,-0001.95,-0004.44,+0001.23,-0013.86
+1580602795.35,-0002.93,+0002.93,-0002.93,-0001.99,-0004.90,-0007.81
+1580602795.35,+0008.79,+0002.93,-0003.91,-0001.68,-0000.46,-0003.14
+1580602795.36,+0000.00,+0000.00,-0004.88,-0001.53,+0006.51,-0013.63
+1580602795.36,-0002.93,+0001.95,-0004.88,+0002.45,-0002.53,-0007.50
+1580602795.37,+0006.84,+0000.98,-0003.91,-0003.06,-0001.53,-0008.58
+1580602795.37,+0002.93,-0003.91,-0004.88,-0000.54,-0001.38,-0003.68
+1580602795.38,-0001.95,-0000.98,-0004.88,+0003.29,+0000.92,-0006.74
+1580602795.38,-0000.98,-0002.93,-0005.86,+0000.92,-0001.23,-0010.57
+1580602795.39,+0001.95,-0003.91,-0006.84,-0002.53,+0001.45,-0015.16
+1580602795.39,+0000.00,-0004.88,-0006.84,-0000.84,-0002.76,-0007.50
+1580602795.40,-0001.95,-0002.93,-0006.84,-0002.91,-0003.68,-0006.12
+1580602795.40,-0000.98,-0007.81,-0006.84,+0002.91,-0000.92,-0007.50
+1580602795.41,-0001.95,-0006.84,-0006.84,-0002.99,+0002.30,-0009.65
+1580602795.41,-0004.88,-0008.79,-0006.84,-0001.38,-0003.06,-0009.11
+1580602795.42,+0000.00,-0007.81,-0007.81,-0004.82,+0001.00,-0010.18
+1580602795.42,-0003.91,-0010.74,-0007.81,+0003.06,-0000.92,-0010.26
+1580602795.43,-0000.98,-0009.77,-0007.81,-0001.76,-0003.37,-0006.28
+1580602795.43,+0000.00,-0010.74,-0008.79,-0001.23,+0000.54,-0009.65
+1580602795.44,-0007.81,-0011.72,-0008.79,-0001.53,-0000.38,-0012.40
+1580602795.44,-0001.95,-0010.74,-0008.79,+0003.14,-0003.37,-0010.49
+1580602795.45,+0000.00,-0012.70,-0007.81,-0002.30,+0003.83,-0015.24
+1580602795.45,-0004.88,-0011.72,-0006.84,+0000.00,-0007.43,-0005.05
+1580602795.46,+0005.86,-0011.72,-0005.86,-0001.84,+0005.90,-0013.32
+1580602795.46,-0009.77,-0011.72,-0006.84,-0003.14,+0002.99,-0016.69
+1580602795.47,+0000.98,-0009.77,-0005.86,+0000.23,+0001.68,-0014.32
+1580602795.47,+0006.84,-0011.72,-0007.81,-0006.58,+0002.07,-0014.16
+1580602795.48,-0000.98,-0013.67,-0006.84,+0002.14,-0003.37,-0001.84
+1580602795.48,+0000.98,-0007.81,-0005.86,+0002.45,+0001.53,-0011.25
+1580602795.49,-0002.93,-0010.74,-0003.91,+0001.30,-0005.05,-0009.34
+1580602795.49,+0011.72,-0007.81,-0003.91,-0003.29,-0002.60,-0008.65
+1580602795.50,+0010.74,-0009.77,-0002.93,-0001.53,+0002.53,-0009.88
+1580602795.50,-0004.88,-0003.91,-0001.95,+0000.77,-0007.27,-0010.03
+1580602795.51,+0007.81,-0002.93,+0000.98,+0004.52,-0001.68,-0014.32
+1580602795.51,+0014.65,-0004.88,+0000.98,-0003.52,+0001.91,-0010.26
+1580602795.52,+0004.88,-0003.91,+0000.98,+0002.45,-0000.38,-0003.75
+1580602795.52,-0002.93,+0001.95,+0001.95,-0005.28,-0001.00,-0006.58
+1580602795.53,-0000.98,-0000.98,+0002.93,+0005.82,-0000.23,-0010.26
+1580602795.53,+0003.91,+0000.00,+0003.91,-0002.83,+0000.61,-0005.97
+1580602795.54,-0001.95,+0000.98,+0004.88,+0004.52,+0000.54,-0007.58
+1580602795.54,-0007.81,+0002.93,+0005.86,-0000.77,-0002.99,-0007.43
+1580602795.55,-0002.93,+0003.91,+0005.86,+0004.90,+0002.99,-0014.85
+1580602795.55,-0007.81,+0004.88,+0005.86,-0002.30,-0000.23,-0013.09
+1580602795.56,+0000.00,+0006.84,+0006.84,-0000.61,+0000.92,-0005.74
+1580602795.56,-0003.91,+0005.86,+0006.84,-0001.38,+0003.14,-0007.66
+1580602795.57,-0016.60,+0008.79,+0006.84,+0002.76,-0002.45,-0008.12
+1580602795.57,-0009.77,+0010.74,+0005.86,-0004.90,+0000.38,-0016.00
+1580602795.58,-0004.88,+0009.77,+0006.84,-0003.98,-0005.21,-0009.57
+1580602795.58,+0000.00,+0008.79,+0006.84,+0004.21,+0000.61,-0006.97
+1580602795.59,-0009.77,+0013.67,+0005.86,-0003.22,+0003.83,-0008.96
+1580602795.59,-0012.70,+0013.67,+0006.84,+0000.31,-0005.28,-0009.88
+1580602795.60,+0005.86,+0013.67,+0006.84,-0002.22,+0003.06,-0015.39
+1580602795.60,-0001.95,+0011.72,+0005.86,+0000.84,-0002.14,-0014.93
+1580602795.61,+0000.98,+0017.58,+0006.84,+0002.22,-0003.60,-0006.97
+1580602795.61,+0001.95,+0015.62,+0006.84,-0000.08,+0000.23,-0011.18
+1580602795.62,+0000.98,+0016.60,+0006.84,+0001.99,-0003.06,-0009.49
+1580602795.62,+0008.79,+0017.58,+0006.84,-0002.68,-0002.30,-0009.95
+1580602795.63,+0006.84,+0016.60,+0004.88,-0001.07,+0000.00,-0010.57
+1580602795.63,+0003.91,+0016.60,+0004.88,+0002.14,-0002.68,-0010.57
+1580602795.64,+0007.81,+0016.60,+0003.91,-0000.23,-0003.06,-0011.25
+1580602795.64,+0007.81,+0013.67,+0003.91,+0000.77,+0002.76,-0010.95
+1580602795.65,+0001.95,+0014.65,+0002.93,-0002.14,-0002.30,-0011.71
+1580602795.65,+0005.86,+0014.65,+0001.95,+0002.14,+0000.54,-0009.57
+1580602795.66,+0004.88,+0011.72,+0000.98,-0004.13,+0003.75,-0011.94
+1580602795.66,+0001.95,+0012.70,+0000.00,-0002.22,-0004.67,-0000.77
+1580602795.67,+0012.70,+0009.77,+0000.00,+0001.53,+0005.59,-0011.03
+1580602795.67,-0002.93,+0008.79,-0001.95,-0005.28,+0000.23,-0007.89
+1580602795.68,-0001.95,+0009.77,-0002.93,+0000.08,-0001.15,-0006.43
+1580602795.68,+0005.86,+0004.88,-0003.91,-0005.28,+0004.44,-0008.27
+1580602795.69,-0003.91,+0001.95,-0005.86,+0003.52,+0000.08,-0007.20
+1580602795.69,-0003.91,+0005.86,-0006.84,-0005.97,-0000.38,-0011.33
+1580602795.70,+0000.00,+0000.98,-0007.81,-0002.07,+0000.61,-0008.50
+1580602795.70,+0000.00,-0001.95,-0008.79,-0001.68,+0003.83,-0011.48
+1580602795.71,-0004.88,+0000.00,-0010.74,-0004.13,-0006.05,-0008.50
+1580602795.71,+0006.84,-0001.95,-0012.70,-0005.21,-0000.92,-0001.45
+1580602795.72,-0009.77,-0004.88,-0015.62,-0006.51,-0000.84,-0007.20
+1580602795.72,-0011.72,-0002.93,-0014.65,+0002.53,+0000.00,-0012.94
+1580602795.73,+0000.98,-0003.91,-0015.62,-0008.65,-0001.91,-0012.10
+1580602795.73,+0001.95,-0009.77,-0017.58,-0000.84,+0002.99,-0012.33
+1580602795.74,-0005.86,-0004.88,-0018.55,-0004.59,-0004.13,-0010.80
+1580602795.74,-0001.95,-0006.84,-0017.58,-0002.45,+0001.53,-0009.26
+1580602795.75,-0006.84,-0008.79,-0018.55,-0005.21,+0003.83,-0017.53
+1580602795.75,+0001.95,-0008.79,-0019.53,+0000.23,-0000.31,-0008.27
+1580602795.76,+0005.86,-0007.81,-0020.51,-0006.43,+0003.29,-0011.41
+1580602795.76,-0006.84,-0010.74,-0020.51,+0001.53,-0001.45,-0007.35
+1580602795.77,-0000.98,-0004.88,-0017.58,+0001.61,-0001.15,-0008.19
+1580602795.77,-0000.98,-0008.79,-0015.62,-0000.31,-0003.29,-0010.34
+1580602795.78,+0004.88,-0007.81,-0015.62,-0005.36,+0001.00,-0010.18
+1580602795.78,+0004.88,-0008.79,-0016.60,-0002.22,+0000.54,-0009.95
+1580602795.79,-0005.86,-0008.79,-0017.58,-0001.53,-0001.91,-0016.84
+1580602795.79,+0001.95,-0008.79,-0015.62,-0003.06,-0002.30,-0011.56
+1580602795.80,+0011.72,-0008.79,-0016.60,-0001.00,+0000.31,-0009.72
+1580602795.80,-0000.98,-0010.74,-0018.55,-0002.76,+0004.06,-0009.11
+1580602795.81,-0004.88,-0006.84,-0016.60,-0004.67,-0002.37,-0009.42
+1580602795.81,+0002.93,-0010.74,-0014.65,+0003.52,+0003.52,-0014.78
+1580602795.82,+0001.95,-0009.77,-0013.67,-0003.22,+0000.77,-0012.79
+1580602795.82,+0002.93,-0009.77,-0012.70,+0000.31,+0002.53,-0009.34
+1580602795.83,-0000.98,-0007.81,-0014.65,-0004.13,+0002.68,-0014.09
+1580602795.83,-0006.84,-0010.74,-0014.65,+0000.54,-0002.83,-0007.81
+1580602795.84,+0005.86,-0009.77,-0014.65,-0002.07,-0002.14,-0008.50
+1580602795.84,-0001.95,-0013.67,-0015.62,-0001.84,-0001.00,-0004.67
+1580602795.85,-0002.93,-0008.79,-0014.65,-0001.68,-0000.77,-0004.44
+1580602795.85,-0002.93,-0010.74,-0014.65,-0000.84,+0001.45,-0009.88
+1580602795.86,+0000.98,-0012.70,-0014.65,-0001.76,-0005.44,-0002.53
+1580602795.86,+0006.84,-0012.70,-0015.62,-0003.37,+0009.65,-0012.40
+1580602795.87,-0015.62,-0010.74,-0016.60,-0002.76,+0000.38,-0015.70
+1580602795.87,-0004.88,-0008.79,-0015.62,+0002.22,-0006.66,-0009.26
+1580602795.88,+0002.93,-0012.70,-0015.62,-0004.67,+0004.21,-0013.63
+1580602795.88,-0009.77,-0014.65,-0014.65,+0006.28,-0004.98,-0005.67
+1580602795.89,-0000.98,-0006.84,-0012.70,-0003.52,-0000.15,-0006.89
+1580602795.89,-0011.72,-0012.70,-0013.67,-0003.45,+0004.82,-0015.47
+1580602795.90,-0005.86,-0010.74,-0013.67,-0001.07,-0008.80,-0001.68
+1580602795.90,+0011.72,-0012.70,-0015.62,-0002.76,+0005.90,-0007.81
+1580602795.91,-0016.60,-0014.65,-0017.58,-0004.98,+0003.98,-0013.48
+1580602795.91,-0002.93,-0010.74,-0014.65,+0003.68,-0000.77,-0020.75
+1580602795.92,+0005.86,-0013.67,-0013.67,-0006.35,-0004.67,-0008.04
+1580602795.92,+0003.91,-0018.55,-0013.67,+0007.81,+0003.29,-0005.44
+1580602795.93,-0010.74,-0009.77,-0012.70,-0003.68,+0001.45,-0011.33
+1580602795.93,-0006.84,-0011.72,-0011.72,+0003.29,-0001.53,-0012.25
+1580602795.94,+0003.91,-0015.62,-0012.70,-0001.53,+0002.07,-0015.70
+1580602795.94,+0000.00,-0015.62,-0012.70,+0001.38,-0004.29,-0009.95
+1580602795.95,+0002.93,-0011.72,-0011.72,-0002.30,+0003.60,-0007.66
+1580602795.95,-0007.81,-0015.62,-0009.77,+0003.29,-0001.38,-0014.85
+1580602795.96,-0005.86,-0012.70,-0007.81,-0000.31,-0001.84,-0011.41
+1580602795.96,+0005.86,-0014.65,-0008.79,+0001.23,-0003.52,-0010.26
+1580602795.97,+0001.95,-0016.60,-0008.79,+0003.29,+0003.68,-0011.64
+1580602795.97,-0013.67,-0013.67,-0007.81,-0001.76,-0005.05,-0011.33
+1580602795.98,+0000.00,-0011.72,-0005.86,+0005.44,+0001.30,-0019.91
+1580602795.98,+0004.88,-0015.62,-0005.86,+0002.91,-0004.06,-0006.20
+1580602795.99,+0010.74,-0014.65,-0005.86,+0000.31,+0000.23,-0006.35
+1580602795.99,-0001.95,-0012.70,-0004.88,-0001.68,+0001.61,-0009.88
+1580602796.00,-0000.98,-0011.72,-0001.95,+0003.98,-0005.51,-0005.28
+1580602796.00,+0007.81,-0011.72,+0000.00,+0002.60,-0000.84,-0008.58
+1580602796.01,+0001.95,-0012.70,+0001.95,+0002.30,-0000.77,-0003.37
+1580602796.01,+0000.98,-0010.74,+0001.95,+0001.38,+0000.46,-0009.34
+1580602796.02,+0000.98,-0013.67,+0002.93,+0002.76,+0002.76,-0013.02
+1580602796.02,+0000.98,-0011.72,+0002.93,-0000.69,-0001.99,-0011.33
+1580602796.03,+0003.91,-0012.70,+0002.93,+0001.45,-0002.07,-0004.82
+1580602796.03,+0000.00,-0012.70,+0003.91,+0000.69,+0003.60,-0009.80
+1580602796.04,-0006.84,-0011.72,+0005.86,+0003.60,-0001.68,-0010.80
+1580602796.04,-0000.98,-0009.77,+0007.81,+0001.00,+0000.69,-0010.26
+1580602796.05,-0000.98,-0012.70,+0008.79,+0004.52,-0001.38,-0008.42
+1580602796.05,-0005.86,-0008.79,+0009.77,+0001.07,-0001.61,-0009.65
+1580602796.06,-0009.77,-0008.79,+0009.77,+0002.22,-0000.08,-0009.88
+1580602796.06,-0006.84,-0009.77,+0008.79,+0000.77,+0000.69,-0014.85
+1580602796.07,-0005.86,-0009.77,+0009.77,+0000.69,-0000.61,-0016.38
+1580602796.07,-0002.93,-0008.79,+0010.74,+0001.61,+0005.05,-0017.23
+1580602796.08,-0008.79,-0006.84,+0011.72,-0000.69,-0005.51,-0010.87
+1580602796.08,+0003.91,-0005.86,+0012.70,+0003.45,-0003.98,-0004.75
+1580602796.09,+0002.93,-0006.84,+0012.70,+0001.30,+0002.30,-0010.64
+1580602796.09,-0010.74,-0004.88,+0014.65,+0003.14,-0003.37,-0010.18
+1580602796.10,+0002.93,+0000.00,+0016.60,+0001.23,-0001.53,-0012.02
+1580602796.10,+0003.91,-0004.88,+0017.58,+0001.61,-0000.46,-0010.72
+1580602796.11,+0002.93,-0001.95,+0017.58,+0001.68,-0000.38,-0007.81
+1580602796.11,+0000.98,+0000.98,+0019.53,+0003.75,-0002.14,-0017.30
+1580602796.12,+0006.84,+0000.98,+0021.48,+0000.92,-0001.76,-0007.27
+1580602796.12,+0003.91,+0002.93,+0021.48,+0006.51,+0004.13,-0019.06
+1580602796.13,+0002.93,+0003.91,+0024.41,+0007.04,-0002.07,-0012.40
+1580602796.13,+0012.70,+0005.86,+0026.37,-0000.38,-0002.60,-0008.04
+1580602796.14,+0005.86,+0003.91,+0026.37,+0003.22,+0004.21,-0010.03
+1580602796.14,+0002.93,+0007.81,+0028.32,+0004.21,+0000.08,-0011.87
+1580602796.15,+0006.84,+0007.81,+0028.32,+0003.22,-0005.90,-0005.90
+1580602796.15,+0013.67,+0005.86,+0028.32,+0001.30,+0003.29,-0005.82
+1580602796.16,+0000.00,+0006.84,+0027.34,+0002.22,+0000.69,-0009.11
+1580602796.16,-0002.93,+0009.77,+0029.30,+0006.97,-0006.12,-0007.12
+1580602796.17,+0007.81,+0008.79,+0030.27,+0000.15,+0006.74,-0010.64
+1580602796.17,-0007.81,+0007.81,+0031.25,+0004.06,+0003.14,-0016.31
+1580602796.18,+0000.00,+0011.72,+0033.20,+0005.67,+0001.76,-0013.40
+1580602796.18,+0000.98,+0010.74,+0032.23,-0003.45,+0004.98,-0008.27
+1580602796.19,-0015.62,+0008.79,+0031.25,+0008.19,-0001.00,-0010.95
+1580602796.19,-0009.77,+0013.67,+0031.25,-0000.54,-0000.38,-0011.10
+1580602796.20,-0001.95,+0008.79,+0030.27,+0000.54,-0000.54,-0005.28
+1580602796.20,-0002.93,+0007.81,+0030.27,-0001.15,+0001.23,-0005.90
+1580602796.21,-0009.77,+0009.77,+0029.30,-0000.46,+0000.61,-0008.04
+1580602796.21,-0009.77,+0011.72,+0028.32,+0000.23,-0002.99,-0011.94
+1580602796.22,+0004.88,+0009.77,+0028.32,-0002.14,+0000.54,-0009.80
+1580602796.22,-0000.98,+0008.79,+0027.34,+0001.00,+0000.00,-0012.63
+1580602796.23,-0004.88,+0012.70,+0027.34,+0003.45,-0000.54,-0014.32
+1580602796.23,+0007.81,+0011.72,+0027.34,+0002.83,+0003.90,-0018.22
+1580602796.24,+0001.95,+0011.72,+0026.37,-0001.15,-0002.99,-0009.95
+1580602796.24,+0008.79,+0012.70,+0026.37,+0000.38,-0003.60,-0000.77
+1580602796.25,-0001.95,+0013.67,+0025.39,-0004.52,-0005.97,-0011.41
+1580602796.25,-0000.98,+0012.70,+0026.37,+0005.36,-0000.92,-0008.04
+1580602796.26,+0012.70,+0015.62,+0025.39,-0005.21,+0003.45,-0012.94
+1580602796.26,-0002.93,+0008.79,+0024.41,-0000.84,+0001.99,-0010.80
+1580602796.27,-0000.98,+0016.60,+0022.46,-0004.67,+0000.84,-0011.79
+1580602796.27,+0001.95,+0010.74,+0020.51,-0000.46,+0001.53,-0014.09
+1580602796.28,+0000.00,+0010.74,+0019.53,-0000.61,+0001.91,-0008.73
+1580602796.28,+0000.00,+0011.72,+0019.53,-0000.23,+0000.23,-0007.96
+1580602796.29,-0001.95,+0012.70,+0019.53,-0003.68,-0006.12,-0006.28
+1580602796.29,+0008.79,+0010.74,+0018.55,+0001.76,+0004.59,-0009.80
+1580602796.30,-0002.93,+0011.72,+0016.60,-0004.52,+0000.46,-0013.40
+1580602796.30,+0000.00,+0011.72,+0015.62,-0001.91,+0001.00,-0016.46
+1580602796.31,+0000.98,+0010.74,+0012.70,-0003.14,-0006.51,-0010.18
+1580602796.31,+0011.72,+0009.77,+0012.70,+0001.38,+0002.45,-0002.91
+1580602796.32,-0002.93,+0009.77,+0010.74,-0007.89,+0003.98,-0012.48
+1580602796.32,-0006.84,+0011.72,+0011.72,-0000.54,-0000.54,-0010.11
+1580602796.33,+0009.77,+0011.72,+0010.74,-0006.97,-0001.76,-0008.19
+1580602796.33,+0002.93,+0005.86,+0008.79,+0000.61,+0004.67,-0010.41
+1580602796.34,-0005.86,+0010.74,+0007.81,+0001.15,+0000.23,-0016.23
+1580602796.34,+0000.00,+0011.72,+0006.84,-0002.68,-0004.06,-0010.41
+1580602796.35,+0010.74,+0008.79,+0005.86,-0003.06,-0000.77,-0004.90
+1580602796.35,-0001.95,+0008.79,+0002.93,-0000.77,+0006.89,-0008.04
+1580602796.36,-0012.70,+0011.72,+0003.91,-0001.61,-0002.60,-0011.71
+1580602796.36,+0003.91,+0011.72,+0002.93,-0003.14,+0001.99,-0013.86
+1580602796.37,+0001.95,+0006.84,+0001.95,-0003.22,-0000.23,-0008.88
+1580602796.37,-0001.95,+0011.72,+0000.98,-0002.53,+0001.38,-0011.64
+1580602796.38,-0010.74,+0010.74,+0000.00,-0003.14,-0002.14,-0011.94
+1580602796.38,+0000.98,+0010.74,+0000.00,+0002.14,-0001.68,-0010.11
+1580602796.39,+0002.93,+0007.81,-0000.98,-0006.81,+0002.83,-0012.86
+1580602796.39,-0003.91,+0010.74,-0001.95,-0001.99,-0003.52,-0005.90
+1580602796.40,+0000.98,+0010.74,-0002.93,+0000.15,+0001.91,-0009.88
+1580602796.40,-0004.88,+0008.79,-0003.91,-0002.37,-0000.54,-0010.57
+1580602796.41,+0000.98,+0010.74,-0003.91,-0001.99,+0003.22,-0011.18
+1580602796.41,+0000.00,+0009.77,-0004.88,-0004.90,-0001.30,-0012.71
+1580602796.42,-0002.93,+0008.79,-0004.88,+0000.00,+0002.99,-0009.34
+1580602796.42,-0002.93,+0011.72,-0005.86,-0001.07,-0000.54,-0012.56
+1580602796.43,+0000.98,+0008.79,-0006.84,+0000.23,-0000.84,-0011.25
+1580602796.43,+0002.93,+0008.79,-0006.84,-0003.60,+0002.53,-0014.78
+1580602796.44,-0002.93,+0007.81,-0006.84,-0000.38,-0004.82,-0007.96
+1580602796.44,+0000.98,+0010.74,-0006.84,+0001.00,+0002.53,-0013.86
+1580602796.45,-0003.91,+0008.79,-0006.84,+0000.61,-0011.71,-0005.05
+1580602796.45,+0013.67,+0009.77,-0008.79,-0000.23,+0005.05,-0009.34
+1580602796.46,-0002.93,+0007.81,-0009.77,-0005.05,+0001.15,-0013.02
+1580602796.46,+0005.86,+0010.74,-0008.79,-0000.31,+0000.38,-0011.18
+1580602796.47,+0007.81,+0007.81,-0008.79,-0005.05,+0000.15,-0013.48
+1580602796.47,+0003.91,+0008.79,-0008.79,+0003.37,-0002.76,-0003.98
+1580602796.48,+0005.86,+0010.74,-0008.79,-0001.61,+0002.68,-0008.50
+1580602796.48,-0002.93,+0008.79,-0008.79,-0001.91,-0005.44,-0006.43
+1580602796.49,+0009.77,+0009.77,-0007.81,-0000.31,+0002.68,-0007.35
+1580602796.49,+0000.00,+0007.81,-0008.79,-0003.60,+0004.82,-0014.70
+1580602796.50,-0003.91,+0008.79,-0006.84,+0003.37,+0006.89,-0018.68
+1580602796.50,-0003.91,+0011.72,-0005.86,-0006.35,-0003.75,-0011.03
+1580602796.51,+0002.93,+0006.84,-0005.86,+0001.61,-0003.14,-0004.90
+1580602796.51,+0000.00,+0008.79,-0008.79,-0003.83,+0007.43,-0006.12
+1580602796.52,-0018.55,+0007.81,-0009.77,+0003.98,-0001.30,-0014.01
+1580602796.52,-0004.88,+0009.77,-0008.79,-0000.69,-0002.83,-0014.16
+1580602796.53,+0004.88,+0003.91,-0007.81,-0002.07,+0000.77,-0009.26
+1580602796.53,-0010.74,+0007.81,-0008.79,-0003.14,-0007.50,-0002.30
+1580602796.54,-0005.86,+0007.81,-0008.79,+0001.91,+0003.06,-0015.70
+1580602796.54,-0005.86,+0004.88,-0009.77,-0006.43,+0000.08,-0011.48
+1580602796.55,-0001.95,+0004.88,-0008.79,+0000.84,-0001.68,-0013.63
+1580602796.55,+0005.86,+0005.86,-0009.77,-0000.92,+0005.28,-0015.16
+1580602796.56,-0006.84,+0004.88,-0010.74,+0000.46,-0002.60,-0011.94
+1580602796.56,+0002.93,+0004.88,-0009.77,-0003.45,-0008.65,-0003.60
+1580602796.57,+0008.79,+0002.93,-0010.74,-0004.67,+0004.90,-0015.77
+1580602796.57,-0013.67,+0000.98,-0010.74,+0002.76,-0009.49,-0001.84
+1580602796.58,+0009.77,+0006.84,-0009.77,+0002.45,-0000.69,-0014.85
+1580602796.58,+0002.93,-0001.95,-0011.72,-0007.27,+0000.15,-0016.61
+1580602796.59,+0006.84,+0001.95,-0011.72,-0001.99,-0000.92,-0012.40
+1580602796.59,+0001.95,+0001.95,-0013.67,-0001.15,-0000.38,-0007.35
+1580602796.60,+0000.00,+0000.98,-0013.67,+0002.30,-0000.69,-0015.08
+1580602796.60,+0010.74,-0000.98,-0011.72,+0001.30,+0000.92,-0005.90
+1580602796.61,+0009.77,-0000.98,-0011.72,-0002.68,+0003.60,-0014.93
+1580602796.61,-0002.93,-0001.95,-0011.72,-0001.76,-0006.81,-0003.29
+1580602796.62,+0006.84,+0000.00,-0011.72,+0003.45,+0002.99,-0016.69
+1580602796.62,-0000.98,-0005.86,-0013.67,+0000.23,-0002.76,-0007.12
+1580602796.63,+0006.84,-0003.91,-0013.67,-0003.22,-0000.77,-0003.60
+1580602796.63,+0000.00,-0005.86,-0015.62,-0001.68,+0005.97,-0014.55
+1580602796.64,-0007.81,-0007.81,-0015.62,-0002.22,-0000.23,-0005.05
+1580602796.64,+0003.91,-0006.84,-0015.62,-0003.90,+0002.14,-0012.33
+1580602796.65,-0003.91,-0011.72,-0016.60,-0002.22,+0002.76,-0002.53
+1580602796.65,-0011.72,-0008.79,-0017.58,-0001.38,+0000.08,-0012.94
+1580602796.66,-0002.93,-0009.77,-0016.60,-0001.84,+0001.15,-0013.55
+1580602796.66,-0001.95,-0011.72,-0015.62,-0001.84,+0000.08,-0012.17
+1580602796.67,-0005.86,-0010.74,-0016.60,+0000.08,-0001.53,-0009.34
+1580602796.67,-0006.84,-0009.77,-0017.58,-0001.07,+0000.54,-0009.11
+1580602796.68,-0005.86,-0012.70,-0017.58,-0001.53,-0004.06,-0009.19
+1580602796.68,+0002.93,-0011.72,-0017.58,-0000.15,+0000.54,-0010.57
+1580602796.69,-0005.86,-0012.70,-0016.60,-0002.91,+0002.53,-0010.95
+1580602796.69,-0004.88,-0010.74,-0016.60,-0002.14,+0001.00,-0011.41
+1580602796.70,-0000.98,-0011.72,-0016.60,-0001.00,-0001.30,-0014.70
+1580602796.70,+0004.88,-0011.72,-0017.58,+0000.61,-0005.97,-0001.45
+1580602796.71,+0001.95,-0009.77,-0017.58,+0003.45,+0006.05,-0013.40
+1580602796.71,-0008.79,-0010.74,-0013.67,+0003.52,-0004.29,-0013.78
+1580602796.72,+0007.81,-0006.84,-0011.72,-0002.07,-0002.76,-0009.95
+1580602796.72,+0005.86,-0010.74,-0012.70,+0001.99,+0003.37,-0010.49
+1580602796.73,-0006.84,-0006.84,-0012.70,-0002.53,-0005.51,-0007.20
+1580602796.73,+0001.95,-0005.86,-0009.77,+0001.07,+0002.76,-0013.48
+1580602796.74,+0001.95,-0007.81,-0008.79,-0001.00,+0000.08,-0006.35
+1580602796.74,-0000.98,-0005.86,-0006.84,+0002.22,+0003.29,-0013.09
+1580602796.75,+0000.00,-0003.91,-0005.86,-0001.53,-0001.00,-0012.10
+1580602796.75,+0005.86,-0005.86,-0005.86,-0000.31,-0003.06,-0007.12
+1580602796.76,+0002.93,-0005.86,-0004.88,+0000.77,+0001.99,-0008.88
+1580602796.76,+0000.00,-0002.93,-0003.91,+0001.68,-0002.76,-0014.39
+1580602796.77,+0003.91,-0003.91,-0002.93,-0001.15,-0001.45,-0010.18
+1580602796.77,+0008.79,-0003.91,-0001.95,+0002.76,+0002.14,-0010.18
+1580602796.78,+0000.00,-0001.95,-0001.95,+0000.31,+0001.15,-0012.48
+1580602796.78,+0005.86,+0000.00,-0000.98,-0001.61,-0000.31,-0007.66
+1580602796.79,+0006.84,-0001.95,-0000.98,+0002.53,+0007.27,-0014.93
+1580602796.79,-0001.95,-0000.98,+0000.00,-0001.38,-0009.11,-0001.30
+1580602796.80,+0006.84,+0000.98,+0000.00,-0003.22,+0005.36,-0010.80
+1580602796.80,-0012.70,-0002.93,+0001.95,+0002.60,-0001.76,-0008.42
+1580602796.81,+0000.00,+0003.91,+0003.91,+0003.29,-0002.99,-0009.88
+1580602796.81,+0003.91,+0000.98,+0003.91,-0004.06,+0004.59,-0017.30
+1580602796.82,-0004.88,-0001.95,+0002.93,+0003.45,+0007.43,-0015.08
+1580602796.82,-0014.65,+0004.88,+0002.93,-0003.22,-0001.84,-0014.62
+1580602796.83,-0002.93,+0001.95,+0003.91,+0003.37,-0000.61,-0011.18
+1580602796.83,+0006.84,-0000.98,+0002.93,+0000.38,-0003.83,-0009.88
+1580602796.84,-0003.91,-0001.95,+0000.98,+0004.06,+0001.61,-0007.27
+1580602796.84,-0016.60,+0003.91,+0000.98,-0006.51,+0000.77,-0011.33
+1580602796.85,-0004.88,+0000.98,+0001.95,+0003.22,-0003.83,-0015.77
+1580602796.85,+0006.84,-0001.95,+0001.95,+0000.46,+0003.68,-0010.18
+1580602796.86,-0003.91,+0000.00,+0001.95,-0001.30,-0000.92,-0005.67
+1580602796.86,-0010.74,+0002.93,+0001.95,+0000.15,+0001.61,-0015.39
+1580602796.87,-0005.86,+0000.00,+0000.98,+0000.08,-0000.69,-0013.55
+1580602796.87,+0005.86,-0002.93,+0000.00,-0001.23,+0003.22,-0007.66
+1580602796.88,-0004.88,-0001.95,+0000.98,-0002.91,+0002.22,-0009.72
+1580602796.88,-0009.77,-0000.98,+0000.98,+0002.45,-0002.60,-0010.11
+1580602796.89,+0004.88,-0002.93,+0000.98,-0001.99,+0007.12,-0014.70
+1580602796.89,-0003.91,-0004.88,+0000.00,-0000.54,-0002.07,-0009.49
+1580602796.90,-0000.98,-0000.98,+0000.00,+0001.00,-0000.23,-0009.88
+1580602796.90,-0001.95,-0002.93,+0000.00,-0001.30,+0002.07,-0014.09
+1580602796.91,-0000.98,-0004.88,+0000.98,+0003.60,-0000.69,-0006.58
+1580602796.91,+0004.88,-0000.98,+0001.95,-0005.51,+0004.98,-0018.07
+1580602796.92,-0001.95,-0004.88,+0000.98,-0000.15,-0004.29,-0008.88
+1580602796.92,+0003.91,-0001.95,+0000.00,-0007.04,-0000.77,-0012.71
+1580602796.93,+0001.95,-0005.86,-0000.98,+0003.06,-0000.46,-0007.96
+1580602796.93,+0000.98,-0002.93,-0001.95,-0000.15,+0001.99,-0012.56
+1580602796.94,+0000.98,-0003.91,-0000.98,-0002.60,-0001.99,-0011.48
+1580602796.94,+0009.77,-0003.91,+0000.00,-0000.61,+0003.22,-0004.75
+1580602796.95,-0000.98,-0005.86,+0000.00,-0000.77,+0001.76,-0006.12
+1580602796.95,-0005.86,-0004.88,+0001.95,-0000.61,-0004.06,+0007.04
+1580602796.96,-0004.88,-0002.93,+0001.95,-0004.29,-0003.29,-0009.26
+1580602796.96,+0000.00,-0006.84,+0001.95,+0007.66,-0004.06,-0010.03
+1580602796.97,+0006.84,-0003.91,+0001.95,-0002.91,+0004.06,-0019.60
+1580602796.97,-0007.81,-0007.81,+0001.95,-0001.99,-0002.45,-0010.95
+1580602796.98,-0004.88,-0001.95,+0001.95,-0003.52,+0002.45,-0017.00
+1580602796.98,-0002.93,-0005.86,+0002.93,+0002.60,-0006.97,-0004.90
+1580602796.99,+0007.81,-0006.84,+0003.91,+0002.30,+0000.54,-0000.77
+1580602796.99,-0010.74,-0005.86,+0002.93,-0001.76,-0007.43,-0003.90
+1580602797.00,-0002.93,-0003.91,+0002.93,+0003.52,-0001.68,-0006.20
+1580602797.00,+0002.93,-0005.86,+0000.00,-0004.98,+0003.37,-0016.46
+1580602797.01,-0005.86,-0009.77,+0000.98,-0001.00,-0001.30,-0003.75
+1580602797.01,-0002.93,-0001.95,+0000.98,-0001.99,+0000.31,-0016.84
+1580602797.02,-0001.95,-0006.84,+0000.00,+0002.30,-0003.14,-0011.64
+1580602797.02,+0004.88,-0006.84,+0000.98,-0000.84,-0000.31,-0008.19
+1580602797.03,-0004.88,-0005.86,+0001.95,+0004.06,+0002.22,-0011.18
+1580602797.03,-0007.81,-0003.91,+0003.91,+0000.69,-0001.61,-0009.72
+1580602797.04,+0000.98,-0003.91,+0004.88,+0000.38,+0001.15,-0014.85
+1580602797.04,-0000.98,-0006.84,+0003.91,-0001.38,-0000.92,-0010.03
+1580602797.05,-0003.91,-0002.93,+0002.93,-0005.05,-0001.15,-0014.70
+1580602797.05,-0000.98,-0005.86,+0002.93,+0002.91,-0005.97,-0009.03
+1580602797.06,+0007.81,-0006.84,+0001.95,-0002.53,+0002.45,-0010.87
+1580602797.06,+0000.98,-0006.84,+0001.95,-0002.07,-0002.99,-0008.12
+1580602797.07,+0004.88,-0003.91,+0000.98,-0000.15,+0003.06,-0016.69
+1580602797.07,+0000.00,-0006.84,+0001.95,-0000.61,-0005.21,-0007.20
+1580602797.08,+0011.72,-0003.91,+0002.93,+0006.43,-0001.91,-0008.42
+1580602797.08,+0001.95,-0005.86,+0002.93,+0001.99,-0002.37,-0010.18
+1580602797.09,+0002.93,-0001.95,+0003.91,+0001.61,-0000.54,-0013.17
+1580602797.09,+0009.77,-0003.91,+0003.91,-0003.90,-0000.69,-0013.40
+1580602797.10,+0009.77,-0005.86,+0002.93,+0000.54,-0002.53,-0004.59
+1580602797.10,-0003.91,-0002.93,+0002.93,-0001.61,+0001.84,-0016.31
+1580602797.11,-0006.84,-0002.93,+0002.93,-0001.61,-0005.05,-0008.04
+1580602797.11,+0012.70,-0005.86,+0002.93,+0000.69,-0001.91,-0003.75
+1580602797.12,-0002.93,-0007.81,+0001.95,-0002.53,-0004.59,-0001.53
+1580602797.12,-0009.77,-0001.95,+0001.95,+0002.30,+0004.75,-0012.56
+1580602797.13,-0008.79,-0001.95,+0001.95,-0004.29,+0001.00,-0021.13
+1580602797.13,+0004.88,-0005.86,+0003.91,+0002.14,-0007.58,-0012.40
+1580602797.14,+0010.74,-0001.95,+0000.98,-0009.34,-0010.80,-0001.07
+1580602797.14,+0007.81,-0006.84,+0000.00,+0009.03,+0006.58,+0009.80
+1580602797.15,-0025.39,+0001.95,-0000.98,-0004.36,+0005.74,-0026.49
+1580602797.15,-0005.86,-0000.98,+0001.95,+0006.74,+0013.17,-0033.76
+1580602797.16,-0002.93,+0003.91,+0000.98,-0017.46,-0005.90,-0014.62
+1580602797.16,-0006.84,-0009.77,+0002.93,+0017.99,+0000.92,-0013.02
+1580602797.17,+0000.98,+0008.79,+0004.88,-0005.44,+0000.54,-0013.55
+1580602797.17,-0008.79,-0002.93,+0005.86,+0004.44,+0004.44,-0016.15
+1580602797.18,-0011.72,+0003.91,+0005.86,-0005.74,-0006.20,-0005.90
+1580602797.18,+0006.84,+0003.91,+0004.88,+0000.31,+0001.53,-0008.50
+1580602797.19,-0001.95,+0001.95,+0002.93,-0002.91,+0001.15,-0007.20
+1580602797.19,-0010.74,+0002.93,+0004.88,+0005.97,+0002.60,-0011.79
+1580602797.20,-0005.86,+0008.79,+0005.86,-0000.08,-0004.67,-0012.71
+1580602797.20,+0006.84,+0004.88,+0007.81,+0002.99,-0001.68,-0016.23
+1580602797.21,+0007.81,+0006.84,+0006.84,+0000.84,+0003.68,-0016.15
+1580602797.21,-0002.93,+0009.77,+0007.81,+0000.00,-0012.10,-0003.60
+1580602797.22,+0015.62,+0009.77,+0007.81,+0005.59,+0001.61,-0005.59
+1580602797.22,-0003.91,+0008.79,+0006.84,+0000.77,+0006.28,-0016.77
+1580602797.23,-0000.98,+0012.70,+0009.77,+0006.81,-0001.76,-0015.70
+1580602797.23,+0015.62,+0014.65,+0010.74,-0004.44,+0000.92,-0013.48
+1580602797.24,+0004.88,+0007.81,+0010.74,+0003.60,+0002.91,-0009.95
+1580602797.24,-0000.98,+0014.65,+0011.72,+0001.38,-0001.68,-0008.88
+1580602797.25,+0006.84,+0013.67,+0011.72,-0000.46,+0003.52,-0012.10
+1580602797.25,+0002.93,+0008.79,+0010.74,-0001.38,-0003.52,-0005.44
+1580602797.26,+0003.91,+0011.72,+0009.77,+0001.15,+0003.68,-0010.18
+1580602797.26,+0001.95,+0008.79,+0008.79,+0001.61,+0001.61,-0006.81
+1580602797.27,+0000.00,+0008.79,+0007.81,-0001.61,+0002.83,-0012.17
+1580602797.27,+0001.95,+0005.86,+0005.86,-0004.29,-0005.36,-0000.46
+1580602797.28,-0001.95,+0009.77,+0004.88,-0010.49,-0000.84,-0011.33
+1580602797.28,-0005.86,+0003.91,+0003.91,+0005.74,-0005.05,-0008.96
+1580602797.29,+0005.86,+0006.84,+0003.91,-0003.22,-0000.61,-0008.80
+1580602797.29,-0005.86,+0000.98,+0001.95,-0001.00,+0002.76,-0011.64
+1580602797.30,-0005.86,+0005.86,+0001.95,-0001.30,+0002.07,-0011.10
+1580602797.30,-0003.91,+0001.95,-0000.98,-0004.52,-0001.00,-0009.11
+1580602797.31,+0000.00,-0001.95,-0003.91,-0001.84,-0001.99,-0006.05
+1580602797.31,-0004.88,+0000.98,-0005.86,-0001.76,-0001.23,-0015.39
+1580602797.32,-0003.91,-0000.98,-0006.84,-0004.52,-0007.04,-0002.07
+1580602797.32,+0003.91,-0001.95,-0008.79,+0000.61,+0010.41,-0015.85
+1580602797.33,-0014.65,-0004.88,-0009.77,-0010.11,-0003.37,-0008.27
+1580602797.33,+0000.98,+0000.98,-0008.79,-0008.50,-0000.08,-0016.00
+1580602797.34,-0001.95,-0007.81,-0010.74,-0002.83,-0000.38,-0009.26
+1580602797.34,+0000.00,-0004.88,-0010.74,+0001.76,+0001.84,-0011.33
+1580602797.35,-0002.93,-0003.91,-0011.72,-0000.84,+0001.45,-0010.26
+1580602797.35,-0001.95,-0005.86,-0012.70,-0003.98,-0000.38,-0012.17
+1580602797.36,-0002.93,-0007.81,-0011.72,-0000.84,+0000.46,-0016.46
+1580602797.36,+0010.74,-0004.88,-0011.72,+0003.68,-0011.03,-0000.61
+1580602797.37,+0001.95,-0006.84,-0012.70,-0001.30,+0004.67,-0016.54
+1580602797.37,-0016.60,-0005.86,-0012.70,+0002.22,-0006.81,-0012.02
+1580602797.38,+0009.77,+0000.00,-0010.74,+0002.22,-0002.83,-0020.21
+1580602797.38,+0018.55,-0010.74,-0010.74,-0004.44,-0002.76,-0001.30
+1580602797.39,-0007.81,-0002.93,-0009.77,-0006.05,-0000.31,-0010.95
+1580602797.39,-0010.74,+0000.98,-0007.81,+0004.36,-0001.07,-0011.79
+1580602797.40,+0009.77,-0001.95,-0007.81,-0003.06,-0002.91,-0014.85
+1580602797.40,+0008.79,-0007.81,-0007.81,+0003.68,+0001.23,-0005.59
+1580602797.41,-0005.86,+0000.98,-0006.84,-0003.06,+0004.59,-0011.48
+1580602797.41,-0006.84,+0000.00,-0005.86,-0003.68,-0005.28,-0010.41
+1580602797.42,+0007.81,-0003.91,-0006.84,+0001.91,+0001.99,-0013.09
+1580602797.42,+0005.86,-0003.91,-0006.84,+0000.31,+0000.38,+0000.46
+1580602797.43,-0004.88,+0000.98,-0006.84,+0002.91,+0001.76,-0013.17
+1580602797.43,-0007.81,-0001.95,-0004.88,+0001.38,-0006.66,-0003.14
+1580602797.44,+0007.81,+0000.00,-0002.93,-0008.35,+0001.15,-0008.19
+1580602797.44,-0001.95,-0005.86,-0002.93,+0008.35,+0000.61,-0006.43
+1580602797.45,-0004.88,+0002.93,-0000.98,-0001.38,-0001.84,-0008.96
+1580602797.45,-0001.95,+0000.00,-0000.98,-0002.22,+0000.84,-0015.70
+1580602797.46,+0000.98,-0003.91,-0001.95,+0002.37,+0010.57,-0018.15
+1580602797.46,-0013.67,-0000.98,-0002.93,-0007.81,-0006.51,-0006.28
+1580602797.47,+0004.88,+0000.00,-0001.95,+0006.20,-0001.76,-0006.58
+1580602797.47,-0006.84,-0004.88,-0002.93,+0000.46,+0000.69,-0010.03
+1580602797.48,-0010.74,-0001.95,-0000.98,+0006.20,-0003.37,-0012.10
+1580602797.48,+0002.93,+0002.93,+0000.00,-0003.83,-0003.68,-0009.26
+1580602797.49,+0000.00,-0004.88,+0000.00,+0001.23,+0004.90,-0007.66
+1580602797.49,-0011.72,+0000.98,+0000.00,-0001.15,-0003.45,-0006.97
+1580602797.50,+0001.95,+0000.98,+0000.00,+0001.76,+0000.69,-0013.78
+1580602797.50,+0000.98,-0004.88,-0001.95,-0006.12,+0000.54,-0008.58
+1580602797.51,-0007.81,-0000.98,-0000.98,-0000.38,-0005.90,-0008.35
+1580602797.51,+0000.98,+0000.98,+0000.98,-0000.61,-0001.15,-0012.86
+1580602797.52,+0005.86,-0002.93,+0000.00,-0000.15,-0000.77,-0006.89
+1580602797.52,-0002.93,-0002.93,+0000.00,+0000.08,+0001.76,-0009.80
+1580602797.53,-0005.86,+0001.95,+0000.98,+0002.91,-0001.99,-0011.64
+1580602797.53,+0004.88,-0000.98,+0000.98,-0001.84,+0000.84,-0011.33
+1580602797.54,+0002.93,-0002.93,+0000.98,+0000.00,+0003.22,-0012.40
+1580602797.54,-0000.98,+0001.95,+0001.95,+0000.15,+0000.61,-0008.88
+1580602797.55,+0002.93,+0001.95,+0001.95,-0001.91,+0001.76,-0014.62
+1580602797.55,-0000.98,-0000.98,+0002.93,+0000.08,-0004.90,-0007.73
+1580602797.56,+0006.84,+0002.93,+0003.91,+0001.23,+0001.07,-0006.35
+1580602797.56,-0003.91,+0001.95,+0003.91,+0001.45,-0000.84,-0011.33
+1580602797.57,-0002.93,+0004.88,+0004.88,+0004.59,-0003.14,-0012.02
+1580602797.57,+0007.81,+0002.93,+0005.86,+0000.77,-0002.91,-0010.11
+1580602797.58,+0003.91,+0002.93,+0004.88,+0003.90,+0000.92,-0008.96
+1580602797.58,-0002.93,+0003.91,+0003.91,+0003.60,+0000.23,-0010.87
+1580602797.59,+0000.98,+0006.84,+0004.88,-0001.15,-0003.22,-0008.04
+1580602797.59,+0002.93,+0002.93,+0005.86,-0000.84,+0001.07,-0010.26
+1580602797.60,+0002.93,+0005.86,+0006.84,-0003.68,+0002.60,-0008.65
+1580602797.60,-0002.93,+0005.86,+0007.81,+0000.92,-0002.30,-0005.97
+1580602797.61,-0001.95,+0006.84,+0006.84,-0000.15,+0003.14,-0013.25
+1580602797.61,-0001.95,+0004.88,+0005.86,-0001.15,-0001.61,-0013.63
+1580602797.62,+0001.95,+0004.88,+0005.86,+0000.46,+0002.53,-0009.19
+1580602797.62,-0003.91,+0004.88,+0006.84,-0000.31,-0004.44,-0008.19
+1580602797.63,-0003.91,+0005.86,+0006.84,+0000.38,-0000.46,-0005.59
+1580602797.63,-0003.91,+0004.88,+0005.86,+0000.77,-0000.92,-0010.18
+1580602797.64,-0001.95,+0003.91,+0005.86,-0000.08,+0001.45,-0011.94
+1580602797.64,-0003.91,+0001.95,+0004.88,-0002.60,-0001.84,-0012.40
+1580602797.65,-0004.88,+0002.93,+0003.91,-0001.53,-0000.08,-0012.86
+1580602797.65,+0000.98,+0001.95,+0002.93,-0000.15,+0006.51,-0015.08
+1580602797.66,-0007.81,+0000.98,+0002.93,-0003.68,-0003.45,-0009.26
+1580602797.66,+0000.00,+0000.98,+0002.93,+0002.30,+0001.23,-0009.49
+1580602797.67,-0003.91,-0000.98,+0000.98,-0003.37,-0003.52,-0009.03
+1580602797.67,+0000.98,-0001.95,+0000.00,+0004.21,-0004.06,-0008.04
+1580602797.68,+0002.93,-0002.93,-0000.98,-0005.67,+0001.07,-0009.19
+1580602797.68,-0003.91,-0004.88,-0002.93,+0001.07,-0002.37,-0006.66
+1580602797.69,-0001.95,-0003.91,-0004.88,-0003.52,+0003.60,-0015.47
+1580602797.69,-0002.93,-0007.81,-0004.88,-0001.45,-0004.59,-0012.33
+1580602797.70,+0010.74,-0008.79,-0005.86,-0002.60,-0001.99,-0007.35
+1580602797.70,+0002.93,-0009.77,-0008.79,-0002.76,-0001.07,-0010.26
+1580602797.71,-0008.79,-0008.79,-0009.77,+0000.38,+0000.15,-0013.25
+1580602797.71,+0002.93,-0009.77,-0009.77,-0004.13,-0002.37,-0017.92
+1580602797.72,+0017.58,-0015.62,-0010.74,-0005.13,-0009.11,+0001.53
+1580602797.72,-0003.91,-0012.70,-0013.67,-0009.34,+0000.31,-0009.34
+1580602797.73,-0016.60,-0011.72,-0012.70,+0002.30,-0004.90,-0012.10
+1580602797.73,+0009.77,-0011.72,-0012.70,-0002.14,-0000.61,-0015.24
+1580602797.74,+0006.84,-0023.44,-0014.65,+0003.68,+0001.99,-0002.22
+1580602797.74,-0000.98,-0012.70,-0014.65,-0005.13,-0001.00,-0010.72
+1580602797.75,-0006.84,-0014.65,-0013.67,-0001.68,-0002.68,-0009.34
+1580602797.75,+0002.93,-0016.60,-0013.67,+0001.84,+0000.54,-0008.96
+1580602797.76,+0001.95,-0018.55,-0013.67,+0002.30,-0000.38,-0001.76
+1580602797.76,-0001.95,-0012.70,-0013.67,-0002.22,-0000.31,-0009.26
+1580602797.77,-0007.81,-0016.60,-0013.67,-0001.53,+0000.77,-0008.65
+1580602797.77,-0001.95,-0015.62,-0012.70,+0001.61,-0003.45,-0009.57
+1580602797.78,-0000.98,-0015.62,-0013.67,-0000.23,+0003.98,-0009.42
+1580602797.78,-0009.77,-0013.67,-0012.70,-0000.08,-0001.53,-0008.80
+1580602797.79,-0010.74,-0011.72,-0011.72,+0002.37,+0004.36,-0013.86
+1580602797.79,-0003.91,-0013.67,-0009.77,+0002.22,+0000.69,-0012.10
+1580602797.80,-0002.93,-0011.72,-0008.79,-0003.68,+0003.45,-0008.73
+1580602797.80,-0009.77,-0009.77,-0008.79,+0002.14,-0000.46,-0011.64
+1580602797.81,-0005.86,-0006.84,-0007.81,-0000.84,-0003.75,-0009.19
+1580602797.81,+0000.98,-0008.79,-0006.84,+0003.22,+0000.08,-0010.11
+1580602797.82,-0003.91,-0005.86,-0004.88,+0001.15,-0001.84,-0010.57
+1580602797.82,+0003.91,-0003.91,-0002.93,+0000.92,-0006.12,-0000.31
+1580602797.83,-0008.79,-0002.93,-0002.93,-0004.13,-0003.52,-0009.95
+1580602797.83,-0004.88,-0002.93,+0000.00,+0008.80,-0001.53,-0013.70
+1580602797.84,+0006.84,+0000.00,+0000.00,-0007.27,+0000.23,-0011.25
+1580602797.84,-0002.93,-0003.91,+0000.00,+0002.60,+0004.29,-0008.96
+1580602797.85,-0007.81,+0003.91,+0002.93,-0000.31,-0004.75,-0007.89
+1580602797.85,+0004.88,+0000.98,+0003.91,+0002.22,+0003.37,-0013.25
+1580602797.86,-0002.93,+0000.00,+0002.93,-0003.68,+0003.14,-0013.48
+1580602797.86,-0002.93,+0004.88,+0002.93,-0001.00,-0003.60,-0012.56
+1580602797.87,+0009.77,+0003.91,+0002.93,-0003.52,-0001.84,-0009.95
+1580602797.87,+0003.91,+0000.98,+0002.93,+0003.98,+0003.45,-0012.40
+1580602797.88,-0000.98,+0004.88,+0003.91,-0002.07,-0002.91,-0002.37
+1580602797.88,+0002.93,+0006.84,+0004.88,-0006.12,-0002.91,-0008.65
+1580602797.89,+0007.81,+0002.93,+0005.86,+0002.53,+0001.76,-0009.88
+1580602797.89,+0004.88,+0005.86,+0005.86,-0001.45,-0001.23,-0007.20
+1580602797.89,+0000.00,+0005.86,+0005.86,+0000.08,-0000.15,-0004.82
+1580602797.90,+0003.91,+0004.88,+0004.88,-0001.38,+0002.76,-0010.57
+1580602797.90,-0001.95,+0003.91,+0004.88,+0000.38,-0000.61,-0013.93
+1580602797.91,+0006.84,+0005.86,+0004.88,-0000.08,-0001.07,-0009.03
+1580602797.91,+0006.84,+0003.91,+0004.88,-0003.52,-0001.61,-0004.59
+1580602797.92,+0000.98,+0002.93,+0003.91,+0004.75,+0007.12,-0012.17
+1580602797.92,-0007.81,+0004.88,+0003.91,-0003.52,-0004.59,-0005.28
+1580602797.93,+0002.93,+0004.88,+0003.91,+0004.67,+0000.38,-0015.24
+1580602797.93,+0008.79,+0000.00,+0001.95,+0002.45,+0009.19,-0009.11
+1580602797.94,-0011.72,+0003.91,+0002.93,-0003.22,+0001.53,-0008.58
+1580602797.94,-0010.74,+0004.88,+0002.93,-0000.31,-0000.61,-0013.48
+1580602797.95,+0007.81,+0000.98,+0001.95,-0003.14,+0004.29,-0007.73
+1580602797.95,+0000.98,-0003.91,+0000.00,+0000.00,+0004.13,-0010.34
+1580602797.96,-0010.74,+0002.93,+0000.98,-0002.68,-0005.74,-0005.51
+1580602797.96,+0000.98,+0002.93,+0000.98,+0000.46,+0000.08,-0014.39
+1580602797.97,+0000.00,-0005.86,-0000.98,+0003.68,+0000.38,-0007.20
+1580602797.97,-0000.98,+0000.00,-0000.98,+0001.15,+0002.30,-0011.64
+1580602797.98,-0006.84,+0000.00,-0000.98,-0003.83,-0003.68,-0009.34
+1580602797.98,-0001.95,-0002.93,-0001.95,-0001.30,+0001.38,-0013.55
+1580602797.99,-0000.98,-0005.86,-0002.93,-0000.61,-0001.53,-0013.55
+1580602797.99,+0000.00,-0002.93,-0001.95,-0001.23,+0000.46,-0012.10
+1580602798.00,+0003.91,-0005.86,-0003.91,-0002.53,-0006.43,-0004.36
+1580602798.00,+0001.95,-0006.84,-0005.86,-0004.13,+0005.44,-0011.71
+1580602798.01,-0011.72,-0005.86,-0003.91,+0000.00,+0000.15,-0013.48
+1580602798.01,+0003.91,-0003.91,-0002.93,+0000.46,-0004.44,-0012.40
+1580602798.02,+0007.81,-0010.74,-0003.91,+0003.68,+0003.14,-0014.78
+1580602798.02,-0006.84,-0007.81,-0003.91,-0002.45,-0004.59,-0010.11
+1580602798.03,+0004.88,-0006.84,-0002.93,+0000.31,-0005.36,-0008.58
+1580602798.03,+0004.88,-0010.74,-0004.88,-0001.91,+0003.37,-0015.01
+1580602798.04,+0002.93,-0011.72,-0003.91,+0002.07,+0001.45,-0004.13
+1580602798.04,+0001.95,-0006.84,-0004.88,-0003.14,+0004.13,-0017.30
+1580602798.05,-0004.88,-0011.72,-0003.91,-0000.84,-0003.90,-0008.80
+1580602798.05,+0008.79,-0008.79,-0002.93,-0001.23,+0002.91,-0015.62
+1580602798.06,-0001.95,-0010.74,-0003.91,+0002.45,-0000.31,-0014.32
+1580602798.06,+0001.95,-0006.84,-0002.93,+0000.54,-0007.89,-0005.59
+1580602798.07,+0010.74,-0009.77,-0002.93,-0000.77,+0001.76,-0010.26
+1580602798.07,-0001.95,-0010.74,-0001.95,+0002.60,+0004.75,-0007.66
+1580602798.08,-0010.74,-0004.88,+0000.00,+0001.38,-0003.68,-0009.11
+1580602798.08,+0003.91,-0007.81,+0000.98,+0000.23,-0005.44,-0006.35
+1580602798.09,+0011.72,-0010.74,+0000.98,-0000.08,+0002.14,-0009.19
+1580602798.09,-0006.84,-0007.81,+0001.95,+0000.84,-0001.30,-0004.59
+1580602798.10,-0010.74,-0000.98,+0002.93,+0000.15,+0005.05,-0016.92
+1580602798.10,-0006.84,-0005.86,+0002.93,+0000.15,-0001.45,-0018.83
+1580602798.11,+0003.91,-0005.86,+0003.91,-0000.69,+0002.22,-0007.20
+1580602798.11,-0005.86,-0002.93,+0004.88,+0001.15,+0006.81,-0013.93
+1580602798.12,-0016.60,+0000.00,+0006.84,+0001.53,-0006.58,-0007.35
+1580602798.12,+0003.91,+0000.00,+0008.79,+0003.29,-0001.76,-0010.11
+1580602798.13,-0001.95,-0002.93,+0007.81,+0001.53,+0003.60,-0006.81
+1580602798.13,-0016.60,+0002.93,+0008.79,-0001.45,-0005.59,-0006.05
+1580602798.14,-0001.95,+0003.91,+0009.77,+0002.83,-0003.14,-0011.18
+1580602798.14,+0000.00,+0000.00,+0009.77,+0001.15,+0001.68,-0013.48
+1580602798.15,-0005.86,+0003.91,+0011.72,+0003.60,-0003.60,-0011.25
+1580602798.15,-0000.98,+0007.81,+0012.70,-0001.07,+0000.23,-0014.39
+1580602798.16,-0000.98,+0002.93,+0012.70,+0000.23,-0000.61,-0009.26
+1580602798.16,-0005.86,+0006.84,+0013.67,+0001.15,-0001.76,-0015.08
+1580602798.17,-0001.95,+0007.81,+0015.62,+0001.99,-0004.98,-0012.40
+1580602798.17,+0013.67,+0005.86,+0015.62,-0000.92,-0002.83,-0006.28
+1580602798.18,-0000.98,+0003.91,+0015.62,+0003.98,-0000.15,-0008.27
+1580602798.18,-0006.84,+0009.77,+0015.62,+0000.23,-0003.29,-0009.26
+1580602798.19,+0005.86,+0007.81,+0016.60,+0000.38,+0000.92,-0014.16
+1580602798.19,+0005.86,+0003.91,+0015.62,-0002.68,-0001.00,-0013.93
+1580602798.20,+0012.70,+0006.84,+0014.65,+0000.77,+0004.52,-0011.41
+1580602798.20,-0004.88,+0006.84,+0013.67,+0000.46,+0002.68,-0017.15
+1580602798.21,+0003.91,+0005.86,+0016.60,+0001.68,-0011.71,-0005.67
+1580602798.21,+0017.58,+0005.86,+0016.60,-0003.75,+0009.49,-0018.99
+1580602798.22,-0007.81,+0002.93,+0015.62,+0000.31,-0007.12,-0001.23
+1580602798.22,+0007.81,+0009.77,+0015.62,+0001.68,+0001.91,-0012.94
+1580602798.23,+0002.93,+0000.98,+0012.70,-0007.12,+0002.53,-0014.16
+1580602798.23,+0001.95,+0002.93,+0013.67,-0002.30,+0000.84,-0008.04
+1580602798.24,+0001.95,+0003.91,+0011.72,-0001.30,-0000.61,-0008.19
+1580602798.24,-0002.93,+0000.98,+0010.74,+0000.84,+0001.07,-0008.19
+1580602798.25,-0001.95,+0000.98,+0009.77,+0000.77,-0000.69,-0010.26
+1580602798.25,+0001.95,+0000.98,+0009.77,-0001.68,+0001.30,-0008.35
+1580602798.26,-0004.88,-0000.98,+0007.81,-0000.23,+0001.30,-0011.94
+1580602798.26,-0001.95,-0000.98,+0007.81,+0000.08,-0004.21,-0007.43
+1580602798.27,-0000.98,-0001.95,+0005.86,-0002.76,-0000.69,-0006.35
+1580602798.27,-0002.93,-0002.93,+0004.88,+0001.15,-0004.06,-0005.97
+1580602798.28,-0002.93,-0002.93,+0003.91,-0002.68,+0001.61,-0006.97
+1580602798.28,-0008.79,-0002.93,+0003.91,-0000.46,+0001.07,-0018.22
+1580602798.29,-0007.81,-0002.93,+0003.91,-0004.13,-0007.81,-0011.18
+1580602798.29,+0009.77,-0005.86,+0002.93,-0000.92,+0002.99,-0008.35
+1580602798.30,-0008.79,-0005.86,+0000.98,-0003.90,+0004.82,-0011.87
+1580602798.30,-0011.72,-0002.93,+0001.95,+0000.23,-0001.91,-0014.78
+1580602798.31,+0001.95,-0003.91,+0001.95,-0002.83,-0002.91,-0007.04
+1580602798.31,+0003.91,-0007.81,+0000.98,+0004.52,+0002.45,-0009.72
+1580602798.32,-0007.81,-0004.88,+0000.98,-0004.90,+0000.77,-0008.19
+1580602798.32,+0000.00,-0001.95,+0001.95,-0003.14,-0005.90,-0009.11
+1580602798.33,+0006.84,-0007.81,+0001.95,-0001.30,+0003.06,-0009.19
+1580602798.33,-0002.93,-0004.88,+0001.95,+0002.07,+0003.75,-0012.56
+1580602798.34,+0000.98,-0002.93,+0003.91,-0001.00,+0001.38,-0012.17
+1580602798.34,+0007.81,-0004.88,+0002.93,-0001.45,+0000.46,-0011.48
+1580602798.35,-0001.95,-0007.81,+0003.91,+0001.99,+0001.53,-0010.87
+1580602798.35,+0000.00,-0000.98,+0004.88,+0002.14,-0000.84,-0010.11
+1580602798.36,+0000.98,-0004.88,+0004.88,+0002.68,+0001.68,-0013.32
+1580602798.36,+0000.98,-0003.91,+0004.88,-0002.22,-0000.08,-0009.95
+1580602798.37,+0000.98,-0001.95,+0003.91,+0002.22,+0002.07,-0012.94
+1580602798.37,-0000.98,-0002.93,+0004.88,-0000.46,-0001.84,-0004.82
+1580602798.38,+0005.86,-0002.93,+0006.84,+0004.29,+0004.29,-0016.77
+1580602798.38,-0002.93,+0000.00,+0008.79,-0002.53,-0006.43,-0009.11
+1580602798.39,+0010.74,+0000.98,+0007.81,+0003.22,-0001.61,-0001.00
+1580602798.39,-0003.91,-0002.93,+0005.86,-0001.00,+0000.00,-0008.80
+1580602798.40,-0003.91,+0000.00,+0006.84,+0005.51,-0003.98,-0007.43
+1580602798.40,+0007.81,+0001.95,+0006.84,-0004.29,-0001.15,-0012.10
+1580602798.41,+0001.95,-0003.91,+0006.84,+0004.67,+0004.82,-0012.48
+1580602798.41,-0009.77,+0003.91,+0008.79,-0001.68,-0003.37,-0009.72
+1580602798.42,-0000.98,+0003.91,+0009.77,+0003.90,-0004.36,-0010.03
+1580602798.42,+0009.77,+0001.95,+0007.81,-0002.76,+0001.23,-0008.65
+1580602798.43,-0003.91,+0001.95,+0005.86,+0003.68,-0000.69,-0007.27
+1580602798.43,-0008.79,+0007.81,+0006.84,-0000.69,-0000.08,-0011.41
+1580602798.44,-0003.91,+0003.91,+0007.81,-0000.38,+0000.61,-0010.72
+1580602798.44,-0001.95,+0003.91,+0008.79,+0000.69,+0002.68,-0010.57
+1580602798.45,-0005.86,+0006.84,+0009.77,+0000.08,-0001.15,-0010.72
+1580602798.45,-0003.91,+0006.84,+0009.77,-0002.07,-0001.45,-0010.34
+1580602798.46,-0001.95,+0004.88,+0009.77,-0001.45,+0002.22,-0010.03
+1580602798.46,-0003.91,+0005.86,+0009.77,-0000.54,+0000.00,-0006.97
+1580602798.47,-0002.93,+0006.84,+0008.79,-0003.98,+0001.38,-0009.26
+1580602798.47,-0002.93,+0004.88,+0007.81,+0000.92,+0001.23,-0011.33
+1580602798.48,-0004.88,+0006.84,+0006.84,+0000.69,-0000.54,-0008.96
+1580602798.48,-0002.93,+0005.86,+0005.86,+0001.23,+0004.75,-0014.24
+1580602798.49,-0006.84,+0004.88,+0005.86,-0002.83,-0007.58,-0013.09
+1580602798.49,+0005.86,+0004.88,+0005.86,+0002.76,+0001.61,-0010.34
+1580602798.50,-0001.95,+0003.91,+0004.88,+0000.00,-0000.54,-0010.18
+1580602798.50,-0003.91,+0004.88,+0003.91,-0000.08,-0004.67,-0005.51
+1580602798.51,+0004.88,+0002.93,+0002.93,-0006.12,+0002.07,-0008.73
+1580602798.51,-0002.93,+0000.98,+0001.95,-0001.61,+0002.45,-0011.10
+1580602798.52,+0000.00,+0002.93,+0001.95,+0001.15,+0003.45,-0013.55
+1580602798.52,+0000.98,+0001.95,+0000.98,-0001.23,-0002.91,-0016.00
+1580602798.53,+0006.84,+0000.00,+0000.98,+0000.31,-0003.22,-0007.20
+1580602798.53,+0001.95,+0001.95,+0000.98,+0000.00,+0001.15,-0013.86
+1580602798.54,-0004.88,+0000.98,+0000.98,+0002.91,-0003.75,-0012.48
+1580602798.54,+0010.74,+0001.95,+0001.95,-0002.60,-0001.38,-0011.18
+1580602798.55,+0005.86,-0001.95,+0000.98,-0003.75,+0001.76,-0012.33
+1580602798.55,+0002.93,+0000.98,+0000.00,-0002.22,+0000.46,-0008.88
+1580602798.56,+0001.95,-0000.98,-0000.98,-0006.35,-0000.23,-0006.35
+1580602798.56,+0000.00,-0001.95,-0002.93,-0000.46,+0004.52,-0011.10
+1580602798.57,+0000.98,-0001.95,-0002.93,+0001.00,-0000.31,-0007.89
+1580602798.57,+0004.88,-0000.98,-0001.95,-0003.37,+0001.15,-0007.66
+1580602798.58,-0001.95,-0003.91,-0002.93,+0001.45,+0001.07,-0005.05
+1580602798.58,-0004.88,+0000.00,-0002.93,+0003.98,+0000.54,-0012.56
+1580602798.59,-0000.98,-0001.95,-0000.98,+0002.45,-0001.38,-0010.11
+1580602798.59,+0001.95,-0001.95,-0000.98,+0000.38,+0006.66,-0018.53
+1580602798.60,-0005.86,-0000.98,+0000.00,-0003.06,-0007.89,-0004.52
+1580602798.60,+0004.88,+0000.98,-0000.98,-0004.82,+0008.65,-0017.00
+1580602798.61,-0013.67,-0002.93,-0002.93,+0002.07,-0005.82,-0004.44
+1580602798.61,+0000.98,+0000.98,-0001.95,+0002.60,-0001.38,-0010.80
+1580602798.62,-0000.98,-0002.93,-0001.95,-0007.20,+0003.98,-0011.94
+1580602798.62,-0011.72,+0000.00,-0000.98,-0001.38,-0002.91,-0011.71
+1580602798.63,+0000.98,+0001.95,+0000.00,-0001.45,-0002.30,-0004.13
+1580602798.63,+0000.98,-0002.93,+0000.00,+0002.30,+0005.74,-0011.79
+1580602798.64,-0010.74,-0000.98,-0000.98,+0004.98,-0001.91,-0011.94
+1580602798.64,-0001.95,+0003.91,+0000.00,-0003.14,+0000.23,-0013.63
+1580602798.65,-0001.95,-0001.95,+0000.98,+0001.15,-0002.68,-0009.03
+1580602798.65,+0001.95,+0001.95,+0001.95,+0002.68,-0001.00,-0010.11
+1580602798.66,-0003.91,+0002.93,+0001.95,+0002.60,-0002.30,-0006.81
+1580602798.66,-0005.86,+0002.93,+0002.93,+0001.61,+0002.22,-0012.71
+1580602798.67,-0002.93,+0003.91,+0004.88,-0000.38,-0000.61,-0013.70
+1580602798.67,+0006.84,+0003.91,+0005.86,+0001.30,-0006.35,-0007.89
+1580602798.68,+0002.93,+0002.93,+0002.93,-0001.30,+0006.43,-0016.46
+1580602798.68,-0012.70,+0004.88,+0003.91,-0001.07,-0007.89,-0009.19
+1580602798.69,+0009.77,+0006.84,+0004.88,+0004.90,-0001.38,-0015.16
+1580602798.69,+0004.88,+0000.98,+0003.91,+0003.83,-0002.68,-0007.12
+1580602798.70,+0001.95,+0004.88,+0004.88,+0000.84,-0001.38,-0010.26
+1580602798.70,+0004.88,+0004.88,+0005.86,-0002.91,-0001.53,-0009.57
+1580602798.71,+0004.88,+0002.93,+0005.86,+0002.07,+0001.00,-0010.95
+1580602798.71,+0009.77,+0003.91,+0005.86,+0001.23,+0002.30,-0011.25
+1580602798.72,+0003.91,+0005.86,+0005.86,-0002.07,+0000.15,-0011.18
+1580602798.72,+0001.95,+0004.88,+0005.86,+0003.60,-0001.61,-0010.18
+1580602798.73,+0009.77,+0005.86,+0006.84,-0000.15,+0004.75,-0015.16
+1580602798.73,+0000.00,+0004.88,+0006.84,-0000.38,-0006.81,-0002.83
+1580602798.74,+0004.88,+0006.84,+0006.84,+0001.23,+0004.21,-0007.81
+1580602798.74,-0003.91,+0004.88,+0004.88,-0002.76,+0002.60,-0010.26
+1580602798.75,-0003.91,+0005.86,+0004.88,+0000.38,+0001.38,-0015.47
+1580602798.75,-0002.93,+0004.88,+0005.86,-0003.90,-0001.91,-0008.35
+1580602798.76,-0000.98,+0005.86,+0005.86,+0003.60,+0003.37,-0013.09
+1580602798.76,-0005.86,+0004.88,+0005.86,+0002.37,-0003.52,+0000.46
+1580602798.77,-0001.95,+0006.84,+0005.86,+0000.77,+0006.58,-0015.24
+1580602798.77,-0013.67,+0004.88,+0004.88,-0002.30,-0004.13,-0006.43
+1580602798.78,+0000.98,+0006.84,+0004.88,+0004.75,-0002.83,-0009.42
+1580602798.78,-0002.93,+0002.93,+0003.91,+0003.29,+0003.14,-0012.79
+1580602798.79,-0012.70,+0007.81,+0003.91,+0000.77,-0004.59,-0009.57
+1580602798.79,-0002.93,+0007.81,+0002.93,+0000.46,-0000.61,-0014.24
+1580602798.80,+0000.00,+0002.93,+0002.93,-0001.38,+0000.38,-0006.20
+1580602798.80,-0001.95,+0004.88,+0000.98,+0001.76,+0002.14,-0013.86
+1580602798.81,-0009.77,+0007.81,+0000.98,-0002.53,-0002.45,-0012.63
+1580602798.81,+0000.98,+0005.86,+0000.98,+0000.92,-0002.45,-0011.87
+1580602798.82,+0001.95,+0004.88,+0000.00,+0000.15,-0003.75,-0008.42
+1580602798.82,+0001.95,+0006.84,+0001.95,+0000.84,+0000.54,-0003.98
+1580602798.83,-0002.93,+0007.81,+0001.95,-0002.76,+0002.76,-0012.25
+1580602798.83,-0001.95,+0005.86,+0002.93,-0001.68,-0005.90,-0010.18
+1580602798.84,+0008.79,+0006.84,+0001.95,-0004.29,-0000.54,-0009.49
+1580602798.84,+0003.91,+0003.91,+0000.98,+0001.76,+0001.84,-0010.49
+1580602798.85,-0000.98,+0007.81,+0000.00,-0001.99,-0001.45,-0008.50
+1580602798.85,+0000.00,+0005.86,+0000.00,+0000.77,-0001.23,-0017.00
+1580602798.86,+0008.79,+0005.86,+0001.95,-0002.68,-0003.52,-0015.16
+1580602798.86,+0023.44,+0004.88,+0001.95,+0001.38,-0007.81,+0004.44
+1580602798.87,+0001.95,+0006.84,+0000.00,-0000.38,+0012.71,-0007.58
+1580602798.87,-0018.55,+0008.79,+0000.98,+0003.60,-0005.90,-0015.01
+1580602798.88,+0012.70,+0010.74,+0002.93,-0000.15,-0001.68,-0020.60
+1580602798.88,+0015.62,+0000.00,+0001.95,-0004.44,+0000.61,-0004.75
+1580602798.89,-0003.91,+0007.81,+0000.98,-0003.29,+0001.45,-0012.33
+1580602798.89,-0011.72,+0009.77,+0000.98,+0003.60,-0003.29,-0012.86
+1580602798.90,+0009.77,+0006.84,+0000.00,+0000.46,-0003.98,-0012.56
+1580602798.90,+0015.62,+0000.98,-0001.95,-0002.99,-0001.84,+0003.14
+1580602798.91,-0017.58,+0007.81,-0001.95,-0002.45,-0005.05,-0004.82
+1580602798.91,-0010.74,+0009.77,+0000.98,+0004.98,-0001.61,-0016.00
+1580602798.92,+0008.79,+0004.88,+0000.00,-0003.60,-0002.60,-0009.19
+1580602798.92,+0003.91,-0000.98,-0000.98,+0003.22,+0008.12,-0011.64
+1580602798.93,-0020.51,+0009.77,-0001.95,-0006.51,-0000.08,-0015.54
+1580602798.93,-0010.74,+0007.81,-0000.98,+0000.84,-0006.28,-0017.07
+1580602798.94,+0017.58,+0001.95,-0002.93,-0000.46,-0007.20,-0006.58
+1580602798.94,-0002.93,-0000.98,-0006.84,+0000.15,-0000.31,-0003.90
+1580602798.95,-0022.46,+0006.84,-0005.86,-0000.08,-0001.61,-0011.94
+1580602798.95,-0004.88,+0006.84,-0004.88,+0001.38,-0002.60,-0017.76
+1580602798.96,+0009.77,-0001.95,-0003.91,-0000.38,-0006.35,-0000.31
+1580602798.96,+0012.70,+0000.98,-0004.88,-0004.13,+0006.28,-0001.61
+1580602798.97,-0019.53,+0005.86,-0005.86,-0001.15,+0004.29,-0021.59
+1580602798.97,-0011.72,+0002.93,-0004.88,-0002.83,-0008.42,-0008.12
+1580602798.98,+0017.58,+0002.93,-0004.88,-0010.11,-0001.68,-0007.58
+1580602798.98,+0005.86,-0005.86,-0007.81,+0001.91,+0004.59,-0003.52
+1580602798.99,-0013.67,+0003.91,-0007.81,-0001.45,+0001.45,-0014.16
+1580602798.99,-0003.91,+0001.95,-0005.86,+0000.15,-0002.68,-0007.73
+1580602799.00,+0013.67,-0003.91,-0006.84,-0001.84,+0004.44,-0010.26
+1580602799.00,+0000.00,-0003.91,-0008.79,-0002.22,+0000.38,-0004.90
+1580602799.01,-0009.77,+0002.93,-0008.79,+0001.30,-0000.31,-0011.64
+1580602799.01,+0003.91,-0002.93,-0008.79,+0000.31,+0002.53,-0014.16
+1580602799.02,+0007.81,-0005.86,-0008.79,-0003.22,+0000.69,-0004.36
+1580602799.02,-0004.88,-0002.93,-0009.77,+0000.00,+0004.21,-0016.69
+1580602799.03,-0002.93,+0000.00,-0010.74,-0001.15,-0006.97,-0011.18
+1580602799.03,+0014.65,-0005.86,-0012.70,-0002.30,+0004.13,-0009.03
+1580602799.04,-0002.93,-0007.81,-0014.65,-0005.13,+0003.22,-0009.88
+1580602799.04,-0007.81,-0000.98,-0011.72,+0004.90,-0000.61,-0016.38
+1580602799.05,+0012.70,-0003.91,-0010.74,-0001.23,+0006.66,-0013.32
+1580602799.05,+0002.93,-0008.79,-0011.72,-0001.61,+0002.37,-0008.58
+1580602799.06,-0005.86,-0002.93,-0011.72,-0000.38,-0001.99,-0009.95
+1580602799.06,+0003.91,-0001.95,-0011.72,-0003.37,-0006.51,-0006.81
+1580602799.07,+0002.93,-0008.79,-0013.67,+0001.38,+0003.75,-0009.49
+1580602799.07,-0005.86,-0004.88,-0012.70,-0002.22,-0005.44,-0002.91
+1580602799.08,+0001.95,-0001.95,-0011.72,+0003.52,+0001.07,-0012.33
+1580602799.08,+0000.98,-0008.79,-0012.70,+0003.75,+0000.00,-0006.28
+1580602799.09,-0001.95,-0005.86,-0012.70,-0002.83,+0005.28,-0014.01
+1580602799.09,-0009.77,-0003.91,-0011.72,-0000.61,-0002.53,-0013.09
+1580602799.10,+0003.91,-0003.91,-0010.74,+0004.06,-0004.06,-0009.72
+1580602799.10,-0002.93,-0006.84,-0011.72,-0003.14,-0003.37,-0005.13
+1580602799.11,-0005.86,-0003.91,-0010.74,+0002.83,-0000.77,-0006.89
+1580602799.11,-0004.88,-0002.93,-0011.72,-0005.13,+0003.68,-0012.48
+1580602799.12,-0005.86,-0006.84,-0010.74,-0000.31,-0005.67,-0005.44
+1580602799.12,+0005.86,-0003.91,-0010.74,-0002.76,+0004.52,-0007.89
+1580602799.13,-0010.74,-0004.88,-0010.74,+0000.92,+0005.44,-0017.46
+1580602799.13,-0007.81,-0003.91,-0009.77,-0000.31,-0009.72,-0006.05
+1580602799.14,+0010.74,-0002.93,-0009.77,-0007.66,+0001.99,-0010.11
+1580602799.14,-0002.93,-0010.74,-0011.72,+0001.99,+0003.60,-0007.58
+1580602799.15,-0006.84,-0000.98,-0010.74,-0001.00,-0003.45,-0011.79
+1580602799.15,+0001.95,-0003.91,-0009.77,+0001.61,+0001.84,-0011.03
+1580602799.16,-0001.95,-0006.84,-0008.79,+0000.15,-0000.31,-0009.80
+1580602799.16,-0003.91,-0002.93,-0007.81,-0001.00,-0001.68,-0007.66
+1580602799.17,+0000.98,-0002.93,-0007.81,+0000.23,+0000.15,-0011.71
+1580602799.17,-0003.91,-0005.86,-0008.79,+0001.68,+0000.00,-0012.17
+1580602799.18,-0003.91,-0001.95,-0007.81,+0000.46,+0001.15,-0011.64
+1580602799.18,-0002.93,-0001.95,-0006.84,+0000.23,-0002.53,-0013.48
+1580602799.19,+0005.86,-0002.93,-0006.84,-0004.29,-0006.12,-0003.14
+1580602799.19,+0008.79,-0003.91,-0006.84,+0001.76,+0007.66,-0012.25
+1580602799.20,-0007.81,-0000.98,-0006.84,-0000.23,-0003.06,-0007.96
+1580602799.20,+0000.98,+0000.98,-0005.86,+0006.89,-0001.00,-0013.40
+1580602799.21,+0011.72,-0000.98,-0004.88,+0001.53,+0003.37,-0013.48
+1580602799.21,+0003.91,+0000.00,-0002.93,+0000.84,-0004.59,-0004.67
+1580602799.22,+0005.86,+0002.93,-0001.95,+0002.53,+0000.31,-0007.50
+1580602799.22,+0000.98,+0001.95,-0001.95,-0001.00,+0000.15,-0010.87
+1580602799.23,+0002.93,+0001.95,-0000.98,+0004.67,+0000.38,-0010.64
+1580602799.23,+0003.91,+0003.91,+0000.00,-0002.37,+0003.52,-0013.32
+1580602799.24,+0000.98,+0002.93,+0000.98,+0001.61,-0000.92,-0006.89
+1580602799.24,+0001.95,+0005.86,+0001.95,-0000.38,+0002.45,-0011.10
+1580602799.25,-0003.91,+0003.91,+0001.95,+0001.00,-0000.92,-0006.89
+1580602799.25,+0000.00,+0005.86,+0002.93,+0002.22,+0002.99,-0009.49
+1580602799.26,-0002.93,+0005.86,+0003.91,+0001.23,+0001.61,-0014.32
+1580602799.26,+0001.95,+0007.81,+0004.88,+0001.38,+0004.13,-0011.18
+1580602799.27,-0004.88,+0007.81,+0004.88,-0002.07,+0001.00,-0006.81
+1580602799.27,-0005.86,+0008.79,+0004.88,+0004.36,-0001.07,-0007.58
+1580602799.28,-0001.95,+0008.79,+0004.88,-0001.07,-0007.27,-0004.98
+1580602799.28,+0004.88,+0006.84,+0003.91,+0003.29,+0005.36,-0007.50
+1580602799.29,-0009.77,+0006.84,+0002.93,-0001.99,+0003.29,-0012.10
+1580602799.29,-0008.79,+0009.77,+0004.88,+0002.68,-0001.76,-0012.79
+1580602799.30,+0005.86,+0009.77,+0005.86,-0002.83,+0003.52,-0010.87
+1580602799.30,-0000.98,+0005.86,+0005.86,+0002.14,+0000.38,-0007.35
+1580602799.31,-0008.79,+0009.77,+0004.88,+0000.84,+0002.14,-0012.33
+1580602799.31,-0004.88,+0010.74,+0005.86,-0001.99,-0003.29,-0012.33
+1580602799.32,+0004.88,+0007.81,+0006.84,+0000.08,+0004.90,-0009.11
+1580602799.32,-0004.88,+0008.79,+0005.86,-0002.07,+0001.84,-0011.03
+1580602799.33,-0008.79,+0010.74,+0005.86,-0000.23,-0002.83,-0010.64
+1580602799.33,+0004.88,+0008.79,+0004.88,-0003.37,+0001.91,-0008.88
+1580602799.34,+0000.98,+0005.86,+0001.95,-0000.38,+0001.99,-0012.17
+1580602799.34,-0002.93,+0008.79,+0001.95,-0001.30,-0005.13,-0006.58
+1580602799.35,+0003.91,+0006.84,+0001.95,-0000.77,+0003.75,-0015.93
+1580602799.35,+0000.98,+0004.88,+0002.93,-0000.61,-0007.12,-0006.74
+1580602799.36,+0010.74,+0007.81,+0003.91,+0001.53,-0000.61,-0007.89
+1580602799.36,+0003.91,+0003.91,+0001.95,-0005.82,+0001.23,-0010.34
+1580602799.37,-0000.98,+0004.88,+0001.95,-0000.54,-0002.83,-0012.56
+1580602799.37,+0008.79,+0005.86,+0001.95,-0000.69,-0000.46,-0015.85
+1580602799.38,+0007.81,+0001.95,+0000.00,-0000.38,+0003.06,-0012.79
+1580602799.38,+0003.91,+0001.95,+0000.98,-0002.53,-0001.99,-0007.50
+1580602799.39,+0004.88,+0003.91,+0000.98,-0002.22,+0004.36,-0012.25
+1580602799.39,-0001.95,+0000.98,+0000.00,-0000.31,-0000.84,-0008.19
+1580602799.40,+0004.88,+0001.95,-0001.95,+0002.99,-0001.07,-0010.95
+1580602799.40,+0008.79,-0001.95,-0002.93,-0001.15,+0003.60,-0004.75
+1580602799.41,-0003.91,-0001.95,-0002.93,-0000.54,+0002.07,-0007.66
+1580602799.41,-0006.84,+0000.00,-0001.95,-0000.84,-0000.69,-0006.66
+1580602799.42,+0000.98,-0000.98,-0000.98,+0001.76,-0000.77,-0013.93
+1580602799.42,+0005.86,-0004.88,-0001.95,+0003.90,+0004.21,-0011.25
+1580602799.43,-0007.81,-0003.91,-0003.91,-0005.51,-0002.30,-0004.75
+1580602799.43,-0008.79,-0002.93,-0003.91,+0002.68,+0002.60,-0015.16
+1580602799.44,-0003.91,-0004.88,-0005.86,+0000.54,+0001.53,-0014.16
+1580602799.44,+0001.95,-0004.88,-0005.86,+0001.00,-0005.51,-0001.30
+1580602799.45,+0000.00,-0006.84,-0006.84,-0002.22,+0006.51,-0008.12
+1580602799.45,-0021.48,-0004.88,-0005.86,+0000.69,+0003.90,-0013.32
+1580602799.46,-0003.91,-0002.93,-0002.93,+0002.45,-0000.84,-0015.62
+1580602799.46,+0002.93,-0005.86,-0003.91,-0006.66,+0001.30,-0013.70
+1580602799.47,-0002.93,-0006.84,-0005.86,+0004.75,-0003.98,-0002.91
+1580602799.47,-0005.86,-0001.95,-0007.81,-0001.45,+0000.46,-0014.93
+1580602799.48,-0006.84,-0005.86,-0006.84,+0001.38,-0005.21,-0007.73
