+1580602924.94,-0004.88,+0011.72,+0008.79,+0000.92,+0009.95,-0028.56
+1580602924.95,-0003.91,+0005.86,+0007.81,+0001.30,-0011.71,-0003.45
+1580602924.95,+0004.88,+0008.79,+0007.81,+0000.61,+0004.29,-0009.95
+1580602924.96,-0001.95,+0007.81,+0007.81,-0001.68,-0000.08,-0006.58
+1580602924.96,+0001.95,+0010.74,+0008.79,-0000.15,-0001.15,-0012.71
+1580602924.97,+0003.91,+0009.77,+0007.81,-0000.61,-0002.14,-0006.58
+1580602924.97,+0005.86,+0010.74,+0006.84,-0000.69,+0000.38,-0013.48
+1580602924.98,+0003.91,+0010.74,+0005.86,+0002.91,-0003.52,-0009.26
+1580602924.98,+0012.70,+0011.72,+0007.81,+0000.38,+0000.08,-0018.45
+1580602924.99,+0003.91,+0009.77,+0005.86,-0003.37,+0001.84,-0017.53
+1580602924.99,+0017.58,+0010.74,+0005.86,-0000.54,-0010.26,+0001.91
+1580602925.00,+0000.98,+0012.70,+0004.88,-0008.73,-0003.29,-0005.44
+1580602925.00,+0002.93,+0012.70,+0007.81,+0008.80,-0000.61,-0004.29
+1580602925.01,+0008.79,+0015.62,+0005.86,-0004.52,+0008.19,-0020.83
+1580602925.01,+0001.95,+0011.72,+0004.88,+0005.13,+0005.67,-0008.50
+1580602925.02,+0001.95,+0015.62,+0005.86,-0003.45,-0003.83,-0003.29
+1580602925.02,-0000.98,+0012.70,+0005.86,+0000.31,+0004.98,-0007.73
+1580602925.03,-0007.81,+0014.65,+0006.84,-0000.08,+0000.00,-0006.35
+1580602925.03,-0003.91,+0013.67,+0005.86,+0000.61,+0002.07,-0008.42
+1580602925.04,-0006.84,+0012.70,+0004.88,+0002.22,+0000.23,-0007.20
+1580602925.04,-0005.86,+0012.70,+0005.86,+0000.54,+0002.07,-0010.26
+1580602925.05,-0009.77,+0013.67,+0005.86,+0001.61,-0004.36,-0007.35
+1580602925.05,-0004.88,+0013.67,+0004.88,+0001.45,+0002.83,-0014.09
+1580602925.06,-0004.88,+0013.67,+0004.88,-0003.68,-0002.83,-0006.20
+1580602925.06,-0005.86,+0013.67,+0004.88,+0002.14,+0001.00,-0013.09
+1580602925.07,-0002.93,+0013.67,+0004.88,+0003.14,-0002.14,-0007.43
+1580602925.07,+0000.00,+0015.62,+0004.88,+0000.61,+0002.14,-0015.62
+1580602925.08,-0005.86,+0014.65,+0004.88,-0001.45,-0004.90,-0008.50
+1580602925.08,+0000.98,+0017.58,+0004.88,-0003.22,-0003.98,-0013.93
+1580602925.09,+0000.98,+0014.65,+0004.88,+0003.29,-0001.45,-0008.73
+1580602925.09,+0000.98,+0018.55,+0003.91,+0001.30,-0000.69,-0016.84
+1580602925.10,+0002.93,+0016.60,+0004.88,+0001.68,-0004.82,-0009.19
+1580602925.10,+0005.86,+0020.51,+0004.88,-0006.12,-0006.97,-0006.97
+1580602925.11,+0005.86,+0017.58,+0004.88,+0001.84,+0003.90,-0015.85
+1580602925.11,+0003.91,+0019.53,+0004.88,-0001.07,-0005.21,-0012.56
+1580602925.12,+0014.65,+0018.55,+0004.88,+0003.60,+0006.35,-0012.94
+1580602925.12,+0001.95,+0019.53,+0001.95,-0010.34,-0004.75,+0000.61
+1580602925.13,+0000.98,+0018.55,+0002.93,+0010.64,+0007.89,-0012.25
+1580602925.13,-0000.98,+0017.58,+0001.95,-0010.18,-0005.51,-0008.12
+1580602925.14,+0005.86,+0016.60,+0002.93,-0001.61,+0002.22,-0004.21
+1580602925.14,+0000.00,+0015.62,+0000.00,-0003.29,+0003.14,-0006.89
+1580602925.15,-0010.74,+0016.60,+0000.00,-0000.08,+0001.68,-0010.34
+1580602925.15,+0000.00,+0015.62,+0000.00,-0004.06,-0002.76,-0006.28
+1580602925.16,-0002.93,+0012.70,-0001.95,-0004.21,+0001.23,-0001.61
+1580602925.16,-0008.79,+0010.74,-0003.91,+0002.07,+0002.07,-0013.25
+1580602925.17,-0007.81,+0010.74,-0005.86,-0004.59,-0001.53,-0004.82
+1580602925.17,-0006.84,+0009.77,-0007.81,-0003.14,-0000.54,-0008.50
+1580602925.18,-0005.86,+0005.86,-0010.74,-0001.91,-0002.60,-0011.03
+1580602925.18,+0000.00,+0005.86,-0011.72,-0005.13,-0002.30,-0005.59
+1580602925.19,-0007.81,+0006.84,-0013.67,-0000.77,+0001.99,-0015.93
+1580602925.19,-0008.79,+0004.88,-0015.62,+0001.07,-0001.23,-0024.19
+1580602925.20,-0001.95,+0002.93,-0017.58,-0004.59,-0006.81,-0009.42
+1580602925.20,+0006.84,+0003.91,-0018.55,+0000.54,-0000.23,-0013.63
+1580602925.21,-0004.88,+0001.95,-0020.51,+0000.77,-0006.20,-0006.89
+1580602925.21,+0000.98,+0003.91,-0021.48,-0002.91,+0001.45,-0017.15
+1580602925.22,+0004.88,+0001.95,-0022.46,-0006.05,-0004.67,-0008.35
+1580602925.22,+0002.93,+0000.98,-0023.44,-0001.76,+0000.69,-0013.86
+1580602925.23,+0004.88,+0000.98,-0025.39,-0001.23,+0001.30,-0015.54
+1580602925.23,+0001.95,+0000.00,-0025.39,-0003.68,-0004.75,-0007.43
+1580602925.24,+0009.77,-0000.98,-0025.39,-0000.69,-0000.54,-0012.40
+1580602925.24,+0007.81,-0000.98,-0025.39,-0000.92,+0001.91,-0011.18
+1580602925.25,+0001.95,+0000.00,-0024.41,-0001.84,+0001.00,-0010.80
+1580602925.25,+0004.88,-0001.95,-0023.44,-0003.14,-0004.82,-0003.83
+1580602925.26,+0004.88,-0000.98,-0023.44,+0001.00,+0005.97,-0011.56
+1580602925.26,-0000.98,-0003.91,-0024.41,+0003.06,+0002.45,-0006.28
+1580602925.27,-0001.95,-0001.95,-0024.41,-0004.59,-0000.69,-0011.87
+1580602925.27,+0001.95,-0005.86,-0024.41,-0000.77,-0001.68,-0004.29
+1580602925.28,-0006.84,-0003.91,-0023.44,-0008.80,-0005.97,-0003.98
+1580602925.28,-0004.88,-0005.86,-0023.44,+0004.82,+0003.75,-0015.01
+1580602925.29,-0002.93,-0003.91,-0025.39,-0007.73,-0005.74,-0006.05
+1580602925.29,-0003.91,-0008.79,-0025.39,+0000.08,+0004.21,-0011.56
+1580602925.30,-0008.79,-0006.84,-0025.39,-0001.38,+0000.15,-0013.40
+1580602925.30,-0004.88,-0006.84,-0025.39,-0002.37,+0000.77,-0011.71
+1580602925.31,+0000.98,-0007.81,-0026.37,-0004.21,-0003.90,-0010.18
+1580602925.31,-0001.95,-0008.79,-0026.37,-0004.13,-0000.77,-0015.08
+1580602925.32,-0009.77,-0006.84,-0025.39,+0001.84,-0002.99,-0006.74
+1580602925.32,+0000.98,-0004.88,-0025.39,-0001.00,-0001.84,-0018.60
+1580602925.33,+0006.84,-0010.74,-0026.37,-0004.75,+0001.07,-0002.14
+1580602925.33,-0000.98,-0007.81,-0025.39,-0002.91,-0001.23,-0005.82
+1580602925.34,-0004.88,-0006.84,-0025.39,-0000.38,+0002.68,-0017.61
+1580602925.34,+0001.95,-0008.79,-0025.39,-0006.51,-0002.83,-0010.49
+1580602925.35,+0010.74,-0009.77,-0025.39,+0000.23,-0000.69,-0016.31
+1580602925.35,+0001.95,-0009.77,-0026.37,-0001.76,-0005.21,-0006.81
+1580602925.36,+0005.86,-0006.84,-0025.39,+0001.53,+0002.45,-0011.33
+1580602925.36,+0001.95,-0009.77,-0024.41,-0004.13,-0000.61,-0014.01
+1580602925.37,+0006.84,-0009.77,-0023.44,+0001.23,+0000.23,-0010.72
+1580602925.37,+0009.77,-0009.77,-0022.46,-0003.52,-0001.84,-0002.76
+1580602925.38,+0003.91,-0008.79,-0021.48,+0000.77,+0003.22,-0006.05
+1580602925.38,-0002.93,-0009.77,-0022.46,-0002.91,+0001.45,-0005.36
+1580602925.39,+0003.91,-0009.77,-0021.48,+0002.30,+0006.20,-0010.26
+1580602925.39,-0002.93,-0010.74,-0020.51,-0002.30,-0001.61,-0007.73
+1580602925.40,-0002.93,-0012.70,-0018.55,+0001.00,+0003.37,-0008.73
+1580602925.40,-0008.79,-0011.72,-0018.55,-0004.44,-0001.84,-0005.82
+1580602925.41,-0003.91,-0012.70,-0018.55,+0004.67,+0006.51,-0011.64
+1580602925.41,-0012.70,-0012.70,-0020.51,-0008.80,-0001.84,-0011.87
+1580602925.42,-0006.84,-0013.67,-0019.53,+0004.36,-0002.14,-0008.42
+1580602925.42,-0002.93,-0013.67,-0020.51,-0004.67,+0001.68,-0004.44
+1580602925.43,-0007.81,-0014.65,-0020.51,+0001.84,+0003.22,-0018.07
+1580602925.43,-0010.74,-0014.65,-0019.53,-0005.05,-0008.04,-0007.96
+1580602925.44,+0000.00,-0012.70,-0019.53,-0005.21,-0006.12,-0005.44
+1580602925.44,+0001.95,-0017.58,-0019.53,+0000.08,+0002.45,-0009.95
+1580602925.45,+0000.00,-0013.67,-0018.55,-0001.30,-0001.45,+0008.80
+1580602925.45,-0017.58,-0011.72,-0019.53,+0002.68,+0007.35,-0027.03
+1580602925.46,+0000.98,-0016.60,-0017.58,+0011.03,+0009.03,-0027.64
+1580602925.46,+0003.91,-0011.72,-0018.55,-0010.80,-0011.64,-0004.90
+1580602925.47,+0005.86,-0019.53,-0016.60,+0007.35,+0011.71,-0013.78
+1580602925.47,-0004.88,-0013.67,-0014.65,+0004.29,-0000.46,-0013.70
+1580602925.48,+0004.88,-0014.65,-0013.67,-0001.00,-0000.77,-0013.93
+1580602925.48,+0008.79,-0015.62,-0012.70,-0003.37,-0000.77,-0008.35
+1580602925.49,+0003.91,-0016.60,-0011.72,-0000.31,+0002.30,-0009.88
+1580602925.49,-0002.93,-0014.65,-0009.77,+0000.31,-0002.22,-0011.56
+1580602925.50,+0004.88,-0015.62,-0009.77,-0001.23,-0002.99,-0007.04
+1580602925.50,+0007.81,-0016.60,-0010.74,+0000.69,+0002.37,-0005.51
+1580602925.51,-0002.93,-0015.62,-0009.77,-0000.38,+0002.37,-0008.19
+1580602925.51,-0004.88,-0013.67,-0008.79,-0000.23,-0001.76,-0012.86
+1580602925.52,+0002.93,-0016.60,-0007.81,-0000.15,-0002.91,-0008.19
+1580602925.52,+0006.84,-0014.65,-0006.84,+0003.06,+0001.15,-0006.97
+1580602925.53,-0010.74,-0016.60,-0005.86,+0000.54,-0006.35,-0002.45
+1580602925.53,-0002.93,-0014.65,-0003.91,+0001.53,+0001.53,-0011.25
+1580602925.54,-0003.91,-0015.62,-0004.88,-0001.91,-0001.84,-0011.25
+1580602925.54,-0003.91,-0016.60,-0003.91,-0000.31,+0003.90,-0004.44
+1580602925.55,-0009.77,-0015.62,-0004.88,-0002.68,+0001.53,-0009.42
+1580602925.55,-0006.84,-0014.65,-0003.91,+0001.00,-0002.99,-0011.48
+1580602925.56,-0003.91,-0015.62,-0003.91,-0003.06,+0002.14,-0015.39
+1580602925.56,-0003.91,-0016.60,-0003.91,+0002.83,+0006.81,-0016.92
+1580602925.57,-0011.72,-0014.65,-0002.93,-0004.75,-0004.44,-0012.02
+1580602925.57,-0003.91,-0014.65,-0001.95,+0003.29,+0002.45,-0014.47
+1580602925.58,-0002.93,-0015.62,-0002.93,-0002.30,-0002.83,-0016.54
+1580602925.58,-0001.95,-0015.62,-0001.95,+0002.30,+0000.31,-0014.70
+1580602925.59,-0005.86,-0012.70,-0001.95,-0003.14,+0000.23,-0014.85
+1580602925.59,+0002.93,-0014.65,-0000.98,+0001.38,-0006.66,-0008.73
+1580602925.60,+0006.84,-0013.67,-0000.98,-0001.53,+0000.23,-0012.02
+1580602925.60,-0000.98,-0012.70,+0000.00,+0000.38,-0006.28,-0009.88
+1580602925.61,+0011.72,-0012.70,+0001.95,-0001.45,+0002.76,-0009.03
+1580602925.61,+0005.86,-0011.72,+0002.93,+0002.45,-0004.52,-0012.94
+1580602925.62,+0007.81,-0011.72,+0002.93,-0000.84,-0004.21,-0005.59
+1580602925.62,+0013.67,-0013.67,+0001.95,+0000.54,+0001.23,-0009.88
+1580602925.63,+0001.95,-0011.72,+0002.93,+0000.46,+0002.68,-0005.82
+1580602925.63,+0004.88,-0012.70,+0002.93,+0001.15,-0004.98,-0005.59
+1580602925.64,+0006.84,-0013.67,+0003.91,+0003.60,+0005.90,-0006.35
+1580602925.64,-0001.95,-0012.70,+0004.88,+0000.77,-0000.92,-0008.04
+1580602925.65,+0002.93,-0014.65,+0004.88,+0001.15,+0001.45,-0005.05
+1580602925.65,-0006.84,-0013.67,+0005.86,-0003.98,+0001.91,-0012.02
+1580602925.66,-0011.72,-0015.62,+0005.86,+0002.99,-0002.30,-0006.43
+1580602925.66,-0001.95,-0014.65,+0004.88,-0003.52,-0001.07,-0014.16
+1580602925.67,-0007.81,-0017.58,+0003.91,-0001.15,+0002.37,-0012.79
+1580602925.67,-0013.67,-0016.60,+0002.93,-0002.07,-0006.97,-0003.14
+1580602925.68,-0003.91,-0015.62,+0002.93,+0003.68,+0004.75,-0016.08
+1580602925.68,-0011.72,-0015.62,+0002.93,-0003.06,-0001.23,-0005.90
+1580602925.69,-0005.86,-0015.62,+0002.93,+0001.84,+0000.46,-0015.93
+1580602925.69,-0001.95,-0012.70,+0003.91,-0000.84,-0007.66,-0005.90
+1580602925.70,+0000.98,-0012.70,+0005.86,+0003.52,+0005.59,-0010.57
+1580602925.70,-0010.74,-0009.77,+0006.84,+0005.44,-0002.22,-0015.16
+1580602925.71,+0004.88,-0004.88,+0007.81,-0004.36,-0005.59,-0017.23
+1580602925.71,+0012.70,-0009.77,+0007.81,+0003.60,+0000.23,-0012.17
+1580602925.72,+0003.91,-0004.88,+0010.74,+0006.51,+0000.23,-0006.81
+1580602925.72,+0000.00,+0000.00,+0012.70,-0000.77,-0002.68,-0007.35
+1580602925.73,+0012.70,+0001.95,+0015.62,+0004.82,+0001.23,-0015.77
+1580602925.73,+0006.84,+0000.98,+0018.55,+0002.60,-0001.23,-0004.75
+1580602925.74,+0008.79,+0006.84,+0023.44,+0009.57,-0000.84,-0009.80
+1580602925.74,+0015.62,+0009.77,+0026.37,+0006.66,+0011.71,-0011.10
+1580602925.75,-0005.86,+0012.70,+0026.37,-0000.08,+0001.30,-0013.02
+1580602925.75,+0001.95,+0012.70,+0028.32,+0008.58,-0004.67,-0005.21
+1580602925.76,+0008.79,+0014.65,+0030.27,+0001.61,+0001.07,-0001.38
+1580602925.76,-0000.98,+0012.70,+0032.23,+0007.81,+0003.37,-0009.88
+1580602925.77,-0004.88,+0017.58,+0034.18,+0000.15,-0002.60,-0005.36
+1580602925.77,-0001.95,+0019.53,+0035.16,+0004.13,+0002.30,-0011.10
+1580602925.78,-0005.86,+0018.55,+0035.16,+0007.73,-0004.52,-0008.35
+1580602925.78,-0001.95,+0019.53,+0037.11,+0000.46,+0000.31,-0006.74
+1580602925.79,-0001.95,+0021.48,+0038.09,+0001.91,-0003.06,-0004.13
+1580602925.79,-0008.79,+0022.46,+0037.11,+0001.00,+0002.83,-0019.06
+1580602925.80,-0017.58,+0021.48,+0038.09,+0004.29,-0013.40,-0007.50
+1580602925.80,+0007.81,+0025.39,+0038.09,+0002.53,+0009.11,-0015.77
+1580602925.81,-0005.86,+0019.53,+0036.13,+0001.76,-0006.12,-0010.64
+1580602925.81,-0009.77,+0024.41,+0038.09,+0002.45,-0005.21,-0015.31
+1580602925.82,+0000.00,+0024.41,+0037.11,+0000.61,-0006.20,-0015.16
+1580602925.82,+0008.79,+0023.44,+0036.13,-0000.46,-0000.61,-0004.98
+1580602925.83,+0000.98,+0022.46,+0034.18,-0000.92,-0001.61,-0009.19
+1580602925.83,-0003.91,+0024.41,+0035.16,+0000.46,-0004.06,-0008.80
+1580602925.84,+0008.79,+0024.41,+0034.18,+0000.23,+0000.00,-0019.22
+1580602925.84,+0005.86,+0021.48,+0033.20,-0000.61,-0001.15,-0011.71
+1580602925.85,+0008.79,+0022.46,+0031.25,-0000.15,+0004.82,-0011.25
+1580602925.85,-0001.95,+0023.44,+0031.25,+0003.06,+0003.45,-0019.52
+1580602925.86,+0004.88,+0022.46,+0030.27,-0002.07,-0009.19,-0009.03
+1580602925.86,+0019.53,+0021.48,+0028.32,+0001.00,+0002.37,-0014.39
+1580602925.87,-0000.98,+0018.55,+0026.37,-0001.76,-0006.97,+0003.90
+1580602925.87,+0002.93,+0021.48,+0025.39,+0002.76,+0006.58,-0017.84
+1580602925.88,+0008.79,+0015.62,+0023.44,-0005.67,-0008.50,+0005.90
+1580602925.88,+0002.93,+0017.58,+0021.48,-0009.03,-0001.38,+0016.38
+1580602925.89,+0000.98,+0014.65,+0019.53,+0007.73,+0008.50,-0023.05
+1580602925.89,-0012.70,+0013.67,+0018.55,-0010.87,-0008.58,-0008.27
+1580602925.90,+0008.79,+0015.62,+0018.55,-0007.43,-0002.14,-0015.85
+1580602925.90,+0001.95,+0005.86,+0014.65,+0000.54,+0002.91,-0010.18
+1580602925.91,-0005.86,+0008.79,+0013.67,-0003.52,-0002.53,+0000.00
+1580602925.91,-0005.86,+0009.77,+0009.77,+0000.08,+0001.38,-0016.08
+1580602925.92,-0000.98,+0004.88,+0008.79,-0001.68,+0001.45,-0005.36
+1580602925.92,+0000.98,+0002.93,+0005.86,-0002.45,+0002.14,-0014.62
+1580602925.93,-0008.79,+0000.98,+0004.88,-0003.22,-0001.61,-0010.80
+1580602925.93,+0001.95,+0001.95,+0001.95,-0001.53,-0004.75,-0009.49
+1580602925.94,+0000.98,+0000.00,+0000.00,-0000.54,+0003.37,-0019.14
+1580602925.94,-0006.84,-0000.98,-0000.98,-0003.60,-0010.64,-0002.60
+1580602925.95,+0006.84,+0000.98,-0000.98,+0002.14,+0007.81,-0025.27
+1580602925.95,+0010.74,-0003.91,-0000.98,+0007.35,+0013.40,-0010.95
+1580602925.96,+0000.00,-0000.98,-0002.93,-0013.93,-0006.20,-0010.80
+1580602925.96,-0001.95,-0002.93,-0002.93,+0005.82,+0000.23,-0013.09
+1580602925.97,+0010.74,+0001.95,-0003.91,-0004.06,-0001.38,-0019.29
+1580602925.97,+0009.77,-0007.81,-0005.86,+0003.75,-0004.06,-0007.20
+1580602925.98,+0012.70,-0001.95,-0005.86,-0000.15,-0000.77,-0006.35
+1580602925.98,+0001.95,+0000.00,-0005.86,-0000.46,+0005.05,-0018.07
+1580602925.99,+0008.79,-0001.95,-0003.91,+0004.21,+0006.74,-0017.76
+1580602925.99,+0008.79,-0001.95,-0004.88,-0004.06,-0004.44,-0004.59
+1580602926.00,+0004.88,-0001.95,-0002.93,+0005.13,+0005.97,-0011.87
+1580602926.00,+0002.93,-0000.98,-0002.93,-0005.97,-0005.13,-0007.12
+1580602926.01,+0005.86,-0001.95,-0003.91,-0001.45,-0001.30,-0002.22
+1580602926.01,+0002.93,-0002.93,-0004.88,-0001.91,+0002.68,-0007.50
+1580602926.02,+0000.00,-0002.93,-0003.91,+0001.45,-0002.14,-0005.05
+1580602926.02,-0000.98,+0000.00,-0002.93,-0004.82,-0008.19,-0004.36
+1580602926.03,+0010.74,-0002.93,-0002.93,+0003.29,+0005.59,+0000.15
+1580602926.03,-0007.81,+0000.98,-0004.88,-0000.84,+0001.23,-0014.85
+1580602926.04,-0014.65,-0000.98,-0002.93,-0001.84,+0000.46,-0003.52
+1580602926.04,-0003.91,+0002.93,-0002.93,-0003.60,-0010.87,-0008.04
+1580602926.05,+0002.93,-0003.91,-0002.93,+0006.51,+0011.79,-0017.69
+1580602926.05,-0005.86,-0000.98,-0002.93,-0007.81,-0006.12,-0008.58
+1580602926.06,-0004.88,+0000.98,-0001.95,-0000.61,-0002.30,-0014.55
+1580602926.06,-0007.81,+0001.95,+0000.00,+0003.22,+0000.77,-0007.27
+1580602926.07,+0000.00,+0002.93,-0000.98,-0003.98,-0001.91,-0014.39
+1580602926.07,+0000.00,-0000.98,-0001.95,+0000.15,+0001.45,-0002.30
+1580602926.08,-0008.79,+0002.93,-0000.98,-0001.53,-0003.90,-0009.34
+1580602926.08,-0000.98,+0003.91,-0000.98,+0005.51,+0001.30,-0020.29
+1580602926.09,+0003.91,+0003.91,+0000.00,-0004.13,-0003.06,-0007.43
+1580602926.09,+0003.91,+0003.91,+0000.00,-0003.52,-0007.27,-0004.29
+1580602926.10,+0006.84,+0004.88,+0001.95,+0008.58,+0002.30,-0010.72
+1580602926.10,+0004.88,+0009.77,+0002.93,-0002.60,+0001.30,-0012.86
+1580602926.11,+0003.91,+0007.81,+0003.91,+0002.76,-0004.13,-0011.18
+1580602926.11,+0009.77,+0009.77,+0004.88,-0001.07,-0001.61,-0007.96
+1580602926.12,+0006.84,+0007.81,+0005.86,+0004.75,+0002.68,-0014.78
+1580602926.12,+0003.91,+0009.77,+0005.86,-0005.05,-0008.04,+0002.83
+1580602926.13,+0007.81,+0011.72,+0004.88,+0007.89,+0008.35,-0011.79
+1580602926.13,-0004.88,+0007.81,+0005.86,+0005.51,-0006.58,+0000.38
+1580602926.14,+0011.72,+0010.74,+0006.84,-0001.45,+0007.73,-0005.05
+1580602926.14,-0007.81,+0008.79,+0006.84,+0003.14,-0004.21,-0004.67
+1580602926.15,-0010.74,+0010.74,+0007.81,-0003.60,+0001.07,-0008.27
+1580602926.15,-0003.91,+0008.79,+0005.86,+0000.31,-0003.60,-0008.80
+1580602926.16,-0003.91,+0006.84,+0005.86,+0002.60,+0005.74,-0003.45
+1580602926.16,-0014.65,+0006.84,+0005.86,-0002.53,+0003.14,-0017.92
+1580602926.17,-0015.62,+0005.86,+0004.88,+0001.99,-0002.30,-0016.31
+1580602926.17,-0002.93,+0005.86,+0004.88,-0002.53,-0000.38,-0011.25
+1580602926.18,-0008.79,+0001.95,+0002.93,+0002.30,+0002.91,-0018.99
+1580602926.18,-0008.79,+0002.93,+0002.93,+0000.92,-0001.76,-0012.48
+1580602926.19,+0001.95,+0003.91,+0002.93,-0002.14,-0003.14,-0007.81
+1580602926.19,-0000.98,+0002.93,+0000.98,-0000.84,-0001.99,-0002.22
+1580602926.20,-0006.84,+0004.88,+0000.00,+0001.68,+0006.05,-0010.18
+1580602926.20,-0004.88,+0002.93,+0000.98,+0006.12,-0000.54,-0009.11
+1580602926.21,+0010.74,+0005.86,+0001.95,-0002.68,-0000.38,-0015.47
+1580602926.21,+0002.93,+0000.00,+0001.95,-0002.07,-0002.30,-0006.81
+1580602926.22,+0001.95,+0005.86,+0001.95,-0002.37,-0003.06,-0015.62
+1580602926.22,-0000.98,+0004.88,+0000.98,+0002.07,+0001.15,-0014.62
+1580602926.23,+0009.77,+0004.88,+0001.95,-0001.15,-0005.82,-0007.81
+1580602926.23,+0009.77,+0002.93,+0000.98,+0000.92,+0006.51,-0014.32
+1580602926.24,-0001.95,+0004.88,+0001.95,+0003.52,-0001.38,-0003.98
+1580602926.24,+0008.79,+0007.81,+0000.98,-0001.07,+0000.77,-0017.84
+1580602926.25,+0000.98,+0001.95,+0001.95,-0002.22,+0000.46,-0007.43
+1580602926.25,+0001.95,+0002.93,+0001.95,-0002.83,-0000.77,-0003.90
+1580602926.26,+0000.00,+0002.93,+0000.98,+0001.30,+0004.90,-0009.95
+1580602926.26,-0005.86,+0003.91,+0000.00,-0003.52,-0003.68,-0008.65
+1580602926.27,+0000.00,+0000.00,-0000.98,+0003.52,-0000.23,-0010.57
+1580602926.27,-0003.91,+0000.98,-0000.98,-0001.84,+0007.58,-0014.85
+1580602926.28,-0012.70,-0000.98,-0000.98,-0002.30,-0006.43,-0002.68
+1580602926.28,-0000.98,+0000.98,-0001.95,+0003.75,+0002.53,-0015.85
+1580602926.29,-0000.98,-0001.95,-0001.95,-0000.23,+0000.69,-0004.36
+1580602926.29,-0005.86,-0000.98,-0002.93,-0000.46,+0002.45,-0012.10
+1580602926.30,-0006.84,-0001.95,-0003.91,-0002.37,-0009.03,+0000.84
+1580602926.30,+0003.91,+0000.98,-0002.93,+0004.36,+0005.74,-0017.69
+1580602926.31,-0005.86,-0003.91,-0003.91,+0006.58,+0007.66,-0023.81
+1580602926.31,-0010.74,-0001.95,-0003.91,-0015.39,-0014.62,-0003.37
+1580602926.32,+0009.77,-0000.98,-0003.91,+0014.70,+0010.26,-0024.27
+1580602926.32,-0006.84,-0003.91,-0005.86,-0009.34,-0001.23,-0009.03
+1580602926.33,-0002.93,-0003.91,-0004.88,-0001.23,+0001.99,-0021.21
+1580602926.33,-0002.93,-0002.93,-0004.88,-0001.61,-0003.29,-0012.71
+1580602926.34,+0004.88,-0000.98,-0003.91,+0002.53,+0000.08,-0008.96
+1580602926.34,+0002.93,-0003.91,-0006.84,+0001.84,+0004.36,-0014.16
+1580602926.35,-0006.84,-0000.98,-0004.88,-0002.99,-0006.74,-0002.30
+1580602926.35,+0005.86,+0000.00,-0004.88,+0001.84,-0000.38,-0017.53
+1580602926.36,+0002.93,-0001.95,-0004.88,-0000.38,-0002.30,-0004.82
+1580602926.36,-0002.93,+0000.00,-0003.91,-0003.68,-0009.11,-0004.75
+1580602926.37,+0013.67,+0000.00,-0002.93,+0005.97,+0002.37,-0010.64
+1580602926.37,-0001.95,+0001.95,-0003.91,-0003.98,+0001.76,-0009.72
+1580602926.38,-0000.98,-0000.98,-0003.91,+0001.15,-0001.91,-0009.57
+1580602926.38,+0006.84,+0000.98,-0003.91,-0002.07,+0002.07,-0007.96
+1580602926.39,-0001.95,+0000.98,-0002.93,+0002.45,+0005.36,-0010.80
+1580602926.39,+0000.00,-0000.98,-0003.91,-0005.90,-0005.90,-0001.15
+1580602926.40,-0001.95,+0001.95,-0001.95,-0003.45,-0002.60,-0001.45
+1580602926.40,-0008.79,+0001.95,-0000.98,+0004.82,+0000.31,-0010.49
+1580602926.41,-0005.86,+0001.95,-0000.98,+0000.00,+0001.00,-0008.65
+1580602926.41,-0012.70,+0000.98,-0000.98,-0001.76,-0002.45,-0006.74
+1580602926.42,-0008.79,+0000.98,-0001.95,-0000.46,+0004.29,-0016.38
+1580602926.42,-0012.70,+0000.98,-0002.93,-0002.68,-0001.07,-0010.87
+1580602926.43,-0010.74,+0000.98,-0002.93,+0002.76,-0000.15,-0013.17
+1580602926.43,-0007.81,+0001.95,-0002.93,+0000.23,+0000.23,-0016.54
+1580602926.44,-0004.88,+0001.95,-0002.93,+0000.23,-0006.66,-0002.76
+1580602926.44,-0000.98,+0003.91,-0003.91,+0001.45,+0003.83,-0014.47
+1580602926.45,-0010.74,+0004.88,-0002.93,+0003.45,-0002.76,-0010.95
+1580602926.45,+0002.93,+0007.81,-0000.98,-0001.23,-0003.45,-0012.17
+1580602926.46,+0003.91,+0005.86,-0000.98,-0000.46,+0003.14,-0011.64
+1580602926.46,-0002.93,+0008.79,+0000.00,-0000.38,-0004.98,-0005.21
+1580602926.47,+0001.95,+0010.74,+0000.00,-0002.60,-0000.92,-0012.33
+1580602926.47,+0003.91,+0009.77,+0000.98,-0001.23,+0001.68,-0009.49
+1580602926.48,+0004.88,+0010.74,+0000.00,+0001.45,-0001.45,-0014.78
+1580602926.48,+0005.86,+0012.70,+0000.98,+0003.06,-0003.60,-0014.32
+1580602926.49,+0010.74,+0013.67,+0001.95,+0001.76,-0002.45,-0005.44
+1580602926.49,+0008.79,+0013.67,+0000.98,+0003.06,+0003.68,-0010.41
+1580602926.50,-0001.95,+0014.65,+0001.95,-0002.22,-0002.99,-0006.12
+1580602926.50,+0010.74,+0017.58,+0002.93,-0003.98,-0002.60,-0010.49
+1580602926.51,+0005.86,+0014.65,+0002.93,+0001.15,+0003.90,+0003.06
+1580602926.51,-0008.79,+0016.60,+0001.95,+0003.75,+0007.73,-0021.36
+1580602926.52,+0002.93,+0012.70,+0003.91,-0010.11,-0012.33,+0005.21
+1580602926.52,-0001.95,+0020.51,+0001.95,-0017.53,-0006.66,+0002.22
+1580602926.53,-0008.79,+0008.79,+0001.95,+0009.19,+0002.14,-0010.26
+1580602926.53,-0005.86,+0016.60,+0000.98,-0008.27,+0002.14,-0014.39
+1580602926.54,-0009.77,+0009.77,-0000.98,+0000.23,-0002.76,-0009.49
+1580602926.54,+0000.00,+0010.74,-0002.93,-0001.61,-0000.61,-0005.28
+1580602926.55,-0008.79,+0007.81,-0004.88,-0003.83,+0005.74,-0013.70
+1580602926.55,-0016.60,+0007.81,-0003.91,-0004.29,-0002.99,-0010.72
+1580602926.56,+0006.84,+0009.77,-0004.88,-0000.38,+0003.83,-0018.91
+1580602926.56,-0000.98,+0005.86,-0006.84,-0001.45,+0001.68,-0003.68
+1580602926.57,-0007.81,+0006.84,-0007.81,-0002.30,-0003.75,-0007.66
+1580602926.57,+0000.98,+0006.84,-0008.79,-0001.00,-0000.77,-0017.46
+1580602926.58,+0003.91,+0005.86,-0008.79,-0002.83,-0006.28,-0006.81
+1580602926.58,+0009.77,+0005.86,-0009.77,-0000.23,+0006.43,-0015.70
+1580602926.59,-0001.95,+0005.86,-0009.77,-0007.58,-0002.99,-0010.11
+1580602926.59,+0003.91,+0008.79,-0009.77,-0010.34,-0011.48,-0009.49
+1580602926.60,+0013.67,+0002.93,-0010.74,+0007.89,+0011.64,-0013.78
+1580602926.60,+0004.88,+0007.81,-0011.72,-0006.35,-0007.50,-0008.12
+1580602926.61,+0007.81,+0004.88,-0010.74,-0001.53,-0006.12,-0010.26
+1580602926.61,+0015.62,+0005.86,-0010.74,-0001.99,-0001.38,-0003.60
+1580602926.62,+0004.88,+0004.88,-0009.77,+0002.53,+0009.80,-0013.86
+1580602926.62,+0003.91,+0005.86,-0008.79,-0009.95,-0012.86,+0001.53
+1580602926.63,+0009.77,+0009.77,-0009.77,-0010.87,-0004.59,-0004.29
+1580602926.63,-0002.93,+0000.00,-0011.72,+0002.53,+0004.98,-0006.58
+1580602926.64,+0000.00,+0005.86,-0010.74,-0004.82,-0000.92,-0007.66
+1580602926.64,+0002.93,+0001.95,-0011.72,+0000.31,+0005.36,-0006.12
+1580602926.65,-0008.79,+0003.91,-0010.74,-0001.45,-0001.91,-0018.15
+1580602926.65,-0007.81,-0000.98,-0010.74,+0004.29,-0007.35,+0001.38
+1580602926.66,-0003.91,+0004.88,-0010.74,+0004.52,+0011.64,-0024.04
+1580602926.66,-0010.74,-0003.91,-0010.74,+0007.58,+0006.97,-0015.47
+1580602926.67,-0001.95,+0000.98,-0011.72,-0005.21,-0010.72,-0005.51
+1580602926.67,-0001.95,-0003.91,-0013.67,-0004.36,+0004.98,-0015.01
+1580602926.68,-0002.93,-0000.98,-0014.65,+0000.31,-0002.14,-0012.94
+1580602926.68,-0000.98,-0002.93,-0015.62,-0003.29,-0000.15,-0011.48
+1580602926.69,-0000.98,-0002.93,-0014.65,+0000.92,-0000.69,-0013.78
+1580602926.69,+0000.98,-0001.95,-0013.67,-0001.38,-0005.90,-0013.63
+1580602926.70,+0009.77,-0002.93,-0012.70,-0001.61,+0002.22,-0019.29
+1580602926.70,-0004.88,-0002.93,-0012.70,-0002.76,-0004.06,-0011.03
+1580602926.71,+0006.84,-0001.95,-0012.70,+0004.59,-0003.45,-0009.80
+1580602926.71,+0008.79,-0001.95,-0015.62,-0005.74,-0001.30,-0012.10
+1580602926.72,+0002.93,-0001.95,-0015.62,+0001.99,+0003.75,-0012.02
+1580602926.72,-0006.84,-0001.95,-0015.62,-0006.74,-0006.05,-0021.13
+1580602926.73,+0017.58,+0000.00,-0012.70,+0013.02,-0002.45,-0010.57
+1580602926.73,+0010.74,-0001.95,-0013.67,-0000.15,+0004.67,-0010.80
+1580602926.74,-0003.91,+0000.00,-0011.72,+0004.82,-0005.82,-0007.20
+1580602926.74,+0013.67,+0001.95,-0012.70,-0005.28,-0005.21,-0008.65
+1580602926.75,+0008.79,+0000.98,-0011.72,+0001.23,+0001.15,-0004.75
+1580602926.75,-0000.98,+0000.00,-0012.70,+0000.54,-0002.68,+0003.37
+1580602926.76,-0000.98,+0000.00,-0011.72,+0000.69,+0005.82,-0011.33
+1580602926.76,-0002.93,+0000.00,-0010.74,-0002.37,+0002.45,-0012.79
+1580602926.77,+0004.88,-0002.93,-0009.77,+0003.52,+0005.36,-0015.62
+1580602926.77,-0006.84,-0001.95,-0009.77,-0004.59,-0003.90,-0006.89
+1580602926.78,-0001.95,-0001.95,-0008.79,+0002.53,-0003.14,-0006.51
+1580602926.78,-0002.93,-0003.91,-0010.74,-0001.68,+0001.00,-0014.16
+1580602926.79,-0008.79,-0005.86,-0010.74,+0000.77,+0000.54,-0011.79
+1580602926.79,-0005.86,-0004.88,-0010.74,-0002.76,-0005.51,-0010.95
+1580602926.80,+0003.91,-0005.86,-0010.74,+0002.07,+0000.38,-0008.12
+1580602926.80,-0006.84,-0006.84,-0011.72,-0002.07,-0003.75,-0009.11
+1580602926.81,-0008.79,-0005.86,-0010.74,+0001.68,+0001.84,-0016.38
+1580602926.81,-0000.98,-0004.88,-0010.74,-0002.53,-0005.82,-0008.27
+1580602926.82,-0000.98,-0006.84,-0010.74,+0001.38,+0003.45,-0013.25
+1580602926.82,-0006.84,-0006.84,-0011.72,+0001.84,-0002.07,-0014.55
+1580602926.83,-0000.98,-0005.86,-0011.72,-0002.07,-0005.74,-0007.66
+1580602926.83,+0001.95,-0007.81,-0011.72,+0001.00,+0005.67,-0013.32
+1580602926.84,-0007.81,-0007.81,-0010.74,+0001.61,-0007.04,-0001.45
+1580602926.84,+0006.84,-0004.88,-0009.77,+0003.14,+0004.36,-0022.43
+1580602926.85,-0003.91,-0006.84,-0010.74,-0004.75,-0002.22,-0009.57
+1580602926.85,+0004.88,-0005.86,-0009.77,+0007.43,-0000.61,-0010.87
+1580602926.86,+0008.79,-0006.84,-0009.77,-0000.23,-0001.23,-0009.42
+1580602926.86,+0008.79,-0005.86,-0007.81,+0004.06,-0002.45,-0006.28
+1580602926.87,+0004.88,-0005.86,-0007.81,+0000.23,-0003.98,-0003.68
+1580602926.87,-0000.98,-0005.86,-0006.84,-0002.60,-0002.30,-0001.61
+1580602926.88,+0000.98,-0004.88,-0006.84,+0001.68,-0000.23,-0004.90
+1580602926.88,+0000.98,-0005.86,-0005.86,+0003.37,+0002.99,-0008.96
+1580602926.89,-0004.88,-0006.84,-0004.88,-0002.76,-0000.46,-0007.73
+1580602926.89,-0004.88,-0005.86,-0003.91,-0002.14,-0005.51,-0000.69
+1580602926.90,-0002.93,-0006.84,-0002.93,+0006.58,+0009.57,-0020.90
+1580602926.90,-0010.74,-0008.79,-0001.95,-0009.88,-0008.58,+0010.11
+1580602926.91,-0016.60,-0004.88,-0002.93,+0014.16,+0013.48,-0030.63
+1580602926.91,-0010.74,-0010.74,-0002.93,+0010.49,+0004.90,-0019.37
+1580602926.92,-0008.79,-0007.81,-0003.91,-0006.05,-0001.45,-0012.02
+1580602926.92,-0008.79,-0013.67,-0004.88,+0003.22,-0001.15,-0005.97
+1580602926.93,-0014.65,-0007.81,-0003.91,-0002.22,-0001.38,-0011.18
+1580602926.93,-0009.77,-0009.77,-0002.93,+0004.67,-0001.76,-0014.55
+1580602926.94,-0000.98,-0008.79,-0002.93,-0001.23,-0004.06,-0007.50
+1580602926.94,-0002.93,-0008.79,-0001.95,+0000.08,+0001.00,-0009.95
+1580602926.95,-0010.74,-0005.86,+0000.00,-0004.13,-0008.19,-0007.27
+1580602926.95,+0003.91,-0005.86,-0000.98,+0005.51,+0002.53,-0016.69
+1580602926.96,+0000.98,-0006.84,-0001.95,-0002.99,-0005.74,-0010.57
+1580602926.96,+0001.95,-0006.84,-0002.93,+0001.45,+0004.59,-0016.84
+1580602926.97,-0000.98,-0004.88,-0000.98,-0006.05,-0010.26,-0005.82
+1580602926.97,+0009.77,-0004.88,+0000.00,+0009.26,+0006.89,-0016.00
+1580602926.98,+0001.95,-0002.93,+0000.00,-0004.67,-0004.52,-0010.87
+1580602926.98,+0008.79,-0000.98,+0001.95,-0001.07,+0003.68,-0015.16
+1580602926.99,+0008.79,+0000.00,+0001.95,-0003.06,-0004.75,-0009.49
+1580602926.99,+0012.70,+0000.98,+0003.91,+0008.27,+0000.46,-0003.22
+1580602927.00,+0004.88,+0001.95,+0001.95,-0001.84,+0000.69,+0000.46
+1580602927.00,+0000.00,+0000.98,+0003.91,+0007.58,+0003.14,-0015.70
+1580602927.01,-0001.95,+0001.95,+0003.91,-0008.04,-0002.76,-0012.10
+1580602927.01,+0009.77,+0000.98,+0004.88,+0006.66,+0000.84,-0007.58
+1580602927.02,-0001.95,+0000.00,+0003.91,+0000.23,-0003.29,+0003.98
+1580602927.02,+0000.98,+0002.93,+0003.91,+0001.99,+0004.52,-0016.84
+1580602927.03,+0000.00,-0001.95,+0001.95,-0006.20,-0005.67,+0004.06
+1580602927.03,-0006.84,+0000.00,+0001.95,-0011.56,-0013.55,+0002.68
+1580602927.04,+0004.88,-0002.93,+0000.00,+0011.87,+0006.51,-0012.02
+1580602927.04,-0002.93,-0000.98,-0000.98,-0008.19,+0002.91,-0010.11
+1580602927.05,-0003.91,-0004.88,+0000.00,-0000.54,-0002.37,-0009.11
+1580602927.05,+0002.93,-0001.95,-0000.98,-0001.15,-0005.44,-0007.50
+1580602927.06,+0005.86,-0005.86,-0002.93,-0000.08,+0001.00,-0012.71
+1580602927.06,+0000.00,-0003.91,-0004.88,-0004.52,+0002.53,-0010.41
+1580602927.07,+0002.93,-0005.86,-0004.88,+0000.54,-0000.84,-0011.10
+1580602927.07,+0004.88,-0004.88,-0006.84,-0004.06,+0000.31,-0009.80
+1580602927.08,+0000.98,-0007.81,-0008.79,-0003.45,-0001.99,-0009.57
+1580602927.08,+0009.77,-0005.86,-0011.72,-0000.92,-0003.14,-0005.59
+1580602927.09,+0000.98,-0005.86,-0011.72,-0002.45,-0000.61,-0016.46
+1580602927.09,+0003.91,-0005.86,-0010.74,+0000.46,-0007.96,-0013.02
+1580602927.10,+0021.48,-0005.86,-0010.74,+0002.30,+0003.83,-0010.87
+1580602927.10,-0001.95,-0005.86,-0010.74,-0003.68,+0005.51,-0015.70
+1580602927.11,+0003.91,-0004.88,-0009.77,+0000.46,-0001.30,-0012.17
+1580602927.11,+0015.62,-0004.88,-0011.72,-0001.07,-0002.53,-0018.68
+1580602927.12,+0012.70,-0008.79,-0012.70,-0005.21,+0001.15,+0010.26
+1580602927.12,-0005.86,-0006.84,-0012.70,-0008.50,-0006.97,+0002.14
+1580602927.13,+0003.91,-0004.88,-0010.74,+0010.95,+0009.11,-0013.09
+1580602927.13,+0000.98,-0002.93,-0012.70,-0009.80,-0003.60,-0012.25
+1580602927.14,-0000.98,-0010.74,-0011.72,-0001.07,+0006.43,-0010.18
+1580602927.14,-0000.98,-0006.84,-0011.72,-0001.23,+0003.22,-0009.49
+1580602927.15,-0010.74,-0006.84,-0012.70,+0001.23,+0001.68,-0008.50
+1580602927.15,-0007.81,-0008.79,-0012.70,-0003.37,+0000.00,-0008.58
+1580602927.16,-0004.88,-0009.77,-0012.70,-0000.84,+0004.90,-0011.03
+1580602927.16,-0015.62,-0009.77,-0012.70,-0002.22,-0002.07,-0005.51
+1580602927.17,-0008.79,-0010.74,-0011.72,-0001.68,-0002.83,-0009.57
+1580602927.17,-0002.93,-0010.74,-0012.70,-0001.15,+0001.30,-0006.20
+1580602927.18,-0017.58,-0011.72,-0013.67,-0003.14,-0006.20,-0006.81
+1580602927.18,-0004.88,-0010.74,-0014.65,+0001.61,-0000.46,-0017.69
+1580602927.19,-0005.86,-0011.72,-0014.65,-0003.52,+0000.77,-0017.15
+1580602927.19,-0002.93,-0013.67,-0014.65,+0003.45,+0007.81,-0024.35
+1580602927.20,-0009.77,-0010.74,-0014.65,-0008.27,-0007.81,-0011.18
+1580602927.20,+0000.00,-0009.77,-0012.70,+0007.04,-0001.45,-0017.53
+1580602927.21,+0006.84,-0011.72,-0013.67,-0003.52,+0000.23,-0009.88
+1580602927.21,-0003.91,-0010.74,-0012.70,-0000.77,-0006.05,-0004.59
+1580602927.22,+0003.91,-0007.81,-0011.72,+0002.53,+0002.30,-0014.85
+1580602927.22,+0005.86,-0009.77,-0009.77,-0002.37,-0006.35,-0005.90
+1580602927.23,+0011.72,-0008.79,-0008.79,+0001.15,+0007.12,-0010.72
+1580602927.23,-0008.79,-0006.84,-0007.81,-0004.75,-0002.37,-0011.33
+1580602927.24,+0000.98,-0005.86,-0005.86,+0005.67,-0001.00,-0011.18
+1580602927.24,+0008.79,-0005.86,-0006.84,-0002.60,-0002.91,-0015.62
+1580602927.25,+0005.86,-0007.81,-0005.86,+0002.60,+0005.97,-0008.88
+1580602927.25,-0007.81,-0006.84,-0005.86,-0007.27,-0006.66,+0005.97
+1580602927.26,-0003.91,-0003.91,-0003.91,+0009.65,+0010.41,-0018.53
+1580602927.26,-0006.84,-0006.84,-0002.93,+0004.67,+0000.00,-0007.81
+1580602927.27,-0001.95,-0007.81,-0001.95,-0001.00,+0004.52,-0010.18
+1580602927.27,-0012.70,-0006.84,-0000.98,+0000.31,+0000.31,-0007.73
+1580602927.28,-0012.70,-0004.88,+0000.00,+0002.14,+0003.37,-0015.77
+1580602927.28,-0004.88,-0007.81,+0000.00,+0002.68,+0002.37,-0013.09
+1580602927.29,-0003.91,-0007.81,+0000.00,-0001.07,+0001.30,-0002.91
+1580602927.29,-0016.60,-0007.81,+0000.00,+0001.23,+0002.60,-0013.40
+1580602927.30,-0007.81,-0004.88,+0001.95,-0001.91,-0005.59,-0006.81
+1580602927.30,+0000.98,-0005.86,+0000.98,-0002.91,-0001.84,-0008.96
+1580602927.31,-0000.98,-0008.79,+0000.98,-0000.23,+0001.07,-0010.64
+1580602927.31,-0004.88,-0004.88,+0001.95,+0000.08,-0003.68,-0009.19
+1580602927.32,+0000.98,-0003.91,+0002.93,+0000.38,+0000.77,-0014.55
+1580602927.32,+0002.93,-0002.93,+0003.91,-0001.99,-0003.68,-0008.19
+1580602927.33,+0006.84,-0003.91,+0003.91,+0002.91,+0004.06,-0008.96
+1580602927.33,-0004.88,-0002.93,+0003.91,+0002.14,+0001.68,-0014.47
+1580602927.34,+0005.86,-0002.93,+0004.88,+0003.06,-0006.28,-0002.37
+1580602927.34,+0018.55,-0001.95,+0003.91,+0002.45,+0007.12,-0017.92
+1580602927.35,-0015.62,-0002.93,+0006.84,-0004.21,+0002.68,-0019.14
+1580602927.35,+0013.67,+0002.93,+0009.77,-0002.45,+0011.25,-0033.76
+1580602927.36,+0008.79,-0001.95,+0007.81,+0000.77,-0014.16,+0009.11
+1580602927.36,+0006.84,-0000.98,+0008.79,+0007.27,+0012.71,-0014.55
+1580602927.37,+0000.98,-0001.95,+0007.81,-0005.82,-0009.34,+0003.98
+1580602927.37,+0001.95,+0000.00,+0009.77,+0001.07,-0003.06,-0004.90
+1580602927.38,+0003.91,-0001.95,+0009.77,+0001.53,+0001.68,-0006.66
+1580602927.38,-0000.98,-0002.93,+0009.77,+0001.61,-0000.61,-0012.10
+1580602927.39,+0003.91,-0003.91,+0010.74,+0003.45,+0002.07,-0011.41
+1580602927.39,+0000.98,-0002.93,+0009.77,-0002.91,+0001.45,-0007.50
+1580602927.40,-0005.86,-0005.86,+0009.77,+0004.06,-0004.21,-0011.48
+1580602927.40,+0004.88,-0006.84,+0009.77,-0001.53,-0002.53,-0002.99
+1580602927.41,-0007.81,-0006.84,+0008.79,-0004.59,-0003.68,-0002.53
+1580602927.41,-0004.88,-0007.81,+0008.79,+0004.90,+0002.30,-0013.63
+1580602927.42,-0000.98,-0009.77,+0006.84,-0003.75,-0008.73,-0003.22
+1580602927.42,-0009.77,-0010.74,+0005.86,-0005.67,-0003.37,-0009.49
+1580602927.43,-0006.84,-0011.72,+0005.86,+0005.21,-0002.99,-0010.11
+1580602927.43,-0000.98,-0009.77,+0004.88,+0001.07,+0001.84,-0018.30
+1580602927.44,-0007.81,-0014.65,+0004.88,-0003.60,-0002.60,-0010.18
+1580602927.44,+0001.95,-0012.70,+0004.88,-0000.77,+0003.22,-0012.79
+1580602927.45,-0006.84,-0013.67,+0003.91,-0001.38,+0002.22,-0012.63
+1580602927.45,-0009.77,-0013.67,+0003.91,+0000.46,-0006.89,-0008.65
+1580602927.46,+0006.84,-0014.65,+0003.91,-0003.14,+0002.68,-0011.87
+1580602927.46,+0000.00,-0014.65,+0003.91,-0000.38,+0001.45,-0012.94
+1580602927.47,-0003.91,-0014.65,+0003.91,-0001.61,-0004.67,-0011.94
+1580602927.47,+0008.79,-0013.67,+0003.91,+0001.23,-0003.14,-0011.25
+1580602927.48,+0002.93,-0014.65,+0002.93,-0000.69,-0001.68,-0006.35
+1580602927.48,+0001.95,-0013.67,+0003.91,+0002.45,+0000.46,-0015.16
+1580602927.49,+0001.95,-0012.70,+0004.88,+0001.53,-0001.45,-0011.64
+1580602927.49,+0008.79,-0011.72,+0005.86,+0001.07,-0002.37,-0008.73
+1580602927.50,+0001.95,-0012.70,+0005.86,+0000.23,-0001.45,-0004.59
+1580602927.50,-0001.95,-0010.74,+0007.81,+0003.29,-0002.14,-0005.36
+1580602927.51,+0005.86,-0010.74,+0007.81,+0000.00,+0000.61,-0005.51
+1580602927.51,-0000.98,-0010.74,+0008.79,-0003.06,-0001.99,-0003.52
+1580602927.52,-0004.88,-0010.74,+0008.79,+0003.98,+0004.44,-0011.41
+1580602927.52,-0009.77,-0008.79,+0008.79,-0001.23,-0003.60,-0003.45
+1580602927.53,-0006.84,-0009.77,+0009.77,+0005.44,+0006.89,-0013.70
+1580602927.53,-0008.79,-0010.74,+0010.74,-0000.38,-0000.84,-0008.50
+1580602927.54,-0006.84,-0007.81,+0009.77,+0002.83,+0000.92,-0015.39
+1580602927.54,-0008.79,-0009.77,+0009.77,-0002.14,-0002.53,-0002.07
+1580602927.55,-0011.72,-0005.86,+0009.77,-0008.12,-0006.89,-0006.97
+1580602927.55,-0007.81,-0007.81,+0010.74,+0008.42,+0002.07,-0014.78
+1580602927.56,-0002.93,-0004.88,+0010.74,-0002.91,+0000.15,-0009.42
+1580602927.56,-0010.74,-0006.84,+0010.74,-0000.61,+0000.61,-0015.62
+1580602927.57,+0001.95,-0001.95,+0011.72,+0003.83,+0003.98,-0017.61
+1580602927.57,-0005.86,-0001.95,+0011.72,-0003.68,-0004.82,-0006.43
+1580602927.58,-0000.98,-0000.98,+0012.70,+0005.13,+0002.99,-0013.17
+1580602927.58,+0000.98,+0000.00,+0012.70,+0002.83,-0005.51,-0008.27
+1580602927.59,+0011.72,+0002.93,+0013.67,+0001.30,+0001.23,-0010.18
+1580602927.59,-0000.98,+0001.95,+0012.70,-0001.45,+0002.91,-0013.02
+1580602927.60,+0000.00,+0005.86,+0015.62,+0004.75,-0004.98,-0015.24
+1580602927.60,+0020.51,+0006.84,+0014.65,+0002.45,+0005.59,-0014.24
+1580602927.61,+0006.84,+0006.84,+0014.65,-0004.90,-0004.44,-0005.28
+1580602927.61,+0001.95,+0008.79,+0015.62,+0007.89,+0002.14,-0010.41
+1580602927.62,+0003.91,+0010.74,+0016.60,+0004.13,+0002.07,-0009.49
+1580602927.62,+0005.86,+0011.72,+0017.58,-0002.07,+0001.53,-0003.60
+1580602927.63,+0005.86,+0010.74,+0016.60,+0000.61,-0000.15,-0005.97
+1580602927.63,-0004.88,+0012.70,+0016.60,+0001.30,+0000.84,-0005.51
+1580602927.64,-0005.86,+0012.70,+0016.60,+0000.69,+0001.23,-0010.72
+1580602927.64,-0002.93,+0012.70,+0015.62,-0001.84,+0000.23,-0006.12
+1580602927.65,-0004.88,+0009.77,+0014.65,+0002.53,-0000.08,-0004.44
+1580602927.65,-0012.70,+0010.74,+0014.65,-0000.38,-0001.23,-0010.72
+1580602927.66,-0009.77,+0010.74,+0013.67,-0000.92,-0000.31,-0014.39
+1580602927.66,-0004.88,+0008.79,+0011.72,-0003.22,-0000.54,-0008.65
+1580602927.67,-0009.77,+0007.81,+0010.74,+0002.91,+0000.08,-0012.63
+1580602927.67,-0006.84,+0008.79,+0009.77,+0003.29,+0001.68,-0014.47
+1580602927.68,-0008.79,+0008.79,+0007.81,-0004.44,-0003.06,-0012.10
+1580602927.68,+0000.00,+0005.86,+0005.86,+0001.00,-0001.38,-0007.66
+1580602927.69,-0003.91,+0007.81,+0003.91,+0000.38,-0001.84,-0015.70
+1580602927.69,-0003.91,+0005.86,+0004.88,+0001.53,-0002.30,-0011.87
+1580602927.70,+0001.95,+0007.81,+0002.93,-0006.51,-0004.67,-0013.86
+1580602927.70,+0004.88,+0004.88,+0001.95,+0000.61,+0001.15,-0008.04
+1580602927.71,-0002.93,+0005.86,+0000.98,-0001.23,-0001.99,-0011.25
+1580602927.71,-0000.98,+0004.88,+0000.98,+0002.53,-0001.30,-0016.38
+1580602927.72,+0007.81,+0003.91,+0000.00,-0004.59,-0002.83,-0010.18
+1580602927.72,+0010.74,+0002.93,+0000.00,+0000.31,+0000.46,-0003.83
+1580602927.73,-0006.84,+0004.88,+0000.00,-0003.52,-0007.35,-0008.58
+1580602927.73,+0008.79,+0004.88,+0000.00,+0000.08,+0003.06,-0015.16
+1580602927.74,+0012.70,+0001.95,-0001.95,-0003.68,-0003.45,-0006.05
+1580602927.74,+0000.00,+0000.98,-0000.98,-0001.84,-0004.36,-0001.53
+1580602927.75,+0001.95,+0002.93,-0001.95,+0001.07,-0001.23,-0008.27
+1580602927.75,+0001.95,+0003.91,-0001.95,+0001.00,+0003.52,-0008.27
+1580602927.76,+0000.00,-0000.98,-0002.93,-0002.37,-0001.61,-0000.84
+1580602927.76,-0006.84,+0000.00,-0002.93,-0002.22,-0003.52,-0009.34
+1580602927.77,-0002.93,-0000.98,-0001.95,+0002.83,+0003.83,-0007.89
+1580602927.77,-0006.84,-0000.98,-0002.93,-0001.38,+0000.31,-0017.61
+1580602927.78,-0003.91,-0002.93,-0002.93,+0001.00,-0004.36,-0009.03
+1580602927.78,+0004.88,-0000.98,-0004.88,-0002.22,+0003.29,-0009.80
+1580602927.79,-0008.79,-0002.93,-0004.88,-0000.08,-0001.00,-0005.51
+1580602927.79,-0007.81,+0000.00,-0004.88,+0001.76,-0001.15,-0007.50
+1580602927.80,+0000.00,-0001.95,-0004.88,-0000.84,+0003.60,-0009.88
+1580602927.80,-0000.98,-0001.95,-0004.88,+0001.00,-0004.67,-0011.79
+1580602927.81,-0001.95,-0001.95,-0003.91,+0001.23,+0000.69,-0012.48
+1580602927.81,-0004.88,+0000.98,-0003.91,-0000.15,-0001.61,-0010.26
+1580602927.82,+0005.86,+0000.98,-0002.93,-0000.15,-0005.59,-0016.46
+1580602927.82,+0009.77,+0000.00,-0003.91,-0002.30,+0004.06,-0004.98
+1580602927.83,-0004.88,+0001.95,-0004.88,+0000.54,-0001.99,-0012.56
+1580602927.83,+0004.88,+0002.93,-0002.93,+0000.54,+0001.45,-0016.00
+1580602927.84,+0009.77,+0003.91,-0002.93,-0003.52,-0002.76,-0001.53
+1580602927.84,+0002.93,+0001.95,-0001.95,+0005.28,+0004.21,-0012.79
+1580602927.85,+0000.00,+0003.91,-0000.98,-0004.13,-0005.13,-0004.52
+1580602927.85,+0007.81,+0005.86,+0000.00,-0004.29,-0002.99,-0008.73
+1580602927.86,+0009.77,+0003.91,+0000.00,+0003.06,-0000.46,-0013.17
+1580602927.86,+0002.93,+0005.86,+0000.00,-0002.14,+0002.37,-0012.40
+1580602927.87,+0004.88,+0005.86,+0000.00,+0003.14,+0003.60,-0009.49
+1580602927.87,+0001.95,+0006.84,+0000.00,-0002.83,-0000.31,-0008.19
+1580602927.88,+0003.91,+0003.91,+0000.00,+0002.22,-0001.84,+0000.54
+1580602927.88,-0002.93,+0006.84,+0000.00,+0004.21,+0004.36,-0016.54
+1580602927.89,+0000.00,+0004.88,+0000.98,+0006.81,+0008.12,-0018.22
+1580602927.89,-0007.81,+0005.86,+0000.98,-0007.66,-0008.88,-0006.74
+1580602927.90,+0000.00,+0004.88,+0000.98,+0009.03,+0002.07,-0007.43
+1580602927.90,-0003.91,+0005.86,+0000.00,-0004.36,+0002.30,-0016.00
+1580602927.91,-0007.81,+0003.91,+0000.98,+0001.38,-0009.57,-0000.46
+1580602927.91,+0004.88,+0006.84,+0000.00,+0001.00,+0009.42,-0017.23
+1580602927.92,-0015.62,+0003.91,+0000.00,-0006.05,-0003.98,-0011.25
+1580602927.92,-0000.98,+0006.84,-0000.98,-0005.21,+0001.30,-0022.05
+1580602927.93,-0001.95,+0001.95,-0001.95,-0000.84,-0000.84,-0007.27
+1580602927.93,-0001.95,+0004.88,-0001.95,+0004.06,-0000.15,-0011.48
+1580602927.94,-0001.95,+0003.91,-0002.93,+0000.38,-0000.31,-0009.49
+1580602927.94,-0000.98,+0004.88,-0003.91,-0000.15,-0002.99,-0007.04
+1580602927.95,+0000.98,+0002.93,-0004.88,-0000.31,+0001.15,-0010.03
+1580602927.95,-0003.91,+0002.93,-0004.88,-0001.00,+0002.30,-0008.65
+1580602927.96,-0005.86,+0003.91,-0004.88,-0003.14,-0004.67,-0009.80
+1580602927.96,+0006.84,+0002.93,-0004.88,+0001.68,+0003.29,-0018.38
+1580602927.97,+0000.00,+0001.95,-0004.88,-0001.68,+0002.37,-0012.79
+1580602927.97,-0000.98,+0004.88,-0003.91,-0001.00,-0006.20,-0010.11
+1580602927.98,+0011.72,+0003.91,-0004.88,-0000.84,+0000.69,-0009.88
+1580602927.98,+0004.88,+0002.93,-0005.86,-0001.38,+0001.00,-0009.42
+1580602927.99,+0010.74,+0001.95,-0005.86,-0005.05,-0008.19,+0001.76
+1580602927.99,+0005.86,+0003.91,-0005.86,-0006.43,-0002.99,-0003.14
+1580602928.00,+0000.98,+0000.00,-0004.88,+0006.12,+0004.59,-0003.22
+1580602928.00,-0000.98,+0002.93,-0005.86,-0005.90,-0002.60,-0014.47
+1580602928.01,+0004.88,+0000.00,-0006.84,-0000.23,-0001.61,-0014.01
+1580602928.01,+0000.98,+0000.00,-0006.84,-0002.37,+0000.77,-0009.80
+1580602928.02,-0001.95,-0001.95,-0006.84,+0005.28,+0001.30,-0011.56
+1580602928.02,-0004.88,-0000.98,-0005.86,-0004.21,-0001.00,-0007.50
+1580602928.03,-0005.86,-0001.95,-0005.86,-0004.36,-0002.37,-0004.98
+1580602928.03,-0000.98,-0003.91,-0006.84,+0001.61,+0003.29,-0012.94
+1580602928.04,-0009.77,-0004.88,-0007.81,-0005.05,+0000.23,-0009.95
+1580602928.04,-0004.88,-0005.86,-0007.81,+0001.91,-0001.84,-0006.81
+1580602928.05,-0006.84,-0006.84,-0009.77,-0003.52,-0000.61,-0011.33
+1580602928.05,-0005.86,-0007.81,-0009.77,+0000.46,-0000.84,-0011.33
+1580602928.06,+0000.98,-0007.81,-0011.72,-0001.23,-0004.29,-0006.05
+1580602928.06,-0010.74,-0007.81,-0011.72,-0002.53,-0003.83,-0012.79
+1580602928.07,-0008.79,-0009.77,-0010.74,+0002.07,-0002.30,-0011.10
+1580602928.07,+0002.93,-0007.81,-0010.74,+0000.08,-0001.30,-0016.69
+1580602928.07,-0000.98,-0011.72,-0010.74,-0004.06,-0000.15,-0004.67
+1580602928.08,-0005.86,-0007.81,-0009.77,-0002.83,-0005.28,-0006.28
+1580602928.08,+0000.00,-0008.79,-0009.77,+0003.52,+0004.90,-0015.62
+1580602928.09,+0000.00,-0009.77,-0009.77,-0004.52,-0006.12,-0007.35
+1580602928.09,+0005.86,-0009.77,-0009.77,-0000.84,+0000.61,-0016.23
+1580602928.10,-0004.88,-0009.77,-0009.77,-0003.29,-0003.29,-0008.27
+1580602928.10,+0003.91,-0008.79,-0008.79,+0003.29,+0002.83,-0019.52
+1580602928.11,+0009.77,-0011.72,-0008.79,-0006.28,-0008.27,-0000.23
+1580602928.11,-0001.95,-0008.79,-0007.81,-0008.04,-0008.12,-0003.29
+1580602928.12,-0001.95,-0009.77,-0005.86,+0012.17,-0001.91,-0006.74
+1580602928.12,+0005.86,-0005.86,-0005.86,-0003.83,+0002.83,-0006.43
+1580602928.13,-0005.86,-0011.72,-0005.86,+0000.00,-0002.60,-0003.75
+1580602928.13,+0000.00,-0008.79,-0004.88,+0000.54,+0000.15,-0011.64
+1580602928.14,-0002.93,-0008.79,-0004.88,-0000.92,+0004.44,-0009.72
+1580602928.14,-0011.72,-0009.77,-0003.91,-0000.15,-0000.77,-0010.11
+1580602928.15,-0000.98,-0009.77,-0003.91,+0002.68,+0006.43,-0016.84
+1580602928.15,-0010.74,-0008.79,-0003.91,-0005.67,+0001.53,-0007.89
+1580602928.16,-0009.77,-0009.77,-0003.91,+0003.52,-0001.15,-0013.48
+1580602928.16,-0005.86,-0009.77,-0002.93,+0000.54,+0001.76,-0012.02
+1580602928.17,-0004.88,-0008.79,-0001.95,-0001.61,+0000.46,-0009.95
+1580602928.17,-0005.86,-0007.81,-0001.95,+0001.76,-0001.45,-0008.27
+1580602928.18,-0008.79,-0007.81,-0000.98,+0001.23,+0002.37,-0016.08
+1580602928.18,-0003.91,-0007.81,-0001.95,+0001.00,+0002.30,-0013.02
+1580602928.19,-0000.98,-0006.84,-0001.95,-0000.23,-0003.98,-0009.26
+1580602928.19,-0002.93,-0006.84,-0001.95,-0000.69,+0005.90,-0015.54
+1580602928.20,-0001.95,-0004.88,-0000.98,+0004.29,+0007.12,-0015.77
+1580602928.20,+0000.00,-0003.91,+0000.00,-0003.45,-0005.74,-0009.65
+1580602928.21,+0003.91,-0005.86,+0000.00,+0001.00,-0001.07,-0009.65
+1580602928.21,+0003.91,-0001.95,+0000.00,+0003.22,-0001.99,-0012.33
+1580602928.22,+0008.79,-0002.93,+0000.98,+0005.21,-0000.69,-0010.95
+1580602928.22,+0003.91,-0000.98,+0001.95,-0006.51,+0001.68,-0014.09
+1580602928.23,+0009.77,-0002.93,+0002.93,+0002.30,-0008.65,-0000.31
+1580602928.23,+0010.74,+0001.95,+0001.95,+0002.30,+0006.20,-0017.15
+1580602928.24,+0001.95,-0001.95,+0003.91,+0002.60,+0002.07,-0010.11
+1580602928.24,+0004.88,+0000.00,+0002.93,-0002.99,-0005.28,-0007.12
+1580602928.25,+0003.91,-0000.98,+0003.91,+0001.45,+0006.51,-0014.47
+1580602928.25,+0000.98,+0000.98,+0003.91,+0000.23,-0002.30,-0005.28
+1580602928.26,+0005.86,+0000.00,+0002.93,+0002.60,+0008.65,-0017.84
+1580602928.26,-0010.74,-0001.95,+0002.93,-0008.27,-0005.44,-0007.43
+1580602928.27,+0004.88,+0000.98,+0003.91,+0010.80,+0000.00,-0008.19
+1580602928.27,+0000.00,-0001.95,+0002.93,+0000.77,+0006.66,-0007.96
+1580602928.28,-0009.77,-0000.98,+0002.93,-0002.07,-0001.84,-0007.20
+1580602928.28,-0005.86,-0001.95,+0000.98,-0001.07,-0004.82,-0009.49
+1580602928.29,-0003.91,-0001.95,+0000.98,-0003.68,+0003.60,-0010.18
+1580602928.29,-0006.84,-0004.88,+0000.98,+0001.07,-0005.97,-0008.80
+1580602928.30,-0002.93,-0004.88,+0000.00,+0001.23,-0000.46,-0011.25
+1580602928.30,-0006.84,-0002.93,+0000.00,-0002.91,+0002.14,-0015.70
+1580602928.31,+0000.98,-0002.93,+0000.00,+0003.06,+0003.83,-0017.00
+1580602928.31,+0000.98,-0001.95,-0000.98,-0005.36,-0006.12,-0006.81
+1580602928.32,+0005.86,-0001.95,+0000.00,+0005.36,+0000.46,-0009.42
+1580602928.32,-0000.98,-0001.95,+0000.00,-0000.61,+0003.22,-0017.30
+1580602928.33,-0004.88,+0000.00,+0000.98,+0000.08,-0007.58,-0010.72
+1580602928.33,+0013.67,+0000.98,+0000.98,+0003.06,+0001.53,-0012.10
+1580602928.34,+0000.00,-0000.98,+0001.95,-0000.15,+0003.60,-0017.23
+1580602928.34,+0000.00,+0000.00,+0002.93,+0003.60,+0000.54,-0019.29
+1580602928.35,+0004.88,+0001.95,+0001.95,-0003.60,-0005.67,-0005.05
+1580602928.35,+0006.84,+0000.98,+0000.98,+0002.68,+0006.28,-0010.64
+1580602928.36,+0000.00,+0000.98,+0000.00,+0001.91,-0004.44,-0010.57
+1580602928.36,+0006.84,+0002.93,+0000.98,+0002.30,+0000.31,-0006.28
+1580602928.37,+0002.93,+0002.93,+0000.98,-0001.53,+0003.52,-0007.89
+1580602928.37,-0003.91,+0002.93,+0001.95,+0002.14,-0000.61,-0004.21
+1580602928.38,+0000.00,+0004.88,+0002.93,-0000.54,-0007.43,-0000.23
+1580602928.38,+0005.86,+0002.93,+0003.91,+0004.29,+0011.48,-0011.94
+1580602928.39,-0016.60,+0003.91,+0004.88,-0005.74,-0001.45,-0009.03
+1580602928.39,-0005.86,+0006.84,+0004.88,-0004.06,+0001.07,-0018.83
+1580602928.40,+0000.98,+0003.91,+0003.91,-0002.37,+0001.07,-0006.35
+1580602928.40,-0007.81,+0000.98,+0002.93,+0001.53,+0004.06,-0014.55
+1580602928.41,-0014.65,+0001.95,+0002.93,-0002.53,-0004.59,-0006.58
+1580602928.41,-0007.81,+0003.91,+0001.95,-0004.36,-0007.04,-0005.44
+1580602928.42,-0001.95,+0000.00,+0000.98,+0002.30,+0005.67,-0010.80
+1580602928.42,-0012.70,+0001.95,+0000.98,-0001.38,+0001.61,-0011.25
+1580602928.43,-0008.79,+0000.98,+0001.95,-0000.77,-0005.97,-0008.35
+1580602928.43,-0000.98,+0002.93,+0001.95,-0006.58,-0006.74,-0004.75
+1580602928.44,+0001.95,-0000.98,+0001.95,+0003.60,+0004.36,-0013.32
+1580602928.44,-0009.77,+0001.95,+0000.98,-0005.74,-0002.53,-0006.81
+1580602928.45,-0002.93,+0000.98,+0000.00,+0000.15,+0000.15,-0014.55
+1580602928.45,+0001.95,+0000.00,+0000.00,-0002.60,+0001.07,-0016.69
+1580602928.46,+0003.91,-0000.98,+0000.00,+0001.38,-0007.12,-0007.43
+1580602928.46,+0003.91,+0001.95,-0000.98,+0001.76,+0002.30,-0013.70
+1580602928.47,+0000.98,+0000.00,+0000.00,+0000.54,-0001.00,-0011.94
+1580602928.47,+0006.84,+0000.98,+0000.00,-0001.91,+0000.08,-0009.49
+1580602928.48,+0004.88,-0000.98,+0000.00,+0000.61,-0000.92,-0008.35
+1580602928.48,+0000.98,+0000.00,+0000.00,-0002.60,-0001.68,-0009.34
+1580602928.49,+0006.84,-0000.98,+0000.00,+0000.69,-0004.29,-0006.58
+1580602928.49,+0009.77,-0000.98,+0000.98,-0000.84,+0006.74,-0005.74
+1580602928.50,-0002.93,-0001.95,+0000.00,-0001.68,-0005.13,+0000.00
+1580602928.50,-0000.98,-0000.98,-0000.98,-0001.53,+0001.91,-0013.86
+1580602928.51,-0003.91,-0004.88,+0000.00,+0001.07,-0001.23,-0006.81
+1580602928.51,+0002.93,-0003.91,+0000.98,+0002.68,+0002.68,-0011.79
+1580602928.52,-0004.88,-0006.84,-0000.98,+0001.76,-0000.61,-0005.90
+1580602928.52,-0003.91,-0004.88,+0000.00,-0002.14,+0000.77,-0011.33
+1580602928.53,-0004.88,-0007.81,+0000.00,-0002.07,+0001.84,-0011.41
+1580602928.53,-0005.86,-0008.79,+0000.00,+0000.38,+0004.06,-0013.25
+1580602928.54,-0003.91,-0010.74,+0000.00,+0000.69,+0006.35,-0016.08
+1580602928.54,-0009.77,-0010.74,-0000.98,-0005.36,-0001.68,-0010.03
+1580602928.55,-0006.84,-0011.72,-0001.95,-0000.31,-0000.15,-0018.76
+1580602928.55,+0000.00,-0011.72,-0002.93,-0003.06,+0003.29,-0013.32
+1580602928.56,-0002.93,-0013.67,-0003.91,-0001.07,-0003.06,-0012.79
+1580602928.56,-0000.98,-0013.67,-0004.88,-0002.14,-0002.83,-0008.27
+1580602928.57,-0000.98,-0013.67,-0005.86,+0001.99,+0000.00,-0011.25
+1580602928.57,-0003.91,-0014.65,-0005.86,+0001.30,-0003.37,-0009.19
+1580602928.58,+0000.00,-0012.70,-0003.91,-0000.54,-0000.23,-0015.08
+1580602928.58,+0003.91,-0013.67,-0002.93,+0002.14,-0003.37,-0008.35
+1580602928.59,+0002.93,-0012.70,-0001.95,-0002.45,-0006.43,-0006.43
+1580602928.59,+0008.79,-0013.67,-0000.98,+0000.61,+0004.59,-0011.41
+1580602928.60,+0000.98,-0010.74,-0001.95,-0003.37,-0003.29,-0011.18
+1580602928.60,+0000.00,-0013.67,-0000.98,+0002.14,-0002.14,-0008.96
+1580602928.61,+0009.77,-0010.74,-0000.98,-0005.82,+0002.53,-0008.96
+1580602928.61,+0000.98,-0012.70,+0000.00,+0005.28,+0000.92,-0006.81
+1580602928.62,+0001.95,-0010.74,+0002.93,-0001.76,-0002.83,-0004.67
+1580602928.62,-0001.95,-0009.77,+0003.91,+0004.36,+0002.30,-0012.02
+1580602928.63,+0000.00,-0009.77,+0004.88,+0002.53,+0001.61,-0010.26
+1580602928.63,+0000.00,-0008.79,+0006.84,-0002.37,-0001.91,-0004.82
+1580602928.64,-0006.84,-0007.81,+0007.81,+0005.59,+0006.12,-0013.09
+1580602928.64,-0007.81,-0007.81,+0007.81,+0002.45,-0002.53,-0012.94
+1580602928.65,+0000.00,-0006.84,+0007.81,-0000.15,+0002.07,-0006.58
+1580602928.65,-0006.84,-0007.81,+0008.79,+0000.23,+0006.12,-0017.84
+1580602928.66,-0009.77,-0005.86,+0010.74,-0000.92,-0006.12,-0004.59
+1580602928.66,-0004.88,-0002.93,+0010.74,-0005.13,-0004.90,-0003.98
+1580602928.67,-0001.95,-0004.88,+0011.72,+0006.28,+0003.45,-0011.64
+1580602928.67,-0010.74,-0000.98,+0012.70,-0003.98,+0002.14,-0014.70
+1580602928.68,-0002.93,-0000.98,+0013.67,+0003.75,-0000.38,-0013.17
+1580602928.68,+0002.93,+0000.98,+0011.72,-0000.54,-0002.37,-0011.18
+1580602928.69,-0000.98,+0000.00,+0013.67,+0001.38,+0004.52,-0009.88
+1580602928.69,-0004.88,+0003.91,+0015.62,-0003.37,-0001.91,-0013.17
+1580602928.70,+0003.91,+0005.86,+0016.60,+0003.22,-0008.42,-0007.12
+1580602928.70,+0012.70,+0004.88,+0016.60,-0001.99,+0008.42,-0008.80
+1580602928.71,-0009.77,+0008.79,+0017.58,+0003.29,-0000.23,-0014.85
+1580602928.71,+0005.86,+0011.72,+0019.53,+0008.12,+0004.52,-0026.87
+1580602928.72,+0007.81,+0012.70,+0020.51,-0005.28,-0004.36,-0002.68
+1580602928.72,+0006.84,+0011.72,+0022.46,+0009.49,+0002.68,-0011.03
+1580602928.73,+0001.95,+0016.60,+0024.41,-0005.59,-0003.98,-0011.48
+1580602928.73,+0007.81,+0019.53,+0024.41,+0001.45,+0004.13,-0019.14
+1580602928.74,+0000.00,+0018.55,+0024.41,+0000.61,-0007.12,-0002.83
+1580602928.74,+0007.81,+0023.44,+0024.41,+0005.21,+0004.52,-0013.93
+1580602928.75,+0001.95,+0018.55,+0024.41,+0011.56,-0000.31,-0008.58
+1580602928.75,+0005.86,+0025.39,+0025.39,-0005.90,-0008.42,+0009.11
+1580602928.76,+0003.91,+0024.41,+0025.39,+0009.42,+0013.40,-0020.98
+1580602928.76,-0015.62,+0024.41,+0026.37,-0008.73,-0007.81,+0001.30
+1580602928.77,+0001.95,+0031.25,+0026.37,-0007.81,-0005.05,-0017.76
+1580602928.77,+0000.98,+0024.41,+0025.39,+0006.05,+0006.97,-0011.03
+1580602928.78,-0005.86,+0028.32,+0025.39,-0005.05,-0002.37,-0012.94
+1580602928.78,+0003.91,+0029.30,+0025.39,+0000.84,+0004.29,-0018.07
+1580602928.79,-0010.74,+0030.27,+0025.39,-0002.60,-0002.14,-0006.74
+1580602928.79,-0001.95,+0030.27,+0025.39,+0003.37,-0002.37,-0009.72
+1580602928.80,+0001.95,+0030.27,+0023.44,-0003.06,+0003.60,-0015.39
+1580602928.80,-0003.91,+0029.30,+0022.46,+0000.23,-0001.30,-0010.80
+1580602928.81,-0000.98,+0032.23,+0021.48,-0001.68,-0003.06,-0015.85
+1580602928.81,+0003.91,+0029.30,+0021.48,+0000.38,-0001.61,-0003.90
+1580602928.82,+0000.98,+0032.23,+0019.53,+0004.98,+0002.45,-0015.47
+1580602928.82,+0001.95,+0030.27,+0018.55,+0004.52,+0002.45,-0011.41
+1580602928.83,+0000.98,+0034.18,+0016.60,-0003.83,-0004.13,-0014.47
+1580602928.83,+0003.91,+0030.27,+0016.60,+0004.44,+0001.99,-0010.34
+1580602928.84,+0006.84,+0032.23,+0014.65,-0003.29,+0001.68,-0010.03
+1580602928.84,+0004.88,+0031.25,+0013.67,+0002.14,+0001.15,-0010.41
+1580602928.85,+0002.93,+0033.20,+0012.70,-0003.14,-0002.14,-0014.62
+1580602928.85,+0010.74,+0031.25,+0010.74,-0001.38,-0005.97,-0006.51
+1580602928.86,+0004.88,+0031.25,+0008.79,-0004.21,+0002.22,-0009.65
+1580602928.86,-0002.93,+0030.27,+0007.81,+0000.23,-0001.23,-0008.73
+1580602928.87,+0011.72,+0030.27,+0005.86,-0003.37,-0005.28,-0003.68
+1580602928.87,+0000.00,+0028.32,+0003.91,-0005.05,-0001.30,-0005.21
+1580602928.88,-0003.91,+0026.37,+0001.95,+0000.54,-0003.98,-0004.21
+1580602928.88,+0001.95,+0027.34,+0000.00,-0000.69,+0000.46,-0019.45
+1580602928.89,-0001.95,+0021.48,-0001.95,-0005.21,+0004.90,-0006.12
+1580602928.89,-0003.91,+0021.48,-0003.91,-0005.67,-0002.53,-0008.80
+1580602928.90,-0001.95,+0019.53,-0005.86,-0001.15,+0002.68,-0012.94
+1580602928.90,-0002.93,+0016.60,-0007.81,-0004.98,+0000.38,-0011.03
+1580602928.91,+0000.98,+0013.67,-0010.74,-0003.52,+0003.22,-0008.27
+1580602928.91,-0006.84,+0011.72,-0014.65,-0003.98,+0004.67,-0011.64
+1580602928.92,-0010.74,+0009.77,-0015.62,-0004.67,-0004.52,-0012.25
+1580602928.92,+0003.91,+0006.84,-0018.55,-0003.75,-0002.14,-0014.01
+1580602928.93,-0000.98,+0004.88,-0022.46,-0008.35,-0007.58,-0007.73
+1580602928.93,+0003.91,+0001.95,-0023.44,-0000.31,+0003.98,-0006.74
+1580602928.94,-0004.88,+0002.93,-0025.39,-0006.20,-0001.38,-0014.39
+1580602928.94,-0004.88,-0001.95,-0027.34,+0000.31,-0003.75,-0015.62
+1580602928.95,+0001.95,-0002.93,-0030.27,-0005.44,+0001.53,-0012.17
+1580602928.95,+0002.93,-0004.88,-0032.23,-0001.38,+0000.38,-0007.20
+1580602928.96,-0001.95,-0006.84,-0034.18,-0003.68,+0001.07,-0014.62
+1580602928.96,-0001.95,-0008.79,-0034.18,-0001.30,-0002.91,-0010.41
+1580602928.97,+0009.77,-0008.79,-0034.18,-0001.91,+0000.61,-0013.48
+1580602928.97,+0003.91,-0010.74,-0034.18,-0006.12,-0001.38,-0003.60
+1580602928.98,+0000.98,-0010.74,-0035.16,-0000.15,+0001.38,-0013.86
+1580602928.98,+0009.77,-0012.70,-0036.13,+0001.38,+0000.69,-0009.34
+1580602928.99,+0011.72,-0012.70,-0037.11,-0005.97,-0000.08,-0003.52
+1580602928.99,+0002.93,-0014.65,-0037.11,-0002.45,+0005.82,-0005.51
+1580602929.00,+0000.98,-0014.65,-0036.13,+0010.03,+0005.44,-0008.80
+1580602929.00,+0005.86,-0010.74,-0036.13,-0010.03,-0004.29,-0013.93
+1580602929.01,+0003.91,-0019.53,-0036.13,-0001.38,+0005.82,-0003.52
+1580602929.01,-0007.81,-0013.67,-0035.16,+0001.76,+0001.91,-0014.70
+1580602929.02,-0002.93,-0015.62,-0034.18,+0002.53,+0000.15,-0010.49
+1580602929.02,+0002.93,-0014.65,-0034.18,-0005.21,+0000.08,-0006.97
+1580602929.03,-0011.72,-0018.55,-0034.18,-0000.92,+0006.66,-0013.93
+1580602929.03,-0007.81,-0015.62,-0033.20,+0002.14,+0000.46,-0015.01
+1580602929.04,-0008.79,-0016.60,-0033.20,-0003.68,+0002.37,-0019.22
+1580602929.04,-0005.86,-0019.53,-0033.20,+0000.00,-0002.76,-0003.60
+1580602929.05,-0003.91,-0015.62,-0033.20,-0000.69,+0001.45,-0017.15
+1580602929.05,-0010.74,-0017.58,-0031.25,+0000.69,-0003.90,-0011.03
+1580602929.06,+0000.00,-0015.62,-0030.27,-0003.29,+0001.30,-0006.89
+1580602929.06,-0004.88,-0014.65,-0029.30,-0000.54,+0002.07,-0015.93
+1580602929.07,-0000.98,-0014.65,-0028.32,-0000.38,-0005.59,-0007.35
+1580602929.07,+0002.93,-0014.65,-0030.27,-0000.31,+0005.97,-0015.85
+1580602929.08,-0008.79,-0013.67,-0029.30,-0001.15,-0004.13,-0011.71
+1580602929.08,+0007.81,-0013.67,-0026.37,+0002.07,-0002.99,-0011.10
+1580602929.09,+0005.86,-0011.72,-0026.37,-0002.60,+0001.84,-0013.78
+1580602929.09,-0001.95,-0010.74,-0024.41,+0002.68,-0005.36,-0006.81
+1580602929.10,+0009.77,-0010.74,-0024.41,-0001.68,-0003.45,-0012.48
+1580602929.10,+0001.95,-0009.77,-0022.46,-0004.59,-0000.31,-0009.19
+1580602929.11,+0000.98,-0008.79,-0020.51,+0004.21,-0005.67,-0004.44
+1580602929.11,+0010.74,-0004.88,-0018.55,+0002.30,+0003.83,-0014.09
+1580602929.12,+0000.98,-0006.84,-0016.60,-0004.29,-0000.54,-0002.68
+1580602929.12,+0000.00,-0005.86,-0014.65,-0002.07,-0001.84,-0007.96
+1580602929.13,-0000.98,-0005.86,-0014.65,-0000.08,+0003.98,-0010.41
+1580602929.13,+0000.00,-0003.91,-0014.65,+0000.92,+0000.92,-0006.89
+1580602929.14,-0003.91,-0005.86,-0013.67,+0003.45,+0000.92,-0009.03
+1580602929.14,-0003.91,-0004.88,-0011.72,+0000.31,-0000.08,-0010.72
+1580602929.15,-0002.93,-0003.91,-0010.74,-0000.77,+0000.00,-0010.95
+1580602929.15,-0003.91,-0003.91,-0010.74,+0000.08,+0000.84,-0009.80
+1580602929.16,-0005.86,-0004.88,-0010.74,+0000.84,-0000.61,-0007.35
+1580602929.16,-0002.93,-0003.91,-0010.74,-0000.92,-0000.92,-0009.95
+1580602929.17,-0002.93,-0005.86,-0011.72,-0002.07,+0001.84,-0008.50
+1580602929.17,-0004.88,-0004.88,-0010.74,+0000.00,-0001.68,-0012.86
+1580602929.18,+0000.00,-0004.88,-0009.77,+0002.60,+0003.29,-0011.71
+1580602929.18,-0004.88,-0003.91,-0009.77,-0001.68,-0000.31,-0013.25
+1580602929.19,-0001.95,-0004.88,-0007.81,+0001.68,+0000.77,-0011.33
+1580602929.19,+0000.98,-0003.91,-0007.81,-0001.23,-0004.06,-0010.34
+1580602929.20,+0002.93,-0004.88,-0006.84,+0003.98,+0001.91,-0012.79
+1580602929.20,+0000.00,-0003.91,-0006.84,-0003.29,-0001.30,-0012.63
+1580602929.21,+0006.84,-0003.91,-0004.88,+0001.91,-0004.90,-0008.19
+1580602929.21,+0002.93,-0002.93,-0004.88,-0002.76,-0004.75,-0015.01
+1580602929.22,+0006.84,-0003.91,-0003.91,+0003.90,-0007.43,-0002.37
+1580602929.22,+0011.72,-0001.95,-0004.88,+0001.30,+0006.74,-0017.15
+1580602929.23,+0001.95,-0006.84,-0003.91,+0007.20,+0002.53,-0007.43
+1580602929.23,+0007.81,-0001.95,-0003.91,-0005.21,-0003.83,-0013.02
+1580602929.24,+0007.81,-0007.81,-0003.91,+0002.99,+0000.61,-0002.22
+1580602929.24,+0000.00,-0003.91,-0003.91,+0001.00,+0004.59,-0009.88
+1580602929.25,-0004.88,-0006.84,-0001.95,+0004.36,+0002.14,-0009.57
+1580602929.25,+0001.95,-0003.91,+0000.00,-0000.23,-0004.44,-0010.87
+1580602929.26,+0005.86,-0007.81,+0000.00,+0000.61,-0001.15,-0005.36
+1580602929.26,-0012.70,-0006.84,+0000.00,-0004.67,-0006.58,-0001.23
+1580602929.27,-0004.88,-0007.81,+0001.95,+0007.43,-0002.76,-0011.64
+1580602929.27,+0000.00,-0007.81,+0000.98,-0004.36,-0000.23,-0008.58
+1580602929.28,-0010.74,-0012.70,-0000.98,+0000.08,+0005.36,-0012.56
+1580602929.28,-0006.84,-0011.72,-0001.95,+0001.07,+0001.91,-0015.93
+1580602929.29,-0007.81,-0010.74,-0001.95,-0002.53,-0001.00,-0010.95
+1580602929.29,-0003.91,-0013.67,-0002.93,+0002.45,+0000.15,-0009.49
+1580602929.30,-0006.84,-0013.67,-0001.95,-0000.15,+0000.31,-0013.09
+1580602929.30,-0004.88,-0012.70,-0000.98,+0002.83,-0004.98,-0010.72
+1580602929.31,+0000.00,-0013.67,-0000.98,-0001.15,+0001.07,-0010.18
+1580602929.31,-0008.79,-0013.67,-0000.98,+0002.22,+0001.45,-0011.94
+1580602929.32,-0003.91,-0014.65,+0000.00,+0004.36,+0001.84,-0010.57
+1580602929.32,+0000.98,-0012.70,+0000.00,-0001.00,-0001.23,-0017.23
+1580602929.33,-0000.98,-0014.65,+0000.98,-0001.30,-0004.29,-0002.53
+1580602929.33,+0001.95,-0012.70,+0000.98,-0002.60,-0001.61,-0010.87
+1580602929.34,-0003.91,-0014.65,+0001.95,+0002.45,+0000.31,-0009.19
+1580602929.34,+0003.91,-0011.72,+0001.95,-0002.07,-0001.53,-0012.56
+1580602929.35,+0001.95,-0014.65,+0001.95,+0002.22,+0001.45,-0015.70
+1580602929.35,+0001.95,-0014.65,+0002.93,+0004.21,+0000.54,-0012.56
+1580602929.36,+0002.93,-0013.67,+0003.91,-0000.38,+0001.30,-0008.19
+1580602929.36,-0000.98,-0013.67,+0005.86,+0005.82,-0001.99,-0011.79
+1580602929.37,+0005.86,-0012.70,+0007.81,-0000.84,-0006.81,+0000.84
+1580602929.37,+0000.98,-0013.67,+0007.81,-0001.68,+0003.06,-0009.11
+1580602929.38,-0006.84,-0014.65,+0007.81,-0000.15,-0004.75,-0000.92
+1580602929.38,+0002.93,-0012.70,+0008.79,+0006.20,+0003.83,-0019.45
+1580602929.39,-0000.98,-0015.62,+0010.74,+0004.36,+0006.35,-0012.25
+1580602929.39,-0003.91,-0013.67,+0010.74,-0004.98,-0008.80,-0000.69
+1580602929.40,-0003.91,-0013.67,+0011.72,+0008.88,+0010.03,-0021.44
+1580602929.40,-0006.84,-0012.70,+0011.72,-0007.04,-0007.20,-0004.21
+1580602929.41,-0000.98,-0011.72,+0011.72,-0001.00,-0008.50,-0001.53
+1580602929.41,-0001.95,-0013.67,+0012.70,+0005.05,+0008.80,-0014.16
+1580602929.42,-0009.77,-0011.72,+0012.70,-0004.75,-0005.05,-0002.14
+1580602929.42,-0004.88,-0010.74,+0013.67,+0001.00,-0003.83,-0009.65
+1580602929.43,-0000.98,-0010.74,+0014.65,-0001.99,-0000.77,-0006.51
+1580602929.43,-0004.88,-0010.74,+0014.65,+0004.36,+0004.21,-0015.54
+1580602929.44,-0011.72,-0009.77,+0014.65,-0005.44,-0001.07,-0008.04
+1580602929.44,-0000.98,-0007.81,+0015.62,+0001.07,-0000.54,-0016.77
+1580602929.45,+0000.00,-0009.77,+0016.60,-0001.76,-0001.53,-0005.36
+1580602929.45,-0003.91,-0005.86,+0016.60,+0005.51,+0001.00,-0020.60
+1580602929.46,+0007.81,-0005.86,+0016.60,+0009.42,+0011.79,-0027.95
+1580602929.46,-0007.81,-0002.93,+0016.60,-0011.48,-0009.57,+0000.23
+1580602929.47,+0006.84,-0002.93,+0018.55,+0017.23,-0001.68,-0015.01
+1580602929.47,+0009.77,-0000.98,+0018.55,-0005.21,-0001.30,-0008.73
+1580602929.48,-0001.95,-0001.95,+0021.48,+0000.31,-0004.67,-0000.77
+1580602929.48,+0004.88,+0003.91,+0021.48,+0005.13,-0000.69,-0017.99
+1580602929.49,+0006.84,+0000.98,+0023.44,-0000.15,-0002.68,-0003.90
+1580602929.49,+0004.88,+0004.88,+0022.46,-0000.69,+0001.68,-0012.02
+1580602929.50,-0006.84,+0002.93,+0023.44,+0003.68,-0003.37,-0000.61
+1580602929.50,+0002.93,+0006.84,+0024.41,+0004.75,+0003.75,-0019.45
+1580602929.51,+0000.00,+0004.88,+0024.41,-0001.76,-0003.22,-0008.80
+1580602929.51,-0000.98,+0006.84,+0025.39,-0002.30,-0004.06,-0006.51
+1580602929.52,-0001.95,+0006.84,+0025.39,+0005.67,+0007.58,-0016.15
+1580602929.52,-0007.81,+0008.79,+0025.39,-0003.75,-0003.75,-0010.18
+1580602929.53,+0001.95,+0008.79,+0025.39,-0000.08,+0003.68,-0011.33
+1580602929.53,-0006.84,+0008.79,+0025.39,-0002.30,+0001.00,-0007.43
+1580602929.54,-0009.77,+0009.77,+0025.39,+0003.83,-0001.07,-0011.10
+1580602929.54,-0000.98,+0010.74,+0024.41,-0004.13,-0005.59,-0007.66
+1580602929.55,-0003.91,+0009.77,+0022.46,-0004.75,-0002.07,-0009.88
+1580602929.55,-0005.86,+0007.81,+0021.48,+0001.99,-0003.98,-0008.88
+1580602929.56,+0000.00,+0010.74,+0021.48,+0000.46,-0005.13,-0012.40
+1580602929.56,+0006.84,+0008.79,+0020.51,+0001.07,+0002.99,-0008.73
+1580602929.57,-0002.93,+0008.79,+0019.53,+0001.15,-0003.90,-0007.50
+1580602929.57,+0004.88,+0011.72,+0019.53,+0004.59,+0002.60,-0019.60
+1580602929.58,+0004.88,+0009.77,+0019.53,-0006.20,-0007.66,-0011.94
+1580602929.58,+0017.58,+0011.72,+0018.55,-0001.00,+0000.08,-0010.26
+1580602929.59,+0000.00,+0009.77,+0017.58,+0000.31,-0000.08,-0010.41
+1580602929.59,+0006.84,+0013.67,+0018.55,+0000.38,-0002.68,-0008.50
+1580602929.60,+0014.65,+0010.74,+0016.60,+0000.61,-0002.30,-0018.68
+1580602929.60,+0012.70,+0009.77,+0014.65,+0000.00,-0002.45,-0006.58
+1580602929.61,+0008.79,+0010.74,+0013.67,-0001.68,+0003.37,-0011.18
+1580602929.61,+0004.88,+0009.77,+0014.65,-0001.23,-0006.51,-0000.69
+1580602929.62,+0008.79,+0011.72,+0013.67,-0005.05,-0004.29,-0002.45
+1580602929.62,+0006.84,+0007.81,+0011.72,+0004.98,-0000.69,+0007.81
+1580602929.63,+0001.95,+0010.74,+0010.74,+0001.68,+0010.64,-0015.01
+1580602929.63,-0011.72,+0005.86,+0011.72,-0007.81,-0002.76,-0006.51
+1580602929.64,+0002.93,+0010.74,+0010.74,-0006.43,-0001.23,-0012.86
+1580602929.64,-0000.98,+0001.95,+0007.81,+0000.46,+0006.81,-0012.86
+1580602929.65,-0008.79,+0004.88,+0006.84,-0006.35,-0005.21,-0000.23
+1580602929.65,-0008.79,+0003.91,+0004.88,-0006.35,-0001.38,-0006.43
+1580602929.66,-0013.67,+0000.98,+0002.93,+0001.30,+0003.83,-0013.09
+1580602929.66,-0009.77,+0000.98,+0000.98,-0004.52,-0002.14,-0007.81
+1580602929.67,-0010.74,-0000.98,+0000.00,-0003.98,+0005.51,-0010.72
+1580602929.67,-0015.62,-0000.98,-0000.98,-0002.60,-0001.68,-0009.26
+1580602929.68,-0006.84,-0000.98,-0001.95,+0002.07,-0001.07,-0012.86
+1580602929.68,-0006.84,-0001.95,-0001.95,-0006.35,-0002.07,-0013.86
+1580602929.69,-0004.88,-0001.95,-0002.93,-0003.14,-0000.08,-0015.39
+1580602929.69,-0007.81,-0001.95,-0003.91,-0001.76,-0001.91,-0014.93
+1580602929.70,-0000.98,-0001.95,-0004.88,-0002.37,-0007.50,-0010.11
+1580602929.70,+0005.86,-0001.95,-0004.88,-0000.69,+0004.82,-0017.92
+1580602929.71,+0001.95,-0001.95,-0005.86,+0001.68,+0001.00,-0013.09
+1580602929.71,+0003.91,+0000.98,-0005.86,-0001.76,-0005.13,-0009.72
+1580602929.72,+0005.86,-0000.98,-0004.88,+0000.08,+0002.91,-0016.46
+1580602929.72,+0005.86,+0001.95,-0003.91,+0002.30,+0000.38,-0010.41
+1580602929.73,+0008.79,+0002.93,-0002.93,+0003.29,-0000.46,-0013.86
+1580602929.73,+0006.84,+0002.93,-0001.95,-0004.75,-0006.35,+0000.00
+1580602929.74,+0008.79,+0004.88,+0000.00,+0009.03,+0009.49,-0011.41
+1580602929.74,+0000.00,+0003.91,+0000.98,+0006.35,+0001.30,-0007.04
+1580602929.75,+0000.98,+0007.81,+0000.98,+0000.84,-0000.15,-0005.67
+1580602929.75,+0000.98,+0003.91,+0000.98,-0000.46,+0001.30,-0008.58
+1580602929.76,-0001.95,+0005.86,+0000.98,+0000.92,+0003.14,-0006.89
+1580602929.76,+0000.00,+0005.86,+0001.95,+0003.83,+0003.29,-0011.71
+1580602929.77,-0002.93,+0006.84,+0001.95,-0003.75,-0003.98,-0003.45
+1580602929.77,-0000.98,+0005.86,+0001.95,+0004.06,+0002.83,-0012.48
+1580602929.78,-0007.81,+0006.84,+0001.95,+0000.69,+0005.13,-0016.15
+1580602929.78,-0012.70,+0006.84,-0000.98,-0001.53,-0003.90,-0013.48
+1580602929.79,-0000.98,+0005.86,-0000.98,+0003.68,+0000.23,-0016.23
+1580602929.79,-0002.93,+0005.86,-0000.98,-0002.14,+0003.75,-0015.47
+1580602929.80,-0001.95,+0004.88,-0000.98,+0002.60,-0001.07,-0003.90
+1580602929.80,-0000.98,+0008.79,-0000.98,-0000.23,+0003.60,-0014.39
+1580602929.81,-0010.74,+0006.84,+0000.00,-0000.77,-0002.30,-0006.81
+1580602929.81,+0007.81,+0009.77,-0000.98,-0002.68,-0001.84,-0009.26
+1580602929.82,+0006.84,+0006.84,-0001.95,+0001.30,-0000.15,-0005.82
+1580602929.82,-0004.88,+0008.79,-0002.93,-0000.54,+0001.61,-0009.80
+1580602929.83,-0000.98,+0008.79,-0002.93,-0000.69,-0005.28,-0014.01
+1580602929.83,+0008.79,+0010.74,-0001.95,-0001.68,-0003.98,-0004.36
+1580602929.84,+0008.79,+0008.79,-0001.95,+0001.30,+0004.67,-0016.38
+1580602929.84,-0004.88,+0010.74,-0001.95,-0002.68,-0001.23,-0011.03
+1580602929.85,+0004.88,+0012.70,+0000.00,+0000.23,+0002.37,-0016.08
+1580602929.85,+0006.84,+0010.74,-0000.98,-0002.91,-0000.77,-0004.82
+1580602929.86,+0002.93,+0011.72,-0001.95,-0000.15,+0004.36,-0009.65
+1580602929.86,-0003.91,+0010.74,-0000.98,-0005.44,-0003.52,-0004.52
+1580602929.87,-0001.95,+0012.70,-0001.95,-0001.91,-0000.23,-0007.89
+1580602929.87,-0003.91,+0009.77,-0002.93,-0000.23,+0001.99,-0016.38
+1580602929.88,+0007.81,+0008.79,-0002.93,-0004.52,-0010.34,+0007.66
+1580602929.88,-0006.84,+0010.74,-0004.88,-0009.26,-0003.37,-0001.76
+1580602929.89,-0015.62,+0008.79,-0001.95,+0008.73,-0000.69,-0007.73
+1580602929.89,+0000.98,+0010.74,-0003.91,-0005.74,-0001.23,-0021.67
+1580602929.90,-0001.95,+0005.86,-0003.91,+0001.15,-0000.77,-0004.44
+1580602929.90,-0004.88,+0006.84,-0004.88,+0002.07,-0001.45,+0001.91
+1580602929.91,-0002.93,+0008.79,-0006.84,+0002.14,+0003.68,-0019.06
+1580602929.91,-0012.70,+0005.86,-0006.84,-0004.90,-0006.58,+0000.77
+1580602929.92,-0001.95,+0007.81,-0007.81,-0010.64,-0013.86,+0003.22
+1580602929.92,+0007.81,+0002.93,-0008.79,+0007.81,+0015.70,-0023.89
+1580602929.93,-0013.67,+0005.86,-0010.74,-0013.40,-0007.89,-0007.50
+1580602929.93,+0000.00,+0006.84,-0009.77,+0012.56,-0000.46,-0010.87
+1580602929.94,+0000.00,+0005.86,-0009.77,+0000.77,-0000.08,-0012.17
+1580602929.94,+0001.95,+0003.91,-0007.81,-0001.76,-0003.75,-0000.77
+1580602929.95,+0004.88,+0006.84,-0009.77,+0001.76,+0003.45,-0015.31
+1580602929.95,-0002.93,+0005.86,-0008.79,-0005.44,-0003.14,-0007.27
+1580602929.96,+0008.79,+0007.81,-0008.79,-0001.76,+0001.23,-0016.15
+1580602929.96,+0002.93,+0003.91,-0008.79,-0001.38,-0002.53,-0006.05
+1580602929.97,+0005.86,+0006.84,-0007.81,+0001.99,+0001.30,-0014.47
+1580602929.97,+0007.81,+0003.91,-0008.79,+0002.37,+0003.60,-0015.70
+1580602929.98,+0005.86,+0005.86,-0008.79,-0001.68,-0004.06,-0009.49
+1580602929.98,+0008.79,+0003.91,-0007.81,+0001.00,+0000.31,-0008.80
+1580602929.99,+0003.91,+0005.86,-0006.84,+0003.60,+0000.08,-0008.73
+1580602929.99,+0003.91,+0004.88,-0005.86,+0005.05,+0000.15,-0006.97
+1580602930.00,+0003.91,+0005.86,-0004.88,-0000.84,-0002.37,-0004.06
+1580602930.00,+0000.00,+0004.88,-0004.88,+0002.99,+0003.37,-0008.50
+1580602930.01,-0002.93,+0002.93,-0003.91,+0004.44,+0000.31,-0007.81
+1580602930.01,-0003.91,+0002.93,-0003.91,-0001.68,+0002.60,-0013.78
+1580602930.02,-0006.84,+0000.98,-0003.91,-0001.76,-0001.76,-0011.18
+1580602930.02,-0000.98,+0000.00,-0003.91,-0000.08,+0002.68,-0012.79
+1580602930.03,-0003.91,-0001.95,-0004.88,-0002.14,+0000.54,-0006.58
+1580602930.03,-0006.84,-0002.93,-0005.86,-0000.15,-0000.69,-0012.25
+1580602930.04,-0004.88,-0005.86,-0006.84,-0000.08,-0004.67,-0014.01
+1580602930.04,+0004.88,-0005.86,-0006.84,-0000.84,+0002.14,-0013.09
+1580602930.05,-0010.74,-0007.81,-0008.79,-0003.14,-0002.91,-0008.19
+1580602930.05,-0002.93,-0007.81,-0007.81,+0001.45,-0001.15,-0012.17
+1580602930.06,+0001.95,-0008.79,-0008.79,-0002.60,-0002.99,-0012.10
+1580602930.06,-0001.95,-0008.79,-0008.79,-0005.97,-0008.27,-0000.92
+1580602930.07,+0003.91,-0008.79,-0008.79,+0002.68,+0007.58,-0020.83
+1580602930.07,-0003.91,-0009.77,-0008.79,-0007.50,-0006.12,-0004.44
+1580602930.08,+0004.88,-0008.79,-0009.77,-0002.83,-0001.68,-0012.48
+1580602930.08,+0003.91,-0011.72,-0009.77,+0001.61,+0002.30,-0016.31
+1580602930.09,+0004.88,-0010.74,-0009.77,-0002.37,-0006.43,-0008.65
+1580602930.09,+0011.72,-0013.67,-0010.74,+0000.38,+0001.99,-0008.96
+1580602930.10,-0001.95,-0010.74,-0009.77,-0003.22,-0005.13,-0005.67
+1580602930.10,+0011.72,-0009.77,-0009.77,+0004.06,-0003.52,-0018.83
+1580602930.11,+0014.65,-0011.72,-0010.74,-0002.68,+0004.44,-0001.30
+1580602930.11,-0003.91,-0011.72,-0008.79,-0001.30,+0002.07,-0001.45
+1580602930.12,-0002.93,-0009.77,-0007.81,+0002.37,+0002.37,-0016.46
+1580602930.12,+0003.91,-0010.74,-0006.84,-0002.30,-0006.43,-0002.83
+1580602930.13,+0008.79,-0009.77,-0006.84,+0001.53,+0007.96,-0011.56
+1580602930.13,-0009.77,-0013.67,-0006.84,+0007.35,+0000.00,-0003.22
+1580602930.14,-0004.88,-0007.81,-0006.84,-0006.20,-0001.15,-0015.39
+1580602930.14,-0001.95,-0013.67,-0007.81,+0004.29,+0000.69,-0007.12
+1580602930.15,-0003.91,-0013.67,-0008.79,-0001.76,+0000.69,-0009.95
+1580602930.15,-0009.77,-0015.62,-0008.79,+0003.98,+0000.38,-0007.20
+1580602930.16,-0012.70,-0011.72,-0006.84,-0001.07,-0000.15,-0014.93
+1580602930.16,-0001.95,-0013.67,-0006.84,+0002.53,-0003.60,-0007.20
+1580602930.17,-0004.88,-0011.72,-0007.81,-0004.59,-0000.54,-0008.88
+1580602930.17,-0007.81,-0012.70,-0007.81,+0004.36,-0002.60,-0012.56
+1580602930.18,-0002.93,-0010.74,-0007.81,-0003.90,-0002.22,-0007.20
+1580602930.18,-0007.81,-0010.74,-0006.84,+0001.61,+0004.90,-0018.68
+1580602930.19,+0000.98,-0009.77,-0005.86,+0000.77,+0000.08,-0013.48
+1580602930.19,-0000.98,-0008.79,-0006.84,-0005.05,+0000.00,-0016.23
+1580602930.20,+0000.00,-0009.77,-0007.81,-0001.91,-0004.67,-0002.99
+1580602930.20,-0001.95,-0007.81,-0007.81,-0002.68,-0003.06,-0004.21
+1580602930.21,-0000.98,-0008.79,-0006.84,+0004.52,+0002.07,-0019.91
+1580602930.21,+0002.93,-0007.81,-0005.86,-0008.12,-0008.50,-0004.21
+1580602930.22,+0010.74,-0004.88,-0004.88,+0008.96,+0003.60,-0015.47
+1580602930.22,+0000.98,-0005.86,-0003.91,+0005.90,-0008.58,-0001.30
+1580602930.23,+0010.74,-0000.98,-0001.95,+0000.92,+0009.57,-0016.61
+1580602930.23,+0002.93,-0002.93,-0000.98,-0005.90,-0006.97,-0003.52
+1580602930.24,+0007.81,+0000.98,+0000.98,-0002.30,+0002.53,-0007.73
+1580602930.24,+0000.00,-0000.98,-0000.98,-0001.45,+0003.06,-0009.95
+1580602930.25,-0005.86,+0001.95,+0000.98,+0002.60,-0003.22,-0008.65
+1580602930.25,+0003.91,+0000.98,+0000.00,+0003.37,+0002.45,-0010.41
+1580602930.26,-0008.79,-0000.98,+0000.00,-0001.84,-0009.72,+0011.18
+1580602930.26,+0003.91,+0003.91,+0000.98,+0002.99,+0013.70,-0028.25
+1580602930.27,-0014.65,-0000.98,+0000.00,-0006.97,-0006.81,+0000.38
+1580602930.27,-0004.88,+0003.91,+0003.91,-0012.48,+0001.91,-0011.25
+1580602930.28,-0001.95,+0000.00,+0001.95,-0000.46,-0008.73,+0002.99
+1580602930.28,-0004.88,+0001.95,+0001.95,+0001.45,+0012.25,-0009.42
+1580602930.29,-0015.62,+0000.98,+0000.00,-0005.97,-0006.51,-0006.66
+1580602930.29,-0003.91,+0001.95,+0000.00,+0004.67,-0004.59,-0013.86
+1580602930.30,+0002.93,+0000.98,-0000.98,-0005.28,+0001.38,-0007.20
+1580602930.30,-0009.77,+0001.95,-0000.98,+0004.44,+0003.52,-0014.32
+1580602930.31,-0007.81,+0002.93,-0000.98,+0003.06,-0002.22,-0019.60
+1580602930.31,+0005.86,+0002.93,+0000.00,-0001.38,-0004.06,-0006.05
+1580602930.32,+0002.93,+0000.98,-0001.95,+0003.22,+0006.12,-0015.39
+1580602930.32,-0007.81,+0002.93,-0001.95,-0005.90,-0005.74,-0009.34
+1580602930.33,+0017.58,+0004.88,-0002.93,+0003.06,+0009.42,-0026.41
+1580602930.33,-0005.86,+0001.95,-0002.93,-0007.73,-0004.13,-0004.29
+1580602930.34,+0002.93,+0005.86,+0000.00,+0009.19,-0002.91,-0016.15
+1580602930.34,+0014.65,+0000.98,-0002.93,-0007.89,-0000.31,-0012.10
+1580602930.35,-0001.95,+0004.88,-0001.95,-0004.44,-0004.21,-0008.58
+1580602930.35,+0004.88,+0004.88,-0000.98,+0004.75,-0007.12,-0006.89
+1580602930.36,+0008.79,+0002.93,-0000.98,-0000.31,+0006.05,-0010.03
+1580602930.36,-0006.84,+0004.88,+0000.00,+0002.91,+0001.84,-0003.37
+1580602930.37,+0001.95,+0006.84,+0000.00,-0002.68,-0003.37,-0010.72
+1580602930.37,+0005.86,+0002.93,-0000.98,-0000.46,+0001.68,-0002.60
+1580602930.38,-0004.88,+0003.91,-0000.98,+0002.76,+0003.52,-0009.88
+1580602930.38,-0004.88,+0001.95,-0000.98,+0003.14,+0002.30,-0007.58
+1580602930.39,-0007.81,+0003.91,-0001.95,-0004.36,+0001.61,-0012.86
+1580602930.39,-0007.81,+0000.00,-0001.95,+0001.61,-0001.76,-0005.74
+1580602930.40,-0007.81,+0000.98,-0001.95,-0005.97,-0004.98,-0014.55
+1580602930.40,-0007.81,-0002.93,-0002.93,+0003.90,+0003.90,-0020.14
+1580602930.41,-0005.86,-0001.95,-0004.88,-0004.67,-0000.31,-0011.56
+1580602930.41,-0002.93,-0005.86,-0006.84,-0002.45,-0005.51,-0007.89
+1580602930.42,-0006.84,-0003.91,-0006.84,-0009.72,-0009.11,-0000.84
+1580602930.42,+0001.95,-0005.86,-0005.86,+0009.19,+0004.90,-0010.03
+1580602930.43,-0001.95,-0002.93,-0005.86,-0008.27,-0003.45,-0010.18
+1580602930.43,+0003.91,-0005.86,-0005.86,-0005.82,+0002.14,-0016.84
+1580602930.44,+0002.93,-0004.88,-0007.81,-0006.97,-0007.50,-0008.96
+1580602930.44,+0005.86,-0007.81,-0007.81,+0004.82,+0005.51,-0016.31
+1580602930.45,+0006.84,-0005.86,-0009.77,-0005.82,-0007.73,-0012.33
+1580602930.45,+0009.77,-0006.84,-0008.79,+0001.00,-0004.13,-0007.58
+1580602930.46,+0010.74,-0006.84,-0008.79,-0001.07,+0003.60,-0013.48
+1580602930.46,+0003.91,-0006.84,-0008.79,-0000.54,+0001.15,-0011.79
+1580602930.47,+0014.65,-0006.84,-0008.79,+0003.37,+0005.21,-0014.16
+1580602930.47,+0003.91,-0007.81,-0008.79,-0005.90,-0001.23,-0007.58
+1580602930.48,+0002.93,-0009.77,-0007.81,+0004.75,-0000.92,-0007.04
+1580602930.48,+0007.81,-0006.84,-0007.81,-0001.68,-0003.06,-0007.73
+1580602930.49,-0001.95,-0008.79,-0006.84,-0003.45,-0005.51,-0007.43
+1580602930.49,+0000.00,-0011.72,-0005.86,+0007.66,+0001.30,-0006.58
+1580602930.50,+0000.00,-0008.79,-0006.84,-0002.07,+0001.00,-0014.39
+1580602930.50,-0000.98,-0014.65,-0007.81,+0008.04,+0006.58,-0017.92
+1580602930.51,-0009.77,-0012.70,-0007.81,-0010.87,-0006.66,+0002.76
+1580602930.51,-0002.93,-0012.70,-0006.84,+0008.96,+0006.35,-0020.98
+1580602930.52,-0002.93,-0014.65,-0006.84,-0009.34,-0008.04,+0002.45
+1580602930.52,-0002.93,-0015.62,-0006.84,-0005.44,+0000.77,-0008.27
+1580602930.53,-0007.81,-0015.62,-0006.84,-0001.07,-0004.13,-0007.73
+1580602930.53,-0000.98,-0014.65,-0007.81,+0001.61,+0001.38,-0013.70
+1580602930.54,+0000.00,-0017.58,-0008.79,-0004.29,-0003.45,-0006.74
+1580602930.54,-0006.84,-0017.58,-0007.81,+0001.30,+0000.38,-0013.32
+1580602930.55,-0006.84,-0015.62,-0005.86,+0000.84,-0001.30,-0014.93
+1580602930.55,+0001.95,-0014.65,-0004.88,+0003.06,-0001.38,-0013.70
+1580602930.56,+0000.00,-0015.62,-0004.88,-0000.23,+0001.45,-0012.33
+1580602930.56,-0006.84,-0015.62,-0004.88,-0002.07,-0003.60,-0010.26
+1580602930.57,+0000.00,-0014.65,-0004.88,+0001.45,+0002.14,-0013.02
+1580602930.57,+0000.00,-0014.65,-0004.88,-0001.91,-0001.76,-0011.41
+1580602930.58,+0000.98,-0013.67,-0003.91,+0001.23,-0000.61,-0009.26
+1580602930.58,-0001.95,-0013.67,-0002.93,+0000.38,-0000.46,-0009.11
+1580602930.59,-0001.95,-0011.72,-0000.98,+0003.14,-0000.77,-0015.01
+1580602930.59,+0004.88,-0010.74,-0000.98,+0003.06,+0003.98,-0016.00
+1580602930.60,+0000.00,-0010.74,-0000.98,-0004.29,-0004.52,-0006.51
+1580602930.60,+0006.84,-0009.77,+0000.00,+0004.59,-0001.38,-0008.19
+1580602930.61,+0003.91,-0009.77,+0000.98,-0000.61,-0000.15,-0006.74
+1580602930.61,-0001.95,-0008.79,+0002.93,+0003.06,-0001.91,+0000.08
+1580602930.62,+0003.91,-0006.84,+0004.88,+0001.68,+0002.14,-0003.75
+1580602930.62,-0006.84,-0006.84,+0006.84,+0000.84,+0000.77,-0007.81
+1580602930.63,-0003.91,-0006.84,+0008.79,+0001.76,+0002.14,-0016.31
+1580602930.63,-0003.91,-0005.86,+0009.77,+0000.38,-0000.31,-0011.18
+1580602930.64,-0004.88,-0005.86,+0011.72,+0003.68,+0003.90,-0014.24
+1580602930.64,-0008.79,-0004.88,+0011.72,-0003.60,-0000.31,-0013.09
+1580602930.65,-0004.88,-0004.88,+0011.72,+0003.14,+0004.13,-0015.16
+1580602930.65,-0008.79,-0003.91,+0011.72,-0001.07,-0004.67,-0007.50
+1580602930.66,-0004.88,-0002.93,+0012.70,+0004.44,+0001.15,-0014.62
+1580602930.66,-0000.98,-0001.95,+0012.70,+0003.83,-0002.07,-0007.96
+1580602930.67,+0000.00,-0000.98,+0014.65,+0003.14,+0003.22,-0011.71
+1580602930.67,-0008.79,-0000.98,+0014.65,-0002.60,-0002.60,-0007.58
+1580602930.68,-0004.88,+0000.98,+0015.62,+0004.59,+0002.53,-0011.71
+1580602930.68,+0001.95,+0000.98,+0016.60,+0006.74,+0008.58,-0012.33
+1580602930.69,-0000.98,+0003.91,+0015.62,-0002.68,-0003.22,-0011.87
+1580602930.69,+0000.98,+0001.95,+0016.60,+0003.14,-0001.38,-0007.89
+1580602930.70,+0001.95,+0006.84,+0016.60,+0004.98,-0001.91,-0014.09
+1580602930.70,+0001.95,+0004.88,+0018.55,+0002.68,-0002.68,-0006.97
+1580602930.71,+0008.79,+0009.77,+0020.51,+0003.29,-0000.61,-0016.77
+1580602930.71,+0006.84,+0008.79,+0022.46,-0000.61,-0003.75,-0002.22
+1580602930.72,+0001.95,+0011.72,+0022.46,-0000.31,-0003.68,-0007.89
+1580602930.72,+0006.84,+0010.74,+0022.46,+0003.22,+0000.46,-0012.48
+1580602930.73,+0007.81,+0013.67,+0023.44,+0000.38,-0000.69,-0014.55
+1580602930.73,+0009.77,+0010.74,+0024.41,+0000.31,-0002.53,+0000.84
+1580602930.74,-0001.95,+0013.67,+0024.41,-0008.19,-0005.82,-0002.76
+1580602930.74,+0001.95,+0014.65,+0024.41,+0012.63,+0002.91,-0005.82
+1580602930.75,+0002.93,+0016.60,+0022.46,-0004.06,+0000.46,-0018.22
+1580602930.75,+0005.86,+0011.72,+0023.44,+0003.60,+0001.53,-0009.57
+1580602930.76,-0001.95,+0015.62,+0023.44,-0003.75,+0000.77,-0006.20
+1580602930.76,-0007.81,+0013.67,+0022.46,+0003.52,-0000.84,-0007.12
+1580602930.77,+0003.91,+0015.62,+0022.46,-0000.84,-0004.75,-0005.59
+1580602930.77,-0006.84,+0014.65,+0021.48,-0000.31,-0000.46,-0006.43
+1580602930.78,-0007.81,+0013.67,+0019.53,+0001.68,-0000.15,-0007.27
+1580602930.78,-0005.86,+0013.67,+0018.55,-0000.15,+0004.44,-0014.09
+1580602930.79,-0010.74,+0013.67,+0019.53,+0002.45,-0004.13,-0007.12
+1580602930.79,-0001.95,+0014.65,+0017.58,+0000.54,+0003.83,-0018.76
+1580602930.80,-0010.74,+0012.70,+0016.60,-0003.98,-0001.07,-0013.32
+1580602930.80,-0002.93,+0014.65,+0016.60,+0004.67,-0002.07,-0013.55
+1580602930.81,+0000.00,+0013.67,+0015.62,+0000.46,+0001.23,-0012.63
+1580602930.81,-0002.93,+0014.65,+0013.67,-0001.38,-0001.00,-0008.73
+1580602930.82,-0000.98,+0014.65,+0011.72,-0000.69,-0000.08,-0016.08
+1580602930.82,+0004.88,+0013.67,+0010.74,+0000.92,+0001.38,-0012.33
+1580602930.83,+0007.81,+0014.65,+0009.77,-0002.91,-0001.53,-0009.11
+1580602930.83,+0003.91,+0014.65,+0009.77,+0003.83,-0005.59,-0009.11
+1580602930.84,+0011.72,+0017.58,+0009.77,+0000.46,-0000.23,-0010.26
+1580602930.84,+0009.77,+0016.60,+0009.77,-0000.84,-0004.82,-0003.14
+1580602930.85,+0011.72,+0017.58,+0009.77,+0000.46,+0005.13,-0011.18
+1580602930.85,+0001.95,+0016.60,+0009.77,-0001.30,-0003.68,-0005.05
+1580602930.86,+0007.81,+0017.58,+0010.74,-0001.07,-0000.84,-0006.35
+1580602930.86,+0007.81,+0016.60,+0009.77,-0001.84,+0005.59,-0002.53
+1580602930.87,-0005.86,+0016.60,+0007.81,-0000.69,+0003.90,-0010.64
+1580602930.87,-0004.88,+0014.65,+0006.84,-0005.21,-0001.45,-0004.44
+1580602930.88,-0003.91,+0015.62,+0006.84,-0006.05,+0001.84,-0010.87
+1580602930.88,-0006.84,+0011.72,+0005.86,+0004.36,+0001.23,-0011.33
+1580602930.89,-0005.86,+0013.67,+0004.88,-0004.13,+0002.76,-0013.70
+1580602930.89,-0005.86,+0010.74,+0002.93,-0002.91,-0003.14,-0009.49
+1580602930.90,-0006.84,+0009.77,+0000.98,-0001.99,-0004.21,-0006.20
+1580602930.90,-0005.86,+0008.79,+0000.00,+0000.61,+0005.59,-0010.41
+1580602930.91,-0008.79,+0008.79,-0000.98,-0002.45,-0004.98,-0005.82
+1580602930.91,-0000.98,+0007.81,-0001.95,+0000.23,-0002.83,-0003.75
+1580602930.92,+0001.95,+0006.84,-0002.93,-0003.52,+0005.05,-0015.77
+1580602930.92,-0010.74,+0006.84,-0003.91,-0001.91,-0001.91,-0011.71
+1580602930.93,+0001.95,+0007.81,-0003.91,-0000.61,-0004.06,-0014.93
+1580602930.93,+0008.79,+0007.81,-0005.86,-0004.98,-0001.61,-0012.86
+1580602930.94,+0005.86,+0006.84,-0006.84,+0001.45,-0002.45,-0006.81
+1580602930.94,-0000.98,+0008.79,-0008.79,-0000.92,+0001.68,-0013.48
+1580602930.95,+0000.00,+0006.84,-0007.81,+0004.52,-0001.61,-0015.08
+1580602930.95,+0007.81,+0008.79,-0006.84,-0004.29,-0002.53,-0003.52
+1580602930.96,+0003.91,+0008.79,-0006.84,+0003.68,+0004.67,-0012.63
+1580602930.96,-0005.86,+0010.74,-0006.84,-0004.75,-0001.45,-0011.48
+1580602930.97,+0005.86,+0010.74,-0006.84,-0002.83,-0001.38,-0011.18
+1580602930.97,+0007.81,+0008.79,-0008.79,-0002.22,+0006.12,-0015.08
+1580602930.98,-0002.93,+0010.74,-0007.81,-0001.91,-0005.28,-0006.89
+1580602930.98,+0003.91,+0011.72,-0008.79,+0000.38,+0002.60,-0009.11
+1580602930.99,+0001.95,+0011.72,-0007.81,-0003.45,-0000.46,-0005.28
+1580602930.99,+0004.88,+0010.74,-0008.79,+0000.77,-0001.00,-0001.99
+1580602931.00,+0001.95,+0010.74,-0008.79,-0000.31,-0003.22,-0006.81
+1580602931.00,+0000.00,+0011.72,-0008.79,-0000.92,-0001.15,-0004.59
+1580602931.01,+0000.00,+0012.70,-0008.79,-0000.77,+0002.68,-0010.95
+1580602931.01,-0000.98,+0012.70,-0007.81,-0000.15,-0004.21,-0004.90
+1580602931.02,+0000.98,+0012.70,-0007.81,-0004.59,-0001.99,-0013.32
+1580602931.02,+0000.00,+0010.74,-0006.84,+0000.23,-0003.29,-0007.89
+1580602931.03,-0000.98,+0013.67,-0007.81,-0000.15,+0003.60,-0016.38
+1580602931.03,-0010.74,+0011.72,-0008.79,-0003.29,+0000.69,-0014.62
+1580602931.04,+0002.93,+0012.70,-0008.79,-0000.77,-0000.15,-0012.94
+1580602931.04,+0000.98,+0009.77,-0010.74,-0000.15,+0004.75,-0011.25
+1580602931.05,-0008.79,+0011.72,-0010.74,-0000.46,-0001.68,-0009.88
+1580602931.05,-0000.98,+0012.70,-0011.72,-0000.54,-0001.15,-0009.34
+1580602931.06,+0004.88,+0010.74,-0011.72,+0001.15,+0001.99,-0006.51
+1580602931.06,-0003.91,+0012.70,-0012.70,-0002.45,-0000.31,-0009.19
+1580602931.07,-0008.79,+0013.67,-0011.72,-0003.29,-0001.38,-0012.71
+1580602931.07,+0006.84,+0013.67,-0012.70,-0000.77,+0001.61,-0007.96
+1580602931.08,+0002.93,+0012.70,-0013.67,+0000.46,+0004.67,-0017.76
+1580602931.08,-0004.88,+0013.67,-0013.67,-0002.14,-0010.34,-0005.28
+1580602931.09,+0005.86,+0015.62,-0013.67,+0003.29,+0007.04,-0023.05
+1580602931.09,+0010.74,+0011.72,-0013.67,+0007.27,+0006.74,-0012.86
+1580602931.10,+0011.72,+0015.62,-0014.65,-0007.35,-0009.65,-0005.59
+1580602931.10,+0007.81,+0013.67,-0015.62,+0002.60,+0004.13,-0008.96
+1580602931.11,+0004.88,+0016.60,-0014.65,-0001.76,-0003.22,-0005.74
+1580602931.11,+0011.72,+0014.65,-0015.62,+0000.54,+0001.61,-0006.51
+1580602931.12,+0007.81,+0015.62,-0015.62,-0004.44,+0000.38,-0003.68
+1580602931.12,+0000.00,+0014.65,-0015.62,+0002.68,+0003.45,-0008.27
+1580602931.13,+0001.95,+0013.67,-0015.62,+0001.61,-0001.38,-0005.74
+1580602931.13,+0002.93,+0013.67,-0016.60,-0000.84,+0005.90,-0011.10
+1580602931.14,-0008.79,+0011.72,-0016.60,-0003.29,-0000.31,-0007.27
+1580602931.14,+0000.00,+0012.70,-0016.60,-0002.68,+0004.29,-0017.38
+1580602931.15,-0004.88,+0009.77,-0016.60,-0004.29,-0001.68,-0009.80
+1580602931.15,-0000.98,+0008.79,-0016.60,+0002.91,+0000.77,-0010.72
+1580602931.16,-0005.86,+0008.79,-0017.58,-0003.90,+0002.45,-0013.55
+1580602931.16,-0003.91,+0006.84,-0017.58,-0000.38,-0001.76,-0008.58
+1580602931.17,-0001.95,+0004.88,-0019.53,-0003.98,+0001.15,-0014.39
+1580602931.17,-0005.86,+0003.91,-0020.51,-0001.00,-0001.00,-0008.80
+1580602931.18,+0000.00,+0003.91,-0022.46,-0003.98,-0000.08,-0008.27
+1580602931.18,+0003.91,+0001.95,-0023.44,+0000.23,+0001.07,-0013.02
+1580602931.19,+0000.00,+0000.98,-0023.44,-0004.13,-0004.82,-0003.14
+1580602931.19,+0000.98,+0001.95,-0023.44,+0002.22,+0001.15,-0017.76
+1580602931.20,+0006.84,-0000.98,-0023.44,+0000.08,+0000.46,-0014.62
+1580602931.20,+0007.81,-0001.95,-0025.39,-0004.82,-0002.53,-0007.12
+1580602931.21,+0004.88,-0001.95,-0026.37,-0000.77,+0000.69,-0012.56
+1580602931.21,+0004.88,-0002.93,-0025.39,+0001.99,-0000.84,-0011.18
+1580602931.22,+0008.79,-0003.91,-0025.39,-0002.30,-0005.21,-0004.90
+1580602931.22,+0011.72,-0003.91,-0024.41,-0000.15,+0006.51,-0010.18
+1580602931.23,+0000.00,-0003.91,-0025.39,-0006.51,-0003.60,-0006.81
+1580602931.23,+0008.79,-0003.91,-0026.37,+0001.07,+0001.99,-0009.49
+1580602931.24,+0003.91,-0005.86,-0026.37,-0002.99,+0003.22,-0010.72
+1580602931.24,-0000.98,-0007.81,-0025.39,-0000.31,-0003.29,-0005.51
+1580602931.25,-0000.98,-0006.84,-0025.39,-0004.36,+0002.30,-0014.47
+1580602931.25,-0005.86,-0008.79,-0023.44,-0002.91,-0000.92,-0008.42
+1580602931.26,+0000.00,-0008.79,-0024.41,+0000.23,+0003.37,-0016.77
+1580602931.26,-0004.88,-0011.72,-0024.41,-0006.20,-0003.68,-0010.64
+1580602931.27,-0000.98,-0011.72,-0025.39,-0006.05,+0000.00,-0009.72
+1580602931.27,-0002.93,-0014.65,-0026.37,+0001.61,-0000.84,-0009.03
+1580602931.28,-0001.95,-0014.65,-0025.39,-0000.38,-0004.82,-0002.07
+1580602931.28,-0000.98,-0015.62,-0025.39,-0002.68,-0001.30,-0006.74
+1580602931.29,-0001.95,-0016.60,-0024.41,+0001.07,+0003.90,-0012.40
+1580602931.29,-0003.91,-0016.60,-0024.41,-0001.68,-0003.37,-0011.18
+1580602931.30,-0000.98,-0017.58,-0024.41,+0000.08,-0001.07,-0016.92
+1580602931.30,+0005.86,-0019.53,-0023.44,+0000.69,+0005.74,-0020.14
+1580602931.31,-0004.88,-0019.53,-0024.41,-0004.98,-0005.82,-0009.03
+1580602931.31,+0003.91,-0021.48,-0023.44,+0001.61,-0000.15,-0011.48
+1580602931.32,+0000.00,-0021.48,-0024.41,-0003.06,+0002.07,-0012.10
+1580602931.32,-0003.91,-0021.48,-0023.44,+0001.76,-0001.84,-0011.18
+1580602931.33,+0003.91,-0021.48,-0023.44,-0000.69,-0001.15,-0012.25
+1580602931.33,+0004.88,-0023.44,-0021.48,-0001.00,+0000.23,-0009.80
+1580602931.34,+0001.95,-0023.44,-0020.51,+0000.31,+0003.29,-0014.70
+1580602931.34,-0001.95,-0022.46,-0018.55,-0003.37,-0006.58,-0004.44
+1580602931.35,+0008.79,-0023.44,-0017.58,+0002.53,+0000.61,-0011.10
+1580602931.35,+0003.91,-0023.44,-0018.55,-0001.91,-0000.77,-0005.13
+1580602931.36,-0004.88,-0023.44,-0017.58,-0000.61,-0003.60,-0007.66
+1580602931.36,+0002.93,-0024.41,-0016.60,-0000.84,-0000.15,-0008.96
+1580602931.37,+0006.84,-0025.39,-0014.65,+0001.15,+0001.38,-0005.90
+1580602931.37,-0002.93,-0026.37,-0013.67,+0002.45,-0002.91,-0009.80
+1580602931.38,-0004.88,-0025.39,-0012.70,+0001.99,-0002.30,-0007.04
+1580602931.38,+0000.98,-0025.39,-0011.72,-0000.61,+0003.37,-0009.57
+1580602931.39,-0004.88,-0026.37,-0010.74,+0000.00,+0002.83,-0007.35
+1580602931.39,-0008.79,-0024.41,-0009.77,+0001.15,-0000.54,-0012.71
+1580602931.40,-0004.88,-0025.39,-0007.81,+0003.37,+0001.53,-0013.63
+1580602931.40,-0005.86,-0025.39,-0006.84,-0001.45,+0001.07,-0008.58
+1580602931.41,-0012.70,-0025.39,-0004.88,-0002.91,-0002.91,-0010.26
+1580602931.41,-0006.84,-0025.39,-0003.91,+0005.28,+0003.60,-0018.99
+1580602931.42,-0006.84,-0024.41,-0002.93,-0002.60,-0001.84,-0011.33
+1580602931.42,-0002.93,-0024.41,-0001.95,+0003.98,-0001.23,-0009.49
+1580602931.43,-0004.88,-0023.44,-0001.95,-0000.15,-0000.69,-0010.26
+1580602931.43,-0001.95,-0023.44,-0000.98,+0004.06,-0000.15,-0009.26
