+1580946601.59,+0002.93,-0001.95,-0011.72,+0000.84,-0000.92,-0008.96
+1580946601.60,+0007.81,-0001.95,-0011.72,+0000.38,+0003.83,-0011.64
+1580946601.60,+0000.00,-0003.91,-0009.77,+0003.29,-0001.53,-0011.03
+1580946601.61,+0004.88,-0002.93,-0009.77,-0000.23,-0002.14,-0004.75
+1580946601.61,+0000.00,-0003.91,-0009.77,+0000.61,-0000.15,-0013.70
+1580946601.62,+0001.95,-0002.93,-0008.79,+0003.98,-0004.44,-0004.75
+1580946601.62,+0009.77,-0005.86,-0008.79,-0001.61,+0002.07,-0011.64
+1580946601.63,-0001.95,-0006.84,-0008.79,+0000.54,-0001.07,-0007.89
+1580946601.63,+0000.00,-0004.88,-0009.77,+0000.84,+0000.84,-0013.48
+1580946601.64,+0002.93,-0006.84,-0008.79,-0002.83,+0000.08,-0011.41
+1580946601.64,+0000.98,-0006.84,-0009.77,+0002.60,-0000.54,-0006.58
+1580946601.65,-0003.91,-0007.81,-0009.77,+0000.84,+0000.46,-0005.44
+1580946601.65,-0007.81,-0008.79,-0010.74,+0000.08,-0000.08,-0002.91
+1580946601.66,-0002.93,-0009.77,-0010.74,+0001.99,+0002.07,-0005.67
+1580946601.66,-0009.77,-0010.74,-0011.72,-0001.07,-0001.61,-0010.41
+1580946601.67,-0004.88,-0011.72,-0010.74,+0000.00,+0000.61,-0014.16
+1580946601.67,-0003.91,-0012.70,-0010.74,-0000.38,+0001.76,-0014.01
+1580946601.68,-0005.86,-0012.70,-0011.72,-0001.53,+0000.00,-0012.79
+1580946601.68,-0005.86,-0013.67,-0013.67,-0000.31,-0000.46,-0017.38
+1580946601.69,-0006.84,-0013.67,-0013.67,-0001.07,-0003.68,-0014.62
+1580946601.69,+0002.93,-0013.67,-0012.70,-0000.31,-0001.99,-0007.89
+1580946601.70,-0000.98,-0014.65,-0013.67,-0001.45,-0000.23,-0007.96
+1580946601.70,-0009.77,-0014.65,-0015.62,-0000.61,-0002.99,-0005.13
+1580946601.71,+0005.86,-0013.67,-0015.62,-0000.31,-0001.76,-0002.99
+1580946601.71,+0000.00,-0016.60,-0016.60,-0001.38,+0004.13,-0007.43
+1580946601.72,-0009.77,-0014.65,-0016.60,-0000.31,-0000.84,-0010.57
+1580946601.72,+0000.00,-0015.62,-0015.62,-0000.92,-0001.99,-0011.10
+1580946601.73,+0005.86,-0016.60,-0016.60,-0000.84,+0002.83,-0008.42
+1580946601.73,-0010.74,-0014.65,-0018.55,-0001.99,-0002.53,-0014.01
+1580946601.74,-0008.79,-0015.62,-0017.58,+0003.37,-0001.61,-0015.62
+1580946601.74,+0003.91,-0014.65,-0015.62,-0001.91,+0002.14,-0011.64
+1580946601.75,+0001.95,-0014.65,-0015.62,-0001.38,+0001.84,-0006.35
+1580946601.75,-0011.72,-0015.62,-0018.55,-0001.91,-0000.77,-0014.93
+1580946601.76,-0007.81,-0015.62,-0019.53,+0002.07,-0004.21,-0011.33
+1580946601.76,+0005.86,-0013.67,-0018.55,+0000.46,+0002.45,-0009.88
+1580946601.77,-0004.88,-0013.67,-0018.55,-0000.61,-0002.60,-0003.60
+1580946601.77,-0007.81,-0013.67,-0019.53,+0000.00,+0001.53,-0007.58
+1580946601.78,-0004.88,-0013.67,-0019.53,+0002.99,+0001.15,-0012.17
+1580946601.78,-0003.91,-0009.77,-0017.58,+0001.07,-0001.84,-0010.57
+1580946601.79,+0004.88,-0009.77,-0015.62,-0002.22,+0001.53,-0007.50
+1580946601.79,-0004.88,-0011.72,-0016.60,-0002.83,+0004.36,-0013.09
+1580946601.80,-0009.77,-0008.79,-0017.58,-0001.00,+0000.54,-0013.25
+1580946601.80,-0000.98,-0006.84,-0017.58,+0002.91,-0001.91,-0015.85
+1580946601.81,+0002.93,-0005.86,-0015.62,+0001.00,+0001.99,-0011.41
+1580946601.81,-0002.93,-0005.86,-0015.62,-0002.14,-0001.38,-0012.17
+1580946601.82,-0000.98,-0004.88,-0015.62,-0000.08,-0003.14,-0007.35
+1580946601.82,+0004.88,-0002.93,-0014.65,-0001.53,+0002.14,-0007.89
+1580946601.83,-0001.95,-0000.98,-0015.62,+0000.46,+0001.07,-0003.98
+1580946601.83,-0003.91,+0000.00,-0014.65,+0000.77,+0001.07,-0007.66
+1580946601.84,-0000.98,+0000.98,-0013.67,+0000.31,-0000.61,-0006.05
+1580946601.84,+0001.95,+0003.91,-0012.70,+0000.15,-0002.60,-0005.05
+1580946601.85,+0000.98,+0003.91,-0012.70,+0001.76,-0000.54,-0006.28
+1580946601.85,-0008.79,+0003.91,-0013.67,-0001.61,+0002.53,-0013.70
+1580946601.86,-0005.86,+0006.84,-0012.70,+0001.30,-0000.15,-0014.55
+1580946601.86,+0001.95,+0007.81,-0011.72,-0001.84,+0003.06,-0016.08
+1580946601.87,-0000.98,+0006.84,-0010.74,-0000.92,-0000.23,-0006.58
+1580946601.87,-0008.79,+0005.86,-0012.70,-0001.38,+0003.45,-0012.17
+1580946601.88,-0012.70,+0007.81,-0012.70,+0000.00,-0003.52,-0009.03
+1580946601.88,+0000.98,+0010.74,-0010.74,+0001.30,+0001.84,-0007.81
+1580946601.89,-0001.95,+0008.79,-0010.74,-0003.45,+0001.15,-0006.43
+1580946601.89,-0006.84,+0008.79,-0011.72,-0002.07,-0000.54,-0008.65
+1580946601.90,-0002.93,+0008.79,-0013.67,+0000.84,-0005.44,-0010.03
+1580946601.90,+0006.84,+0010.74,-0013.67,-0001.00,-0001.91,-0005.74
+1580946601.91,+0000.00,+0009.77,-0015.62,-0001.15,+0003.06,-0009.19
+1580946601.91,-0010.74,+0009.77,-0016.60,+0000.38,-0003.37,-0015.24
+1580946601.92,-0001.95,+0011.72,-0015.62,+0000.61,-0000.54,-0016.61
+1580946601.92,+0001.95,+0011.72,-0014.65,-0000.61,+0000.69,-0016.77
+1580946601.93,-0000.98,+0010.74,-0016.60,-0001.00,+0002.07,-0011.79
+1580946601.93,-0009.77,+0008.79,-0018.55,-0003.60,-0001.99,-0009.95
+1580946601.94,-0002.93,+0008.79,-0019.53,+0002.68,-0002.76,-0007.89
+1580946601.94,+0002.93,+0011.72,-0018.55,-0002.76,+0002.53,-0009.95
+1580946601.95,-0000.98,+0009.77,-0018.55,-0001.45,-0001.61,-0006.74
+1580946601.95,-0002.93,+0006.84,-0019.53,-0001.53,+0000.15,-0009.11
+1580946601.96,-0000.98,+0007.81,-0020.51,-0000.15,-0002.14,-0010.18
+1580946601.96,+0002.93,+0008.79,-0020.51,-0002.68,-0000.46,-0011.03
+1580946601.97,+0004.88,+0006.84,-0021.48,+0000.84,-0001.00,-0010.87
+1580946601.97,+0000.98,+0004.88,-0022.46,-0004.67,+0001.91,-0011.25
+1580946601.98,-0006.84,+0003.91,-0024.41,-0001.45,-0001.07,-0013.70
+1580946601.98,+0000.00,+0004.88,-0024.41,+0000.92,-0002.68,-0014.32
+1580946601.99,+0008.79,+0004.88,-0022.46,+0000.46,-0002.07,-0007.96
+1580946601.99,+0002.93,+0003.91,-0024.41,-0000.23,+0001.76,-0007.35
+1580946602.00,-0006.84,+0000.98,-0026.37,+0001.99,-0002.53,-0009.49
+1580946602.00,+0000.98,+0001.95,-0026.37,+0001.45,+0000.61,-0010.80
+1580946602.01,+0006.84,+0002.93,-0024.41,+0001.07,+0000.69,-0010.18
+1580946602.01,+0007.81,+0002.93,-0023.44,-0003.14,-0003.90,-0005.51
+1580946602.02,+0003.91,+0000.00,-0024.41,-0002.37,-0003.45,-0011.48
+1580946602.02,+0000.98,-0000.98,-0025.39,-0000.84,-0002.45,-0011.25
+1580946602.03,+0009.77,+0000.98,-0025.39,+0000.92,-0003.60,-0009.34
+1580946602.03,+0012.70,+0000.00,-0026.37,-0001.76,+0003.60,-0010.57
+1580946602.04,-0001.95,-0001.95,-0028.32,-0003.22,+0000.46,-0014.16
+1580946602.04,+0000.98,-0003.91,-0027.34,+0003.06,-0004.06,-0013.17
+1580946602.05,+0008.79,-0002.93,-0025.39,+0001.00,-0001.53,-0013.40
+1580946602.05,+0005.86,-0001.95,-0023.44,+0000.92,-0001.68,-0003.75
+1580946602.06,-0001.95,-0003.91,-0024.41,-0003.06,+0000.46,-0008.65
+1580946602.06,-0000.98,-0006.84,-0026.37,+0000.84,-0001.38,-0007.66
+1580946602.07,+0005.86,-0006.84,-0025.39,+0002.37,+0002.37,-0011.94
+1580946602.07,+0002.93,-0006.84,-0024.41,-0001.99,-0002.99,-0009.49
+1580946602.08,+0001.95,-0007.81,-0023.44,+0002.99,-0002.07,-0011.18
+1580946602.08,+0000.98,-0010.74,-0023.44,-0002.99,-0001.15,-0011.87
+1580946602.09,+0002.93,-0009.77,-0024.41,-0000.38,-0000.23,-0008.80
+1580946602.09,+0001.95,-0010.74,-0024.41,+0000.92,+0001.00,-0010.11
+1580946602.10,-0001.95,-0011.72,-0024.41,-0001.00,+0000.92,-0012.40
+1580946602.10,+0000.98,-0011.72,-0023.44,+0000.31,-0002.45,-0009.03
+1580946602.11,+0007.81,-0011.72,-0021.48,-0002.37,+0000.84,-0008.96
+1580946602.11,+0000.98,-0013.67,-0021.48,-0001.23,+0001.76,-0008.50
+1580946602.12,-0001.95,-0014.65,-0022.46,+0001.30,-0001.61,-0009.26
+1580946602.12,-0000.98,-0014.65,-0022.46,+0001.23,+0000.46,-0012.25
+1580946602.13,+0002.93,-0013.67,-0020.51,+0002.45,-0001.45,-0007.96
+1580946602.13,-0001.95,-0015.62,-0019.53,+0000.23,+0001.61,-0011.71
+1580946602.14,-0003.91,-0015.62,-0017.58,+0002.68,-0001.38,-0009.88
+1580946602.14,+0001.95,-0014.65,-0016.60,+0002.07,+0000.92,-0007.20
+1580946602.15,-0000.98,-0014.65,-0016.60,+0001.68,+0002.91,-0012.63
+1580946602.15,-0007.81,-0014.65,-0015.62,-0000.61,-0000.38,-0010.03
+1580946602.16,+0003.91,-0014.65,-0013.67,-0000.54,+0004.13,-0011.71
+1580946602.16,-0000.98,-0014.65,-0011.72,+0002.30,-0001.84,-0010.26
+1580946602.17,+0002.93,-0014.65,-0011.72,+0000.54,-0002.99,-0004.52
+1580946602.17,+0000.98,-0017.58,-0013.67,+0002.83,+0000.38,-0015.47
+1580946602.18,-0010.74,-0015.62,-0012.70,+0000.46,-0003.98,-0011.94
+1580946602.18,+0007.81,-0013.67,-0009.77,+0002.37,-0002.76,-0010.72
+1580946602.19,+0007.81,-0015.62,-0007.81,-0000.46,+0002.22,-0011.56
+1580946602.19,-0003.91,-0013.67,-0007.81,+0000.38,-0002.83,-0010.18
+1580946602.20,-0000.98,-0015.62,-0008.79,+0005.21,-0001.30,-0013.17
+1580946602.20,+0008.79,-0013.67,-0006.84,-0000.92,+0001.38,-0010.18
+1580946602.21,+0004.88,-0010.74,-0005.86,+0001.30,+0001.68,-0012.79
+1580946602.21,-0000.98,-0012.70,-0004.88,+0001.68,-0002.83,-0011.41
+1580946602.22,+0004.88,-0011.72,-0002.93,+0003.98,-0003.83,-0009.19
+1580946602.22,+0010.74,-0009.77,-0001.95,+0000.84,+0002.91,-0008.96
+1580946602.23,-0000.98,-0010.74,-0001.95,-0000.15,-0002.76,-0009.57
+1580946602.23,+0004.88,-0010.74,-0000.98,+0003.52,-0001.38,-0007.89
+1580946602.24,+0006.84,-0008.79,+0000.98,+0000.54,+0000.08,-0010.64
+1580946602.24,+0004.88,-0006.84,+0000.98,+0001.07,-0001.30,-0008.65
+1580946602.25,+0001.95,-0008.79,+0000.00,+0003.29,+0002.53,-0013.09
+1580946602.25,-0003.91,-0007.81,+0000.98,+0001.91,+0000.23,-0012.79
+1580946602.26,+0003.91,-0002.93,+0003.91,+0003.22,-0001.68,-0010.49
+1580946602.26,+0014.65,-0004.88,+0004.88,+0002.22,+0004.82,-0005.13
+1580946602.27,-0006.84,-0007.81,+0002.93,-0000.69,+0004.29,-0014.62
+1580946602.27,-0014.65,-0004.88,+0001.95,+0004.52,-0009.72,-0010.64
+1580946602.28,+0014.65,-0002.93,+0004.88,+0000.54,-0001.15,-0007.12
+1580946602.28,-0001.95,-0003.91,+0004.88,-0002.45,+0001.00,-0010.41
+1580946602.29,-0011.72,-0003.91,+0004.88,+0001.68,-0003.52,-0009.49
+1580946602.29,-0002.93,-0004.88,+0003.91,+0003.06,-0000.69,-0014.62
+1580946602.30,+0002.93,-0001.95,+0005.86,+0002.53,+0000.77,-0007.35
+1580946602.30,-0003.91,-0000.98,+0005.86,-0003.68,+0002.14,-0009.88
+1580946602.31,-0011.72,-0005.86,+0004.88,+0001.15,-0003.37,-0008.65
+1580946602.31,-0004.88,-0001.95,+0004.88,-0000.61,+0003.06,-0013.63
+1580946602.32,-0001.95,-0000.98,+0005.86,-0001.00,-0001.15,-0006.51
+1580946602.32,-0001.95,-0001.95,+0005.86,+0000.23,+0001.84,-0009.80
+1580946602.33,-0011.72,-0003.91,+0004.88,+0002.60,-0002.68,-0011.79
+1580946602.33,+0000.00,-0000.98,+0005.86,+0000.92,-0001.68,-0008.73
+1580946602.34,+0002.93,-0000.98,+0005.86,-0000.08,+0000.92,-0009.03
+1580946602.34,-0003.91,-0000.98,+0005.86,-0002.53,+0001.23,-0009.34
+1580946602.35,-0005.86,-0002.93,+0004.88,-0001.45,+0000.23,-0012.56
+1580946602.35,+0000.98,+0000.00,+0005.86,-0001.15,-0001.61,-0008.73
+1580946602.36,+0005.86,-0000.98,+0005.86,+0000.69,+0000.77,-0009.57
+1580946602.36,-0008.79,-0001.95,+0004.88,+0002.60,+0003.68,-0013.25
+1580946602.37,-0007.81,-0001.95,+0005.86,+0000.77,-0003.14,-0010.95
+1580946602.37,+0008.79,-0000.98,+0006.84,-0000.61,+0004.67,-0012.48
+1580946602.38,-0000.98,-0000.98,+0006.84,+0000.23,+0001.00,-0008.88
+1580946602.38,-0004.88,-0002.93,+0004.88,-0000.23,-0000.46,-0009.34
+1580946602.39,+0000.00,-0003.91,+0004.88,+0002.99,-0003.37,-0009.11
+1580946602.39,+0006.84,+0000.00,+0006.84,+0000.61,+0001.15,-0005.67
+1580946602.40,+0000.98,-0001.95,+0005.86,+0000.00,+0001.76,-0010.03
+1580946602.40,-0004.88,-0002.93,+0005.86,+0001.84,-0002.07,-0009.88
+1580946602.41,+0002.93,-0000.98,+0004.88,-0001.84,-0001.45,-0010.26
+1580946602.41,+0004.88,-0001.95,+0004.88,+0001.53,+0004.44,-0011.79
+1580946602.42,-0001.95,-0001.95,+0003.91,+0002.14,-0002.60,-0009.34
+1580946602.42,+0002.93,-0002.93,+0003.91,+0001.07,+0002.53,-0011.48
+1580946602.43,+0000.00,-0001.95,+0005.86,+0001.91,+0000.08,-0013.70
+1580946602.43,+0004.88,+0000.98,+0006.84,+0000.23,-0001.68,-0010.41
+1580946602.44,+0004.88,-0000.98,+0005.86,+0001.38,+0000.38,-0011.64
+1580946602.44,-0001.95,-0001.95,+0005.86,+0000.46,+0000.84,-0009.88
+1580946602.45,+0000.98,+0000.00,+0004.88,-0000.38,-0003.22,-0008.19
+1580946602.45,+0003.91,-0000.98,+0003.91,-0000.54,-0000.61,-0006.81
+1580946602.46,-0004.88,-0000.98,+0003.91,+0000.69,-0001.00,-0010.64
+1580946602.46,-0004.88,-0000.98,+0004.88,+0003.06,-0003.22,-0008.58
+1580946602.47,+0003.91,+0000.00,+0006.84,-0000.08,+0005.05,-0009.80
+1580946602.47,-0005.86,+0000.00,+0006.84,+0001.38,-0003.75,-0004.59
+1580946602.48,-0000.98,-0000.98,+0006.84,+0000.38,+0000.77,-0009.03
+1580946602.48,-0001.95,-0002.93,+0006.84,-0000.15,+0001.07,-0011.18
+1580946602.49,-0004.88,+0000.00,+0005.86,+0002.14,-0002.60,-0007.89
+1580946602.49,-0000.98,-0001.95,+0004.88,+0001.91,-0000.61,-0015.54
+1580946602.50,-0001.95,-0000.98,+0005.86,-0000.77,-0004.90,-0007.43
+1580946602.50,+0007.81,-0001.95,+0006.84,+0002.14,+0000.61,-0003.75
+1580946602.51,-0009.77,-0002.93,+0006.84,+0001.38,-0000.38,-0014.01
+1580946602.51,-0014.65,+0000.98,+0007.81,+0004.13,-0003.75,-0013.25
+1580946602.52,+0007.81,+0001.95,+0008.79,-0000.08,+0000.00,-0012.79
+1580946602.52,+0002.93,-0000.98,+0009.77,+0001.07,+0001.68,-0009.26
+1580946602.53,-0005.86,-0001.95,+0007.81,-0001.91,-0003.45,-0004.67
+1580946602.53,-0002.93,-0003.91,+0004.88,+0003.37,-0000.23,-0009.34
+1580946602.54,-0004.88,+0000.00,+0004.88,+0000.92,-0000.15,-0013.09
+1580946602.54,+0003.91,+0002.93,+0006.84,-0002.60,+0003.68,-0009.80
+1580946602.55,+0000.98,-0000.98,+0007.81,+0000.38,+0001.76,-0009.34
+1580946602.55,-0006.84,-0000.98,+0008.79,+0000.69,-0000.08,-0011.33
+1580946602.56,-0001.95,+0000.98,+0007.81,+0001.84,-0002.30,-0013.86
+1580946602.56,+0000.98,+0000.98,+0007.81,+0003.29,-0000.23,-0011.94
+1580946602.57,+0000.98,+0002.93,+0008.79,-0001.76,-0001.61,-0007.96
+1580946602.57,-0000.98,+0000.98,+0008.79,+0003.98,-0001.76,-0009.19
+1580946602.58,-0001.95,+0000.98,+0008.79,+0004.82,-0003.14,-0007.58
+1580946602.58,+0000.98,+0002.93,+0008.79,-0000.46,-0000.31,-0007.66
+1580946602.59,+0000.98,+0002.93,+0008.79,-0000.61,+0003.06,-0009.11
+1580946602.59,-0006.84,+0002.93,+0008.79,+0002.14,-0000.77,-0013.02
+1580946602.60,+0000.98,+0004.88,+0010.74,+0001.91,-0002.07,-0012.48
+1580946602.60,+0004.88,+0004.88,+0011.72,-0000.46,-0003.60,-0006.97
+1580946602.61,+0003.91,+0002.93,+0009.77,-0001.15,+0001.61,-0006.89
+1580946602.61,-0009.77,+0001.95,+0006.84,+0000.31,-0000.84,-0014.93
+1580946602.62,-0004.88,+0003.91,+0007.81,+0003.14,-0002.91,-0015.08
+1580946602.62,+0008.79,+0006.84,+0010.74,-0001.00,+0002.68,-0013.25
+1580946602.63,+0001.95,+0004.88,+0010.74,+0001.99,+0001.61,-0008.65
+1580946602.63,-0006.84,+0004.88,+0009.77,+0000.54,-0001.91,-0012.25
+1580946602.64,+0001.95,+0005.86,+0009.77,+0003.52,-0004.90,-0010.26
+1580946602.64,+0009.77,+0007.81,+0010.74,+0001.91,+0001.23,-0009.03
+1580946602.65,+0003.91,+0006.84,+0010.74,+0000.92,+0000.61,-0006.74
+1580946602.65,+0000.00,+0005.86,+0009.77,+0000.00,+0000.23,-0012.02
+1580946602.66,+0002.93,+0007.81,+0009.77,+0000.31,-0005.36,-0009.49
+1580946602.66,+0013.67,+0008.79,+0009.77,+0000.23,-0000.31,-0007.27
+1580946602.67,+0006.84,+0007.81,+0008.79,-0002.14,+0001.23,-0007.58
+1580946602.67,-0002.93,+0005.86,+0006.84,-0000.92,+0000.15,-0010.34
+1580946602.68,+0000.00,+0007.81,+0006.84,+0002.76,-0002.30,-0009.11
+1580946602.68,+0004.88,+0008.79,+0006.84,+0001.00,+0001.30,-0012.10
+1580946602.69,+0000.00,+0007.81,+0007.81,+0001.15,+0000.23,-0008.19
+1580946602.69,-0003.91,+0005.86,+0005.86,-0001.30,-0002.60,-0008.19
+1580946602.70,-0000.98,+0005.86,+0004.88,-0002.37,+0000.84,-0010.57
+1580946602.70,-0000.98,+0006.84,+0004.88,-0002.14,+0001.68,-0009.65
+1580946602.71,-0006.84,+0005.86,+0002.93,+0000.31,+0001.15,-0014.39
+1580946602.71,-0006.84,+0005.86,+0003.91,-0002.91,-0003.06,-0010.64
+1580946602.72,+0001.95,+0005.86,+0002.93,+0001.91,-0001.38,-0007.20
+1580946602.72,-0009.77,+0004.88,+0000.98,-0001.45,-0002.37,-0009.80
+1580946602.73,-0009.77,+0004.88,+0000.00,-0001.38,-0003.98,-0007.12
+1580946602.73,-0000.98,+0002.93,-0001.95,-0001.91,+0000.08,-0011.56
+1580946602.74,-0002.93,+0004.88,-0001.95,-0000.54,+0000.92,-0008.42
+1580946602.74,-0006.84,+0002.93,-0002.93,-0000.84,+0000.23,-0013.17
+1580946602.75,-0005.86,+0002.93,-0003.91,-0000.23,-0001.76,-0011.41
+1580946602.75,+0002.93,+0005.86,-0002.93,+0001.99,-0002.53,-0008.42
+1580946602.76,+0000.00,+0003.91,-0003.91,+0002.76,+0001.30,-0013.09
+1580946602.76,-0011.72,+0003.91,-0004.88,-0000.69,-0002.76,-0012.94
+1580946602.77,-0001.95,+0004.88,-0004.88,+0002.99,-0002.22,-0011.41
+1580946602.77,+0002.93,+0003.91,-0003.91,+0000.69,+0000.38,-0011.03
+1580946602.78,-0002.93,+0004.88,-0004.88,-0003.68,-0001.53,-0008.65
+1580946602.78,-0001.95,+0000.98,-0005.86,+0000.77,+0001.07,-0013.55
+1580946602.79,-0000.98,+0001.95,-0005.86,-0000.08,-0001.00,-0008.04
+1580946602.79,+0002.93,+0002.93,-0005.86,-0002.30,+0001.07,-0010.34
+1580946602.80,-0002.93,+0000.98,-0005.86,+0002.30,-0001.15,-0010.87
+1580946602.80,-0000.98,+0001.95,-0004.88,+0000.31,-0001.53,-0008.96
+1580946602.81,+0001.95,+0000.00,-0004.88,+0002.14,-0000.08,-0011.41
+1580946602.81,+0000.00,+0000.98,-0004.88,-0001.84,-0000.61,-0010.26
+1580946602.82,-0000.98,+0000.00,-0006.84,+0001.38,-0000.69,-0010.87
+1580946602.82,+0000.98,-0000.98,-0006.84,-0003.14,+0000.69,-0012.02
+1580946602.83,+0000.00,-0000.98,-0007.81,-0001.68,-0001.30,-0011.18
+1580946602.83,+0003.91,-0000.98,-0007.81,-0000.69,+0000.69,-0008.80
+1580946602.84,+0002.93,-0001.95,-0007.81,-0001.00,+0000.15,-0009.42
+1580946602.84,+0000.00,-0000.98,-0007.81,-0000.69,-0002.30,-0009.11
+1580946602.85,+0004.88,-0000.98,-0008.79,+0000.38,-0002.53,-0010.11
+1580946602.85,+0002.93,-0000.98,-0009.77,+0000.54,-0000.77,-0011.79
+1580946602.86,+0000.00,+0000.00,-0009.77,-0001.23,-0001.23,-0011.71
+1580946602.86,+0003.91,-0000.98,-0010.74,-0001.30,+0000.08,-0011.03
+1580946602.87,+0004.88,-0000.98,-0011.72,-0002.53,+0001.30,-0009.88
+1580946602.87,+0000.00,+0000.00,-0012.70,-0001.91,+0002.30,-0012.17
+1580946602.88,-0002.93,-0000.98,-0013.67,+0000.69,-0002.37,-0011.10
+1580946602.88,+0003.91,-0000.98,-0011.72,-0000.92,+0000.46,-0008.80
+1580946602.89,+0000.00,+0000.00,-0012.70,-0001.30,+0001.53,-0010.64
+1580946602.89,-0003.91,+0000.00,-0014.65,-0003.37,-0002.22,-0004.75
+1580946602.90,-0002.93,-0000.98,-0015.62,-0003.29,+0002.30,-0011.87
+1580946602.90,-0005.86,-0000.98,-0016.60,-0001.38,-0000.92,-0004.67
+1580946602.91,+0000.00,+0000.00,-0016.60,+0000.38,+0002.14,-0008.27
+1580946602.91,-0006.84,-0000.98,-0015.62,-0001.07,-0001.53,-0008.88
+1580946602.92,-0001.95,+0000.00,-0015.62,+0000.92,-0002.37,-0009.19
+1580946602.92,+0003.91,+0000.00,-0015.62,-0002.07,-0003.22,-0010.87
+1580946602.93,-0003.91,+0000.00,-0017.58,-0001.68,+0000.31,-0011.94
+1580946602.93,-0004.88,+0000.00,-0018.55,+0002.22,-0004.13,-0010.18
+1580946602.94,+0001.95,+0000.98,-0018.55,-0001.07,+0001.38,-0011.41
+1580946602.94,+0000.98,+0001.95,-0016.60,-0002.91,-0003.83,-0007.89
+1580946602.95,+0002.93,+0000.98,-0017.58,-0002.30,+0001.76,-0008.50
+1580946602.95,-0005.86,+0000.98,-0019.53,+0001.23,-0002.53,-0012.17
+1580946602.96,-0004.88,+0001.95,-0018.55,+0003.83,-0001.30,-0011.94
+1580946602.96,+0000.98,+0001.95,-0017.58,-0001.07,-0002.60,-0012.94
+1580946602.97,+0003.91,+0002.93,-0015.62,-0000.46,+0000.54,-0007.96
+1580946602.97,-0003.91,+0001.95,-0015.62,+0002.14,-0002.76,-0008.35
+1580946602.98,-0000.98,+0001.95,-0016.60,-0000.69,-0001.76,-0006.35
+1580946602.98,-0002.93,+0003.91,-0016.60,-0000.61,-0003.90,-0012.33
+1580946602.99,-0000.98,+0003.91,-0015.62,+0001.07,-0001.07,-0010.18
+1580946602.99,+0004.88,+0003.91,-0014.65,+0001.15,-0001.45,-0012.56
+1580946603.00,+0000.00,+0002.93,-0013.67,+0000.23,-0004.13,-0010.57
+1580946603.00,+0002.93,+0004.88,-0013.67,-0001.00,-0001.30,-0007.81
+1580946603.01,+0000.98,+0003.91,-0013.67,-0000.77,-0001.07,-0007.81
+1580946603.01,+0000.98,+0005.86,-0013.67,-0000.38,+0002.68,-0011.25
+1580946603.02,-0002.93,+0005.86,-0012.70,+0001.53,-0003.52,-0009.42
+1580946603.02,+0005.86,+0005.86,-0011.72,+0001.00,+0001.76,-0011.71
+1580946603.03,+0000.98,+0005.86,-0011.72,-0000.38,-0002.76,-0009.80
+1580946603.03,+0000.98,+0005.86,-0011.72,+0001.23,-0001.91,-0010.34
+1580946603.04,-0000.98,+0004.88,-0011.72,+0002.53,-0001.00,-0012.86
+1580946603.04,-0001.95,+0006.84,-0011.72,-0001.07,-0001.15,-0009.88
+1580946603.05,+0001.95,+0005.86,-0010.74,+0001.00,-0001.68,-0010.34
+1580946603.05,+0000.00,+0003.91,-0010.74,+0001.23,-0000.23,-0011.71
+1580946603.06,-0002.93,+0004.88,-0010.74,+0001.23,-0003.06,-0009.80
+1580946603.06,+0001.95,+0003.91,-0010.74,-0001.91,+0000.15,-0011.10
+1580946603.07,+0000.98,+0002.93,-0010.74,+0000.38,-0000.23,-0011.71
+1580946603.07,-0000.98,+0002.93,-0010.74,-0000.46,-0002.60,-0010.03
+1580946603.08,+0002.93,+0001.95,-0011.72,+0001.07,-0001.84,-0011.87
+1580946603.08,+0001.95,+0001.95,-0011.72,-0002.91,-0001.76,-0010.18
+1580946603.09,+0005.86,+0000.98,-0011.72,-0001.53,-0002.68,-0006.35
+1580946603.09,+0002.93,-0000.98,-0013.67,+0000.69,+0000.92,-0008.96
+1580946603.10,-0001.95,+0000.00,-0014.65,-0000.08,-0002.14,-0011.25
+1580946603.10,+0001.95,-0000.98,-0013.67,+0000.46,-0005.59,-0007.50
+1580946603.11,+0007.81,-0001.95,-0013.67,+0000.69,+0004.67,-0008.88
+1580946603.11,-0008.79,-0003.91,-0015.62,-0002.68,-0000.84,-0011.03
+1580946603.12,-0003.91,-0003.91,-0015.62,+0000.23,-0003.60,-0008.73
+1580946603.12,+0005.86,-0005.86,-0016.60,-0001.15,-0002.07,-0010.26
+1580946603.13,-0005.86,-0006.84,-0017.58,-0003.22,+0001.30,-0014.01
+1580946603.13,-0014.65,-0007.81,-0018.55,-0000.61,-0003.83,-0013.32
+1580946603.14,+0002.93,-0007.81,-0016.60,-0002.68,-0001.15,-0013.09
+1580946603.14,+0000.98,-0008.79,-0017.58,-0001.84,-0001.76,-0006.05
+1580946603.15,-0005.86,-0008.79,-0019.53,-0001.91,-0002.60,-0005.97
+1580946603.15,-0006.84,-0010.74,-0021.48,-0000.92,-0002.60,-0009.65
+1580946603.16,+0000.98,-0008.79,-0021.48,-0003.98,+0000.00,-0007.89
+1580946603.16,+0002.93,-0008.79,-0021.48,+0000.54,-0001.45,-0010.18
+1580946603.17,-0000.98,-0010.74,-0021.48,-0002.30,-0002.60,-0010.26
+1580946603.17,-0001.95,-0010.74,-0023.44,+0001.84,-0002.91,-0011.10
+1580946603.18,+0000.98,-0008.79,-0022.46,-0002.37,+0000.08,-0012.33
+1580946603.18,+0001.95,-0006.84,-0021.48,+0000.00,-0002.99,-0011.33
+1580946603.19,+0003.91,-0006.84,-0020.51,-0000.77,+0000.38,-0010.72
+1580946603.19,+0000.98,-0005.86,-0021.48,-0000.08,-0002.07,-0010.64
+1580946603.20,+0004.88,-0006.84,-0021.48,+0001.84,+0000.31,-0009.19
+1580946603.20,+0004.88,-0005.86,-0021.48,+0000.92,+0000.77,-0012.17
+1580946603.21,-0003.91,-0003.91,-0020.51,+0002.99,-0002.53,-0008.19
+1580946603.21,+0001.95,-0001.95,-0019.53,-0000.69,+0002.45,-0010.11
+1580946603.22,+0000.00,-0002.93,-0019.53,+0001.00,-0000.84,-0007.89
+1580946603.22,+0002.93,-0000.98,-0019.53,-0001.23,-0000.54,-0008.96
+1580946603.23,-0004.88,-0001.95,-0019.53,-0001.30,+0002.07,-0012.63
+1580946603.23,-0001.95,+0000.00,-0018.55,-0000.08,-0000.08,-0010.80
+1580946603.24,+0004.88,+0000.98,-0018.55,-0000.77,+0000.15,-0007.50
+1580946603.24,+0000.00,+0000.00,-0018.55,-0002.53,+0001.61,-0011.64
+1580946603.25,-0006.84,+0001.95,-0019.53,-0000.15,-0003.06,-0014.39
+1580946603.25,+0002.93,+0001.95,-0018.55,-0000.23,-0001.84,-0011.10
+1580946603.26,+0010.74,+0002.93,-0017.58,-0003.29,+0002.60,-0009.88
+1580946603.26,+0000.00,+0002.93,-0019.53,-0001.84,-0000.54,-0008.35
+1580946603.27,+0000.98,+0001.95,-0020.51,+0001.00,-0001.38,-0012.17
+1580946603.27,+0001.95,+0002.93,-0020.51,-0004.67,+0001.23,-0012.71
+1580946603.28,+0009.77,+0005.86,-0019.53,-0001.91,-0001.38,-0008.65
+1580946603.28,+0003.91,+0002.93,-0021.48,-0001.15,+0001.07,-0010.57
+1580946603.29,+0000.00,+0002.93,-0022.46,-0002.45,-0002.22,-0009.88
+1580946603.29,+0004.88,+0003.91,-0022.46,+0000.31,+0000.00,-0010.26
+1580946603.30,+0006.84,+0004.88,-0022.46,-0001.15,+0001.45,-0011.87
+1580946603.30,+0000.98,+0002.93,-0024.41,-0002.91,-0001.53,-0010.49
+1580946603.31,+0002.93,+0002.93,-0025.39,-0002.60,-0002.60,-0010.11
+1580946603.31,+0005.86,+0001.95,-0025.39,-0003.29,+0002.37,-0007.58
+1580946603.32,+0000.00,+0002.93,-0026.37,-0002.37,-0002.30,-0012.02
+1580946603.32,+0002.93,+0000.98,-0026.37,-0002.45,-0003.68,-0006.89
+1580946603.33,+0007.81,+0000.00,-0028.32,-0002.30,+0004.21,-0011.87
+1580946603.33,-0000.98,+0000.00,-0029.30,-0004.75,+0002.76,-0013.70
+1580946603.34,+0002.93,-0001.95,-0031.25,-0002.83,-0001.15,-0008.35
+1580946603.34,+0005.86,-0002.93,-0031.25,-0003.29,+0003.06,-0009.72
+1580946603.35,-0003.91,-0002.93,-0033.20,+0000.08,-0000.15,-0006.12
+1580946603.35,+0002.93,-0003.91,-0032.23,-0003.75,+0000.38,-0004.75
+1580946603.36,+0006.84,-0006.84,-0032.23,+0000.00,+0002.68,-0011.10
+1580946603.36,-0008.79,-0005.86,-0035.16,-0001.53,+0002.30,-0018.22
+1580946603.37,-0003.91,-0006.84,-0035.16,-0001.76,-0004.06,-0015.93
+1580946603.37,+0009.77,-0008.79,-0034.18,-0000.69,+0003.14,-0012.71
+1580946603.38,+0003.91,-0007.81,-0034.18,-0001.38,-0001.61,-0006.89
+1580946603.38,-0002.93,-0008.79,-0037.11,-0002.83,+0000.61,-0009.19
+1580946603.39,-0001.95,-0009.77,-0037.11,-0000.38,-0001.76,-0007.89
+1580946603.39,+0009.77,-0006.84,-0036.13,+0002.22,+0002.45,-0002.60
+1580946603.40,+0002.93,-0008.79,-0037.11,-0002.53,+0005.97,-0011.94
+1580946603.40,-0012.70,-0009.77,-0036.13,+0001.53,-0004.29,-0012.02
+1580946603.41,+0009.77,-0006.84,-0033.20,+0001.45,+0004.90,-0011.33
+1580946603.41,+0004.88,-0006.84,-0031.25,-0001.84,+0002.30,-0010.49
+1580946603.42,-0000.98,-0006.84,-0030.27,-0001.38,-0001.84,-0008.27
+1580946603.42,+0000.98,-0009.77,-0031.25,+0001.07,+0000.00,-0013.93
+1580946603.43,+0002.93,-0007.81,-0029.30,+0001.84,-0001.84,-0006.66
+1580946603.43,+0005.86,-0005.86,-0028.32,-0000.46,+0002.07,-0008.96
+1580946603.44,+0000.00,-0008.79,-0028.32,-0001.23,+0002.07,-0012.02
+1580946603.44,-0001.95,-0007.81,-0026.37,+0003.98,-0003.45,-0011.25
+1580946603.45,+0012.70,-0003.91,-0023.44,+0000.00,+0001.38,-0009.26
+1580946603.45,+0006.84,-0004.88,-0023.44,+0000.23,+0001.84,-0010.80
+1580946603.46,+0001.95,-0004.88,-0022.46,+0001.76,-0002.22,-0007.04
+1580946603.46,+0008.79,-0004.88,-0022.46,+0002.99,+0002.68,-0011.56
+1580946603.47,+0000.00,-0002.93,-0020.51,+0001.53,-0000.15,-0011.41
+1580946603.47,+0004.88,-0001.95,-0017.58,+0004.29,-0001.00,-0008.73
+1580946603.48,+0005.86,-0002.93,-0014.65,+0000.77,-0000.84,-0010.26
+1580946603.48,+0002.93,-0000.98,-0013.67,+0002.37,+0000.08,-0008.04
+1580946603.49,+0002.93,+0000.00,-0013.67,+0001.07,+0004.13,-0015.39
+1580946603.49,+0000.00,+0000.00,-0012.70,+0000.92,-0001.38,-0014.16
+1580946603.50,+0009.77,+0001.95,-0010.74,+0001.07,-0000.31,-0010.80
+1580946603.50,+0006.84,+0000.98,-0009.77,-0000.31,-0000.15,-0005.51
+1580946603.51,+0000.00,+0001.95,-0010.74,+0003.29,-0000.15,-0006.35
+1580946603.51,+0000.98,+0001.95,-0009.77,+0005.44,+0001.53,-0008.27
+1580946603.52,+0003.91,+0004.88,-0006.84,+0000.23,+0001.68,-0008.42
+1580946603.52,+0002.93,+0004.88,-0004.88,+0003.45,-0001.23,-0008.27
+1580946603.53,+0000.00,+0003.91,-0005.86,-0000.15,+0001.61,-0009.80
+1580946603.53,-0004.88,+0004.88,-0004.88,+0002.14,-0004.21,-0011.71
+1580946603.54,+0004.88,+0006.84,-0003.91,+0001.00,+0002.99,-0010.87
+1580946603.54,-0000.98,+0005.86,-0002.93,+0002.45,+0002.37,-0013.63
+1580946603.55,-0004.88,+0006.84,-0002.93,+0003.45,-0001.53,-0012.40
+1580946603.55,+0000.00,+0007.81,-0001.95,-0002.76,-0000.61,-0008.80
+1580946603.56,+0000.00,+0006.84,-0000.98,+0004.29,+0000.15,-0005.21
+1580946603.56,-0008.79,+0006.84,-0000.98,-0002.83,+0004.06,-0014.01
+1580946603.57,-0005.86,+0006.84,-0000.98,+0002.68,-0001.53,-0009.11
+1580946603.57,+0004.88,+0007.81,+0000.00,-0000.23,+0001.38,-0010.80
+1580946603.58,-0000.98,+0007.81,-0000.98,+0000.61,-0004.13,-0005.67
+1580946603.58,-0004.88,+0006.84,-0002.93,+0001.00,-0001.45,-0011.18
+1580946603.59,-0005.86,+0006.84,-0003.91,+0000.77,-0003.98,-0012.02
+1580946603.59,+0002.93,+0009.77,-0001.95,+0000.92,-0000.15,-0008.04
+1580946603.60,+0000.00,+0008.79,-0002.93,-0001.76,+0000.84,-0012.33
+1580946603.60,-0003.91,+0007.81,-0003.91,+0000.69,+0001.00,-0013.78
+1580946603.61,-0002.93,+0008.79,-0003.91,+0000.77,-0000.38,-0015.39
+1580946603.61,+0000.98,+0010.74,-0002.93,+0000.69,-0003.06,-0010.34
+1580946603.62,+0001.95,+0009.77,-0002.93,-0003.29,+0000.23,-0010.41
+1580946603.62,-0004.88,+0007.81,-0003.91,+0001.07,-0001.30,-0009.49
+1580946603.63,-0001.95,+0009.77,-0004.88,-0001.38,-0001.23,-0008.19
+1580946603.63,+0001.95,+0008.79,-0005.86,+0001.15,+0001.53,-0012.02
+1580946603.64,+0001.95,+0009.77,-0005.86,-0000.54,-0001.53,-0007.35
+1580946603.64,+0000.98,+0007.81,-0006.84,+0000.54,-0001.53,-0011.03
+1580946603.65,-0001.95,+0007.81,-0008.79,-0001.45,-0001.45,-0010.57
+1580946603.65,+0001.95,+0008.79,-0008.79,-0001.30,-0000.54,-0014.24
+1580946603.66,+0003.91,+0009.77,-0007.81,+0000.61,-0002.53,-0009.95
+1580946603.66,+0009.77,+0007.81,-0006.84,-0003.90,-0001.30,-0005.67
+1580946603.67,+0006.84,+0007.81,-0009.77,+0000.84,+0000.84,-0006.74
+1580946603.67,-0005.86,+0006.84,-0012.70,+0001.00,-0003.29,-0013.40
+1580946603.68,+0006.84,+0008.79,-0011.72,+0000.15,-0003.52,-0011.79
+1580946603.68,+0012.70,+0007.81,-0010.74,+0002.07,+0003.06,-0010.18
+1580946603.69,-0001.95,+0007.81,-0011.72,-0000.15,-0003.14,-0012.02
+1580946603.69,-0000.98,+0006.84,-0012.70,+0001.30,-0002.07,-0010.64
+1580946603.70,+0009.77,+0006.84,-0012.70,+0001.00,+0001.38,-0009.03
+1580946603.70,+0006.84,+0008.79,-0013.67,-0001.00,-0001.30,-0005.28
+1580946603.71,+0000.00,+0005.86,-0016.60,-0000.08,-0000.23,-0008.42
+1580946603.71,-0001.95,+0003.91,-0016.60,+0000.31,-0000.46,-0010.80
+1580946603.72,+0004.88,+0006.84,-0015.62,+0000.00,-0001.68,-0008.65
+1580946603.72,+0005.86,+0004.88,-0015.62,-0000.38,+0003.52,-0009.49
+1580946603.73,-0005.86,+0003.91,-0017.58,-0003.68,-0000.31,-0009.03
+1580946603.73,-0005.86,+0001.95,-0018.55,-0000.61,-0002.37,-0008.58
+1580946603.74,+0000.98,+0002.93,-0019.53,-0000.84,+0001.23,-0013.55
+1580946603.74,-0006.84,+0001.95,-0020.51,+0000.23,-0000.46,-0011.03
+1580946603.75,-0006.84,+0000.00,-0022.46,-0003.45,+0001.38,-0013.02
+1580946603.75,-0005.86,-0001.95,-0021.48,-0002.14,-0000.61,-0012.40
+1580946603.76,-0002.93,+0000.00,-0022.46,-0002.22,+0001.15,-0007.35
+1580946603.76,-0006.84,-0001.95,-0023.44,-0002.60,+0000.31,-0009.88
+1580946603.77,-0006.84,-0002.93,-0023.44,-0000.84,-0002.68,-0006.74
+1580946603.77,-0002.93,-0003.91,-0025.39,-0000.23,+0000.77,-0010.34
+1580946603.78,-0005.86,-0003.91,-0024.41,-0001.99,-0003.90,-0009.65
+1580946603.78,+0001.95,-0003.91,-0025.39,+0000.46,-0002.30,-0006.97
+1580946603.79,+0001.95,-0005.86,-0027.34,-0004.13,+0001.23,-0010.72
+1580946603.79,-0004.88,-0004.88,-0028.32,-0001.84,+0000.23,-0012.71
+1580946603.80,-0000.98,-0005.86,-0028.32,+0003.45,+0000.23,-0015.24
+1580946603.80,+0002.93,-0004.88,-0025.39,+0000.54,-0000.46,-0015.39
+1580946603.81,+0007.81,-0004.88,-0024.41,+0000.08,-0001.68,-0009.11
+1580946603.81,+0003.91,-0007.81,-0026.37,+0000.46,+0001.61,-0014.47
+1580946603.82,-0005.86,-0007.81,-0027.34,-0001.68,-0002.22,-0010.57
+1580946603.82,+0006.84,-0007.81,-0026.37,+0002.60,-0001.07,-0007.58
+1580946603.83,+0008.79,-0006.84,-0024.41,-0001.91,+0001.07,-0009.57
+1580946603.83,+0001.95,-0007.81,-0024.41,+0000.31,-0005.13,-0003.98
+1580946603.84,+0004.88,-0008.79,-0025.39,+0000.84,+0001.91,-0008.58
+1580946603.84,-0002.93,-0010.74,-0026.37,+0000.38,+0000.84,-0011.87
+1580946603.85,+0000.98,-0006.84,-0025.39,+0000.23,-0000.92,-0013.40
+1580946603.85,+0007.81,-0008.79,-0023.44,+0000.31,+0002.53,-0007.81
+1580946603.86,+0001.95,-0008.79,-0023.44,+0000.69,+0002.68,-0009.42
+1580946603.86,-0006.84,-0008.79,-0023.44,+0002.30,-0001.23,-0010.49
+1580946603.87,+0000.98,-0008.79,-0023.44,+0002.99,+0000.77,-0013.55
+1580946603.87,+0003.91,-0007.81,-0021.48,-0000.54,-0001.15,-0011.41
+1580946603.88,+0000.98,-0006.84,-0020.51,+0000.84,+0000.23,-0005.59
+1580946603.88,-0003.91,-0007.81,-0020.51,+0000.23,-0002.30,-0007.04
+1580946603.89,-0002.93,-0006.84,-0021.48,+0003.90,-0001.23,-0010.80
+1580946603.89,+0003.91,-0005.86,-0019.53,-0003.68,+0001.00,-0010.34
+1580946603.90,+0001.95,-0005.86,-0019.53,+0003.22,-0000.69,-0007.89
+1580946603.90,-0001.95,-0006.84,-0019.53,+0001.00,-0002.76,-0009.80
+1580946603.91,-0000.98,-0005.86,-0019.53,+0001.15,-0000.77,-0013.25
+1580946603.91,+0002.93,-0003.91,-0018.55,+0001.61,-0002.14,-0010.87
+1580946603.92,+0005.86,-0003.91,-0017.58,+0003.14,+0002.60,-0012.17
+1580946603.92,-0004.88,-0004.88,-0017.58,-0002.37,+0000.00,-0012.48
+1580946603.93,-0001.95,-0002.93,-0017.58,+0003.90,-0004.21,-0007.73
+1580946603.93,+0006.84,-0002.93,-0016.60,-0000.92,+0002.45,-0008.19
+1580946603.94,-0004.88,-0002.93,-0015.62,+0000.92,-0002.91,-0008.42
+1580946603.94,-0000.98,-0001.95,-0014.65,-0001.15,+0000.84,-0006.43
+1580946603.95,+0002.93,-0002.93,-0015.62,+0003.68,-0003.29,-0007.96
+1580946603.95,+0000.98,-0001.95,-0014.65,-0001.68,-0001.99,-0008.88
+1580946603.96,+0000.00,-0002.93,-0014.65,+0000.69,-0002.68,-0011.48
+1580946603.96,-0003.91,-0003.91,-0013.67,+0001.61,+0001.30,-0014.09
+1580946603.97,+0000.00,-0001.95,-0012.70,-0001.07,-0000.84,-0014.16
+1580946603.97,+0002.93,-0002.93,-0011.72,-0000.77,-0000.31,-0007.58
+1580946603.98,+0000.98,-0003.91,-0012.70,-0001.91,+0002.14,-0006.89
+1580946603.98,-0003.91,-0004.88,-0014.65,-0001.15,-0001.45,-0007.89
+1580946603.99,-0002.93,-0004.88,-0013.67,-0001.23,-0002.45,-0013.86
+1580946603.99,+0007.81,-0003.91,-0011.72,+0001.68,-0006.35,-0000.15
+1580946604.00,+0007.81,-0004.88,-0013.67,+0001.76,+0006.20,-0010.03
+1580946604.00,-0014.65,-0005.86,-0014.65,-0001.68,-0002.60,-0010.18
+1580946604.01,+0000.00,-0005.86,-0014.65,+0001.00,+0001.23,-0013.48
+1580946604.01,+0003.91,-0005.86,-0012.70,+0000.15,+0000.92,-0014.16
+1580946604.02,+0002.93,-0003.91,-0010.74,+0001.76,-0002.30,-0004.90
+1580946604.02,-0001.95,-0007.81,-0013.67,+0002.30,-0001.61,-0015.08
+1580946604.03,-0006.84,-0006.84,-0014.65,+0000.23,-0004.29,-0009.26
+1580946604.03,+0004.88,-0005.86,-0013.67,+0002.22,+0000.61,-0010.11
+1580946604.04,+0001.95,-0005.86,-0012.70,-0003.52,+0001.00,-0010.03
+1580946604.04,-0005.86,-0005.86,-0013.67,-0001.00,-0002.60,-0012.86
+1580946604.05,-0002.93,-0008.79,-0014.65,-0001.45,+0001.30,-0008.58
+1580946604.05,+0000.00,-0006.84,-0012.70,+0005.67,+0002.91,-0011.10
+1580946604.06,-0008.79,-0005.86,-0011.72,+0000.69,-0004.29,-0012.48
+1580946604.06,+0000.00,-0005.86,-0010.74,+0000.23,+0001.61,-0013.78
+1580946604.07,+0000.00,-0007.81,-0010.74,+0000.61,-0000.77,-0010.72
+1580946604.07,-0005.86,-0006.84,-0011.72,-0000.69,+0000.92,-0010.41
+1580946604.08,-0000.98,-0007.81,-0011.72,+0002.14,+0000.31,-0008.96
+1580946604.08,-0000.98,-0007.81,-0012.70,+0000.77,+0003.68,-0014.16
+1580946604.09,-0001.95,-0005.86,-0010.74,+0000.46,-0001.84,-0010.49
+1580946604.09,+0005.86,-0005.86,-0008.79,-0000.69,-0002.22,-0011.03
+1580946604.10,+0007.81,-0006.84,-0007.81,+0001.38,-0002.60,-0004.59
+1580946604.10,+0004.88,-0004.88,-0008.79,+0000.54,-0000.38,-0006.58
+1580946604.10,-0001.95,-0005.86,-0010.74,-0002.53,-0000.08,-0013.02
+1580946604.11,+0005.86,-0003.91,-0008.79,-0000.23,-0000.77,-0009.95
+1580946604.11,+0009.77,-0003.91,-0007.81,-0000.84,+0002.99,-0011.87
+1580946604.12,+0001.95,-0004.88,-0007.81,-0000.15,-0001.23,-0006.12
+1580946604.12,+0002.93,-0005.86,-0008.79,-0000.38,+0000.23,-0011.25
+1580946604.13,+0002.93,-0006.84,-0008.79,+0003.90,-0000.31,-0008.19
+1580946604.13,+0007.81,-0004.88,-0006.84,+0002.60,+0000.77,-0009.65
+1580946604.14,-0001.95,-0006.84,-0005.86,-0000.23,+0001.00,-0011.10
+1580946604.14,+0000.98,-0005.86,-0004.88,+0002.07,-0000.61,-0004.82
+1580946604.15,+0000.98,-0006.84,-0004.88,-0002.30,+0004.13,-0010.26
+1580946604.15,-0004.88,-0005.86,-0004.88,+0001.23,-0000.92,-0007.66
+1580946604.16,-0000.98,-0006.84,-0004.88,+0000.15,+0003.98,-0012.25
+1580946604.16,-0004.88,-0007.81,-0004.88,+0000.69,-0001.23,-0011.25
+1580946604.17,-0002.93,-0007.81,-0003.91,+0001.76,+0000.92,-0009.88
+1580946604.17,-0004.88,-0007.81,-0004.88,+0002.37,-0001.99,-0010.64
+1580946604.18,-0006.84,-0006.84,-0003.91,+0003.45,-0001.00,-0009.34
+1580946604.18,-0002.93,-0006.84,-0003.91,+0000.46,-0002.53,-0007.66
+1580946604.19,-0001.95,-0007.81,-0003.91,-0002.68,+0002.60,-0007.27
+1580946604.19,-0007.81,-0007.81,-0003.91,-0000.54,+0000.61,-0013.17
+1580946604.20,-0006.84,-0006.84,-0004.88,+0000.77,-0001.30,-0009.88
+1580946604.20,+0000.00,-0006.84,-0003.91,+0001.76,+0001.30,-0014.32
+1580946604.21,-0001.95,-0006.84,-0002.93,+0000.15,+0000.31,-0010.87
+1580946604.21,-0006.84,-0006.84,-0003.91,+0001.68,-0001.30,-0013.63
+1580946604.22,-0003.91,-0005.86,-0002.93,+0000.77,-0003.45,-0010.95
+1580946604.22,+0003.91,-0004.88,-0003.91,+0000.23,+0000.38,-0008.88
+1580946604.23,+0000.00,-0005.86,-0004.88,-0001.84,+0003.29,-0014.39
+1580946604.23,-0009.77,-0006.84,-0004.88,+0002.45,-0001.23,-0015.62
+1580946604.24,+0000.00,-0003.91,-0002.93,+0001.38,-0001.38,-0013.40
+1580946604.24,+0010.74,-0002.93,+0000.00,+0002.45,+0000.54,-0009.26
+1580946604.25,-0000.98,-0004.88,-0000.98,-0000.46,-0002.22,-0005.59
+1580946604.25,-0004.88,-0004.88,-0000.98,-0000.61,-0001.23,-0008.96
+1580946604.26,+0001.95,-0003.91,-0001.95,+0005.51,-0001.53,-0011.33
+1580946604.26,+0006.84,-0002.93,-0000.98,+0002.45,+0001.76,-0010.49
+1580946604.27,-0001.95,-0003.91,-0001.95,-0001.99,-0000.69,-0012.79
+1580946604.27,-0003.91,-0005.86,-0002.93,+0004.52,-0002.30,-0011.03
+1580946604.28,+0006.84,-0003.91,-0001.95,-0000.61,-0000.31,-0014.78
+1580946604.28,+0008.79,-0003.91,-0000.98,+0001.23,+0002.30,-0007.73
+1580946604.29,+0000.00,-0004.88,-0000.98,-0002.99,+0004.13,-0014.01
+1580946604.29,-0005.86,-0005.86,+0000.00,-0000.23,-0002.99,-0012.63
+1580946604.30,+0006.84,-0001.95,+0000.00,-0002.60,+0001.84,-0011.33
+1580946604.30,+0004.88,-0003.91,+0000.00,+0003.60,+0000.38,-0009.26
+1580946604.31,-0003.91,-0003.91,-0002.93,-0002.99,-0001.91,-0011.56
+1580946604.31,+0001.95,-0005.86,-0002.93,+0003.37,-0004.06,-0008.27
+1580946604.32,+0005.86,-0003.91,-0001.95,-0000.77,+0001.68,-0009.65
+1580946604.32,+0000.00,-0003.91,-0000.98,+0001.84,-0000.84,-0008.27
+1580946604.33,+0001.95,-0002.93,-0000.98,-0001.53,-0000.08,-0010.57
+1580946604.33,+0002.93,-0003.91,-0001.95,+0000.15,-0000.77,-0009.42
+1580946604.34,+0000.98,-0002.93,-0002.93,+0002.22,+0001.91,-0013.32
+1580946604.34,-0000.98,-0002.93,-0002.93,+0000.15,-0003.29,-0011.41
+1580946604.35,+0003.91,-0002.93,-0002.93,+0001.68,+0000.00,-0011.71
+1580946604.35,+0000.98,-0002.93,-0001.95,+0002.53,-0003.22,-0010.41
+1580946604.36,+0000.00,-0000.98,-0001.95,+0000.54,-0002.83,-0004.29
+1580946604.36,+0006.84,-0001.95,-0001.95,-0000.08,-0001.68,-0004.98
+1580946604.37,+0001.95,-0001.95,-0001.95,-0001.53,+0001.76,-0007.12
+1580946604.37,-0003.91,+0000.00,-0002.93,+0000.38,-0002.91,-0007.58
+1580946604.38,+0004.88,-0000.98,-0001.95,-0001.15,+0002.91,-0013.09
+1580946604.38,+0001.95,+0000.00,-0001.95,+0002.76,-0000.84,-0010.49
+1580946604.39,-0000.98,+0000.00,-0001.95,-0000.15,+0001.45,-0016.38
+1580946604.39,-0005.86,+0000.98,-0001.95,+0000.31,-0002.30,-0015.39
+1580946604.40,+0001.95,+0002.93,-0000.98,+0003.60,-0002.83,-0008.12
+1580946604.40,+0002.93,+0002.93,-0000.98,-0000.54,+0002.30,-0010.72
+1580946604.41,-0005.86,+0001.95,-0000.98,-0001.00,-0001.45,-0006.35
+1580946604.41,-0000.98,+0002.93,-0001.95,+0001.30,-0000.38,-0008.88
+1580946604.42,+0000.00,+0002.93,-0000.98,-0000.92,-0002.37,-0007.04
+1580946604.42,-0000.98,+0004.88,-0001.95,-0002.53,+0000.54,-0013.32
+1580946604.43,-0005.86,+0003.91,-0000.98,+0000.31,-0001.00,-0010.18
+1580946604.43,+0004.88,+0005.86,+0000.00,-0000.08,-0002.22,-0007.96
+1580946604.44,+0003.91,+0003.91,-0000.98,-0002.37,+0000.23,-0011.25
+1580946604.44,-0003.91,+0005.86,-0002.93,-0000.15,-0003.37,-0010.95
+1580946604.45,+0000.00,+0005.86,-0002.93,+0001.91,-0002.45,-0013.55
+1580946604.45,+0003.91,+0007.81,-0001.95,+0002.22,-0002.30,-0011.79
+1580946604.46,+0002.93,+0006.84,-0000.98,+0000.46,-0000.69,-0009.42
+1580946604.46,+0000.98,+0006.84,+0000.00,-0000.31,-0000.38,-0010.41
+1580946604.47,+0000.00,+0007.81,-0000.98,+0000.46,-0000.84,-0010.72
+1580946604.47,+0004.88,+0009.77,-0001.95,-0002.37,-0000.69,-0008.73
+1580946604.48,+0001.95,+0008.79,-0001.95,-0001.68,+0001.23,-0011.41
+1580946604.48,-0001.95,+0007.81,-0001.95,+0000.38,-0003.90,-0008.04
+1580946604.49,+0002.93,+0008.79,-0001.95,+0000.31,-0002.45,-0008.27
+1580946604.49,-0001.95,+0008.79,-0003.91,+0001.45,-0002.14,-0012.56
+1580946604.50,+0000.98,+0009.77,-0003.91,+0002.53,-0002.30,-0009.57
+1580946604.50,+0003.91,+0008.79,-0003.91,-0001.91,+0002.53,-0014.16
+1580946604.51,+0000.00,+0009.77,-0002.93,+0000.31,-0001.84,-0010.18
+1580946604.51,+0004.88,+0009.77,-0002.93,-0000.77,+0001.38,-0011.79
+1580946604.52,-0000.98,+0008.79,-0003.91,+0000.92,-0001.99,-0012.33
+1580946604.52,+0001.95,+0011.72,-0003.91,-0000.15,-0005.13,-0008.80
+1580946604.53,+0008.79,+0009.77,-0004.88,+0001.61,-0000.84,-0010.41
+1580946604.53,-0000.98,+0009.77,-0005.86,-0001.15,-0001.07,-0009.72
+1580946604.54,+0000.98,+0010.74,-0005.86,+0000.84,-0003.68,-0009.72
+1580946604.54,+0005.86,+0010.74,-0005.86,-0000.77,-0000.31,-0011.94
+1580946604.55,+0001.95,+0010.74,-0005.86,-0000.23,-0003.14,-0010.87
+1580946604.55,+0006.84,+0010.74,-0004.88,-0000.84,-0003.60,-0008.73
+1580946604.56,+0002.93,+0009.77,-0005.86,+0000.84,-0001.68,-0010.41
+1580946604.56,+0003.91,+0009.77,-0005.86,+0001.45,-0001.53,-0005.97
+1580946604.57,+0001.95,+0010.74,-0006.84,-0002.37,+0002.68,-0012.86
+1580946604.57,-0002.93,+0010.74,-0005.86,+0000.77,-0002.30,-0008.58
+1580946604.58,+0007.81,+0010.74,-0005.86,+0000.23,-0003.45,-0006.58
+1580946604.58,-0000.98,+0008.79,-0005.86,+0002.14,-0002.60,-0008.04
+1580946604.59,-0005.86,+0009.77,-0007.81,+0001.00,-0003.75,-0011.79
+1580946604.59,-0001.95,+0009.77,-0007.81,+0000.00,-0001.45,-0012.56
+1580946604.60,+0003.91,+0008.79,-0007.81,-0002.37,+0002.60,-0009.42
+1580946604.60,-0000.98,+0006.84,-0007.81,+0001.23,-0000.15,-0012.17
+1580946604.61,-0008.79,+0008.79,-0008.79,+0001.38,-0003.52,-0011.71
+1580946604.61,+0000.00,+0009.77,-0007.81,+0002.07,-0006.66,-0007.66
+1580946604.62,+0008.79,+0007.81,-0007.81,-0000.31,+0001.23,-0005.36
+1580946604.62,-0007.81,+0006.84,-0009.77,-0001.38,-0000.23,-0005.97
+1580946604.63,-0006.84,+0006.84,-0009.77,+0002.68,-0003.14,-0013.17
+1580946604.63,+0000.00,+0006.84,-0008.79,+0001.53,-0002.60,-0012.63
+1580946604.64,+0002.93,+0007.81,-0007.81,+0001.84,-0002.22,-0008.35
+1580946604.64,-0004.88,+0005.86,-0008.79,-0001.53,+0000.00,-0010.18
+1580946604.65,-0007.81,+0005.86,-0009.77,-0001.38,-0000.15,-0012.63
+1580946604.65,-0003.91,+0006.84,-0010.74,-0000.54,-0000.61,-0011.64
+1580946604.66,+0004.88,+0006.84,-0008.79,-0000.31,-0003.45,-0007.96
+1580946604.66,+0000.00,+0003.91,-0009.77,-0001.61,-0000.92,-0007.66
+1580946604.67,-0005.86,+0003.91,-0010.74,-0002.07,-0003.14,-0008.96
+1580946604.67,-0000.98,+0003.91,-0011.72,+0000.38,+0000.84,-0011.25
+1580946604.68,-0000.98,+0003.91,-0010.74,+0001.53,-0000.23,-0013.40
+1580946604.68,-0001.95,+0003.91,-0010.74,+0001.53,-0003.06,-0011.10
+1580946604.69,+0002.93,+0002.93,-0010.74,-0001.00,+0001.23,-0016.08
+1580946604.69,-0000.98,+0000.98,-0011.72,+0000.23,-0001.84,-0011.48
+1580946604.70,+0003.91,+0002.93,-0011.72,-0001.07,-0002.53,-0010.72
+1580946604.70,+0002.93,+0000.98,-0011.72,-0002.14,-0000.31,-0009.42
+1580946604.71,+0000.98,+0000.98,-0012.70,+0001.38,+0000.15,-0010.11
+1580946604.71,+0001.95,+0000.98,-0012.70,+0001.91,-0001.45,-0010.26
+1580946604.72,+0004.88,+0000.00,-0013.67,-0001.30,+0001.30,-0007.27
+1580946604.72,+0000.00,+0000.00,-0013.67,-0000.15,-0001.45,-0006.05
+1580946604.73,+0000.00,+0000.00,-0014.65,+0000.08,+0001.61,-0009.34
+1580946604.73,-0001.95,-0000.98,-0014.65,+0001.76,+0000.69,-0014.55
+1580946604.74,+0002.93,-0000.98,-0012.70,+0001.30,+0000.38,-0014.62
+1580946604.74,+0000.00,-0000.98,-0013.67,+0000.92,-0000.23,-0015.85
+1580946604.75,-0000.98,-0001.95,-0013.67,+0000.46,-0004.06,-0008.35
+1580946604.75,+0003.91,-0000.98,-0014.65,-0000.54,+0001.76,-0011.25
+1580946604.76,-0002.93,-0001.95,-0014.65,+0000.31,-0002.53,-0005.28
+1580946604.76,+0005.86,+0000.00,-0014.65,+0001.53,-0001.07,-0008.88
+1580946604.77,-0000.98,-0002.93,-0016.60,-0003.45,+0001.53,-0008.42
+1580946604.77,-0000.98,-0000.98,-0015.62,+0001.99,-0003.37,-0007.96
+1580946604.78,+0004.88,-0000.98,-0013.67,-0001.99,-0001.00,-0003.29
+1580946604.78,+0005.86,-0001.95,-0014.65,+0000.46,+0002.76,-0007.73
+1580946604.79,-0009.77,-0000.98,-0016.60,-0000.08,-0000.31,-0008.88
+1580946604.79,-0000.98,+0000.00,-0015.62,+0000.69,+0001.38,-0013.48
+1580946604.80,+0002.93,-0001.95,-0015.62,-0003.06,+0003.45,-0012.17
+1580946604.80,-0000.98,-0001.95,-0014.65,-0000.23,-0001.61,-0011.25
+1580946604.81,-0003.91,-0001.95,-0016.60,+0000.69,-0001.84,-0008.65
+1580946604.81,-0004.88,-0002.93,-0016.60,-0000.84,+0000.69,-0013.09
+1580946604.82,-0007.81,-0000.98,-0015.62,+0000.54,-0001.76,-0008.12
+1580946604.82,+0001.95,-0000.98,-0014.65,+0000.31,+0000.31,-0008.04
+1580946604.83,-0004.88,-0003.91,-0016.60,-0000.92,-0002.53,-0007.58
+1580946604.83,-0003.91,-0002.93,-0017.58,+0002.45,-0002.53,-0009.65
+1580946604.84,-0005.86,-0003.91,-0018.55,-0002.99,+0003.29,-0013.25
+1580946604.84,-0005.86,-0003.91,-0017.58,-0001.00,-0000.38,-0015.08
+1580946604.85,+0001.95,-0002.93,-0016.60,-0002.07,-0001.91,-0008.50
+1580946604.85,-0000.98,-0005.86,-0018.55,+0000.38,-0001.53,-0007.35
+1580946604.86,-0003.91,-0003.91,-0020.51,-0002.14,-0002.83,-0008.58
+1580946604.86,-0000.98,-0003.91,-0020.51,+0002.45,-0001.00,-0012.40
+1580946604.87,+0000.98,-0003.91,-0019.53,-0000.31,-0000.31,-0011.25
+1580946604.87,+0000.98,-0003.91,-0019.53,+0000.08,-0002.14,-0009.95
+1580946604.88,+0001.95,-0003.91,-0019.53,-0001.53,-0002.76,-0010.80
+1580946604.88,+0000.98,-0004.88,-0020.51,-0001.61,+0000.46,-0010.11
+1580946604.89,+0000.98,-0003.91,-0021.48,-0000.08,+0000.23,-0010.64
+1580946604.89,+0000.00,-0003.91,-0021.48,+0001.15,-0000.61,-0013.09
+1580946604.90,+0001.95,-0004.88,-0021.48,+0001.38,-0002.45,-0009.88
+1580946604.90,+0001.95,-0004.88,-0022.46,-0001.91,+0003.83,-0011.56
+1580946604.91,-0001.95,-0005.86,-0022.46,-0001.84,-0001.91,-0011.87
+1580946604.91,+0000.98,-0004.88,-0021.48,+0001.68,-0000.38,-0009.72
+1580946604.92,+0001.95,-0005.86,-0021.48,-0001.07,-0001.07,-0006.74
+1580946604.92,-0003.91,-0006.84,-0023.44,-0000.92,+0002.99,-0010.64
+1580946604.93,-0005.86,-0004.88,-0022.46,-0001.38,+0002.99,-0014.16
+1580946604.93,+0000.98,-0004.88,-0021.48,+0001.30,-0002.14,-0009.49
+1580946604.94,+0006.84,-0005.86,-0020.51,-0001.84,+0000.69,-0008.80
+1580946604.94,-0002.93,-0007.81,-0022.46,-0000.54,-0002.53,-0007.81
+1580946604.95,-0003.91,-0005.86,-0023.44,-0000.38,+0001.53,-0012.71
+1580946604.95,+0002.93,-0006.84,-0021.48,-0000.15,-0004.06,-0008.27
+1580946604.96,+0013.67,-0005.86,-0020.51,-0002.07,-0001.00,-0005.74
+1580946604.96,+0000.98,-0007.81,-0022.46,-0002.37,+0000.69,-0007.96
+1580946604.97,-0001.95,-0005.86,-0023.44,-0001.38,-0001.61,-0011.94
+1580946604.97,+0008.79,-0005.86,-0024.41,+0001.07,+0001.30,-0014.47
+1580946604.98,+0007.81,-0005.86,-0022.46,+0000.92,-0001.23,-0008.73
+1580946604.98,+0002.93,-0005.86,-0022.46,-0000.69,-0001.38,-0008.88
+1580946604.99,+0000.98,-0007.81,-0022.46,-0000.69,+0000.61,-0011.03
+1580946604.99,+0003.91,-0006.84,-0022.46,+0002.53,-0000.08,-0008.65
+1580946605.00,+0005.86,-0004.88,-0021.48,+0000.15,-0001.23,-0010.34
+1580946605.00,+0003.91,-0008.79,-0021.48,+0001.30,-0000.08,-0007.89
+1580946605.01,+0000.00,-0007.81,-0023.44,+0000.15,+0000.31,-0010.87
+1580946605.01,+0001.95,-0006.84,-0023.44,+0000.84,-0000.31,-0009.57
+1580946605.02,+0001.95,-0007.81,-0021.48,+0002.14,+0000.46,-0012.40
+1580946605.02,+0004.88,-0007.81,-0019.53,+0001.45,+0000.15,-0007.81
+1580946605.03,-0004.88,-0008.79,-0021.48,-0002.30,+0003.37,-0011.79
+1580946605.03,-0002.93,-0008.79,-0021.48,+0000.92,-0003.14,-0009.80
+1580946605.04,+0004.88,-0007.81,-0020.51,-0001.00,+0002.07,-0009.34
+1580946605.04,-0001.95,-0010.74,-0020.51,+0000.46,+0000.46,-0012.02
+1580946605.05,-0006.84,-0008.79,-0021.48,-0000.92,-0001.30,-0008.12
+1580946605.05,-0000.98,-0009.77,-0021.48,+0000.54,+0001.00,-0012.10
+1580946605.06,-0003.91,-0009.77,-0020.51,-0001.00,-0001.15,-0008.73
+1580946605.06,-0000.98,-0007.81,-0019.53,-0000.69,-0000.61,-0013.02
+1580946605.07,-0001.95,-0009.77,-0020.51,-0000.15,-0001.07,-0011.41
+1580946605.07,+0000.98,-0007.81,-0018.55,+0000.31,+0000.23,-0008.04
+1580946605.08,+0000.00,-0006.84,-0019.53,+0001.38,+0000.23,-0012.02
+1580946605.08,-0001.95,-0008.79,-0019.53,+0000.08,-0002.45,-0008.27
+1580946605.09,+0001.95,-0008.79,-0018.55,+0000.38,-0001.91,-0006.43
+1580946605.09,+0000.00,-0007.81,-0017.58,+0001.53,-0001.00,-0010.03
+1580946605.10,+0001.95,-0006.84,-0017.58,-0000.84,+0000.08,-0012.63
+1580946605.10,+0004.88,-0006.84,-0017.58,+0000.69,-0000.61,-0010.95
+1580946605.11,+0000.98,-0007.81,-0017.58,+0000.77,-0001.30,-0009.49
+1580946605.11,+0002.93,-0006.84,-0016.60,+0000.38,+0000.77,-0016.08
+1580946605.12,+0003.91,-0006.84,-0016.60,-0001.76,-0001.76,-0010.03
+1580946605.12,+0007.81,-0005.86,-0015.62,+0001.91,-0000.23,-0008.73
+1580946605.13,+0000.98,-0006.84,-0015.62,+0001.15,-0001.76,-0007.96
+1580946605.13,+0002.93,-0005.86,-0015.62,+0000.54,-0000.15,-0011.18
+1580946605.14,+0005.86,-0006.84,-0014.65,-0000.08,-0000.61,-0008.04
+1580946605.14,+0004.88,-0005.86,-0014.65,+0000.31,+0001.99,-0011.03
+1580946605.15,-0000.98,-0006.84,-0014.65,+0001.68,-0003.06,-0012.10
+1580946605.15,+0005.86,-0006.84,-0013.67,-0000.08,-0003.06,-0007.20
+1580946605.16,+0008.79,-0006.84,-0014.65,-0000.15,+0001.91,-0007.20
+1580946605.16,-0002.93,-0007.81,-0015.62,-0000.46,-0001.68,-0009.49
+1580946605.17,+0001.95,-0008.79,-0015.62,+0001.00,-0000.61,-0010.80
+1580946605.17,+0003.91,-0008.79,-0014.65,-0001.45,+0000.31,-0013.40
+1580946605.18,+0002.93,-0007.81,-0014.65,-0000.84,-0001.68,-0010.03
+1580946605.18,+0001.95,-0008.79,-0015.62,-0000.61,+0000.92,-0008.88
+1580946605.19,+0000.00,-0009.77,-0016.60,-0000.38,-0001.00,-0009.80
+1580946605.19,+0001.95,-0008.79,-0016.60,-0000.54,+0000.23,-0008.04
+1580946605.20,+0002.93,-0010.74,-0016.60,-0002.60,+0001.53,-0007.50
+1580946605.20,-0002.93,-0010.74,-0017.58,-0002.45,+0000.31,-0009.80
+1580946605.21,-0004.88,-0009.77,-0017.58,+0001.00,+0001.68,-0014.55
+1580946605.21,+0000.98,-0010.74,-0016.60,+0001.00,-0001.38,-0012.48
+1580946605.22,-0000.98,-0010.74,-0016.60,+0000.84,-0000.46,-0012.25
+1580946605.22,-0005.86,-0011.72,-0016.60,-0001.91,-0000.15,-0008.42
+1580946605.23,-0002.93,-0012.70,-0017.58,+0002.22,-0002.53,-0006.51
+1580946605.23,-0004.88,-0012.70,-0018.55,+0001.30,-0001.15,-0007.96
+1580946605.24,+0000.98,-0011.72,-0017.58,-0000.38,-0000.69,-0008.50
+1580946605.24,+0001.95,-0013.67,-0016.60,-0000.15,-0000.15,-0007.81
+1580946605.25,-0004.88,-0013.67,-0016.60,+0000.08,-0001.68,-0009.03
+1580946605.25,-0003.91,-0012.70,-0015.62,+0000.38,-0002.22,-0011.64
+1580946605.26,+0001.95,-0012.70,-0015.62,+0002.14,-0003.14,-0008.96
+1580946605.26,+0001.95,-0012.70,-0015.62,-0002.53,+0002.37,-0010.80
+1580946605.27,-0002.93,-0012.70,-0015.62,+0000.54,-0001.68,-0009.72
+1580946605.27,+0001.95,-0013.67,-0015.62,+0001.15,+0000.84,-0012.40
+1580946605.28,+0000.00,-0012.70,-0014.65,-0000.77,-0001.23,-0013.48
+1580946605.28,+0004.88,-0011.72,-0011.72,+0001.68,-0002.37,-0008.80
+1580946605.29,+0004.88,-0012.70,-0011.72,-0000.77,+0000.69,-0005.97
+1580946605.29,-0005.86,-0011.72,-0012.70,+0001.68,+0000.54,-0010.80
+1580946605.30,-0004.88,-0009.77,-0011.72,-0000.23,-0001.91,-0011.56
+1580946605.30,+0005.86,-0008.79,-0008.79,-0000.54,+0002.30,-0008.96
+1580946605.31,+0000.98,-0009.77,-0007.81,+0001.53,+0001.76,-0010.49
+1580946605.31,-0007.81,-0008.79,-0008.79,-0000.23,-0002.37,-0013.09
+1580946605.32,+0001.95,-0009.77,-0008.79,-0000.31,-0003.75,-0008.88
+1580946605.32,+0004.88,-0007.81,-0007.81,+0000.08,+0004.75,-0014.70
+1580946605.33,-0007.81,-0006.84,-0007.81,-0000.23,-0005.28,-0010.57
+1580946605.33,+0003.91,-0006.84,-0005.86,+0003.98,-0002.22,-0010.34
+1580946605.34,-0000.98,-0006.84,-0003.91,+0004.67,-0002.91,-0012.40
+1580946605.34,+0000.00,-0001.95,-0001.95,-0000.54,-0001.84,-0007.04
+1580946605.35,+0003.91,-0004.88,-0002.93,+0002.53,+0001.99,-0011.10
+1580946605.35,-0003.91,-0002.93,-0001.95,+0001.84,-0001.15,-0012.94
+1580946605.36,+0004.88,-0000.98,+0000.00,+0001.23,+0000.61,-0011.03
+1580946605.36,+0003.91,-0001.95,+0000.98,+0001.00,-0000.31,-0010.41
+1580946605.37,-0000.98,-0000.98,+0000.98,+0001.84,-0001.45,-0007.27
+1580946605.37,+0001.95,+0000.00,+0001.95,-0000.38,-0002.30,-0009.57
+1580946605.38,+0003.91,+0000.00,+0001.95,+0001.99,-0001.07,-0007.89
+1580946605.38,+0004.88,+0001.95,+0002.93,+0001.23,+0000.15,-0006.74
+1580946605.39,+0000.98,+0000.98,+0002.93,+0001.45,-0001.07,-0008.73
+1580946605.39,+0000.00,+0002.93,+0003.91,+0000.38,-0002.45,-0008.88
+1580946605.40,+0002.93,+0003.91,+0004.88,+0002.99,+0001.00,-0010.03
+1580946605.40,+0000.00,+0002.93,+0004.88,-0001.84,-0000.08,-0010.64
+1580946605.41,+0000.98,+0003.91,+0004.88,-0002.68,-0000.84,-0004.82
+1580946605.41,+0000.98,+0001.95,+0003.91,+0004.98,+0006.97,-0017.69
+1580946605.42,-0013.67,+0003.91,+0003.91,-0000.23,-0002.91,-0014.78
+1580946605.42,-0000.98,+0005.86,+0004.88,+0003.52,-0004.13,-0010.49
+1580946605.43,+0003.91,+0003.91,+0005.86,-0001.76,+0004.59,-0011.03
+1580946605.43,-0013.67,+0003.91,+0003.91,+0000.23,-0003.22,-0004.67
+1580946605.44,-0004.88,+0002.93,+0002.93,-0001.45,-0002.07,-0009.26
+1580946605.44,-0002.93,+0002.93,+0002.93,-0000.08,-0001.61,-0009.42
+1580946605.45,-0001.95,+0005.86,+0003.91,-0000.38,+0000.54,-0009.72
+1580946605.45,-0004.88,+0003.91,+0001.95,-0001.84,-0000.23,-0013.78
+1580946605.46,-0004.88,+0002.93,+0001.95,+0000.38,-0002.91,-0010.18
+1580946605.46,-0000.98,+0005.86,+0000.98,-0001.68,+0001.07,-0011.79
+1580946605.47,-0005.86,+0004.88,+0000.98,-0002.53,-0000.46,-0011.94
+1580946605.47,+0000.98,+0005.86,+0000.98,+0001.68,-0003.75,-0009.34
+1580946605.48,+0002.93,+0004.88,+0000.00,+0000.38,+0000.00,-0006.97
+1580946605.48,-0002.93,+0005.86,-0000.98,-0002.68,-0000.23,-0008.19
+1580946605.49,-0005.86,+0004.88,-0001.95,+0002.14,+0000.46,-0013.70
+1580946605.49,+0000.00,+0006.84,-0000.98,-0000.61,+0000.23,-0010.18
+1580946605.50,+0001.95,+0007.81,-0000.98,-0001.15,+0000.69,-0013.17
+1580946605.50,-0001.95,+0004.88,-0001.95,-0001.84,-0001.68,-0008.27
+1580946605.51,+0001.95,+0004.88,-0003.91,+0001.23,+0001.07,-0009.26
+1580946605.51,-0005.86,+0005.86,-0004.88,+0000.84,-0002.53,-0012.63
+1580946605.52,+0000.00,+0006.84,-0004.88,+0000.69,+0000.08,-0011.03
+1580946605.52,+0005.86,+0005.86,-0004.88,-0001.45,+0001.23,-0011.71
+1580946605.53,-0001.95,+0004.88,-0004.88,-0001.07,+0000.23,-0010.87
+1580946605.53,+0003.91,+0004.88,-0005.86,-0002.22,-0000.38,-0009.95
+1580946605.54,+0002.93,+0003.91,-0006.84,-0001.30,-0000.92,-0008.35
+1580946605.54,+0002.93,+0005.86,-0007.81,-0003.37,-0000.84,-0007.43
+1580946605.55,+0001.95,+0004.88,-0008.79,+0000.23,-0000.69,-0012.02
+1580946605.55,-0002.93,+0003.91,-0008.79,+0000.69,-0003.75,-0008.80
+1580946605.56,+0007.81,+0004.88,-0007.81,-0000.54,+0001.61,-0009.65
+1580946605.56,+0003.91,+0002.93,-0008.79,-0001.38,+0001.15,-0012.10
+1580946605.57,+0002.93,+0002.93,-0008.79,-0001.84,+0002.53,-0014.55
+1580946605.57,-0002.93,+0002.93,-0012.70,-0001.61,+0000.23,-0017.76
+1580946605.58,+0003.91,+0002.93,-0012.70,+0000.31,-0000.92,-0012.02
+1580946605.58,+0008.79,+0002.93,-0012.70,-0003.37,+0000.77,-0010.49
+1580946605.59,-0001.95,+0001.95,-0013.67,+0001.61,-0001.23,-0007.35
+1580946605.59,+0000.00,+0002.93,-0014.65,-0002.99,-0002.14,-0004.90
+1580946605.60,+0005.86,+0000.98,-0016.60,+0002.60,-0001.91,-0005.59
+1580946605.60,-0001.95,+0000.98,-0015.62,-0000.38,-0001.84,-0008.12
+1580946605.61,-0000.98,+0000.98,-0014.65,-0001.00,-0002.07,-0006.66
+1580946605.61,+0003.91,+0000.00,-0015.62,-0001.00,+0002.91,-0011.18
+1580946605.62,-0001.95,+0000.00,-0016.60,-0000.69,-0000.08,-0012.40
+1580946605.62,+0002.93,-0000.98,-0017.58,-0002.45,+0001.30,-0012.56
+1580946605.63,+0000.00,-0002.93,-0018.55,-0000.54,-0000.54,-0011.64
+1580946605.63,-0003.91,-0000.98,-0018.55,-0000.15,+0000.46,-0013.63
+1580946605.64,-0000.98,-0000.98,-0017.58,+0000.08,+0000.31,-0006.74
+1580946605.64,+0001.95,-0001.95,-0017.58,-0001.30,+0002.07,-0006.66
+1580946605.65,-0001.95,-0003.91,-0017.58,-0004.90,+0000.92,-0004.06
+1580946605.65,-0005.86,-0002.93,-0019.53,+0002.07,-0000.61,-0008.42
+1580946605.66,-0002.93,-0004.88,-0019.53,+0001.23,-0002.22,-0005.90
+1580946605.66,+0001.95,-0003.91,-0018.55,-0002.68,+0002.45,-0009.03
+1580946605.67,-0007.81,-0005.86,-0019.53,+0000.61,+0000.69,-0010.03
+1580946605.67,-0005.86,-0006.84,-0019.53,+0001.38,+0000.46,-0014.01
+1580946605.68,-0002.93,-0006.84,-0019.53,-0000.69,+0001.99,-0015.70
+1580946605.68,-0004.88,-0005.86,-0018.55,+0001.76,+0000.00,-0014.85
+1580946605.69,-0003.91,-0007.81,-0017.58,-0002.07,+0000.15,-0018.53
+1580946605.69,-0001.95,-0007.81,-0018.55,-0001.15,-0003.06,-0011.03
+1580946605.70,-0000.98,-0007.81,-0018.55,-0000.77,+0000.69,-0007.35
+1580946605.70,-0002.93,-0008.79,-0019.53,-0001.84,-0000.15,-0004.75
+1580946605.71,-0004.88,-0008.79,-0019.53,+0000.84,-0000.69,-0007.20
+1580946605.71,+0001.95,-0007.81,-0017.58,+0000.54,-0001.61,-0004.82
+1580946605.72,+0005.86,-0008.79,-0016.60,+0001.84,+0001.30,-0005.59
+1580946605.72,-0003.91,-0009.77,-0016.60,+0000.61,+0000.84,-0011.41
+1580946605.73,+0000.00,-0008.79,-0016.60,-0000.69,-0002.30,-0011.41
+1580946605.73,+0009.77,-0009.77,-0016.60,+0002.99,+0001.38,-0011.94
+1580946605.74,+0001.95,-0009.77,-0016.60,-0002.07,+0000.54,-0014.62
+1580946605.74,-0001.95,-0010.74,-0016.60,+0002.45,-0002.07,-0014.24
+1580946605.75,+0003.91,-0010.74,-0015.62,+0000.08,-0000.23,-0011.94
+1580946605.75,+0006.84,-0009.77,-0014.65,+0001.45,+0003.22,-0010.34
+1580946605.76,-0000.98,-0009.77,-0014.65,-0000.69,-0001.00,-0011.87
+1580946605.76,+0000.98,-0010.74,-0013.67,+0001.68,-0000.84,-0010.26
+1580946605.77,+0003.91,-0009.77,-0012.70,-0000.61,+0000.92,-0008.73
+1580946605.77,+0000.00,-0008.79,-0013.67,+0001.76,+0002.60,-0009.95
+1580946605.78,-0001.95,-0009.77,-0011.72,+0001.38,-0003.06,-0005.21
+1580946605.78,+0006.84,-0008.79,-0011.72,-0000.15,+0004.21,-0010.18
+1580946605.79,-0003.91,-0007.81,-0011.72,+0000.46,+0000.38,-0012.33
+1580946605.79,+0002.93,-0007.81,-0010.74,-0000.38,-0005.36,-0004.59
+1580946605.80,+0002.93,-0007.81,-0010.74,-0000.15,+0001.61,-0016.00
+1580946605.80,-0004.88,-0006.84,-0008.79,+0001.30,-0004.21,-0006.89
+1580946605.81,+0006.84,-0006.84,-0007.81,+0001.76,-0002.76,-0008.50
+1580946605.81,+0000.98,-0006.84,-0008.79,+0001.68,-0001.61,-0006.58
+1580946605.82,-0004.88,-0005.86,-0008.79,+0002.53,+0001.07,-0012.40
+1580946605.82,-0005.86,-0004.88,-0007.81,+0001.99,-0003.29,-0011.41
+1580946605.83,+0002.93,-0003.91,-0005.86,-0001.00,+0001.07,-0008.88
+1580946605.83,-0005.86,-0003.91,-0005.86,-0002.76,-0000.54,-0011.25
+1580946605.84,-0005.86,-0004.88,-0004.88,+0005.44,-0001.53,-0009.49
+1580946605.84,-0001.95,-0003.91,-0004.88,+0001.00,+0001.68,-0009.65
+1580946605.85,-0007.81,-0002.93,-0003.91,-0001.53,-0002.37,-0008.80
+1580946605.85,-0003.91,-0002.93,-0002.93,+0002.45,-0002.53,-0009.42
+1580946605.86,-0004.88,-0002.93,-0002.93,+0002.45,-0003.29,-0008.73
+1580946605.86,-0003.91,-0001.95,-0002.93,+0000.61,-0000.46,-0008.19
+1580946605.87,-0008.79,-0001.95,-0002.93,+0000.08,-0002.37,-0010.03
+1580946605.87,-0005.86,-0001.95,-0001.95,-0000.15,+0002.22,-0010.87
+1580946605.88,-0007.81,+0000.00,-0001.95,+0002.22,+0001.68,-0014.55
+1580946605.88,-0004.88,+0000.00,+0000.00,+0002.45,-0004.44,-0007.58
+1580946605.89,+0004.88,+0000.00,+0000.98,-0000.31,+0000.38,-0010.64
+1580946605.89,-0005.86,-0000.98,+0000.98,+0003.29,-0005.67,-0007.89
+1580946605.90,+0001.95,+0000.98,+0000.98,-0000.23,-0004.52,-0009.42
+1580946605.90,+0008.79,+0000.98,+0001.95,-0001.07,-0002.37,-0004.06
+1580946605.91,+0002.93,+0001.95,+0000.00,+0000.84,+0005.67,-0014.85
+1580946605.91,-0009.77,+0002.93,+0000.98,+0000.00,-0004.44,-0016.00
+1580946605.92,+0011.72,+0003.91,+0002.93,+0000.38,+0001.99,-0010.57
+1580946605.92,+0009.77,+0001.95,+0003.91,+0001.07,+0001.91,-0012.33
+1580946605.93,-0006.84,+0002.93,+0002.93,+0001.76,-0004.29,-0006.81
+1580946605.93,+0001.95,+0002.93,+0002.93,-0001.30,+0000.54,-0012.02
+1580946605.94,+0000.00,+0002.93,+0004.88,+0000.00,+0001.91,-0013.02
+1580946605.94,-0001.95,+0003.91,+0006.84,+0001.61,+0002.37,-0013.78
+1580946605.95,-0002.93,+0002.93,+0007.81,+0003.68,-0004.52,-0012.02
+1580946605.95,+0005.86,+0002.93,+0006.84,+0000.46,+0001.84,-0006.35
+1580946605.96,+0000.00,+0002.93,+0004.88,+0000.61,+0001.00,-0009.19
+1580946605.96,-0005.86,+0002.93,+0003.91,+0001.53,-0001.00,-0007.20
+1580946605.97,+0000.00,+0003.91,+0004.88,+0000.84,-0001.91,-0011.79
+1580946605.97,+0002.93,+0003.91,+0006.84,+0001.45,-0002.53,-0007.43
+1580946605.98,+0004.88,+0003.91,+0006.84,+0000.08,-0001.00,-0009.03
+1580946605.98,-0001.95,+0002.93,+0004.88,-0002.07,+0000.23,-0012.40
+1580946605.99,+0000.98,+0004.88,+0004.88,-0000.38,-0002.60,-0009.11
+1580946605.99,+0008.79,+0004.88,+0004.88,+0000.31,+0001.07,-0008.88
+1580946606.00,+0001.95,+0003.91,+0003.91,+0000.08,-0000.15,-0009.65
+1580946606.00,-0004.88,+0002.93,+0003.91,+0000.00,-0002.22,-0009.11
+1580946606.01,+0000.98,+0005.86,+0003.91,-0001.23,-0000.15,-0013.02
+1580946606.01,+0002.93,+0004.88,+0005.86,+0000.31,-0000.77,-0009.19
+1580946606.02,+0003.91,+0003.91,+0005.86,-0001.07,+0003.75,-0008.12
+1580946606.02,-0003.91,+0002.93,+0002.93,+0001.30,-0002.14,-0007.35
+1580946606.03,+0000.00,+0003.91,+0001.95,-0000.31,+0000.38,-0008.35
+1580946606.03,+0000.98,+0002.93,+0001.95,+0001.30,-0001.30,-0010.41
+1580946606.04,+0000.98,+0003.91,+0002.93,-0000.61,-0000.15,-0009.88
+1580946606.04,+0000.98,+0001.95,+0002.93,+0000.15,-0003.06,-0007.20
+1580946606.05,+0003.91,+0001.95,+0001.95,+0000.00,+0002.60,-0012.48
+1580946606.05,-0002.93,+0001.95,+0000.98,+0001.07,-0000.23,-0013.09
+1580946606.06,-0000.98,+0002.93,+0000.98,+0000.92,-0003.45,-0012.48
+1580946606.06,+0004.88,+0001.95,+0000.98,-0001.00,+0001.23,-0008.58
+1580946606.07,-0002.93,+0000.98,-0000.98,-0000.92,+0002.14,-0008.96
+1580946606.07,-0003.91,+0000.98,-0002.93,-0001.30,+0000.15,-0006.97
+1580946606.08,+0000.00,+0000.00,-0001.95,+0000.23,+0002.76,-0014.24
+1580946606.08,+0001.95,+0000.00,-0000.98,-0000.31,-0002.45,-0002.68
+1580946606.09,+0003.91,+0000.00,-0001.95,-0000.31,+0003.68,-0008.88
+1580946606.09,-0013.67,-0000.98,-0003.91,-0001.30,+0001.99,-0013.86
+1580946606.10,+0000.00,+0002.93,-0001.95,+0001.38,+0002.14,-0016.23
+1580946606.10,+0006.84,+0000.00,-0001.95,-0001.07,+0004.06,-0010.80
+1580946606.11,-0001.95,-0000.98,-0000.98,+0000.23,-0000.08,-0009.57
+1580946606.11,-0003.91,+0000.98,-0002.93,+0001.45,+0000.15,-0013.32
+1580946606.12,+0000.98,+0001.95,-0002.93,+0000.61,-0001.91,-0011.03
+1580946606.12,+0009.77,+0003.91,-0001.95,-0000.31,+0000.61,-0007.50
+1580946606.13,+0006.84,+0000.00,-0001.95,-0001.23,+0001.07,-0003.22
+1580946606.13,-0007.81,+0000.98,-0004.88,-0001.91,+0002.22,-0013.32
+1580946606.14,-0000.98,+0004.88,-0004.88,+0003.06,-0003.14,-0007.58
+1580946606.14,+0013.67,+0005.86,-0002.93,+0001.61,+0002.99,-0014.24
+1580946606.15,-0002.93,+0003.91,-0001.95,+0000.54,-0002.07,-0009.72
+1580946606.15,-0000.98,+0004.88,-0002.93,+0001.76,-0000.84,-0010.26
+1580946606.16,+0005.86,+0004.88,-0002.93,-0000.23,+0001.68,-0011.94
+1580946606.16,+0000.00,+0007.81,-0002.93,+0001.07,+0000.92,-0011.56
+1580946606.17,+0004.88,+0006.84,-0003.91,+0000.61,+0001.84,-0009.03
+1580946606.17,+0000.00,+0004.88,-0004.88,+0001.07,-0000.23,-0011.87
+1580946606.18,-0000.98,+0007.81,-0003.91,-0000.15,+0000.00,-0009.26
+1580946606.18,+0004.88,+0008.79,-0003.91,-0002.76,+0003.14,-0011.79
+1580946606.19,-0001.95,+0006.84,-0003.91,+0000.00,+0001.38,-0009.49
+1580946606.19,-0006.84,+0007.81,-0004.88,-0001.68,+0001.91,-0013.93
+1580946606.20,+0000.98,+0008.79,-0004.88,+0000.84,-0000.38,-0010.18
+1580946606.20,+0001.95,+0009.77,-0003.91,-0000.31,+0000.54,-0006.43
+1580946606.21,-0000.98,+0008.79,-0004.88,+0001.00,+0000.15,-0006.74
+1580946606.21,-0004.88,+0008.79,-0005.86,+0001.53,+0000.00,-0011.48
+1580946606.22,+0002.93,+0010.74,-0004.88,-0000.38,+0000.69,-0008.88
+1580946606.22,+0001.95,+0010.74,-0004.88,+0000.00,+0003.45,-0011.25
+1580946606.23,-0007.81,+0009.77,-0005.86,-0000.46,-0003.83,-0012.56
+1580946606.23,+0002.93,+0012.70,-0005.86,+0001.23,-0001.61,-0010.95
+1580946606.24,+0005.86,+0010.74,-0005.86,-0000.77,+0000.08,-0009.11
+1580946606.24,-0000.98,+0011.72,-0007.81,-0000.46,-0000.38,-0008.80
+1580946606.25,-0004.88,+0010.74,-0008.79,-0001.53,-0002.37,-0010.72
+1580946606.25,+0002.93,+0010.74,-0008.79,-0000.77,+0001.45,-0007.27
+1580946606.26,+0000.00,+0010.74,-0008.79,-0001.84,+0001.53,-0010.26
+1580946606.26,-0005.86,+0009.77,-0008.79,-0000.15,-0000.38,-0008.88
+1580946606.27,-0002.93,+0010.74,-0008.79,+0000.77,-0000.92,-0015.24
+1580946606.27,+0003.91,+0010.74,-0007.81,-0000.92,-0002.14,-0003.90
+1580946606.28,+0002.93,+0009.77,-0007.81,-0000.38,+0002.14,-0008.50
+1580946606.28,-0016.60,+0008.79,-0010.74,-0002.14,-0001.61,-0014.32
+1580946606.29,-0005.86,+0010.74,-0010.74,+0001.99,-0001.23,-0014.39
+1580946606.29,+0003.91,+0009.77,-0009.77,-0000.31,+0000.23,-0014.47
+1580946606.30,-0003.91,+0007.81,-0008.79,+0000.61,-0003.90,-0009.95
+1580946606.30,-0001.95,+0006.84,-0009.77,-0001.00,-0005.59,-0005.97
+1580946606.31,-0004.88,+0005.86,-0012.70,-0000.77,-0001.76,-0009.42
+1580946606.31,-0005.86,+0008.79,-0012.70,-0001.53,-0004.06,-0008.04
+1580946606.32,+0004.88,+0007.81,-0010.74,-0002.68,-0004.82,-0006.35
+1580946606.32,+0000.98,+0003.91,-0011.72,+0001.84,-0005.36,-0008.27
+1580946606.33,-0001.95,+0004.88,-0012.70,-0000.69,-0007.73,-0007.43
+1580946606.33,+0001.95,+0003.91,-0014.65,+0000.15,-0001.61,-0010.80
+1580946606.34,-0001.95,+0003.91,-0014.65,-0001.45,-0001.15,-0014.78
+1580946606.34,-0001.95,+0004.88,-0013.67,+0000.15,+0000.54,-0014.01
+1580946606.35,+0000.98,+0002.93,-0010.74,-0001.30,-0002.22,-0011.56
+1580946606.35,-0000.98,+0001.95,-0011.72,+0001.99,-0001.68,-0008.58
+1580946606.36,-0007.81,+0001.95,-0012.70,-0000.23,-0004.59,-0011.03
+1580946606.36,-0002.93,+0000.98,-0012.70,+0001.61,-0002.45,-0011.56
+1580946606.37,+0001.95,-0000.98,-0011.72,-0000.92,-0000.77,-0008.88
+1580946606.37,+0000.00,-0002.93,-0011.72,+0002.30,+0001.15,-0010.34
+1580946606.38,-0007.81,-0002.93,-0013.67,+0001.91,-0006.81,-0008.80
+1580946606.38,+0004.88,-0002.93,-0013.67,+0001.23,-0002.37,-0008.42
+1580946606.39,-0000.98,-0004.88,-0013.67,+0000.54,-0002.45,-0009.26
+1580946606.39,+0000.98,-0004.88,-0012.70,+0001.45,-0001.38,-0012.33
+1580946606.40,+0001.95,-0006.84,-0013.67,-0003.22,-0001.84,-0009.42
+1580946606.40,+0006.84,-0006.84,-0013.67,+0001.76,-0005.05,-0010.11
+1580946606.41,+0003.91,-0007.81,-0014.65,-0002.99,-0001.15,-0012.25
+1580946606.41,+0002.93,-0008.79,-0014.65,-0000.92,-0002.22,-0012.02
+1580946606.42,+0006.84,-0009.77,-0014.65,-0002.22,+0000.15,-0011.87
+1580946606.42,+0009.77,-0008.79,-0013.67,+0000.61,-0003.68,-0008.88
+1580946606.43,+0005.86,-0009.77,-0014.65,+0000.77,-0001.15,-0006.28
+1580946606.43,+0004.88,-0010.74,-0015.62,-0003.75,-0001.53,-0010.57
+1580946606.44,+0002.93,-0012.70,-0016.60,+0000.77,-0000.23,-0009.65
+1580946606.44,+0006.84,-0010.74,-0014.65,+0000.54,-0000.84,-0010.80
+1580946606.45,+0007.81,-0011.72,-0013.67,-0001.84,-0004.67,-0000.46
+1580946606.45,+0009.77,-0013.67,-0014.65,+0001.84,+0000.31,-0006.28
+1580946606.46,-0000.98,-0015.62,-0015.62,-0002.60,+0001.30,-0008.65
+1580946606.46,-0002.93,-0014.65,-0016.60,+0000.31,-0003.68,-0013.86
+1580946606.47,+0008.79,-0014.65,-0016.60,-0002.14,-0002.30,-0007.50
+1580946606.47,+0004.88,-0017.58,-0016.60,-0000.61,+0004.06,-0013.09
+1580946606.48,-0003.91,-0017.58,-0017.58,-0001.61,-0001.38,-0013.70
+1580946606.48,+0001.95,-0017.58,-0018.55,-0000.92,+0003.22,-0012.94
+1580946606.49,-0001.95,-0016.60,-0017.58,+0000.15,-0000.46,-0009.19
+1580946606.49,+0000.00,-0015.62,-0016.60,-0000.61,-0003.52,-0003.29
+1580946606.50,-0003.91,-0017.58,-0016.60,-0000.54,+0004.67,-0011.48
+1580946606.50,-0004.88,-0017.58,-0015.62,+0004.13,-0006.12,-0004.29
+1580946606.51,+0003.91,-0016.60,-0016.60,-0005.13,+0002.53,-0008.65
+1580946606.51,-0005.86,-0018.55,-0017.58,-0001.07,-0000.15,-0012.33
+1580946606.52,-0006.84,-0016.60,-0016.60,+0000.38,-0001.30,-0012.79
+1580946606.52,-0000.98,-0017.58,-0016.60,-0000.23,-0001.68,-0014.24
+1580946606.53,+0000.00,-0016.60,-0014.65,-0000.61,-0001.23,-0010.03
+1580946606.53,+0003.91,-0016.60,-0014.65,+0001.30,+0000.38,-0011.71
+1580946606.54,-0002.93,-0015.62,-0014.65,+0002.60,-0001.91,-0011.48
+1580946606.54,-0002.93,-0014.65,-0012.70,+0002.91,+0000.15,-0013.02
+1580946606.55,+0007.81,-0011.72,-0009.77,+0000.69,-0000.23,-0011.87
+1580946606.55,+0001.95,-0012.70,-0009.77,+0000.92,-0000.46,-0008.12
+1580946606.56,-0001.95,-0011.72,-0009.77,+0001.68,-0000.54,-0007.89
+1580946606.56,-0000.98,-0011.72,-0010.74,+0001.76,+0001.76,-0010.34
+1580946606.57,+0007.81,-0010.74,-0008.79,-0000.77,+0001.07,-0009.11
+1580946606.57,+0001.95,-0009.77,-0007.81,-0001.07,+0004.59,-0012.63
+1580946606.58,-0004.88,-0008.79,-0006.84,+0003.90,-0003.60,-0009.34
+1580946606.58,+0008.79,-0006.84,-0005.86,+0000.92,-0000.61,-0009.11
+1580946606.59,+0002.93,-0007.81,-0005.86,+0003.06,+0002.99,-0013.93
+1580946606.59,-0007.81,-0006.84,-0005.86,+0001.99,-0000.38,-0014.09
+1580946606.60,+0001.95,-0005.86,-0003.91,+0000.69,+0002.22,-0012.56
+1580946606.60,+0001.95,-0004.88,-0001.95,+0002.53,+0004.21,-0014.78
+1580946606.61,-0004.88,-0002.93,-0000.98,+0001.68,-0000.38,-0008.88
+1580946606.61,-0000.98,-0002.93,-0001.95,-0000.23,+0001.15,-0013.02
+1580946606.62,+0000.00,-0001.95,-0000.98,+0000.69,+0000.61,-0008.12
+1580946606.62,+0004.88,+0000.98,+0000.00,+0000.31,+0003.06,-0003.90
+1580946606.63,-0000.98,-0000.98,-0001.95,+0001.99,+0002.37,-0006.81
+1580946606.63,-0003.91,+0000.98,-0000.98,-0000.15,+0001.00,-0008.04
+1580946606.64,+0001.95,+0002.93,+0000.00,+0001.68,-0000.77,-0009.03
+1580946606.64,-0001.95,+0003.91,+0000.00,+0001.99,+0001.23,-0011.10
+1580946606.65,-0004.88,+0003.91,+0000.00,+0000.15,+0002.68,-0016.38
+1580946606.65,-0004.88,+0004.88,+0000.98,+0000.61,-0000.15,-0012.25
+1580946606.66,+0000.98,+0006.84,+0000.98,-0001.61,+0006.28,-0009.34
+1580946606.66,-0004.88,+0004.88,+0000.00,-0000.92,+0000.46,-0009.42
+1580946606.67,-0005.86,+0005.86,-0000.98,-0000.46,-0000.23,-0008.42
+1580946606.67,-0002.93,+0005.86,-0001.95,-0000.23,+0001.84,-0006.81
+1580946606.68,-0006.84,+0006.84,-0000.98,+0000.08,-0001.99,-0008.96
+1580946606.68,+0002.93,+0006.84,+0000.00,-0000.23,-0001.99,-0003.06
+1580946606.69,+0000.00,+0005.86,-0000.98,-0000.46,+0004.52,-0007.58
+1580946606.69,-0012.70,+0006.84,-0001.95,+0000.38,-0002.60,-0009.57
+1580946606.70,-0000.98,+0008.79,-0001.95,-0000.69,+0000.84,-0011.56
+1580946606.70,+0000.98,+0007.81,-0000.98,+0002.45,+0001.45,-0012.71
+1580946606.71,-0004.88,+0007.81,-0000.98,-0001.07,+0000.84,-0010.95
+1580946606.71,-0005.86,+0006.84,-0002.93,-0000.31,-0001.30,-0016.77
+1580946606.72,-0004.88,+0008.79,-0002.93,+0001.45,-0002.14,-0014.01
+1580946606.72,-0000.98,+0008.79,-0002.93,+0000.92,-0001.84,-0009.80
+1580946606.73,+0000.98,+0006.84,-0002.93,-0002.07,-0000.23,-0008.80
+1580946606.73,-0008.79,+0005.86,-0004.88,-0001.30,-0001.61,-0009.03
+1580946606.74,-0000.98,+0008.79,-0003.91,+0000.61,-0005.36,-0006.89
+1580946606.74,+0004.88,+0007.81,-0003.91,-0000.69,-0002.22,-0009.11
+1580946606.75,-0001.95,+0006.84,-0003.91,+0000.46,-0007.35,-0008.42
+1580946606.75,-0000.98,+0006.84,-0003.91,-0000.15,-0004.52,-0009.34
+1580946606.76,-0001.95,+0005.86,-0005.86,-0000.31,-0001.84,-0013.63
+1580946606.76,+0002.93,+0007.81,-0005.86,+0000.61,-0002.37,-0007.04
+1580946606.77,+0004.88,+0004.88,-0006.84,-0000.69,+0000.69,-0013.17
+1580946606.77,-0005.86,+0002.93,-0007.81,-0000.92,-0003.52,-0011.48
+1580946606.78,-0004.88,+0003.91,-0007.81,+0002.14,-0004.82,-0015.62
+1580946606.78,+0006.84,+0002.93,-0005.86,-0001.23,-0001.38,-0006.28
+1580946606.79,+0003.91,+0000.98,-0006.84,-0001.45,+0001.99,-0005.67
+1580946606.79,-0011.72,+0000.00,-0009.77,-0000.69,+0000.92,-0015.93
+1580946606.80,-0006.84,+0000.00,-0008.79,+0001.15,-0007.89,-0004.21
+1580946606.80,+0016.60,+0000.00,-0006.84,-0001.91,+0000.61,-0009.11
+1580946606.81,-0001.95,-0000.98,-0008.79,-0002.14,+0001.99,-0008.88
+1580946606.81,-0009.77,-0001.95,-0009.77,-0000.15,-0005.13,-0009.42
+1580946606.82,+0000.98,-0002.93,-0008.79,+0002.45,-0004.75,-0017.15
+1580946606.82,+0011.72,+0000.00,-0006.84,+0002.30,-0007.04,-0005.51
+1580946606.83,+0008.79,-0002.93,-0008.79,-0003.83,+0001.61,-0003.68
+1580946606.83,-0012.70,-0004.88,-0010.74,-0001.23,-0008.50,-0007.89
+1580946606.84,+0003.91,-0003.91,-0010.74,+0005.21,-0005.44,-0009.34
+1580946606.84,+0013.67,-0002.93,-0008.79,-0001.68,+0003.60,-0010.64
+1580946606.85,-0002.93,-0001.95,-0006.84,+0001.76,-0001.84,-0006.12
+1580946606.85,-0000.98,-0003.91,-0007.81,+0000.92,-0001.23,-0012.33
+1580946606.86,+0002.93,-0005.86,-0006.84,+0003.60,-0004.13,-0009.34
+1580946606.86,+0006.84,-0002.93,-0005.86,+0001.76,-0001.53,-0006.51
+1580946606.87,+0003.91,-0005.86,-0005.86,+0001.30,+0000.77,-0011.33
+1580946606.87,-0007.81,-0007.81,-0008.79,-0000.31,-0003.98,-0009.57
+1580946606.88,-0001.95,-0007.81,-0006.84,+0002.30,-0004.59,-0011.94
+1580946606.88,+0006.84,-0006.84,-0005.86,-0000.23,-0000.23,-0010.03
+1580946606.89,-0005.86,-0010.74,-0006.84,+0003.29,-0000.54,-0014.70
+1580946606.89,-0010.74,-0009.77,-0007.81,-0000.92,-0002.14,-0015.93
+1580946606.90,+0000.00,-0008.79,-0005.86,+0004.06,-0006.51,-0007.66
+1580946606.90,+0009.77,-0010.74,-0005.86,-0001.91,+0000.92,-0003.45
+1580946606.91,-0012.70,-0012.70,-0006.84,-0001.68,-0003.45,-0009.03
+1580946606.91,-0009.77,-0011.72,-0006.84,+0002.45,-0005.28,-0009.57
+1580946606.92,+0004.88,-0012.70,-0005.86,+0000.38,+0000.38,-0012.25
+1580946606.92,-0003.91,-0012.70,-0004.88,-0000.38,-0002.91,-0004.44
+1580946606.93,-0005.86,-0014.65,-0004.88,+0001.68,-0000.08,-0012.48
+1580946606.93,-0007.81,-0015.62,-0004.88,-0001.68,-0002.60,-0009.72
+1580946606.94,-0000.98,-0012.70,-0005.86,+0000.77,-0002.60,-0011.48
+1580946606.94,-0002.93,-0013.67,-0004.88,+0002.60,+0000.46,-0014.47
+1580946606.95,-0004.88,-0013.67,-0004.88,-0000.15,-0003.90,-0010.03
+1580946606.95,-0000.98,-0015.62,-0004.88,-0001.00,-0000.38,-0012.40
+1580946606.96,-0003.91,-0012.70,-0003.91,-0000.38,-0001.07,-0007.12
+1580946606.96,-0002.93,-0012.70,-0003.91,+0001.30,+0000.77,-0009.42
+1580946606.97,-0002.93,-0014.65,-0002.93,-0000.69,+0000.84,-0012.17
+1580946606.97,-0002.93,-0012.70,-0001.95,-0001.53,+0000.38,-0011.79
+1580946606.98,+0001.95,-0012.70,-0001.95,-0001.30,+0000.69,-0012.56
+1580946606.98,+0003.91,-0012.70,-0001.95,+0000.08,-0002.14,-0005.13
+1580946606.99,+0003.91,-0012.70,-0003.91,+0000.46,+0002.30,-0009.34
+1580946606.99,-0003.91,-0013.67,-0004.88,+0001.84,-0000.54,-0013.32
+1580946607.00,+0003.91,-0011.72,-0001.95,+0002.07,-0000.92,-0009.57
+1580946607.00,+0006.84,-0011.72,-0001.95,-0000.54,+0002.83,-0009.72
+1580946607.01,+0000.98,-0010.74,-0001.95,-0001.00,+0002.99,-0009.11
+1580946607.01,+0000.00,-0010.74,-0001.95,+0000.15,-0000.77,-0012.86
+1580946607.02,+0007.81,-0009.77,-0000.98,+0000.15,+0002.53,-0010.80
+1580946607.02,+0003.91,-0008.79,+0000.00,-0002.83,+0004.29,-0010.95
+1580946607.03,+0000.98,-0009.77,-0001.95,+0000.54,+0001.00,-0011.41
+1580946607.03,+0001.95,-0009.77,-0002.93,-0001.76,+0003.06,-0011.25
+1580946607.04,+0000.98,-0008.79,-0002.93,+0001.99,+0001.76,-0011.10
+1580946607.04,+0001.95,-0007.81,-0001.95,-0001.30,+0002.45,-0012.56
+1580946607.05,+0001.95,-0007.81,-0001.95,+0002.22,+0000.84,-0011.25
+1580946607.05,+0000.00,-0007.81,-0001.95,-0004.06,-0000.77,-0002.37
+1580946607.06,+0003.91,-0007.81,-0002.93,+0001.00,+0000.69,-0006.89
+1580946607.06,-0003.91,-0008.79,-0003.91,+0002.91,+0000.61,-0010.64
+1580946607.07,-0003.91,-0005.86,-0004.88,-0000.54,+0000.23,-0009.80
+1580946607.07,+0002.93,-0006.84,-0002.93,-0002.22,-0002.30,-0009.19
+1580946607.08,+0004.88,-0006.84,-0003.91,+0001.15,+0004.44,-0008.88
+1580946607.08,-0012.70,-0005.86,-0004.88,+0001.38,-0002.22,-0017.84
+1580946607.09,-0001.95,-0002.93,-0004.88,+0001.30,-0002.68,-0012.48
+1580946607.09,+0008.79,-0004.88,-0004.88,-0001.61,+0002.76,-0009.19
+1580946607.10,-0005.86,-0003.91,-0005.86,-0002.53,+0003.14,-0011.41
+1580946607.10,-0011.72,-0003.91,-0006.84,+0002.22,-0004.06,-0011.18
+1580946607.11,+0005.86,-0001.95,-0004.88,-0001.07,+0000.92,-0008.88
+1580946607.11,+0004.88,+0000.00,-0003.91,-0001.76,+0001.84,-0004.13
+1580946607.12,-0009.77,-0000.98,-0005.86,-0001.15,+0000.38,-0009.95
+1580946607.12,-0007.81,-0000.98,-0005.86,+0001.07,-0002.60,-0009.95
+1580946607.13,+0004.88,+0002.93,-0003.91,+0001.15,+0001.15,-0012.79
+1580946607.13,+0003.91,+0001.95,-0003.91,-0000.92,+0000.92,-0012.40
+1580946607.14,-0008.79,+0000.98,-0005.86,-0000.61,-0001.07,-0019.45
+1580946607.14,-0005.86,+0002.93,-0005.86,+0001.23,-0006.20,-0014.85
+1580946607.15,+0010.74,+0007.81,-0003.91,+0001.91,+0001.15,-0012.40
+1580946607.15,+0000.98,+0005.86,-0003.91,+0000.46,-0004.13,-0001.38
+1580946607.16,-0001.95,+0006.84,-0004.88,-0000.92,-0000.84,-0008.27
+1580946607.16,-0006.84,+0007.81,-0004.88,-0001.61,-0001.61,-0009.65
+1580946607.17,+0006.84,+0011.72,-0002.93,-0001.38,+0001.15,-0007.89
+1580946607.17,+0006.84,+0008.79,-0002.93,-0002.53,+0000.69,-0007.81
+1580946607.18,-0001.95,+0008.79,-0003.91,+0000.84,-0003.75,-0009.03
+1580946607.18,-0002.93,+0009.77,-0005.86,+0000.08,-0004.59,-0010.72
+1580946607.19,+0000.98,+0011.72,-0004.88,+0001.91,-0001.45,-0015.31
+1580946607.19,+0003.91,+0011.72,-0004.88,-0001.84,-0003.98,-0009.80
+1580946607.20,+0004.88,+0009.77,-0004.88,+0001.23,+0000.92,-0010.95
+1580946607.20,-0011.72,+0008.79,-0005.86,+0003.98,-0006.89,-0015.08
+1580946607.21,+0000.98,+0013.67,-0002.93,-0000.84,-0002.45,-0007.20
+1580946607.21,+0008.79,+0013.67,-0001.95,-0000.31,+0000.69,-0008.88
+1580946607.22,-0004.88,+0010.74,-0003.91,-0003.68,-0000.08,-0005.90
+1580946607.22,-0008.79,+0011.72,-0005.86,+0000.92,-0002.60,-0013.55
+1580946607.23,-0002.93,+0011.72,-0005.86,+0003.83,-0004.06,-0012.25
+1580946607.23,+0009.77,+0012.70,-0002.93,-0000.46,+0000.46,-0012.56
+1580946607.24,+0003.91,+0009.77,-0003.91,+0000.84,-0002.60,-0004.06
+1580946607.24,-0004.88,+0009.77,-0005.86,-0000.92,+0000.08,-0014.32
+1580946607.25,-0011.72,+0011.72,-0005.86,+0000.00,-0005.51,-0012.56
+1580946607.25,+0011.72,+0014.65,-0002.93,+0005.21,-0005.13,-0010.87
+1580946607.26,+0006.84,+0010.74,-0000.98,+0002.07,-0001.15,-0005.59
+1580946607.26,-0007.81,+0010.74,-0002.93,-0001.84,-0003.14,-0005.28
+1580946607.27,-0007.81,+0008.79,-0004.88,+0001.38,-0001.15,-0011.64
+1580946607.27,-0005.86,+0011.72,-0002.93,+0003.52,-0002.45,-0009.49
+1580946607.28,+0003.91,+0012.70,+0001.95,-0000.31,-0001.99,-0010.95
+1580946607.28,+0000.00,+0008.79,+0002.93,+0000.54,+0001.45,-0011.33
+1580946607.29,-0006.84,+0007.81,+0002.93,-0000.23,-0005.74,-0005.82
+1580946607.29,-0001.95,+0008.79,+0000.00,-0000.46,+0000.92,-0016.54
+1580946607.30,-0008.79,+0008.79,-0000.98,-0000.61,-0004.98,-0013.48
+1580946607.30,+0007.81,+0007.81,+0000.00,+0002.68,-0006.28,-0002.83
+1580946607.31,+0001.95,+0003.91,+0000.00,+0001.23,-0001.76,-0010.26
+1580946607.31,-0012.70,+0005.86,+0000.00,+0003.22,-0005.36,-0011.10
+1580946607.32,+0000.98,+0007.81,+0000.00,+0001.15,-0005.51,-0011.41
+1580946607.32,+0007.81,+0004.88,+0001.95,+0001.68,-0000.61,-0009.88
+1580946607.33,-0001.95,+0004.88,+0002.93,-0002.91,-0000.54,-0015.62
+1580946607.33,-0006.84,+0002.93,+0001.95,+0001.53,-0006.89,-0011.10
+1580946607.34,+0005.86,+0002.93,+0000.98,-0000.54,-0000.38,-0013.40
+1580946607.34,+0003.91,+0002.93,+0001.95,-0001.23,-0004.67,-0005.90
+1580946607.35,+0003.91,+0003.91,+0002.93,+0001.07,+0000.69,-0010.72
+1580946607.35,+0000.98,+0000.98,+0000.98,-0000.92,-0002.22,-0006.74
+1580946607.36,+0001.95,+0000.00,+0000.00,+0002.60,-0001.23,-0008.50
+1580946607.36,+0003.91,+0000.00,+0000.00,-0000.38,-0000.38,-0004.82
+1580946607.37,+0000.98,-0001.95,+0000.00,+0001.30,+0003.14,-0011.10
+1580946607.37,-0010.74,-0001.95,+0000.00,-0001.91,-0001.15,-0015.39
+1580946607.38,+0001.95,-0000.98,+0000.98,+0002.53,-0002.37,-0011.33
+1580946607.38,+0005.86,-0001.95,+0000.98,-0002.53,+0000.61,-0011.64
+1580946607.38,-0000.98,-0004.88,+0000.00,-0000.38,-0003.60,-0006.81
+1580946607.39,+0002.93,-0004.88,-0002.93,-0001.84,+0000.31,-0009.57
+1580946607.39,-0002.93,-0006.84,-0003.91,+0001.61,-0000.38,-0011.94
+1580946607.40,-0003.91,-0003.91,-0002.93,-0002.30,-0002.37,-0012.17
+1580946607.40,+0003.91,-0004.88,-0000.98,+0000.08,-0001.68,-0008.50
+1580946607.41,+0005.86,-0005.86,-0002.93,-0001.30,+0000.15,-0008.04
+1580946607.41,-0004.88,-0006.84,-0005.86,-0002.83,-0000.77,-0011.41
+1580946607.42,-0001.95,-0004.88,-0006.84,-0000.77,-0003.22,-0012.10
+1580946607.42,+0008.79,-0005.86,-0005.86,+0000.08,+0000.38,-0008.19
+1580946607.43,+0000.00,-0007.81,-0004.88,-0002.60,-0006.43,-0006.12
+1580946607.43,+0002.93,-0005.86,-0004.88,+0000.54,-0002.22,-0003.37
+1580946607.44,+0001.95,-0007.81,-0005.86,-0000.77,+0002.53,-0009.19
+1580946607.44,-0004.88,-0006.84,-0005.86,-0001.38,-0002.30,-0008.73
+1580946607.45,+0006.84,-0005.86,-0006.84,+0000.31,+0004.44,-0013.86
+1580946607.45,-0003.91,-0009.77,-0007.81,+0001.07,-0001.61,-0011.25
+1580946607.46,+0000.00,-0006.84,-0008.79,-0000.84,-0005.21,-0008.19
+1580946607.46,+0000.00,-0008.79,-0007.81,-0000.08,-0000.77,-0010.49
+1580946607.47,-0004.88,-0007.81,-0007.81,+0001.30,-0002.45,-0008.65
+1580946607.47,-0000.98,-0007.81,-0008.79,-0003.68,+0001.99,-0011.71
+1580946607.48,-0005.86,-0008.79,-0008.79,+0001.30,-0000.15,-0013.55
+1580946607.48,+0000.00,-0006.84,-0007.81,-0001.53,-0004.36,-0006.43
+1580946607.49,+0005.86,-0008.79,-0008.79,-0000.38,+0000.77,-0006.74
+1580946607.49,-0009.77,-0008.79,-0010.74,-0001.38,+0002.07,-0010.18
+1580946607.50,-0009.77,-0006.84,-0010.74,+0002.68,+0000.31,-0018.83
+1580946607.50,-0000.98,-0004.88,-0007.81,-0000.15,-0004.29,-0010.87
+1580946607.51,+0008.79,-0005.86,-0006.84,-0000.92,+0001.15,-0006.58
+1580946607.51,-0011.72,-0006.84,-0009.77,-0000.23,+0006.58,-0016.84
+1580946607.52,-0009.77,-0004.88,-0009.77,+0005.67,-0001.61,-0009.49
+1580946607.52,+0004.88,-0002.93,-0009.77,-0002.30,+0004.21,-0012.71
+1580946607.53,-0006.84,-0001.95,-0006.84,+0001.15,-0001.38,-0008.42
+1580946607.53,+0000.00,-0001.95,-0006.84,+0000.00,+0005.90,-0008.58
+1580946607.54,-0010.74,-0004.88,-0006.84,+0003.90,+0000.77,-0012.17
+1580946607.54,-0011.72,+0001.95,-0005.86,+0000.23,-0001.68,-0010.95
+1580946607.55,+0000.00,+0000.98,-0005.86,+0001.23,+0000.15,-0014.85
+1580946607.55,-0005.86,-0001.95,-0005.86,+0000.54,-0002.07,-0009.42
+1580946607.56,-0005.86,-0000.98,-0006.84,-0000.15,-0001.99,-0011.18
+1580946607.56,-0003.91,-0001.95,-0007.81,+0000.38,-0002.22,-0013.17
+1580946607.57,-0002.93,+0000.00,-0005.86,-0001.30,-0004.29,-0006.12
+1580946607.57,+0005.86,+0001.95,-0003.91,-0002.30,-0002.22,-0005.67
+1580946607.58,+0000.00,+0000.98,-0004.88,-0000.61,+0004.29,-0009.26
+1580946607.58,-0001.95,+0001.95,-0005.86,-0002.30,-0006.66,-0002.83
+1580946607.59,+0008.79,+0000.98,-0007.81,-0002.45,+0003.29,-0013.32
+1580946607.59,-0003.91,-0001.95,-0007.81,-0000.69,-0004.67,-0008.27
+1580946607.60,+0010.74,+0000.98,-0007.81,+0001.38,-0002.60,-0004.82
+1580946607.60,+0001.95,-0001.95,-0009.77,+0000.77,+0002.22,-0019.75
+1580946607.61,-0009.77,+0000.00,-0008.79,+0001.99,-0006.51,-0005.59
+1580946607.61,+0010.74,+0002.93,-0007.81,+0001.00,+0004.90,-0017.69
+1580946607.62,-0003.91,-0000.98,-0007.81,-0002.60,+0004.13,-0011.87
+1580946607.62,+0002.93,+0000.00,-0008.79,+0000.77,+0000.69,-0005.05
+1580946607.63,+0000.98,-0002.93,-0011.72,-0002.99,+0002.91,-0004.98
+1580946607.63,-0006.84,-0003.91,-0012.70,-0002.91,+0001.53,-0001.07
+1580946607.64,-0009.77,-0000.98,-0012.70,-0003.83,+0001.61,-0013.02
+1580946607.64,-0003.91,-0003.91,-0010.74,+0000.77,+0000.69,-0011.79
+1580946607.65,+0002.93,-0003.91,-0010.74,-0003.45,+0004.44,-0008.73
+1580946607.65,-0014.65,-0006.84,-0013.67,-0000.46,+0004.36,-0014.78
+1580946607.66,-0012.70,-0003.91,-0015.62,+0000.54,-0001.84,-0008.65
+1580946607.66,+0001.95,-0005.86,-0015.62,+0002.37,+0003.45,-0008.42
+1580946607.67,-0008.79,-0004.88,-0014.65,-0002.83,+0002.68,-0012.86
+1580946607.67,-0004.88,-0004.88,-0014.65,+0000.84,+0003.37,-0012.79
+1580946607.68,-0002.93,-0005.86,-0016.60,-0003.60,-0001.15,-0012.48
+1580946607.68,-0000.98,-0003.91,-0016.60,-0001.23,-0002.22,-0004.90
+1580946607.69,+0000.00,-0003.91,-0016.60,-0001.07,+0003.22,-0008.58
+1580946607.69,-0010.74,-0006.84,-0016.60,+0003.22,-0001.84,-0011.87
+1580946607.70,-0001.95,-0001.95,-0014.65,-0002.99,-0000.54,-0012.25
+1580946607.70,+0002.93,-0002.93,-0013.67,+0000.15,+0000.46,-0012.71
+1580946607.71,-0000.98,-0002.93,-0015.62,-0001.30,-0001.38,-0008.12
+1580946607.71,-0000.98,-0004.88,-0016.60,+0000.15,-0000.38,-0007.89
+1580946607.72,-0006.84,-0002.93,-0015.62,-0000.15,+0003.83,-0016.23
+1580946607.72,+0000.00,+0000.00,-0012.70,+0002.14,-0004.67,-0008.27
+1580946607.73,+0010.74,-0000.98,-0012.70,-0001.00,+0004.67,-0009.57
+1580946607.73,-0006.84,-0002.93,-0013.67,-0000.46,-0003.06,-0009.72
+1580946607.74,-0002.93,-0000.98,-0014.65,+0000.38,-0002.22,-0011.79
+1580946607.74,+0008.79,-0000.98,-0013.67,+0000.15,+0000.84,-0007.20
+1580946607.75,+0004.88,+0000.98,-0014.65,-0000.15,+0001.99,-0013.93
+1580946607.75,-0005.86,-0000.98,-0014.65,-0004.29,-0001.38,-0014.62
+1580946607.76,+0009.77,-0000.98,-0013.67,+0005.51,-0004.98,-0007.50
+1580946607.76,+0008.79,+0000.00,-0013.67,-0000.31,+0003.45,-0014.47
+1580946607.77,-0009.77,+0002.93,-0013.67,-0003.14,-0003.90,-0010.95
+1580946607.77,+0003.91,+0000.98,-0012.70,+0002.60,-0002.53,-0011.94
+1580946607.78,+0010.74,+0001.95,-0011.72,+0000.92,+0001.84,-0010.18
+1580946607.78,+0001.95,+0000.98,-0012.70,-0002.53,+0009.03,-0011.03
+1580946607.79,-0024.41,+0000.00,-0015.62,-0002.53,+0000.54,-0026.64
+1580946607.79,-0003.91,+0001.95,-0012.70,+0001.00,-0008.27,-0009.72
+1580946607.80,+0031.25,+0005.86,-0008.79,-0008.58,+0003.45,+0006.28
+1580946607.80,+0000.00,-0001.95,-0012.70,-0002.91,+0001.99,-0007.27
+1580946607.81,-0017.58,-0002.93,-0015.62,-0004.44,-0007.43,-0002.53
+1580946607.81,-0001.95,-0002.93,-0016.60,+0004.98,-0001.23,-0014.93
+1580946607.82,+0003.91,+0003.91,-0014.65,-0000.69,-0001.15,-0008.96
+1580946607.82,+0001.95,+0002.93,-0013.67,-0003.75,+0000.61,-0010.11
+1580946607.83,-0007.81,-0004.88,-0014.65,-0004.44,+0000.08,-0013.40
+1580946607.83,-0006.84,-0004.88,-0016.60,-0001.76,-0002.30,-0015.77
+1580946607.84,-0000.98,-0001.95,-0016.60,+0001.00,-0002.68,-0009.95
+1580946607.84,+0002.93,-0001.95,-0015.62,-0000.92,+0001.15,-0009.65
+1580946607.85,-0006.84,-0002.93,-0016.60,+0001.99,-0000.54,-0010.18
+1580946607.85,-0000.98,-0005.86,-0016.60,+0000.38,-0000.23,-0007.35
+1580946607.86,+0000.98,-0004.88,-0016.60,-0002.99,-0000.84,-0011.41
+1580946607.86,-0000.98,-0003.91,-0015.62,+0002.14,-0002.83,-0006.12
+1580946607.87,-0002.93,-0005.86,-0017.58,-0000.92,-0002.68,-0020.75
+1580946607.87,-0004.88,-0006.84,-0016.60,-0002.37,-0004.75,-0008.88
+1580946607.88,+0009.77,-0007.81,-0015.62,+0001.38,+0001.38,-0008.65
+1580946607.88,-0004.88,-0008.79,-0016.60,-0001.91,+0001.45,-0012.71
+1580946607.89,-0000.98,-0007.81,-0018.55,-0001.00,+0000.46,-0006.05
+1580946607.89,+0000.98,-0011.72,-0019.53,+0000.15,+0002.60,-0015.16
+1580946607.90,-0006.84,-0009.77,-0017.58,+0001.23,-0001.30,-0012.71
+1580946607.90,+0002.93,-0008.79,-0014.65,-0003.75,+0001.07,-0010.95
+1580946607.91,+0000.98,-0011.72,-0014.65,+0000.46,+0001.76,-0010.72
+1580946607.91,-0007.81,-0009.77,-0015.62,-0000.77,-0001.61,-0011.41
+1580946607.92,-0003.91,-0012.70,-0016.60,-0000.15,+0000.15,-0014.16
+1580946607.92,-0000.98,-0011.72,-0016.60,-0002.53,+0003.60,-0010.72
+1580946607.93,-0004.88,-0012.70,-0016.60,-0000.69,+0000.46,-0014.62
+1580946607.93,-0003.91,-0014.65,-0016.60,-0002.60,-0004.52,-0010.11
+1580946607.94,+0005.86,-0014.65,-0016.60,+0000.54,+0002.83,-0010.95
+1580946607.94,-0006.84,-0013.67,-0017.58,-0001.07,-0001.53,-0015.01
+1580946607.95,+0000.00,-0013.67,-0015.62,+0002.07,-0004.98,-0005.74
+1580946607.95,+0010.74,-0015.62,-0014.65,-0002.60,+0001.15,-0009.11
+1580946607.96,-0006.84,-0013.67,-0015.62,-0000.61,-0004.36,-0011.48
+1580946607.96,-0000.98,-0014.65,-0016.60,-0000.54,-0000.84,-0015.01
+1580946607.97,+0007.81,-0016.60,-0015.62,+0002.60,+0001.23,-0013.02
+1580946607.97,+0001.95,-0014.65,-0013.67,+0000.23,-0002.76,-0002.14
+1580946607.98,+0005.86,-0016.60,-0013.67,+0001.23,-0001.00,-0006.35
+1580946607.98,-0002.93,-0018.55,-0015.62,-0000.61,+0001.53,-0012.71
+1580946607.99,+0000.00,-0015.62,-0013.67,+0000.08,-0001.30,-0006.28
+1580946607.99,+0007.81,-0016.60,-0012.70,+0001.23,+0000.92,-0005.13
+1580946608.00,+0000.98,-0017.58,-0011.72,-0001.91,+0002.22,-0006.35
+1580946608.00,-0008.79,-0018.55,-0012.70,+0001.53,+0000.00,-0012.63
+1580946608.01,+0001.95,-0019.53,-0010.74,+0003.29,-0000.38,-0006.81
+1580946608.01,+0004.88,-0018.55,-0010.74,-0002.37,+0001.68,-0012.56
+1580946608.02,-0007.81,-0018.55,-0010.74,-0001.07,+0000.92,-0012.02
+1580946608.02,-0003.91,-0019.53,-0010.74,+0001.68,-0002.99,-0012.33
+1580946608.03,+0002.93,-0020.51,-0009.77,+0003.45,+0001.30,-0009.03
+1580946608.03,-0003.91,-0017.58,-0008.79,-0003.29,-0001.00,-0007.81
+1580946608.04,-0002.93,-0019.53,-0007.81,+0002.76,-0000.31,-0004.44
+1580946608.04,-0005.86,-0019.53,-0007.81,+0001.00,-0001.15,-0013.40
+1580946608.05,-0005.86,-0018.55,-0006.84,+0001.45,-0001.68,-0008.96
+1580946608.05,+0001.95,-0018.55,-0005.86,+0002.07,+0001.15,-0008.88
+1580946608.06,-0007.81,-0019.53,-0005.86,+0001.23,+0001.76,-0011.25
+1580946608.06,-0007.81,-0017.58,-0003.91,+0001.53,-0001.15,-0008.19
+1580946608.07,+0000.98,-0017.58,-0003.91,+0001.45,+0001.76,-0012.33
+1580946608.07,-0002.93,-0017.58,-0001.95,+0000.31,+0001.23,-0009.88
+1580946608.08,-0009.77,-0016.60,-0000.98,+0001.00,-0001.07,-0011.64
