+1580946809.77,+0009.77,+0005.86,+0006.84,+0001.15,+0000.92,-0009.19
+1580946809.78,-0002.93,+0004.88,+0004.88,-0000.84,-0002.83,-0007.35
+1580946809.78,-0000.98,+0005.86,+0003.91,+0003.06,-0003.22,-0010.80
+1580946809.79,+0000.98,+0003.91,+0002.93,-0005.05,+0002.76,-0014.16
+1580946809.79,+0000.00,+0000.98,+0003.91,-0000.46,-0001.00,-0007.81
+1580946809.80,+0004.88,+0003.91,+0002.93,-0001.38,+0003.29,-0011.25
+1580946809.80,-0005.86,+0001.95,+0001.95,-0003.22,-0002.53,-0011.10
+1580946809.81,+0000.98,+0000.98,+0000.98,+0000.23,-0002.76,-0008.04
+1580946809.81,+0001.95,-0000.98,+0000.00,-0000.23,+0001.68,-0012.56
+1580946809.82,-0003.91,-0001.95,-0000.98,-0000.69,-0003.14,-0006.81
+1580946809.82,+0000.00,-0001.95,-0000.98,+0001.15,+0002.68,-0009.88
+1580946809.83,-0006.84,-0002.93,-0001.95,-0002.22,-0004.36,-0006.51
+1580946809.83,+0000.00,-0004.88,-0000.98,+0001.61,+0002.68,-0012.33
+1580946809.84,-0002.93,-0002.93,-0000.98,-0005.21,+0005.59,-0013.86
+1580946809.84,-0008.79,-0004.88,-0000.98,+0001.68,-0001.84,-0012.94
+1580946809.85,+0004.88,-0003.91,-0002.93,-0003.68,+0000.92,-0007.81
+1580946809.85,+0001.95,-0006.84,-0002.93,+0000.08,+0003.06,-0011.33
+1580946809.86,-0006.84,-0004.88,-0002.93,-0002.99,-0003.68,-0005.51
+1580946809.86,+0001.95,-0004.88,-0002.93,+0002.37,-0000.46,-0010.49
+1580946809.87,-0000.98,-0008.79,-0003.91,-0000.54,-0001.84,-0004.59
+1580946809.87,+0000.00,-0004.88,-0003.91,+0002.07,+0001.53,-0009.49
+1580946809.88,-0002.93,-0003.91,-0004.88,-0004.44,+0001.76,-0013.02
+1580946809.88,+0000.98,-0006.84,-0003.91,-0000.61,+0001.23,-0008.42
+1580946809.89,+0004.88,-0005.86,-0004.88,-0001.91,+0004.82,-0009.42
+1580946809.89,-0010.74,-0005.86,-0004.88,+0000.08,-0001.61,-0007.27
+1580946809.90,-0002.93,-0001.95,-0004.88,+0001.30,-0001.45,-0011.71
+1580946809.90,-0002.93,-0005.86,-0003.91,+0000.92,-0001.91,-0007.20
+1580946809.91,-0000.98,-0004.88,-0003.91,+0002.30,+0001.45,-0005.13
+1580946809.91,-0010.74,-0001.95,-0003.91,-0002.60,+0001.15,-0009.26
+1580946809.92,-0006.84,-0001.95,-0003.91,+0000.77,+0001.84,-0014.32
+1580946809.92,-0004.88,-0002.93,-0003.91,-0003.90,+0000.77,-0014.93
+1580946809.93,-0005.86,-0002.93,-0003.91,+0002.30,-0002.76,-0010.11
+1580946809.93,-0003.91,+0000.00,-0003.91,-0001.00,+0000.46,-0009.72
+1580946809.94,-0006.84,-0000.98,-0003.91,-0001.00,-0001.84,-0008.88
+1580946809.94,-0006.84,+0000.00,-0003.91,-0001.68,-0000.46,-0011.10
+1580946809.95,-0004.88,-0000.98,-0003.91,+0000.23,-0001.45,-0010.26
+1580946809.95,-0003.91,+0000.00,-0003.91,-0000.69,+0001.68,-0009.80
+1580946809.96,-0004.88,+0002.93,-0003.91,-0000.77,-0000.15,-0013.78
+1580946809.96,-0005.86,+0001.95,-0002.93,-0003.14,-0005.13,-0009.95
+1580946809.97,+0000.98,+0000.98,-0003.91,+0002.14,+0000.15,-0009.65
+1580946809.97,-0004.88,+0001.95,-0002.93,-0000.15,-0001.00,-0012.33
+1580946809.98,-0001.95,+0004.88,-0002.93,-0000.38,-0003.45,-0010.03
+1580946809.98,+0001.95,+0002.93,-0003.91,+0000.31,-0000.61,-0013.17
+1580946809.99,+0001.95,+0002.93,-0003.91,+0000.61,-0001.76,-0010.26
+1580946809.99,-0000.98,+0005.86,-0002.93,-0001.45,-0003.68,-0007.43
+1580946810.00,+0001.95,+0005.86,-0002.93,+0002.99,+0000.46,-0012.17
+1580946810.00,+0000.98,+0004.88,-0002.93,-0003.45,-0001.00,-0014.55
+1580946810.01,+0005.86,+0005.86,-0002.93,+0001.61,+0000.46,-0007.89
+1580946810.01,+0000.98,+0006.84,-0003.91,-0001.68,+0001.99,-0012.86
+1580946810.02,-0003.91,+0006.84,-0002.93,+0000.61,-0003.37,-0013.93
+1580946810.02,+0011.72,+0007.81,-0002.93,+0000.92,+0002.37,-0012.56
+1580946810.03,+0004.88,+0004.88,-0002.93,-0003.06,-0000.69,-0008.19
+1580946810.03,+0002.93,+0006.84,-0002.93,+0001.45,-0002.45,-0006.58
+1580946810.04,+0003.91,+0009.77,-0002.93,-0000.69,-0002.99,-0011.48
+1580946810.04,+0009.77,+0006.84,-0001.95,+0001.38,-0001.68,-0009.26
+1580946810.05,+0009.77,+0007.81,-0000.98,-0001.38,-0001.00,-0009.19
+1580946810.05,+0005.86,+0009.77,-0000.98,+0001.99,-0002.14,-0007.12
+1580946810.06,+0000.00,+0011.72,-0001.95,-0003.45,-0002.76,-0010.72
+1580946810.06,+0004.88,+0007.81,-0001.95,+0001.91,-0001.45,-0009.95
+1580946810.07,+0007.81,+0007.81,-0002.93,-0002.99,-0000.61,-0008.27
+1580946810.07,+0002.93,+0007.81,-0003.91,+0000.23,-0001.53,-0005.21
+1580946810.08,-0000.98,+0009.77,-0002.93,-0001.61,+0000.23,-0015.08
+1580946810.08,-0003.91,+0008.79,-0001.95,-0000.77,-0002.99,-0012.33
+1580946810.09,+0005.86,+0008.79,-0002.93,-0000.08,-0004.21,-0009.72
+1580946810.09,+0000.98,+0006.84,-0002.93,-0003.22,-0000.54,-0004.52
+1580946810.10,-0008.79,+0008.79,-0002.93,-0000.31,-0000.84,-0010.49
+1580946810.10,-0003.91,+0008.79,-0002.93,-0001.61,-0004.29,-0007.20
+1580946810.11,+0000.98,+0004.88,-0003.91,+0000.15,+0001.68,-0012.56
+1580946810.11,-0002.93,+0004.88,-0004.88,+0001.15,-0001.07,-0007.96
+1580946810.12,-0003.91,+0006.84,-0004.88,-0000.23,-0000.69,-0012.10
+1580946810.12,-0003.91,+0003.91,-0004.88,-0001.68,-0005.13,-0011.10
+1580946810.13,+0006.84,+0004.88,-0003.91,-0002.99,+0001.53,-0008.80
+1580946810.13,-0000.98,+0003.91,-0004.88,-0001.23,+0001.00,-0012.63
+1580946810.14,-0007.81,+0004.88,-0003.91,+0000.46,-0004.82,-0013.25
+1580946810.14,+0002.93,+0002.93,-0004.88,-0001.84,-0001.53,-0017.07
+1580946810.15,+0005.86,-0000.98,-0004.88,+0000.00,-0001.84,-0003.22
+1580946810.15,+0000.00,+0001.95,-0006.84,-0000.77,+0001.61,-0008.35
+1580946810.16,-0007.81,+0001.95,-0006.84,-0001.38,-0001.76,-0012.40
+1580946810.16,+0001.95,+0000.00,-0005.86,+0000.31,-0003.37,-0010.18
+1580946810.17,+0007.81,-0002.93,-0006.84,-0001.53,+0001.00,-0006.66
+1580946810.17,-0002.93,-0000.98,-0006.84,-0000.08,+0000.31,-0008.65
+1580946810.18,-0004.88,+0000.00,-0006.84,-0002.76,-0001.61,-0011.79
+1580946810.18,+0001.95,-0002.93,-0005.86,-0000.31,-0000.69,-0011.41
+1580946810.19,+0003.91,-0004.88,-0006.84,+0001.99,+0002.91,-0012.94
+1580946810.19,-0002.93,-0001.95,-0005.86,-0003.52,-0001.61,-0009.72
+1580946810.20,-0001.95,-0001.95,-0005.86,+0002.60,-0001.76,-0008.73
+1580946810.20,-0000.98,-0004.88,-0006.84,+0001.07,-0000.54,-0006.97
+1580946810.21,-0002.93,-0004.88,-0005.86,-0001.61,-0000.31,-0010.26
+1580946810.21,-0003.91,-0002.93,-0005.86,+0000.31,+0001.53,-0010.18
+1580946810.22,-0002.93,-0003.91,-0004.88,+0001.00,-0000.23,-0012.25
+1580946810.22,+0000.98,-0004.88,-0004.88,-0002.83,-0003.68,-0006.51
+1580946810.23,+0000.00,-0005.86,-0004.88,+0000.77,+0003.68,-0008.50
+1580946810.23,-0011.72,-0004.88,-0004.88,-0000.69,+0001.00,-0010.80
+1580946810.24,-0003.91,-0005.86,-0004.88,-0001.45,-0002.14,-0004.59
+1580946810.24,+0003.91,-0006.84,-0005.86,-0001.76,+0006.28,-0009.65
+1580946810.25,-0012.70,-0007.81,-0005.86,+0001.99,+0000.84,-0004.36
+1580946810.25,-0006.84,-0003.91,-0005.86,-0002.45,+0003.68,-0013.93
+1580946810.26,-0008.79,-0007.81,-0006.84,-0003.29,+0002.37,-0012.48
+1580946810.26,-0011.72,-0008.79,-0005.86,+0003.29,-0000.08,-0013.63
+1580946810.27,-0010.74,-0005.86,-0004.88,-0001.61,+0001.00,-0015.62
+1580946810.27,-0003.91,-0007.81,-0004.88,+0001.07,+0001.76,-0005.90
+1580946810.28,-0009.77,-0005.86,-0004.88,-0002.22,+0003.45,-0010.41
+1580946810.28,-0015.62,-0004.88,-0003.91,-0000.15,-0003.75,-0007.96
+1580946810.29,-0002.93,-0005.86,-0003.91,-0001.30,+0006.05,-0008.65
+1580946810.29,-0008.79,-0007.81,-0005.86,+0000.08,-0000.69,-0010.18
+1580946810.30,-0010.74,-0005.86,-0007.81,+0000.23,-0005.97,-0006.58
+1580946810.30,-0001.95,-0003.91,-0006.84,+0000.54,+0006.05,-0012.10
+1580946810.31,-0008.79,-0007.81,-0004.88,+0001.91,-0000.31,-0006.66
+1580946810.31,-0005.86,-0002.93,-0003.91,-0002.14,+0002.45,-0015.77
+1580946810.32,-0007.81,-0005.86,-0003.91,-0004.59,-0003.45,-0010.34
+1580946810.32,-0002.93,-0004.88,-0003.91,-0007.04,+0001.07,-0011.87
+1580946810.33,-0008.79,-0005.86,-0004.88,+0000.38,-0001.30,-0005.21
+1580946810.33,-0007.81,-0001.95,-0004.88,+0001.53,+0000.46,-0008.50
+1580946810.34,-0009.77,-0004.88,-0005.86,-0003.06,+0001.53,-0013.09
+1580946810.34,-0002.93,-0003.91,-0005.86,+0001.00,+0001.53,-0010.26
+1580946810.35,-0005.86,-0001.95,-0006.84,+0000.54,+0002.83,-0009.57
+1580946810.35,-0011.72,-0000.98,-0006.84,+0001.84,-0001.45,-0012.79
+1580946810.36,-0003.91,-0000.98,-0004.88,+0001.53,+0000.15,-0011.71
+1580946810.36,-0004.88,-0001.95,-0002.93,-0001.15,-0001.15,-0009.49
+1580946810.37,-0005.86,+0000.98,-0002.93,-0001.45,+0001.99,-0009.95
+1580946810.37,-0008.79,+0002.93,-0002.93,+0000.23,-0000.15,-0013.09
+1580946810.38,-0000.98,+0000.00,-0002.93,+0001.38,+0000.23,-0008.12
+1580946810.38,-0000.98,+0000.98,-0003.91,-0002.76,+0003.52,-0009.42
+1580946810.39,-0008.79,+0001.95,-0003.91,+0000.61,+0000.00,-0007.43
+1580946810.39,-0007.81,+0004.88,-0001.95,-0000.54,-0002.76,-0017.15
+1580946810.40,-0000.98,+0001.95,+0000.00,+0001.53,-0003.14,-0008.73
+1580946810.40,+0006.84,+0003.91,+0000.00,+0000.84,+0001.91,-0006.43
+1580946810.41,-0009.77,+0005.86,-0000.98,+0001.07,+0001.45,-0011.94
+1580946810.41,-0004.88,+0006.84,-0000.98,+0000.31,-0002.22,-0005.44
+1580946810.42,+0004.88,+0004.88,+0000.00,+0002.30,+0004.21,-0009.34
+1580946810.42,-0009.77,+0004.88,+0000.98,-0003.90,-0002.53,-0003.14
+1580946810.43,-0004.88,+0009.77,+0001.95,+0003.52,-0000.84,-0008.35
+1580946810.43,+0000.98,+0007.81,+0001.95,-0000.92,+0001.76,-0008.73
+1580946810.44,-0004.88,+0005.86,+0001.95,+0000.69,+0003.98,-0014.62
+1580946810.44,-0009.77,+0007.81,+0001.95,-0001.68,-0006.74,-0010.03
+1580946810.45,+0000.00,+0009.77,+0001.95,-0004.75,+0002.99,-0014.55
+1580946810.45,-0009.77,+0003.91,+0002.93,+0002.30,-0004.06,-0009.88
+1580946810.46,-0001.95,+0008.79,+0003.91,+0002.99,-0004.98,-0003.37
+1580946810.46,-0003.91,+0007.81,+0004.88,-0002.45,+0004.21,-0008.12
+1580946810.47,-0013.67,+0007.81,+0004.88,-0002.68,-0008.27,-0005.44
+1580946810.47,+0000.00,+0008.79,+0003.91,+0003.98,+0002.99,-0017.76
+1580946810.48,-0003.91,+0004.88,+0002.93,-0003.60,-0002.14,-0007.04
+1580946810.48,-0008.79,+0006.84,+0001.95,-0000.84,-0001.00,-0010.64
+1580946810.49,-0008.79,+0007.81,+0001.95,+0001.38,-0001.91,-0017.38
+1580946810.49,-0001.95,+0004.88,+0002.93,+0000.38,-0005.90,-0007.04
+1580946810.50,+0000.98,+0004.88,+0003.91,+0001.61,+0003.45,-0010.72
+1580946810.50,-0011.72,+0007.81,+0004.88,-0000.38,-0003.45,-0014.32
+1580946810.51,-0001.95,+0007.81,+0004.88,+0000.38,-0004.13,-0010.87
+1580946810.51,+0005.86,+0002.93,+0003.91,-0002.22,+0001.76,-0011.03
+1580946810.52,-0002.93,+0003.91,+0002.93,-0002.60,-0002.76,-0007.20
+1580946810.52,-0001.95,+0005.86,+0002.93,-0000.54,+0000.08,-0012.71
+1580946810.53,-0000.98,+0000.98,+0002.93,-0002.91,-0002.14,-0011.56
+1580946810.53,+0003.91,+0000.00,+0002.93,+0001.99,-0000.46,-0008.50
+1580946810.54,-0004.88,+0002.93,+0001.95,-0002.37,-0007.35,-0009.80
+1580946810.54,+0007.81,+0001.95,+0001.95,+0005.82,-0000.77,-0011.33
+1580946810.55,+0007.81,+0000.00,+0001.95,-0003.52,+0000.69,-0009.11
+1580946810.55,+0000.00,+0000.00,+0001.95,+0001.91,-0000.15,-0013.25
+1580946810.56,+0000.00,+0002.93,+0003.91,-0002.68,-0004.21,-0010.03
+1580946810.56,+0011.72,-0000.98,+0004.88,+0003.90,-0003.68,-0003.45
+1580946810.57,+0006.84,-0000.98,+0002.93,-0002.76,+0003.06,-0009.34
+1580946810.57,-0005.86,+0000.00,+0001.95,+0000.38,-0003.90,-0010.64
+1580946810.58,+0005.86,+0000.98,+0002.93,-0001.76,-0001.45,-0008.73
+1580946810.58,+0002.93,-0003.91,+0002.93,+0001.23,+0004.13,-0013.48
+1580946810.59,-0002.93,-0001.95,+0001.95,+0001.07,-0002.68,-0008.35
+1580946810.59,+0004.88,+0000.00,+0000.98,-0002.60,+0000.61,-0008.58
+1580946810.60,+0000.00,-0003.91,+0000.00,+0000.38,+0001.00,-0008.42
+1580946810.60,-0005.86,-0001.95,+0000.00,+0001.38,-0001.91,-0005.97
+1580946810.61,-0003.91,-0001.95,+0000.00,-0000.92,+0000.84,-0009.34
+1580946810.61,-0005.86,-0003.91,+0000.00,-0000.31,-0001.91,-0009.57
+1580946810.62,-0001.95,-0002.93,+0000.00,+0000.69,-0004.82,-0004.75
+1580946810.62,-0002.93,-0001.95,-0001.95,-0001.91,+0004.06,-0012.48
+1580946810.63,-0015.62,-0003.91,-0001.95,-0000.69,-0008.19,-0010.11
+1580946810.63,+0002.93,-0003.91,-0000.98,+0000.23,-0005.21,-0004.98
+1580946810.64,-0000.98,-0003.91,-0001.95,-0001.38,+0006.66,-0010.64
+1580946810.64,-0021.48,-0006.84,-0003.91,+0001.99,-0007.12,-0015.93
+1580946810.65,-0003.91,-0002.93,-0003.91,-0001.15,-0004.67,-0012.94
+1580946810.65,+0003.91,-0007.81,-0004.88,+0000.23,+0002.30,-0009.34
+1580946810.66,-0010.74,-0007.81,-0004.88,+0002.53,-0000.84,-0013.63
+1580946810.66,-0014.65,-0001.95,-0003.91,-0005.21,-0005.44,-0011.25
+1580946810.67,+0000.98,-0006.84,-0004.88,+0001.91,-0000.77,-0015.31
+1580946810.67,-0000.98,-0009.77,-0005.86,-0002.83,+0003.83,-0009.26
+1580946810.68,-0010.74,-0005.86,-0005.86,-0002.76,-0002.91,-0012.86
+1580946810.68,-0002.93,-0005.86,-0005.86,-0000.38,-0001.45,-0010.57
+1580946810.69,+0002.93,-0009.77,-0005.86,-0001.23,-0001.07,-0007.50
+1580946810.69,-0003.91,-0006.84,-0006.84,-0002.07,-0001.15,-0010.03
+1580946810.70,-0005.86,-0005.86,-0004.88,+0001.00,-0001.84,-0012.48
+1580946810.70,+0000.98,-0007.81,-0003.91,-0000.31,-0000.08,-0011.10
+1580946810.71,+0003.91,-0007.81,-0002.93,-0001.07,-0001.07,-0007.66
+1580946810.71,-0004.88,-0004.88,-0001.95,-0001.84,+0004.36,-0014.39
+1580946810.72,-0010.74,-0004.88,-0001.95,-0001.76,-0001.99,-0012.10
+1580946810.72,-0001.95,-0004.88,-0001.95,+0003.52,+0001.76,-0018.99
+1580946810.73,+0003.91,-0007.81,-0001.95,-0003.60,-0003.75,-0011.10
+1580946810.73,-0000.98,-0003.91,-0001.95,-0002.45,+0003.22,-0009.42
+1580946810.74,-0011.72,-0001.95,-0000.98,+0001.45,+0000.00,-0012.17
+1580946810.74,-0004.88,-0000.98,+0000.98,+0003.45,-0002.07,-0016.00
+1580946810.75,+0005.86,-0005.86,+0000.98,+0004.21,-0000.15,-0005.28
+1580946810.75,+0001.95,-0000.98,+0000.98,-0001.68,-0000.46,-0007.81
+1580946810.76,-0005.86,+0000.00,+0000.98,-0001.45,-0003.14,-0006.43
+1580946810.76,+0003.91,-0000.98,+0000.00,-0000.46,-0000.08,-0006.51
+1580946810.77,-0003.91,-0001.95,+0000.98,+0001.07,-0000.92,-0010.03
+1580946810.77,-0000.98,+0000.98,+0002.93,+0001.30,-0002.76,-0010.11
+1580946810.78,+0009.77,+0000.98,+0002.93,-0002.37,-0002.60,-0004.82
+1580946810.78,-0001.95,+0000.98,+0002.93,+0000.15,-0001.38,-0005.97
+1580946810.79,-0007.81,+0003.91,+0003.91,+0003.37,-0003.37,-0009.19
+1580946810.79,+0002.93,+0004.88,+0004.88,-0001.07,-0000.15,-0010.64
+1580946810.80,-0000.98,+0000.98,+0003.91,+0000.15,+0002.37,-0007.04
+1580946810.80,-0011.72,+0005.86,+0004.88,-0001.30,-0002.30,-0012.48
+1580946810.81,-0002.93,+0005.86,+0005.86,-0001.07,-0003.90,-0010.57
+1580946810.81,+0004.88,+0003.91,+0004.88,-0000.31,-0001.99,-0008.58
+1580946810.82,-0004.88,+0002.93,+0002.93,+0002.53,+0001.53,-0012.17
+1580946810.82,-0012.70,+0007.81,+0001.95,-0006.66,-0006.81,-0007.73
+1580946810.83,+0001.95,+0003.91,+0002.93,+0003.98,-0001.00,-0012.33
+1580946810.83,+0001.95,+0002.93,+0002.93,-0004.21,-0000.77,-0007.04
+1580946810.84,-0003.91,+0003.91,+0002.93,-0000.92,-0000.31,-0009.34
+1580946810.84,-0005.86,+0005.86,+0001.95,-0004.13,+0000.46,-0014.32
+1580946810.85,-0002.93,+0001.95,+0000.98,+0001.30,+0000.15,-0016.77
+1580946810.85,+0000.98,+0003.91,+0000.00,-0001.84,-0006.51,-0011.18
+1580946810.86,+0006.84,+0001.95,-0000.98,-0000.46,+0000.31,-0000.23
+1580946810.86,-0002.93,+0004.88,-0000.98,-0001.30,+0007.04,-0014.01
+1580946810.87,-0012.70,+0002.93,-0000.98,-0002.07,-0006.05,-0010.26
+1580946810.87,+0006.84,+0004.88,+0000.00,-0007.04,-0001.53,-0013.17
+1580946810.88,+0000.98,-0001.95,-0000.98,+0002.76,+0001.53,-0008.80
+1580946810.88,-0002.93,+0004.88,-0001.95,+0001.00,-0000.38,-0012.17
+1580946810.89,-0000.98,+0002.93,-0002.93,+0000.61,-0000.38,-0013.02
+1580946810.89,+0001.95,+0000.00,-0004.88,-0001.84,+0003.98,-0012.33
+1580946810.90,-0000.98,-0000.98,-0005.86,-0001.00,-0004.82,-0009.65
+1580946810.90,+0004.88,+0001.95,-0005.86,+0002.68,-0000.77,-0012.71
+1580946810.91,+0000.00,-0000.98,-0004.88,+0000.38,-0005.05,-0005.97
+1580946810.91,+0008.79,+0001.95,-0003.91,+0002.07,+0001.30,-0009.49
+1580946810.92,+0004.88,+0001.95,-0003.91,-0003.83,+0002.22,-0009.72
+1580946810.92,+0002.93,+0001.95,-0003.91,-0001.76,-0003.68,-0007.58
+1580946810.93,+0010.74,+0000.98,-0003.91,-0001.61,+0000.46,-0007.04
+1580946810.93,+0000.98,+0001.95,-0003.91,-0001.00,+0006.81,-0012.56
+1580946810.94,-0008.79,+0003.91,-0003.91,-0002.14,+0000.15,-0013.25
+1580946810.94,+0003.91,+0002.93,-0004.88,-0000.54,-0001.76,-0009.49
+1580946810.95,+0008.79,-0000.98,-0004.88,+0001.30,+0002.37,-0001.68
+1580946810.95,-0004.88,+0003.91,-0004.88,+0000.23,-0000.15,-0000.84
+1580946810.96,-0011.72,+0005.86,-0003.91,-0001.68,+0000.92,-0014.09
+1580946810.96,-0007.81,+0003.91,-0002.93,-0000.61,-0003.83,-0014.47
+1580946810.97,+0004.88,+0001.95,-0002.93,+0002.37,-0000.84,-0012.63
+1580946810.97,+0004.88,+0002.93,-0003.91,-0002.30,-0001.68,+0002.14
+1580946810.98,-0017.58,+0006.84,-0004.88,-0008.27,-0004.36,-0011.64
+1580946810.98,-0010.74,+0004.88,-0004.88,+0000.92,-0004.36,-0010.80
+1580946810.99,+0006.84,+0004.88,-0005.86,-0000.31,-0000.08,-0014.09
+1580946810.99,-0000.98,+0000.98,-0006.84,-0001.30,+0001.38,-0008.27
+1580946811.00,-0004.88,+0006.84,-0005.86,-0003.68,-0001.53,-0011.10
+1580946811.00,-0005.86,+0004.88,-0006.84,-0000.54,-0000.15,-0008.58
+1580946811.01,-0008.79,+0002.93,-0006.84,+0002.60,+0001.15,-0015.93
+1580946811.01,+0000.98,+0001.95,-0006.84,+0006.58,+0004.44,-0014.55
+1580946811.02,-0008.79,+0005.86,-0006.84,-0007.58,+0001.53,-0012.86
+1580946811.02,-0008.79,+0001.95,-0005.86,+0004.06,-0007.12,-0011.79
+1580946811.03,+0006.84,+0004.88,-0006.84,+0000.77,-0006.20,-0010.95
+1580946811.03,-0007.81,+0000.98,-0007.81,+0000.23,-0003.98,-0007.96
+1580946811.04,-0004.88,+0004.88,-0006.84,-0002.45,-0002.37,-0010.64
+1580946811.04,+0000.98,+0002.93,-0006.84,-0000.54,-0001.61,-0016.46
+1580946811.05,+0003.91,-0001.95,-0007.81,+0001.30,+0002.91,-0011.87
+1580946811.05,-0002.93,+0002.93,-0008.79,-0005.97,-0000.77,-0014.70
+1580946811.06,-0001.95,+0001.95,-0008.79,+0001.00,-0004.21,-0012.10
+1580946811.06,+0008.79,-0000.98,-0008.79,+0001.38,+0000.00,-0012.02
+1580946811.07,+0002.93,-0000.98,-0008.79,+0000.31,+0001.38,-0010.03
+1580946811.07,-0003.91,+0001.95,-0009.77,-0000.54,+0001.15,-0017.76
+1580946811.08,+0000.00,-0000.98,-0008.79,-0002.99,-0004.44,-0016.15
+1580946811.08,+0014.65,-0000.98,-0007.81,-0001.76,+0005.67,-0013.86
+1580946811.09,+0004.88,-0000.98,-0006.84,-0002.68,-0005.44,-0003.37
+1580946811.09,+0005.86,+0001.95,-0006.84,+0000.08,+0002.14,-0008.80
+1580946811.10,+0000.98,-0000.98,-0007.81,-0004.36,+0003.37,-0017.07
+1580946811.10,+0013.67,-0003.91,-0006.84,+0003.83,-0001.07,-0003.75
+1580946811.11,+0016.60,-0001.95,-0006.84,-0004.44,+0005.44,-0008.12
+1580946811.11,-0004.88,-0000.98,-0005.86,-0000.69,-0001.00,-0004.29
+1580946811.12,+0003.91,+0000.98,-0004.88,-0000.61,+0003.37,-0018.22
+1580946811.12,+0004.88,-0002.93,-0005.86,-0001.38,-0004.29,-0001.99
+1580946811.13,+0011.72,-0002.93,-0004.88,+0003.68,+0002.68,-0003.14
+1580946811.13,-0004.88,+0000.98,-0004.88,-0004.13,+0005.05,-0009.42
+1580946811.14,-0008.79,+0000.98,-0003.91,+0001.15,-0001.91,-0012.94
+1580946811.14,+0008.79,-0000.98,-0003.91,-0000.61,-0003.06,-0006.20
+1580946811.15,+0001.95,-0000.98,-0003.91,+0000.84,+0006.35,-0010.72
+1580946811.15,-0013.67,+0001.95,-0004.88,+0000.15,-0004.75,-0009.80
+1580946811.16,-0001.95,+0001.95,-0004.88,-0000.15,-0000.77,-0013.93
+1580946811.16,+0000.00,-0002.93,-0005.86,-0000.84,+0000.31,-0008.42
+1580946811.17,-0001.95,+0000.00,-0004.88,+0000.77,-0002.76,-0000.46
+1580946811.17,-0009.77,+0003.91,-0004.88,-0002.30,-0004.29,-0012.17
+1580946811.18,-0000.98,+0000.00,-0003.91,-0000.92,-0005.51,-0006.66
+1580946811.18,+0005.86,+0000.00,-0005.86,+0001.99,+0005.21,-0017.07
+1580946811.19,-0005.86,-0000.98,-0006.84,+0001.99,+0000.00,-0010.57
+1580946811.19,+0001.95,+0001.95,-0006.84,-0000.46,+0000.38,-0016.00
+1580946811.20,-0001.95,-0000.98,-0005.86,+0000.61,-0001.99,-0013.02
+1580946811.20,+0003.91,+0001.95,-0004.88,+0002.22,-0005.21,-0007.43
+1580946811.21,+0005.86,+0000.98,-0005.86,+0001.00,-0000.31,-0007.96
+1580946811.21,+0001.95,+0000.98,-0005.86,+0001.68,-0002.22,-0003.37
+1580946811.22,+0003.91,+0001.95,-0005.86,+0000.15,-0002.07,-0009.19
+1580946811.22,+0001.95,+0000.98,-0004.88,+0001.53,-0001.61,-0011.25
+1580946811.23,+0004.88,+0001.95,-0004.88,+0000.84,-0000.08,-0012.56
+1580946811.23,+0004.88,+0000.98,-0003.91,-0001.00,-0001.53,-0012.33
+1580946811.24,+0001.95,+0000.98,-0003.91,-0001.07,-0000.54,-0012.48
+1580946811.24,+0000.98,+0000.98,-0003.91,-0000.46,+0001.00,-0012.94
+1580946811.25,+0000.00,+0000.00,-0004.88,+0002.76,-0000.84,-0014.78
+1580946811.25,+0002.93,+0000.00,-0003.91,-0000.84,-0001.38,-0012.25
+1580946811.26,+0004.88,+0000.00,-0002.93,-0000.38,-0001.23,-0003.52
+1580946811.26,+0005.86,+0000.00,-0002.93,+0001.68,+0006.20,-0016.31
+1580946811.27,-0006.84,+0001.95,-0003.91,-0006.43,-0001.61,-0011.64
+1580946811.27,+0002.93,+0000.98,-0003.91,+0004.75,-0001.15,-0018.76
+1580946811.28,+0013.67,-0001.95,-0003.91,+0003.68,+0009.26,-0008.42
+1580946811.28,-0007.81,+0001.95,-0003.91,-0003.83,+0001.53,-0006.74
+1580946811.29,-0008.79,+0000.98,-0002.93,-0000.61,-0000.69,-0010.87
+1580946811.29,+0003.91,+0000.98,-0001.95,+0002.07,-0002.14,-0014.85
+1580946811.30,+0007.81,-0003.91,-0000.98,+0002.53,+0005.44,-0005.97
+1580946811.30,-0009.77,+0003.91,-0001.95,-0005.36,+0002.83,-0012.17
+1580946811.31,-0009.77,+0001.95,-0002.93,-0001.53,-0005.82,-0011.64
+1580946811.31,+0007.81,-0000.98,-0002.93,-0003.06,-0000.84,-0007.96
+1580946811.32,+0003.91,-0001.95,-0001.95,+0000.00,+0001.07,-0003.06
+1580946811.32,-0007.81,+0003.91,-0002.93,+0001.45,+0001.99,-0008.50
+1580946811.33,-0007.81,+0001.95,-0002.93,-0001.61,-0002.83,-0014.47
+1580946811.33,+0008.79,+0000.00,-0002.93,-0001.23,+0001.99,-0005.59
+1580946811.34,-0001.95,+0000.98,-0001.95,+0001.38,+0003.52,-0016.08
+1580946811.34,-0007.81,+0002.93,-0000.98,-0002.91,-0007.58,-0001.53
+1580946811.35,+0004.88,+0004.88,-0000.98,-0005.44,-0000.61,-0014.24
+1580946811.35,-0000.98,-0000.98,-0001.95,+0000.77,+0001.00,-0008.50
+1580946811.36,+0002.93,+0003.91,-0000.98,+0001.30,-0001.99,-0012.17
+1580946811.36,+0004.88,+0002.93,-0001.95,-0002.45,-0005.51,-0007.89
+1580946811.37,+0002.93,+0002.93,-0001.95,-0001.68,+0003.29,-0010.49
+1580946811.37,-0002.93,+0002.93,-0000.98,-0000.15,-0004.13,-0009.72
+1580946811.38,+0005.86,+0003.91,+0000.00,+0003.68,-0000.69,-0010.72
+1580946811.38,+0001.95,+0001.95,-0000.98,-0000.69,+0001.84,-0009.88
+1580946811.39,-0005.86,+0003.91,-0001.95,+0001.23,+0003.90,-0015.24
+1580946811.39,-0004.88,+0002.93,-0001.95,-0002.68,-0003.68,-0011.71
+1580946811.40,+0004.88,+0002.93,-0002.93,+0004.21,-0000.61,-0011.48
+1580946811.40,-0000.98,+0000.98,-0002.93,+0002.07,-0002.07,-0009.11
+1580946811.41,-0001.95,+0004.88,-0001.95,-0000.69,-0000.15,-0007.50
+1580946811.41,-0001.95,+0002.93,-0001.95,+0001.45,+0000.15,-0010.95
+1580946811.42,+0000.00,+0002.93,-0000.98,-0000.69,-0001.30,-0006.20
+1580946811.42,+0004.88,+0003.91,-0000.98,+0001.07,+0005.36,-0012.86
+1580946811.43,-0003.91,+0004.88,+0000.00,-0000.54,-0004.36,-0010.80
+1580946811.43,+0002.93,+0004.88,+0000.00,+0000.92,-0001.30,-0011.64
+1580946811.44,+0002.93,+0002.93,+0000.00,-0000.38,+0003.90,-0011.25
+1580946811.44,-0002.93,+0004.88,-0000.98,+0001.99,+0001.45,-0009.11
+1580946811.45,-0000.98,+0003.91,-0001.95,-0002.14,-0003.45,-0008.19
+1580946811.45,+0000.98,+0001.95,-0001.95,-0003.37,+0001.99,-0005.36
+1580946811.46,-0003.91,+0001.95,-0001.95,+0002.30,+0004.36,-0009.65
+1580946811.46,-0013.67,+0004.88,-0000.98,-0000.31,+0002.14,-0012.63
+1580946811.47,-0006.84,+0001.95,+0000.00,+0002.22,-0003.83,-0010.34
+1580946811.47,+0000.98,+0001.95,-0000.98,-0002.14,+0002.45,-0010.87
+1580946811.48,-0010.74,+0001.95,-0001.95,+0002.53,+0001.07,-0006.51
+1580946811.48,-0014.65,+0004.88,-0001.95,+0000.15,+0000.69,-0012.63
+1580946811.49,-0005.86,+0000.00,-0001.95,+0001.99,-0001.07,-0007.43
+1580946811.49,+0000.98,+0000.98,-0001.95,-0002.68,+0001.53,-0009.34
+1580946811.50,-0007.81,+0000.00,-0000.98,+0001.68,-0002.14,-0007.04
+1580946811.50,-0010.74,+0002.93,-0001.95,-0000.46,+0002.22,-0012.10
+1580946811.51,-0008.79,+0000.98,-0001.95,-0001.53,-0005.28,-0008.73
+1580946811.51,+0002.93,+0000.00,-0002.93,+0001.53,+0002.53,-0009.65
+1580946811.52,-0005.86,+0000.00,-0003.91,-0003.98,+0003.06,-0006.89
+1580946811.52,-0016.60,+0001.95,-0003.91,-0004.75,-0005.51,-0010.41
+1580946811.53,-0001.95,-0001.95,-0003.91,+0003.52,+0001.23,-0014.16
+1580946811.53,+0000.00,-0000.98,-0004.88,-0003.29,-0000.38,-0010.11
+1580946811.54,-0004.88,-0002.93,-0006.84,-0001.00,-0002.60,+0003.29
+1580946811.54,-0015.62,+0001.95,-0007.81,-0006.20,-0003.14,-0010.72
+1580946811.55,-0007.81,-0003.91,-0005.86,+0008.12,-0001.30,-0013.09
+1580946811.55,+0003.91,-0000.98,-0005.86,-0006.12,-0001.38,-0007.50
+1580946811.56,-0008.79,-0003.91,-0006.84,+0000.08,-0005.90,-0005.05
+1580946811.56,-0008.79,+0001.95,-0005.86,-0000.69,-0000.84,-0016.00
+1580946811.57,-0001.95,-0001.95,-0005.86,-0002.68,+0001.99,-0012.25
+1580946811.57,-0004.88,-0003.91,-0005.86,+0000.31,+0002.37,-0009.49
+1580946811.58,-0009.77,+0000.00,-0005.86,-0001.68,-0006.89,-0012.71
+1580946811.58,+0001.95,-0001.95,-0005.86,-0000.61,-0003.14,-0003.06
+1580946811.59,+0001.95,-0000.98,-0005.86,+0001.68,+0004.90,-0011.94
+1580946811.59,-0009.77,+0000.00,-0004.88,-0004.44,-0000.69,-0008.80
+1580946811.60,+0000.98,+0001.95,-0004.88,-0001.23,-0001.45,-0015.08
+1580946811.60,+0008.79,-0002.93,-0004.88,+0001.15,-0001.68,-0008.65
+1580946811.61,+0003.91,+0001.95,-0005.86,-0000.54,+0000.31,-0005.90
+1580946811.61,-0002.93,+0002.93,-0005.86,+0000.61,-0000.23,-0015.54
+1580946811.62,+0001.95,+0001.95,-0005.86,-0003.06,-0005.21,-0008.80
+1580946811.62,+0015.62,+0000.98,-0004.88,+0002.30,+0002.68,-0003.52
+1580946811.63,-0001.95,+0004.88,-0004.88,+0000.69,+0003.68,-0008.50
+1580946811.63,-0001.95,+0004.88,-0003.91,+0005.13,+0003.06,-0016.23
+1580946811.64,+0002.93,+0005.86,-0003.91,-0004.82,-0002.76,-0012.48
+1580946811.64,+0005.86,+0001.95,-0002.93,+0005.51,+0002.30,-0007.58
+1580946811.65,+0000.00,+0007.81,-0001.95,+0000.54,+0003.75,-0014.24
+1580946811.65,-0008.79,+0006.84,-0001.95,-0001.68,-0003.14,-0007.50
+1580946811.66,+0001.95,+0005.86,-0002.93,+0000.92,+0001.68,-0015.70
+1580946811.66,+0000.98,+0005.86,-0002.93,-0002.76,-0001.84,-0005.36
+1580946811.67,-0002.93,+0006.84,-0003.91,-0001.84,-0003.68,-0003.29
+1580946811.67,-0002.93,+0007.81,-0003.91,+0000.08,+0002.37,-0014.47
+1580946811.68,-0005.86,+0007.81,-0002.93,-0002.30,-0002.37,-0014.93
+1580946811.68,+0004.88,+0005.86,-0002.93,+0001.61,-0001.00,-0007.43
+1580946811.69,+0002.93,+0007.81,-0003.91,-0002.07,+0002.37,-0009.34
+1580946811.69,-0005.86,+0006.84,-0004.88,+0001.07,-0001.84,-0011.48
+1580946811.70,+0004.88,+0006.84,-0005.86,-0003.60,-0004.90,-0004.82
+1580946811.70,-0005.86,+0005.86,-0006.84,-0005.36,-0003.29,-0014.09
+1580946811.71,-0000.98,+0004.88,-0005.86,+0001.45,-0003.22,-0010.64
+1580946811.71,+0011.72,+0007.81,-0004.88,-0002.14,-0004.29,-0007.04
+1580946811.72,-0000.98,+0003.91,-0006.84,-0000.69,-0001.15,-0008.27
+1580946811.72,-0006.84,+0006.84,-0005.86,-0001.15,-0002.91,-0015.70
+1580946811.73,+0004.88,+0006.84,-0004.88,-0001.23,-0001.84,-0015.70
+1580946811.73,+0012.70,+0002.93,-0006.84,-0000.84,-0002.91,-0008.35
+1580946811.74,+0007.81,+0004.88,-0007.81,-0002.07,-0002.53,-0007.35
+1580946811.74,+0000.98,+0004.88,-0007.81,-0001.99,-0002.68,-0014.47
+1580946811.75,+0007.81,+0002.93,-0007.81,-0000.77,-0002.14,-0009.03
+1580946811.75,+0014.65,+0001.95,-0007.81,-0002.30,+0000.54,-0008.27
+1580946811.76,+0006.84,+0003.91,-0008.79,-0002.99,+0002.76,-0016.54
+1580946811.76,+0002.93,+0002.93,-0008.79,-0000.46,-0007.27,-0011.56
+1580946811.77,+0019.53,+0000.98,-0008.79,+0001.45,-0000.84,-0006.97
+1580946811.77,+0000.00,+0001.95,-0009.77,-0005.21,-0004.52,-0007.12
+1580946811.78,+0006.84,+0001.95,-0009.77,+0004.52,-0003.29,-0007.43
+1580946811.78,+0011.72,+0001.95,-0010.74,-0004.29,+0000.61,-0012.63
+1580946811.79,+0001.95,-0001.95,-0010.74,+0001.68,-0004.75,-0003.22
+1580946811.79,+0006.84,+0001.95,-0011.72,-0001.68,+0001.99,-0011.48
+1580946811.80,-0001.95,-0001.95,-0012.70,-0001.23,-0002.91,-0007.43
+1580946811.80,+0002.93,-0001.95,-0011.72,-0001.07,-0001.61,-0004.82
+1580946811.81,+0000.98,-0000.98,-0011.72,-0004.13,+0002.07,-0009.19
+1580946811.81,-0004.88,-0001.95,-0012.70,+0002.37,-0001.23,-0012.40
+1580946811.82,-0001.95,-0001.95,-0012.70,-0003.22,-0004.21,-0013.25
+1580946811.82,+0006.84,-0003.91,-0013.67,+0000.00,+0005.67,-0010.80
+1580946811.83,-0011.72,-0002.93,-0014.65,-0006.74,-0005.90,-0012.02
+1580946811.83,-0000.98,-0004.88,-0014.65,+0002.68,-0004.59,-0000.08
+1580946811.84,-0001.95,-0002.93,-0016.60,+0000.69,+0008.19,-0019.98
+1580946811.84,-0011.72,-0009.77,-0016.60,+0007.50,+0002.30,-0012.86
+1580946811.85,+0000.00,-0002.93,-0016.60,-0010.64,-0005.82,-0007.50
+1580946811.85,-0002.93,-0009.77,-0017.58,+0005.51,+0003.29,-0013.09
+1580946811.86,-0007.81,-0005.86,-0017.58,-0002.83,-0002.22,-0007.58
+1580946811.86,-0003.91,-0007.81,-0017.58,-0001.68,-0003.75,-0010.34
+1580946811.87,+0002.93,-0008.79,-0017.58,-0000.61,-0000.46,-0009.65
+1580946811.87,-0005.86,-0008.79,-0016.60,+0000.92,+0002.99,-0008.65
+1580946811.88,-0006.84,-0008.79,-0017.58,-0001.99,-0003.37,-0008.04
+1580946811.88,+0000.98,-0010.74,-0017.58,-0000.54,+0001.15,-0012.56
+1580946811.89,-0000.98,-0011.72,-0017.58,-0001.84,+0001.45,-0010.64
+1580946811.89,-0002.93,-0007.81,-0016.60,+0002.68,+0000.92,-0013.09
+1580946811.90,-0000.98,-0009.77,-0016.60,+0001.53,-0007.27,-0006.43
+1580946811.90,+0008.79,-0009.77,-0015.62,+0004.44,+0006.35,-0013.48
+1580946811.91,-0008.79,-0008.79,-0014.65,-0001.84,+0000.84,-0011.41
+1580946811.91,-0000.98,-0005.86,-0013.67,+0000.31,+0002.68,-0011.10
+1580946811.92,+0000.98,-0008.79,-0013.67,+0002.22,+0003.68,-0011.71
+1580946811.92,-0004.88,-0008.79,-0011.72,-0001.07,+0000.61,-0004.13
+1580946811.93,-0002.93,-0004.88,-0010.74,+0000.15,+0001.23,-0014.01
+1580946811.93,-0002.93,-0006.84,-0009.77,+0003.14,+0000.69,-0015.39
+1580946811.94,-0002.93,-0005.86,-0009.77,-0001.15,-0005.21,-0009.42
+1580946811.94,+0005.86,-0004.88,-0008.79,+0001.45,+0000.00,-0007.12
+1580946811.95,-0005.86,-0003.91,-0007.81,-0000.92,-0004.67,-0005.51
+1580946811.95,-0000.98,-0003.91,-0005.86,+0007.04,+0003.68,-0009.57
+1580946811.96,-0001.95,+0000.00,-0004.88,-0005.05,-0000.23,-0015.54
+1580946811.96,+0001.95,-0003.91,-0003.91,+0000.77,-0002.14,-0002.91
+1580946811.97,+0000.98,+0001.95,-0003.91,-0005.59,-0002.45,-0011.03
+1580946811.97,+0000.00,-0001.95,-0002.93,+0005.13,-0000.77,-0005.13
+1580946811.98,+0000.98,+0003.91,-0002.93,-0003.29,+0002.45,-0017.07
+1580946811.98,-0006.84,+0000.00,-0001.95,+0005.90,+0000.08,-0008.88
+1580946811.99,+0003.91,+0004.88,-0000.98,-0004.36,+0000.92,-0018.07
+1580946811.99,+0000.98,+0000.98,-0000.98,+0000.46,-0003.68,-0004.82
+1580946812.00,+0003.91,+0006.84,+0000.00,+0003.83,+0001.30,-0009.19
+1580946812.00,+0002.93,+0004.88,+0000.00,+0003.22,-0001.00,-0003.68
+1580946812.01,+0003.91,+0007.81,+0000.98,+0001.45,-0000.46,-0008.12
+1580946812.01,-0000.98,+0003.91,+0000.00,-0001.68,-0002.99,-0006.12
+1580946812.02,+0004.88,+0008.79,+0000.98,-0004.21,+0000.08,-0009.26
+1580946812.02,+0004.88,+0006.84,+0001.95,+0004.75,+0000.15,-0012.40
+1580946812.03,+0003.91,+0010.74,+0002.93,-0001.30,+0000.38,-0009.26
+1580946812.03,+0001.95,+0008.79,+0002.93,+0001.45,-0000.38,-0014.39
+1580946812.04,+0003.91,+0009.77,+0003.91,-0000.23,+0001.45,-0008.27
+1580946812.04,+0000.00,+0008.79,+0002.93,-0000.69,-0000.46,-0009.95
+1580946812.05,+0000.98,+0009.77,+0002.93,-0001.38,-0000.08,-0005.90
+1580946812.05,-0002.93,+0009.77,+0002.93,-0002.99,-0007.66,-0003.68
+1580946812.06,+0007.81,+0006.84,+0001.95,+0006.05,+0008.04,-0013.93
+1580946812.06,-0008.79,+0009.77,+0000.98,-0007.04,+0002.53,-0014.39
+1580946812.07,-0001.95,+0007.81,+0000.98,+0002.83,-0009.95,-0007.04
+1580946812.07,+0013.67,+0009.77,+0000.98,-0001.23,+0001.84,-0006.66
+1580946812.08,-0002.93,+0005.86,+0000.00,-0000.92,-0002.83,-0007.96
+1580946812.08,+0000.00,+0011.72,-0001.95,-0000.08,-0003.06,-0011.79
+1580946812.09,+0005.86,+0007.81,-0003.91,+0002.68,+0004.44,-0019.29
+1580946812.09,-0001.95,+0004.88,-0002.93,-0000.77,-0006.58,-0011.94
+1580946812.10,+0012.70,+0006.84,-0000.98,+0001.45,-0001.07,-0010.26
+1580946812.10,+0005.86,+0009.77,+0000.00,-0004.21,+0001.91,-0011.56
+1580946812.11,-0003.91,+0005.86,+0000.00,+0000.84,-0009.57,-0005.74
+1580946812.11,+0017.58,+0006.84,-0000.98,-0001.38,-0001.99,-0005.13
+1580946812.12,+0006.84,+0004.88,-0002.93,+0000.46,+0006.74,-0012.40
+1580946812.12,-0003.91,+0003.91,-0003.91,-0004.36,-0003.83,-0005.44
+1580946812.13,+0015.62,+0005.86,-0003.91,+0001.91,+0001.30,-0007.89
+1580946812.13,+0001.95,+0002.93,-0004.88,+0000.77,+0003.83,-0012.56
+1580946812.14,+0000.00,+0002.93,-0002.93,+0001.30,-0002.60,-0007.81
+1580946812.14,+0008.79,+0006.84,-0000.98,+0002.14,+0002.45,-0014.09
+1580946812.15,+0000.00,+0002.93,-0000.98,+0000.92,-0002.45,-0011.33
+1580946812.15,+0000.98,+0005.86,-0000.98,+0000.69,-0001.00,-0009.19
+1580946812.16,-0001.95,+0004.88,-0001.95,-0001.91,+0002.68,-0011.64
+1580946812.16,-0004.88,+0001.95,-0002.93,-0001.38,-0001.30,-0010.57
+1580946812.17,-0002.93,+0001.95,-0004.88,+0000.31,-0000.61,-0007.89
+1580946812.17,-0006.84,+0000.98,-0004.88,-0001.61,+0003.45,-0009.95
+1580946812.18,-0010.74,+0000.98,-0004.88,-0000.92,-0000.38,-0012.56
+1580946812.18,-0006.84,+0000.00,-0003.91,+0000.46,-0001.38,-0008.73
+1580946812.19,-0004.88,-0000.98,-0004.88,+0001.68,+0002.07,-0010.18
+1580946812.19,-0012.70,+0000.00,-0004.88,+0000.92,+0003.60,-0016.00
+1580946812.20,-0005.86,-0000.98,-0004.88,-0000.23,-0001.38,-0011.48
+1580946812.20,+0000.98,-0001.95,-0003.91,-0000.84,+0001.76,-0010.64
+1580946812.21,-0007.81,-0001.95,-0004.88,-0001.07,-0001.07,-0007.89
+1580946812.21,+0000.00,+0000.98,-0005.86,-0002.45,-0000.15,-0007.04
+1580946812.22,-0000.98,-0002.93,-0006.84,-0001.76,+0002.60,-0013.55
+1580946812.22,-0002.93,-0003.91,-0007.81,+0000.38,-0007.20,-0008.96
+1580946812.23,+0005.86,-0001.95,-0007.81,+0000.84,-0000.38,-0009.88
+1580946812.23,+0000.98,-0003.91,-0007.81,+0000.69,+0001.68,-0010.41
+1580946812.24,+0000.00,-0000.98,-0007.81,+0000.15,-0006.74,-0009.80
+1580946812.24,+0011.72,-0002.93,-0008.79,-0001.30,-0000.77,-0004.75
+1580946812.25,-0006.84,-0002.93,-0009.77,-0003.45,-0009.49,-0012.25
+1580946812.25,+0001.95,-0003.91,-0007.81,+0007.35,-0002.68,-0014.78
+1580946812.26,+0014.65,+0000.98,-0007.81,-0005.44,-0000.15,-0008.27
+1580946812.26,+0000.00,-0003.91,-0008.79,+0001.61,+0005.05,-0011.33
+1580946812.27,+0001.95,+0000.98,-0008.79,-0003.83,-0003.29,-0009.03
+1580946812.27,+0011.72,+0000.98,-0008.79,+0002.37,+0003.29,-0012.33
+1580946812.28,+0006.84,+0000.00,-0008.79,-0005.44,-0003.14,-0003.22
+1580946812.28,+0004.88,+0001.95,-0008.79,-0003.14,-0000.69,-0010.26
+1580946812.29,+0002.93,+0002.93,-0007.81,+0001.15,-0004.13,-0004.52
+1580946812.29,+0009.77,+0001.95,-0006.84,+0001.61,+0003.22,-0003.14
+1580946812.30,-0005.86,+0003.91,-0008.79,-0002.99,+0005.28,-0014.47
+1580946812.30,-0005.86,+0003.91,-0008.79,+0002.45,+0000.92,-0014.85
+1580946812.31,+0003.91,+0004.88,-0007.81,-0001.68,-0000.69,-0011.94
+1580946812.31,+0000.98,+0002.93,-0006.84,+0001.84,+0000.31,-0003.22
+1580946812.32,-0013.67,+0008.79,-0006.84,-0005.36,+0000.00,-0009.95
+1580946812.32,-0010.74,+0006.84,-0006.84,+0003.68,-0005.21,-0011.18
+1580946812.33,+0004.88,+0007.81,-0006.84,+0001.15,+0000.46,-0006.74
+1580946812.33,-0006.84,+0006.84,-0008.79,+0001.00,+0004.75,-0009.72
+1580946812.34,-0011.72,+0010.74,-0008.79,+0000.00,+0002.45,-0016.84
+1580946812.34,-0003.91,+0009.77,-0006.84,+0000.77,-0006.97,-0010.18
+1580946812.35,+0006.84,+0007.81,-0006.84,+0002.76,-0000.08,-0008.58
+1580946812.35,-0005.86,+0010.74,-0006.84,-0000.54,+0000.46,-0013.48
+1580946812.36,-0013.67,+0011.72,-0007.81,-0002.14,-0004.36,-0014.16
+1580946812.36,+0006.84,+0008.79,-0007.81,+0002.14,+0000.23,-0013.25
+1580946812.37,+0001.95,+0009.77,-0009.77,+0000.08,+0001.91,-0015.70
+1580946812.37,-0003.91,+0010.74,-0009.77,+0006.51,+0000.23,-0017.84
+1580946812.38,-0003.91,+0013.67,-0008.79,-0003.37,-0003.22,-0010.03
+1580946812.38,+0002.93,+0009.77,-0006.84,+0005.51,+0000.54,-0012.40
+1580946812.39,+0006.84,+0011.72,-0007.81,+0000.46,+0008.12,-0013.70
+1580946812.39,-0008.79,+0011.72,-0008.79,-0003.75,-0006.58,-0002.76
+1580946812.40,-0000.98,+0012.70,-0008.79,+0006.12,+0003.60,-0015.31
+1580946812.40,+0003.91,+0010.74,-0007.81,-0006.28,-0002.07,-0008.80
+1580946812.41,+0003.91,+0009.77,-0008.79,-0000.46,+0004.75,-0012.63
+1580946812.41,-0008.79,+0012.70,-0007.81,-0001.00,-0002.45,-0014.01
+1580946812.42,+0000.00,+0010.74,-0006.84,+0000.38,-0003.75,-0012.25
+1580946812.42,+0006.84,+0010.74,-0005.86,+0000.38,+0001.61,-0011.64
+1580946812.43,-0004.88,+0010.74,-0007.81,-0000.38,-0004.90,-0006.89
+1580946812.43,+0002.93,+0011.72,-0008.79,-0000.92,+0001.30,-0011.64
+1580946812.44,+0002.93,+0008.79,-0009.77,-0001.84,-0002.99,-0009.03
+1580946812.44,+0000.00,+0007.81,-0010.74,-0000.15,+0002.45,-0009.80
+1580946812.45,-0005.86,+0010.74,-0010.74,-0002.14,-0003.29,-0013.70
+1580946812.45,+0002.93,+0008.79,-0010.74,+0002.83,-0000.77,-0009.11
+1580946812.46,+0002.93,+0007.81,-0012.70,-0004.75,+0001.45,-0007.27
+1580946812.46,-0007.81,+0009.77,-0013.67,-0000.77,-0000.08,-0011.18
+1580946812.47,-0005.86,+0007.81,-0012.70,-0004.29,-0003.83,-0004.67
+1580946812.47,+0000.00,+0006.84,-0013.67,+0002.37,+0004.44,-0012.63
+1580946812.48,-0009.77,+0003.91,-0014.65,-0000.92,-0005.28,-0006.28
+1580946812.48,+0000.00,+0007.81,-0015.62,-0000.54,+0003.14,-0014.09
+1580946812.49,-0005.86,+0004.88,-0016.60,-0004.67,+0000.00,-0011.25
+1580946812.49,+0000.00,+0004.88,-0018.55,+0002.30,-0003.98,-0003.75
+1580946812.50,-0003.91,+0003.91,-0019.53,-0001.76,-0000.08,-0008.80
+1580946812.50,-0008.79,+0002.93,-0019.53,+0000.46,+0001.23,-0013.32
+1580946812.51,-0005.86,+0002.93,-0019.53,-0004.82,-0001.99,-0015.85
+1580946812.51,+0004.88,+0000.98,-0020.51,+0000.23,+0001.91,-0005.82
+1580946812.52,-0003.91,+0002.93,-0023.44,-0004.52,+0003.29,-0009.19
+1580946812.52,-0010.74,+0001.95,-0023.44,-0002.22,-0005.67,-0007.43
+1580946812.53,+0004.88,+0000.98,-0023.44,-0002.68,-0000.08,-0010.57
+1580946812.53,-0002.93,-0000.98,-0024.41,-0003.98,-0001.68,-0007.73
+1580946812.54,-0002.93,+0000.00,-0024.41,+0000.00,-0001.07,-0010.64
+1580946812.54,+0000.00,+0001.95,-0025.39,-0002.68,+0000.08,-0011.10
+1580946812.55,-0004.88,-0000.98,-0024.41,-0003.90,-0005.74,-0001.38
+1580946812.55,+0007.81,-0001.95,-0025.39,+0001.68,+0007.43,-0012.10
+1580946812.56,-0009.77,+0000.98,-0027.34,-0008.19,-0000.46,-0012.94
+1580946812.56,-0002.93,-0001.95,-0028.32,-0000.69,-0002.22,-0010.41
+1580946812.57,+0001.95,-0000.98,-0029.30,-0002.37,+0001.99,-0014.01
+1580946812.57,-0002.93,-0003.91,-0029.30,+0003.75,-0002.76,-0007.96
+1580946812.58,+0000.98,+0000.98,-0030.27,-0003.75,-0003.98,-0013.02
+1580946812.58,-0000.98,-0001.95,-0030.27,+0002.83,-0000.08,-0014.32
+1580946812.59,-0001.95,+0000.00,-0030.27,-0005.36,-0004.06,-0010.34
+1580946812.59,+0006.84,-0000.98,-0029.30,+0001.07,-0000.46,-0011.56
+1580946812.60,+0010.74,+0000.98,-0031.25,-0003.06,-0004.98,-0003.29
+1580946812.60,+0001.95,+0002.93,-0031.25,-0002.37,-0003.22,-0009.34
+1580946812.61,+0000.98,+0001.95,-0029.30,+0002.14,-0000.08,-0015.54
+1580946812.61,+0009.77,+0003.91,-0027.34,-0000.31,-0001.76,-0013.40
+1580946812.62,+0010.74,+0000.98,-0027.34,+0002.22,+0000.31,-0009.88
+1580946812.62,+0005.86,+0005.86,-0026.37,-0006.28,-0004.98,-0000.15
+1580946812.63,+0006.84,+0004.88,-0026.37,+0002.76,+0002.37,-0007.66
+1580946812.63,-0000.98,+0004.88,-0026.37,-0004.59,+0003.06,-0008.35
+1580946812.64,+0000.00,+0003.91,-0024.41,+0001.76,-0002.07,-0006.89
+1580946812.64,+0008.79,+0006.84,-0023.44,+0000.46,+0003.37,-0007.66
+1580946812.65,-0001.95,+0005.86,-0022.46,+0000.46,-0001.38,-0008.96
+1580946812.65,-0001.95,+0008.79,-0021.48,+0000.23,+0001.91,-0013.40
+1580946812.66,-0003.91,+0007.81,-0020.51,-0000.69,-0000.54,-0010.80
+1580946812.66,-0001.95,+0007.81,-0018.55,+0002.45,-0000.69,-0008.73
+1580946812.67,+0001.95,+0007.81,-0017.58,-0002.14,-0003.60,-0003.90
+1580946812.67,-0009.77,+0009.77,-0018.55,-0003.29,-0004.29,-0011.64
+1580946812.68,-0005.86,+0007.81,-0017.58,+0003.83,-0003.83,-0008.27
+1580946812.68,+0002.93,+0010.74,-0016.60,+0002.30,+0002.91,-0013.09
+1580946812.69,-0009.77,+0005.86,-0016.60,-0003.06,+0000.00,-0008.19
+1580946812.69,-0007.81,+0010.74,-0015.62,-0002.22,-0004.52,-0011.56
+1580946812.70,-0000.98,+0008.79,-0015.62,+0003.98,+0003.22,-0012.63
+1580946812.70,-0002.93,+0008.79,-0015.62,-0001.00,-0005.67,-0008.12
+1580946812.71,-0006.84,+0009.77,-0014.65,-0000.23,-0003.60,-0011.03
+1580946812.71,-0000.98,+0008.79,-0014.65,+0001.00,-0003.29,-0006.28
+1580946812.72,+0000.98,+0008.79,-0014.65,+0001.30,+0003.75,-0014.01
+1580946812.72,-0008.79,+0006.84,-0015.62,-0004.06,+0000.31,-0008.12
+1580946812.73,+0003.91,+0009.77,-0015.62,-0005.82,-0003.22,-0006.74
+1580946812.73,+0007.81,+0004.88,-0015.62,+0003.37,+0004.21,-0011.10
+1580946812.74,-0003.91,+0007.81,-0014.65,-0001.91,-0000.31,-0007.50
+1580946812.74,+0000.98,+0007.81,-0013.67,+0002.53,+0001.76,-0016.00
+1580946812.75,+0003.91,+0004.88,-0012.70,-0002.14,-0000.23,-0014.16
+1580946812.75,+0006.84,+0004.88,-0012.70,+0003.06,-0005.51,-0006.20
+1580946812.76,+0003.91,+0006.84,-0014.65,-0001.30,+0003.45,-0007.96
+1580946812.76,-0008.79,+0003.91,-0014.65,-0000.08,-0006.51,-0010.26
+1580946812.77,+0008.79,+0003.91,-0013.67,+0002.60,+0001.30,-0017.07
+1580946812.77,+0007.81,+0001.95,-0013.67,-0003.90,-0001.99,-0006.28
+1580946812.77,-0001.95,+0003.91,-0014.65,-0002.76,-0002.37,-0013.93
+1580946812.78,-0000.98,+0003.91,-0014.65,-0001.23,-0002.83,-0011.10
+1580946812.78,+0010.74,+0001.95,-0014.65,+0001.68,+0002.53,-0010.11
+1580946812.79,+0002.93,+0000.00,-0015.62,-0002.68,+0001.00,-0005.05
+1580946812.79,+0000.98,+0003.91,-0015.62,-0002.53,-0002.14,-0005.82
+1580946812.80,+0001.95,+0001.95,-0015.62,+0000.31,+0002.07,-0010.64
+1580946812.80,+0000.98,+0000.00,-0016.60,-0000.69,-0001.68,-0006.97
+1580946812.81,+0003.91,+0001.95,-0016.60,-0000.23,+0001.91,-0012.10
+1580946812.81,-0001.95,+0001.95,-0015.62,-0000.61,-0000.15,-0011.56
+1580946812.82,+0000.98,+0000.98,-0015.62,+0001.61,+0000.00,-0009.57
+1580946812.82,-0002.93,+0000.98,-0015.62,-0000.92,+0002.53,-0013.25
+1580946812.83,-0003.91,+0000.00,-0015.62,+0000.61,-0002.83,-0007.81
+1580946812.83,+0003.91,+0000.98,-0016.60,+0000.61,+0001.45,-0011.03
+1580946812.84,-0000.98,-0000.98,-0017.58,-0002.53,-0001.84,-0005.59
+1580946812.84,-0002.93,+0000.98,-0017.58,-0004.44,-0000.15,-0011.56
+1580946812.85,-0001.95,-0000.98,-0017.58,+0002.07,-0001.61,-0012.63
+1580946812.85,+0004.88,-0000.98,-0017.58,-0001.15,-0002.22,-0010.95
+1580946812.86,+0004.88,-0001.95,-0017.58,+0000.08,+0000.46,-0012.79
+1580946812.86,-0000.98,+0000.00,-0018.55,-0002.30,-0003.90,-0008.27
+1580946812.87,+0006.84,+0000.00,-0018.55,+0002.45,+0000.38,-0014.55
+1580946812.87,+0004.88,-0000.98,-0018.55,-0004.82,-0001.15,-0008.88
+1580946812.88,+0003.91,+0000.00,-0019.53,-0001.38,-0001.00,-0007.27
+1580946812.88,+0003.91,+0000.00,-0019.53,-0000.54,+0001.38,-0011.79
+1580946812.89,+0001.95,+0000.00,-0019.53,+0001.23,-0003.22,-0010.95
+1580946812.89,+0008.79,+0000.00,-0019.53,-0000.46,-0001.45,-0009.57
+1580946812.90,+0006.84,+0000.98,-0020.51,-0003.83,+0000.00,-0008.65
+1580946812.90,-0001.95,+0001.95,-0021.48,+0000.84,+0001.07,-0011.71
+1580946812.91,+0000.98,+0001.95,-0019.53,-0002.07,-0002.07,-0017.69
+1580946812.91,+0011.72,+0000.98,-0018.55,-0000.23,-0001.99,-0006.74
+1580946812.92,+0011.72,+0002.93,-0018.55,+0000.61,+0003.37,-0007.81
+1580946812.92,-0002.93,+0005.86,-0017.58,-0000.23,-0001.38,-0013.78
+1580946812.93,+0006.84,+0003.91,-0016.60,-0004.36,-0007.43,-0006.35
+1580946812.93,+0013.67,+0005.86,-0016.60,-0003.98,-0004.29,-0004.82
+1580946812.94,+0006.84,+0002.93,-0018.55,+0001.23,+0003.60,-0006.97
+1580946812.94,+0003.91,+0007.81,-0018.55,-0003.90,-0002.37,-0009.49
+1580946812.95,+0007.81,+0005.86,-0017.58,+0000.23,-0000.84,-0008.12
+1580946812.95,+0011.72,+0004.88,-0018.55,+0002.68,+0003.14,-0009.49
+1580946812.96,+0000.00,+0007.81,-0017.58,+0001.15,-0000.15,-0012.33
+1580946812.96,+0000.98,+0009.77,-0015.62,-0001.68,-0002.45,-0011.48
+1580946812.97,+0010.74,+0006.84,-0015.62,-0000.23,+0003.83,-0005.13
+1580946812.97,-0001.95,+0007.81,-0016.60,+0000.46,+0007.81,-0017.30
+1580946812.98,-0009.77,+0009.77,-0016.60,-0004.90,-0010.34,-0006.05
+1580946812.98,+0009.77,+0008.79,-0016.60,+0007.66,+0003.06,-0016.15
+1580946812.99,-0003.91,+0005.86,-0016.60,-0000.77,+0001.99,-0008.04
+1580946812.99,-0008.79,+0008.79,-0015.62,+0000.92,-0004.13,-0008.96
+1580946813.00,+0004.88,+0007.81,-0015.62,+0000.61,-0004.13,-0009.95
+1580946813.00,+0000.00,+0005.86,-0015.62,-0005.44,-0006.28,-0000.54
+1580946813.01,+0000.00,+0005.86,-0016.60,+0005.82,+0004.82,-0016.31
+1580946813.01,-0006.84,+0008.79,-0017.58,-0008.88,-0004.52,-0006.12
+1580946813.02,+0000.00,+0004.88,-0017.58,+0005.36,+0003.14,-0018.45
+1580946813.02,+0004.88,+0003.91,-0016.60,+0002.53,+0001.45,-0014.24
+1580946813.03,+0002.93,+0003.91,-0016.60,+0001.15,-0002.76,-0004.82
+1580946813.03,-0003.91,+0005.86,-0018.55,-0001.23,+0003.37,-0015.39
+1580946813.04,-0002.93,+0003.91,-0018.55,+0002.99,-0001.00,-0011.18
+1580946813.04,+0006.84,+0002.93,-0018.55,-0000.38,-0001.00,-0010.87
+1580946813.05,+0002.93,+0000.98,-0018.55,+0000.23,-0000.54,-0004.44
+1580946813.05,-0002.93,+0003.91,-0019.53,+0003.06,+0002.37,-0008.73
+1580946813.06,-0004.88,+0000.98,-0019.53,+0001.61,-0000.23,-0013.86
+1580946813.06,+0006.84,+0000.00,-0020.51,-0001.30,-0001.30,-0011.41
+1580946813.07,+0004.88,-0002.93,-0021.48,-0001.68,+0003.29,-0012.10
+1580946813.07,-0006.84,+0001.95,-0021.48,-0002.07,-0001.15,-0013.55
+1580946813.08,+0000.00,-0000.98,-0020.51,+0002.45,-0002.37,-0016.84
+1580946813.08,+0009.77,-0001.95,-0019.53,-0000.92,-0001.23,-0005.74
+1580946813.09,+0005.86,-0001.95,-0020.51,+0000.31,+0002.37,-0005.59
+1580946813.09,-0006.84,+0000.98,-0021.48,-0006.43,-0008.35,-0007.66
+1580946813.10,+0008.79,-0001.95,-0021.48,+0004.29,+0003.06,-0012.17
+1580946813.10,+0007.81,-0001.95,-0022.46,-0003.68,-0000.08,-0008.96
+1580946813.11,+0002.93,-0002.93,-0022.46,+0000.46,-0000.69,-0010.57
+1580946813.11,+0001.95,+0000.98,-0022.46,-0001.68,-0000.54,-0011.18
+1580946813.12,+0004.88,-0000.98,-0020.51,+0002.99,+0001.07,-0012.10
+1580946813.12,+0008.79,-0000.98,-0020.51,-0002.14,-0003.90,-0005.44
+1580946813.13,+0002.93,+0000.98,-0020.51,-0000.46,+0000.23,-0007.81
+1580946813.13,+0000.00,+0000.98,-0021.48,-0000.92,-0000.61,-0010.80
+1580946813.14,+0005.86,+0000.00,-0021.48,+0000.15,-0000.77,-0009.72
+1580946813.14,+0002.93,-0000.98,-0022.46,+0001.84,+0002.99,-0011.94
+1580946813.15,-0005.86,+0000.98,-0022.46,+0000.08,-0001.68,-0010.57
+1580946813.15,-0002.93,+0000.98,-0021.48,-0000.46,+0000.46,-0013.93
+1580946813.16,+0000.98,+0000.98,-0022.46,-0002.22,+0001.07,-0011.25
+1580946813.16,+0004.88,+0000.98,-0022.46,+0004.06,+0004.82,-0008.12
+1580946813.17,-0004.88,+0004.88,-0022.46,-0004.75,-0000.61,-0009.72
+1580946813.17,-0003.91,+0002.93,-0021.48,-0000.77,-0003.83,-0008.96
+1580946813.18,+0002.93,+0003.91,-0021.48,-0002.99,+0001.68,-0011.03
+1580946813.18,+0000.00,+0000.98,-0021.48,+0002.22,-0001.61,-0005.59
+1580946813.19,+0000.98,+0006.84,-0021.48,-0004.36,+0001.23,-0010.95
+1580946813.19,+0000.98,+0004.88,-0022.46,+0000.61,-0002.53,-0012.86
+1580946813.20,+0007.81,+0004.88,-0021.48,+0001.30,+0006.43,-0012.48
+1580946813.20,+0000.00,+0007.81,-0022.46,-0003.75,-0000.92,-0012.63
+1580946813.21,+0003.91,+0005.86,-0022.46,+0001.30,-0003.22,-0007.81
+1580946813.21,+0005.86,+0007.81,-0023.44,-0001.07,+0001.07,-0012.94
+1580946813.22,-0000.98,+0006.84,-0023.44,+0001.30,-0005.97,-0003.68
+1580946813.22,+0008.79,+0009.77,-0024.41,-0001.07,+0007.35,-0014.62
+1580946813.23,-0003.91,+0006.84,-0025.39,-0002.91,+0000.00,-0012.86
+1580946813.23,+0001.95,+0009.77,-0024.41,-0003.52,-0003.29,-0011.25
+1580946813.24,+0007.81,+0007.81,-0024.41,+0001.61,+0002.76,-0010.49
+1580946813.24,+0000.00,+0010.74,-0023.44,+0000.46,+0000.69,-0010.34
+1580946813.25,+0002.93,+0009.77,-0024.41,-0004.21,-0002.68,-0007.89
+1580946813.25,+0006.84,+0008.79,-0025.39,-0004.06,-0001.07,-0008.19
+1580946813.26,+0004.88,+0006.84,-0025.39,+0001.68,-0000.38,-0009.03
+1580946813.26,+0002.93,+0011.72,-0025.39,-0002.37,-0002.99,-0009.19
+1580946813.27,+0004.88,+0009.77,-0024.41,-0003.75,-0005.51,-0008.96
+1580946813.27,+0012.70,+0007.81,-0025.39,+0001.38,-0000.38,-0006.43
+1580946813.28,+0004.88,+0011.72,-0027.34,-0000.69,+0003.29,-0012.63
+1580946813.28,-0002.93,+0007.81,-0028.32,-0003.52,-0004.44,-0006.35
+1580946813.29,+0007.81,+0011.72,-0027.34,-0007.81,-0000.84,-0010.95
+1580946813.29,+0002.93,+0005.86,-0028.32,+0000.46,-0001.23,-0004.90
+1580946813.30,+0005.86,+0009.77,-0029.30,-0000.69,+0000.38,-0001.45
+1580946813.30,-0002.93,+0008.79,-0029.30,-0002.07,-0002.53,-0010.57
+1580946813.31,+0000.98,+0006.84,-0028.32,+0002.68,-0001.38,-0006.28
+1580946813.31,+0005.86,+0007.81,-0028.32,-0000.61,+0001.45,-0015.54
+1580946813.32,-0004.88,+0005.86,-0029.30,-0002.68,-0001.00,-0007.35
+1580946813.32,-0002.93,+0006.84,-0030.27,-0003.22,+0001.38,-0010.95
+1580946813.33,+0000.00,+0002.93,-0031.25,-0001.61,+0000.69,-0012.40
+1580946813.33,-0000.98,+0003.91,-0032.23,-0000.61,-0000.92,-0010.18
+1580946813.34,-0000.98,+0002.93,-0034.18,-0000.38,-0002.30,-0012.17
+1580946813.34,-0003.91,+0001.95,-0034.18,-0003.75,+0001.99,-0006.81
+1580946813.35,-0003.91,+0001.95,-0035.16,+0003.37,-0001.23,-0012.94
+1580946813.35,-0001.95,-0000.98,-0035.16,-0004.59,-0002.83,-0006.97
+1580946813.36,+0000.00,+0000.98,-0035.16,-0004.75,+0002.22,-0013.93
+1580946813.36,-0002.93,+0000.00,-0036.13,+0000.69,-0003.68,-0012.33
+1580946813.37,+0001.95,-0000.98,-0036.13,-0001.45,+0001.07,-0009.95
+1580946813.37,-0001.95,-0001.95,-0037.11,-0001.00,-0001.23,-0013.63
+1580946813.38,+0000.00,-0000.98,-0037.11,-0001.84,-0000.84,-0011.79
+1580946813.38,+0002.93,-0002.93,-0037.11,-0003.37,+0001.45,-0014.85
+1580946813.39,+0002.93,-0003.91,-0038.09,-0002.53,-0001.30,-0012.94
+1580946813.39,+0005.86,-0003.91,-0040.04,-0001.07,+0001.30,-0011.03
+1580946813.40,+0000.98,-0004.88,-0041.02,-0002.99,-0003.37,-0010.11
+1580946813.40,+0005.86,-0005.86,-0040.04,-0001.15,+0000.61,-0014.16
+1580946813.41,+0007.81,-0006.84,-0040.04,+0001.91,+0000.54,-0013.63
+1580946813.41,+0006.84,-0003.91,-0039.06,-0001.23,-0001.53,-0009.80
+1580946813.42,+0008.79,-0003.91,-0038.09,-0002.45,-0001.53,-0012.33
+1580946813.42,+0008.79,-0003.91,-0038.09,+0001.30,-0000.69,-0007.81
+1580946813.43,+0007.81,-0003.91,-0039.06,-0000.61,-0000.46,-0011.03
+1580946813.43,+0009.77,-0003.91,-0038.09,-0000.84,-0003.06,-0010.72
+1580946813.44,+0012.70,-0001.95,-0038.09,-0000.15,+0000.69,-0009.72
+1580946813.44,+0009.77,-0000.98,-0037.11,+0003.06,+0002.60,-0010.11
+1580946813.45,+0007.81,+0000.98,-0037.11,-0002.99,-0002.37,-0007.66
+1580946813.45,+0007.81,+0000.00,-0036.13,+0000.00,+0000.15,-0005.59
+1580946813.46,+0004.88,+0002.93,-0036.13,+0001.00,+0001.00,-0006.28
+1580946813.46,+0000.98,+0001.95,-0035.16,+0001.38,-0001.38,-0008.58
+1580946813.47,+0004.88,+0003.91,-0034.18,-0000.23,-0000.92,-0009.95
+1580946813.47,+0006.84,+0002.93,-0034.18,-0000.84,-0000.15,-0002.68
+1580946813.48,-0008.79,+0006.84,-0035.16,-0003.37,-0005.97,-0009.57
+1580946813.48,-0005.86,+0002.93,-0034.18,+0005.36,-0003.75,-0014.01
+1580946813.49,+0009.77,+0006.84,-0033.20,-0005.28,-0001.00,-0008.50
+1580946813.49,+0000.98,+0003.91,-0034.18,+0000.46,+0004.52,-0003.60
+1580946813.50,-0009.77,+0009.77,-0035.16,-0005.74,-0001.76,-0009.95
+1580946813.50,-0000.98,+0005.86,-0034.18,+0004.67,+0000.77,-0020.06
+1580946813.51,+0008.79,+0002.93,-0035.16,-0004.44,-0006.05,-0006.20
+1580946813.51,+0010.74,+0006.84,-0036.13,+0001.15,+0000.77,-0006.43
+1580946813.52,-0001.95,+0009.77,-0037.11,+0000.38,+0000.54,-0014.55
+1580946813.52,+0000.98,+0006.84,-0037.11,-0000.69,-0005.36,-0016.15
+1580946813.53,+0015.62,+0002.93,-0037.11,-0005.21,-0000.69,-0013.48
+1580946813.53,+0006.84,+0003.91,-0039.06,-0003.68,-0001.84,-0010.03
+1580946813.54,+0004.88,+0005.86,-0040.04,-0002.68,-0003.98,-0005.51
+1580946813.54,+0012.70,+0003.91,-0041.02,+0001.07,+0000.23,-0012.56
+1580946813.55,+0010.74,+0000.98,-0041.02,-0001.84,+0001.91,-0010.95
+1580946813.55,+0010.74,+0002.93,-0041.99,+0000.46,-0001.00,-0011.33
+1580946813.56,+0012.70,+0000.00,-0042.97,-0002.68,-0003.37,-0011.03
+1580946813.56,+0015.62,+0000.00,-0043.95,-0001.61,+0001.45,-0007.50
+1580946813.57,+0005.86,-0000.98,-0043.95,-0002.22,-0005.36,-0011.18
+1580946813.57,+0016.60,-0001.95,-0042.97,+0000.69,-0000.31,-0013.17
+1580946813.58,+0015.62,-0003.91,-0043.95,-0004.59,+0001.84,-0012.25
+1580946813.58,+0007.81,-0001.95,-0043.95,+0000.92,-0000.08,-0010.41
+1580946813.59,+0009.77,-0002.93,-0043.95,+0001.45,+0003.29,-0020.14
+1580946813.59,+0014.65,-0004.88,-0044.92,-0001.61,-0005.36,-0007.73
+1580946813.60,+0016.60,-0005.86,-0044.92,-0001.00,+0003.22,-0008.65
+1580946813.60,+0004.88,-0003.91,-0045.90,-0002.37,-0001.00,-0010.03
+1580946813.61,+0006.84,-0005.86,-0045.90,-0000.08,+0000.23,-0011.25
+1580946813.61,+0016.60,-0007.81,-0044.92,-0001.15,-0004.98,-0000.46
+1580946813.62,+0005.86,-0005.86,-0045.90,+0000.38,+0010.49,-0011.71
+1580946813.62,-0004.88,-0007.81,-0045.90,+0003.45,-0003.75,-0010.95
+1580946813.63,+0013.67,-0006.84,-0043.95,-0001.07,-0000.46,-0011.03
+1580946813.63,+0007.81,-0010.74,-0042.97,+0000.61,+0004.21,-0014.85
+1580946813.64,+0001.95,-0005.86,-0041.02,-0003.52,-0003.06,-0013.93
+1580946813.64,+0002.93,-0006.84,-0041.02,+0000.54,-0003.90,-0003.68
+1580946813.65,+0007.81,-0009.77,-0041.02,+0003.60,+0005.36,-0009.34
+1580946813.65,-0004.88,-0008.79,-0040.04,-0004.67,+0002.30,-0015.01
+1580946813.66,+0005.86,-0008.79,-0039.06,-0001.61,-0007.04,-0001.53
+1580946813.66,+0017.58,-0009.77,-0039.06,+0002.76,+0007.89,-0013.02
+1580946813.67,-0009.77,-0007.81,-0038.09,-0006.81,-0002.45,-0007.43
+1580946813.67,+0002.93,-0006.84,-0037.11,-0000.61,-0002.14,-0017.23
+1580946813.68,+0007.81,-0010.74,-0037.11,-0000.08,-0000.92,-0009.88
+1580946813.68,+0008.79,-0009.77,-0036.13,+0007.58,-0002.83,-0004.75
+1580946813.69,+0005.86,-0006.84,-0036.13,-0004.44,-0001.91,-0009.49
+1580946813.69,+0000.00,-0006.84,-0035.16,-0002.99,-0002.99,-0011.56
+1580946813.70,+0009.77,-0009.77,-0033.20,+0001.07,-0003.52,-0006.20
+1580946813.70,+0010.74,-0006.84,-0033.20,+0000.92,+0001.99,-0008.73
+1580946813.71,-0001.95,-0006.84,-0033.20,-0000.15,-0007.73,-0005.05
+1580946813.71,+0008.79,-0005.86,-0032.23,+0001.91,+0003.68,-0019.83
+1580946813.72,+0003.91,-0006.84,-0032.23,-0006.74,+0001.07,-0013.40
+1580946813.72,+0005.86,-0007.81,-0031.25,+0005.21,-0000.77,-0009.57
+1580946813.73,+0008.79,-0004.88,-0029.30,-0002.45,-0002.30,-0002.76
+1580946813.73,+0007.81,-0005.86,-0030.27,+0003.68,+0003.22,-0012.48
+1580946813.74,+0000.00,-0004.88,-0030.27,-0006.58,+0001.91,-0006.43
+1580946813.74,+0001.95,-0003.91,-0030.27,+0001.68,-0000.23,-0014.32
+1580946813.75,+0009.77,-0004.88,-0029.30,-0000.38,-0003.14,-0005.13
+1580946813.75,+0009.77,-0003.91,-0028.32,+0002.07,+0006.05,-0012.40
+1580946813.76,-0006.84,-0001.95,-0028.32,-0003.06,-0000.61,-0013.48
+1580946813.76,+0012.70,-0001.95,-0028.32,-0001.68,+0003.45,-0012.17
+1580946813.77,+0010.74,-0002.93,-0029.30,-0002.68,+0004.59,-0013.25
+1580946813.77,+0000.00,-0001.95,-0030.27,+0001.38,-0005.97,+0003.14
+1580946813.78,+0004.88,+0001.95,-0030.27,-0002.53,+0005.51,-0013.32
+1580946813.78,+0003.91,-0003.91,-0031.25,+0001.00,+0004.75,-0004.59
+1580946813.79,+0005.86,+0000.00,-0031.25,-0002.83,+0000.54,-0009.49
+1580946813.79,-0003.91,-0001.95,-0031.25,-0000.46,+0001.38,-0014.16
+1580946813.80,+0002.93,+0000.98,-0031.25,-0001.07,+0002.83,-0013.93
+1580946813.80,+0003.91,-0001.95,-0030.27,-0000.69,-0000.38,-0011.41
+1580946813.81,+0001.95,-0000.98,-0031.25,-0003.37,-0001.61,-0006.35
+1580946813.81,-0001.95,+0000.00,-0032.23,-0001.00,+0005.05,-0013.70
+1580946813.82,+0002.93,-0002.93,-0032.23,+0002.07,-0001.30,-0004.90
+1580946813.82,+0007.81,-0001.95,-0033.20,-0004.90,+0004.36,-0013.70
+1580946813.83,-0004.88,-0003.91,-0034.18,-0004.52,-0001.23,-0011.03
+1580946813.83,+0004.88,-0001.95,-0034.18,-0004.98,-0004.90,-0009.65
+1580946813.84,+0016.60,-0005.86,-0035.16,+0001.07,+0001.15,-0003.68
+1580946813.84,+0003.91,-0000.98,-0037.11,-0004.06,+0005.97,-0009.80
+1580946813.85,-0005.86,-0003.91,-0037.11,-0003.90,-0001.00,-0015.31
+1580946813.85,+0012.70,-0003.91,-0036.13,-0003.06,-0000.46,-0011.71
+1580946813.86,+0012.70,-0007.81,-0037.11,-0000.77,+0003.14,-0006.58
+1580946813.86,-0000.98,-0000.98,-0038.09,+0000.92,+0004.29,-0008.42
+1580946813.87,-0000.98,-0003.91,-0037.11,+0004.06,-0001.07,-0015.77
+1580946813.87,+0013.67,-0005.86,-0037.11,-0001.99,-0000.08,-0010.18
+1580946813.88,+0008.79,-0008.79,-0038.09,-0002.37,+0003.52,-0009.11
+1580946813.88,-0000.98,-0003.91,-0039.06,+0003.45,-0001.07,-0011.18
+1580946813.89,+0006.84,-0007.81,-0039.06,+0000.84,+0004.59,-0020.37
+1580946813.89,+0007.81,-0009.77,-0038.09,-0003.60,-0004.52,-0007.58
+1580946813.90,+0014.65,-0008.79,-0038.09,+0003.37,-0001.07,-0009.95
+1580946813.90,+0005.86,-0006.84,-0039.06,-0000.61,-0000.77,-0015.08
+1580946813.91,+0007.81,-0007.81,-0039.06,-0002.37,-0003.45,-0008.80
+1580946813.91,+0017.58,-0008.79,-0039.06,+0001.84,+0001.15,-0013.02
+1580946813.92,+0009.77,-0007.81,-0038.09,+0000.61,-0001.00,-0011.41
+1580946813.92,+0011.72,-0006.84,-0038.09,-0001.15,+0001.91,-0012.79
+1580946813.93,+0009.77,-0008.79,-0037.11,-0002.76,-0005.59,-0009.11
+1580946813.93,+0017.58,-0007.81,-0037.11,+0002.83,-0000.77,-0002.83
+1580946813.94,+0009.77,-0006.84,-0037.11,-0000.23,-0002.76,-0006.89
+1580946813.94,+0006.84,-0008.79,-0037.11,+0003.29,-0001.84,-0004.21
+1580946813.95,+0012.70,-0006.84,-0036.13,-0001.30,+0000.92,-0013.40
+1580946813.95,+0009.77,-0009.77,-0035.16,-0001.00,-0000.61,-0006.51
+1580946813.96,+0004.88,-0006.84,-0034.18,-0003.22,-0003.14,-0009.88
+1580946813.96,+0007.81,-0007.81,-0033.20,+0001.91,+0000.84,-0014.85
+1580946813.97,+0005.86,-0006.84,-0033.20,-0004.13,-0001.30,-0004.90
+1580946813.97,+0000.00,-0007.81,-0034.18,-0002.37,-0002.45,-0005.97
+1580946813.98,+0000.98,-0006.84,-0034.18,+0001.84,+0000.31,-0010.87
+1580946813.98,+0003.91,-0007.81,-0033.20,+0000.00,+0000.38,-0006.74
+1580946813.99,+0000.98,-0007.81,-0033.20,-0001.76,+0001.45,-0009.95
+1580946813.99,-0003.91,-0005.86,-0032.23,-0001.99,-0001.68,-0013.09
+1580946814.00,+0003.91,-0007.81,-0032.23,+0000.54,-0002.07,-0011.33
+1580946814.00,+0002.93,-0008.79,-0033.20,-0000.31,+0003.06,-0018.22
+1580946814.01,+0005.86,-0008.79,-0033.20,+0007.58,+0006.97,-0019.60
+1580946814.01,-0001.95,-0003.91,-0032.23,-0008.88,-0002.76,-0011.18
+1580946814.02,+0003.91,-0009.77,-0031.25,+0006.51,-0001.91,-0010.26
+1580946814.02,+0008.79,-0004.88,-0032.23,-0004.06,-0001.38,-0011.03
+1580946814.03,+0003.91,-0007.81,-0032.23,+0005.90,+0000.46,-0003.06
+1580946814.03,+0005.86,-0002.93,-0032.23,-0005.05,+0004.13,-0015.62
+1580946814.04,-0004.88,-0007.81,-0031.25,-0001.15,-0002.22,-0012.48
+1580946814.04,+0011.72,-0004.88,-0029.30,-0000.31,+0002.76,-0016.84
+1580946814.05,+0002.93,-0005.86,-0029.30,+0000.08,-0001.76,-0009.26
+1580946814.05,+0004.88,-0003.91,-0028.32,+0003.22,-0000.54,-0012.33
+1580946814.06,+0006.84,-0002.93,-0028.32,-0004.29,+0001.61,-0008.65
+1580946814.06,+0001.95,-0003.91,-0027.34,+0000.38,-0000.31,-0010.49
+1580946814.07,+0007.81,-0002.93,-0025.39,+0000.23,-0004.52,-0008.88
+1580946814.07,+0011.72,-0002.93,-0024.41,+0004.29,+0002.37,-0008.65
+1580946814.08,+0001.95,-0001.95,-0024.41,-0001.23,+0000.23,-0009.80
+1580946814.08,+0004.88,-0000.98,-0023.44,-0001.68,+0000.23,-0013.32
+1580946814.09,+0008.79,-0002.93,-0023.44,-0001.15,+0000.31,-0011.56
+1580946814.09,+0004.88,-0000.98,-0022.46,+0003.90,+0000.77,-0010.41
+1580946814.10,+0006.84,-0000.98,-0023.44,+0003.29,+0007.81,-0013.70
+1580946814.10,-0004.88,+0000.00,-0023.44,-0005.82,-0006.20,-0000.69
+1580946814.11,+0002.93,-0001.95,-0022.46,+0007.73,+0004.98,-0011.79
+1580946814.11,+0000.00,+0000.00,-0021.48,-0006.66,-0002.22,-0003.60
+1580946814.12,+0000.00,-0001.95,-0021.48,+0000.38,+0004.52,-0008.80
+1580946814.12,-0009.77,+0000.00,-0022.46,-0004.44,+0001.07,-0017.00
+1580946814.13,-0001.95,-0002.93,-0022.46,+0001.07,-0003.60,-0010.26
+1580946814.13,+0000.98,-0001.95,-0022.46,-0003.06,+0004.21,-0012.71
+1580946814.14,-0013.67,-0004.88,-0024.41,+0000.84,-0003.68,-0007.43
+1580946814.14,-0003.91,-0003.91,-0025.39,-0002.45,+0000.77,-0011.48
+1580946814.15,-0006.84,-0006.84,-0026.37,-0000.61,+0003.60,-0017.53
+1580946814.15,-0000.98,-0008.79,-0027.34,+0006.12,+0005.97,-0010.72
+1580946814.16,-0006.84,-0004.88,-0029.30,-0010.18,-0005.36,-0006.97
+1580946814.16,-0003.91,-0009.77,-0029.30,+0003.22,+0000.31,-0007.66
+1580946814.17,-0002.93,-0006.84,-0030.27,-0002.91,-0000.69,-0015.70
+1580946814.17,+0001.95,-0012.70,-0031.25,+0004.06,-0000.69,-0009.57
+1580946814.18,+0002.93,-0007.81,-0032.23,-0007.66,+0000.31,-0013.17
+1580946814.18,-0000.98,-0010.74,-0032.23,+0000.54,-0002.83,-0011.33
+1580946814.19,+0004.88,-0008.79,-0033.20,-0002.99,+0001.91,-0014.16
+1580946814.19,+0000.98,-0011.72,-0034.18,-0001.07,+0001.84,-0012.33
+1580946814.20,+0002.93,-0010.74,-0036.13,-0001.07,-0002.99,-0011.94
+1580946814.20,+0006.84,-0012.70,-0035.16,+0000.84,+0000.54,-0009.65
+1580946814.21,+0001.95,-0010.74,-0035.16,-0000.92,+0000.00,-0010.87
+1580946814.21,+0003.91,-0010.74,-0035.16,+0000.15,-0001.76,-0008.04
+1580946814.22,+0002.93,-0009.77,-0033.20,-0001.23,+0004.98,-0018.30
+1580946814.22,+0009.77,-0010.74,-0031.25,+0006.43,+0001.91,-0011.33
+1580946814.23,+0004.88,-0006.84,-0031.25,-0005.97,+0002.83,-0009.88
+1580946814.23,+0000.00,-0008.79,-0030.27,+0001.53,-0002.76,-0012.94
+1580946814.24,+0010.74,-0005.86,-0029.30,+0000.00,+0000.92,-0010.57
+1580946814.24,+0006.84,-0007.81,-0029.30,+0004.36,+0002.37,-0008.12
+1580946814.25,-0000.98,-0002.93,-0028.32,-0004.90,+0002.45,-0015.01
+1580946814.25,+0002.93,-0004.88,-0026.37,+0001.07,-0004.82,-0008.73
+1580946814.26,+0011.72,-0001.95,-0025.39,-0004.98,+0004.21,-0002.07
+1580946814.26,-0001.95,-0001.95,-0025.39,+0000.84,+0000.69,-0008.35
+1580946814.27,+0000.00,+0000.00,-0023.44,-0001.15,-0004.36,-0000.77
+1580946814.27,+0000.98,+0000.00,-0023.44,-0003.45,-0000.31,-0008.35
+1580946814.28,-0005.86,-0002.93,-0022.46,+0003.37,+0001.00,-0008.73
+1580946814.28,-0003.91,+0000.98,-0022.46,-0002.99,+0002.45,-0012.25
+1580946814.29,-0005.86,-0000.98,-0022.46,+0000.23,-0000.92,-0014.85
+1580946814.29,-0002.93,-0000.98,-0022.46,-0000.61,+0000.92,-0013.93
+1580946814.30,-0002.93,-0000.98,-0021.48,-0003.60,-0007.66,-0003.83
+1580946814.30,+0001.95,+0000.00,-0022.46,+0002.22,+0002.91,-0011.18
+1580946814.31,-0006.84,-0001.95,-0023.44,+0000.23,-0003.22,-0011.48
+1580946814.31,+0000.00,+0000.00,-0023.44,-0002.30,-0002.14,-0010.95
+1580946814.32,+0006.84,-0001.95,-0025.39,-0002.60,-0000.84,-0005.51
+1580946814.32,-0000.98,+0000.00,-0027.34,+0001.00,+0003.83,-0007.96
+1580946814.33,-0004.88,-0000.98,-0027.34,+0001.00,-0000.84,-0018.07
+1580946814.33,+0006.84,-0001.95,-0026.37,-0003.37,-0004.36,-0008.19
+1580946814.34,+0010.74,-0003.91,-0027.34,+0000.23,+0004.82,-0010.57
+1580946814.34,-0006.84,+0000.00,-0028.32,-0002.53,-0000.08,-0010.64
+1580946814.35,-0000.98,-0000.98,-0027.34,+0000.38,-0003.60,-0014.62
+1580946814.35,+0012.70,-0002.93,-0026.37,-0001.68,+0000.92,-0009.03
+1580946814.36,+0005.86,-0002.93,-0026.37,+0001.45,+0001.84,-0008.27
+1580946814.36,-0002.93,-0000.98,-0027.34,-0000.92,-0002.60,-0010.11
+1580946814.37,+0003.91,-0002.93,-0026.37,-0001.38,-0000.84,-0011.10
+1580946814.37,+0004.88,-0002.93,-0026.37,-0000.46,+0004.06,-0013.86
+1580946814.38,+0004.88,-0002.93,-0026.37,-0001.23,-0005.51,-0003.14
+1580946814.38,+0000.00,-0000.98,-0027.34,-0006.66,-0001.68,-0015.16
+1580946814.39,+0000.98,-0004.88,-0026.37,+0003.60,-0005.59,-0009.26
+1580946814.39,+0009.77,-0001.95,-0025.39,-0000.08,+0003.14,-0014.16
+1580946814.40,-0002.93,-0004.88,-0025.39,+0002.22,-0003.14,-0010.72
+1580946814.40,+0005.86,+0000.00,-0024.41,-0002.14,-0004.29,-0011.33
+1580946814.41,+0008.79,-0004.88,-0026.37,-0000.08,+0001.15,-0012.17
+1580946814.41,+0003.91,-0001.95,-0026.37,+0000.31,-0001.84,-0008.50
+1580946814.42,+0008.79,-0001.95,-0026.37,+0001.45,+0004.29,-0015.62
+1580946814.42,-0001.95,-0001.95,-0026.37,-0003.60,-0002.07,-0011.87
+1580946814.43,+0006.84,-0002.93,-0025.39,+0002.53,-0004.82,-0009.88
+1580946814.43,+0013.67,-0001.95,-0025.39,-0002.91,+0001.84,-0007.20
+1580946814.44,-0000.98,-0000.98,-0026.37,-0000.46,-0003.29,-0002.68
+1580946814.44,+0001.95,+0000.98,-0026.37,+0002.37,-0000.84,-0011.48
+1580946814.45,+0001.95,-0001.95,-0026.37,-0002.22,+0000.61,-0012.63
+1580946814.45,+0006.84,-0001.95,-0025.39,+0000.92,-0001.38,-0009.95
+1580946814.46,+0006.84,-0000.98,-0024.41,-0002.37,-0001.53,-0011.10
+1580946814.46,+0003.91,-0000.98,-0024.41,-0000.92,-0003.29,-0009.11
+1580946814.47,+0007.81,+0000.00,-0024.41,-0001.99,-0002.60,-0010.41
+1580946814.47,+0006.84,-0001.95,-0024.41,+0000.00,-0002.45,-0009.65
+1580946814.48,+0005.86,-0000.98,-0025.39,-0005.44,-0000.92,-0005.28
+1580946814.48,+0004.88,-0000.98,-0026.37,-0000.08,-0000.92,-0008.50
+1580946814.49,+0005.86,-0001.95,-0027.34,-0001.00,-0000.15,-0009.65
+1580946814.49,+0002.93,-0002.93,-0027.34,-0001.68,-0001.38,-0008.42
+1580946814.50,+0000.98,-0002.93,-0028.32,-0000.84,+0001.68,-0011.64
+1580946814.50,+0000.00,-0001.95,-0028.32,+0000.38,+0000.92,-0015.54
+1580946814.51,+0000.98,-0002.93,-0028.32,+0002.91,-0000.92,-0015.01
+1580946814.51,+0004.88,-0002.93,-0027.34,-0001.23,-0004.29,-0011.87
+1580946814.52,+0005.86,-0001.95,-0025.39,+0001.00,+0000.31,-0008.73
+1580946814.52,+0003.91,-0000.98,-0026.37,+0000.00,+0001.61,-0010.41
+1580946814.53,+0000.98,-0001.95,-0027.34,-0003.45,-0000.84,-0014.47
+1580946814.53,+0006.84,-0005.86,-0028.32,-0001.53,-0005.05,-0009.88
+1580946814.54,+0012.70,-0003.91,-0028.32,-0004.82,-0001.99,-0009.42
+1580946814.54,+0006.84,-0004.88,-0029.30,+0002.37,+0000.31,-0009.80
+1580946814.55,+0005.86,-0002.93,-0029.30,-0003.45,+0000.84,-0017.23
+1580946814.55,+0010.74,-0005.86,-0028.32,-0002.07,-0001.30,-0013.32
+1580946814.56,+0010.74,-0002.93,-0028.32,-0002.30,+0000.69,-0015.01
+1580946814.56,+0006.84,-0004.88,-0027.34,+0002.37,-0003.75,-0007.58
+1580946814.57,+0012.70,-0000.98,-0026.37,+0001.38,+0001.53,-0011.10
+1580946814.57,+0004.88,-0003.91,-0025.39,+0001.76,-0005.59,-0007.58
+1580946814.58,+0014.65,-0000.98,-0024.41,-0001.07,+0001.00,-0006.81
+1580946814.58,+0010.74,-0001.95,-0024.41,-0000.15,+0002.22,-0010.95
+1580946814.59,+0003.91,-0001.95,-0023.44,-0000.38,-0002.91,-0006.12
+1580946814.59,+0011.72,-0000.98,-0022.46,-0001.00,-0000.69,-0002.68
+1580946814.60,+0008.79,-0001.95,-0021.48,+0002.68,+0003.22,-0009.95
+1580946814.60,+0000.00,-0001.95,-0021.48,-0002.45,-0002.14,-0002.14
+1580946814.61,+0001.95,-0000.98,-0020.51,+0003.75,+0002.07,-0010.87
+1580946814.61,+0001.95,-0003.91,-0020.51,+0001.45,+0000.23,-0008.73
+1580946814.62,+0003.91,-0001.95,-0020.51,+0001.23,+0001.23,-0013.48
+1580946814.62,-0005.86,-0004.88,-0019.53,-0001.99,+0000.46,-0014.01
+1580946814.63,+0000.00,-0002.93,-0018.55,-0004.44,-0001.76,-0007.43
+1580946814.63,+0000.98,-0005.86,-0020.51,-0001.84,+0004.44,-0009.49
+1580946814.64,-0008.79,-0005.86,-0022.46,-0003.60,-0000.84,-0007.66
+1580946814.64,+0003.91,-0006.84,-0023.44,-0000.15,-0005.05,-0005.44
+1580946814.65,+0000.98,-0007.81,-0026.37,-0005.21,+0003.52,-0011.18
+1580946814.65,-0010.74,-0009.77,-0027.34,-0000.77,-0002.91,-0011.03
+1580946814.66,+0000.00,-0007.81,-0027.34,+0000.38,-0002.30,-0012.56
+1580946814.66,+0001.95,-0012.70,-0026.37,+0000.84,+0001.45,-0009.72
+1580946814.67,-0004.88,-0010.74,-0026.37,+0001.84,+0001.38,-0016.08
+1580946814.67,-0005.86,-0009.77,-0026.37,-0005.05,-0005.67,-0012.94
+1580946814.68,+0010.74,-0011.72,-0027.34,+0002.53,-0001.84,-0011.71
+1580946814.68,+0004.88,-0011.72,-0028.32,-0000.54,+0000.46,-0007.35
+1580946814.69,-0000.98,-0009.77,-0029.30,+0001.30,-0003.22,-0006.28
+1580946814.69,+0004.88,-0010.74,-0030.27,+0000.15,-0003.98,-0010.72
+1580946814.70,+0006.84,-0011.72,-0030.27,+0003.75,+0002.83,-0011.41
+1580946814.70,-0001.95,-0009.77,-0029.30,-0000.31,+0001.84,-0017.07
+1580946814.71,+0000.98,-0008.79,-0029.30,-0000.23,-0003.14,-0015.54
+1580946814.71,+0008.79,-0010.74,-0028.32,+0000.38,+0000.08,-0014.32
+1580946814.72,+0001.95,-0007.81,-0027.34,-0000.61,-0000.84,-0010.80
+1580946814.72,+0001.95,-0005.86,-0026.37,+0000.00,-0000.61,-0011.03
+1580946814.73,+0006.84,-0006.84,-0026.37,+0000.08,-0001.76,-0009.88
+1580946814.73,+0002.93,-0006.84,-0025.39,+0001.45,-0002.60,-0006.51
+1580946814.74,+0004.88,-0004.88,-0024.41,-0000.69,-0000.38,-0005.97
+1580946814.74,+0000.98,-0003.91,-0025.39,-0001.53,+0005.36,-0014.39
+1580946814.75,+0002.93,-0004.88,-0025.39,-0002.45,-0004.59,-0005.13
+1580946814.75,+0003.91,-0000.98,-0024.41,-0005.21,+0001.53,-0011.48
+1580946814.76,-0001.95,-0002.93,-0022.46,+0002.22,-0001.38,-0008.73
+1580946814.76,+0003.91,+0001.95,-0020.51,+0001.61,+0001.30,-0009.03
+1580946814.77,-0001.95,+0000.98,-0019.53,+0000.84,-0000.84,-0006.35
+1580946814.77,+0000.00,+0002.93,-0020.51,-0001.00,+0001.68,-0007.12
+1580946814.78,+0000.00,+0002.93,-0020.51,+0001.68,+0002.83,-0009.11
+1580946814.78,-0002.93,+0003.91,-0020.51,-0000.61,-0002.68,-0009.26
+1580946814.79,+0001.95,+0003.91,-0019.53,+0001.53,+0000.84,-0012.56
+1580946814.79,+0000.98,+0004.88,-0017.58,-0002.91,-0004.75,-0005.90
+1580946814.80,+0002.93,+0005.86,-0017.58,+0003.22,+0000.23,-0004.75
+1580946814.80,-0005.86,+0006.84,-0019.53,+0002.76,+0000.84,-0014.32
+1580946814.81,-0005.86,+0006.84,-0018.55,-0000.31,-0005.28,-0010.80
+1580946814.81,+0005.86,+0005.86,-0018.55,+0002.68,+0002.83,-0014.70
+1580946814.82,-0004.88,+0006.84,-0018.55,-0004.21,+0002.14,-0012.17
+1580946814.82,-0001.95,+0008.79,-0019.53,-0000.08,+0001.00,-0012.25
+1580946814.83,+0000.00,+0007.81,-0020.51,-0001.00,+0000.00,-0015.47
+1580946814.83,+0001.95,+0005.86,-0020.51,+0001.38,-0003.60,-0008.42
+1580946814.84,+0007.81,+0008.79,-0020.51,+0001.45,+0000.61,-0010.57
+1580946814.84,+0000.98,+0008.79,-0019.53,+0001.30,-0000.77,-0009.80
+1580946814.85,+0002.93,+0009.77,-0019.53,-0000.69,-0001.84,-0007.96
+1580946814.85,+0008.79,+0009.77,-0019.53,-0000.77,+0000.46,-0011.94
+1580946814.86,+0008.79,+0009.77,-0020.51,+0001.00,+0006.81,-0011.33
+1580946814.86,-0001.95,+0011.72,-0021.48,-0003.98,+0000.61,-0018.60
+1580946814.87,+0004.88,+0007.81,-0019.53,-0000.61,-0005.36,-0010.03
+1580946814.87,+0013.67,+0012.70,-0020.51,+0004.75,+0001.91,-0019.06
+1580946814.88,+0003.91,+0007.81,-0021.48,+0004.75,+0001.38,-0013.09
+1580946814.88,+0000.00,+0012.70,-0022.46,-0004.90,-0003.14,-0011.10
+1580946814.89,+0009.77,+0008.79,-0021.48,+0004.06,-0001.38,-0012.33
+1580946814.89,+0006.84,+0008.79,-0021.48,-0001.45,-0000.84,-0009.49
+1580946814.90,+0004.88,+0009.77,-0021.48,-0000.61,-0004.52,-0006.35
+1580946814.90,+0009.77,+0011.72,-0021.48,+0000.84,+0004.21,-0010.34
+1580946814.91,+0000.98,+0008.79,-0021.48,-0000.61,-0000.15,-0011.48
+1580946814.91,+0004.88,+0010.74,-0021.48,-0002.99,-0004.36,-0013.02
+1580946814.92,+0013.67,+0007.81,-0020.51,-0000.77,-0004.67,-0007.12
+1580946814.92,+0015.62,+0009.77,-0021.48,-0000.54,+0002.91,-0000.08
+1580946814.93,-0010.74,+0012.70,-0023.44,-0004.21,-0012.94,-0009.88
+1580946814.93,+0010.74,+0009.77,-0022.46,+0005.21,-0000.23,-0011.79
+1580946814.94,+0016.60,+0011.72,-0023.44,-0006.43,+0000.61,-0006.97
+1580946814.94,-0002.93,+0005.86,-0025.39,-0003.37,+0001.00,-0005.13
+1580946814.95,+0000.00,+0012.70,-0025.39,-0007.12,-0003.98,-0012.79
+1580946814.95,+0005.86,+0008.79,-0024.41,+0004.67,-0000.46,-0014.09
+1580946814.96,+0009.77,+0007.81,-0025.39,-0003.90,-0003.83,-0004.36
+1580946814.96,+0001.95,+0007.81,-0025.39,-0001.45,-0002.45,-0008.96
+1580946814.97,-0002.93,+0010.74,-0025.39,-0003.29,-0003.14,-0010.95
+1580946814.97,+0006.84,+0007.81,-0026.37,-0000.15,-0000.46,-0011.79
+1580946814.98,+0005.86,+0004.88,-0027.34,-0003.68,-0003.06,-0008.27
+1580946814.98,+0000.98,+0006.84,-0028.32,-0002.30,-0001.45,-0010.49
+1580946814.99,+0000.98,+0005.86,-0029.30,-0001.91,-0004.82,-0013.25
+1580946814.99,+0008.79,+0003.91,-0030.27,-0000.46,-0002.45,-0010.49
+1580946815.00,+0006.84,+0002.93,-0032.23,-0001.23,+0000.54,-0014.16
+1580946815.00,-0000.98,+0002.93,-0034.18,-0003.06,-0004.59,-0011.25
+1580946815.01,+0005.86,+0000.00,-0035.16,-0002.76,-0002.76,-0014.78
+1580946815.01,+0011.72,-0001.95,-0035.16,+0000.00,-0003.06,-0008.58
+1580946815.02,+0001.95,+0000.98,-0036.13,-0002.83,-0006.58,-0007.20
+1580946815.02,+0004.88,-0000.98,-0037.11,+0003.14,-0000.08,-0011.79
+1580946815.03,+0003.91,-0002.93,-0037.11,-0006.97,+0000.54,-0018.53
+1580946815.03,+0011.72,-0006.84,-0036.13,+0004.44,+0000.92,-0009.72
+1580946815.04,+0009.77,-0002.93,-0039.06,-0011.41,+0002.22,-0016.15
+1580946815.04,+0000.98,-0007.81,-0040.04,+0000.38,-0006.97,-0010.34
+1580946815.05,+0016.60,-0006.84,-0041.02,-0003.90,-0002.53,-0010.80
+1580946815.05,+0010.74,-0011.72,-0041.99,+0001.53,-0001.07,-0009.19
+1580946815.06,+0006.84,-0006.84,-0041.99,-0002.99,-0003.29,-0006.97
+1580946815.06,+0009.77,-0008.79,-0042.97,-0000.15,+0001.00,-0017.15
+1580946815.07,+0011.72,-0011.72,-0042.97,+0001.91,-0000.15,-0013.32
+1580946815.07,+0011.72,-0009.77,-0043.95,-0001.30,-0001.45,-0012.79
+1580946815.08,+0007.81,-0010.74,-0043.95,+0001.00,-0003.75,-0011.25
+1580946815.08,+0011.72,-0010.74,-0043.95,-0001.99,-0003.83,-0007.81
+1580946815.09,+0010.74,-0011.72,-0043.95,-0001.07,-0005.21,-0003.75
+1580946815.09,+0010.74,-0012.70,-0044.92,+0001.53,-0000.92,-0004.44
+1580946815.10,+0006.84,-0011.72,-0044.92,-0002.07,-0001.45,-0007.43
+1580946815.10,+0004.88,-0013.67,-0044.92,+0000.23,-0007.04,-0005.90
+1580946815.11,+0016.60,-0014.65,-0044.92,-0000.38,-0000.84,-0005.05
+1580946815.11,+0007.81,-0013.67,-0045.90,-0004.82,+0002.14,-0011.71
+1580946815.12,+0000.00,-0014.65,-0044.92,-0001.53,-0002.91,-0009.19
+1580946815.12,+0004.88,-0013.67,-0043.95,-0005.51,+0000.00,-0011.64
+1580946815.13,+0006.84,-0017.58,-0044.92,-0001.45,-0000.92,-0007.50
+1580946815.13,+0006.84,-0015.62,-0046.88,-0002.07,+0001.15,-0006.12
+1580946815.14,-0003.91,-0016.60,-0047.85,-0003.14,+0001.76,-0013.17
+1580946815.14,+0001.95,-0016.60,-0047.85,-0002.60,-0001.00,-0010.87
+1580946815.15,+0003.91,-0019.53,-0047.85,-0003.14,-0000.38,-0011.87
+1580946815.15,+0002.93,-0017.58,-0048.83,+0000.38,-0000.92,-0002.76
+1580946815.16,-0004.88,-0016.60,-0049.80,-0005.59,-0008.12,-0009.49
+1580946815.16,+0006.84,-0018.55,-0049.80,+0004.13,+0001.61,-0015.85
+1580946815.17,+0010.74,-0017.58,-0049.80,-0005.36,-0001.23,-0008.58
+1580946815.17,+0002.93,-0018.55,-0048.83,-0000.38,+0002.91,-0011.87
+1580946815.18,+0004.88,-0014.65,-0047.85,-0002.60,-0001.84,-0010.95
+1580946815.18,+0011.72,-0016.60,-0048.83,-0003.22,+0003.14,-0010.34
+1580946815.19,+0004.88,-0017.58,-0049.80,-0000.31,+0002.14,-0009.03
+1580946815.19,+0000.98,-0014.65,-0048.83,-0000.92,-0001.61,-0010.87
+1580946815.20,+0005.86,-0015.62,-0048.83,+0000.00,+0001.76,-0012.94
+1580946815.20,+0006.84,-0015.62,-0046.88,+0003.22,+0000.38,-0011.64
+1580946815.21,+0004.88,-0012.70,-0044.92,-0001.99,+0001.30,-0012.10
+1580946815.21,+0004.88,-0011.72,-0042.97,-0000.08,+0000.00,-0011.79
+1580946815.22,+0006.84,-0011.72,-0041.99,+0001.15,-0000.31,-0010.11
+1580946815.22,+0007.81,-0010.74,-0041.02,-0001.76,+0003.90,-0011.94
+1580946815.23,+0005.86,-0009.77,-0040.04,+0000.15,+0000.92,-0010.57
+1580946815.23,+0006.84,-0008.79,-0040.04,-0002.76,-0000.61,-0006.58
+1580946815.24,+0006.84,-0008.79,-0040.04,-0001.07,+0006.20,-0010.72
+1580946815.24,+0001.95,-0007.81,-0038.09,+0000.15,+0000.00,-0010.64
+1580946815.25,+0007.81,-0006.84,-0037.11,-0000.61,+0002.53,-0007.66
+1580946815.25,+0001.95,-0006.84,-0036.13,-0003.22,+0002.45,-0006.81
+1580946815.26,-0003.91,-0005.86,-0035.16,+0001.30,+0002.30,-0007.81
+1580946815.26,+0002.93,-0004.88,-0034.18,+0003.90,+0006.81,-0012.79
+1580946815.27,-0002.93,-0005.86,-0034.18,-0003.22,-0000.54,-0004.67
+1580946815.27,-0003.91,-0005.86,-0034.18,+0003.14,+0002.68,-0014.24
+1580946815.28,-0004.88,-0003.91,-0033.20,-0005.82,+0002.53,-0009.95
+1580946815.28,-0004.88,-0005.86,-0034.18,+0000.46,+0002.45,-0008.73
+1580946815.29,-0005.86,-0004.88,-0034.18,-0003.22,+0000.38,-0009.88
+1580946815.29,-0008.79,-0005.86,-0035.16,+0000.08,+0003.14,-0012.10
+1580946815.30,-0001.95,-0006.84,-0036.13,+0001.53,+0003.68,-0014.78
+1580946815.30,-0006.84,-0006.84,-0037.11,-0005.97,-0001.00,-0011.18
+1580946815.31,-0004.88,-0008.79,-0038.09,+0000.61,-0001.30,-0013.02
+1580946815.31,+0000.98,-0007.81,-0039.06,-0003.37,-0001.00,-0007.27
+1580946815.32,-0001.95,-0009.77,-0040.04,-0000.92,-0000.31,-0009.49
+1580946815.32,+0000.98,-0009.77,-0040.04,-0003.83,-0000.38,-0011.94
+1580946815.33,+0004.88,-0010.74,-0040.04,-0001.15,+0000.31,-0011.03
+1580946815.33,+0002.93,-0010.74,-0041.02,-0002.91,+0000.23,-0011.41
+1580946815.34,+0002.93,-0011.72,-0041.02,-0003.45,-0000.61,-0009.11
+1580946815.34,+0003.91,-0011.72,-0041.02,-0001.38,+0003.14,-0011.56
+1580946815.35,+0001.95,-0012.70,-0041.99,-0001.84,+0000.46,-0012.02
+1580946815.35,+0002.93,-0012.70,-0041.99,-0000.77,+0000.23,-0010.57
+1580946815.36,+0003.91,-0012.70,-0041.99,-0000.69,+0001.91,-0013.17
+1580946815.36,+0000.98,-0012.70,-0041.99,-0004.29,-0000.23,-0011.10
+1580946815.37,+0000.00,-0012.70,-0041.02,-0001.84,-0003.06,-0009.19
+1580946815.37,+0005.86,-0012.70,-0040.04,+0001.30,+0000.15,-0011.25
+1580946815.38,+0003.91,-0010.74,-0039.06,-0003.52,+0001.15,-0009.03
+1580946815.38,+0001.95,-0010.74,-0038.09,-0000.46,-0003.68,-0009.95
+1580946815.39,+0007.81,-0008.79,-0036.13,-0001.76,+0001.30,-0010.95
+1580946815.39,+0003.91,-0008.79,-0036.13,+0001.07,-0001.91,-0009.49
+1580946815.40,+0005.86,-0006.84,-0035.16,-0000.54,-0001.38,-0009.80
+1580946815.40,+0006.84,-0006.84,-0034.18,-0000.46,-0001.99,-0007.50
+1580946815.41,+0000.98,-0003.91,-0034.18,-0001.23,-0000.77,-0009.57
+1580946815.41,-0000.98,-0003.91,-0032.23,+0001.15,-0002.07,-0008.27
+1580946815.42,+0003.91,-0001.95,-0031.25,+0004.06,-0000.46,-0005.97
+1580946815.42,-0001.95,-0000.98,-0028.32,+0000.84,+0000.38,-0007.89
+1580946815.43,-0005.86,+0002.93,-0025.39,+0003.06,-0003.37,-0006.97
+1580946815.43,-0002.93,+0002.93,-0023.44,+0001.91,-0001.15,-0008.58
+1580946815.44,-0004.88,+0002.93,-0022.46,+0000.46,+0000.92,-0011.41
+1580946815.44,-0003.91,+0003.91,-0020.51,+0006.12,+0000.08,-0009.72
+1580946815.45,-0005.86,+0006.84,-0019.53,-0002.45,-0000.23,-0011.25
+1580946815.45,-0009.77,+0003.91,-0019.53,-0000.08,-0002.30,-0011.56
+1580946815.46,-0001.95,+0003.91,-0019.53,-0003.37,+0001.76,-0013.09
+1580946815.46,-0003.91,+0001.95,-0019.53,+0001.07,-0004.59,-0012.63
+1580946815.47,-0000.98,+0000.98,-0019.53,-0001.53,-0003.52,-0010.26
+1580946815.47,-0000.98,-0000.98,-0021.48,+0000.23,-0000.15,-0012.79
+1580946815.48,-0000.98,-0001.95,-0021.48,+0000.69,-0000.92,-0011.18
+1580946815.48,+0001.95,-0002.93,-0022.46,-0001.91,-0005.13,-0010.18
+1580946815.49,+0008.79,-0006.84,-0023.44,-0002.14,-0004.44,-0007.58
+1580946815.49,+0005.86,-0006.84,-0024.41,-0004.67,-0002.99,-0014.09
+1580946815.50,+0002.93,-0010.74,-0025.39,-0000.31,-0003.45,-0009.26
+1580946815.50,+0004.88,-0010.74,-0025.39,-0003.52,+0003.45,-0015.70
+1580946815.51,+0003.91,-0015.62,-0027.34,-0003.06,-0003.60,-0014.16
+1580946815.51,+0013.67,-0016.60,-0029.30,-0003.06,+0005.82,-0011.33
+1580946815.52,-0001.95,-0020.51,-0030.27,-0005.13,-0001.07,-0013.78
+1580946815.52,+0001.95,-0022.46,-0030.27,-0001.00,-0005.28,-0010.18
+1580946815.53,+0011.72,-0026.37,-0032.23,-0003.98,+0000.84,-0009.88
+1580946815.53,+0004.88,-0030.27,-0035.16,-0001.45,+0001.53,-0009.95
+1580946815.54,+0000.00,-0030.27,-0037.11,-0005.13,-0001.99,-0011.48
+1580946815.54,+0007.81,-0034.18,-0038.09,-0000.92,-0001.76,-0012.02
+1580946815.55,+0009.77,-0037.11,-0038.09,-0002.83,-0001.30,-0008.19
+1580946815.55,+0007.81,-0038.09,-0037.11,-0002.68,+0001.23,-0011.10
+1580946815.56,+0002.93,-0038.09,-0037.11,-0003.45,+0001.07,-0012.48
+1580946815.56,+0007.81,-0041.02,-0038.09,-0003.37,-0001.00,-0006.66
+1580946815.57,+0011.72,-0041.99,-0039.06,-0005.59,+0004.21,-0010.03
+1580946815.57,+0000.98,-0042.97,-0040.04,-0001.53,-0003.90,-0008.35
+1580946815.58,+0004.88,-0042.97,-0041.02,-0001.07,-0000.92,-0005.74
+1580946815.58,+0000.98,-0043.95,-0041.99,+0000.15,-0000.77,-0005.67
+1580946815.59,-0000.98,-0043.95,-0041.99,+0002.14,+0002.37,-0010.03
+1580946815.59,-0001.95,-0041.99,-0040.04,-0001.15,-0001.07,-0010.49
+1580946815.60,+0005.86,-0041.02,-0038.09,+0000.31,+0005.05,-0009.19
+1580946815.60,-0001.95,-0038.09,-0036.13,-0001.68,-0001.38,-0011.18
+1580946815.61,-0004.88,-0036.13,-0032.23,+0003.14,-0003.98,-0011.10
+1580946815.61,+0007.81,-0034.18,-0031.25,-0000.77,-0004.67,-0006.74
+1580946815.62,+0000.98,-0034.18,-0029.30,+0002.45,-0002.37,-0005.67
+1580946815.62,-0003.91,-0031.25,-0028.32,+0001.45,-0000.92,-0010.03
+1580946815.63,+0000.98,-0028.32,-0026.37,+0002.60,-0002.45,-0010.87
+1580946815.63,+0002.93,-0029.30,-0024.41,+0001.15,+0000.38,-0011.56
+1580946815.64,+0001.95,-0025.39,-0022.46,+0000.23,+0001.07,-0008.27
+1580946815.64,-0005.86,-0021.48,-0018.55,+0004.36,+0003.37,-0017.46
+1580946815.65,-0002.93,-0022.46,-0015.62,-0000.23,-0007.27,-0007.58
+1580946815.65,+0002.93,-0018.55,-0014.65,-0004.52,-0000.77,-0007.04
+1580946815.66,-0001.95,-0019.53,-0014.65,+0007.89,+0003.29,-0013.55
+1580946815.66,-0006.84,-0012.70,-0013.67,-0000.77,+0000.61,-0017.46
+1580946815.67,+0003.91,-0015.62,-0010.74,+0002.60,-0006.58,-0005.28
+1580946815.67,+0000.98,-0009.77,-0008.79,-0005.44,+0000.00,-0006.74
+1580946815.68,-0007.81,-0011.72,-0005.86,+0008.19,-0002.91,-0001.61
+1580946815.68,-0000.98,-0005.86,-0004.88,-0001.07,+0001.23,-0007.12
+1580946815.69,-0011.72,-0008.79,-0002.93,+0001.76,-0005.36,-0009.72
+1580946815.69,-0002.93,-0004.88,-0000.98,+0003.83,+0000.84,-0010.34
+1580946815.70,+0000.00,-0002.93,+0000.98,+0001.68,+0005.82,-0018.91
+1580946815.70,-0008.79,-0006.84,+0001.95,-0003.90,-0002.30,-0009.80
+1580946815.71,-0004.88,-0001.95,+0002.93,-0006.66,-0001.45,-0017.23
+1580946815.71,-0002.93,-0004.88,+0002.93,+0000.84,-0000.46,-0013.40
+1580946815.72,+0003.91,-0003.91,+0003.91,+0003.22,-0003.60,-0007.04
+1580946815.72,-0000.98,-0005.86,+0004.88,+0000.92,+0000.84,-0013.09
+1580946815.73,-0002.93,-0001.95,+0004.88,-0004.59,-0009.42,-0004.90
+1580946815.73,+0011.72,-0002.93,+0004.88,+0005.44,+0003.83,-0012.56
+1580946815.74,+0002.93,-0003.91,+0004.88,-0005.67,-0001.99,-0005.44
+1580946815.74,+0003.91,-0001.95,+0004.88,+0003.22,+0000.23,-0010.11
+1580946815.75,+0001.95,+0000.00,+0004.88,-0002.83,-0000.77,-0012.10
+1580946815.75,+0006.84,-0001.95,+0004.88,+0001.38,-0006.58,-0004.44
+1580946815.76,+0007.81,-0001.95,+0004.88,+0000.69,+0004.52,-0010.11
+1580946815.76,-0010.74,+0000.00,+0004.88,-0000.38,-0006.81,-0009.03
+1580946815.77,+0000.98,+0000.98,+0005.86,+0001.76,-0001.61,-0008.35
+1580946815.77,+0000.98,-0000.98,+0005.86,+0000.77,+0004.36,-0018.83
+1580946815.78,-0001.95,-0001.95,+0005.86,+0002.30,+0001.68,-0009.72
+1580946815.78,-0004.88,+0002.93,+0004.88,-0005.59,-0001.00,-0009.26
+1580946815.79,-0004.88,-0001.95,+0004.88,+0001.38,-0002.60,-0004.59
+1580946815.79,-0006.84,+0000.00,+0004.88,-0004.36,-0003.29,-0009.34
+1580946815.80,-0002.93,-0002.93,+0004.88,+0003.06,-0003.29,-0008.27
+1580946815.80,-0001.95,-0000.98,+0003.91,-0002.45,+0001.07,-0011.41
+1580946815.81,-0002.93,-0004.88,+0001.95,-0000.23,-0005.51,-0002.53
+1580946815.81,-0005.86,+0000.00,+0000.98,-0002.83,-0000.61,-0014.09
+1580946815.82,-0006.84,-0003.91,+0000.98,+0004.21,-0007.20,-0010.49
+1580946815.82,+0004.88,-0002.93,+0001.95,-0000.77,-0001.15,-0011.64
+1580946815.83,-0002.93,-0005.86,+0001.95,+0004.13,-0002.83,-0010.41
+1580946815.83,-0006.84,-0000.98,+0001.95,-0002.83,-0002.83,-0011.56
+1580946815.84,-0000.98,-0003.91,+0000.98,-0002.30,+0001.61,-0014.32
+1580946815.84,-0000.98,-0006.84,+0000.98,-0000.15,-0001.38,-0013.55
+1580946815.85,-0000.98,-0005.86,+0000.00,-0000.61,-0001.76,-0008.65
+1580946815.85,-0000.98,-0005.86,+0000.00,-0001.53,+0001.23,-0009.34
+1580946815.86,-0005.86,-0007.81,-0000.98,-0000.38,-0000.23,-0008.04
+1580946815.86,-0005.86,-0006.84,-0000.98,-0000.31,-0002.07,-0012.63
+1580946815.87,+0001.95,-0007.81,+0000.98,+0002.22,-0003.60,-0012.40
+1580946815.87,+0010.74,-0009.77,+0000.98,-0001.76,-0005.28,-0000.92
+1580946815.88,+0000.00,-0007.81,+0000.98,+0001.84,+0006.43,-0013.48
+1580946815.88,-0006.84,-0007.81,+0001.95,+0004.29,-0001.07,-0016.23
+1580946815.89,+0006.84,-0006.84,+0002.93,-0005.59,-0003.52,-0013.09
+1580946815.89,+0007.81,-0012.70,+0002.93,+0001.07,+0002.07,-0010.72
+1580946815.90,+0000.00,-0008.79,+0002.93,+0000.08,-0000.69,-0008.50
+1580946815.90,-0000.98,-0008.79,+0002.93,+0002.76,-0000.08,-0015.01
+1580946815.91,+0002.93,-0010.74,+0003.91,-0000.54,-0003.83,-0009.88
+1580946815.91,+0007.81,-0010.74,+0004.88,+0001.68,+0002.37,-0005.90
+1580946815.92,-0004.88,-0008.79,+0004.88,-0000.23,-0001.00,-0003.29
+1580946815.92,-0005.86,-0007.81,+0003.91,+0002.14,-0000.31,-0010.34
+1580946815.93,+0000.00,-0009.77,+0004.88,-0002.60,-0000.84,-0007.27
+1580946815.93,+0000.00,-0009.77,+0005.86,+0003.45,+0000.92,-0007.43
+1580946815.94,-0007.81,-0006.84,+0006.84,+0002.83,+0003.29,-0014.24
+1580946815.94,-0012.70,-0005.86,+0007.81,-0000.46,-0004.44,-0010.57
+1580946815.95,+0000.00,-0006.84,+0007.81,+0002.30,-0001.99,-0013.17
+1580946815.95,-0000.98,-0006.84,+0007.81,+0000.77,-0000.92,-0005.90
+1580946815.96,-0007.81,-0004.88,+0008.79,+0003.68,+0003.22,-0015.08
+1580946815.96,-0011.72,-0004.88,+0008.79,-0002.37,-0006.58,-0011.56
+1580946815.97,+0001.95,-0003.91,+0008.79,+0005.51,-0002.30,-0013.40
+1580946815.97,+0003.91,-0006.84,+0007.81,+0002.76,+0000.00,-0010.87
+1580946815.98,-0004.88,-0003.91,+0006.84,+0001.84,-0004.36,-0009.80
+1580946815.98,+0000.00,-0002.93,+0007.81,+0000.31,-0002.45,-0011.64
+1580946815.99,+0003.91,-0002.93,+0008.79,+0001.53,-0002.83,-0008.65
+1580946815.99,+0002.93,-0001.95,+0010.74,+0004.36,-0001.53,-0007.27
+1580946816.00,+0001.95,+0001.95,+0010.74,+0000.46,-0001.38,-0008.73
+1580946816.00,+0001.95,+0000.00,+0010.74,+0001.91,-0001.68,-0010.49
+1580946816.01,+0004.88,+0001.95,+0011.72,+0000.38,-0002.07,-0010.18
+1580946816.01,+0004.88,+0001.95,+0012.70,+0003.29,+0000.54,-0009.65
+1580946816.02,+0000.00,+0002.93,+0012.70,+0000.54,-0000.15,-0009.88
+1580946816.02,-0001.95,+0003.91,+0012.70,+0001.45,-0002.37,-0013.02
+1580946816.03,+0004.88,+0003.91,+0012.70,+0000.46,-0003.37,-0008.50
+1580946816.03,+0004.88,+0003.91,+0013.67,+0004.90,+0006.12,-0011.18
+1580946816.04,-0005.86,+0005.86,+0013.67,+0000.08,-0003.83,-0008.80
+1580946816.04,+0003.91,+0007.81,+0014.65,-0001.61,-0000.84,-0013.09
+1580946816.05,+0006.84,+0004.88,+0014.65,-0000.08,+0000.54,-0008.42
+1580946816.05,+0004.88,+0007.81,+0015.62,+0004.82,-0003.68,-0009.03
+1580946816.06,+0001.95,+0008.79,+0015.62,+0003.29,-0001.45,-0010.57
+1580946816.06,+0001.95,+0008.79,+0015.62,+0000.69,-0003.98,-0007.04
+1580946816.07,+0005.86,+0007.81,+0015.62,+0003.68,-0001.30,-0007.50
+1580946816.07,+0000.98,+0009.77,+0015.62,+0001.68,+0002.60,-0007.58
+1580946816.08,-0003.91,+0009.77,+0015.62,+0002.07,-0003.06,-0008.65
+1580946816.08,+0002.93,+0009.77,+0014.65,+0000.15,-0004.36,-0005.82
+1580946816.09,+0002.93,+0008.79,+0014.65,-0000.31,+0005.13,-0006.81
+1580946816.09,-0013.67,+0009.77,+0014.65,-0000.92,-0009.65,-0008.12
+1580946816.10,+0000.00,+0009.77,+0014.65,+0003.22,+0003.75,-0014.39
+1580946816.10,-0001.95,+0008.79,+0013.67,-0003.22,+0000.23,-0008.65
+1580946816.11,-0008.79,+0008.79,+0013.67,+0004.36,-0001.61,-0003.45
+1580946816.11,-0007.81,+0011.72,+0012.70,+0000.15,-0004.75,-0008.12
+1580946816.12,+0000.00,+0007.81,+0012.70,+0003.45,-0001.15,-0008.50
+1580946816.12,-0001.95,+0008.79,+0011.72,-0002.91,+0000.46,-0007.35
+1580946816.13,-0007.81,+0010.74,+0012.70,+0000.23,-0002.22,-0011.10
+1580946816.13,-0002.93,+0011.72,+0011.72,-0003.14,+0000.08,-0011.10
+1580946816.14,-0001.95,+0008.79,+0010.74,+0000.46,+0000.46,-0015.70
+1580946816.14,-0000.98,+0009.77,+0008.79,-0001.30,-0003.29,-0014.47
+1580946816.15,+0007.81,+0009.77,+0006.84,+0001.30,+0006.66,-0012.63
+1580946816.15,-0008.79,+0009.77,+0005.86,-0002.37,+0000.38,-0013.55
+1580946816.16,-0003.91,+0011.72,+0006.84,-0001.23,-0009.03,-0006.43
+1580946816.16,+0004.88,+0011.72,+0005.86,+0001.38,+0005.28,-0016.23
+1580946816.17,-0005.86,+0007.81,+0003.91,+0003.22,-0004.13,-0006.35
+1580946816.17,+0000.00,+0012.70,+0002.93,-0001.68,-0001.15,-0011.87
+1580946816.18,-0000.98,+0010.74,+0002.93,-0002.99,-0000.61,-0010.72
+1580946816.18,+0001.95,+0010.74,+0003.91,-0000.54,-0000.61,-0006.89
+1580946816.19,+0000.00,+0011.72,+0002.93,-0001.30,+0001.61,-0014.47
+1580946816.19,-0002.93,+0011.72,+0001.95,-0003.06,-0002.83,-0011.03
+1580946816.20,+0004.88,+0011.72,+0000.98,-0000.84,+0001.15,-0016.23
+1580946816.20,+0011.72,+0009.77,-0000.98,-0000.84,+0003.75,-0006.35
+1580946816.21,+0000.00,+0012.70,-0001.95,-0003.14,+0003.52,-0017.38
+1580946816.21,-0004.88,+0011.72,-0001.95,-0004.67,-0006.35,-0010.11
+1580946816.22,+0014.65,+0011.72,-0002.93,-0003.06,+0000.46,-0004.36
+1580946816.22,+0006.84,+0008.79,-0004.88,+0001.38,+0001.38,-0006.12
+1580946816.23,-0002.93,+0014.65,-0004.88,-0003.14,-0001.76,-0003.60
+1580946816.23,+0002.93,+0012.70,-0006.84,-0003.68,-0003.52,-0007.81
+1580946816.24,+0005.86,+0008.79,-0008.79,-0003.14,+0003.37,-0010.72
+1580946816.24,-0000.98,+0008.79,-0010.74,-0006.35,-0004.59,-0002.22
+1580946816.25,-0001.95,+0012.70,-0011.72,+0001.07,+0004.67,-0019.83
+1580946816.25,-0003.91,+0006.84,-0012.70,+0002.30,-0002.99,-0011.48
+1580946816.26,+0005.86,+0008.79,-0012.70,-0007.27,-0000.31,-0009.19
+1580946816.26,-0003.91,+0004.88,-0013.67,-0001.15,+0002.22,-0007.81
