+1580602838.43,-0002.93,+0005.86,+0013.67,-0000.23,+0002.60,-0010.80
+1580602838.44,-0001.95,+0007.81,+0015.62,+0000.00,+0000.92,-0002.91
+1580602838.44,+0000.98,+0006.84,+0015.62,+0001.76,+0005.13,-0012.25
+1580602838.45,-0009.77,+0007.81,+0015.62,-0001.15,-0002.30,-0010.95
+1580602838.45,-0001.95,+0009.77,+0015.62,+0003.45,-0001.91,-0008.96
+1580602838.46,-0003.91,+0007.81,+0014.65,-0000.15,-0005.36,-0009.19
+1580602838.46,-0000.98,+0007.81,+0014.65,+0004.67,+0002.45,-0007.96
+1580602838.47,-0002.93,+0009.77,+0014.65,-0001.91,+0001.07,-0013.55
+1580602838.47,-0000.98,+0008.79,+0015.62,+0003.45,+0002.22,-0012.86
+1580602838.48,-0001.95,+0010.74,+0015.62,-0003.29,-0001.38,-0009.88
+1580602838.48,-0001.95,+0008.79,+0016.60,+0004.06,-0002.60,-0006.66
+1580602838.49,+0004.88,+0010.74,+0015.62,-0002.37,+0002.22,-0009.03
+1580602838.49,-0002.93,+0007.81,+0014.65,+0003.22,-0000.92,-0009.34
+1580602838.50,+0002.93,+0011.72,+0014.65,-0000.31,+0001.00,-0012.56
+1580602838.50,+0000.98,+0007.81,+0015.62,+0003.68,-0001.15,-0012.02
+1580602838.51,+0001.95,+0009.77,+0016.60,-0000.08,+0002.30,-0011.41
+1580602838.51,-0000.98,+0009.77,+0015.62,+0001.84,+0002.22,-0016.00
+1580602838.52,-0002.93,+0009.77,+0015.62,-0001.23,-0000.23,-0012.48
+1580602838.52,+0004.88,+0007.81,+0014.65,+0000.61,-0000.15,-0011.48
+1580602838.53,+0007.81,+0005.86,+0012.70,-0000.08,+0002.60,-0002.99
+1580602838.53,-0001.95,+0007.81,+0010.74,+0004.67,+0006.28,-0017.23
+1580602838.54,-0009.77,+0007.81,+0011.72,-0003.06,-0006.74,-0011.94
+1580602838.54,+0020.51,+0005.86,+0011.72,-0006.58,+0004.52,-0002.07
+1580602838.55,+0011.72,-0000.98,+0008.79,+0000.92,+0007.04,-0012.63
+1580602838.55,-0018.55,+0005.86,+0009.77,+0000.15,-0005.97,-0005.36
+1580602838.56,+0000.98,+0009.77,+0010.74,+0003.45,+0003.14,-0016.46
+1580602838.56,+0007.81,-0001.95,+0009.77,+0003.68,+0005.36,-0004.36
+1580602838.57,-0000.98,+0000.98,+0008.79,-0000.23,+0002.45,-0012.40
+1580602838.57,-0009.77,+0003.91,+0008.79,-0000.77,-0001.23,-0006.12
+1580602838.58,-0006.84,+0002.93,+0009.77,+0004.36,+0003.45,-0018.07
+1580602838.58,-0000.98,-0002.93,+0008.79,+0003.14,+0003.22,-0012.63
+1580602838.59,-0005.86,+0000.98,+0007.81,-0005.36,-0003.14,-0004.59
+1580602838.59,-0001.95,-0001.95,+0006.84,-0001.07,+0003.83,-0006.58
+1580602838.60,-0014.65,-0000.98,+0004.88,-0002.07,+0001.38,-0011.18
+1580602838.60,-0005.86,-0000.98,+0004.88,+0003.14,-0006.66,-0006.74
+1580602838.61,+0005.86,-0002.93,+0003.91,-0006.12,+0007.20,-0011.48
+1580602838.61,-0012.70,-0004.88,+0003.91,+0001.76,-0000.92,-0007.27
+1580602838.62,-0005.86,+0001.95,+0004.88,-0000.54,-0000.84,-0012.48
+1580602838.62,-0000.98,-0002.93,+0003.91,-0002.14,+0001.07,-0011.10
+1580602838.63,-0003.91,-0002.93,+0003.91,+0001.84,-0000.38,-0013.63
+1580602838.63,-0004.88,+0000.00,+0003.91,-0001.00,-0003.29,-0008.73
+1580602838.64,+0000.00,-0000.98,+0003.91,+0000.61,+0000.46,-0011.48
+1580602838.64,-0000.98,-0001.95,+0004.88,-0002.07,-0000.92,-0009.88
+1580602838.65,-0000.98,+0000.00,+0004.88,+0001.76,-0001.84,-0007.73
+1580602838.65,+0000.00,-0000.98,+0004.88,+0000.38,-0002.83,-0007.96
+1580602838.66,+0003.91,-0000.98,+0003.91,-0000.38,-0000.31,-0010.72
+1580602838.66,+0002.93,+0000.00,+0003.91,+0000.54,-0000.69,-0008.12
+1580602838.67,+0001.95,-0000.98,+0003.91,-0000.54,-0002.60,-0008.35
+1580602838.67,+0004.88,+0000.98,+0003.91,+0002.14,+0002.99,-0015.16
+1580602838.68,+0002.93,+0001.95,+0004.88,-0002.68,-0003.14,-0013.32
+1580602838.68,+0011.72,+0000.98,+0005.86,+0000.92,-0002.14,-0005.90
+1580602838.69,+0004.88,+0001.95,+0005.86,-0001.00,+0000.69,-0010.26
+1580602838.69,-0003.91,+0004.88,+0005.86,+0002.14,-0003.60,-0011.33
+1580602838.70,+0008.79,+0003.91,+0006.84,-0002.45,-0003.14,-0009.34
+1580602838.70,+0007.81,+0002.93,+0005.86,-0001.68,-0001.07,-0005.67
+1580602838.71,-0002.93,+0005.86,+0005.86,+0000.23,+0001.53,-0008.27
+1580602838.71,-0001.95,+0006.84,+0004.88,+0000.23,-0001.38,-0010.11
+1580602838.72,+0004.88,+0002.93,+0004.88,-0001.68,+0001.45,-0008.42
+1580602838.72,+0002.93,+0004.88,+0004.88,-0000.77,-0000.92,-0007.43
+1580602838.73,-0003.91,+0006.84,+0006.84,-0000.61,+0004.44,-0011.33
+1580602838.73,-0009.77,+0007.81,+0006.84,-0001.00,-0001.45,-0016.84
+1580602838.74,-0000.98,+0005.86,+0006.84,-0000.38,-0002.91,-0010.57
+1580602838.74,+0000.00,+0004.88,+0004.88,-0006.89,-0003.06,-0002.53
+1580602838.75,-0007.81,+0003.91,+0002.93,+0005.67,+0002.83,-0012.02
+1580602838.75,-0010.74,+0007.81,+0002.93,-0006.28,-0001.53,-0009.49
+1580602838.76,-0005.86,+0005.86,+0002.93,-0000.84,-0008.19,-0009.34
+1580602838.76,+0007.81,+0003.91,+0001.95,-0003.06,+0000.31,-0001.15
+1580602838.77,-0005.86,+0004.88,+0000.98,+0000.92,+0005.13,-0012.63
+1580602838.77,-0015.62,+0007.81,-0000.98,-0003.06,-0001.99,-0007.20
+1580602838.78,-0001.95,+0008.79,-0000.98,-0004.98,-0008.65,-0012.79
+1580602838.78,+0013.67,+0002.93,-0000.98,+0001.15,-0000.54,-0005.36
+1580602838.79,+0000.98,+0005.86,-0002.93,-0000.77,+0000.38,-0004.67
+1580602838.79,-0013.67,+0010.74,-0000.98,-0001.84,-0007.81,-0016.92
+1580602838.80,+0003.91,+0009.77,+0000.00,+0000.00,-0006.43,-0009.26
+1580602838.80,+0018.55,+0004.88,-0002.93,+0000.23,+0005.05,-0009.57
+1580602838.81,-0007.81,+0005.86,-0003.91,-0006.97,+0002.07,-0014.70
+1580602838.81,+0000.00,+0013.67,-0002.93,-0001.91,-0005.36,-0014.39
+1580602838.82,+0014.65,+0005.86,-0004.88,-0007.96,+0002.68,-0010.11
+1580602838.82,+0002.93,+0002.93,-0005.86,+0003.29,+0000.00,-0009.19
+1580602838.83,+0000.98,+0011.72,-0005.86,+0002.22,+0000.61,-0013.70
+1580602838.83,+0000.98,+0009.77,-0005.86,-0002.83,-0002.83,-0010.87
+1580602838.84,+0007.81,+0003.91,-0005.86,+0001.38,-0002.53,-0007.43
+1580602838.84,+0003.91,+0007.81,-0006.84,+0000.92,+0002.30,-0009.57
+1580602838.85,-0002.93,+0008.79,-0006.84,+0000.92,-0004.36,-0007.66
+1580602838.85,+0007.81,+0007.81,-0006.84,-0002.14,-0003.98,-0007.96
+1580602838.86,+0001.95,+0003.91,-0007.81,-0003.68,+0005.44,-0009.72
+1580602838.86,-0010.74,+0008.79,-0006.84,-0000.77,-0002.76,-0007.50
+1580602838.87,-0003.91,+0007.81,-0006.84,+0001.68,-0000.31,-0010.80
+1580602838.87,-0000.98,+0004.88,-0007.81,-0004.90,-0004.59,-0009.88
+1580602838.88,+0000.98,+0004.88,-0009.77,+0002.37,+0002.91,-0007.04
+1580602838.88,-0008.79,+0007.81,-0008.79,+0001.91,-0001.53,-0011.87
+1580602838.89,-0006.84,+0007.81,-0006.84,+0003.98,-0001.23,-0013.32
+1580602838.89,+0000.00,+0006.84,-0005.86,-0002.91,-0006.97,-0007.50
+1580602838.89,-0000.98,+0006.84,-0006.84,-0003.29,+0001.99,-0010.11
+1580602838.90,-0011.72,+0007.81,-0006.84,+0002.76,-0004.82,-0008.35
+1580602838.90,-0002.93,+0008.79,-0005.86,+0001.68,-0001.53,-0006.97
+1580602838.91,-0006.84,+0007.81,-0005.86,-0001.61,+0006.51,-0015.77
+1580602838.91,-0004.88,+0008.79,-0003.91,+0001.23,+0000.15,-0011.56
+1580602838.92,+0000.98,+0008.79,-0003.91,-0001.23,+0004.29,-0016.31
+1580602838.92,-0006.84,+0006.84,-0003.91,-0001.99,-0006.43,-0009.03
+1580602838.93,+0000.98,+0010.74,-0003.91,+0001.84,+0000.23,-0013.48
+1580602838.93,-0000.98,+0006.84,-0004.88,+0001.68,+0001.61,-0011.41
+1580602838.94,+0000.00,+0008.79,-0004.88,-0000.46,-0002.83,-0008.42
+1580602838.94,+0002.93,+0005.86,-0005.86,-0001.38,-0001.00,-0011.79
+1580602838.95,+0000.00,+0006.84,-0005.86,-0002.60,+0000.23,-0008.80
+1580602838.95,+0001.95,+0006.84,-0005.86,+0002.76,-0002.53,-0013.17
+1580602838.96,+0007.81,+0006.84,-0005.86,-0003.75,-0004.75,-0006.12
+1580602838.96,+0003.91,+0005.86,-0005.86,+0002.99,+0003.37,-0011.25
+1580602838.97,-0000.98,+0006.84,-0005.86,+0001.84,-0001.00,-0010.57
+1580602838.97,+0006.84,+0006.84,-0004.88,-0002.53,-0001.07,-0013.25
+1580602838.98,+0005.86,+0002.93,-0004.88,-0002.91,+0000.31,-0012.94
+1580602838.98,+0003.91,+0004.88,-0004.88,-0000.61,-0001.30,-0010.11
+1580602838.99,+0005.86,+0004.88,-0004.88,-0003.98,-0003.60,-0008.58
+1580602838.99,+0007.81,+0000.98,-0006.84,-0002.60,+0001.00,-0007.27
+1580602839.00,+0004.88,+0000.00,-0006.84,-0001.76,-0000.08,-0006.05
+1580602839.00,+0000.98,+0001.95,-0006.84,-0001.61,-0004.36,-0007.89
+1580602839.01,+0004.88,+0000.00,-0006.84,+0000.46,-0001.76,-0007.81
+1580602839.01,+0009.77,-0001.95,-0008.79,+0000.38,-0000.69,-0001.76
+1580602839.02,-0000.98,-0003.91,-0009.77,+0001.61,+0000.46,-0009.42
+1580602839.02,-0008.79,+0000.00,-0008.79,+0001.00,+0003.45,-0016.54
+1580602839.03,+0000.98,-0001.95,-0006.84,+0000.69,-0005.97,-0012.94
+1580602839.03,+0013.67,-0007.81,-0007.81,-0004.82,-0001.61,-0003.98
+1580602839.04,-0008.79,-0006.84,-0009.77,-0002.45,-0007.35,+0005.21
+1580602839.04,-0004.88,-0003.91,-0009.77,+0006.20,+0012.25,-0022.89
+1580602839.05,-0010.74,-0007.81,-0009.77,-0013.02,-0011.10,-0016.77
+1580602839.05,+0016.60,-0008.79,-0010.74,-0007.58,+0007.73,-0013.02
+1580602839.06,-0014.65,-0013.67,-0013.67,-0007.96,+0001.07,-0013.40
+1580602839.06,-0010.74,-0005.86,-0008.79,+0008.96,-0004.90,-0012.02
+1580602839.07,+0008.79,-0006.84,-0009.77,-0008.96,+0000.31,-0018.60
+1580602839.07,+0003.91,-0017.58,-0010.74,+0002.76,+0000.08,-0003.37
+1580602839.08,-0002.93,-0007.81,-0011.72,-0003.06,+0003.75,-0017.76
+1580602839.08,-0005.86,-0009.77,-0010.74,-0001.53,-0006.12,-0007.50
+1580602839.09,+0006.84,-0011.72,-0010.74,-0003.60,+0001.76,-0011.79
+1580602839.09,+0005.86,-0015.62,-0009.77,+0002.07,-0003.60,-0006.81
+1580602839.10,+0003.91,-0009.77,-0010.74,-0003.22,+0000.69,-0010.57
+1580602839.10,-0004.88,-0012.70,-0011.72,-0002.14,+0004.82,-0018.45
+1580602839.11,+0004.88,-0012.70,-0010.74,+0002.45,-0003.60,-0008.27
+1580602839.11,+0015.62,-0014.65,-0010.74,+0000.61,+0004.29,-0012.79
+1580602839.12,-0004.88,-0012.70,-0008.79,-0002.37,+0000.61,-0010.49
+1580602839.12,+0003.91,-0007.81,-0006.84,+0004.13,-0003.60,-0007.12
+1580602839.13,+0010.74,-0011.72,-0006.84,-0002.68,+0000.38,-0009.03
+1580602839.13,+0003.91,-0013.67,-0004.88,+0003.52,-0000.69,-0007.73
+1580602839.14,+0006.84,-0007.81,-0003.91,-0000.46,-0003.75,-0000.38
+1580602839.14,-0002.93,-0009.77,-0003.91,-0000.84,-0001.38,-0013.02
+1580602839.15,-0001.95,-0011.72,-0001.95,+0002.14,-0006.97,-0004.29
+1580602839.15,+0011.72,-0008.79,-0002.93,+0000.61,+0007.50,-0013.09
+1580602839.16,-0008.79,-0014.65,-0003.91,-0006.28,+0002.14,-0001.76
+1580602839.16,-0004.88,-0006.84,-0001.95,-0003.68,+0002.91,-0018.38
+1580602839.17,-0002.93,-0011.72,-0000.98,+0003.60,-0002.14,-0005.44
+1580602839.17,-0000.98,-0009.77,+0000.00,+0007.20,+0006.20,-0016.77
+1580602839.18,-0008.79,-0010.74,-0000.98,+0005.67,+0001.07,-0007.27
+1580602839.18,-0004.88,-0006.84,+0000.00,-0006.51,+0001.23,-0011.71
+1580602839.19,-0009.77,-0011.72,+0000.00,+0000.23,+0001.68,-0007.96
+1580602839.19,-0002.93,-0007.81,+0000.98,+0003.83,-0002.60,-0007.89
+1580602839.20,-0006.84,-0009.77,+0000.00,+0000.77,+0001.53,-0010.72
+1580602839.20,-0009.77,-0007.81,+0000.98,-0000.31,-0003.45,-0006.81
+1580602839.21,-0001.95,-0006.84,+0000.98,-0000.46,+0003.14,-0007.50
+1580602839.21,-0008.79,-0008.79,+0000.98,+0002.60,-0002.83,-0005.59
+1580602839.22,-0004.88,-0005.86,+0000.98,+0002.60,+0003.45,-0019.29
+1580602839.22,-0005.86,-0005.86,+0000.98,-0003.60,-0007.04,-0008.27
+1580602839.23,+0002.93,-0005.86,+0001.95,+0005.67,+0003.60,-0013.63
+1580602839.23,-0002.93,-0005.86,+0003.91,+0003.98,+0002.45,-0009.19
+1580602839.24,-0001.95,+0000.00,+0004.88,+0000.15,+0000.61,-0016.23
+1580602839.24,+0000.98,-0002.93,+0003.91,-0000.23,-0001.00,-0010.72
+1580602839.25,+0001.95,-0001.95,+0003.91,-0004.82,-0004.90,-0005.36
+1580602839.25,+0006.84,-0001.95,+0000.98,+0003.90,+0006.43,-0013.63
+1580602839.26,-0004.88,+0000.98,+0000.00,-0002.68,-0002.91,-0013.09
+1580602839.26,+0007.81,+0000.00,+0003.91,+0004.44,-0004.82,-0005.44
+1580602839.27,+0008.79,+0000.98,+0003.91,-0003.14,+0002.91,-0012.17
+1580602839.27,-0005.86,+0000.98,+0004.88,+0000.38,-0002.45,-0010.26
+1580602839.28,+0006.84,+0006.84,+0005.86,-0001.61,-0003.75,-0013.25
+1580602839.28,+0010.74,+0000.00,+0004.88,+0002.07,+0004.21,-0010.41
+1580602839.29,-0000.98,+0002.93,+0004.88,-0000.08,-0001.76,-0009.49
+1580602839.29,+0003.91,+0006.84,+0003.91,-0000.08,-0001.76,-0009.57
+1580602839.30,+0007.81,+0001.95,+0002.93,-0001.53,-0002.07,-0006.89
+1580602839.30,+0002.93,+0001.95,+0001.95,+0000.31,-0001.99,-0006.20
+1580602839.31,-0000.98,+0005.86,+0002.93,-0002.07,+0000.23,-0007.43
+1580602839.31,+0003.91,+0003.91,+0003.91,+0000.69,-0000.38,-0006.28
+1580602839.32,+0003.91,+0000.98,+0002.93,-0002.37,-0000.08,-0003.45
+1580602839.32,-0007.81,+0004.88,+0000.98,-0001.15,+0001.91,-0016.08
+1580602839.33,-0007.81,+0004.88,+0001.95,+0000.23,-0004.98,-0010.11
+1580602839.33,+0006.84,+0002.93,+0003.91,+0000.15,+0001.23,-0019.29
+1580602839.34,+0014.65,-0001.95,+0001.95,+0004.82,+0015.70,-0015.01
+1580602839.34,-0024.41,+0003.91,-0000.98,-0012.79,+0000.61,-0003.90
+1580602839.35,-0015.62,+0005.86,+0000.98,+0010.57,-0001.00,-0020.14
+1580602839.35,+0010.74,+0002.93,+0000.98,-0004.06,-0010.34,-0012.17
+1580602839.36,+0004.88,-0006.84,-0000.98,+0000.00,+0003.75,-0003.37
+1580602839.36,-0017.58,+0005.86,-0000.98,-0001.76,-0003.98,-0011.94
+1580602839.37,-0005.86,+0005.86,-0000.98,+0001.45,+0000.46,-0010.95
+1580602839.37,-0001.95,-0001.95,-0001.95,-0001.15,-0003.29,-0001.07
+1580602839.38,+0006.84,+0000.00,-0001.95,+0003.98,+0004.52,-0010.87
+1580602839.38,-0013.67,+0002.93,-0002.93,-0006.28,-0004.82,-0008.80
+1580602839.39,+0000.98,+0002.93,-0001.95,+0003.90,-0001.23,-0002.99
+1580602839.39,-0003.91,-0000.98,-0001.95,-0001.91,-0000.54,-0009.95
+1580602839.40,+0000.00,+0000.98,-0001.95,+0003.29,-0006.74,-0006.89
+1580602839.40,+0005.86,+0000.98,-0003.91,-0007.96,+0002.14,-0012.40
+1580602839.41,-0006.84,-0002.93,-0004.88,+0001.30,+0001.07,-0007.58
+1580602839.41,-0000.98,+0001.95,-0004.88,-0002.30,+0004.29,-0022.20
+1580602839.42,-0001.95,-0001.95,-0004.88,-0001.15,-0003.98,-0010.95
+1580602839.42,+0004.88,-0001.95,-0005.86,+0005.05,-0002.22,-0008.42
+1580602839.43,-0008.79,-0002.93,-0005.86,+0003.06,-0008.19,-0006.28
+1580602839.43,+0000.00,+0000.00,-0004.88,+0001.76,+0003.37,-0014.85
+1580602839.44,+0003.91,-0003.91,-0005.86,-0006.51,-0007.04,-0004.98
+1580602839.44,-0004.88,-0003.91,-0004.88,-0004.29,-0001.61,-0014.24
+1580602839.45,-0012.70,-0001.95,-0003.91,+0003.83,+0000.23,-0013.93
+1580602839.45,+0007.81,+0000.00,-0002.93,+0001.45,-0012.86,-0002.37
+1580602839.46,+0008.79,-0010.74,-0004.88,-0006.28,+0006.51,-0008.12
+1580602839.46,-0017.58,-0004.88,-0005.86,-0002.68,-0001.15,-0012.63
+1580602839.47,-0008.79,-0001.95,-0006.84,-0000.15,-0004.21,-0013.32
+1580602839.47,+0008.79,-0011.72,-0007.81,-0002.45,-0004.06,-0009.49
+1580602839.48,+0001.95,-0010.74,-0007.81,-0002.45,+0002.07,-0008.58
+1580602839.48,-0018.55,-0004.88,-0005.86,+0001.15,-0004.13,-0012.10
+1580602839.49,-0003.91,-0004.88,-0004.88,-0001.15,+0000.15,-0012.40
+1580602839.49,+0000.98,-0011.72,-0005.86,+0000.00,+0001.30,-0014.32
+1580602839.50,+0000.00,-0009.77,-0004.88,+0001.30,-0001.07,-0005.05
+1580602839.50,-0003.91,-0005.86,-0003.91,-0001.84,+0003.45,-0007.96
+1580602839.51,-0015.62,-0008.79,-0003.91,+0001.91,-0003.06,-0014.24
+1580602839.51,+0000.00,-0008.79,-0003.91,-0002.07,-0001.53,-0011.56
+1580602839.52,+0003.91,-0010.74,-0004.88,-0003.90,-0005.90,-0009.42
+1580602839.52,+0005.86,-0011.72,-0003.91,+0002.22,+0000.46,-0003.06
+1580602839.53,-0007.81,-0007.81,-0004.88,+0000.61,+0003.68,-0015.08
+1580602839.53,-0006.84,-0009.77,-0002.93,+0003.90,-0004.21,-0007.12
+1580602839.54,+0010.74,-0009.77,-0002.93,-0004.59,+0003.37,-0016.31
+1580602839.54,+0000.00,-0013.67,-0002.93,-0000.23,+0000.46,-0005.44
+1580602839.55,-0000.98,-0006.84,-0002.93,+0002.07,-0000.69,-0011.64
+1580602839.55,+0004.88,-0011.72,-0002.93,+0002.68,-0000.38,-0012.79
+1580602839.56,+0001.95,-0011.72,-0002.93,+0002.76,-0000.08,-0013.55
+1580602839.56,+0009.77,-0009.77,-0000.98,+0001.38,-0008.19,-0005.59
+1580602839.57,+0008.79,-0009.77,-0000.98,-0002.76,+0004.21,-0016.08
+1580602839.57,+0000.00,-0010.74,+0000.98,+0002.83,-0009.72,-0001.84
+1580602839.58,+0016.60,-0007.81,+0001.95,+0003.14,+0002.91,-0011.71
+1580602839.58,+0002.93,-0011.72,+0001.95,-0001.38,+0001.91,-0009.49
+1580602839.59,+0007.81,-0008.79,+0003.91,-0000.54,-0001.76,-0015.62
+1580602839.59,+0011.72,-0008.79,+0004.88,-0002.14,+0000.61,-0007.96
+1580602839.60,+0000.98,-0009.77,+0004.88,+0004.52,+0004.06,-0019.52
+1580602839.60,+0011.72,-0008.79,+0004.88,+0003.83,+0001.30,-0008.27
+1580602839.61,+0005.86,-0010.74,+0005.86,-0002.45,+0003.90,-0007.66
+1580602839.61,-0009.77,-0009.77,+0006.84,+0001.07,+0000.77,-0006.66
+1580602839.62,+0000.98,-0006.84,+0006.84,+0002.22,-0004.29,-0009.57
+1580602839.62,+0007.81,-0012.70,+0006.84,+0000.69,+0005.13,-0004.67
+1580602839.63,-0010.74,-0011.72,+0006.84,+0001.38,+0003.14,-0016.23
+1580602839.63,-0011.72,-0007.81,+0008.79,-0001.53,-0010.57,-0007.43
+1580602839.64,+0007.81,-0010.74,+0008.79,-0001.53,+0003.98,-0013.70
+1580602839.64,-0009.77,-0014.65,+0007.81,+0003.75,-0003.14,+0001.76
+1580602839.65,-0009.77,-0004.88,+0006.84,+0001.76,+0002.45,-0021.36
+1580602839.65,-0003.91,-0010.74,+0008.79,-0004.82,-0009.26,-0004.75
+1580602839.66,+0001.95,-0009.77,+0009.77,-0006.28,+0000.61,-0008.04
+1580602839.66,-0008.79,-0009.77,+0010.74,+0007.58,-0001.15,-0005.97
+1580602839.67,-0011.72,-0000.98,+0011.72,+0000.77,+0004.67,-0019.29
+1580602839.67,-0004.88,-0005.86,+0012.70,+0002.53,-0007.66,-0009.34
+1580602839.68,+0015.62,-0005.86,+0012.70,+0001.07,+0007.58,-0010.64
+1580602839.68,-0008.79,-0003.91,+0013.67,-0000.08,-0002.30,-0009.65
+1580602839.69,-0007.81,+0003.91,+0016.60,+0007.73,-0002.83,-0009.57
+1580602839.69,+0004.88,+0002.93,+0016.60,-0001.76,-0004.21,-0002.76
+1580602839.70,+0008.79,-0000.98,+0016.60,+0006.89,+0008.50,-0015.62
+1580602839.70,-0005.86,+0004.88,+0016.60,-0003.75,-0008.35,-0003.52
+1580602839.71,+0009.77,+0008.79,+0018.55,+0007.73,-0002.45,-0011.87
+1580602839.71,+0004.88,+0002.93,+0019.53,+0004.13,-0000.31,-0013.48
+1580602839.72,+0000.98,+0009.77,+0022.46,+0006.97,-0002.45,-0010.80
+1580602839.72,+0005.86,+0013.67,+0023.44,+0002.60,+0001.91,-0013.78
+1580602839.73,+0005.86,+0008.79,+0024.41,+0001.15,-0002.14,-0005.13
+1580602839.73,+0007.81,+0012.70,+0025.39,+0002.76,+0001.68,-0009.49
+1580602839.74,-0000.98,+0014.65,+0026.37,+0002.30,+0003.29,-0009.34
+1580602839.74,-0002.93,+0016.60,+0026.37,+0002.07,-0003.06,-0009.95
+1580602839.75,+0007.81,+0015.62,+0026.37,+0004.29,+0003.90,-0010.72
+1580602839.75,+0000.00,+0014.65,+0027.34,-0001.61,-0003.90,-0004.29
+1580602839.76,+0003.91,+0016.60,+0028.32,+0003.68,+0000.92,-0002.68
+1580602839.76,-0010.74,+0017.58,+0026.37,-0002.22,-0004.52,-0002.91
+1580602839.77,+0000.98,+0016.60,+0026.37,+0004.90,-0001.23,-0008.65
+1580602839.77,+0001.95,+0015.62,+0025.39,-0006.43,+0004.75,-0014.01
+1580602839.78,-0001.95,+0013.67,+0025.39,+0002.37,-0003.37,-0000.46
+1580602839.78,-0006.84,+0019.53,+0024.41,-0000.92,-0001.61,-0006.89
+1580602839.79,-0001.95,+0017.58,+0025.39,+0007.12,+0001.15,-0011.56
+1580602839.79,-0000.98,+0015.62,+0023.44,-0009.34,-0000.31,-0009.19
+1580602839.80,+0000.00,+0017.58,+0022.46,-0004.44,+0001.99,-0014.24
+1580602839.80,-0004.88,+0017.58,+0020.51,+0003.68,-0001.61,-0009.95
+1580602839.81,+0001.95,+0017.58,+0019.53,+0003.06,-0001.53,-0010.18
+1580602839.81,+0001.95,+0017.58,+0019.53,-0002.22,-0001.45,-0009.65
+1580602839.82,+0000.00,+0019.53,+0019.53,+0000.69,-0000.61,-0011.64
+1580602839.82,-0003.91,+0019.53,+0017.58,-0000.92,+0001.15,-0012.10
+1580602839.83,+0003.91,+0019.53,+0016.60,-0001.38,-0003.37,-0010.95
+1580602839.83,+0003.91,+0017.58,+0014.65,+0000.38,-0003.90,-0007.81
+1580602839.84,+0006.84,+0018.55,+0013.67,+0000.84,+0000.92,-0009.19
+1580602839.84,+0002.93,+0019.53,+0010.74,-0003.52,+0003.06,-0007.81
+1580602839.85,-0008.79,+0018.55,+0009.77,+0003.14,+0003.06,-0014.55
+1580602839.85,+0000.00,+0021.48,+0010.74,+0000.46,+0004.29,-0018.22
+1580602839.86,+0002.93,+0017.58,+0010.74,-0003.29,-0002.45,-0006.66
+1580602839.86,+0000.00,+0015.62,+0008.79,+0000.54,+0003.60,-0014.55
+1580602839.87,-0002.93,+0017.58,+0006.84,-0001.23,-0003.45,-0009.95
+1580602839.87,+0003.91,+0015.62,+0004.88,-0001.30,+0001.38,-0008.50
+1580602839.88,+0001.95,+0012.70,+0002.93,-0003.22,-0000.08,-0008.27
+1580602839.88,-0002.93,+0013.67,+0001.95,-0000.15,+0002.07,-0014.01
+1580602839.89,+0003.91,+0014.65,+0000.98,+0001.00,+0005.74,-0015.39
+1580602839.89,+0002.93,+0011.72,+0000.00,-0006.43,-0004.52,-0007.35
+1580602839.90,+0003.91,+0009.77,-0001.95,-0000.84,-0000.38,-0005.74
+1580602839.90,-0000.98,+0012.70,-0003.91,-0003.22,+0000.46,-0006.81
+1580602839.91,-0000.98,+0006.84,-0004.88,+0003.68,+0002.45,-0007.50
+1580602839.91,-0004.88,+0006.84,-0006.84,-0006.51,-0000.69,-0010.49
+1580602839.92,-0000.98,+0005.86,-0006.84,-0000.92,-0003.06,-0007.81
+1580602839.92,-0000.98,+0004.88,-0006.84,-0002.60,+0000.00,-0010.49
+1580602839.93,-0002.93,+0001.95,-0006.84,-0000.61,-0001.15,-0009.57
+1580602839.93,-0000.98,+0002.93,-0008.79,-0004.59,-0000.61,-0010.95
+1580602839.94,-0002.93,-0000.98,-0010.74,-0005.28,-0001.15,-0007.43
+1580602839.94,-0006.84,-0000.98,-0012.70,-0002.99,+0005.21,-0014.62
+1580602839.95,-0011.72,-0002.93,-0013.67,-0000.54,-0003.29,-0011.87
+1580602839.95,+0001.95,-0002.93,-0013.67,-0000.38,-0002.14,-0010.64
+1580602839.96,-0002.93,-0006.84,-0013.67,-0000.92,-0000.08,-0006.97
+1580602839.96,-0008.79,-0005.86,-0014.65,+0000.00,+0001.84,-0013.17
+1580602839.97,-0005.86,-0005.86,-0016.60,-0004.44,-0000.61,-0013.09
+1580602839.97,-0001.95,-0009.77,-0019.53,-0000.92,+0000.46,-0013.63
+1580602839.98,+0001.95,-0010.74,-0019.53,-0000.69,+0001.30,-0005.82
+1580602839.98,-0002.93,-0009.77,-0019.53,+0001.99,+0006.89,-0017.38
+1580602839.99,-0007.81,-0011.72,-0017.58,-0002.68,-0007.96,-0007.73
+1580602839.99,+0008.79,-0007.81,-0017.58,-0011.94,-0005.21,-0005.51
+1580602840.00,+0005.86,-0016.60,-0020.51,+0004.29,+0004.82,-0008.35
+1580602840.00,-0007.81,-0010.74,-0022.46,-0002.53,-0000.69,-0009.19
+1580602840.01,-0000.98,-0010.74,-0021.48,+0000.15,+0000.92,-0012.56
+1580602840.01,+0003.91,-0012.70,-0020.51,-0003.45,-0002.07,-0010.80
+1580602840.02,+0003.91,-0014.65,-0018.55,+0003.75,+0002.45,-0014.70
+1580602840.02,+0000.98,-0009.77,-0017.58,-0003.90,-0004.67,-0011.03
+1580602840.03,+0009.77,-0010.74,-0017.58,-0002.68,-0002.37,-0006.66
+1580602840.03,+0010.74,-0013.67,-0016.60,+0001.07,-0001.99,-0014.55
+1580602840.04,+0008.79,-0010.74,-0016.60,-0004.13,-0005.28,+0000.15
+1580602840.04,+0006.84,-0010.74,-0017.58,-0000.77,+0005.05,-0015.31
+1580602840.05,+0001.95,-0012.70,-0016.60,+0004.36,-0003.98,-0005.21
+1580602840.05,+0016.60,-0009.77,-0014.65,-0001.68,+0000.23,-0009.03
+1580602840.06,+0003.91,-0012.70,-0014.65,-0003.52,+0001.68,-0005.97
+1580602840.06,-0000.98,-0007.81,-0013.67,-0000.23,+0001.91,-0008.27
+1580602840.07,+0001.95,-0007.81,-0011.72,-0001.00,+0000.61,-0012.63
+1580602840.07,+0000.00,-0009.77,-0010.74,-0001.38,-0003.83,-0012.63
+1580602840.08,+0009.77,-0007.81,-0010.74,+0002.30,-0001.76,-0001.23
+1580602840.08,-0008.79,-0006.84,-0010.74,-0002.53,-0001.76,-0011.94
+1580602840.09,-0007.81,-0006.84,-0007.81,+0001.76,-0006.51,-0006.05
+1580602840.09,+0006.84,-0004.88,-0008.79,-0002.76,+0001.38,-0018.68
+1580602840.10,+0001.95,-0013.67,-0009.77,-0005.36,-0001.91,-0001.76
+1580602840.10,-0004.88,-0002.93,-0009.77,-0007.43,+0002.91,-0014.78
+1580602840.11,-0011.72,-0003.91,-0008.79,+0000.69,-0002.99,-0010.72
+1580602840.11,+0005.86,-0003.91,-0007.81,+0001.84,-0004.59,-0010.72
+1580602840.12,+0000.98,-0008.79,-0008.79,+0004.59,+0001.84,-0008.27
+1580602840.12,-0010.74,+0000.00,-0008.79,-0002.07,-0002.37,-0013.48
+1580602840.13,-0001.95,+0000.00,-0007.81,+0000.92,-0004.13,-0011.10
+1580602840.13,+0002.93,-0003.91,-0007.81,-0002.76,+0001.84,-0014.24
+1580602840.14,-0003.91,-0001.95,-0007.81,+0001.76,+0000.31,-0006.28
+1580602840.14,-0003.91,+0003.91,-0007.81,+0000.15,+0002.07,-0016.08
+1580602840.15,+0000.00,-0000.98,-0007.81,-0002.91,-0005.21,-0009.19
+1580602840.15,+0006.84,+0000.98,-0007.81,-0006.51,-0003.22,-0003.98
+1580602840.16,+0004.88,+0000.98,-0008.79,+0005.44,+0005.36,-0009.57
+1580602840.16,-0008.79,+0003.91,-0007.81,-0004.21,-0001.30,-0007.89
+1580602840.17,-0001.95,+0002.93,-0006.84,+0003.06,+0000.61,-0020.06
+1580602840.17,+0011.72,+0001.95,-0006.84,-0000.77,+0000.23,-0007.81
+1580602840.18,+0004.88,+0000.98,-0006.84,+0002.37,+0004.21,-0012.86
+1580602840.18,-0007.81,+0004.88,-0005.86,-0000.38,-0001.53,-0006.12
+1580602840.19,+0001.95,+0007.81,-0003.91,-0005.21,-0003.75,-0011.10
+1580602840.19,+0007.81,+0001.95,-0004.88,-0000.77,-0001.91,-0006.58
+1580602840.20,+0003.91,+0003.91,-0005.86,+0000.00,+0007.20,-0008.58
+1580602840.20,-0009.77,+0005.86,-0005.86,-0000.61,-0001.30,-0005.44
+1580602840.21,-0000.98,+0004.88,-0005.86,-0001.38,-0001.00,-0006.12
+1580602840.21,-0000.98,+0000.00,-0006.84,-0001.99,+0004.21,-0008.80
+1580602840.22,-0012.70,+0002.93,-0006.84,+0001.99,+0002.53,-0010.26
+1580602840.22,-0006.84,+0002.93,-0005.86,+0000.61,-0003.14,-0006.74
+1580602840.23,-0000.98,+0000.00,-0006.84,-0001.99,+0004.59,-0010.80
+1580602840.23,-0013.67,+0000.00,-0007.81,+0000.46,+0000.15,-0009.88
+1580602840.24,-0008.79,+0001.95,-0007.81,-0003.60,-0004.82,-0006.66
+1580602840.24,-0006.84,-0001.95,-0008.79,-0001.23,+0000.38,-0012.25
+1580602840.25,-0010.74,-0003.91,-0007.81,+0004.21,-0003.98,-0004.44
+1580602840.25,-0002.93,+0000.98,-0008.79,-0000.31,+0000.92,-0013.48
+1580602840.26,-0010.74,-0005.86,-0010.74,+0002.30,-0000.38,-0013.02
+1580602840.26,-0005.86,-0002.93,-0009.77,-0002.83,-0000.92,-0009.49
+1580602840.27,-0001.95,-0002.93,-0009.77,+0002.60,+0003.60,-0011.41
+1580602840.27,-0004.88,-0002.93,-0009.77,-0001.23,-0000.46,-0008.88
+1580602840.28,-0006.84,-0003.91,-0009.77,-0001.53,+0000.92,-0013.25
+1580602840.28,-0003.91,-0003.91,-0009.77,+0000.08,-0002.07,-0011.71
+1580602840.29,+0000.98,-0005.86,-0010.74,-0001.68,+0000.38,-0010.03
+1580602840.29,-0002.93,-0005.86,-0011.72,-0001.91,+0000.77,-0012.94
+1580602840.30,-0001.95,-0006.84,-0009.77,+0002.30,+0000.77,-0014.62
+1580602840.30,-0000.98,-0005.86,-0009.77,-0002.30,-0003.98,-0011.56
+1580602840.31,+0003.91,-0006.84,-0009.77,+0001.38,-0000.77,-0008.12
+1580602840.31,+0003.91,-0007.81,-0009.77,-0001.15,+0006.20,-0016.00
+1580602840.32,-0004.88,-0007.81,-0009.77,+0002.68,-0005.74,-0010.87
+1580602840.32,+0008.79,-0006.84,-0009.77,+0000.61,-0000.23,-0014.70
+1580602840.33,+0006.84,-0009.77,-0008.79,-0001.45,-0000.31,-0011.03
+1580602840.33,+0004.88,-0010.74,-0007.81,+0001.76,+0002.45,-0005.44
+1580602840.34,+0004.88,-0007.81,-0007.81,-0002.53,+0000.46,-0014.70
+1580602840.34,+0007.81,-0012.70,-0007.81,-0001.15,-0006.28,-0000.54
+1580602840.35,+0005.86,-0010.74,-0008.79,-0003.45,+0002.07,-0009.80
+1580602840.35,-0006.84,-0012.70,-0008.79,+0002.99,-0001.45,-0006.51
+1580602840.36,+0003.91,-0009.77,-0007.81,-0001.91,+0000.08,-0007.89
+1580602840.36,-0002.93,-0016.60,-0008.79,-0000.38,+0007.81,-0012.17
+1580602840.37,-0005.86,-0013.67,-0006.84,+0000.08,-0004.44,-0005.28
+1580602840.37,+0005.86,-0012.70,-0005.86,+0000.61,+0004.21,-0014.85
+1580602840.38,-0009.77,-0016.60,-0006.84,-0004.52,+0000.15,-0012.56
+1580602840.38,-0000.98,-0011.72,-0004.88,-0003.98,-0001.38,-0009.49
+1580602840.39,+0000.98,-0014.65,-0005.86,-0000.08,+0004.29,-0006.74
+1580602840.39,-0008.79,-0017.58,-0005.86,+0001.07,+0000.54,-0008.80
+1580602840.40,-0001.95,-0013.67,-0004.88,-0002.30,-0004.67,-0010.18
+1580602840.40,+0006.84,-0015.62,-0005.86,-0002.60,+0002.60,-0007.27
+1580602840.41,-0009.77,-0017.58,-0007.81,-0001.30,+0002.30,-0010.26
+1580602840.41,-0008.79,-0012.70,-0005.86,+0000.15,-0001.76,-0015.39
+1580602840.42,+0008.79,-0014.65,-0003.91,+0000.46,+0004.59,-0010.64
+1580602840.42,+0000.98,-0017.58,-0003.91,-0000.69,-0001.07,-0009.03
+1580602840.43,-0007.81,-0011.72,-0002.93,+0001.84,+0000.15,-0009.11
+1580602840.43,-0007.81,-0008.79,-0002.93,+0001.23,+0004.59,-0022.51
+1580602840.44,+0006.84,-0015.62,-0002.93,+0005.74,+0003.06,-0008.73
+1580602840.44,+0004.88,-0012.70,-0001.95,-0004.98,+0003.83,-0010.18
+1580602840.45,-0010.74,-0009.77,+0000.98,+0002.07,-0002.53,-0006.58
+1580602840.45,+0000.98,-0004.88,+0001.95,-0003.37,-0005.59,-0004.06
+1580602840.46,+0013.67,-0012.70,+0000.98,+0004.52,+0007.12,-0011.03
+1580602840.46,-0009.77,-0008.79,+0000.00,-0002.60,+0001.68,-0012.63
+1580602840.47,-0000.98,-0005.86,+0001.95,+0006.51,-0009.34,-0003.52
+1580602840.47,+0003.91,-0006.84,+0001.95,-0005.28,-0001.07,-0010.41
+1580602840.48,-0002.93,-0010.74,+0003.91,+0009.19,+0000.54,-0011.94
+1580602840.48,+0000.00,-0000.98,+0004.88,-0005.21,-0003.45,-0019.98
+1580602840.49,+0012.70,-0008.79,+0006.84,-0000.92,-0007.43,+0002.99
+1580602840.49,-0009.77,-0004.88,+0004.88,-0003.14,-0003.98,-0008.42
+1580602840.50,-0005.86,-0001.95,+0007.81,+0008.42,-0004.90,-0004.21
+1580602840.50,+0007.81,-0001.95,+0007.81,-0003.06,+0000.08,-0014.01
+1580602840.51,-0005.86,-0009.77,+0006.84,+0009.42,-0001.38,-0003.45
+1580602840.51,-0005.86,+0001.95,+0007.81,-0006.43,+0004.06,-0013.32
+1580602840.52,-0009.77,-0001.95,+0008.79,+0002.30,-0002.45,-0011.94
+1580602840.52,+0004.88,-0002.93,+0008.79,+0001.61,-0002.37,-0011.03
+1580602840.53,+0000.98,-0001.95,+0008.79,+0001.99,+0001.99,-0008.27
+1580602840.53,-0013.67,+0000.98,+0010.74,-0000.08,-0003.52,-0010.41
+1580602840.54,-0005.86,+0001.95,+0011.72,+0000.69,-0001.45,-0012.40
+1580602840.54,+0003.91,-0001.95,+0009.77,+0001.76,+0000.84,-0010.11
+1580602840.55,-0004.88,+0000.00,+0007.81,-0001.91,+0001.38,-0006.74
+1580602840.55,-0010.74,+0003.91,+0008.79,+0001.53,+0000.38,-0013.55
+1580602840.56,-0004.88,+0002.93,+0010.74,-0000.92,-0003.52,-0013.09
+1580602840.56,+0004.88,+0001.95,+0010.74,-0001.15,-0000.46,-0007.89
+1580602840.57,-0002.93,+0003.91,+0009.77,-0000.23,+0004.13,-0009.65
+1580602840.57,-0010.74,+0007.81,+0010.74,+0003.37,+0001.23,-0014.16
+1580602840.58,+0003.91,+0006.84,+0011.72,+0001.99,-0000.54,-0011.64
+1580602840.58,+0007.81,+0004.88,+0011.72,-0003.37,+0002.45,-0005.21
+1580602840.59,-0006.84,+0006.84,+0010.74,+0006.28,+0002.53,-0013.09
+1580602840.59,-0006.84,+0010.74,+0012.70,-0000.77,-0003.90,-0013.63
+1580602840.60,+0008.79,+0008.79,+0012.70,+0000.77,+0006.05,-0019.06
+1580602840.60,-0001.95,+0007.81,+0011.72,+0003.22,-0005.21,-0002.76
+1580602840.61,+0004.88,+0012.70,+0012.70,+0004.21,-0003.45,-0005.59
+1580602840.61,-0002.93,+0010.74,+0012.70,+0001.00,-0001.91,-0010.18
+1580602840.62,-0002.93,+0012.70,+0013.67,+0003.06,-0001.61,-0015.39
+1580602840.62,+0010.74,+0013.67,+0014.65,-0002.76,-0002.14,-0008.58
+1580602840.63,+0009.77,+0010.74,+0014.65,+0003.37,+0000.38,-0006.51
+1580602840.63,-0005.86,+0013.67,+0012.70,-0000.08,-0009.26,-0009.57
+1580602840.64,+0007.81,+0015.62,+0014.65,+0003.22,-0003.06,-0009.65
+1580602840.64,+0015.62,+0011.72,+0013.67,-0002.37,+0003.14,-0009.42
+1580602840.65,-0002.93,+0009.77,+0013.67,+0002.99,-0004.29,-0004.52
+1580602840.65,+0003.91,+0017.58,+0014.65,-0001.15,+0000.69,-0010.57
+1580602840.66,+0005.86,+0012.70,+0014.65,-0001.07,-0000.61,-0006.43
+1580602840.66,-0001.95,+0010.74,+0012.70,+0000.31,+0005.13,-0009.42
+1580602840.67,-0000.98,+0013.67,+0013.67,+0000.61,-0001.99,-0006.81
+1580602840.67,+0005.86,+0011.72,+0013.67,+0003.06,+0004.82,-0010.18
+1580602840.68,-0008.79,+0008.79,+0012.70,-0002.07,-0001.76,-0011.56
+1580602840.68,-0002.93,+0012.70,+0012.70,+0002.07,-0002.60,-0010.80
+1580602840.69,+0006.84,+0009.77,+0011.72,-0003.29,+0002.99,-0003.29
+1580602840.69,-0005.86,+0005.86,+0009.77,+0003.14,+0005.05,-0007.66
+1580602840.70,-0016.60,+0009.77,+0009.77,+0001.30,-0003.29,-0009.57
+1580602840.70,-0002.93,+0010.74,+0009.77,-0002.83,+0003.29,-0019.06
+1580602840.71,-0001.95,+0003.91,+0008.79,-0002.53,-0004.90,-0004.13
+1580602840.71,-0000.98,+0005.86,+0007.81,+0003.60,+0004.13,-0010.03
+1580602840.72,-0014.65,+0006.84,+0007.81,-0005.67,+0002.83,-0016.54
+1580602840.72,-0002.93,+0006.84,+0006.84,+0000.61,+0002.53,-0010.57
+1580602840.73,+0000.98,+0003.91,+0004.88,-0002.68,-0002.22,-0010.03
+1580602840.73,-0004.88,+0001.95,+0003.91,+0001.76,-0000.38,-0005.44
+1580602840.74,-0004.88,+0003.91,+0001.95,-0001.91,-0001.38,-0011.10
+1580602840.74,+0000.98,+0001.95,+0001.95,+0001.84,+0002.14,-0011.33
+1580602840.75,-0000.98,+0001.95,+0000.98,-0000.46,+0001.61,-0011.94
+1580602840.75,-0002.93,+0002.93,+0002.93,+0005.67,-0001.23,-0014.32
+1580602840.76,+0006.84,+0003.91,+0003.91,-0001.84,-0001.00,-0009.49
+1580602840.76,+0005.86,+0000.98,+0002.93,+0000.00,+0001.84,-0012.48
+1580602840.77,-0002.93,+0001.95,+0001.95,-0003.60,-0001.45,-0009.72
+1580602840.77,+0000.98,+0003.91,+0001.95,-0003.29,+0000.38,-0013.78
+1580602840.78,+0002.93,+0000.98,+0002.93,+0000.31,-0005.36,-0009.80
+1580602840.78,+0010.74,+0000.98,+0001.95,-0000.08,+0001.99,-0007.50
+1580602840.79,-0000.98,-0000.98,+0000.00,-0002.83,+0000.69,-0013.93
+1580602840.79,+0000.98,+0000.98,+0000.00,-0001.30,+0001.30,-0007.89
+1580602840.80,+0001.95,-0000.98,-0000.98,+0000.15,+0002.45,-0013.55
+1580602840.80,-0001.95,-0001.95,-0000.98,+0000.77,-0002.53,-0007.20
+1580602840.81,+0004.88,-0000.98,+0000.00,-0004.52,+0001.07,-0007.35
+1580602840.81,-0000.98,-0003.91,-0000.98,-0000.61,+0001.53,-0005.90
+1580602840.82,-0006.84,-0000.98,-0000.98,+0002.14,+0000.77,-0009.49
+1580602840.82,-0003.91,-0001.95,-0001.95,-0002.53,-0002.76,-0012.25
+1580602840.83,+0003.91,-0003.91,-0001.95,-0003.52,-0000.08,-0011.33
+1580602840.83,-0001.95,-0005.86,-0002.93,+0000.84,-0005.28,-0004.44
+1580602840.84,-0003.91,-0001.95,-0003.91,-0002.14,+0005.90,-0011.18
+1580602840.84,-0003.91,-0004.88,-0003.91,-0005.21,-0004.52,-0005.90
+1580602840.85,-0001.95,-0003.91,-0004.88,-0000.92,+0003.60,-0014.01
+1580602840.85,-0004.88,-0005.86,-0004.88,-0001.15,-0005.82,-0010.18
+1580602840.86,+0008.79,-0003.91,-0004.88,+0001.61,-0006.66,-0005.05
+1580602840.86,-0003.91,-0006.84,-0005.86,+0000.69,-0000.61,-0011.33
+1580602840.87,-0006.84,-0001.95,-0004.88,+0000.77,-0000.69,-0013.25
+1580602840.87,+0006.84,-0003.91,-0004.88,-0002.45,-0003.68,-0008.88
+1580602840.88,+0000.98,-0007.81,-0005.86,-0000.46,+0006.05,-0015.77
+1580602840.88,-0004.88,-0002.93,-0005.86,+0000.61,-0001.00,-0011.18
+1580602840.89,+0000.98,-0000.98,-0006.84,-0002.07,+0000.31,-0009.57
+1580602840.89,-0002.93,-0005.86,-0006.84,-0002.68,+0006.89,-0015.54
+1580602840.90,+0000.98,-0001.95,-0005.86,-0000.08,+0000.54,-0011.64
+1580602840.90,+0004.88,-0001.95,-0006.84,-0001.53,-0001.61,-0008.80
+1580602840.91,+0001.95,-0003.91,-0005.86,-0002.53,+0001.68,-0009.72
+1580602840.91,-0002.93,+0000.00,-0005.86,+0001.84,-0001.84,-0013.86
+1580602840.92,+0007.81,+0000.00,-0004.88,+0001.68,+0004.52,-0014.70
+1580602840.92,+0002.93,-0002.93,-0006.84,-0003.98,-0004.59,-0009.03
+1580602840.93,+0005.86,-0000.98,-0007.81,+0004.44,+0000.61,-0011.25
+1580602840.93,+0000.00,+0000.00,-0006.84,-0000.54,-0000.77,-0015.16
+1580602840.94,+0001.95,-0000.98,-0005.86,+0003.06,-0000.38,-0013.32
+1580602840.94,+0006.84,+0000.00,-0004.88,-0003.68,-0001.45,-0009.19
+1580602840.95,+0005.86,-0000.98,-0004.88,+0001.38,+0001.38,-0007.89
+1580602840.95,-0000.98,+0000.98,-0004.88,-0003.90,-0003.52,-0009.49
+1580602840.96,+0007.81,+0000.98,-0005.86,+0001.30,-0002.37,-0003.29
+1580602840.96,+0004.88,-0001.95,-0007.81,-0006.51,+0004.82,-0008.04
+1580602840.97,-0001.95,+0000.00,-0006.84,+0000.69,-0003.98,-0007.43
+1580602840.97,+0005.86,+0001.95,-0005.86,-0002.60,-0001.00,-0008.80
+1580602840.98,+0000.98,-0000.98,-0004.88,+0001.53,+0004.29,-0013.63
+1580602840.98,-0003.91,+0001.95,-0003.91,-0000.84,-0001.76,-0011.56
+1580602840.99,+0004.88,+0002.93,-0002.93,-0001.38,+0002.53,-0010.11
+1580602840.99,+0001.95,-0000.98,-0003.91,-0003.60,-0000.84,-0003.52
+1580602841.00,-0005.86,+0001.95,-0004.88,+0002.91,+0002.68,-0011.41
+1580602841.00,-0008.79,+0002.93,-0003.91,+0001.84,+0001.00,-0014.09
+1580602841.01,-0002.93,+0001.95,-0003.91,-0002.83,+0000.84,-0010.18
+1580602841.01,-0001.95,-0001.95,-0003.91,+0000.00,+0002.14,-0009.72
+1580602841.02,-0003.91,+0002.93,-0004.88,+0000.31,-0003.37,-0005.21
+1580602841.02,-0011.72,+0002.93,-0004.88,+0000.15,-0006.66,-0010.80
+1580602841.03,+0000.00,+0001.95,-0003.91,-0001.23,+0000.00,-0011.94
+1580602841.03,+0001.95,+0001.95,-0003.91,-0001.61,+0002.30,-0011.10
+1580602841.04,-0005.86,+0002.93,-0004.88,-0001.76,+0000.08,-0005.21
+1580602841.04,-0006.84,+0004.88,-0003.91,-0001.30,+0000.00,-0012.48
+1580602841.05,-0003.91,+0002.93,-0002.93,+0003.98,-0004.06,-0009.88
+1580602841.05,+0000.98,+0003.91,-0002.93,-0003.52,-0000.23,-0011.87
+1580602841.06,-0002.93,+0003.91,-0004.88,-0000.54,+0001.07,-0017.53
+1580602841.06,-0001.95,+0004.88,-0003.91,-0002.14,-0006.05,-0009.65
+1580602841.07,+0011.72,+0003.91,-0004.88,+0001.45,+0000.08,-0008.88
+1580602841.07,+0000.98,+0001.95,-0005.86,-0001.00,+0000.77,-0010.18
+1580602841.08,-0000.98,+0005.86,-0003.91,+0001.00,-0001.68,-0014.55
+1580602841.08,+0007.81,+0005.86,-0002.93,-0002.60,-0003.68,-0010.11
+1580602841.09,+0012.70,+0003.91,-0003.91,+0004.21,-0001.23,-0006.58
+1580602841.09,+0000.98,+0003.91,-0003.91,+0003.90,-0000.08,-0010.11
+1580602841.10,-0003.91,+0007.81,-0002.93,-0000.31,-0001.38,-0015.31
+1580602841.10,+0007.81,+0004.88,-0001.95,-0002.68,-0007.12,-0005.44
+1580602841.11,+0007.81,+0002.93,-0003.91,+0002.83,+0007.35,-0010.26
+1580602841.11,-0010.74,+0003.91,-0002.93,+0004.67,-0007.35,+0001.00
+1580602841.12,+0005.86,+0008.79,-0000.98,-0000.54,+0006.12,-0020.29
+1580602841.12,-0002.93,+0000.00,-0001.95,-0006.97,-0003.98,-0002.45
+1580602841.13,-0004.88,+0004.88,-0002.93,-0010.11,-0002.60,-0010.11
+1580602841.13,-0008.79,+0001.95,-0002.93,+0004.29,+0004.06,-0011.25
+1580602841.14,-0004.88,+0003.91,-0001.95,-0003.29,-0002.76,-0007.66
+1580602841.14,-0004.88,-0001.95,-0002.93,-0000.15,+0001.84,-0006.35
+1580602841.15,-0010.74,+0001.95,-0003.91,-0003.60,-0003.29,-0004.21
+1580602841.15,-0006.84,+0000.00,-0003.91,+0002.14,+0005.44,-0019.14
+1580602841.16,-0006.84,-0000.98,-0002.93,-0006.20,-0005.67,-0007.43
+1580602841.16,-0000.98,+0000.00,-0003.91,-0003.75,+0002.30,-0007.20
+1580602841.17,-0008.79,-0002.93,-0004.88,+0000.15,+0002.30,-0008.73
+1580602841.17,-0012.70,-0000.98,-0003.91,+0004.06,-0000.23,-0016.31
+1580602841.18,-0001.95,-0000.98,-0003.91,-0001.30,-0005.36,-0012.48
+1580602841.18,+0005.86,-0003.91,-0003.91,-0002.99,+0004.06,-0011.25
+1580602841.19,-0009.77,-0004.88,-0005.86,-0000.92,+0001.00,-0007.73
+1580602841.19,-0005.86,+0000.98,-0004.88,+0000.38,-0004.21,-0009.80
+1580602841.20,+0006.84,-0003.91,-0004.88,+0002.91,+0003.45,-0013.32
+1580602841.20,-0004.88,-0005.86,-0005.86,-0001.84,-0006.66,-0003.14
+1580602841.21,+0001.95,-0002.93,-0004.88,+0001.61,+0003.90,-0012.71
+1580602841.21,-0002.93,-0003.91,-0004.88,-0005.82,-0003.52,-0010.87
+1580602841.22,+0000.98,-0004.88,-0005.86,-0000.61,+0001.68,-0013.48
+1580602841.22,-0000.98,-0003.91,-0004.88,-0003.37,+0000.00,-0014.16
+1580602841.23,+0005.86,-0004.88,-0002.93,+0006.05,-0005.90,-0004.90
+1580602841.23,+0006.84,-0005.86,-0002.93,-0002.68,+0004.82,-0007.73
+1580602841.24,-0012.70,-0004.88,-0001.95,+0000.00,-0008.04,-0007.35
+1580602841.24,+0006.84,-0002.93,-0000.98,+0000.61,+0002.37,-0017.61
+1580602841.25,+0002.93,-0009.77,-0001.95,-0003.37,+0000.46,-0013.02
+1580602841.25,+0002.93,-0007.81,-0001.95,-0001.84,+0001.23,-0002.91
+1580602841.26,-0002.93,-0006.84,-0003.91,-0001.68,+0004.21,-0014.47
+1580602841.26,-0008.79,-0008.79,-0002.93,+0001.84,-0003.98,-0007.58
+1580602841.27,+0007.81,-0008.79,-0001.95,+0001.30,-0003.75,-0007.27
+1580602841.27,-0000.98,-0012.70,-0001.95,+0001.00,+0000.38,-0006.35
+1580602841.28,-0011.72,-0009.77,-0000.98,+0000.23,+0000.54,-0007.50
+1580602841.28,-0006.84,-0007.81,+0000.00,+0001.84,-0001.23,-0015.54
+1580602841.29,-0002.93,-0012.70,-0000.98,+0005.13,+0000.54,-0009.72
+1580602841.29,-0008.79,-0011.72,-0000.98,-0003.06,-0001.38,-0010.64
+1580602841.30,-0007.81,-0010.74,-0000.98,+0001.53,-0000.92,-0007.73
+1580602841.30,-0002.93,-0011.72,-0000.98,-0001.00,+0000.61,-0009.42
+1580602841.31,-0007.81,-0012.70,-0000.98,-0001.38,-0001.53,-0008.58
+1580602841.31,-0005.86,-0010.74,-0001.95,-0000.38,+0001.76,-0011.71
+1580602841.32,-0004.88,-0011.72,-0001.95,-0000.31,-0000.38,-0010.64
+1580602841.32,-0000.98,-0011.72,-0000.98,-0001.15,+0001.45,-0007.12
+1580602841.33,-0001.95,-0010.74,-0000.98,+0002.37,+0000.46,-0014.55
+1580602841.33,-0005.86,-0009.77,-0000.98,-0001.91,-0004.36,-0009.26
+1580602841.34,+0000.00,-0008.79,-0000.98,+0003.06,+0004.44,-0018.76
+1580602841.34,+0010.74,-0011.72,+0000.98,+0006.35,+0010.18,-0013.63
+1580602841.35,-0002.93,-0007.81,+0000.98,-0006.66,-0001.45,-0010.34
+1580602841.35,-0004.88,-0006.84,+0000.98,+0006.89,-0001.23,-0015.01
+1580602841.36,+0005.86,-0005.86,+0000.98,-0002.45,-0004.13,-0007.35
+1580602841.36,+0009.77,-0010.74,+0001.95,+0003.60,+0003.75,-0009.19
+1580602841.37,-0001.95,-0004.88,+0001.95,-0005.13,-0003.29,-0005.67
+1580602841.37,+0002.93,-0004.88,+0002.93,+0002.99,+0001.15,-0013.25
+1580602841.38,+0007.81,-0004.88,+0001.95,+0001.91,-0005.44,-0005.51
+1580602841.38,+0009.77,-0005.86,+0001.95,+0003.52,+0005.28,-0010.34
+1580602841.39,-0000.98,-0001.95,+0001.95,-0003.14,-0004.75,-0008.73
+1580602841.39,+0004.88,-0001.95,+0002.93,-0001.30,-0003.14,-0012.94
+1580602841.40,+0012.70,-0002.93,+0003.91,-0003.68,+0002.45,-0005.05
+1580602841.40,+0004.88,-0000.98,+0002.93,+0003.37,+0006.05,-0016.38
+1580602841.41,-0006.84,+0002.93,+0003.91,-0001.68,-0004.59,-0011.18
+1580602841.41,+0015.62,+0003.91,+0005.86,-0000.84,+0004.29,-0008.73
+1580602841.42,+0004.88,-0000.98,+0004.88,-0002.53,-0002.37,-0003.29
+1580602841.42,-0002.93,+0004.88,+0004.88,+0004.44,-0001.45,-0004.21
+1580602841.43,-0000.98,+0005.86,+0004.88,-0005.82,-0000.61,-0011.64
+1580602841.43,+0004.88,+0002.93,+0004.88,+0001.15,-0000.31,-0003.75
+1580602841.44,+0000.00,+0004.88,+0004.88,-0001.61,+0007.04,-0008.88
+1580602841.44,-0016.60,+0009.77,+0005.86,+0003.37,-0002.60,-0013.93
+1580602841.45,+0002.93,+0009.77,+0006.84,+0000.92,+0004.59,-0017.46
+1580602841.45,+0000.98,+0006.84,+0005.86,-0008.65,-0002.76,-0008.96
+1580602841.46,-0000.98,+0008.79,+0006.84,+0006.28,+0000.84,-0007.20
+1580602841.46,-0007.81,+0014.65,+0005.86,-0005.59,+0000.54,-0010.72
+1580602841.47,-0008.79,+0012.70,+0005.86,+0000.46,-0006.97,-0009.42
+1580602841.47,+0009.77,+0012.70,+0005.86,+0001.07,+0000.92,-0008.88
+1580602841.48,+0000.98,+0011.72,+0005.86,+0000.38,+0005.51,-0008.42
+1580602841.48,-0008.79,+0014.65,+0005.86,+0004.44,+0001.00,-0014.78
+1580602841.49,-0001.95,+0018.55,+0005.86,-0002.22,+0001.07,-0014.01
+1580602841.49,+0000.98,+0014.65,+0005.86,+0000.69,-0001.07,-0012.10
+1580602841.50,+0004.88,+0016.60,+0004.88,-0001.91,-0002.60,-0007.81
+1580602841.50,-0002.93,+0016.60,+0003.91,+0000.38,+0001.15,-0013.40
+1580602841.51,-0004.88,+0017.58,+0004.88,-0002.22,-0002.60,-0010.34
+1580602841.51,+0004.88,+0017.58,+0004.88,+0003.37,-0000.38,-0011.48
+1580602841.52,+0000.00,+0015.62,+0003.91,+0003.45,+0000.00,-0009.19
+1580602841.52,-0002.93,+0019.53,+0003.91,-0002.22,+0001.23,-0014.32
+1580602841.53,-0000.98,+0017.58,+0003.91,-0001.45,-0001.53,-0014.24
+1580602841.53,+0003.91,+0016.60,+0002.93,+0000.08,+0000.31,-0009.49
+1580602841.54,+0000.98,+0017.58,+0001.95,-0002.30,-0002.68,-0004.67
+1580602841.54,+0000.00,+0018.55,+0000.98,+0001.68,+0004.06,-0012.48
+1580602841.55,+0000.98,+0017.58,+0001.95,-0004.06,-0002.53,-0007.89
+1580602841.55,+0003.91,+0017.58,+0001.95,-0003.06,-0000.23,-0010.03
+1580602841.56,+0001.95,+0016.60,+0000.98,+0000.46,-0001.45,-0003.60
+1580602841.56,+0001.95,+0017.58,+0000.00,-0000.38,-0000.23,-0007.04
+1580602841.57,+0000.00,+0014.65,+0000.00,-0004.21,+0002.91,-0007.66
+1580602841.57,-0005.86,+0016.60,-0000.98,-0004.90,-0002.83,-0009.65
+1580602841.58,+0003.91,+0013.67,-0000.98,+0000.23,+0001.30,-0005.67
+1580602841.58,-0003.91,+0011.72,-0002.93,-0003.14,+0007.20,-0015.85
+1580602841.59,-0014.65,+0013.67,-0002.93,+0001.38,-0001.23,-0012.48
+1580602841.59,+0002.93,+0015.62,-0002.93,-0003.45,+0000.61,-0011.79
+1580602841.60,-0001.95,+0007.81,-0003.91,-0002.45,+0001.23,-0007.04
+1580602841.60,-0010.74,+0012.70,-0004.88,+0004.75,+0002.07,-0008.12
+1580602841.61,-0006.84,+0011.72,-0004.88,+0002.53,-0000.92,-0011.56
+1580602841.61,-0001.95,+0008.79,-0004.88,-0004.13,-0000.31,-0009.34
+1580602841.62,-0001.95,+0006.84,-0006.84,-0003.22,-0002.83,-0006.28
+1580602841.62,-0003.91,+0008.79,-0007.81,-0000.08,+0002.37,-0007.73
+1580602841.63,-0006.84,+0005.86,-0009.77,+0002.07,+0001.15,-0017.30
+1580602841.63,-0002.93,+0005.86,-0011.72,-0002.53,-0002.37,-0011.64
+1580602841.64,+0003.91,+0003.91,-0010.74,-0000.38,+0001.76,-0011.25
+1580602841.64,-0002.93,+0002.93,-0010.74,-0003.90,+0001.76,-0008.96
+1580602841.65,-0004.88,+0004.88,-0010.74,-0000.23,+0000.38,-0013.32
+1580602841.65,+0000.98,+0002.93,-0010.74,-0008.12,-0002.07,-0004.36
+1580602841.66,-0002.93,+0000.00,-0011.72,+0004.06,+0008.12,-0013.48
+1580602841.66,-0007.81,+0000.00,-0011.72,+0004.82,-0001.15,-0010.57
+1580602841.67,+0001.95,+0000.98,-0011.72,-0004.44,-0001.38,-0008.80
+1580602841.67,-0002.93,-0004.88,-0013.67,-0001.99,+0001.38,-0013.48
+1580602841.68,-0001.95,-0000.98,-0013.67,-0001.00,+0001.84,-0013.17
+1580602841.68,-0001.95,-0002.93,-0014.65,+0001.30,-0000.92,-0018.45
+1580602841.69,+0002.93,-0004.88,-0013.67,-0000.69,-0006.51,-0007.58
+1580602841.69,+0008.79,-0003.91,-0013.67,+0001.84,+0000.84,-0013.48
+1580602841.70,+0001.95,-0004.88,-0014.65,-0000.15,+0000.00,-0009.11
+1580602841.70,+0000.98,-0003.91,-0014.65,-0001.00,-0001.23,-0014.32
+1580602841.71,+0002.93,-0004.88,-0012.70,-0000.84,+0000.15,-0013.55
+1580602841.71,+0011.72,-0004.88,-0013.67,-0002.83,+0002.14,-0011.03
+1580602841.72,+0004.88,-0005.86,-0013.67,-0000.69,-0001.84,-0005.13
+1580602841.72,+0002.93,-0004.88,-0013.67,+0001.30,-0002.53,-0003.14
+1580602841.73,+0002.93,-0006.84,-0013.67,-0001.23,+0000.77,-0006.43
+1580602841.73,-0004.88,-0006.84,-0013.67,-0001.23,-0004.52,-0008.80
+1580602841.74,+0004.88,-0006.84,-0011.72,+0000.92,-0003.98,-0007.50
+1580602841.74,+0003.91,-0007.81,-0012.70,-0001.45,+0004.52,-0013.17
+1580602841.75,-0003.91,-0006.84,-0012.70,+0003.14,+0003.45,-0013.70
+1580602841.75,-0006.84,-0002.93,-0012.70,-0004.21,+0000.08,-0013.09
+1580602841.76,-0002.93,-0006.84,-0010.74,+0003.14,-0002.83,-0012.02
+1580602841.76,+0002.93,-0006.84,-0009.77,-0000.15,+0001.15,-0010.11
+1580602841.77,-0004.88,-0006.84,-0009.77,+0001.84,+0004.21,-0014.32
+1580602841.77,-0013.67,-0001.95,-0010.74,-0003.75,-0004.75,-0010.18
+1580602841.78,-0002.93,-0005.86,-0010.74,+0002.60,-0002.30,-0013.86
+1580602841.78,+0005.86,-0006.84,-0010.74,-0002.30,-0001.30,-0006.66
+1580602841.79,-0006.84,-0005.86,-0010.74,+0000.61,-0003.90,-0008.27
+1580602841.79,-0005.86,-0001.95,-0009.77,-0000.84,+0000.69,-0011.03
+1580602841.80,-0001.95,-0003.91,-0007.81,+0000.31,-0001.38,-0015.16
+1580602841.80,+0013.67,-0004.88,-0008.79,+0000.77,+0007.20,-0010.11
+1580602841.81,-0003.91,-0002.93,-0009.77,-0003.14,-0000.61,-0013.70
+1580602841.81,-0007.81,-0001.95,-0006.84,+0001.76,-0005.59,-0007.96
+1580602841.82,+0007.81,+0000.00,-0006.84,-0000.08,-0000.46,-0020.29
+1580602841.82,+0011.72,-0007.81,-0006.84,+0008.35,+0007.20,-0017.76
+1580602841.83,-0003.91,+0000.00,-0007.81,-0006.43,-0008.50,-0008.96
+1580602841.83,+0010.74,-0001.95,-0006.84,+0004.98,-0002.53,-0013.02
+1580602841.84,+0006.84,-0002.93,-0006.84,-0000.46,-0005.13,-0005.97
+1580602841.84,+0009.77,-0001.95,-0005.86,+0006.74,+0000.15,-0007.73
+1580602841.85,+0005.86,+0000.00,-0006.84,-0006.51,+0000.61,-0012.79
+1580602841.85,+0012.70,-0003.91,-0005.86,+0000.61,-0008.80,+0000.00
+1580602841.86,+0008.79,-0000.98,-0006.84,-0003.60,-0005.67,-0000.23
+1580602841.86,+0007.81,-0001.95,-0004.88,+0006.81,+0008.35,-0015.62
+1580602841.87,-0003.91,+0000.98,-0005.86,-0007.20,-0001.38,-0015.47
+1580602841.87,+0017.58,-0000.98,-0004.88,-0001.99,+0008.58,-0013.70
+1580602841.88,-0001.95,-0002.93,-0007.81,-0010.34,+0001.61,-0010.49
+1580602841.88,-0010.74,+0000.00,-0004.88,+0011.79,-0001.15,-0008.42
+1580602841.89,+0001.95,+0003.91,-0004.88,-0007.35,+0000.38,-0013.78
+1580602841.89,+0000.98,-0005.86,-0005.86,+0002.91,+0000.54,-0006.89
+1580602841.90,-0004.88,+0000.98,-0005.86,-0005.44,-0003.06,-0005.74
+1580602841.90,-0006.84,+0000.00,-0005.86,+0000.31,+0001.76,-0006.35
+1580602841.91,-0006.84,-0000.98,-0006.84,+0000.31,-0000.31,-0008.96
+1580602841.91,-0006.84,-0000.98,-0006.84,-0000.38,-0003.98,-0007.20
+1580602841.92,-0000.98,-0000.98,-0006.84,-0001.84,-0003.68,-0004.90
+1580602841.92,-0006.84,-0001.95,-0007.81,-0002.30,+0003.68,-0008.65
+1580602841.93,-0014.65,+0000.00,-0006.84,+0000.23,-0003.60,-0015.93
+1580602841.93,-0001.95,+0000.98,-0005.86,-0001.45,-0002.99,-0014.78
+1580602841.94,+0002.93,-0002.93,-0005.86,-0003.75,-0000.77,-0008.88
+1580602841.94,-0009.77,+0000.98,-0006.84,-0005.44,-0010.87,+0002.53
+1580602841.95,-0003.91,+0001.95,-0006.84,+0006.05,+0010.18,-0019.98
+1580602841.95,-0009.77,+0000.00,-0008.79,-0008.27,-0008.73,-0005.59
+1580602841.96,-0000.98,-0000.98,-0006.84,+0005.74,+0003.37,-0012.71
+1580602841.96,-0005.86,+0000.98,-0006.84,+0001.45,-0000.84,-0008.73
+1580602841.97,-0000.98,+0000.98,-0006.84,+0002.53,+0000.23,-0011.56
+1580602841.97,-0002.93,+0000.98,-0006.84,-0003.22,-0003.29,-0014.09
+1580602841.98,+0000.00,+0000.98,-0004.88,+0002.07,-0003.83,-0009.88
+1580602841.98,-0000.98,+0001.95,-0005.86,-0000.84,+0003.14,-0013.86
+1580602841.99,-0005.86,-0000.98,-0003.91,+0001.61,-0008.35,-0004.67
+1580602841.99,+0009.77,+0001.95,-0003.91,+0001.53,+0001.45,-0011.79
+1580602842.00,-0005.86,-0001.95,-0004.88,+0001.38,-0001.15,-0008.19
+1580602842.00,-0004.88,+0001.95,-0003.91,+0001.00,+0002.91,-0013.40
+1580602842.01,-0002.93,+0000.00,-0002.93,-0001.91,-0002.22,-0011.56
+1580602842.01,+0001.95,-0001.95,-0002.93,+0001.76,+0001.76,-0008.35
+1580602842.02,-0006.84,-0000.98,-0004.88,-0000.92,+0000.46,-0008.58
+1580602842.02,-0002.93,+0000.00,-0004.88,+0002.60,-0001.99,-0005.51
+1580602842.03,-0000.98,-0002.93,-0004.88,-0001.45,+0002.53,-0007.43
+1580602842.03,-0006.84,-0000.98,-0003.91,-0002.91,-0002.53,-0009.11
+1580602842.04,-0006.84,-0000.98,-0003.91,-0000.23,-0001.53,-0005.67
+1580602842.04,-0003.91,-0001.95,-0003.91,+0001.07,+0007.96,-0013.78
+1580602842.05,-0013.67,-0002.93,-0003.91,-0003.22,+0000.00,-0011.94
+1580602842.05,-0005.86,+0000.00,-0003.91,-0003.14,+0002.37,-0011.48
+1580602842.06,-0005.86,-0003.91,-0004.88,-0002.30,+0000.61,-0012.86
+1580602842.06,-0003.91,-0003.91,-0003.91,+0002.68,-0002.14,-0004.21
+1580602842.07,-0007.81,-0001.95,-0004.88,-0001.07,-0002.91,-0009.03
+1580602842.07,-0006.84,-0002.93,-0004.88,+0000.46,-0001.23,-0007.96
+1580602842.08,-0002.93,-0002.93,-0004.88,-0003.37,+0002.91,-0013.55
+1580602842.08,+0000.98,-0004.88,-0004.88,-0001.30,-0003.98,-0006.20
+1580602842.09,-0001.95,-0001.95,-0004.88,-0001.30,-0003.45,-0014.01
+1580602842.09,+0003.91,-0002.93,-0002.93,+0002.37,-0010.03,-0003.83
+1580602842.10,+0013.67,-0002.93,-0003.91,-0004.06,+0008.27,-0007.20
+1580602842.10,-0016.60,-0003.91,-0004.88,+0001.61,-0004.36,-0007.12
+1580602842.11,+0000.98,+0001.95,-0002.93,+0000.69,+0000.54,-0019.45
+1580602842.11,+0012.70,-0005.86,-0003.91,-0004.06,+0000.08,-0007.81
+1580602842.12,+0003.91,-0007.81,-0004.88,+0006.05,+0002.76,-0011.33
+1580602842.12,-0002.93,-0000.98,-0003.91,-0001.45,-0004.59,-0010.34
+1580602842.13,+0009.77,-0003.91,-0003.91,-0002.76,+0003.29,-0008.80
+1580602842.13,+0001.95,-0008.79,-0004.88,-0000.46,+0005.74,-0012.33
+1580602842.14,+0002.93,-0002.93,-0003.91,+0000.00,+0001.45,-0011.48
+1580602842.14,+0005.86,-0005.86,-0005.86,-0006.81,+0002.14,-0010.57
+1580602842.15,-0000.98,-0011.72,-0005.86,+0005.28,+0001.99,-0016.00
+1580602842.15,+0005.86,-0004.88,-0004.88,-0004.36,-0003.98,-0010.95
+1580602842.16,+0012.70,-0010.74,-0004.88,+0001.00,+0005.59,-0011.41
+1580602842.16,-0002.93,-0010.74,-0006.84,-0001.30,-0000.77,-0009.95
+1580602842.17,+0001.95,-0006.84,-0005.86,+0001.99,-0006.58,-0002.83
+1580602842.17,+0004.88,-0010.74,-0006.84,-0002.68,+0008.04,-0015.77
+1580602842.18,+0000.00,-0014.65,-0005.86,+0003.68,+0000.38,-0005.74
+1580602842.18,-0001.95,-0008.79,-0006.84,-0003.52,+0003.98,-0006.28
+1580602842.19,-0006.84,-0013.67,-0007.81,-0000.84,-0001.23,-0011.41
+1580602842.19,+0002.93,-0012.70,-0007.81,-0001.61,+0005.59,-0015.24
+1580602842.20,-0005.86,-0013.67,-0006.84,-0001.61,-0000.23,-0011.48
+1580602842.20,-0005.86,-0011.72,-0005.86,+0000.69,+0000.69,-0008.58
+1580602842.21,-0005.86,-0013.67,-0005.86,-0000.31,+0003.14,-0013.09
+1580602842.21,-0002.93,-0015.62,-0007.81,+0002.60,+0001.38,-0008.73
+1580602842.22,-0003.91,-0014.65,-0008.79,-0006.66,+0003.68,-0008.80
+1580602842.22,-0014.65,-0014.65,-0008.79,+0002.68,+0002.83,-0015.93
+1580602842.23,-0001.95,-0013.67,-0006.84,-0001.53,+0006.05,-0010.80
+1580602842.23,-0003.91,-0015.62,-0007.81,-0002.68,+0003.90,-0016.08
+1580602842.24,-0011.72,-0015.62,-0006.84,+0001.07,-0005.97,-0007.66
+1580602842.24,+0000.00,-0011.72,-0006.84,+0001.45,+0000.77,-0018.68
+1580602842.25,-0000.98,-0018.55,-0006.84,+0006.05,+0002.37,-0011.25
+1580602842.25,-0006.84,-0011.72,-0005.86,-0003.29,-0002.60,-0012.56
+1580602842.26,+0001.95,-0013.67,-0004.88,-0000.69,-0004.13,-0004.67
+1580602842.26,-0002.93,-0013.67,-0006.84,-0005.28,+0001.91,-0009.57
+1580602842.27,-0010.74,-0014.65,-0005.86,+0006.51,-0001.84,-0014.16
+1580602842.27,+0001.95,-0009.77,-0003.91,-0002.22,-0000.61,-0014.01
+1580602842.28,+0002.93,-0016.60,-0003.91,+0000.38,-0001.00,-0011.48
+1580602842.28,+0002.93,-0011.72,-0003.91,-0003.68,-0003.52,-0006.74
+1580602842.29,+0001.95,-0012.70,-0003.91,+0002.68,+0001.99,-0010.41
+1580602842.29,-0003.91,-0010.74,-0002.93,+0000.23,-0000.38,-0010.72
+1580602842.30,+0000.00,-0010.74,+0000.00,+0000.23,-0004.06,-0010.34
+1580602842.30,+0010.74,-0009.77,+0000.98,+0000.54,+0000.92,-0008.04
+1580602842.31,+0002.93,-0010.74,+0000.98,+0003.14,+0002.07,-0012.71
+1580602842.31,+0000.00,-0007.81,+0001.95,-0004.59,-0006.35,-0006.81
+1580602842.32,+0009.77,-0006.84,+0002.93,-0006.43,+0002.68,-0007.27
+1580602842.32,+0000.98,-0011.72,+0000.98,+0001.68,+0003.22,-0009.65
+1580602842.33,-0003.91,-0004.88,+0001.95,-0001.00,-0002.07,-0006.97
+1580602842.33,+0005.86,-0006.84,+0002.93,+0002.60,+0005.21,-0007.73
+1580602842.34,+0000.00,-0007.81,+0002.93,+0000.77,+0001.53,-0010.80
+1580602842.34,-0007.81,-0003.91,+0004.88,+0002.07,-0006.12,-0008.50
+1580602842.35,+0005.86,-0002.93,+0005.86,-0000.77,+0000.54,-0009.95
+1580602842.35,-0004.88,-0006.84,+0004.88,+0001.61,+0000.92,-0013.02
+1580602842.36,-0004.88,-0001.95,+0005.86,+0000.08,-0006.89,-0000.08
+1580602842.36,+0006.84,-0002.93,+0006.84,+0000.54,+0005.05,-0012.10
+1580602842.37,-0009.77,-0005.86,+0007.81,-0002.45,+0001.45,-0009.49
+1580602842.37,-0003.91,+0000.98,+0008.79,-0000.54,-0002.76,-0014.24
+1580602842.38,+0001.95,-0000.98,+0008.79,-0002.22,+0000.92,-0010.03
+1580602842.38,-0000.98,-0001.95,+0008.79,+0004.21,+0000.84,-0012.17
+1580602842.39,+0003.91,+0000.00,+0009.77,+0003.06,-0000.46,-0005.51
+1580602842.39,+0002.93,+0000.98,+0008.79,-0001.53,+0005.97,-0012.40
+1580602842.40,-0011.72,+0000.00,+0008.79,+0002.76,-0002.76,-0012.71
+1580602842.40,+0000.00,+0005.86,+0009.77,+0005.90,+0000.08,-0017.00
+1580602842.41,+0013.67,+0000.98,+0010.74,+0002.68,+0005.82,-0004.67
+1580602842.41,-0002.93,+0001.95,+0009.77,+0000.00,+0003.06,-0013.25
+1580602842.42,-0009.77,+0006.84,+0012.70,+0003.29,-0002.76,-0008.19
+1580602842.42,+0000.00,+0008.79,+0013.67,-0005.21,-0003.75,-0012.40
+1580602842.43,+0009.77,+0000.98,+0013.67,+0004.67,-0001.76,-0001.91
+1580602842.43,+0001.95,+0006.84,+0011.72,-0001.07,+0007.04,-0013.55
+1580602842.44,-0012.70,+0005.86,+0011.72,-0001.68,-0006.28,-0009.88
+1580602842.44,+0009.77,+0007.81,+0011.72,-0002.22,+0000.38,-0012.71
+1580602842.45,+0004.88,+0001.95,+0011.72,+0001.30,+0003.37,-0010.49
+1580602842.45,-0002.93,+0010.74,+0013.67,+0006.89,-0002.22,-0010.87
+1580602842.46,+0000.98,+0009.77,+0015.62,+0006.81,+0000.31,-0020.29
+1580602842.46,+0002.93,+0007.81,+0016.60,-0001.07,-0008.73,-0004.75
+1580602842.47,+0014.65,+0008.79,+0016.60,+0000.84,+0001.76,-0003.75
+1580602842.47,-0004.88,+0008.79,+0014.65,-0002.22,+0005.67,-0012.86
+1580602842.48,-0006.84,+0010.74,+0016.60,+0004.36,-0000.54,-0010.64
+1580602842.48,+0004.88,+0011.72,+0016.60,-0000.38,+0000.84,-0011.33
+1580602842.49,+0001.95,+0007.81,+0016.60,+0002.68,-0004.52,-0003.68
+1580602842.49,-0000.98,+0010.74,+0016.60,+0002.22,+0002.22,-0017.38
+1580602842.50,-0013.67,+0011.72,+0016.60,-0001.53,-0005.05,-0006.58
+1580602842.50,+0002.93,+0011.72,+0016.60,+0002.83,+0002.45,-0013.02
+1580602842.51,-0001.95,+0007.81,+0015.62,-0004.67,+0000.38,-0009.26
+1580602842.51,-0007.81,+0011.72,+0016.60,-0000.77,-0002.45,-0006.20
+1580602842.52,-0002.93,+0011.72,+0016.60,+0001.23,+0002.60,-0015.62
+1580602842.52,-0005.86,+0009.77,+0015.62,+0001.15,-0006.35,-0006.97
+1580602842.53,-0000.98,+0011.72,+0014.65,-0001.68,-0000.31,-0011.03
+1580602842.53,-0006.84,+0010.74,+0013.67,-0000.23,-0001.30,-0009.26
+1580602842.54,-0000.98,+0010.74,+0014.65,+0001.15,+0000.61,-0009.88
+1580602842.54,+0000.00,+0010.74,+0014.65,-0001.00,+0001.30,-0011.64
+1580602842.55,-0005.86,+0012.70,+0014.65,-0001.61,-0001.84,-0012.94
+1580602842.55,-0001.95,+0011.72,+0014.65,+0000.31,-0000.23,-0014.32
+1580602842.56,+0000.98,+0010.74,+0014.65,-0001.61,-0001.38,-0014.01
+1580602842.56,+0006.84,+0009.77,+0013.67,-0002.07,-0003.29,-0005.13
+1580602842.57,-0004.88,+0010.74,+0010.74,-0004.59,-0000.23,-0010.26
+1580602842.57,-0001.95,+0010.74,+0011.72,+0003.68,-0002.53,-0008.80
+1580602842.58,+0005.86,+0010.74,+0010.74,-0000.23,+0000.08,-0013.17
+1580602842.58,+0004.88,+0007.81,+0010.74,+0003.06,-0001.07,-0008.73
+1580602842.59,+0005.86,+0010.74,+0010.74,-0002.60,+0000.54,-0014.24
+1580602842.59,+0001.95,+0010.74,+0010.74,+0002.37,-0003.37,-0012.17
+1580602842.60,+0012.70,+0011.72,+0011.72,-0000.31,-0002.53,-0008.27
+1580602842.60,+0007.81,+0008.79,+0011.72,-0001.45,-0002.76,-0007.89
+1580602842.61,+0004.88,+0009.77,+0010.74,-0000.61,-0002.83,-0007.35
+1580602842.61,+0005.86,+0009.77,+0010.74,-0002.60,-0001.68,-0012.02
+1580602842.62,+0009.77,+0006.84,+0008.79,+0003.06,+0004.44,-0015.24
+1580602842.62,-0000.98,+0006.84,+0006.84,-0003.06,-0003.98,-0005.28
+1580602842.63,+0004.88,+0007.81,+0005.86,+0004.44,-0002.22,-0009.34
+1580602842.63,+0004.88,+0004.88,+0005.86,-0004.98,+0003.37,-0007.43
+1580602842.63,-0008.79,+0005.86,+0006.84,+0000.77,-0003.68,-0004.06
+1580602842.64,+0000.98,+0008.79,+0006.84,-0000.46,+0001.84,-0013.25
+1580602842.64,-0002.93,+0004.88,+0005.86,-0002.99,-0002.14,-0010.72
+1580602842.65,-0000.98,+0004.88,+0004.88,+0000.31,+0003.52,-0013.93
+1580602842.65,-0010.74,+0006.84,+0004.88,+0001.15,-0001.15,-0008.50
+1580602842.66,-0008.79,+0007.81,+0004.88,+0005.28,-0001.53,-0015.39
+1580602842.66,+0005.86,+0002.93,+0004.88,-0003.14,-0009.11,-0001.91
+1580602842.67,-0003.91,+0003.91,+0002.93,-0005.82,-0000.08,-0012.17
+1580602842.67,-0014.65,+0004.88,+0002.93,+0005.13,-0002.68,-0014.55
+1580602842.68,-0002.93,+0008.79,+0002.93,-0002.30,-0004.13,-0015.54
+1580602842.68,+0007.81,+0000.98,+0000.00,+0004.13,+0004.59,-0011.64
+1580602842.69,-0005.86,+0004.88,-0001.95,-0003.45,-0001.99,-0017.30
+1580602842.69,-0004.88,+0007.81,+0000.98,+0002.53,-0010.49,-0003.60
+1580602842.70,+0008.79,+0006.84,+0001.95,+0000.92,+0007.43,-0013.17
+1580602842.70,-0007.81,+0002.93,+0001.95,+0006.66,-0003.52,-0008.19
+1580602842.71,+0002.93,+0011.72,+0001.95,-0003.29,-0007.96,-0006.89
+1580602842.71,+0004.88,+0005.86,+0000.98,-0000.08,+0008.42,-0017.15
+1580602842.72,-0003.91,+0006.84,+0000.00,-0001.45,-0004.21,-0008.35
+1580602842.72,+0007.81,+0009.77,-0000.98,-0002.07,+0003.06,-0017.07
+1580602842.73,-0002.93,+0006.84,-0001.95,-0003.37,-0003.37,-0010.95
+1580602842.73,+0004.88,+0008.79,-0000.98,+0004.90,-0000.08,-0011.25
+1580602842.74,+0002.93,+0008.79,-0001.95,+0001.07,-0003.29,-0005.74
+1580602842.74,+0005.86,+0007.81,-0000.98,+0003.22,+0001.23,-0009.57
+1580602842.75,+0000.00,+0008.79,-0000.98,-0003.60,-0001.07,-0010.64
+1580602842.75,+0001.95,+0009.77,+0000.00,+0003.22,-0000.08,-0006.35
+1580602842.76,-0001.95,+0009.77,-0000.98,-0003.68,-0002.45,-0011.56
+1580602842.76,+0001.95,+0008.79,-0000.98,+0001.45,-0003.45,-0006.05
+1580602842.77,+0003.91,+0008.79,-0001.95,-0003.52,+0002.22,-0007.12
+1580602842.77,-0002.93,+0007.81,-0001.95,-0001.00,+0001.45,-0005.51
+1580602842.78,-0007.81,+0009.77,-0001.95,-0003.98,-0000.77,-0012.33
+1580602842.78,+0000.00,+0006.84,-0001.95,-0000.23,-0006.89,-0003.22
+1580602842.79,+0001.95,+0006.84,-0004.88,+0001.07,+0006.12,-0012.71
+1580602842.79,-0007.81,+0004.88,-0005.86,+0004.75,+0003.45,-0012.56
+1580602842.80,-0011.72,+0010.74,-0005.86,-0004.21,-0004.90,-0010.34
+1580602842.80,-0003.91,+0006.84,-0004.88,+0001.00,+0003.37,-0015.70
+1580602842.81,+0000.00,+0004.88,-0005.86,+0000.15,-0000.54,-0007.73
+1580602842.81,-0001.95,+0005.86,-0005.86,+0001.84,+0001.00,-0012.10
+1580602842.82,-0009.77,+0008.79,-0005.86,-0002.68,-0000.77,-0011.71
+1580602842.82,-0001.95,+0007.81,-0004.88,+0001.91,-0004.36,-0013.25
+1580602842.83,+0006.84,+0006.84,-0005.86,-0000.31,-0000.84,-0010.26
+1580602842.83,-0005.86,+0005.86,-0007.81,-0002.37,-0000.23,-0011.03
+1580602842.84,-0000.98,+0009.77,-0007.81,+0001.99,-0004.44,-0009.57
+1580602842.84,+0002.93,+0006.84,-0007.81,+0001.99,+0001.84,-0019.52
+1580602842.85,-0005.86,+0006.84,-0006.84,-0000.84,-0008.19,-0010.41
+1580602842.85,+0008.79,+0009.77,-0005.86,+0000.84,+0002.91,-0012.25
+1580602842.86,-0000.98,+0006.84,-0005.86,-0002.91,+0003.68,-0010.57
+1580602842.86,-0002.93,+0008.79,-0005.86,-0000.31,-0002.99,-0009.49
+1580602842.87,+0003.91,+0009.77,-0006.84,-0003.52,-0001.53,-0010.49
+1580602842.87,+0004.88,+0003.91,-0006.84,+0003.45,-0000.77,-0004.82
+1580602842.88,+0000.00,+0006.84,-0007.81,-0001.61,-0004.21,-0010.49
+1580602842.88,-0002.93,+0008.79,-0007.81,+0002.53,-0001.45,-0010.80
+1580602842.89,+0004.88,+0007.81,-0008.79,-0001.76,+0000.38,-0010.41
+1580602842.89,+0002.93,+0004.88,-0007.81,+0005.05,+0001.76,-0015.08
+1580602842.90,+0005.86,+0005.86,-0005.86,+0002.07,+0006.28,-0013.70
+1580602842.90,-0007.81,+0007.81,-0007.81,-0004.52,-0001.15,-0014.09
+1580602842.91,+0000.00,+0006.84,-0006.84,+0002.22,-0002.91,-0007.12
+1580602842.91,+0006.84,+0007.81,-0007.81,-0000.61,+0000.92,-0014.85
+1580602842.92,-0002.93,+0003.91,-0007.81,+0006.58,-0002.83,-0009.88
+1580602842.92,+0000.98,+0008.79,-0007.81,-0003.98,-0001.15,-0004.29
+1580602842.93,-0001.95,+0004.88,-0006.84,+0002.53,+0001.30,-0010.87
+1580602842.93,-0001.95,+0004.88,-0006.84,-0000.15,-0004.75,-0008.19
+1580602842.94,+0006.84,+0004.88,-0007.81,-0000.38,+0001.91,-0008.58
+1580602842.94,-0000.98,+0003.91,-0008.79,-0002.83,+0004.29,-0016.08
+1580602842.95,+0003.91,+0002.93,-0008.79,-0002.37,-0012.63,+0000.15
+1580602842.95,+0000.00,+0005.86,-0010.74,-0008.88,+0001.76,-0005.13
+1580602842.96,-0006.84,+0002.93,-0011.72,+0007.58,+0000.23,-0009.95
+1580602842.96,+0000.00,+0005.86,-0012.70,-0005.97,-0002.91,-0014.01
+1580602842.97,+0006.84,+0000.98,-0011.72,+0003.37,+0000.77,-0010.18
+1580602842.97,+0002.93,+0002.93,-0012.70,-0005.59,-0001.99,-0003.14
+1580602842.98,-0006.84,+0003.91,-0012.70,+0003.83,+0008.73,-0020.37
+1580602842.98,-0003.91,+0001.95,-0013.67,-0009.19,-0012.40,-0002.07
+1580602842.99,+0002.93,+0001.95,-0014.65,-0006.43,+0002.30,-0013.32
+1580602842.99,-0007.81,-0003.91,-0015.62,+0003.98,-0006.74,-0009.03
+1580602843.00,+0003.91,+0003.91,-0014.65,+0000.08,+0002.76,-0011.48
+1580602843.00,-0002.93,-0004.88,-0017.58,-0000.08,-0001.91,-0003.60
+1580602843.01,+0000.98,-0001.95,-0018.55,-0002.14,+0004.44,-0014.47
+1580602843.01,-0008.79,-0002.93,-0019.53,-0006.12,-0004.59,-0010.64
+1580602843.02,+0002.93,-0001.95,-0019.53,+0003.60,+0000.92,-0008.35
+1580602843.02,-0001.95,-0007.81,-0021.48,-0002.22,-0001.00,-0012.25
+1580602843.03,+0000.98,-0004.88,-0021.48,+0000.54,-0004.90,-0011.41
+1580602843.03,+0004.88,-0006.84,-0023.44,-0007.58,+0001.76,-0013.02
+1580602843.04,+0000.98,-0008.79,-0024.41,-0000.84,-0003.06,-0012.63
+1580602843.04,+0003.91,-0006.84,-0025.39,-0005.51,-0005.28,-0007.73
+1580602843.05,+0012.70,-0008.79,-0025.39,-0000.77,+0000.31,-0008.73
+1580602843.05,+0003.91,-0009.77,-0026.37,-0001.15,+0001.45,-0007.35
+1580602843.06,+0009.77,-0006.84,-0024.41,-0002.68,-0001.45,-0007.89
+1580602843.06,+0010.74,-0007.81,-0025.39,-0003.22,+0001.45,-0004.75
+1580602843.07,+0000.98,-0008.79,-0024.41,+0002.37,+0003.83,-0011.33
+1580602843.07,+0007.81,-0006.84,-0023.44,+0001.91,+0005.36,-0009.72
+1580602843.08,+0006.84,-0008.79,-0024.41,-0003.83,+0003.68,-0013.93
+1580602843.08,-0004.88,-0011.72,-0024.41,+0000.84,-0002.14,-0009.03
+1580602843.09,+0001.95,-0006.84,-0023.44,-0000.46,-0001.99,-0011.33
+1580602843.09,+0000.00,-0013.67,-0023.44,+0001.99,+0003.60,-0010.72
+1580602843.10,-0007.81,-0011.72,-0023.44,-0003.60,-0000.92,-0009.19
+1580602843.10,-0003.91,-0011.72,-0023.44,-0002.22,+0000.08,-0008.12
+1580602843.11,-0001.95,-0015.62,-0023.44,-0001.99,+0000.08,-0009.34
+1580602843.11,-0005.86,-0017.58,-0025.39,+0002.68,+0007.27,-0015.16
+1580602843.12,-0024.41,-0012.70,-0025.39,-0004.06,-0000.54,-0014.47
+1580602843.12,-0003.91,-0014.65,-0022.46,+0004.13,-0007.12,-0014.47
+1580602843.13,+0012.70,-0020.51,-0023.44,-0003.22,+0008.96,-0012.33
+1580602843.13,-0014.65,-0019.53,-0025.39,+0001.45,-0006.51,-0005.67
+1580602843.14,-0008.79,-0012.70,-0023.44,+0001.38,-0000.54,-0013.93
+1580602843.14,+0000.98,-0018.55,-0022.46,-0003.06,-0000.38,-0017.69
+1580602843.15,+0005.86,-0021.48,-0023.44,+0003.68,+0002.14,-0011.48
+1580602843.15,-0002.93,-0014.65,-0022.46,-0000.84,-0003.14,-0008.35
+1580602843.16,+0000.00,-0016.60,-0020.51,+0000.61,+0000.08,-0010.87
+1580602843.16,+0004.88,-0017.58,-0020.51,-0002.76,+0001.99,-0010.49
+1580602843.17,+0003.91,-0017.58,-0021.48,+0004.29,+0001.53,-0014.78
+1580602843.17,+0004.88,-0016.60,-0021.48,-0005.21,-0006.05,-0004.44
+1580602843.18,+0004.88,-0016.60,-0020.51,+0005.97,+0003.98,-0018.83
+1580602843.18,+0003.91,-0018.55,-0018.55,+0005.82,-0004.59,-0013.09
+1580602843.19,+0012.70,-0015.62,-0017.58,-0007.50,-0002.22,-0004.44
+1580602843.19,+0004.88,-0017.58,-0019.53,+0002.30,+0007.43,-0014.78
+1580602843.20,+0000.98,-0017.58,-0018.55,+0003.52,+0000.23,-0010.26
+1580602843.20,+0006.84,-0016.60,-0017.58,-0003.37,+0004.13,-0013.63
+1580602843.21,-0000.98,-0019.53,-0016.60,+0001.45,+0000.31,-0015.31
+1580602843.21,+0017.58,-0017.58,-0014.65,+0000.23,-0014.39,+0006.43
+1580602843.22,-0000.98,-0018.55,-0015.62,-0006.28,+0001.30,-0003.52
+1580602843.22,-0012.70,-0018.55,-0013.67,+0006.28,-0003.60,-0008.27
+1580602843.23,+0007.81,-0015.62,-0012.70,-0003.83,-0005.82,-0013.93
+1580602843.23,+0008.79,-0026.37,-0012.70,+0006.12,+0006.81,-0015.31
+1580602843.24,-0013.67,-0019.53,-0012.70,-0003.29,-0009.72,-0001.30
+1580602843.24,+0000.00,-0015.62,-0010.74,+0003.45,+0002.99,-0013.02
+1580602843.25,-0002.93,-0023.44,-0011.72,-0004.59,+0002.07,-0011.25
+1580602843.25,-0002.93,-0023.44,-0010.74,+0002.60,+0000.77,-0013.86
+1580602843.26,-0007.81,-0016.60,-0008.79,-0000.61,-0000.46,-0013.86
+1580602843.26,-0004.88,-0020.51,-0006.84,+0003.52,-0003.83,-0013.48
+1580602843.27,+0009.77,-0020.51,-0006.84,+0000.15,+0006.58,-0013.78
+1580602843.27,-0008.79,-0018.55,-0006.84,+0001.30,-0004.82,-0005.36
+1580602843.28,-0004.88,-0015.62,-0004.88,+0005.36,-0000.77,-0012.86
+1580602843.28,+0007.81,-0016.60,-0002.93,-0003.37,-0004.98,-0012.25
+1580602843.29,+0002.93,-0018.55,-0002.93,+0002.22,+0001.61,-0010.80
+1580602843.29,-0002.93,-0012.70,-0000.98,-0001.00,-0005.97,-0002.60
+1580602843.30,-0000.98,-0012.70,+0000.98,+0004.75,+0006.35,-0020.52
+1580602843.30,-0000.98,-0015.62,+0000.98,-0001.53,-0002.45,-0007.73
+1580602843.31,+0009.77,-0011.72,+0002.93,-0003.22,+0005.21,-0012.40
+1580602843.31,-0008.79,-0012.70,+0001.95,+0001.23,+0003.22,-0012.48
+1580602843.32,-0003.91,-0007.81,+0004.88,+0004.21,-0005.44,-0011.79
+1580602843.32,+0004.88,-0009.77,+0005.86,-0004.59,+0000.08,-0011.41
+1580602843.33,+0001.95,-0011.72,+0006.84,+0004.59,-0000.08,-0006.97
+1580602843.33,-0000.98,-0006.84,+0006.84,-0004.36,-0000.31,-0010.49
+1580602843.34,-0000.98,-0008.79,+0006.84,-0000.38,-0001.38,-0009.88
+1580602843.34,+0000.98,-0008.79,+0005.86,-0000.69,-0003.68,-0006.51
+1580602843.35,+0002.93,-0008.79,+0005.86,+0003.06,+0002.68,-0015.01
+1580602843.35,-0004.88,-0009.77,+0005.86,-0002.68,-0003.06,-0007.89
+1580602843.36,+0004.88,-0007.81,+0007.81,-0005.44,-0000.61,-0008.58
+1580602843.36,-0001.95,-0010.74,+0006.84,+0000.38,+0004.21,-0009.65
+1580602843.37,-0011.72,-0007.81,+0006.84,+0005.90,+0000.61,-0009.65
+1580602843.37,+0003.91,-0006.84,+0007.81,-0003.98,-0008.42,-0010.95
+1580602843.38,+0011.72,-0011.72,+0005.86,+0003.83,+0013.70,-0019.52
+1580602843.38,-0023.44,-0009.77,+0004.88,-0001.53,-0005.74,-0003.52
+1580602843.39,-0004.88,-0001.95,+0006.84,+0004.36,-0002.37,-0017.15
+1580602843.39,+0006.84,-0012.70,+0004.88,+0006.58,+0006.89,-0008.88
+1580602843.40,-0005.86,-0011.72,+0004.88,-0002.30,-0002.83,-0008.73
+1580602843.40,-0004.88,-0002.93,+0005.86,+0002.45,-0006.66,-0009.88
+1580602843.41,+0003.91,-0005.86,+0005.86,-0001.07,+0000.77,-0011.79
+1580602843.41,-0001.95,-0009.77,+0004.88,+0002.76,-0004.98,-0004.29
+1580602843.42,-0000.98,-0001.95,+0005.86,+0001.45,+0001.68,-0009.57
+1580602843.42,-0005.86,-0003.91,+0006.84,-0003.60,+0003.52,-0014.09
+1580602843.43,+0000.00,-0005.86,+0006.84,+0002.30,+0001.61,-0015.31
+1580602843.43,+0003.91,-0002.93,+0007.81,-0002.45,+0001.07,-0008.96
+1580602843.44,-0000.98,-0003.91,+0007.81,+0003.06,+0000.38,-0013.55
+1580602843.44,+0000.00,-0003.91,+0008.79,-0001.07,-0003.45,-0008.65
+1580602843.45,+0001.95,-0002.93,+0009.77,-0000.23,-0001.84,-0007.66
+1580602843.45,+0003.91,-0003.91,+0010.74,+0002.37,-0000.61,-0010.49
+1580602843.46,+0000.00,-0001.95,+0010.74,+0000.92,-0000.61,-0013.25
+1580602843.46,+0006.84,-0002.93,+0010.74,+0002.07,+0003.68,-0013.78
+1580602843.47,+0000.98,-0002.93,+0010.74,-0001.15,-0003.37,-0010.41
+1580602843.47,+0006.84,-0002.93,+0013.67,+0005.51,-0003.90,-0003.06
+1580602843.48,+0007.81,-0001.95,+0013.67,-0000.69,+0007.81,-0018.38
+1580602843.48,+0006.84,-0003.91,+0014.65,+0006.58,-0000.54,-0006.35
+1580602843.49,+0013.67,-0000.98,+0013.67,-0002.45,+0007.66,-0019.14
+1580602843.49,-0001.95,-0006.84,+0015.62,-0001.38,-0006.51,-0006.81
+1580602843.50,+0021.48,+0000.00,+0017.58,+0007.50,-0005.05,-0000.38
+1580602843.50,+0000.00,-0006.84,+0014.65,-0001.15,-0004.75,-0000.54
+1580602843.51,+0007.81,-0002.93,+0016.60,+0007.35,-0002.07,-0003.83
+1580602843.51,+0006.84,-0003.91,+0015.62,-0003.14,+0005.36,-0015.31
+1580602843.52,+0000.98,-0007.81,+0015.62,+0004.59,-0001.15,-0006.81
+1580602843.52,+0010.74,-0003.91,+0015.62,-0003.90,+0003.60,-0010.87
+1580602843.53,-0006.84,-0008.79,+0014.65,+0001.76,+0003.68,-0014.09
+1580602843.53,-0003.91,-0005.86,+0015.62,+0003.22,-0003.45,-0008.96
+1580602843.54,+0002.93,-0006.84,+0016.60,-0001.76,-0000.84,-0005.44
+1580602843.54,-0002.93,-0010.74,+0016.60,+0002.45,+0002.53,-0008.73
+1580602843.55,-0008.79,-0006.84,+0016.60,-0001.45,+0000.00,-0008.04
+1580602843.55,-0002.93,-0007.81,+0015.62,+0001.53,+0005.44,-0015.31
+1580602843.56,-0008.79,-0010.74,+0014.65,-0002.30,-0006.58,-0007.89
+1580602843.56,+0000.98,-0009.77,+0015.62,+0005.59,+0004.90,-0009.49
+1580602843.57,-0013.67,-0008.79,+0016.60,-0004.36,+0004.82,-0017.69
+1580602843.57,-0006.84,-0006.84,+0018.55,+0004.44,-0000.23,-0016.69
+1580602843.58,-0000.98,-0006.84,+0018.55,-0001.23,+0000.61,-0013.40
+1580602843.58,-0000.98,-0008.79,+0020.51,+0003.68,-0000.92,-0005.59
+1580602843.59,-0007.81,-0003.91,+0019.53,+0001.30,-0001.45,-0011.25
+1580602843.59,-0001.95,-0002.93,+0020.51,+0005.05,-0009.34,-0005.59
+1580602843.60,+0014.65,-0004.88,+0019.53,-0001.53,+0004.21,-0010.18
+1580602843.60,-0007.81,-0003.91,+0020.51,+0003.22,+0002.07,-0010.34
+1580602843.61,-0004.88,+0002.93,+0023.44,+0003.68,-0006.51,-0012.40
+1580602843.61,+0013.67,+0001.95,+0026.37,-0000.15,-0001.99,-0015.16
+1580602843.62,+0007.81,-0000.98,+0027.34,+0004.59,+0000.15,-0008.35
+1580602843.62,-0001.95,+0004.88,+0029.30,+0001.99,-0007.12,-0009.95
+1580602843.63,+0002.93,+0007.81,+0030.27,+0003.37,+0003.29,-0014.47
+1580602843.63,+0006.84,+0006.84,+0030.27,+0002.30,-0001.07,-0012.48
+1580602843.64,+0014.65,+0005.86,+0033.20,+0000.69,-0007.81,-0000.77
+1580602843.64,+0001.95,+0008.79,+0033.20,-0002.45,-0004.90,-0004.52
+1580602843.65,+0000.00,+0008.79,+0034.18,+0007.89,-0000.15,-0005.05
+1580602843.65,+0003.91,+0010.74,+0032.23,-0002.60,+0004.52,-0015.54
+1580602843.66,-0003.91,+0008.79,+0034.18,+0004.59,+0002.53,-0009.34
+1580602843.66,+0006.84,+0012.70,+0035.16,-0000.38,+0002.99,-0011.33
+1580602843.67,+0003.91,+0007.81,+0034.18,+0002.60,-0001.99,-0010.87
+1580602843.67,-0000.98,+0008.79,+0034.18,+0002.07,-0001.07,-0005.67
+1580602843.68,-0005.86,+0012.70,+0033.20,+0000.23,-0003.45,-0007.96
+1580602843.68,-0000.98,+0010.74,+0033.20,+0001.84,-0001.00,-0005.05
+1580602843.69,-0005.86,+0010.74,+0033.20,+0004.67,+0010.57,-0018.07
+1580602843.69,-0011.72,+0010.74,+0034.18,+0001.23,-0004.29,-0011.71
+1580602843.70,+0009.77,+0011.72,+0034.18,-0002.37,+0005.97,-0017.00
+1580602843.70,-0012.70,+0004.88,+0031.25,-0000.61,+0000.54,-0003.37
+1580602843.71,-0008.79,+0011.72,+0031.25,+0003.14,-0004.36,-0010.34
+1580602843.71,+0004.88,+0008.79,+0030.27,+0003.68,+0001.76,-0012.86
+1580602843.72,+0003.91,+0003.91,+0028.32,-0005.21,-0003.98,-0001.38
+1580602843.72,-0000.98,+0006.84,+0025.39,+0005.74,+0003.14,-0018.15
+1580602843.73,-0004.88,+0006.84,+0024.41,-0003.68,-0006.43,-0004.67
+1580602843.73,+0004.88,+0007.81,+0024.41,-0007.20,-0003.37,-0010.64
+1580602843.74,+0005.86,+0002.93,+0023.44,+0005.44,-0000.84,-0010.18
+1580602843.74,+0004.88,+0007.81,+0022.46,-0004.06,-0000.15,-0008.88
+1580602843.75,-0000.98,+0005.86,+0021.48,-0000.08,-0003.90,-0006.66
+1580602843.75,+0007.81,+0005.86,+0020.51,+0000.54,+0002.45,-0012.10
+1580602843.76,+0004.88,+0004.88,+0019.53,-0002.68,+0000.54,-0014.32
+1580602843.76,+0005.86,+0004.88,+0018.55,+0002.22,-0004.52,-0009.34
+1580602843.77,+0009.77,+0003.91,+0015.62,+0001.61,+0008.58,-0017.00
+1580602843.77,-0004.88,+0003.91,+0015.62,+0001.15,-0004.82,-0012.63
+1580602843.78,+0012.70,+0005.86,+0016.60,+0001.45,-0006.43,-0007.04
+1580602843.78,+0012.70,+0003.91,+0016.60,-0004.06,-0001.99,+0000.69
+1580602843.79,+0002.93,+0000.98,+0016.60,+0005.59,+0005.67,-0010.49
+1580602843.79,-0004.88,+0007.81,+0015.62,-0006.81,-0001.53,-0007.81
+1580602843.80,+0007.81,+0004.88,+0015.62,+0003.06,-0000.61,-0006.12
+1580602843.80,+0004.88,+0000.00,+0013.67,+0001.23,+0007.35,-0013.02
+1580602843.81,-0007.81,+0000.98,+0012.70,+0000.46,-0006.66,-0000.84
+1580602843.81,+0000.98,+0004.88,+0011.72,+0000.92,+0005.21,-0017.07
+1580602843.82,-0006.84,-0001.95,+0011.72,+0003.68,-0003.75,-0007.27
+1580602843.82,+0000.00,+0002.93,+0011.72,-0001.23,+0002.37,-0011.71
+1580602843.83,-0004.88,+0000.98,+0010.74,-0001.76,+0000.46,-0007.35
+1580602843.83,-0005.86,+0000.00,+0010.74,+0004.59,+0001.45,-0011.71
+1580602843.84,-0005.86,+0001.95,+0011.72,+0001.61,+0002.83,-0011.10
+1580602843.84,-0004.88,+0002.93,+0010.74,-0000.77,-0001.23,-0008.88
+1580602843.85,-0002.93,+0000.98,+0009.77,-0001.99,+0000.61,-0011.03
+1580602843.85,-0003.91,+0001.95,+0009.77,+0001.45,-0000.23,-0011.64
+1580602843.86,-0003.91,+0001.95,+0009.77,+0000.92,-0002.83,-0013.55
+1580602843.86,+0000.00,+0003.91,+0008.79,-0003.83,-0002.14,-0010.11
+1580602843.87,+0001.95,+0003.91,+0006.84,+0002.37,+0001.68,-0009.65
+1580602843.87,-0002.93,+0004.88,+0006.84,+0002.91,-0004.06,-0009.80
+1580602843.88,+0000.98,+0006.84,+0008.79,+0001.99,+0002.76,-0016.00
+1580602843.88,+0003.91,+0006.84,+0009.77,-0000.23,-0002.83,-0011.79
+1580602843.89,+0005.86,+0007.81,+0009.77,+0001.15,-0004.44,-0009.11
+1580602843.89,+0002.93,+0009.77,+0008.79,-0000.23,-0003.45,-0008.73
+1580602843.90,+0003.91,+0010.74,+0008.79,+0002.60,-0002.22,-0012.10
+1580602843.90,+0009.77,+0010.74,+0008.79,-0001.30,-0000.84,-0005.13
+1580602843.91,+0000.00,+0011.72,+0009.77,-0004.59,-0004.98,-0007.04
+1580602843.91,+0007.81,+0013.67,+0009.77,+0003.06,+0001.61,-0014.78
+1580602843.92,+0004.88,+0012.70,+0008.79,-0001.91,-0000.23,-0009.49
+1580602843.92,+0005.86,+0011.72,+0009.77,+0000.38,+0000.31,-0010.18
+1580602843.93,+0005.86,+0014.65,+0009.77,-0001.38,-0001.76,-0002.83
+1580602843.93,+0007.81,+0013.67,+0009.77,+0004.29,+0004.44,-0013.70
+1580602843.94,-0001.95,+0012.70,+0008.79,-0006.12,-0002.60,-0002.83
+1580602843.94,+0005.86,+0015.62,+0008.79,-0005.44,+0004.29,-0004.67
+1580602843.95,-0001.95,+0011.72,+0006.84,+0003.37,+0003.75,-0010.87
+1580602843.95,-0008.79,+0013.67,+0006.84,+0000.23,-0005.97,-0004.29
+1580602843.96,+0002.93,+0014.65,+0006.84,+0001.38,+0005.51,-0015.54
+1580602843.96,-0004.88,+0007.81,+0006.84,+0001.68,-0000.69,-0006.43
+1580602843.97,-0002.93,+0012.70,+0006.84,+0001.38,+0001.99,-0011.33
+1580602843.97,-0007.81,+0010.74,+0005.86,-0004.82,-0002.30,-0008.73
+1580602843.98,-0001.95,+0010.74,+0005.86,-0004.21,+0007.27,-0013.93
+1580602843.98,-0009.77,+0008.79,+0003.91,+0000.08,-0000.92,-0012.10
+1580602843.99,-0005.86,+0010.74,+0003.91,-0001.15,-0007.20,-0009.26
+1580602843.99,+0000.98,+0007.81,+0001.95,-0001.15,+0004.67,-0017.23
+1580602844.00,-0003.91,+0006.84,+0000.98,+0001.76,-0001.23,-0013.25
+1580602844.00,-0003.91,+0010.74,+0000.98,+0000.38,+0000.84,-0010.95
+1580602844.01,-0004.88,+0009.77,+0002.93,+0001.53,-0000.46,-0016.23
+1580602844.01,+0005.86,+0010.74,+0004.88,+0000.69,+0006.51,-0011.87
+1580602844.02,-0006.84,+0011.72,+0004.88,-0000.77,+0000.38,-0010.87
+1580602844.02,-0006.84,+0012.70,+0006.84,+0002.30,-0006.74,-0002.91
+1580602844.03,+0004.88,+0013.67,+0004.88,-0000.92,+0001.45,-0012.79
+1580602844.03,-0010.74,+0007.81,+0003.91,+0005.74,-0007.73,-0002.53
+1580602844.04,+0003.91,+0014.65,+0004.88,+0001.07,+0003.29,-0016.23
+1580602844.04,-0000.98,+0010.74,+0003.91,-0002.37,-0003.68,-0009.19
+1580602844.05,-0001.95,+0011.72,+0004.88,+0007.58,+0001.00,-0012.02
+1580602844.05,+0000.98,+0013.67,+0005.86,+0002.45,-0001.23,-0011.18
+1580602844.06,+0000.98,+0014.65,+0007.81,+0001.76,+0002.37,-0017.15
+1580602844.06,+0004.88,+0012.70,+0007.81,+0002.22,-0004.82,-0003.83
+1580602844.07,+0004.88,+0016.60,+0008.79,-0004.06,+0000.77,-0007.27
+1580602844.07,-0004.88,+0014.65,+0009.77,+0006.89,+0001.23,-0011.71
+1580602844.08,-0000.98,+0018.55,+0011.72,-0002.91,-0005.67,-0009.57
+1580602844.08,+0008.79,+0013.67,+0013.67,-0000.31,+0000.00,-0007.43
+1580602844.09,-0004.88,+0014.65,+0012.70,-0002.76,-0005.97,-0001.15
+1580602844.09,-0000.98,+0016.60,+0012.70,+0005.44,+0003.22,-0010.80
+1580602844.10,-0005.86,+0014.65,+0010.74,-0003.68,+0000.23,-0014.24
+1580602844.10,+0002.93,+0013.67,+0011.72,+0000.31,-0003.06,-0006.97
+1580602844.11,+0000.98,+0013.67,+0010.74,+0000.84,+0005.67,-0010.64
+1580602844.11,-0012.70,+0012.70,+0011.72,+0004.06,-0001.23,-0005.90
+1580602844.12,-0005.86,+0016.60,+0011.72,-0000.08,-0000.38,-0011.33
+1580602844.12,+0001.95,+0010.74,+0011.72,+0005.13,+0005.13,-0011.10
+1580602844.13,-0006.84,+0010.74,+0010.74,-0001.15,-0000.38,-0006.43
+1580602844.13,-0013.67,+0013.67,+0009.77,+0001.15,+0001.00,-0012.25
+1580602844.14,-0009.77,+0011.72,+0008.79,+0001.00,-0002.45,-0010.11
+1580602844.14,+0002.93,+0006.84,+0007.81,-0001.23,-0001.30,-0008.12
+1580602844.15,-0006.84,+0006.84,+0004.88,-0003.60,+0002.53,-0009.88
+1580602844.15,-0011.72,+0008.79,+0003.91,+0001.15,-0002.99,-0007.50
+1580602844.16,-0003.91,+0006.84,+0001.95,-0004.06,+0001.99,-0012.25
+1580602844.16,-0008.79,+0003.91,+0000.98,+0002.83,+0002.53,-0012.71
+1580602844.17,-0006.84,+0005.86,+0000.98,-0001.30,-0005.13,-0009.42
+1580602844.17,-0000.98,+0004.88,+0000.98,-0003.90,-0000.15,-0013.86
+1580602844.18,-0003.91,+0001.95,-0000.98,-0001.07,-0001.99,-0009.88
+1580602844.18,+0003.91,+0003.91,-0001.95,-0001.53,-0003.90,-0008.04
+1580602844.19,-0001.95,-0000.98,-0003.91,-0003.60,+0003.06,-0013.78
+1580602844.19,-0000.98,+0000.98,-0004.88,-0004.29,-0004.52,-0005.97
+1580602844.20,+0008.79,+0001.95,-0005.86,-0000.46,+0002.37,-0015.54
+1580602844.20,+0000.98,-0002.93,-0006.84,-0003.75,-0002.37,-0008.12
+1580602844.21,+0011.72,+0000.00,-0008.79,-0006.51,+0003.45,-0013.48
+1580602844.21,+0004.88,-0001.95,-0009.77,+0000.69,+0000.46,-0013.63
+1580602844.22,+0003.91,-0000.98,-0009.77,-0001.61,-0005.67,-0005.74
+1580602844.22,+0010.74,+0000.00,-0010.74,+0000.69,+0000.15,-0015.85
+1580602844.23,+0003.91,-0004.88,-0010.74,+0002.99,+0000.61,-0011.25
+1580602844.23,+0000.00,-0000.98,-0011.72,-0004.75,-0003.60,+0000.15
+1580602844.24,+0003.91,-0000.98,-0010.74,+0003.90,+0005.51,-0009.88
+1580602844.24,-0003.91,-0003.91,-0009.77,-0005.51,-0000.54,-0006.05
+1580602844.25,-0005.86,-0000.98,-0008.79,-0004.44,-0002.14,-0007.96
+1580602844.25,-0000.98,-0001.95,-0010.74,-0001.38,+0004.29,-0015.70
+1580602844.26,-0007.81,-0004.88,-0011.72,-0003.83,-0001.68,-0007.73
+1580602844.26,-0004.88,-0003.91,-0011.72,-0003.83,+0001.91,-0010.72
+1580602844.27,-0006.84,-0004.88,-0012.70,-0002.60,-0001.23,-0011.41
+1580602844.27,-0004.88,-0006.84,-0013.67,+0000.23,-0001.07,-0009.19
+1580602844.28,-0002.93,-0005.86,-0015.62,-0003.98,+0001.61,-0005.74
+1580602844.28,-0008.79,-0004.88,-0016.60,-0000.15,+0001.23,-0011.41
+1580602844.29,-0005.86,-0003.91,-0015.62,-0001.61,-0003.37,-0011.87
+1580602844.29,+0003.91,-0003.91,-0014.65,-0002.68,-0002.45,-0012.02
+1580602844.30,+0000.00,-0003.91,-0015.62,-0001.15,-0001.53,-0008.19
+1580602844.30,-0002.93,-0001.95,-0013.67,+0000.31,-0001.91,-0012.79
+1580602844.31,-0000.98,-0000.98,-0013.67,-0003.22,+0000.15,-0014.62
+1580602844.31,+0005.86,-0002.93,-0014.65,+0000.46,-0004.90,-0010.57
+1580602844.32,+0004.88,-0003.91,-0017.58,+0000.61,+0002.22,-0011.87
+1580602844.32,-0001.95,-0000.98,-0018.55,-0002.14,-0003.06,-0012.71
+1580602844.33,+0008.79,-0000.98,-0017.58,-0001.00,-0005.13,-0014.70
+1580602844.33,+0017.58,-0004.88,-0019.53,+0003.37,+0010.11,-0015.77
+1580602844.34,-0005.86,-0000.98,-0019.53,-0004.36,-0006.35,-0008.65
+1580602844.34,+0003.91,+0000.98,-0016.60,+0002.99,-0001.30,-0012.56
+1580602844.35,+0014.65,+0000.00,-0016.60,-0004.82,-0002.99,-0017.53
+1580602844.35,+0007.81,-0005.86,-0018.55,+0006.20,+0000.54,-0009.95
+1580602844.36,+0001.95,+0001.95,-0018.55,-0006.51,-0004.29,-0012.40
+1580602844.36,+0008.79,-0001.95,-0018.55,-0000.31,-0003.45,-0007.89
+1580602844.37,+0010.74,-0005.86,-0020.51,-0003.83,+0002.07,-0008.35
+1580602844.37,-0002.93,-0003.91,-0021.48,+0000.69,-0000.84,-0001.68
+1580602844.38,-0001.95,-0000.98,-0021.48,+0000.00,+0004.29,-0012.40
+1580602844.38,+0000.98,-0005.86,-0020.51,-0005.13,-0003.83,-0008.19
+1580602844.39,+0007.81,-0005.86,-0019.53,-0001.91,+0005.97,-0011.79
+1580602844.39,-0008.79,-0003.91,-0017.58,-0002.53,-0002.14,-0008.27
+1580602844.40,-0003.91,-0001.95,-0016.60,+0002.91,-0001.84,-0004.06
+1580602844.40,-0004.88,-0003.91,-0018.55,-0002.83,-0001.53,-0010.64
+1580602844.41,-0002.93,-0006.84,-0017.58,+0004.90,-0002.30,-0005.82
+1580602844.41,-0000.98,-0001.95,-0016.60,-0002.68,+0001.84,-0016.23
+1580602844.42,-0011.72,-0004.88,-0015.62,+0000.84,-0001.15,-0009.57
+1580602844.42,-0005.86,-0001.95,-0014.65,-0002.37,-0004.06,-0014.39
+1580602844.43,+0000.98,-0004.88,-0013.67,+0002.91,-0001.15,-0006.51
+1580602844.43,-0003.91,-0001.95,-0012.70,+0001.07,+0003.68,-0010.64
+1580602844.44,-0009.77,+0000.00,-0010.74,-0001.61,-0004.29,-0012.48
+1580602844.44,+0005.86,+0000.98,-0008.79,+0001.53,+0001.38,-0011.03
+1580602844.45,-0001.95,-0001.95,-0008.79,-0000.54,-0000.77,-0009.11
+1580602844.45,-0004.88,+0001.95,-0006.84,+0006.89,-0001.68,-0006.89
+1580602844.46,-0001.95,+0002.93,-0005.86,-0001.38,-0003.60,-0012.63
+1580602844.46,+0002.93,+0000.00,-0004.88,+0002.60,+0000.23,-0007.35
+1580602844.47,+0003.91,+0001.95,-0004.88,-0000.92,+0002.14,-0014.39
+1580602844.47,-0003.91,+0002.93,-0002.93,-0000.69,-0001.45,-0009.88
+1580602844.48,+0005.86,+0003.91,-0000.98,-0003.60,+0000.84,-0012.10
+1580602844.48,+0004.88,+0000.98,-0000.98,+0004.59,+0000.00,-0009.80
+1580602844.49,+0003.91,+0002.93,-0000.98,-0001.15,-0000.46,-0009.72
+1580602844.49,+0000.00,+0003.91,+0000.00,+0001.61,-0002.68,-0008.80
+1580602844.50,+0004.88,+0001.95,+0000.00,-0002.30,+0000.38,-0010.34
+1580602844.50,+0002.93,+0000.98,-0000.98,+0001.76,-0000.31,-0008.35
+1580602844.51,+0001.95,+0001.95,-0000.98,+0001.00,-0001.00,-0007.35
+1580602844.51,-0002.93,+0001.95,-0000.98,-0001.07,-0008.80,-0000.77
+1580602844.52,+0010.74,+0000.00,-0000.98,+0000.31,+0001.68,-0004.82
+1580602844.52,-0002.93,-0001.95,-0001.95,-0002.76,+0006.05,-0007.58
+1580602844.53,-0016.60,+0000.98,-0001.95,+0002.68,-0003.14,-0011.18
+1580602844.53,-0000.98,+0000.98,-0000.98,-0003.37,-0001.45,-0009.65
+1580602844.54,+0002.93,-0006.84,-0001.95,+0000.46,+0004.82,-0011.33
+1580602844.54,-0013.67,-0003.91,-0002.93,-0001.99,+0000.69,-0007.58
+1580602844.55,-0010.74,+0000.98,-0001.95,-0004.06,-0004.06,-0009.65
+1580602844.55,+0000.00,-0006.84,-0003.91,-0000.38,+0001.45,-0010.18
+1580602844.56,-0001.95,-0008.79,-0004.88,+0000.31,-0000.84,-0008.27
+1580602844.56,-0006.84,-0003.91,-0005.86,-0002.68,-0002.37,-0012.86
+1580602844.57,-0003.91,-0003.91,-0005.86,-0005.90,-0003.68,-0010.18
+1580602844.57,+0000.98,-0007.81,-0006.84,+0000.61,+0005.36,-0017.92
+1580602844.58,+0000.00,-0006.84,-0006.84,-0003.37,-0004.44,-0011.10
+1580602844.58,+0002.93,-0003.91,-0007.81,-0002.22,+0002.22,-0009.65
+1580602844.59,-0002.93,-0006.84,-0008.79,+0000.00,-0001.30,-0011.33
+1580602844.59,+0000.00,-0005.86,-0008.79,+0001.07,-0001.23,-0006.43
+1580602844.60,+0004.88,-0004.88,-0008.79,+0001.45,+0002.30,-0013.86
+1580602844.60,+0005.86,-0006.84,-0007.81,+0000.61,+0002.37,-0009.72
+1580602844.61,+0002.93,-0004.88,-0008.79,-0002.53,-0001.23,-0009.26
+1580602844.61,+0002.93,-0003.91,-0009.77,-0001.61,-0000.77,-0011.56
+1580602844.62,+0005.86,-0005.86,-0009.77,-0004.06,-0000.38,-0011.25
+1580602844.62,+0008.79,-0006.84,-0010.74,+0002.14,+0000.15,-0014.24
+1580602844.63,+0004.88,-0005.86,-0010.74,-0003.45,-0001.00,-0009.80
+1580602844.63,+0007.81,-0004.88,-0009.77,+0002.37,-0000.08,-0008.42
+1580602844.64,+0002.93,-0005.86,-0009.77,-0001.38,-0006.12,-0005.44
+1580602844.64,+0010.74,-0004.88,-0009.77,-0000.54,+0000.92,-0002.99
+1580602844.65,+0000.00,-0005.86,-0010.74,-0002.99,+0007.89,-0013.63
+1580602844.65,-0001.95,-0004.88,-0009.77,+0002.45,+0004.21,-0011.33
+1580602844.66,+0003.91,-0003.91,-0009.77,-0006.97,-0003.29,-0007.81
+1580602844.66,+0007.81,-0009.77,-0010.74,+0000.69,-0001.30,+0003.14
+1580602844.67,-0010.74,-0004.88,-0012.70,+0000.84,+0011.03,-0015.01
+1580602844.67,-0012.70,-0004.88,-0010.74,+0006.81,-0003.83,-0013.32
+1580602844.68,+0005.86,-0005.86,-0011.72,-0007.12,+0003.29,-0011.87
+1580602844.68,-0004.88,-0012.70,-0012.70,-0001.00,+0003.29,-0009.57
+1580602844.69,-0012.70,-0001.95,-0011.72,+0000.00,-0000.77,-0010.26
+1580602844.69,-0004.88,-0005.86,-0011.72,-0001.99,+0000.54,-0015.08
+1580602844.70,-0000.98,-0009.77,-0012.70,-0001.76,-0006.89,-0003.83
+1580602844.70,+0000.00,-0004.88,-0013.67,+0002.37,+0005.28,-0006.58
+1580602844.71,-0015.62,-0003.91,-0015.62,+0001.07,-0000.31,-0010.87
+1580602844.71,-0003.91,-0003.91,-0014.65,+0002.83,-0004.06,-0013.40
+1580602844.72,+0005.86,-0008.79,-0014.65,-0005.59,-0001.30,-0012.71
+1580602844.72,+0000.00,-0003.91,-0013.67,-0002.14,+0007.43,-0013.93
+1580602844.73,-0014.65,+0000.00,-0013.67,-0001.76,-0006.28,-0018.07
+1580602844.73,+0000.00,-0002.93,-0011.72,+0000.31,-0002.76,-0009.03
+1580602844.74,+0005.86,-0003.91,-0013.67,-0000.08,+0003.75,-0016.84
+1580602844.74,-0008.79,-0001.95,-0013.67,+0002.91,-0001.15,-0009.72
+1580602844.75,-0001.95,+0001.95,-0012.70,-0003.22,-0002.60,-0010.57
+1580602844.75,+0001.95,-0003.91,-0012.70,+0002.07,+0000.23,-0014.16
+1580602844.76,+0001.95,-0001.95,-0011.72,+0000.54,-0004.44,-0008.65
+1580602844.76,+0001.95,+0000.00,-0011.72,-0000.15,+0001.07,-0011.79
+1580602844.77,-0000.98,-0000.98,-0011.72,-0000.23,+0000.31,-0010.41
+1580602844.77,+0002.93,-0000.98,-0010.74,+0000.69,-0004.21,-0011.25
+1580602844.78,+0008.79,-0001.95,-0009.77,-0002.68,+0002.60,-0010.57
+1580602844.78,+0002.93,-0001.95,-0010.74,+0001.30,-0003.14,-0007.89
+1580602844.79,-0001.95,-0000.98,-0009.77,+0002.53,+0005.67,-0014.70
+1580602844.79,+0001.95,-0001.95,-0008.79,-0002.83,-0006.12,-0010.72
+1580602844.80,+0010.74,-0005.86,-0009.77,+0005.28,+0011.79,-0014.62
+1580602844.80,-0019.53,-0004.88,-0010.74,-0007.73,-0002.53,-0001.00
+1580602844.81,-0003.91,+0000.00,-0009.77,+0007.50,-0002.30,-0011.56
+1580602844.81,+0005.86,-0009.77,-0010.74,+0001.61,+0002.37,-0007.20
+1580602844.82,-0003.91,-0011.72,-0011.72,+0000.77,-0000.69,-0007.96
+1580602844.82,-0008.79,-0004.88,-0010.74,-0002.14,-0001.76,-0007.04
+1580602844.83,-0002.93,-0008.79,-0009.77,-0001.68,-0002.14,-0005.90
+1580602844.83,-0006.84,-0014.65,-0011.72,-0000.38,-0001.91,-0007.43
+1580602844.84,-0003.91,-0009.77,-0010.74,+0001.00,-0000.46,-0012.71
+1580602844.84,-0005.86,-0010.74,-0011.72,-0002.83,+0000.46,-0012.94
+1580602844.85,-0003.91,-0014.65,-0010.74,+0000.92,-0000.08,-0014.39
+1580602844.85,-0003.91,-0013.67,-0011.72,-0002.22,-0004.44,-0003.45
+1580602844.86,-0002.93,-0012.70,-0010.74,+0004.82,+0006.97,-0016.77
+1580602844.86,-0007.81,-0015.62,-0010.74,-0006.35,-0007.50,-0009.49
+1580602844.87,+0009.77,-0013.67,-0009.77,-0005.05,+0002.07,-0020.44
+1580602844.87,-0002.93,-0016.60,-0009.77,+0001.99,-0002.53,-0002.22
+1580602844.88,+0000.00,-0009.77,-0008.79,+0006.66,+0001.38,-0015.77
+1580602844.88,+0000.00,-0015.62,-0008.79,+0005.82,-0000.46,-0011.33
+1580602844.89,+0009.77,-0013.67,-0005.86,-0005.36,-0000.84,-0008.42
+1580602844.89,+0000.98,-0015.62,-0005.86,+0002.30,+0003.45,-0012.10
+1580602844.90,-0003.91,-0009.77,-0003.91,+0003.98,-0001.30,-0011.71
+1580602844.90,+0007.81,-0012.70,-0002.93,+0000.38,+0003.29,-0014.78
+1580602844.91,+0002.93,-0013.67,-0002.93,+0001.84,+0000.23,-0008.65
+1580602844.91,+0002.93,-0011.72,-0000.98,+0002.14,-0003.45,-0005.82
+1580602844.92,+0003.91,-0011.72,+0000.00,+0001.15,+0000.23,-0012.17
