+1580602431.64,+0009.77,+0006.84,+0005.86,-0003.98,-0002.68,-0000.84
+1580602431.65,+0003.91,+0006.84,+0004.88,+0001.38,+0005.28,-0015.62
+1580602431.65,+0004.88,+0006.84,+0004.88,+0005.82,+0002.76,-0008.96
+1580602431.66,+0012.70,+0008.79,+0003.91,-0004.21,-0000.38,-0003.06
+1580602431.66,+0003.91,+0004.88,+0003.91,+0001.99,+0001.38,-0007.73
+1580602431.67,+0000.98,+0007.81,+0003.91,+0000.54,-0001.15,-0007.12
+1580602431.67,+0006.84,+0007.81,+0004.88,+0006.28,+0002.91,-0013.17
+1580602431.68,+0001.95,+0007.81,+0003.91,-0000.54,-0002.53,-0008.50
+1580602431.68,+0000.98,+0005.86,+0004.88,+0002.45,+0000.31,-0008.19
+1580602431.69,+0000.00,+0006.84,+0004.88,+0000.38,-0001.38,-0006.35
+1580602431.69,-0002.93,+0007.81,+0003.91,+0000.23,-0007.50,-0005.59
+1580602431.70,+0004.88,+0007.81,+0002.93,-0002.45,+0004.98,-0016.61
+1580602431.70,-0006.84,+0004.88,+0000.98,-0000.69,-0004.29,-0010.18
+1580602431.71,+0001.95,+0005.86,+0000.98,-0001.76,+0000.92,-0008.58
+1580602431.71,-0002.93,+0003.91,+0000.00,-0001.53,+0001.84,-0013.78
+1580602431.72,-0003.91,+0006.84,-0000.98,-0002.07,-0005.90,-0005.67
+1580602431.72,+0000.98,+0007.81,-0002.93,-0000.77,+0004.29,-0017.30
+1580602431.73,+0002.93,+0004.88,-0003.91,+0002.53,-0002.91,-0001.61
+1580602431.73,+0004.88,+0005.86,-0005.86,-0006.51,+0004.90,-0013.48
+1580602431.74,-0009.77,+0003.91,-0005.86,+0002.30,-0003.60,-0012.86
+1580602431.74,+0002.93,+0009.77,-0004.88,-0002.22,+0004.98,-0018.45
+1580602431.75,+0000.00,+0006.84,-0004.88,-0004.13,-0003.22,-0011.41
+1580602431.75,+0001.95,+0006.84,-0006.84,+0000.77,+0000.00,-0009.34
+1580602431.76,+0000.00,+0004.88,-0007.81,-0005.82,+0003.37,-0015.47
+1580602431.76,+0007.81,+0005.86,-0007.81,-0002.76,+0000.92,-0001.99
+1580602431.77,+0008.79,+0005.86,-0009.77,+0003.68,+0003.75,-0018.99
+1580602431.77,-0004.88,+0003.91,-0009.77,-0005.36,-0008.65,-0003.29
+1580602431.78,+0007.81,+0007.81,-0009.77,-0007.12,+0000.00,-0009.11
+1580602431.78,+0001.95,+0002.93,-0009.77,+0002.14,-0000.77,-0010.87
+1580602431.79,-0000.98,+0005.86,-0009.77,-0003.60,+0002.99,-0005.97
+1580602431.79,-0000.98,+0001.95,-0008.79,-0003.37,-0001.99,-0015.93
+1580602431.80,+0004.88,+0001.95,-0009.77,-0003.52,+0006.28,-0009.65
+1580602431.80,-0007.81,+0000.00,-0011.72,-0003.60,+0000.77,-0005.44
+1580602431.81,-0010.74,+0000.00,-0013.67,+0001.76,+0001.15,-0011.71
+1580602431.81,-0007.81,-0000.98,-0012.70,-0002.45,-0002.45,-0005.36
+1580602431.82,-0002.93,-0002.93,-0012.70,+0002.37,+0008.35,-0016.92
+1580602431.82,-0017.58,-0005.86,-0014.65,-0008.58,-0004.21,-0011.25
+1580602431.83,-0001.95,-0005.86,-0015.62,+0006.20,-0007.35,-0008.58
+1580602431.83,-0005.86,-0007.81,-0018.55,-0001.53,-0003.22,-0009.80
+1580602431.84,-0010.74,-0006.84,-0020.51,+0000.54,-0001.91,-0009.34
+1580602431.84,-0006.84,-0008.79,-0019.53,-0001.84,-0003.60,-0013.86
+1580602431.85,+0002.93,-0008.79,-0019.53,-0001.91,+0008.88,-0015.16
+1580602431.85,-0009.77,-0010.74,-0022.46,-0006.05,-0004.59,-0018.30
+1580602431.86,-0001.95,-0011.72,-0021.48,+0000.15,-0004.98,-0012.02
+1580602431.86,+0012.70,-0009.77,-0021.48,-0003.29,-0000.23,-0013.32
+1580602431.87,+0005.86,-0013.67,-0022.46,-0000.08,+0003.06,-0008.50
+1580602431.87,-0000.98,-0011.72,-0025.39,-0002.60,-0007.96,-0009.95
+1580602431.88,+0010.74,-0011.72,-0025.39,-0000.08,+0001.76,-0013.70
+1580602431.88,+0015.62,-0011.72,-0025.39,-0002.14,-0005.05,-0009.49
+1580602431.89,+0013.67,-0014.65,-0023.44,+0003.22,-0000.31,-0006.58
+1580602431.89,-0000.98,-0013.67,-0023.44,-0005.67,+0004.52,-0021.13
+1580602431.90,+0014.65,-0010.74,-0021.48,+0003.29,-0011.41,-0002.83
+1580602431.90,+0021.48,-0012.70,-0021.48,-0003.29,+0004.98,-0010.64
+1580602431.91,+0001.95,-0018.55,-0021.48,+0003.60,-0004.90,-0008.42
+1580602431.91,+0009.77,-0012.70,-0020.51,-0001.76,+0004.21,-0010.95
+1580602431.92,+0004.88,-0013.67,-0018.55,+0003.06,+0000.61,-0016.77
+1580602431.92,+0013.67,-0013.67,-0015.62,+0002.60,+0008.35,-0009.34
+1580602431.93,-0001.95,-0016.60,-0013.67,+0000.92,-0000.46,-0003.52
+1580602431.93,-0004.88,-0013.67,-0011.72,+0003.68,-0001.07,+0000.69
+1580602431.94,+0000.00,-0011.72,-0010.74,-0004.21,+0002.45,-0010.18
+1580602431.94,-0002.93,-0014.65,-0009.77,+0008.42,+0000.00,-0009.42
+1580602431.95,-0001.95,-0013.67,-0008.79,-0002.68,-0001.30,-0006.81
+1580602431.95,-0004.88,-0014.65,-0006.84,+0004.06,+0002.68,-0011.48
+1580602431.96,-0011.72,-0012.70,-0004.88,+0004.75,+0003.90,-0016.08
+1580602431.96,-0012.70,-0010.74,-0001.95,+0001.00,-0007.43,-0008.88
+1580602431.97,+0003.91,-0011.72,+0000.98,+0002.14,+0000.23,-0006.58
+1580602431.97,-0016.60,-0011.72,+0001.95,+0001.30,-0012.17,-0003.22
+1580602431.98,-0004.88,-0008.79,+0002.93,+0007.96,+0002.22,-0013.40
+1580602431.98,-0002.93,-0006.84,+0004.88,-0003.52,+0003.98,-0017.92
+1580602431.99,-0006.84,-0007.81,+0005.86,+0000.61,-0005.51,-0010.03
+1580602431.99,+0001.95,-0004.88,+0007.81,+0000.23,-0000.77,-0014.09
+1580602432.00,-0007.81,-0005.86,+0008.79,+0005.21,-0001.15,-0016.15
+1580602432.00,+0007.81,-0000.98,+0009.77,+0002.30,-0012.02,+0002.22
+1580602432.01,+0002.93,-0001.95,+0011.72,+0001.76,+0000.00,-0009.19
+1580602432.01,-0011.72,+0000.98,+0014.65,+0006.35,-0001.00,-0008.80
+1580602432.02,+0000.00,+0008.79,+0016.60,+0003.29,+0003.06,-0026.64
+1580602432.02,+0007.81,+0003.91,+0018.55,-0001.53,-0007.73,-0005.90
+1580602432.03,+0007.81,+0001.95,+0017.58,-0002.07,-0000.08,-0009.95
+1580602432.03,-0006.84,-0000.98,+0017.58,+0004.82,+0000.23,-0008.04
+1580602432.04,+0002.93,+0006.84,+0018.55,+0004.75,-0007.81,-0005.05
+1580602432.04,-0000.98,+0005.86,+0019.53,+0005.05,-0012.40,-0003.22
+1580602432.05,+0004.88,+0003.91,+0022.46,+0000.15,+0006.12,-0009.26
+1580602432.05,+0000.98,+0001.95,+0020.51,+0001.00,-0002.30,-0014.47
+1580602432.06,+0000.98,+0002.93,+0018.55,-0000.31,-0001.00,-0005.67
+1580602432.06,+0000.98,+0005.86,+0017.58,-0002.37,+0007.43,-0015.47
+1580602432.07,-0011.72,+0002.93,+0017.58,+0006.66,-0007.43,-0008.42
+1580602432.07,+0004.88,+0002.93,+0018.55,-0002.22,+0000.08,-0003.37
+1580602432.08,+0004.88,-0000.98,+0017.58,-0000.31,-0001.07,-0008.35
+1580602432.08,-0013.67,-0000.98,+0013.67,+0002.60,-0000.77,-0010.11
+1580602432.09,-0008.79,+0001.95,+0012.70,-0005.51,-0006.28,-0011.03
+1580602432.09,+0011.72,-0000.98,+0012.70,-0001.76,-0003.83,-0005.13
+1580602432.10,-0004.88,-0006.84,+0009.77,+0001.45,+0000.08,-0013.40
+1580602432.10,-0020.51,-0004.88,+0006.84,-0003.90,-0007.43,-0005.67
+1580602432.11,+0003.91,-0001.95,+0005.86,+0000.54,+0001.53,-0015.93
+1580602432.11,-0005.86,-0006.84,+0004.88,-0004.44,+0006.81,-0018.53
+1580602432.12,-0000.98,-0006.84,+0003.91,-0001.68,+0003.06,-0010.72
+1580602432.12,-0004.88,-0007.81,+0001.95,-0002.91,+0002.53,-0023.66
+1580602432.13,+0000.98,-0007.81,+0001.95,-0001.99,-0013.17,+0001.23
+1580602432.13,+0008.79,-0004.88,+0000.00,-0005.97,+0004.21,-0009.49
+1580602432.14,-0013.67,-0009.77,-0000.98,+0003.52,-0001.84,-0014.93
+1580602432.14,-0001.95,-0002.93,-0000.98,+0000.00,-0002.83,-0018.45
+1580602432.15,+0018.55,-0006.84,+0000.00,-0005.44,-0007.04,-0005.36
+1580602432.15,-0002.93,-0006.84,-0002.93,-0005.13,-0001.61,-0006.97
+1580602432.16,-0009.77,-0008.79,-0003.91,+0007.43,-0005.51,-0016.15
+1580602432.16,+0014.65,-0003.91,-0000.98,+0000.84,-0003.29,-0008.04
+1580602432.17,+0008.79,-0007.81,+0000.00,+0001.53,-0001.76,-0005.74
+1580602432.17,+0000.98,-0008.79,-0000.98,-0001.68,-0003.68,-0007.50
+1580602432.18,+0003.91,-0008.79,-0000.98,+0001.91,+0001.38,-0012.48
+1580602432.18,+0002.93,-0006.84,+0000.00,-0000.92,+0000.38,-0009.49
+1580602432.19,+0004.88,-0008.79,+0000.00,-0000.84,-0005.82,-0002.53
+1580602432.19,+0010.74,-0011.72,+0000.98,+0001.53,+0005.59,-0010.87
+1580602432.20,-0002.93,-0009.77,+0001.95,-0002.14,-0000.69,-0006.35
+1580602432.20,+0001.95,-0007.81,+0003.91,-0001.99,-0004.44,-0002.22
+1580602432.21,+0010.74,-0008.79,+0004.88,+0002.14,+0006.43,-0009.80
+1580602432.21,-0008.79,-0009.77,+0004.88,-0001.07,+0000.77,-0009.42
+1580602432.22,-0008.79,-0007.81,+0005.86,+0003.22,-0002.45,-0011.87
+1580602432.22,-0000.98,-0006.84,+0007.81,+0001.15,-0006.12,-0011.71
+1580602432.23,+0000.98,-0008.79,+0008.79,+0000.31,+0006.81,-0010.64
+1580602432.23,-0009.77,-0008.79,+0007.81,+0002.14,-0001.68,-0010.03
+1580602432.24,-0009.77,-0005.86,+0007.81,+0003.22,-0005.74,-0004.52
+1580602432.24,+0001.95,-0003.91,+0008.79,-0002.22,+0003.14,-0005.44
+1580602432.25,-0004.88,-0003.91,+0008.79,+0003.83,-0003.22,-0005.36
+1580602432.25,-0006.84,-0004.88,+0010.74,-0002.76,-0000.23,-0008.65
+1580602432.26,+0000.00,-0000.98,+0011.72,+0001.38,-0000.23,-0020.14
+1580602432.26,+0001.95,+0000.00,+0010.74,-0001.23,-0007.43,-0001.61
+1580602432.27,+0002.93,-0000.98,+0010.74,+0007.43,+0005.51,-0017.61
+1580602432.27,-0013.67,+0000.00,+0011.72,-0001.84,+0003.90,-0018.91
+1580602432.28,+0005.86,+0006.84,+0015.62,-0000.61,+0001.45,-0019.91
+1580602432.28,+0012.70,+0002.93,+0018.55,+0000.31,-0003.98,-0002.99
+1580602432.29,-0002.93,+0003.91,+0017.58,+0005.44,+0006.43,-0010.34
+1580602432.29,-0005.86,+0005.86,+0016.60,+0006.43,+0003.37,-0014.93
+1580602432.30,+0000.00,+0009.77,+0016.60,-0000.54,-0004.44,-0005.21
+1580602432.30,+0003.91,+0007.81,+0017.58,+0003.14,+0006.58,-0014.32
+1580602432.31,-0000.98,+0007.81,+0018.55,+0003.14,-0003.37,-0011.03
+1580602432.31,+0000.00,+0007.81,+0018.55,+0004.75,-0004.36,-0004.36
+1580602432.32,+0003.91,+0009.77,+0017.58,+0002.30,+0006.20,-0013.55
+1580602432.32,-0011.72,+0009.77,+0018.55,+0004.36,+0000.15,-0012.71
+1580602432.33,+0000.98,+0013.67,+0022.46,+0001.07,+0004.13,-0013.09
+1580602432.33,+0000.98,+0012.70,+0024.41,+0003.37,-0000.46,-0008.27
+1580602432.34,-0006.84,+0013.67,+0024.41,-0000.38,-0001.30,-0001.68
+1580602432.34,-0000.98,+0014.65,+0022.46,+0004.36,-0004.75,-0004.98
+1580602432.35,-0001.95,+0013.67,+0020.51,+0005.59,+0002.37,-0016.69
+1580602432.35,-0010.74,+0014.65,+0020.51,-0002.68,-0002.14,-0011.03
+1580602432.36,+0000.00,+0016.60,+0021.48,+0006.81,-0003.45,-0012.63
+1580602432.36,-0001.95,+0015.62,+0023.44,+0003.29,-0001.23,-0006.12
+1580602432.37,-0009.77,+0016.60,+0024.41,+0005.44,+0001.84,-0011.48
+1580602432.37,-0009.77,+0019.53,+0025.39,+0000.69,-0003.22,-0014.09
+1580602432.38,-0000.98,+0020.51,+0025.39,+0003.98,-0000.15,-0009.11
+1580602432.38,-0006.84,+0017.58,+0024.41,+0004.75,+0008.19,-0014.16
+1580602432.39,-0021.48,+0019.53,+0022.46,-0003.37,-0006.12,-0009.34
+1580602432.39,-0001.95,+0021.48,+0022.46,+0006.58,-0002.30,-0006.51
+1580602432.40,-0000.98,+0021.48,+0023.44,+0001.07,-0012.79,+0008.65
+1580602432.40,+0002.93,+0017.58,+0024.41,+0005.51,+0010.11,-0011.71
+1580602432.41,-0019.53,+0019.53,+0021.48,-0005.67,-0002.07,-0016.08
+1580602432.41,-0009.77,+0023.44,+0022.46,+0001.76,-0002.22,-0023.28
+1580602432.42,+0012.70,+0023.44,+0023.44,-0004.29,-0000.31,-0014.47
+1580602432.42,+0008.79,+0018.55,+0024.41,+0008.73,+0002.14,-0013.40
+1580602432.43,-0009.77,+0020.51,+0022.46,-0003.06,+0002.60,-0008.19
+1580602432.43,-0002.93,+0024.41,+0022.46,-0001.15,-0001.07,-0010.87
+1580602432.44,+0019.53,+0025.39,+0022.46,+0004.82,-0001.23,-0004.98
+1580602432.44,+0009.77,+0021.48,+0022.46,-0001.99,+0000.61,-0002.76
+1580602432.45,-0000.98,+0019.53,+0020.51,+0000.54,-0002.53,-0002.30
+1580602432.45,+0004.88,+0023.44,+0020.51,-0001.76,-0006.43,-0003.60
+1580602432.46,+0018.55,+0023.44,+0019.53,+0005.51,+0005.36,-0013.17
+1580602432.46,+0001.95,+0018.55,+0017.58,-0005.36,+0004.82,-0010.11
+1580602432.47,+0003.91,+0017.58,+0016.60,+0000.23,+0003.83,-0008.19
+1580602432.47,+0013.67,+0019.53,+0015.62,-0001.84,+0004.29,-0007.96
+1580602432.48,-0003.91,+0016.60,+0014.65,+0001.76,+0003.29,-0010.49
+1580602432.48,-0004.88,+0019.53,+0013.67,+0000.61,-0003.37,-0012.10
+1580602432.49,+0007.81,+0017.58,+0014.65,+0003.68,+0002.83,-0012.02
+1580602432.49,-0003.91,+0014.65,+0013.67,-0001.53,+0006.12,-0009.34
+1580602432.50,-0009.77,+0014.65,+0012.70,+0003.90,-0005.05,-0007.27
+1580602432.50,+0005.86,+0013.67,+0012.70,-0003.75,-0005.74,-0002.22
+1580602432.51,-0000.98,+0011.72,+0009.77,-0003.06,+0005.21,-0015.31
+1580602432.51,-0025.39,+0009.77,+0005.86,-0001.99,-0004.52,-0012.17
+1580602432.52,-0000.98,+0013.67,+0004.88,+0003.06,-0002.91,-0017.92
+1580602432.52,+0010.74,+0007.81,+0003.91,+0005.90,+0005.90,-0016.77
+1580602432.53,-0009.77,+0007.81,+0000.00,-0009.72,-0008.35,-0007.12
+1580602432.53,+0002.93,+0005.86,+0000.00,+0006.81,-0002.68,-0009.72
+1580602432.54,+0001.95,+0010.74,-0001.95,-0004.06,+0003.06,-0010.03
+1580602432.54,-0009.77,+0010.74,-0001.95,+0001.99,-0003.98,-0010.57
+1580602432.54,+0006.84,+0010.74,-0000.98,-0003.14,-0006.97,-0014.24
+1580602432.55,+0020.51,+0007.81,-0000.98,-0002.22,+0003.75,-0009.26
+1580602432.55,+0002.93,+0005.86,-0003.91,-0000.54,+0008.04,-0018.30
+1580602432.56,-0009.77,+0009.77,-0006.84,-0000.61,-0007.35,-0014.32
+1580602432.56,+0011.72,+0011.72,-0004.88,+0001.84,-0001.99,-0014.47
+1580602432.57,+0014.65,+0011.72,-0005.86,+0000.31,+0004.52,-0014.32
+1580602432.57,-0001.95,+0005.86,-0006.84,+0006.12,-0002.07,-0010.26
+1580602432.58,+0004.88,+0007.81,-0006.84,-0002.45,-0000.61,-0009.80
+1580602432.58,+0009.77,+0008.79,-0005.86,+0004.75,+0000.46,-0009.65
+1580602432.59,-0002.93,+0008.79,-0006.84,+0000.54,-0007.66,-0009.95
+1580602432.59,+0000.98,+0005.86,-0005.86,-0002.68,-0002.45,-0002.68
+1580602432.60,+0011.72,+0006.84,-0008.79,+0001.45,+0007.35,-0009.72
+1580602432.60,-0006.84,+0001.95,-0011.72,-0007.66,-0003.75,-0001.91
+1580602432.61,+0004.88,+0002.93,-0011.72,-0003.06,+0011.56,-0017.69
+1580602432.61,-0013.67,+0002.93,-0011.72,-0004.36,-0002.45,-0012.10
+1580602432.62,+0000.98,+0004.88,-0009.77,-0000.08,-0005.51,-0012.33
+1580602432.62,+0009.77,-0002.93,-0011.72,-0005.13,+0008.73,-0012.25
+1580602432.63,-0016.60,-0002.93,-0014.65,-0001.15,+0001.30,-0007.50
+1580602432.63,-0015.62,+0000.00,-0015.62,-0003.14,-0006.89,-0013.40
+1580602432.64,+0002.93,-0001.95,-0016.60,-0002.76,+0002.45,-0016.54
+1580602432.64,-0005.86,-0006.84,-0019.53,-0001.99,-0002.07,-0007.20
+1580602432.65,-0010.74,-0006.84,-0022.46,-0001.68,+0000.92,-0009.72
+1580602432.65,-0006.84,-0007.81,-0024.41,-0007.20,-0006.97,-0006.05
+1580602432.66,+0002.93,-0008.79,-0026.37,-0004.67,+0003.83,-0010.26
+1580602432.66,-0013.67,-0009.77,-0028.32,-0003.90,-0000.54,-0014.24
+1580602432.67,-0006.84,-0007.81,-0029.30,-0001.61,-0008.80,-0005.13
+1580602432.67,+0005.86,-0009.77,-0031.25,-0005.74,+0006.28,-0021.05
+1580602432.68,-0012.70,-0012.70,-0032.23,-0001.68,-0005.28,-0013.48
+1580602432.68,+0000.98,-0010.74,-0032.23,-0002.37,+0003.06,-0017.92
+1580602432.69,+0004.88,-0013.67,-0035.16,-0005.82,-0001.68,-0019.14
+1580602432.69,+0005.86,-0014.65,-0038.09,-0005.05,-0000.84,-0004.75
+1580602432.70,+0010.74,-0017.58,-0040.04,-0006.28,+0009.19,-0009.26
+1580602432.70,-0004.88,-0015.62,-0041.99,+0002.14,-0003.90,-0008.04
+1580602432.71,+0003.91,-0016.60,-0040.04,-0004.59,-0003.75,-0013.02
+1580602432.71,+0012.70,-0016.60,-0038.09,-0008.96,+0002.07,-0016.08
+1580602432.72,+0002.93,-0023.44,-0039.06,+0004.52,-0002.07,-0005.74
+1580602432.72,+0005.86,-0021.48,-0040.04,-0003.90,+0002.60,-0013.17
+1580602432.73,+0005.86,-0023.44,-0041.02,-0003.60,-0003.37,-0014.09
+1580602432.73,+0011.72,-0022.46,-0041.02,-0001.76,+0003.14,-0012.79
+1580602432.74,-0002.93,-0026.37,-0040.04,-0000.23,+0000.15,-0005.44
+1580602432.74,-0000.98,-0023.44,-0038.09,+0003.37,-0000.69,-0007.66
+1580602432.75,+0006.84,-0027.34,-0035.16,+0004.59,+0003.83,-0013.25
+1580602432.75,-0000.98,-0026.37,-0035.16,-0005.21,-0001.07,-0002.68
+1580602432.76,-0000.98,-0028.32,-0034.18,+0002.37,-0001.61,-0011.25
+1580602432.76,-0001.95,-0026.37,-0033.20,-0001.00,+0002.07,-0008.12
+1580602432.77,-0008.79,-0025.39,-0032.23,-0001.15,-0003.83,-0011.33
+1580602432.77,+0006.84,-0025.39,-0029.30,+0003.83,-0004.75,-0001.99
+1580602432.78,-0004.88,-0025.39,-0027.34,+0002.45,+0009.42,-0021.05
+1580602432.78,-0008.79,-0025.39,-0025.39,+0008.04,+0000.84,-0010.64
+1580602432.79,+0000.00,-0019.53,-0024.41,-0001.99,+0001.15,-0015.47
+1580602432.79,-0002.93,-0023.44,-0021.48,+0001.61,-0002.91,-0007.04
+1580602432.80,-0003.91,-0018.55,-0019.53,+0007.43,+0001.23,-0013.09
+1580602432.80,-0002.93,-0019.53,-0015.62,+0009.42,-0003.90,-0010.80
+1580602432.81,+0005.86,-0014.65,-0013.67,-0004.59,-0003.98,-0010.41
+1580602432.81,+0002.93,-0016.60,-0012.70,+0005.44,+0001.23,-0010.72
+1580602432.82,+0001.95,-0011.72,-0011.72,+0004.29,-0005.97,+0001.68
+1580602432.82,+0012.70,-0010.74,-0009.77,+0006.05,+0008.42,-0019.68
+1580602432.83,-0006.84,-0008.79,-0006.84,+0001.38,-0009.95,-0008.96
+1580602432.83,+0015.62,-0003.91,-0002.93,+0006.35,-0003.83,-0007.04
+1580602432.84,+0011.72,-0006.84,-0001.95,+0001.84,+0015.77,-0026.11
+1580602432.84,-0022.46,-0002.93,+0000.98,+0007.66,-0012.86,-0007.66
+1580602432.85,+0015.62,+0003.91,+0004.88,+0006.05,-0002.30,-0018.30
+1580602432.85,+0011.72,+0000.98,+0007.81,+0001.38,-0003.60,-0001.99
+1580602432.86,-0002.93,-0000.98,+0008.79,+0007.50,-0000.08,-0004.59
+1580602432.86,-0000.98,+0003.91,+0008.79,+0000.69,+0001.38,-0011.18
+1580602432.87,-0001.95,+0004.88,+0009.77,+0001.45,-0002.07,-0007.89
+1580602432.87,+0007.81,+0006.84,+0010.74,-0006.58,-0001.07,+0001.53
+1580602432.88,+0000.98,+0001.95,+0009.77,+0007.73,+0003.83,-0004.67
+1580602432.88,-0015.62,+0005.86,+0009.77,-0004.90,+0001.45,-0009.19
+1580602432.89,+0000.00,+0007.81,+0011.72,+0004.67,-0009.03,-0010.72
+1580602432.89,-0000.98,+0007.81,+0012.70,-0003.06,-0001.76,-0013.17
+1580602432.90,-0007.81,+0003.91,+0012.70,+0000.54,+0000.61,-0008.27
+1580602432.90,-0008.79,+0005.86,+0010.74,-0000.77,-0000.31,-0014.47
+1580602432.91,-0005.86,+0004.88,+0009.77,+0006.20,+0000.54,-0013.70
+1580602432.91,-0005.86,+0004.88,+0007.81,-0009.42,-0003.75,-0001.76
+1580602432.92,-0004.88,+0004.88,+0007.81,+0007.04,+0001.00,-0010.87
+1580602432.92,-0012.70,+0003.91,+0005.86,-0010.03,-0000.23,-0007.66
+1580602432.93,+0001.95,+0005.86,+0005.86,-0001.68,+0000.31,-0010.18
+1580602432.93,-0003.91,+0002.93,+0003.91,-0004.67,+0002.53,-0014.78
+1580602432.94,-0003.91,+0004.88,+0003.91,+0002.68,-0006.28,-0005.51
+1580602432.94,+0002.93,+0004.88,+0001.95,-0001.07,-0005.05,-0012.25
+1580602432.95,+0000.00,+0002.93,+0000.00,-0002.07,+0003.37,-0013.32
+1580602432.95,+0000.00,+0002.93,-0001.95,-0001.91,-0003.06,-0013.93
+1580602432.96,+0001.95,+0001.95,-0002.93,-0001.91,+0001.61,-0013.78
+1580602432.96,+0005.86,+0002.93,-0003.91,-0004.21,+0009.88,-0019.06
+1580602432.97,-0006.84,+0000.00,-0004.88,+0000.38,-0005.21,-0011.33
+1580602432.97,+0008.79,+0000.00,-0005.86,-0000.08,-0004.44,-0012.02
+1580602432.98,+0012.70,-0001.95,-0008.79,-0003.37,+0002.76,-0013.32
+1580602432.98,-0009.77,-0003.91,-0010.74,-0003.75,-0002.37,-0009.34
+1580602432.99,+0004.88,-0001.95,-0009.77,+0000.84,-0005.36,-0008.88
+1580602432.99,+0010.74,-0004.88,-0009.77,-0004.82,+0003.98,-0011.87
+1580602433.00,+0000.98,-0006.84,-0011.72,-0003.29,+0002.07,-0009.42
+1580602433.00,-0002.93,-0006.84,-0013.67,-0004.90,-0002.45,-0008.04
+1580602433.01,+0005.86,-0006.84,-0012.70,+0001.61,-0000.08,-0009.57
+1580602433.01,+0006.84,-0008.79,-0012.70,+0001.15,-0002.45,-0001.61
+1580602433.02,+0000.00,-0012.70,-0013.67,-0005.90,+0007.20,-0005.51
+1580602433.02,-0009.77,-0010.74,-0014.65,-0001.07,-0004.06,-0012.33
+1580602433.03,+0003.91,-0010.74,-0013.67,-0003.83,-0002.22,-0005.28
+1580602433.03,-0003.91,-0013.67,-0013.67,-0005.82,-0002.60,-0006.35
+1580602433.04,-0003.91,-0015.62,-0013.67,+0005.97,-0001.45,-0004.82
+1580602433.04,-0004.88,-0012.70,-0014.65,-0006.28,+0007.50,-0018.45
+1580602433.05,-0012.70,-0014.65,-0014.65,+0005.05,-0002.53,-0010.11
+1580602433.05,-0000.98,-0011.72,-0013.67,-0009.42,+0003.90,-0008.58
+1580602433.06,-0004.88,-0016.60,-0013.67,+0000.92,+0001.07,-0013.17
+1580602433.06,-0005.86,-0014.65,-0014.65,-0006.05,-0004.44,+0000.92
+1580602433.07,-0005.86,-0012.70,-0015.62,-0006.35,-0003.06,-0007.96
+1580602433.07,-0004.88,-0014.65,-0014.65,+0001.15,-0000.23,-0014.01
+1580602433.08,-0001.95,-0012.70,-0013.67,-0001.76,+0000.23,-0012.63
+1580602433.08,+0001.95,-0013.67,-0012.70,-0001.91,-0005.44,-0010.41
+1580602433.09,-0000.98,-0011.72,-0012.70,-0004.29,-0003.68,-0009.88
+1580602433.09,-0001.95,-0012.70,-0012.70,+0001.23,+0002.99,-0018.22
+1580602433.10,+0002.93,-0010.74,-0011.72,-0002.45,-0004.06,-0009.34
+1580602433.10,+0002.93,-0011.72,-0012.70,-0001.61,-0003.45,-0009.72
+1580602433.11,+0001.95,-0012.70,-0011.72,+0000.38,+0003.98,-0015.47
+1580602433.11,+0004.88,-0010.74,-0011.72,+0001.00,-0007.12,-0008.04
+1580602433.12,+0009.77,-0009.77,-0011.72,+0000.00,+0002.30,-0010.41
+1580602433.12,+0009.77,-0011.72,-0010.74,-0000.77,-0001.23,-0004.21
+1580602433.13,+0002.93,-0010.74,-0009.77,+0002.14,+0006.89,-0018.53
+1580602433.13,+0003.91,-0009.77,-0006.84,-0000.54,-0012.10,-0000.08
+1580602433.14,+0009.77,-0007.81,-0005.86,-0003.60,-0003.29,-0002.68
+1580602433.14,+0001.95,-0012.70,-0004.88,+0001.45,+0003.06,-0007.12
+1580602433.15,+0002.93,-0009.77,-0003.91,+0001.23,-0001.76,-0005.05
+1580602433.15,-0003.91,-0012.70,-0003.91,-0001.84,+0008.35,-0011.79
+1580602433.16,-0003.91,-0010.74,-0002.93,-0001.91,+0006.43,-0011.10
+1580602433.16,-0004.88,-0011.72,-0002.93,+0004.13,+0001.53,-0014.55
+1580602433.17,-0006.84,-0013.67,-0001.95,-0003.75,-0002.30,-0004.06
+1580602433.17,-0005.86,-0013.67,-0001.95,-0000.54,+0003.45,-0011.41
+1580602433.18,-0013.67,-0013.67,-0001.95,+0002.83,-0004.90,-0015.85
+1580602433.18,-0001.95,-0011.72,+0000.00,+0000.92,-0001.00,-0002.22
+1580602433.19,-0006.84,-0014.65,+0000.00,-0001.68,+0003.22,-0014.16
+1580602433.19,-0013.67,-0013.67,+0000.00,+0002.14,-0006.20,-0004.44
+1580602433.20,+0000.98,-0010.74,+0000.98,+0004.06,+0001.15,-0016.00
+1580602433.20,-0002.93,-0013.67,+0001.95,-0000.38,+0000.69,-0008.19
+1580602433.21,-0008.79,-0011.72,+0002.93,+0000.08,-0001.45,-0016.15
+1580602433.21,-0002.93,-0009.77,+0003.91,+0003.83,-0006.20,-0007.20
+1580602433.22,+0007.81,-0008.79,+0003.91,+0002.53,+0004.36,-0012.10
+1580602433.22,-0000.98,-0010.74,+0003.91,+0001.38,-0001.91,-0009.11
+1580602433.23,+0000.98,-0007.81,+0005.86,+0001.91,-0000.46,-0009.49
+1580602433.23,+0002.93,-0005.86,+0008.79,+0003.68,+0001.76,-0013.63
+1580602433.24,+0000.98,-0004.88,+0009.77,+0002.91,-0001.84,-0010.03
+1580602433.24,+0001.95,-0006.84,+0011.72,+0003.98,-0002.91,-0009.26
+1580602433.25,+0004.88,-0004.88,+0013.67,+0000.15,+0000.54,-0006.28
+1580602433.25,-0001.95,-0003.91,+0013.67,+0004.75,+0007.35,-0017.76
+1580602433.26,-0005.86,-0002.93,+0015.62,+0002.07,-0004.13,-0015.62
+1580602433.26,+0015.62,-0000.98,+0018.55,+0003.22,+0007.43,-0013.78
+1580602433.27,-0000.98,-0002.93,+0018.55,+0002.76,+0002.76,-0012.56
+1580602433.27,-0008.79,-0001.95,+0018.55,+0004.59,-0008.35,-0004.75
+1580602433.28,+0010.74,+0000.98,+0021.48,+0001.38,+0001.84,-0005.90
+1580602433.28,-0003.91,+0000.98,+0022.46,-0000.46,+0000.61,+0005.05
+1580602433.29,-0002.93,+0000.98,+0022.46,+0007.12,+0001.76,-0011.94
+1580602433.29,-0006.84,+0000.98,+0023.44,-0001.61,-0001.23,-0010.18
+1580602433.30,+0000.98,+0003.91,+0025.39,+0000.61,-0004.13,-0006.05
+1580602433.30,+0000.98,+0000.98,+0026.37,+0003.22,+0003.75,-0009.95
+1580602433.31,-0014.65,+0002.93,+0026.37,+0003.60,+0004.21,-0010.95
+1580602433.31,-0009.77,+0005.86,+0027.34,+0003.68,-0004.82,-0013.48
+1580602433.32,+0009.77,+0007.81,+0029.30,-0000.77,+0007.20,-0014.24
+1580602433.32,-0008.79,+0003.91,+0030.27,+0002.83,-0002.68,-0013.63
+1580602433.33,-0000.98,+0006.84,+0031.25,+0000.69,-0009.57,+0002.53
+1580602433.33,+0002.93,+0010.74,+0029.30,+0000.46,+0001.30,-0007.04
+1580602433.34,-0003.91,+0009.77,+0029.30,+0004.21,-0006.66,-0008.04
+1580602433.34,+0001.95,+0012.70,+0030.27,+0002.45,+0002.22,-0014.16
+1580602433.35,+0000.00,+0013.67,+0031.25,+0001.07,-0003.68,-0011.41
+1580602433.35,+0005.86,+0015.62,+0031.25,-0000.54,+0000.08,-0010.64
+1580602433.36,+0003.91,+0013.67,+0032.23,+0003.75,-0001.15,-0012.63
+1580602433.36,+0001.95,+0018.55,+0031.25,+0000.84,+0001.23,-0009.57
+1580602433.37,+0000.98,+0018.55,+0031.25,+0001.23,-0000.84,-0009.95
+1580602433.37,+0004.88,+0017.58,+0031.25,+0000.23,-0004.36,-0006.43
+1580602433.38,+0006.84,+0017.58,+0030.27,-0000.31,+0002.22,-0009.80
+1580602433.38,-0000.98,+0017.58,+0029.30,+0001.07,+0000.38,-0010.41
+1580602433.39,+0001.95,+0020.51,+0029.30,+0002.60,-0004.44,-0013.78
+1580602433.39,+0010.74,+0019.53,+0029.30,+0004.06,+0001.30,-0006.35
+1580602433.40,+0000.98,+0018.55,+0030.27,+0005.21,+0005.44,-0017.84
+1580602433.40,-0000.98,+0018.55,+0030.27,+0007.04,+0007.81,-0021.67
+1580602433.41,+0001.95,+0023.44,+0030.27,-0002.37,-0009.49,-0005.82
+1580602433.41,+0016.60,+0016.60,+0031.25,+0004.75,+0001.84,-0000.54
+1580602433.42,-0006.84,+0018.55,+0028.32,+0002.45,+0007.73,-0017.30
+1580602433.42,-0008.79,+0018.55,+0027.34,+0011.87,+0000.08,-0014.09
+1580602433.43,+0005.86,+0022.46,+0026.37,-0007.96,+0000.31,-0011.56
+1580602433.43,+0002.93,+0016.60,+0027.34,+0008.58,+0003.06,-0002.99
+1580602433.44,-0005.86,+0016.60,+0025.39,+0003.60,-0002.83,-0011.03
+1580602433.44,-0006.84,+0017.58,+0024.41,+0000.15,-0002.91,-0007.96
+1580602433.45,+0004.88,+0019.53,+0023.44,+0003.68,+0001.30,-0009.26
+1580602433.45,-0005.86,+0014.65,+0021.48,-0001.91,+0003.90,-0012.56
+1580602433.46,-0011.72,+0017.58,+0022.46,-0000.38,-0000.54,-0010.80
+1580602433.46,-0003.91,+0018.55,+0022.46,+0000.08,-0000.15,-0012.10
+1580602433.47,-0002.93,+0017.58,+0020.51,-0000.38,+0001.84,-0006.66
+1580602433.47,-0010.74,+0015.62,+0019.53,+0001.61,+0002.53,-0010.49
+1580602433.48,-0009.77,+0018.55,+0018.55,+0001.00,+0001.38,-0017.07
+1580602433.48,-0001.95,+0019.53,+0019.53,+0000.54,-0003.06,-0010.11
+1580602433.49,+0000.98,+0017.58,+0018.55,-0000.61,+0002.14,-0013.09
+1580602433.49,-0006.84,+0016.60,+0017.58,+0004.67,+0001.68,-0015.77
+1580602433.50,-0011.72,+0021.48,+0015.62,-0002.45,+0001.07,-0018.91
+1580602433.50,+0003.91,+0019.53,+0016.60,+0001.68,-0009.88,-0001.99
+1580602433.51,+0006.84,+0018.55,+0015.62,+0003.98,+0008.42,-0015.54
+1580602433.51,-0011.72,+0016.60,+0015.62,+0001.76,-0003.98,-0006.97
+1580602433.52,+0004.88,+0023.44,+0013.67,+0000.23,+0000.54,-0016.54
+1580602433.52,+0004.88,+0018.55,+0012.70,-0006.05,+0000.00,-0013.17
+1580602433.53,+0009.77,+0016.60,+0012.70,-0005.97,-0003.29,-0009.72
+1580602433.53,+0006.84,+0014.65,+0011.72,-0001.07,+0004.36,-0012.48
+1580602433.54,+0000.98,+0018.55,+0010.74,-0003.29,-0008.04,-0006.58
+1580602433.54,+0012.70,+0016.60,+0008.79,+0001.45,+0002.07,-0006.05
+1580602433.55,-0002.93,+0016.60,+0006.84,-0003.14,-0002.53,-0007.12
+1580602433.55,+0006.84,+0016.60,+0006.84,+0007.04,-0002.22,-0008.04
+1580602433.56,+0006.84,+0014.65,+0005.86,-0006.20,+0005.82,-0012.17
+1580602433.56,+0004.88,+0009.77,+0003.91,+0001.84,+0004.98,+0001.61
+1580602433.57,+0000.98,+0013.67,+0000.00,-0003.60,+0013.17,-0022.74
+1580602433.57,-0022.46,+0011.72,+0000.00,+0000.38,-0005.44,-0006.89
+1580602433.58,+0001.95,+0015.62,+0000.98,+0004.67,-0001.23,-0017.92
+1580602433.58,+0004.88,+0004.88,+0000.00,+0001.53,+0000.31,-0007.43
+1580602433.59,-0008.79,+0004.88,-0003.91,-0003.98,+0003.22,-0006.58
+1580602433.59,-0013.67,+0005.86,-0006.84,-0004.44,-0004.36,-0013.55
+1580602433.60,+0000.98,+0004.88,-0009.77,-0001.76,+0001.45,-0008.73
+1580602433.60,-0005.86,+0000.98,-0011.72,-0004.82,+0005.21,-0008.35
+1580602433.61,-0015.62,+0001.95,-0012.70,+0000.61,-0005.59,-0011.25
+1580602433.61,+0001.95,+0001.95,-0013.67,-0005.13,-0003.37,-0011.48
+1580602433.62,+0006.84,+0000.00,-0016.60,-0005.97,+0010.11,-0018.99
+1580602433.62,-0015.62,-0001.95,-0018.55,+0002.53,-0006.74,-0018.22
+1580602433.63,+0015.62,+0000.00,-0018.55,-0000.54,-0016.38,+0001.84
+1580602433.63,+0009.77,+0000.98,-0022.46,-0016.38,-0001.99,-0001.61
+1580602433.64,-0011.72,-0007.81,-0024.41,+0008.42,+0002.53,-0015.62
+1580602433.64,-0002.93,+0002.93,-0024.41,-0007.73,-0003.45,-0019.83
+1580602433.65,+0009.77,+0000.98,-0021.48,-0001.00,+0000.61,-0016.69
+1580602433.65,+0017.58,-0005.86,-0023.44,+0000.15,+0006.81,-0010.11
+1580602433.66,-0007.81,-0005.86,-0025.39,-0000.61,-0000.61,-0012.02
+1580602433.66,-0002.93,-0000.98,-0024.41,+0001.07,-0005.28,-0010.49
+1580602433.67,+0017.58,+0000.00,-0023.44,+0000.38,+0000.23,-0014.55
+1580602433.67,+0011.72,-0006.84,-0022.46,+0000.08,+0006.20,-0007.20
+1580602433.68,-0000.98,-0003.91,-0021.48,-0001.30,-0004.90,-0008.58
+1580602433.68,+0004.88,-0001.95,-0020.51,-0000.77,-0002.99,-0005.28
+1580602433.69,+0005.86,-0000.98,-0021.48,-0005.67,-0002.22,-0005.36
+1580602433.69,+0006.84,-0004.88,-0022.46,+0004.59,-0000.38,-0008.73
+1580602433.70,+0001.95,-0003.91,-0021.48,-0002.37,+0004.06,-0010.49
+1580602433.70,+0000.00,-0005.86,-0020.51,+0000.54,-0005.28,-0009.11
+1580602433.71,+0004.88,-0003.91,-0020.51,-0001.99,+0004.06,-0011.94
+1580602433.71,-0009.77,-0004.88,-0020.51,+0001.07,+0004.29,-0012.86
+1580602433.72,-0006.84,-0002.93,-0018.55,-0001.15,-0006.05,-0006.43
+1580602433.72,+0000.98,-0002.93,-0017.58,-0000.84,+0005.36,-0016.92
+1580602433.73,-0011.72,-0004.88,-0016.60,-0004.21,-0009.88,+0002.37
+1580602433.73,+0001.95,-0002.93,-0015.62,+0004.67,+0004.36,-0013.55
+1580602433.74,-0013.67,-0003.91,-0016.60,-0011.71,-0000.15,-0007.89
+1580602433.74,-0008.79,+0000.98,-0016.60,-0002.99,-0002.68,-0016.69
+1580602433.75,+0000.98,-0001.95,-0014.65,-0000.92,-0004.90,-0005.67
+1580602433.75,+0005.86,+0000.00,-0014.65,+0005.59,+0002.91,-0010.87
+1580602433.76,-0010.74,-0001.95,-0015.62,+0003.29,-0007.89,-0009.26
+1580602433.76,+0001.95,+0002.93,-0013.67,-0000.46,+0000.08,-0015.31
+1580602433.77,+0003.91,+0001.95,-0013.67,-0003.45,-0001.84,-0011.33
+1580602433.77,+0004.88,+0001.95,-0013.67,+0001.84,-0000.77,-0008.58
+1580602433.78,+0000.00,-0000.98,-0013.67,-0002.45,+0002.76,-0016.38
+1580602433.78,+0001.95,+0002.93,-0013.67,+0001.53,-0006.51,-0008.50
+1580602433.79,+0009.77,+0001.95,-0012.70,-0001.99,+0005.05,-0018.60
+1580602433.79,+0007.81,-0000.98,-0012.70,-0000.38,+0002.91,-0008.27
+1580602433.80,+0003.91,-0000.98,-0014.65,+0001.53,-0000.15,-0014.24
+1580602433.80,+0002.93,-0001.95,-0013.67,-0000.23,-0004.90,-0012.10
+1580602433.81,+0011.72,-0001.95,-0012.70,+0002.60,+0001.91,-0012.17
+1580602433.81,+0009.77,-0005.86,-0012.70,-0002.07,+0005.13,-0009.57
+1580602433.82,+0000.98,-0005.86,-0013.67,-0000.15,-0004.59,-0005.67
+1580602433.82,+0002.93,-0005.86,-0014.65,-0001.23,+0002.99,-0009.42
+1580602433.83,+0004.88,-0006.84,-0014.65,-0004.90,+0001.76,-0003.06
+1580602433.83,+0000.00,-0011.72,-0014.65,+0005.44,+0006.43,-0011.41
+1580602433.84,-0007.81,-0011.72,-0014.65,-0007.50,-0002.14,-0008.19
+1580602433.84,-0001.95,-0012.70,-0014.65,+0003.83,+0000.84,-0015.77
+1580602433.85,+0005.86,-0017.58,-0014.65,+0002.22,+0003.45,-0006.05
+1580602433.85,-0008.79,-0018.55,-0015.62,-0005.36,+0001.76,-0010.64
+1580602433.86,-0014.65,-0017.58,-0016.60,-0000.54,-0003.68,-0007.35
+1580602433.86,-0000.98,-0015.62,-0016.60,-0003.37,+0001.61,-0013.93
+1580602433.87,-0003.91,-0019.53,-0016.60,-0000.84,-0008.96,-0003.60
+1580602433.87,+0003.91,-0020.51,-0017.58,+0001.84,+0007.12,-0007.27
+1580602433.88,-0021.48,-0019.53,-0019.53,-0003.98,+0001.15,-0014.70
+1580602433.88,-0006.84,-0018.55,-0018.55,+0001.53,-0001.30,-0015.31
+1580602433.89,+0005.86,-0017.58,-0016.60,-0004.36,+0002.60,-0012.02
+1580602433.89,-0002.93,-0020.51,-0014.65,+0004.06,-0003.37,-0009.72
+1580602433.90,-0004.88,-0017.58,-0014.65,-0003.22,+0001.99,-0011.10
+1580602433.90,-0002.93,-0014.65,-0012.70,-0000.92,-0003.83,-0006.97
+1580602433.91,+0009.77,-0013.67,-0011.72,+0002.37,+0002.99,-0013.78
+1580602433.91,-0001.95,-0014.65,-0010.74,-0003.29,-0002.68,-0008.42
+1580602433.92,+0000.98,-0011.72,-0009.77,+0001.91,-0001.15,-0011.33
+1580602433.92,+0006.84,-0010.74,-0007.81,-0001.45,-0003.83,-0012.94
+1580602433.93,+0009.77,-0009.77,-0004.88,+0003.52,+0002.68,-0008.27
+1580602433.93,+0002.93,-0008.79,-0004.88,+0002.91,-0002.68,-0009.80
+1580602433.94,+0000.98,-0006.84,-0001.95,+0001.68,-0004.90,-0004.13
+1580602433.94,+0009.77,-0004.88,+0001.95,+0005.97,+0002.30,-0013.78
+1580602433.95,+0004.88,-0003.91,+0003.91,+0002.91,+0000.69,-0010.49
+1580602433.95,+0005.86,-0002.93,+0006.84,+0002.30,-0006.51,-0001.23
+1580602433.96,+0010.74,-0001.95,+0008.79,+0005.90,+0007.20,-0008.42
+1580602433.96,-0008.79,+0000.00,+0009.77,+0001.68,+0002.22,-0005.44
+1580602433.97,-0002.93,+0002.93,+0012.70,+0006.51,-0007.27,-0003.22
+1580602433.97,+0005.86,+0001.95,+0014.65,+0002.68,+0006.51,-0012.56
+1580602433.98,-0010.74,+0000.00,+0014.65,-0001.91,-0003.14,-0005.05
+1580602433.98,-0003.91,+0001.95,+0014.65,+0007.35,+0000.31,-0011.18
+1580602433.99,-0009.77,+0001.95,+0014.65,+0001.15,-0006.74,+0000.92
+1580602433.99,-0002.93,+0002.93,+0016.60,+0005.44,+0006.97,-0017.92
+1580602434.00,-0013.67,+0002.93,+0015.62,-0000.84,-0003.98,-0003.83
+1580602434.00,-0012.70,+0006.84,+0014.65,+0002.45,+0005.05,-0015.85
+1580602434.01,-0012.70,+0005.86,+0014.65,+0001.76,-0005.36,-0009.57
+1580602434.01,+0000.00,+0006.84,+0016.60,+0003.14,+0001.99,-0011.41
+1580602434.02,-0009.77,+0004.88,+0013.67,-0005.13,+0002.45,-0009.88
+1580602434.02,-0010.74,+0008.79,+0011.72,-0006.74,+0000.00,-0012.02
+1580602434.03,+0000.00,+0007.81,+0010.74,+0004.52,-0002.53,-0010.80
+1580602434.03,+0000.00,+0007.81,+0010.74,-0000.84,-0000.38,-0010.11
+1580602434.04,-0005.86,+0006.84,+0009.77,+0000.38,-0002.37,-0009.42
+1580602434.04,+0004.88,+0008.79,+0008.79,+0000.54,-0003.29,-0003.98
+1580602434.05,+0006.84,+0007.81,+0006.84,-0001.68,+0004.13,-0014.01
+1580602434.05,-0004.88,+0006.84,+0005.86,-0001.30,-0004.21,-0008.35
+1580602434.06,+0003.91,+0008.79,+0006.84,+0001.53,-0003.29,-0014.85
+1580602434.06,+0004.88,+0007.81,+0008.79,-0004.21,-0002.91,-0012.56
+1580602434.07,+0008.79,+0006.84,+0007.81,+0001.76,+0000.38,-0008.73
+1580602434.07,+0000.98,+0005.86,+0004.88,-0004.67,+0000.46,-0012.79
+1580602434.08,+0000.98,+0004.88,+0002.93,-0004.13,-0001.53,-0011.79
+1580602434.08,+0005.86,+0003.91,+0000.98,-0003.52,-0002.53,-0006.97
+1580602434.09,+0001.95,+0001.95,+0000.00,+0001.23,+0006.43,-0013.55
+1580602434.09,-0001.95,-0000.98,-0001.95,-0002.68,-0003.60,-0002.07
+1580602434.10,-0000.98,+0001.95,-0002.93,-0004.52,-0005.44,-0003.98
+1580602434.10,+0001.95,-0002.93,-0002.93,-0002.07,+0004.13,-0005.51
+1580602434.11,-0003.91,-0002.93,-0004.88,+0001.07,+0000.84,-0010.11
+1580602434.11,-0002.93,-0005.86,-0005.86,+0001.53,-0003.60,-0005.36
+1580602434.12,+0005.86,-0004.88,-0006.84,-0005.97,+0005.44,-0011.03
+1580602434.12,-0011.72,-0008.79,-0009.77,-0003.45,-0001.99,-0011.10
+1580602434.13,+0000.00,-0006.84,-0010.74,-0001.38,-0004.52,-0002.60
+1580602434.13,-0002.93,-0009.77,-0012.70,-0002.60,-0007.12,-0004.98
+1580602434.14,+0001.95,-0013.67,-0014.65,-0000.61,+0003.75,-0014.47
+1580602434.14,-0006.84,-0012.70,-0016.60,-0005.97,-0000.92,-0013.40
+1580602434.15,-0006.84,-0012.70,-0017.58,-0001.30,-0002.83,-0007.89
+1580602434.15,+0003.91,-0013.67,-0018.55,-0006.66,+0002.22,-0015.31
+1580602434.16,+0000.00,-0014.65,-0019.53,-0001.76,-0002.07,-0006.66
+1580602434.16,+0002.93,-0013.67,-0020.51,-0003.14,-0003.14,-0004.06
+1580602434.17,-0000.98,-0013.67,-0021.48,-0002.30,+0000.31,-0011.10
+1580602434.17,-0004.88,-0012.70,-0020.51,+0000.31,-0002.68,-0008.80
+1580602434.18,+0007.81,-0012.70,-0019.53,-0003.06,-0001.84,-0011.79
+1580602434.18,+0002.93,-0013.67,-0019.53,-0001.00,-0002.07,-0014.32
+1580602434.19,+0000.00,-0014.65,-0020.51,+0000.08,-0001.53,-0012.33
+1580602434.19,+0004.88,-0011.72,-0019.53,-0001.76,+0001.84,-0018.68
+1580602434.20,+0003.91,-0012.70,-0018.55,-0001.53,-0002.99,-0011.41
+1580602434.20,+0014.65,-0013.67,-0018.55,-0002.68,+0003.45,-0007.89
+1580602434.21,+0000.00,-0012.70,-0018.55,-0004.13,-0000.23,-0011.56
+1580602434.21,+0001.95,-0009.77,-0016.60,+0002.60,-0002.76,-0010.49
+1580602434.22,+0015.62,-0009.77,-0014.65,+0003.68,+0005.44,-0011.41
+1580602434.22,+0003.91,-0010.74,-0013.67,+0000.31,-0001.68,-0008.12
+1580602434.23,+0002.93,-0009.77,-0012.70,+0001.76,-0006.66,-0003.22
+1580602434.23,+0007.81,-0006.84,-0012.70,+0000.46,+0004.52,-0012.86
+1580602434.24,+0003.91,-0008.79,-0011.72,+0004.67,+0002.45,-0008.04
+1580602434.24,-0002.93,-0006.84,-0010.74,-0000.46,+0000.69,-0007.81
+1580602434.25,-0002.93,-0004.88,-0007.81,+0002.22,+0000.92,-0010.57
+1580602434.25,+0002.93,-0004.88,-0005.86,+0001.68,+0000.15,-0008.12
+1580602434.26,-0006.84,-0006.84,-0005.86,+0002.99,-0000.46,-0008.27
+1580602434.26,-0008.79,-0003.91,-0004.88,+0000.00,+0003.37,-0014.78
+1580602434.27,+0003.91,-0005.86,-0005.86,-0000.46,-0013.48,+0007.04
+1580602434.27,-0013.67,-0004.88,-0006.84,-0007.50,-0001.68,-0011.94
+1580602434.28,-0023.44,-0005.86,-0005.86,+0003.90,-0006.43,-0014.09
+1580602434.28,+0007.81,+0000.00,-0003.91,-0002.07,-0003.37,-0011.48
+1580602434.29,-0005.86,-0008.79,-0004.88,+0000.92,+0009.03,-0015.08
+1580602434.29,-0013.67,-0005.86,-0006.84,+0001.30,-0000.69,-0012.94
+1580602434.30,-0002.93,+0000.98,-0004.88,-0001.61,-0002.22,-0013.40
+1580602434.30,-0000.98,-0002.93,-0003.91,-0002.76,+0002.37,-0011.33
+1580602434.31,-0002.93,-0003.91,-0002.93,-0001.23,-0003.37,-0008.35
+1580602434.31,+0000.98,+0000.00,-0002.93,+0001.00,+0002.76,-0015.93
+1580602434.32,-0001.95,-0000.98,-0003.91,-0004.59,-0005.36,-0008.58
+1580602434.32,+0006.84,-0001.95,-0003.91,+0004.82,+0000.38,-0011.33
+1580602434.33,+0001.95,-0001.95,-0002.93,+0001.91,-0004.36,-0005.90
+1580602434.33,+0007.81,+0000.00,-0001.95,+0000.84,-0001.84,-0013.09
+1580602434.34,+0005.86,-0000.98,-0000.98,-0000.31,-0002.14,-0006.81
+1580602434.34,+0000.98,+0000.00,+0000.98,+0001.00,-0004.67,-0009.34
+1580602434.35,+0002.93,+0000.00,+0001.95,-0001.45,+0003.14,-0014.01
+1580602434.35,+0006.84,+0000.98,+0001.95,+0003.06,+0002.07,-0012.40
+1580602434.36,+0005.86,-0003.91,+0001.95,-0003.68,-0002.68,-0005.21
+1580602434.36,-0001.95,+0000.00,+0001.95,-0007.04,-0007.12,+0000.00
+1580602434.37,+0004.88,-0000.98,+0002.93,+0006.89,+0004.67,-0009.88
+1580602434.37,+0000.98,-0000.98,+0003.91,-0004.13,-0000.38,-0003.75
+1580602434.38,-0007.81,-0002.93,+0005.86,+0000.38,-0004.36,-0001.76
+1580602434.38,-0002.93,+0000.00,+0006.84,+0000.84,+0005.59,-0014.24
+1580602434.39,-0003.91,-0001.95,+0006.84,-0000.38,-0006.58,-0004.36
+1580602434.39,-0001.95,-0003.91,+0004.88,+0002.37,+0006.43,-0014.78
+1580602434.40,-0009.77,-0002.93,+0005.86,+0002.83,+0001.45,-0012.63
+1580602434.40,-0006.84,+0000.00,+0006.84,+0002.45,-0001.07,-0007.27
+1580602434.41,-0005.86,-0001.95,+0007.81,-0002.07,+0001.91,-0011.87
+1580602434.41,-0004.88,-0002.93,+0008.79,-0001.61,+0001.45,-0009.72
+1580602434.42,-0004.88,-0001.95,+0007.81,+0001.07,-0001.68,-0010.95
+1580602434.42,-0008.79,-0000.98,+0006.84,-0000.46,-0000.84,-0009.65
+1580602434.43,-0000.98,-0000.98,+0007.81,+0002.68,-0001.53,-0007.81
+1580602434.43,-0004.88,-0000.98,+0008.79,+0001.38,-0001.91,-0009.19
+1580602434.44,-0002.93,+0000.98,+0008.79,+0000.84,-0000.31,-0015.08
+1580602434.44,-0000.98,+0001.95,+0009.77,-0001.07,+0000.46,-0012.17
+1580602434.45,-0003.91,+0001.95,+0008.79,+0001.00,+0000.15,-0017.00
+1580602434.45,+0007.81,+0000.98,+0008.79,+0004.90,+0005.51,-0016.61
+1580602434.46,-0006.84,+0000.98,+0008.79,-0002.14,-0000.46,-0007.81
+1580602434.46,-0001.95,+0002.93,+0010.74,+0006.74,-0004.44,-0013.17
+1580602434.47,+0010.74,+0003.91,+0010.74,+0002.91,+0002.91,-0013.93
+1580602434.47,-0000.98,+0001.95,+0008.79,+0001.38,-0000.92,-0008.58
+1580602434.48,+0002.93,+0000.98,+0008.79,+0003.45,-0004.98,-0011.87
+1580602434.48,+0005.86,+0004.88,+0010.74,+0002.07,+0001.38,-0012.79
+1580602434.49,+0004.88,+0002.93,+0011.72,+0004.82,-0000.61,-0013.02
+1580602434.49,+0007.81,+0002.93,+0010.74,-0000.54,-0005.74,-0004.21
+1580602434.50,+0004.88,+0002.93,+0011.72,+0001.53,+0005.90,-0014.24
+1580602434.50,-0001.95,+0001.95,+0010.74,-0001.15,-0005.82,-0005.74
+1580602434.51,+0013.67,+0001.95,+0012.70,+0004.67,+0000.54,-0004.67
+1580602434.51,+0001.95,+0000.00,+0011.72,-0004.21,+0006.81,-0005.28
+1580602434.52,-0012.70,+0000.00,+0010.74,+0002.37,-0001.38,-0007.58
+1580602434.52,+0006.84,+0001.95,+0011.72,-0000.15,+0000.00,-0013.09
+1580602434.53,+0006.84,-0001.95,+0011.72,+0000.23,+0002.91,-0008.42
+1580602434.53,-0005.86,-0003.91,+0010.74,+0001.07,-0001.38,-0007.27
+1580602434.54,-0009.77,+0000.00,+0009.77,+0002.76,-0000.38,-0017.84
+1580602434.54,-0003.91,+0000.00,+0010.74,-0001.30,-0006.66,-0004.59
+1580602434.55,+0006.84,-0001.95,+0010.74,+0004.82,+0006.58,-0015.31
+1580602434.55,-0009.77,-0004.88,+0010.74,-0005.59,+0001.68,-0006.51
+1580602434.56,-0006.84,+0000.00,+0009.77,-0005.82,-0001.15,-0009.65
+1580602434.56,-0000.98,-0002.93,+0008.79,+0000.46,+0004.82,-0008.42
+1580602434.57,-0004.88,-0003.91,+0006.84,-0000.61,-0005.44,-0009.57
+1580602434.57,+0000.98,-0003.91,+0007.81,-0002.14,+0005.28,-0021.67
+1580602434.58,-0009.77,-0002.93,+0005.86,-0001.30,-0009.42,-0002.83
+1580602434.58,+0004.88,-0004.88,+0006.84,+0008.73,+0005.36,-0019.75
+1580602434.59,-0003.91,-0004.88,+0005.86,-0006.20,-0003.22,-0012.33
+1580602434.59,+0005.86,-0002.93,+0006.84,-0001.15,+0002.60,-0018.38
+1580602434.60,-0001.95,-0003.91,+0004.88,-0000.08,-0000.84,-0011.64
+1580602434.60,+0002.93,-0001.95,+0004.88,+0004.06,-0002.83,-0010.87
+1580602434.61,+0007.81,-0003.91,+0005.86,-0000.38,+0001.07,-0014.62
+1580602434.61,+0004.88,-0002.93,+0006.84,+0004.21,-0003.22,-0009.03
+1580602434.62,+0004.88,-0000.98,+0005.86,-0000.77,+0000.69,-0015.24
+1580602434.62,+0013.67,-0001.95,+0006.84,+0002.60,-0010.80,-0002.60
+1580602434.63,+0000.00,-0000.98,+0006.84,-0001.76,-0014.24,-0002.99
+1580602434.63,+0009.77,-0001.95,+0007.81,+0003.60,+0004.44,-0007.04
+1580602434.64,+0005.86,+0000.98,+0007.81,-0004.29,+0003.60,-0018.07
+1580602434.64,+0000.98,-0003.91,+0007.81,+0000.31,-0003.14,+0000.23
+1580602434.65,+0003.91,+0000.98,+0007.81,-0004.36,+0002.91,-0003.75
+1580602434.65,-0003.91,-0000.98,+0007.81,+0003.52,-0004.21,-0000.84
+1580602434.66,-0002.93,+0000.00,+0006.84,-0001.00,+0004.06,-0004.90
+1580602434.66,-0008.79,-0001.95,+0007.81,+0001.61,+0000.31,-0007.66
+1580602434.67,-0009.77,+0001.95,+0008.79,+0000.77,+0003.14,-0016.38
+1580602434.67,-0008.79,-0000.98,+0009.77,-0003.52,-0005.21,-0005.05
+1580602434.68,-0006.84,+0000.00,+0008.79,+0005.97,+0006.28,-0015.47
+1580602434.68,-0014.65,-0002.93,+0008.79,+0005.90,-0000.84,-0009.65
+1580602434.69,-0008.79,+0001.95,+0007.81,-0003.83,-0000.92,-0017.76
+1580602434.69,-0005.86,-0001.95,+0007.81,+0000.00,-0002.99,-0002.45
+1580602434.70,-0009.77,+0001.95,+0006.84,-0007.27,-0003.22,-0004.59
+1580602434.70,-0008.79,-0000.98,+0006.84,+0004.44,-0001.00,-0008.73
+1580602434.71,-0006.84,+0004.88,+0005.86,-0004.06,+0001.84,-0016.46
+1580602434.71,+0002.93,+0000.98,+0005.86,-0001.61,-0008.27,-0004.75
+1580602434.72,-0001.95,+0003.91,+0004.88,-0004.82,-0006.43,-0006.51
+1580602434.72,-0004.88,+0002.93,+0005.86,+0004.98,+0004.52,-0015.54
+1580602434.73,-0000.98,+0007.81,+0006.84,-0002.30,-0006.66,-0012.56
+1580602434.73,+0010.74,+0005.86,+0008.79,+0003.52,+0001.23,-0012.25
+1580602434.74,-0001.95,+0006.84,+0006.84,-0002.68,+0002.60,-0013.86
+1580602434.74,-0000.98,+0007.81,+0006.84,+0005.13,-0009.95,-0007.35
+1580602434.75,+0008.79,+0010.74,+0006.84,+0000.92,+0004.21,-0019.37
+1580602434.75,+0002.93,+0008.79,+0006.84,+0004.82,+0001.00,-0011.25
+1580602434.76,+0000.00,+0010.74,+0006.84,-0002.37,-0000.46,-0014.62
+1580602434.76,+0005.86,+0010.74,+0008.79,+0005.05,-0006.12,-0005.82
+1580602434.77,+0005.86,+0013.67,+0007.81,-0004.13,+0002.60,-0010.03
+1580602434.77,-0006.84,+0009.77,+0007.81,+0000.31,-0002.30,-0008.80
+1580602434.78,-0000.98,+0014.65,+0007.81,-0001.99,+0003.06,-0012.33
+1580602434.78,+0000.98,+0011.72,+0008.79,-0004.44,-0002.83,-0009.03
+1580602434.79,+0004.88,+0010.74,+0006.84,-0005.97,-0002.45,+0006.20
+1580602434.79,-0000.98,+0008.79,+0004.88,+0006.51,+0011.33,-0017.46
+1580602434.80,-0016.60,+0009.77,+0001.95,-0010.49,-0013.17,+0002.14
+1580602434.80,+0005.86,+0013.67,+0002.93,-0011.64,-0002.76,-0011.87
+1580602434.81,+0001.95,+0005.86,+0002.93,+0002.53,-0001.23,-0003.29
+1580602434.81,+0000.00,+0008.79,+0002.93,+0000.00,-0001.53,-0007.04
+1580602434.82,-0003.91,+0007.81,+0000.98,-0003.60,-0000.84,-0009.42
+1580602434.82,-0000.98,+0008.79,+0000.98,-0002.07,+0007.20,-0019.68
+1580602434.83,-0001.95,+0007.81,+0000.00,-0006.58,-0011.33,-0004.67
+1580602434.83,+0005.86,+0008.79,-0000.98,+0004.75,+0008.27,-0016.84
+1580602434.84,-0009.77,+0004.88,-0002.93,-0009.34,+0001.30,-0010.49
+1580602434.84,-0001.95,+0007.81,-0003.91,-0004.52,+0002.30,-0013.09
+1580602434.85,+0001.95,+0005.86,-0003.91,-0001.91,+0000.92,-0011.18
+1580602434.85,-0001.95,+0005.86,-0004.88,-0001.38,-0000.31,-0005.97
+1580602434.86,+0000.00,+0004.88,-0005.86,-0002.53,-0000.84,-0006.12
+1580602434.86,+0001.95,+0005.86,-0006.84,+0000.84,+0001.91,-0012.71
+1580602434.87,+0000.00,+0004.88,-0008.79,-0001.30,-0001.91,-0005.13
+1580602434.87,+0002.93,+0004.88,-0010.74,+0001.91,+0001.00,-0010.49
+1580602434.88,-0006.84,+0003.91,-0010.74,-0001.38,-0005.21,-0008.04
+1580602434.88,+0006.84,+0005.86,-0009.77,+0001.23,+0002.45,-0015.01
+1580602434.89,+0000.00,+0001.95,-0009.77,-0003.75,+0003.29,-0018.76
+1580602434.89,+0005.86,+0000.98,-0009.77,+0000.84,+0001.84,-0013.70
+1580602434.90,+0001.95,+0000.00,-0010.74,-0001.68,+0000.31,-0011.94
+1580602434.90,+0001.95,+0000.98,-0010.74,+0001.84,-0003.45,-0010.11
+1580602434.91,+0007.81,+0000.00,-0010.74,-0001.84,+0001.38,-0010.64
+1580602434.91,+0000.98,+0000.00,-0010.74,-0001.99,-0003.22,-0007.12
+1580602434.92,+0000.98,-0000.98,-0011.72,+0000.77,+0002.53,-0008.19
+1580602434.92,+0004.88,-0000.98,-0011.72,+0001.68,-0000.84,-0006.12
+1580602434.93,+0000.98,-0001.95,-0009.77,+0000.54,+0002.99,-0008.88
+1580602434.93,-0001.95,-0002.93,-0007.81,+0002.37,-0002.45,-0006.20
+1580602434.94,+0001.95,-0001.95,-0006.84,+0001.23,+0005.28,-0015.31
+1580602434.94,-0002.93,-0003.91,-0006.84,+0000.54,-0000.46,-0009.72
+1580602434.95,+0004.88,-0004.88,-0006.84,+0000.92,+0008.04,-0008.50
+1580602434.95,-0015.62,-0007.81,-0007.81,-0004.44,+0004.06,-0012.33
+1580602434.96,-0012.70,-0005.86,-0006.84,+0005.21,-0006.20,-0011.18
+1580602434.96,+0011.72,-0005.86,-0004.88,+0000.08,+0007.20,-0013.70
+1580602434.97,-0012.70,-0008.79,-0004.88,+0001.68,-0003.75,-0005.44
+1580602434.97,-0011.72,-0009.77,-0004.88,+0004.36,+0000.08,-0010.72
+1580602434.98,-0001.95,-0005.86,-0002.93,-0003.68,-0000.54,-0017.15
+1580602434.98,+0003.91,-0006.84,-0002.93,+0001.84,+0008.88,-0013.25
+1580602434.99,-0012.70,-0006.84,-0003.91,-0002.76,-0003.06,-0010.57
+1580602434.99,-0004.88,-0006.84,-0002.93,+0006.97,-0000.38,-0011.33
+1580602435.00,+0003.91,-0003.91,-0001.95,-0000.38,+0001.99,-0007.04
+1580602435.00,+0000.98,-0004.88,+0000.00,+0006.74,-0000.15,-0013.32
+1580602435.01,-0000.98,-0005.86,+0000.00,-0007.96,-0006.12,-0001.76
+1580602435.01,+0006.84,-0001.95,+0000.00,+0009.65,+0005.44,-0016.31
+1580602435.02,+0002.93,-0002.93,+0000.00,+0009.57,+0004.29,-0012.17
+1580602435.02,+0000.00,+0000.98,+0000.98,-0004.52,+0000.46,-0016.23
+1580602435.03,+0004.88,-0001.95,+0002.93,+0005.13,-0005.36,-0005.74
+1580602435.03,+0012.70,+0002.93,+0004.88,+0006.28,+0002.53,-0011.48
+1580602435.04,-0005.86,-0000.98,+0004.88,+0005.36,-0001.45,-0013.17
+1580602435.04,+0003.91,+0003.91,+0005.86,-0000.23,-0004.13,-0011.18
+1580602435.05,+0013.67,+0003.91,+0005.86,+0000.54,+0002.45,-0009.88
+1580602435.05,-0003.91,+0004.88,+0004.88,-0004.75,-0006.20,-0002.07
+1580602435.06,+0001.95,+0002.93,+0005.86,+0008.42,+0003.14,-0013.02
+1580602435.06,+0002.93,+0006.84,+0007.81,-0003.75,-0003.29,-0006.43
+1580602435.07,+0002.93,+0005.86,+0006.84,+0002.60,+0002.76,+0000.77
+1580602435.07,-0015.62,+0003.91,+0005.86,-0002.45,-0002.53,-0010.57
+1580602435.08,-0003.91,+0005.86,+0008.79,+0006.58,-0002.07,-0012.25
+1580602435.08,+0008.79,+0007.81,+0008.79,-0000.92,+0002.60,-0010.72
+1580602435.09,-0008.79,+0001.95,+0006.84,-0001.15,+0001.38,-0007.20
+1580602435.09,-0017.58,+0001.95,+0006.84,+0000.69,-0001.30,-0014.78
+1580602435.10,-0004.88,+0004.88,+0006.84,-0002.60,-0002.30,-0011.03
+1580602435.10,+0000.98,+0003.91,+0005.86,+0000.00,+0000.54,-0007.96
+1580602435.11,-0015.62,-0000.98,+0003.91,-0000.31,-0004.44,-0012.10
+1580602435.11,-0010.74,+0000.98,+0002.93,-0002.22,-0006.05,-0009.65
+1580602435.12,+0009.77,+0001.95,+0003.91,+0004.44,-0000.38,-0007.58
+1580602435.12,-0006.84,+0000.98,+0002.93,+0002.60,-0005.21,-0007.20
+1580602435.13,-0007.81,+0000.98,+0002.93,-0002.07,-0004.52,-0007.20
+1580602435.13,+0003.91,+0001.95,+0000.98,+0000.15,+0000.92,-0014.16
+1580602435.14,-0003.91,+0001.95,+0000.98,-0003.98,+0002.76,-0015.16
+1580602435.14,+0000.98,+0001.95,+0000.00,-0000.61,+0002.07,-0015.24
+1580602435.15,+0001.95,+0001.95,-0000.98,+0001.45,+0001.23,-0017.00
+1580602435.15,+0000.98,+0001.95,-0001.95,-0001.15,-0003.75,-0008.80
+1580602435.16,+0006.84,+0001.95,-0003.91,-0002.91,+0000.15,-0009.80
+1580602435.16,+0000.00,+0000.00,-0003.91,-0000.46,+0001.38,-0009.72
+1580602435.17,+0000.98,+0001.95,-0003.91,+0003.14,+0000.61,-0014.01
+1580602435.17,+0008.79,+0000.00,-0002.93,-0005.21,-0004.29,-0008.35
+1580602435.18,+0005.86,+0001.95,-0003.91,-0006.81,-0001.61,-0005.59
+1580602435.18,-0000.98,-0001.95,-0004.88,+0004.21,+0000.54,-0011.25
+1580602435.19,+0005.86,-0000.98,-0004.88,-0005.82,-0002.83,-0006.74
+1580602435.19,+0008.79,-0001.95,-0004.88,-0006.43,+0004.82,-0009.57
+1580602435.20,-0002.93,-0001.95,-0004.88,+0001.23,-0002.68,-0006.20
+1580602435.20,+0000.00,-0000.98,-0003.91,+0002.60,+0003.06,-0010.26
+1580602435.21,+0000.98,-0000.98,-0003.91,-0003.06,-0003.68,-0011.03
+1580602435.21,+0002.93,-0000.98,-0002.93,+0000.08,-0001.00,-0005.59
+1580602435.22,+0000.00,-0001.95,-0002.93,-0000.46,+0000.69,-0015.85
+1580602435.22,-0000.98,-0001.95,-0001.95,+0000.84,-0002.99,-0001.38
+1580602435.23,-0004.88,-0001.95,-0002.93,+0000.08,+0005.90,-0011.48
+1580602435.23,-0008.79,-0000.98,-0001.95,+0000.46,-0007.35,-0002.53
+1580602435.24,+0009.77,-0000.98,-0000.98,+0002.37,+0006.05,-0010.95
+1580602435.24,-0011.72,-0001.95,-0000.98,-0001.99,+0003.06,-0011.56
+1580602435.25,-0011.72,-0000.98,+0000.00,+0003.37,-0002.83,-0011.10
+1580602435.25,+0003.91,+0000.00,+0000.00,+0000.15,+0003.60,-0017.69
+1580602435.26,-0003.91,+0000.98,+0000.98,+0001.23,-0001.99,-0005.90
+1580602435.26,-0004.88,+0000.98,+0000.98,-0000.23,+0002.07,-0013.32
+1580602435.27,+0000.98,+0000.00,+0001.95,+0000.92,+0003.37,-0011.03
+1580602435.27,-0002.93,+0003.91,+0000.98,-0000.31,+0000.23,-0009.26
+1580602435.28,-0002.93,+0001.95,+0001.95,-0002.22,-0002.99,-0008.96
+1580602435.28,+0005.86,+0005.86,+0002.93,-0001.53,+0001.76,-0012.94
+1580602435.29,-0003.91,+0003.91,+0002.93,+0003.45,-0004.52,-0009.95
+1580602435.29,+0007.81,+0005.86,+0002.93,-0001.91,-0000.23,-0007.58
+1580602435.30,+0000.98,+0005.86,+0003.91,+0000.15,+0002.91,-0016.23
+1580602435.30,+0005.86,+0007.81,+0002.93,+0005.13,+0006.43,-0019.91
+1580602435.31,-0002.93,+0007.81,+0002.93,-0002.76,-0004.36,-0011.79
+1580602435.31,+0003.91,+0008.79,+0004.88,+0009.19,+0000.77,-0012.33
+1580602435.32,+0005.86,+0008.79,+0005.86,+0002.22,-0001.61,-0010.11
+1580602435.32,+0003.91,+0007.81,+0005.86,-0000.54,+0002.07,-0006.28
+1580602435.33,+0000.98,+0006.84,+0003.91,-0002.99,+0001.84,-0014.70
+1580602435.33,+0002.93,+0005.86,+0001.95,-0003.83,-0004.06,-0004.98
+1580602435.34,+0003.91,+0005.86,-0000.98,-0004.82,+0000.84,-0011.79
+1580602435.34,-0003.91,+0002.93,-0000.98,+0000.46,-0003.83,-0004.29
+1580602435.35,+0009.77,+0003.91,-0000.98,-0001.30,-0002.68,+0000.46
+1580602435.35,+0000.00,+0001.95,-0002.93,-0001.07,+0000.08,-0006.97
+1580602435.36,-0011.72,+0002.93,-0003.91,-0000.38,-0003.22,-0008.65
+1580602435.36,+0004.88,+0000.98,-0004.88,+0001.38,+0003.37,-0019.91
+1580602435.37,+0000.00,+0000.00,-0004.88,-0005.74,-0001.53,-0011.79
+1580602435.37,-0003.91,-0000.98,-0006.84,-0004.90,+0002.76,-0010.34
+1580602435.38,-0012.70,-0004.88,-0008.79,-0002.91,+0001.53,-0016.69
+1580602435.38,-0005.86,-0003.91,-0010.74,-0002.37,-0002.37,-0011.94
+1580602435.39,+0002.93,-0005.86,-0012.70,-0002.22,+0005.67,-0015.93
+1580602435.39,-0014.65,-0008.79,-0015.62,-0010.64,-0008.42,+0008.58
+1580602435.40,-0003.91,-0010.74,-0018.55,+0002.53,+0006.58,-0011.71
+1580602435.40,-0014.65,-0010.74,-0021.48,-0009.88,-0000.61,-0011.41
+1580602435.41,-0002.93,-0012.70,-0021.48,-0000.08,+0002.83,-0017.38
+1580602435.41,-0000.98,-0013.67,-0022.46,-0003.98,-0001.00,-0014.85
+1580602435.42,-0002.93,-0014.65,-0022.46,+0003.29,-0003.06,-0009.57
+1580602435.42,-0002.93,-0015.62,-0023.44,-0005.97,+0002.60,-0017.30
+1580602435.43,+0000.00,-0015.62,-0023.44,-0001.76,-0003.14,-0005.90
+1580602435.43,+0010.74,-0014.65,-0024.41,-0005.59,+0003.98,-0011.79
+1580602435.44,-0002.93,-0017.58,-0026.37,-0004.90,-0000.92,-0010.80
+1580602435.44,+0006.84,-0016.60,-0027.34,+0001.53,+0004.75,-0014.62
+1580602435.45,+0007.81,-0017.58,-0027.34,-0005.13,-0006.05,-0009.19
+1580602435.45,+0010.74,-0018.55,-0026.37,-0001.45,+0002.14,-0005.51
+1580602435.46,+0001.95,-0018.55,-0025.39,-0001.15,+0003.75,-0015.16
+1580602435.46,+0009.77,-0019.53,-0025.39,+0003.60,+0004.52,-0009.34
+1580602435.47,+0010.74,-0018.55,-0024.41,-0005.74,+0001.38,-0012.63
+1580602435.47,+0002.93,-0021.48,-0023.44,+0003.29,-0000.77,-0007.12
+1580602435.48,+0003.91,-0019.53,-0023.44,-0000.92,+0003.75,-0014.55
+1580602435.48,-0001.95,-0020.51,-0021.48,+0005.90,-0000.61,-0009.34
+1580602435.49,+0007.81,-0019.53,-0019.53,-0004.21,-0002.45,-0001.84
+1580602435.49,+0000.98,-0020.51,-0017.58,+0005.74,+0008.80,-0009.95
+1580602435.50,-0010.74,-0022.46,-0017.58,+0006.12,+0003.06,-0011.87
+1580602435.50,-0001.95,-0019.53,-0015.62,-0002.22,-0004.36,-0006.66
+1580602435.51,+0000.98,-0021.48,-0013.67,+0001.30,+0004.90,-0012.02
+1580602435.51,-0009.77,-0019.53,-0011.72,-0004.36,+0000.15,-0006.89
+1580602435.52,-0011.72,-0022.46,-0010.74,+0005.13,+0000.84,-0016.15
+1580602435.52,-0002.93,-0020.51,-0007.81,-0003.22,-0007.35,-0005.21
+1580602435.53,+0006.84,-0021.48,-0006.84,+0003.75,+0003.68,-0003.06
+1580602435.53,-0028.32,-0021.48,-0006.84,-0003.68,-0007.96,-0012.79
+1580602435.54,-0008.79,-0020.51,-0004.88,+0007.58,-0003.75,-0012.56
+1580602435.54,+0007.81,-0019.53,-0004.88,-0003.52,+0005.28,-0016.61
+1580602435.55,-0011.72,-0019.53,-0003.91,-0000.61,-0005.74,-0007.27
+1580602435.55,-0007.81,-0019.53,-0001.95,+0000.08,+0000.69,-0014.62
+1580602435.56,-0002.93,-0019.53,-0000.98,+0004.29,+0000.08,-0013.48
+1580602435.56,-0000.98,-0016.60,+0000.98,+0000.38,-0000.84,-0010.41
+1580602435.57,+0006.84,-0017.58,+0001.95,+0004.13,+0006.58,-0013.93
+1580602435.57,-0006.84,-0015.62,+0001.95,-0002.07,-0003.68,-0011.25
+1580602435.58,+0008.79,-0015.62,+0003.91,+0003.98,-0010.34,-0000.61
+1580602435.58,+0011.72,-0015.62,+0004.88,-0001.38,+0004.44,-0016.84
+1580602435.59,-0015.62,-0016.60,+0005.86,+0003.83,-0007.12,-0008.12
+1580602435.59,+0005.86,-0012.70,+0007.81,+0004.21,+0005.28,-0024.88
+1580602435.60,+0005.86,-0012.70,+0009.77,+0003.68,-0001.07,-0018.07
+1580602435.60,+0003.91,-0009.77,+0011.72,+0003.22,-0002.07,-0010.18
+1580602435.61,+0001.95,-0013.67,+0013.67,+0002.60,-0000.08,-0010.34
+1580602435.61,+0001.95,-0009.77,+0015.62,+0010.72,+0000.84,-0007.89
+1580602435.62,+0004.88,-0008.79,+0014.65,+0003.90,+0001.45,-0007.50
+1580602435.62,+0002.93,-0006.84,+0014.65,+0001.38,+0000.84,-0007.50
+1580602435.63,-0001.95,-0007.81,+0015.62,+0004.36,-0000.31,-0006.51
+1580602435.63,+0002.93,-0003.91,+0018.55,+0007.20,-0003.98,-0005.90
+1580602435.64,+0001.95,-0005.86,+0021.48,+0007.73,+0003.29,-0010.41
+1580602435.64,-0006.84,-0003.91,+0022.46,+0000.61,-0004.36,-0003.68
+1580602435.65,+0001.95,-0000.98,+0023.44,+0007.35,+0005.13,-0012.79
+1580602435.65,-0005.86,-0000.98,+0024.41,-0001.91,+0000.77,-0015.01
+1580602435.66,-0004.88,+0000.00,+0026.37,+0003.98,+0001.61,-0008.42
+1580602435.66,-0004.88,+0000.98,+0027.34,+0000.31,+0000.46,-0015.93
+1580602435.67,-0004.88,+0002.93,+0028.32,+0007.66,-0005.97,-0001.23
+1580602435.67,-0006.84,+0003.91,+0028.32,+0003.75,+0000.38,-0014.93
+1580602435.68,-0010.74,+0004.88,+0029.30,-0000.54,-0005.21,-0005.05
+1580602435.68,+0005.86,+0007.81,+0029.30,+0002.76,-0000.54,-0007.58
+1580602435.69,-0002.93,+0005.86,+0029.30,-0000.15,+0001.61,-0006.89
+1580602435.69,-0011.72,+0008.79,+0029.30,-0000.08,-0001.38,-0015.08
+1580602435.70,-0001.95,+0010.74,+0030.27,+0000.61,-0001.99,-0018.53
+1580602435.70,+0009.77,+0012.70,+0031.25,+0002.99,+0000.54,-0010.11
+1580602435.71,-0004.88,+0011.72,+0031.25,+0000.15,-0006.81,-0006.97
+1580602435.71,+0001.95,+0012.70,+0032.23,+0003.75,+0004.21,-0012.48
+1580602435.72,+0004.88,+0017.58,+0031.25,-0000.92,+0000.38,-0010.87
+1580602435.72,+0000.98,+0014.65,+0030.27,+0003.14,+0001.38,-0010.26
+1580602435.73,+0000.98,+0016.60,+0030.27,-0002.99,-0002.68,-0011.10
+1580602435.73,+0004.88,+0016.60,+0030.27,+0006.05,+0000.31,-0010.41
+1580602435.74,+0001.95,+0017.58,+0030.27,-0003.60,+0001.53,-0012.40
+1580602435.74,+0003.91,+0017.58,+0030.27,+0000.08,-0001.07,-0010.72
+1580602435.75,+0008.79,+0017.58,+0030.27,+0000.92,-0001.68,-0010.03
+1580602435.75,+0007.81,+0017.58,+0030.27,+0002.14,-0000.77,-0007.27
+1580602435.76,+0000.00,+0018.55,+0029.30,-0000.92,+0001.53,-0013.48
+1580602435.76,+0005.86,+0017.58,+0029.30,+0003.52,+0002.45,-0009.26
+1580602435.77,+0005.86,+0018.55,+0027.34,+0000.15,+0002.45,-0011.64
+1580602435.77,-0002.93,+0015.62,+0026.37,-0000.38,-0001.38,-0009.42
+1580602435.78,+0005.86,+0018.55,+0025.39,-0003.14,+0002.07,-0004.82
+1580602435.78,+0002.93,+0016.60,+0023.44,+0005.44,+0004.36,-0008.96
+1580602435.79,-0010.74,+0016.60,+0022.46,-0006.89,-0003.68,-0005.51
+1580602435.79,+0000.00,+0018.55,+0021.48,+0005.59,-0000.54,-0011.10
+1580602435.80,+0004.88,+0016.60,+0019.53,+0002.45,+0004.29,-0011.87
+1580602435.80,-0007.81,+0016.60,+0017.58,-0004.13,-0001.68,-0007.12
+1580602435.81,-0011.72,+0015.62,+0016.60,-0001.07,-0001.07,-0016.38
+1580602435.81,+0005.86,+0018.55,+0015.62,-0002.22,+0004.29,-0010.49
+1580602435.82,-0000.98,+0015.62,+0013.67,-0000.23,+0003.22,-0014.47
+1580602435.82,-0016.60,+0015.62,+0012.70,-0004.52,-0006.97,-0009.11
+1580602435.83,+0003.91,+0018.55,+0011.72,+0002.45,-0001.45,-0009.95
+1580602435.83,-0001.95,+0015.62,+0010.74,-0004.67,-0004.59,+0000.61
+1580602435.84,-0003.91,+0016.60,+0009.77,+0001.30,+0005.44,-0014.85
+1580602435.84,-0007.81,+0017.58,+0007.81,-0007.50,-0006.51,-0005.36
+1580602435.85,-0001.95,+0017.58,+0006.84,+0004.06,+0000.84,-0012.10
+1580602435.85,-0003.91,+0015.62,+0005.86,-0001.38,+0000.31,-0013.32
+1580602435.86,-0002.93,+0017.58,+0003.91,-0000.84,-0004.13,-0004.67
+1580602435.86,+0000.00,+0015.62,+0002.93,-0005.51,+0001.99,-0012.17
+1580602435.87,-0005.86,+0016.60,+0000.98,-0004.75,-0001.07,-0005.67
+1580602435.87,-0000.98,+0016.60,+0000.00,+0002.68,+0003.29,-0016.38
+1580602435.88,-0005.86,+0015.62,+0000.98,-0008.65,-0004.98,-0007.20
+1580602435.88,-0003.91,+0016.60,+0000.00,+0003.98,+0005.90,-0017.23
+1580602435.89,-0001.95,+0013.67,-0000.98,-0000.08,-0000.77,-0015.31
+1580602435.89,+0002.93,+0014.65,-0002.93,-0002.30,-0001.23,-0010.34
+1580602435.90,+0000.98,+0011.72,-0004.88,-0001.07,+0000.15,-0012.33
+1580602435.90,+0000.98,+0013.67,-0006.84,-0005.82,-0000.77,-0009.72
+1580602435.91,+0002.93,+0012.70,-0007.81,+0001.84,-0004.13,-0010.03
+1580602435.91,+0006.84,+0011.72,-0006.84,-0004.13,+0000.84,-0005.74
+1580602435.92,+0000.00,+0011.72,-0007.81,+0001.53,+0001.91,-0011.94
+1580602435.92,+0001.95,+0010.74,-0007.81,+0002.45,-0002.07,-0005.82
+1580602435.93,+0010.74,+0011.72,-0008.79,-0004.67,-0000.77,-0002.22
+1580602435.93,-0003.91,+0009.77,-0010.74,-0001.23,+0006.74,-0010.41
+1580602435.94,-0008.79,+0010.74,-0010.74,-0000.46,-0010.26,-0007.43
+1580602435.94,+0017.58,+0008.79,-0008.79,+0001.00,+0003.83,-0004.59
+1580602435.95,-0002.93,+0008.79,-0010.74,-0002.22,+0013.17,-0014.93
+1580602435.95,-0024.41,+0007.81,-0011.72,-0001.53,-0004.13,-0010.18
+1580602435.96,+0004.88,+0008.79,-0011.72,-0004.98,+0000.23,-0010.64
+1580602435.96,+0005.86,+0003.91,-0012.70,+0001.99,+0006.35,-0009.65
+1580602435.97,-0011.72,+0005.86,-0014.65,-0002.68,-0002.45,-0003.60
+1580602435.97,-0013.67,+0005.86,-0015.62,-0000.84,-0005.74,-0010.34
+1580602435.98,+0000.98,+0003.91,-0015.62,+0000.31,+0000.23,-0009.26
+1580602435.98,+0001.95,+0003.91,-0016.60,-0002.53,+0003.98,-0009.19
+1580602435.99,-0014.65,+0001.95,-0017.58,-0003.98,-0000.84,-0011.79
+1580602435.99,-0004.88,+0002.93,-0016.60,-0005.13,+0000.00,-0014.09
+1580602436.00,+0002.93,+0002.93,-0016.60,+0001.23,-0001.07,-0010.64
+1580602436.00,+0000.98,+0003.91,-0017.58,-0002.83,+0000.77,-0008.65
+1580602436.01,+0000.00,+0001.95,-0019.53,-0001.68,-0001.53,-0009.57
+1580602436.01,+0002.93,+0002.93,-0020.51,+0000.46,-0000.84,-0010.18
+1580602436.02,+0002.93,+0002.93,-0020.51,-0001.61,-0001.91,-0008.27
+1580602436.02,+0004.88,+0002.93,-0019.53,+0002.68,+0001.00,-0011.48
+1580602436.03,+0004.88,+0001.95,-0018.55,+0003.29,+0001.76,-0014.32
+1580602436.03,+0006.84,+0003.91,-0018.55,-0001.45,-0000.23,-0014.62
+1580602436.04,+0005.86,+0001.95,-0018.55,+0000.23,-0004.44,-0011.10
+1580602436.04,+0009.77,+0002.93,-0018.55,+0002.53,+0001.23,-0010.34
+1580602436.05,+0007.81,+0000.98,-0017.58,+0001.61,-0001.76,-0011.18
+1580602436.05,+0008.79,+0002.93,-0017.58,-0001.68,-0000.69,-0007.43
+1580602436.06,+0006.84,+0002.93,-0017.58,+0002.45,+0002.07,-0011.03
+1580602436.06,+0006.84,+0001.95,-0017.58,-0002.60,-0000.15,-0006.20
+1580602436.07,+0007.81,+0001.95,-0016.60,+0001.91,+0005.13,-0009.42
+1580602436.07,-0006.84,+0002.93,-0015.62,-0002.83,+0001.30,-0011.87
+1580602436.08,+0004.88,+0001.95,-0014.65,+0001.00,-0003.83,-0004.44
+1580602436.08,+0002.93,+0000.98,-0014.65,-0004.13,-0004.98,-0000.61
+1580602436.09,+0000.98,-0000.98,-0012.70,+0005.51,+0004.44,-0005.05
+1580602436.09,-0011.72,+0000.98,-0013.67,-0003.37,+0002.91,-0014.32
+1580602436.09,-0004.88,+0000.00,-0011.72,+0003.68,+0002.30,-0010.57
+1580602436.10,+0000.00,+0000.00,-0011.72,-0008.19,+0002.14,-0010.03
+1580602436.10,-0011.72,-0003.91,-0011.72,+0005.44,+0002.14,-0013.02
+1580602436.11,-0008.79,-0000.98,-0013.67,-0001.91,-0001.38,-0012.40
+1580602436.11,+0003.91,-0003.91,-0014.65,-0000.61,+0002.37,-0010.18
+1580602436.12,-0005.86,-0004.88,-0015.62,-0000.92,+0002.37,-0012.10
+1580602436.12,-0006.84,-0004.88,-0013.67,+0003.29,-0009.80,-0003.60
+1580602436.13,+0001.95,-0002.93,-0013.67,-0002.83,-0000.84,-0011.41
+1580602436.13,-0005.86,-0004.88,-0013.67,+0000.46,-0003.75,-0009.88
+1580602436.14,+0003.91,-0003.91,-0014.65,+0000.08,+0001.15,-0010.49
+1580602436.14,-0003.91,-0005.86,-0015.62,-0005.36,+0000.84,-0014.70
+1580602436.15,+0000.98,-0004.88,-0015.62,+0000.46,-0004.59,-0007.35
+1580602436.15,+0008.79,-0006.84,-0016.60,-0002.37,+0001.00,-0010.41
+1580602436.16,-0002.93,-0005.86,-0018.55,-0002.07,+0003.83,-0013.48
+1580602436.16,+0000.00,-0006.84,-0018.55,+0002.22,-0007.73,-0009.11
+1580602436.17,+0016.60,-0007.81,-0017.58,-0005.13,+0007.43,-0011.41
+1580602436.17,-0002.93,-0009.77,-0018.55,+0000.69,-0001.30,-0011.25
+1580602436.18,+0003.91,-0007.81,-0019.53,-0003.68,-0006.28,-0006.51
+1580602436.18,+0010.74,-0009.77,-0020.51,-0004.82,+0001.68,-0015.16
+1580602436.19,+0006.84,-0011.72,-0020.51,-0000.15,-0003.68,-0007.35
+1580602436.19,+0007.81,-0011.72,-0022.46,-0003.83,+0002.60,-0011.94
+1580602436.20,+0001.95,-0014.65,-0022.46,-0001.15,-0002.60,-0005.21
+1580602436.20,+0008.79,-0012.70,-0022.46,-0002.37,+0003.14,-0009.95
+1580602436.21,+0004.88,-0015.62,-0021.48,-0002.83,-0000.61,-0006.05
+1580602436.21,+0000.98,-0016.60,-0021.48,-0000.77,-0000.77,-0004.13
+1580602436.22,+0001.95,-0016.60,-0022.46,-0007.66,-0001.07,-0007.73
+1580602436.22,+0002.93,-0019.53,-0023.44,+0001.15,+0000.69,-0008.58
+1580602436.23,-0000.98,-0020.51,-0024.41,-0002.22,+0005.21,-0014.85
+1580602436.23,-0001.95,-0022.46,-0023.44,-0001.07,-0004.67,-0013.70
+1580602436.24,+0005.86,-0022.46,-0023.44,-0000.23,+0003.06,-0006.66
+1580602436.24,-0005.86,-0024.41,-0024.41,-0006.58,+0004.98,-0015.77
+1580602436.25,-0003.91,-0024.41,-0024.41,+0001.84,-0012.17,-0000.15
+1580602436.25,+0005.86,-0023.44,-0024.41,-0004.75,+0004.98,-0015.01
+1580602436.26,-0012.70,-0026.37,-0025.39,-0005.67,-0007.12,-0005.51
+1580602436.26,+0002.93,-0024.41,-0024.41,+0003.83,-0002.30,-0010.72
+1580602436.27,+0001.95,-0025.39,-0024.41,-0004.98,+0003.90,-0011.87
+1580602436.27,-0005.86,-0023.44,-0023.44,-0002.53,+0000.31,-0006.89
+1580602436.28,-0003.91,-0022.46,-0021.48,+0001.99,+0002.68,-0019.29
+1580602436.28,+0001.95,-0022.46,-0019.53,-0001.23,-0005.97,-0008.12
+1580602436.29,+0000.00,-0020.51,-0019.53,-0004.13,-0002.83,-0006.35
+1580602436.29,-0001.95,-0021.48,-0018.55,+0003.68,+0000.77,-0007.81
+1580602436.30,-0000.98,-0016.60,-0017.58,-0001.53,-0002.22,-0008.58
+1580602436.30,-0001.95,-0018.55,-0014.65,+0000.69,+0003.29,-0015.70
+1580602436.31,+0004.88,-0015.62,-0013.67,-0002.07,+0002.91,-0011.18
+1580602436.31,+0000.00,-0014.65,-0013.67,+0004.21,+0001.76,-0013.17
+1580602436.32,-0008.79,-0015.62,-0011.72,-0000.15,+0000.00,-0015.24
+1580602436.32,+0005.86,-0012.70,-0007.81,-0000.08,-0002.68,-0013.48
+1580602436.33,+0006.84,-0011.72,-0005.86,+0001.68,+0003.98,-0013.93
+1580602436.33,+0000.00,-0012.70,-0004.88,+0002.91,-0005.82,+0001.38
+1580602436.34,+0002.93,-0008.79,-0004.88,+0003.83,+0003.45,-0014.01
+1580602436.34,-0000.98,-0007.81,-0001.95,+0005.51,-0011.41,+0003.98
+1580602436.35,+0020.51,-0004.88,+0000.98,+0006.58,+0006.51,-0018.15
+1580602436.35,-0008.79,-0007.81,+0001.95,-0005.90,+0000.84,-0008.58
+1580602436.36,+0004.88,-0003.91,+0004.88,-0003.60,-0006.97,-0005.97
+1580602436.36,+0017.58,-0002.93,+0004.88,+0004.98,+0009.88,-0006.81
+1580602436.37,-0009.77,-0002.93,+0004.88,+0000.46,+0002.30,-0007.20
+1580602436.37,-0004.88,-0001.95,+0006.84,+0002.30,-0003.37,-0008.96
+1580602436.38,+0008.79,+0002.93,+0010.74,-0000.46,+0008.04,-0013.93
+1580602436.38,-0005.86,-0000.98,+0011.72,+0005.44,-0001.30,-0007.12
+1580602436.39,-0002.93,+0000.98,+0012.70,-0000.69,-0004.75,-0004.29
+1580602436.39,-0002.93,+0001.95,+0011.72,-0000.69,+0002.22,-0000.92
+1580602436.40,-0005.86,+0002.93,+0011.72,+0004.06,+0003.52,-0014.78
+1580602436.40,-0015.62,+0003.91,+0011.72,-0003.45,-0001.68,-0010.26
+1580602436.41,-0005.86,+0005.86,+0013.67,+0007.50,+0000.46,-0014.47
+1580602436.41,-0002.93,+0004.88,+0013.67,+0003.22,+0000.92,-0013.70
+1580602436.42,-0011.72,+0006.84,+0012.70,-0001.45,-0003.83,-0009.88
+1580602436.42,-0001.95,+0005.86,+0012.70,+0002.22,-0002.30,-0007.27
+1580602436.43,-0006.84,+0008.79,+0012.70,+0004.36,+0004.52,-0017.69
+1580602436.43,-0002.93,+0007.81,+0012.70,+0005.82,+0000.31,-0008.88
+1580602436.44,-0002.93,+0010.74,+0013.67,-0002.30,+0003.90,-0017.07
+1580602436.44,-0001.95,+0007.81,+0014.65,+0001.99,-0008.35,-0007.43
+1580602436.45,+0009.77,+0012.70,+0013.67,-0002.68,+0002.45,-0013.55
+1580602436.45,-0000.98,+0008.79,+0011.72,+0004.52,-0001.99,-0012.56
+1580602436.46,+0004.88,+0013.67,+0011.72,-0001.84,-0007.66,-0010.72
+1580602436.46,+0015.62,+0011.72,+0012.70,+0001.61,-0001.38,-0013.25
+1580602436.47,+0011.72,+0011.72,+0011.72,-0000.38,-0000.08,-0009.34
+1580602436.47,+0000.98,+0013.67,+0012.70,+0002.83,+0000.08,-0012.33
+1580602436.48,+0007.81,+0015.62,+0013.67,+0000.61,-0003.68,-0013.70
+1580602436.48,+0017.58,+0015.62,+0013.67,-0002.68,+0000.46,-0006.51
+1580602436.49,+0010.74,+0012.70,+0011.72,+0003.52,+0007.12,-0012.48
+1580602436.49,-0005.86,+0014.65,+0009.77,-0002.76,-0003.90,-0010.80
+1580602436.50,+0012.70,+0014.65,+0009.77,+0002.14,-0003.52,-0003.75
+1580602436.50,+0007.81,+0012.70,+0010.74,-0003.75,-0000.15,-0000.31
+1580602436.51,-0006.84,+0011.72,+0011.72,+0002.91,+0005.74,-0005.97
+1580602436.51,-0009.77,+0014.65,+0009.77,-0003.06,-0000.84,-0010.87
+1580602436.52,+0000.98,+0012.70,+0009.77,+0001.61,-0000.92,-0005.36
+1580602436.52,+0002.93,+0008.79,+0008.79,-0005.59,+0006.89,-0010.49
+1580602436.53,-0016.60,+0007.81,+0007.81,+0004.21,-0001.76,-0010.57
+1580602436.53,-0007.81,+0010.74,+0006.84,-0002.37,-0001.91,-0004.52
+1580602436.54,-0014.65,+0008.79,+0006.84,-0004.67,-0005.13,-0007.81
+1580602436.54,-0005.86,+0005.86,+0006.84,+0002.68,-0001.53,-0014.01
+1580602436.55,-0002.93,+0005.86,+0004.88,-0005.28,+0000.15,-0009.95
+1580602436.55,-0009.77,+0003.91,+0001.95,-0004.36,-0002.07,+0000.23
+1580602436.56,-0002.93,+0004.88,+0000.00,-0000.84,+0002.83,-0016.15
+1580602436.56,-0007.81,+0003.91,-0000.98,-0001.91,-0005.67,-0007.89
+1580602436.57,+0004.88,+0004.88,-0001.95,+0001.07,-0003.14,-0010.18
+1580602436.57,+0000.98,+0001.95,-0003.91,+0001.00,-0001.23,-0010.03
+1580602436.58,-0005.86,+0001.95,-0005.86,-0000.15,-0001.00,-0008.73
+1580602436.58,-0000.98,+0003.91,-0006.84,-0001.68,-0000.61,-0017.84
+1580602436.59,+0002.93,+0000.98,-0005.86,+0001.99,+0001.91,-0014.01
+1580602436.59,+0000.98,+0002.93,-0005.86,-0004.90,-0003.14,-0008.96
+1580602436.60,-0001.95,+0000.98,-0006.84,+0003.68,+0004.21,-0015.54
+1580602436.60,+0000.00,+0000.00,-0007.81,-0002.30,-0003.75,-0010.72
+1580602436.61,+0009.77,+0000.98,-0008.79,-0001.76,+0001.91,-0008.58
+1580602436.61,-0000.98,-0000.98,-0009.77,-0002.91,+0003.75,-0014.24
+1580602436.62,+0000.98,+0000.00,-0010.74,+0001.00,-0007.50,-0003.98
+1580602436.62,+0004.88,+0000.00,-0011.72,+0001.07,+0005.67,-0017.84
+1580602436.63,+0002.93,-0003.91,-0011.72,+0001.61,-0001.30,-0007.58
+1580602436.63,+0000.98,-0002.93,-0011.72,-0001.15,+0004.44,-0015.16
+1580602436.64,+0001.95,-0004.88,-0010.74,-0000.84,-0005.59,-0006.58
+1580602436.64,+0004.88,-0003.91,-0012.70,-0005.90,-0003.06,-0004.13
+1580602436.65,-0001.95,-0007.81,-0012.70,+0004.52,+0006.20,-0013.40
+1580602436.65,-0002.93,-0005.86,-0013.67,-0005.21,-0007.73,-0003.06
+1580602436.66,+0005.86,-0008.79,-0012.70,+0000.61,+0004.90,-0008.50
+1580602436.66,-0005.86,-0007.81,-0012.70,-0002.60,-0001.30,-0008.80
+1580602436.67,+0001.95,-0008.79,-0012.70,+0004.29,-0002.76,-0009.72
+1580602436.67,+0003.91,-0010.74,-0012.70,-0005.82,+0000.84,-0008.73
+1580602436.68,-0005.86,-0012.70,-0013.67,-0004.13,-0002.53,-0006.89
+1580602436.68,-0000.98,-0011.72,-0013.67,-0001.00,-0000.15,-0015.54
+1580602436.69,+0006.84,-0012.70,-0013.67,+0001.38,-0004.21,-0007.12
+1580602436.69,+0004.88,-0014.65,-0013.67,-0003.37,+0000.38,-0004.82
+1580602436.70,-0009.77,-0013.67,-0014.65,-0000.92,-0004.52,-0008.04
+1580602436.70,+0000.00,-0013.67,-0013.67,+0000.92,+0000.38,-0015.70
+1580602436.71,+0007.81,-0014.65,-0012.70,-0001.45,-0001.00,-0008.12
+1580602436.71,-0003.91,-0014.65,-0013.67,-0000.77,+0000.77,-0014.09
+1580602436.72,-0004.88,-0015.62,-0013.67,+0000.31,-0007.20,-0011.87
+1580602436.72,+0013.67,-0014.65,-0011.72,+0003.83,+0000.46,-0005.82
+1580602436.73,+0001.95,-0016.60,-0012.70,-0004.75,+0005.36,-0008.27
+1580602436.73,-0012.70,-0015.62,-0014.65,+0001.68,-0002.45,-0011.41
+1580602436.74,+0004.88,-0014.65,-0013.67,-0003.22,-0003.98,-0009.80
+1580602436.74,+0009.77,-0016.60,-0011.72,+0000.46,+0001.99,-0012.25
+1580602436.75,-0000.98,-0018.55,-0012.70,+0003.60,+0003.83,-0014.85
+1580602436.75,-0007.81,-0016.60,-0012.70,-0001.68,-0004.44,-0011.87
+1580602436.76,+0004.88,-0015.62,-0009.77,+0002.22,+0002.91,-0016.31
+1580602436.76,+0002.93,-0014.65,-0008.79,+0003.60,-0001.15,-0013.86
+1580602436.77,+0005.86,-0019.53,-0008.79,+0003.37,+0007.04,-0016.08
+1580602436.77,-0005.86,-0016.60,-0008.79,-0004.06,-0005.97,-0005.82
+1580602436.78,+0003.91,-0015.62,-0006.84,+0009.65,-0000.08,-0007.81
+1580602436.78,+0005.86,-0015.62,-0004.88,-0000.61,+0000.31,-0003.68
+1580602436.79,+0000.00,-0017.58,-0003.91,+0002.60,+0000.61,-0005.21
+1580602436.79,-0004.88,-0016.60,-0002.93,+0000.08,+0001.61,-0007.27
+1580602436.80,-0005.86,-0013.67,-0000.98,+0005.28,+0000.15,-0011.79
+1580602436.80,+0001.95,-0015.62,+0001.95,+0005.74,+0003.75,-0011.03
+1580602436.81,-0004.88,-0015.62,+0003.91,+0001.99,+0001.45,-0012.94
+1580602436.81,-0010.74,-0013.67,+0004.88,+0000.08,-0005.67,-0002.37
+1580602436.82,-0006.84,-0011.72,+0005.86,+0005.36,+0006.81,-0013.70
+1580602436.82,-0012.70,-0014.65,+0007.81,+0002.53,-0000.92,-0008.96
+1580602436.83,-0010.74,-0009.77,+0009.77,+0001.84,+0003.22,-0016.23
+1580602436.83,-0011.72,-0012.70,+0011.72,+0000.31,-0001.23,-0007.04
+1580602436.84,-0012.70,-0008.79,+0013.67,-0004.21,-0002.99,-0010.72
+1580602436.84,-0008.79,-0010.74,+0015.62,+0006.51,-0002.53,-0007.43
+1580602436.85,-0003.91,-0007.81,+0014.65,-0000.46,+0000.08,-0003.83
+1580602436.85,-0019.53,-0008.79,+0013.67,+0000.92,+0004.44,-0013.86
+1580602436.86,-0014.65,-0004.88,+0014.65,+0001.68,-0005.51,-0012.63
+1580602436.86,+0002.93,-0005.86,+0017.58,+0006.20,+0002.53,-0011.10
+1580602436.87,-0008.79,-0004.88,+0018.55,-0002.37,+0001.15,-0009.19
+1580602436.87,-0011.72,-0002.93,+0018.55,+0007.58,+0000.46,-0019.60
+1580602436.88,-0008.79,+0000.98,+0019.53,+0000.61,-0004.29,-0013.48
+1580602436.88,+0003.91,+0002.93,+0023.44,+0012.33,-0001.23,-0010.95
+1580602436.89,-0001.95,+0001.95,+0025.39,-0004.13,+0000.69,-0006.97
+1580602436.89,-0009.77,+0002.93,+0026.37,+0003.75,-0005.59,-0006.05
+1580602436.90,+0007.81,+0005.86,+0027.34,+0002.07,-0004.06,-0011.64
+1580602436.90,+0004.88,+0006.84,+0027.34,+0003.29,+0002.68,-0013.48
+1580602436.91,-0001.95,+0003.91,+0026.37,+0005.97,+0000.84,-0014.16
+1580602436.91,+0000.98,+0008.79,+0027.34,-0001.68,-0005.13,-0012.10
+1580602436.92,+0007.81,+0008.79,+0030.27,+0006.05,+0002.76,-0012.71
+1580602436.92,+0004.88,+0010.74,+0031.25,+0000.92,-0000.15,-0011.33
+1580602436.93,+0001.95,+0008.79,+0032.23,+0006.43,-0000.77,-0009.49
+1580602436.93,+0006.84,+0012.70,+0033.20,+0000.00,-0001.45,-0007.04
+1580602436.94,+0005.86,+0011.72,+0032.23,+0002.91,+0001.45,-0005.13
+1580602436.94,-0006.84,+0011.72,+0031.25,-0001.15,-0002.76,-0003.14
+1580602436.95,+0003.91,+0012.70,+0031.25,+0003.52,+0001.15,-0011.87
+1580602436.95,+0002.93,+0012.70,+0031.25,-0003.37,+0000.69,-0008.42
+1580602436.96,+0003.91,+0009.77,+0031.25,+0003.29,-0001.00,-0002.76
+1580602436.96,-0011.72,+0011.72,+0030.27,+0000.23,-0002.30,-0010.95
+1580602436.97,-0001.95,+0011.72,+0031.25,+0006.28,-0009.72,-0002.60
+1580602436.97,+0012.70,+0011.72,+0029.30,-0004.67,+0005.90,-0006.28
+1580602436.98,-0022.46,+0009.77,+0027.34,+0001.23,-0003.22,-0009.80
+1580602436.98,-0010.74,+0014.65,+0026.37,+0003.68,-0001.91,-0021.21
+1580602436.99,+0005.86,+0013.67,+0027.34,-0002.76,-0004.29,-0009.26
+1580602436.99,+0001.95,+0008.79,+0026.37,+0002.60,+0004.90,-0006.66
+1580602437.00,-0016.60,+0010.74,+0023.44,+0000.92,-0005.13,-0008.35
+1580602437.00,-0002.93,+0013.67,+0022.46,-0001.84,+0000.77,-0012.79
+1580602437.01,+0004.88,+0010.74,+0020.51,-0000.69,-0002.99,-0010.64
+1580602437.01,-0000.98,+0010.74,+0019.53,-0001.91,+0001.00,-0002.22
+1580602437.02,-0011.72,+0011.72,+0017.58,-0003.60,-0003.68,-0014.01
+1580602437.02,+0000.98,+0011.72,+0016.60,+0002.76,-0005.59,-0013.40
+1580602437.03,+0009.77,+0011.72,+0015.62,-0004.52,+0002.91,-0015.01
+1580602437.03,+0003.91,+0009.77,+0013.67,-0001.76,-0001.45,-0006.20
+1580602437.04,-0002.93,+0010.74,+0010.74,+0000.46,+0003.37,-0017.69
+1580602437.04,-0004.88,+0011.72,+0011.72,+0000.08,-0004.29,-0012.71
+1580602437.05,+0010.74,+0014.65,+0012.70,+0002.07,-0000.38,-0013.93
+1580602437.05,+0005.86,+0009.77,+0012.70,+0001.07,-0011.56,+0000.54
+1580602437.06,+0010.74,+0010.74,+0009.77,+0000.08,+0008.04,-0012.94
+1580602437.06,-0003.91,+0010.74,+0007.81,-0002.99,-0003.29,-0008.73
+1580602437.07,+0003.91,+0013.67,+0008.79,+0001.07,-0000.69,-0017.61
+1580602437.07,+0011.72,+0011.72,+0008.79,-0002.91,-0006.43,-0004.13
+1580602437.08,+0013.67,+0012.70,+0007.81,+0003.52,+0005.44,-0008.88
+1580602437.08,-0005.86,+0009.77,+0006.84,-0003.14,+0000.00,-0010.18
+1580602437.09,+0005.86,+0012.70,+0006.84,-0000.84,+0002.99,-0009.49
+1580602437.09,+0004.88,+0012.70,+0006.84,+0001.23,+0005.05,-0009.72
+1580602437.10,-0008.79,+0012.70,+0005.86,-0000.38,-0001.23,-0007.43
+1580602437.10,+0000.00,+0011.72,+0005.86,+0000.84,+0002.68,-0014.16
+1580602437.11,+0000.00,+0009.77,+0006.84,-0001.38,-0004.75,-0009.26
+1580602437.11,+0002.93,+0008.79,+0004.88,-0004.98,-0000.15,-0003.60
+1580602437.12,-0004.88,+0007.81,+0001.95,+0001.15,-0000.23,-0008.80
+1580602437.12,-0007.81,+0009.77,+0000.00,-0000.15,-0005.28,-0009.26
+1580602437.13,+0004.88,+0009.77,+0000.00,-0000.84,-0004.06,-0003.60
+1580602437.13,-0001.95,+0007.81,+0000.00,+0000.61,+0008.27,-0012.71
+1580602437.14,-0013.67,+0008.79,+0000.98,+0002.68,-0010.11,-0004.21
+1580602437.14,+0012.70,+0011.72,+0000.00,-0001.99,+0006.28,-0020.75
+1580602437.15,-0004.88,+0005.86,-0002.93,-0003.45,+0000.46,-0008.96
+1580602437.15,-0005.86,+0008.79,-0003.91,+0001.84,-0000.92,-0010.72
+1580602437.16,+0000.98,+0007.81,-0004.88,-0000.23,-0002.60,-0010.49
+1580602437.16,+0007.81,+0007.81,-0004.88,-0000.23,-0001.45,-0005.74
+1580602437.17,+0000.00,+0005.86,-0007.81,-0006.58,+0004.67,-0006.74
+1580602437.17,-0006.84,+0007.81,-0008.79,-0005.90,-0002.76,-0010.57
+1580602437.18,+0005.86,+0006.84,-0008.79,+0001.99,-0000.38,-0009.80
+1580602437.18,+0006.84,+0005.86,-0007.81,-0004.52,+0002.45,-0012.56
+1580602437.19,-0005.86,+0004.88,-0010.74,-0002.30,+0000.38,-0012.02
+1580602437.19,+0007.81,+0004.88,-0012.70,-0000.54,+0000.31,-0013.48
+1580602437.20,+0004.88,+0002.93,-0013.67,-0003.83,+0002.53,-0009.65
+1580602437.20,-0003.91,+0003.91,-0013.67,+0003.29,+0002.45,-0012.56
+1580602437.21,+0001.95,+0002.93,-0012.70,-0004.90,-0004.98,-0013.93
+1580602437.21,+0012.70,+0002.93,-0012.70,-0002.91,-0000.69,-0004.90
+1580602437.22,+0002.93,+0001.95,-0015.62,-0002.68,+0003.14,-0012.40
+1580602437.22,+0000.00,+0000.00,-0016.60,+0000.38,-0007.12,-0003.45
+1580602437.23,+0013.67,+0000.00,-0016.60,-0002.45,+0012.02,-0010.95
+1580602437.23,-0013.67,-0000.98,-0017.58,-0003.06,+0001.07,-0012.94
+1580602437.24,-0000.98,-0000.98,-0015.62,-0002.22,-0015.39,+0001.68
+1580602437.24,+0010.74,-0000.98,-0015.62,+0003.29,+0014.62,-0024.27
+1580602437.25,-0012.70,-0006.84,-0015.62,+0005.44,+0001.68,-0006.58
+1580602437.25,-0008.79,-0001.95,-0016.60,-0003.75,+0002.76,-0021.59
+1580602437.26,-0002.93,-0006.84,-0015.62,-0003.06,-0002.83,-0008.50
+1580602437.26,+0001.95,-0005.86,-0015.62,-0002.76,-0001.53,-0007.27
+1580602437.27,-0003.91,-0010.74,-0016.60,+0001.38,-0002.99,+0000.15
+1580602437.27,-0010.74,-0005.86,-0019.53,-0000.38,+0004.98,-0012.48
+1580602437.28,-0012.70,-0008.79,-0018.55,-0001.38,-0001.53,-0009.57
+1580602437.28,+0005.86,-0005.86,-0016.60,-0003.83,+0004.59,-0013.78
+1580602437.29,-0003.91,-0011.72,-0016.60,+0001.38,+0000.08,-0013.09
+1580602437.29,-0008.79,-0008.79,-0016.60,-0000.84,-0002.76,-0011.48
+1580602437.30,+0000.98,-0008.79,-0016.60,+0001.53,+0000.23,-0014.55
+1580602437.30,+0001.95,-0008.79,-0016.60,-0002.37,-0002.68,-0006.28
+1580602437.31,-0000.98,-0010.74,-0016.60,+0001.15,+0003.98,-0016.31
+1580602437.31,-0000.98,-0009.77,-0016.60,-0003.45,-0005.67,-0008.19
+1580602437.32,+0003.91,-0009.77,-0015.62,-0000.38,+0000.15,-0011.10
+1580602437.32,+0004.88,-0009.77,-0015.62,-0002.99,-0003.37,-0006.89
+1580602437.33,+0005.86,-0009.77,-0015.62,+0003.37,+0001.38,-0010.95
+1580602437.33,+0001.95,-0010.74,-0014.65,+0003.90,-0004.67,-0007.20
+1580602437.34,+0010.74,-0008.79,-0013.67,+0003.22,+0005.28,-0013.70
+1580602437.34,+0003.91,-0010.74,-0012.70,-0002.91,-0005.21,-0010.64
+1580602437.35,+0008.79,-0008.79,-0011.72,+0003.83,+0000.15,-0008.88
+1580602437.35,+0008.79,-0010.74,-0011.72,-0000.92,+0002.91,-0009.72
+1580602437.36,+0003.91,-0009.77,-0010.74,+0000.15,-0003.29,-0005.74
+1580602437.36,+0007.81,-0010.74,-0008.79,+0000.46,+0000.92,-0011.56
+1580602437.37,+0005.86,-0008.79,-0008.79,-0001.00,+0002.53,-0008.88
+1580602437.37,-0000.98,-0010.74,-0007.81,+0003.14,-0002.14,-0004.75
+1580602437.38,+0000.98,-0010.74,-0006.84,-0000.92,+0001.76,-0007.20
+1580602437.38,-0002.93,-0011.72,-0006.84,+0000.46,+0002.45,-0007.20
+1580602437.39,-0006.84,-0011.72,-0005.86,+0001.00,-0000.69,-0013.86
+1580602437.39,+0000.98,-0013.67,-0004.88,+0001.91,-0006.51,-0003.06
+1580602437.40,-0000.98,-0013.67,-0004.88,+0000.46,+0009.65,-0011.79
+1580602437.40,-0018.55,-0014.65,-0005.86,+0002.07,-0005.13,-0004.59
+1580602437.41,+0000.98,-0012.70,-0005.86,+0001.15,+0008.04,-0021.05
+1580602437.41,-0008.79,-0016.60,-0004.88,-0003.22,-0005.28,-0006.89
+1580602437.42,-0004.88,-0014.65,-0002.93,+0001.38,+0001.45,-0009.11
+1580602437.42,-0007.81,-0015.62,-0003.91,-0002.14,+0000.46,-0015.31
+1580602437.43,-0007.81,-0014.65,-0003.91,+0001.84,-0004.67,-0007.50
+1580602437.43,+0000.00,-0014.65,-0003.91,-0002.68,+0001.53,-0014.32
+1580602437.44,-0000.98,-0015.62,-0001.95,+0001.30,-0004.21,-0006.12
+1580602437.44,-0004.88,-0014.65,-0002.93,+0002.53,-0000.38,-0011.48
+1580602437.45,-0003.91,-0013.67,-0002.93,-0002.14,-0003.06,-0009.03
+1580602437.45,+0000.98,-0012.70,-0002.93,+0000.61,+0003.52,-0014.55
+1580602437.46,-0001.95,-0013.67,-0002.93,-0000.15,-0003.68,-0013.17
+1580602437.46,+0003.91,-0012.70,-0000.98,+0003.06,-0002.22,-0011.18
+1580602437.47,+0008.79,-0012.70,-0000.98,-0000.15,-0003.45,-0007.50
+1580602437.47,-0000.98,-0010.74,+0000.00,+0002.60,+0004.90,-0010.57
+1580602437.48,-0004.88,-0009.77,+0001.95,+0005.36,-0005.97,-0011.25
+1580602437.48,+0012.70,-0006.84,+0003.91,-0001.23,+0004.21,-0017.53
+1580602437.49,+0008.79,-0010.74,+0004.88,-0001.00,-0003.75,-0008.88
+1580602437.49,+0004.88,-0008.79,+0004.88,+0002.30,+0008.80,-0016.00
+1580602437.50,-0008.79,-0006.84,+0003.91,-0001.15,-0010.18,-0004.21
+1580602437.50,+0011.72,-0003.91,+0007.81,+0005.28,+0002.14,-0012.02
+1580602437.51,+0005.86,-0006.84,+0009.77,-0003.14,+0003.60,-0006.51
+1580602437.51,-0004.88,-0004.88,+0009.77,-0001.00,-0001.38,-0002.60
+1580602437.52,+0001.95,-0003.91,+0008.79,+0003.37,+0000.08,-0012.17
+1580602437.52,+0001.95,-0003.91,+0009.77,-0001.84,-0000.92,-0006.58
+1580602437.53,-0004.88,-0003.91,+0010.74,-0000.31,+0002.76,-0014.39
+1580602437.53,-0009.77,-0002.93,+0012.70,+0000.61,-0003.52,-0010.95
+1580602437.54,-0000.98,-0000.98,+0014.65,+0003.52,-0000.08,-0011.03
+1580602437.54,+0006.84,-0003.91,+0015.62,-0003.06,-0002.68,-0006.66
+1580602437.55,-0002.93,-0002.93,+0013.67,-0000.54,-0000.46,-0003.83
+1580602437.55,-0007.81,-0000.98,+0011.72,+0003.83,-0002.30,-0007.96
+1580602437.56,-0006.84,+0000.98,+0012.70,+0000.77,+0002.99,-0015.77
+1580602437.56,+0001.95,+0001.95,+0014.65,-0002.07,-0001.07,-0010.34
+1580602437.57,+0004.88,+0000.98,+0016.60,+0003.75,+0003.83,-0009.49
+1580602437.57,-0010.74,+0000.98,+0015.62,-0002.37,-0003.14,-0011.03
+1580602437.58,-0001.95,+0002.93,+0014.65,+0003.75,-0002.83,-0010.18
+1580602437.58,+0000.98,+0003.91,+0014.65,+0001.76,-0006.28,-0009.19
+1580602437.59,+0001.95,+0002.93,+0014.65,+0002.99,+0002.68,-0006.12
+1580602437.59,-0007.81,+0004.88,+0014.65,-0001.30,+0004.82,-0015.31
+1580602437.60,-0006.84,+0004.88,+0016.60,+0004.82,-0001.00,-0012.63
+1580602437.60,+0011.72,+0007.81,+0015.62,-0002.76,+0000.31,-0007.58
+1580602437.61,+0000.00,+0004.88,+0014.65,+0001.45,+0001.15,-0007.73
+1580602437.61,-0005.86,+0007.81,+0013.67,+0000.23,-0000.46,-0006.51
+1580602437.62,-0003.91,+0009.77,+0014.65,+0000.69,-0001.91,-0012.56
+1580602437.62,+0009.77,+0009.77,+0015.62,+0002.45,-0003.29,-0008.04
+1580602437.63,+0003.91,+0008.79,+0014.65,-0004.75,+0005.74,-0011.18
+1580602437.63,-0010.74,+0008.79,+0013.67,+0004.06,-0000.38,-0011.79
+1580602437.64,+0002.93,+0011.72,+0014.65,+0001.84,+0000.92,-0013.09
+1580602437.64,+0005.86,+0011.72,+0015.62,+0001.53,+0000.84,-0006.66
+1580602437.65,-0002.93,+0010.74,+0014.65,+0001.91,-0000.46,-0006.35
+1580602437.65,-0006.84,+0010.74,+0013.67,+0002.07,-0003.68,-0008.50
+1580602437.66,+0001.95,+0012.70,+0014.65,-0000.23,-0001.45,-0002.14
+1580602437.66,-0002.93,+0012.70,+0014.65,+0005.44,+0008.19,-0013.09
+1580602437.67,-0012.70,+0011.72,+0015.62,-0001.99,-0005.74,-0008.35
+1580602437.67,+0000.00,+0013.67,+0015.62,+0000.46,+0001.84,-0012.33
+1580602437.68,-0004.88,+0011.72,+0014.65,-0004.52,+0000.54,-0006.28
+1580602437.68,-0012.70,+0013.67,+0011.72,+0003.83,+0001.84,-0008.12
+1580602437.69,-0014.65,+0012.70,+0011.72,+0004.82,-0002.68,-0015.01
+1580602437.69,-0003.91,+0013.67,+0012.70,-0002.76,-0001.38,-0011.79
+1580602437.70,+0000.00,+0011.72,+0012.70,+0001.15,+0001.15,-0008.04
+1580602437.70,-0016.60,+0012.70,+0009.77,-0002.07,+0001.53,-0010.11
+1580602437.71,-0010.74,+0014.65,+0008.79,+0001.76,-0005.36,-0009.65
+1580602437.71,-0001.95,+0014.65,+0007.81,-0002.68,+0004.21,-0014.24
+1580602437.72,-0003.91,+0011.72,+0007.81,+0001.15,-0003.37,-0006.35
+1580602437.72,-0007.81,+0013.67,+0007.81,-0000.15,-0001.91,-0010.87
+1580602437.73,-0004.88,+0014.65,+0007.81,+0001.30,-0005.44,-0014.24
+1580602437.73,+0005.86,+0015.62,+0006.84,-0001.53,+0001.07,-0011.25
+1580602437.74,+0002.93,+0013.67,+0005.86,+0002.45,-0002.68,-0009.49
+1580602437.74,-0006.84,+0015.62,+0004.88,-0001.15,-0001.68,-0016.31
+1580602437.75,+0001.95,+0016.60,+0005.86,+0000.23,-0007.96,-0009.42
+1580602437.75,+0018.55,+0015.62,+0005.86,+0000.00,+0001.84,-0008.65
+1580602437.76,-0000.98,+0013.67,+0002.93,-0002.83,-0002.30,-0006.28
+1580602437.76,+0000.00,+0017.58,+0002.93,+0005.74,-0002.76,-0010.34
+1580602437.77,+0010.74,+0018.55,+0003.91,-0002.53,-0000.54,-0014.78
+1580602437.77,+0005.86,+0017.58,+0004.88,+0003.52,+0001.99,-0012.25
+1580602437.78,+0009.77,+0015.62,+0004.88,+0000.92,-0001.68,-0009.72
+1580602437.78,+0007.81,+0016.60,+0002.93,-0002.53,+0000.77,-0008.42
+1580602437.79,+0005.86,+0016.60,+0001.95,+0000.69,-0003.75,-0005.82
+1580602437.79,+0007.81,+0017.58,+0000.98,+0000.84,-0000.84,-0009.80
+1580602437.80,+0002.93,+0015.62,+0000.98,-0001.00,-0004.29,-0000.61
+1580602437.80,+0009.77,+0015.62,+0000.98,+0001.30,+0004.21,-0010.95
+1580602437.81,-0002.93,+0013.67,+0000.98,-0003.75,+0001.15,-0011.41
+1580602437.81,+0002.93,+0015.62,+0000.00,-0001.00,+0003.14,-0012.48
+1580602437.82,+0000.00,+0012.70,-0000.98,-0001.76,+0002.91,-0009.03
+1580602437.82,-0005.86,+0012.70,-0001.95,+0003.52,-0002.37,-0008.19
+1580602437.83,+0000.00,+0011.72,-0002.93,-0002.91,+0000.46,-0007.20
+1580602437.83,-0002.93,+0010.74,-0003.91,-0002.68,+0001.07,-0005.44
+1580602437.84,-0007.81,+0009.77,-0005.86,+0001.15,+0002.91,-0013.78
+1580602437.84,-0008.79,+0010.74,-0005.86,-0002.99,-0004.90,-0010.95
+1580602437.85,+0001.95,+0007.81,-0006.84,-0002.07,+0004.13,-0014.01
+1580602437.85,-0012.70,+0006.84,-0007.81,-0003.14,+0002.22,-0017.53
+1580602437.86,-0012.70,+0006.84,-0008.79,+0003.60,-0004.75,-0013.32
+1580602437.86,+0007.81,+0005.86,-0009.77,-0005.44,-0003.22,-0013.25
+1580602437.87,-0001.95,+0002.93,-0011.72,-0002.30,-0003.45,-0006.58
+1580602437.87,-0006.84,+0003.91,-0014.65,-0001.99,-0000.38,-0007.04
+1580602437.88,+0000.00,+0003.91,-0015.62,-0000.69,-0003.29,-0007.81
+1580602437.88,+0002.93,+0003.91,-0015.62,-0000.54,-0003.37,-0005.51
+1580602437.89,+0004.88,+0002.93,-0015.62,-0005.51,-0002.07,-0008.50
+1580602437.89,+0003.91,+0001.95,-0018.55,-0001.30,+0002.22,-0010.87
+1580602437.90,-0004.88,+0000.98,-0019.53,-0000.92,+0003.75,-0019.68
+1580602437.90,+0001.95,+0002.93,-0018.55,-0001.76,-0002.60,-0016.46
+1580602437.91,+0015.62,-0000.98,-0016.60,-0000.31,+0000.15,-0006.05
+1580602437.91,+0001.95,-0000.98,-0017.58,+0000.23,+0007.27,-0015.54
+1580602437.92,-0003.91,+0000.00,-0018.55,+0002.83,+0004.44,-0011.33
+1580602437.92,+0005.86,+0000.98,-0018.55,-0001.84,+0000.77,-0009.72
+1580602437.93,+0000.00,-0001.95,-0017.58,+0001.91,+0003.37,-0011.87
+1580602437.93,+0000.00,-0000.98,-0016.60,+0001.99,-0003.83,-0003.22
+1580602437.94,+0002.93,-0003.91,-0017.58,+0001.68,+0002.07,-0006.28
+1580602437.94,-0002.93,-0002.93,-0017.58,-0002.45,+0000.46,-0005.36
+1580602437.95,-0005.86,-0002.93,-0017.58,+0002.45,+0002.37,-0007.73
+1580602437.95,-0006.84,-0004.88,-0015.62,+0000.46,-0001.07,-0014.70
+1580602437.96,-0002.93,-0005.86,-0014.65,+0001.45,+0001.30,-0015.24
+1580602437.96,-0004.88,-0007.81,-0015.62,-0002.76,+0000.15,-0012.94
+1580602437.97,-0004.88,-0008.79,-0015.62,+0000.46,-0001.45,-0006.28
+1580602437.97,-0008.79,-0007.81,-0016.60,-0001.61,-0005.90,-0011.18
+1580602437.98,+0000.00,-0008.79,-0016.60,-0000.77,+0000.08,-0005.59
+1580602437.98,+0002.93,-0010.74,-0015.62,+0002.60,+0000.54,-0007.58
+1580602437.99,-0008.79,-0010.74,-0015.62,+0002.53,-0005.05,-0003.98
+1580602437.99,+0001.95,-0009.77,-0015.62,-0001.30,+0001.68,-0014.70
+1580602438.00,+0000.00,-0011.72,-0015.62,+0000.38,-0001.38,-0010.11
+1580602438.00,+0002.93,-0011.72,-0014.65,+0002.53,-0002.53,-0007.50
+1580602438.01,+0000.98,-0011.72,-0015.62,-0000.61,-0002.37,-0008.50
+1580602438.01,+0000.98,-0010.74,-0014.65,+0002.60,-0000.61,-0010.64
+1580602438.02,+0001.95,-0009.77,-0013.67,-0001.23,+0003.75,-0015.62
+1580602438.02,+0001.95,-0009.77,-0012.70,-0001.00,+0001.76,-0010.57
+1580602438.03,+0005.86,-0009.77,-0011.72,-0001.45,-0000.77,-0013.40
+1580602438.03,+0001.95,-0011.72,-0011.72,-0001.07,+0000.69,-0011.64
+1580602438.04,+0002.93,-0009.77,-0012.70,+0001.45,-0001.23,-0005.74
+1580602438.04,+0000.98,-0011.72,-0013.67,+0001.00,-0002.37,-0008.50
+1580602438.05,+0003.91,-0012.70,-0012.70,+0000.00,+0001.00,-0007.96
+1580602438.05,+0003.91,-0011.72,-0011.72,+0001.45,+0000.15,-0013.09
+1580602438.06,+0005.86,-0012.70,-0010.74,+0003.14,-0004.52,-0005.74
+1580602438.06,+0003.91,-0010.74,-0009.77,-0000.54,+0003.90,-0016.84
+1580602438.07,+0000.00,-0012.70,-0007.81,+0002.37,-0008.96,-0001.99
+1580602438.07,+0009.77,-0009.77,-0006.84,+0001.45,+0004.90,-0011.64
+1580602438.08,-0001.95,-0013.67,-0005.86,+0002.30,-0000.08,-0006.35
+1580602438.08,+0000.98,-0011.72,-0005.86,+0000.15,+0000.23,-0010.87
+1580602438.09,+0001.95,-0015.62,-0004.88,+0001.61,-0001.23,-0009.49
+1580602438.09,+0001.95,-0012.70,-0003.91,+0003.98,+0001.15,-0009.19
+1580602438.10,-0001.95,-0015.62,-0002.93,+0005.44,-0003.52,-0006.58
+1580602438.10,+0000.98,-0014.65,-0003.91,-0000.38,+0003.75,-0009.95
+1580602438.11,-0006.84,-0015.62,-0003.91,+0001.23,+0000.69,-0014.55
+1580602438.11,+0000.98,-0014.65,-0001.95,+0001.23,-0000.69,-0008.58
+1580602438.12,+0001.95,-0014.65,-0001.95,-0001.30,+0007.66,-0016.46
+1580602438.12,-0013.67,-0016.60,-0001.95,+0002.07,-0004.90,-0009.26
+1580602438.13,+0000.00,-0014.65,-0001.95,-0000.23,-0001.68,-0008.73
