+1580602081.14,-0002.93,-0002.93,+0004.88,-0000.54,+0000.08,-0012.40
+1580602081.15,-0001.95,-0003.91,+0002.93,+0000.61,-0003.75,-0011.33
+1580602081.15,+0002.93,-0002.93,+0002.93,-0001.30,+0000.08,-0010.26
+1580602081.16,+0000.00,-0003.91,+0001.95,+0000.15,+0000.38,-0008.12
+1580602081.16,+0001.95,-0003.91,+0001.95,-0001.91,-0001.84,-0007.89
+1580602081.17,+0000.00,-0003.91,+0001.95,-0001.91,+0001.76,-0009.65
+1580602081.17,+0000.98,-0004.88,+0001.95,-0002.14,-0003.68,-0007.81
+1580602081.18,+0007.81,-0003.91,+0000.00,-0000.92,+0000.00,-0010.41
+1580602081.18,-0000.98,-0004.88,-0001.95,+0000.46,-0004.13,-0011.10
+1580602081.19,+0001.95,-0004.88,-0001.95,+0000.46,-0002.30,-0012.25
+1580602081.19,+0007.81,-0005.86,-0002.93,-0002.68,-0001.15,-0009.42
+1580602081.20,-0000.98,-0006.84,-0003.91,-0001.53,+0002.30,-0012.48
+1580602081.20,+0001.95,-0004.88,-0003.91,-0000.69,+0001.53,-0012.86
+1580602081.21,+0001.95,-0005.86,-0004.88,-0004.59,+0003.22,-0010.95
+1580602081.21,+0002.93,-0006.84,-0004.88,-0000.69,-0000.54,-0005.90
+1580602081.22,+0000.00,-0004.88,-0005.86,-0000.84,+0001.45,-0010.11
+1580602081.22,-0005.86,-0004.88,-0005.86,+0000.38,-0002.37,-0010.11
+1580602081.23,+0000.00,-0005.86,-0005.86,+0001.00,-0002.30,-0008.96
+1580602081.23,+0001.95,-0005.86,-0006.84,-0002.22,+0000.23,-0006.51
+1580602081.24,-0004.88,-0005.86,-0007.81,-0001.45,+0002.30,-0006.20
+1580602081.24,-0008.79,-0004.88,-0008.79,-0003.60,-0001.23,-0010.80
+1580602081.25,-0000.98,-0005.86,-0008.79,-0000.61,+0002.22,-0011.79
+1580602081.25,-0003.91,-0006.84,-0008.79,-0003.68,-0001.45,-0010.41
+1580602081.26,-0004.88,-0006.84,-0008.79,+0001.45,-0001.76,-0009.95
+1580602081.26,-0003.91,-0003.91,-0008.79,-0000.54,-0000.69,-0009.26
+1580602081.27,-0007.81,-0005.86,-0009.77,+0001.23,-0002.83,-0011.41
+1580602081.27,+0000.00,-0004.88,-0010.74,-0002.37,+0000.84,-0010.03
+1580602081.28,-0002.93,-0005.86,-0010.74,-0000.31,-0001.38,-0003.52
+1580602081.28,-0006.84,-0003.91,-0009.77,-0000.23,+0001.23,-0013.17
+1580602081.29,-0005.86,-0002.93,-0007.81,-0002.14,+0001.30,-0012.10
+1580602081.29,-0000.98,-0003.91,-0007.81,-0001.53,-0000.31,-0011.33
+1580602081.30,+0000.98,-0004.88,-0007.81,-0001.30,-0000.31,-0009.19
+1580602081.30,-0006.84,-0003.91,-0008.79,+0001.45,+0000.15,-0010.41
+1580602081.31,-0003.91,-0004.88,-0007.81,-0000.38,-0005.36,-0008.80
+1580602081.31,+0006.84,-0006.84,-0007.81,-0001.84,-0000.46,-0008.58
+1580602081.32,-0004.88,-0005.86,-0008.79,-0000.31,+0003.83,-0011.25
+1580602081.32,-0006.84,-0004.88,-0008.79,-0002.07,-0003.90,-0007.50
+1580602081.33,+0000.98,-0005.86,-0008.79,-0003.14,+0000.38,-0007.81
+1580602081.33,+0003.91,-0007.81,-0009.77,+0003.14,+0002.22,-0007.50
+1580602081.34,-0003.91,-0004.88,-0009.77,-0001.84,+0002.53,-0005.97
+1580602081.34,-0008.79,-0005.86,-0007.81,+0000.92,-0003.22,-0010.80
+1580602081.35,+0004.88,-0006.84,-0006.84,-0000.46,-0000.38,-0016.23
+1580602081.35,+0001.95,-0006.84,-0006.84,-0000.77,-0000.69,-0010.49
+1580602081.36,+0000.98,-0004.88,-0007.81,-0000.31,-0003.52,-0010.87
+1580602081.36,+0001.95,-0006.84,-0008.79,-0002.07,+0002.37,-0009.49
+1580602081.37,+0000.00,-0007.81,-0009.77,-0001.23,-0001.84,-0009.19
+1580602081.37,+0003.91,-0005.86,-0008.79,-0000.15,+0001.61,-0009.95
+1580602081.38,-0000.98,-0005.86,-0007.81,+0001.07,+0000.92,-0013.25
+1580602081.38,+0000.00,-0006.84,-0006.84,+0001.00,-0002.99,-0011.71
+1580602081.39,+0005.86,-0005.86,-0005.86,-0000.92,-0003.37,-0011.25
+1580602081.39,+0003.91,-0006.84,-0005.86,-0000.54,+0001.53,-0007.58
+1580602081.40,-0004.88,-0004.88,-0005.86,-0001.53,-0002.45,-0009.03
+1580602081.40,+0000.00,-0005.86,-0006.84,+0001.00,+0000.77,-0015.47
+1580602081.41,+0007.81,-0007.81,-0005.86,-0003.45,+0001.38,-0008.12
+1580602081.41,-0000.98,-0005.86,-0006.84,-0001.23,-0002.07,-0006.20
+1580602081.42,-0001.95,-0005.86,-0005.86,+0001.76,-0003.22,-0009.42
+1580602081.42,+0005.86,-0006.84,-0004.88,+0000.77,-0001.45,-0006.81
+1580602081.43,+0000.00,-0006.84,-0003.91,+0001.30,+0001.15,-0007.73
+1580602081.43,-0003.91,-0003.91,-0002.93,-0002.83,-0006.05,-0010.80
+1580602081.44,+0002.93,-0005.86,-0002.93,+0001.45,+0001.00,-0011.25
+1580602081.44,+0003.91,-0006.84,-0003.91,-0001.53,+0003.60,-0007.89
+1580602081.45,-0003.91,-0005.86,-0004.88,+0002.53,-0002.07,-0005.21
+1580602081.45,+0000.00,-0003.91,-0004.88,+0002.99,+0000.00,-0009.34
+1580602081.46,-0004.88,-0007.81,-0002.93,+0003.06,+0001.53,-0012.94
+1580602081.46,-0002.93,-0005.86,-0001.95,+0002.07,-0003.68,-0006.74
+1580602081.47,-0004.88,-0003.91,-0000.98,-0000.15,-0002.76,-0012.33
+1580602081.47,-0003.91,-0005.86,+0000.00,+0003.14,-0002.45,-0006.58
+1580602081.48,-0001.95,-0003.91,+0000.98,+0002.83,+0001.61,-0012.86
+1580602081.48,-0006.84,-0004.88,+0001.95,+0001.38,-0001.15,-0007.43
+1580602081.49,-0002.93,-0004.88,+0000.98,-0003.22,-0000.23,-0008.73
+1580602081.49,+0000.98,-0005.86,+0000.00,+0000.31,+0000.31,-0004.90
+1580602081.50,-0007.81,-0004.88,-0000.98,+0002.22,+0000.23,-0009.95
+1580602081.50,-0005.86,-0005.86,+0001.95,+0003.06,-0002.14,-0016.00
+1580602081.51,+0000.00,-0005.86,+0002.93,-0000.77,-0006.20,-0009.11
+1580602081.51,+0003.91,-0006.84,+0001.95,+0002.60,-0001.23,-0008.04
+1580602081.52,-0004.88,-0004.88,+0002.93,-0002.07,-0002.91,-0010.18
+1580602081.52,-0004.88,-0004.88,+0003.91,+0001.91,-0002.53,-0012.10
+1580602081.53,+0006.84,-0006.84,+0003.91,-0001.84,+0003.06,-0013.25
+1580602081.53,+0000.00,-0007.81,+0003.91,+0000.92,-0000.54,-0009.49
+1580602081.54,-0004.88,-0003.91,+0004.88,+0000.23,-0003.22,-0011.10
+1580602081.54,+0000.98,-0005.86,+0004.88,+0000.54,-0003.68,-0011.87
+1580602081.55,+0005.86,-0007.81,+0004.88,+0001.38,-0002.60,-0009.34
+1580602081.55,+0000.00,-0004.88,+0005.86,+0002.22,-0004.36,-0005.97
+1580602081.56,-0000.98,-0002.93,+0006.84,+0000.61,+0002.07,-0009.49
+1580602081.56,+0000.00,-0003.91,+0006.84,-0001.99,+0002.76,-0012.63
+1580602081.57,-0000.98,-0004.88,+0006.84,+0001.07,+0000.31,-0011.48
+1580602081.57,+0003.91,-0002.93,+0007.81,-0000.15,+0002.53,-0012.86
+1580602081.58,-0000.98,-0002.93,+0006.84,+0001.91,-0000.61,-0012.40
+1580602081.58,-0002.93,-0002.93,+0007.81,+0001.23,-0005.28,-0011.41
+1580602081.59,+0008.79,-0002.93,+0009.77,-0001.23,+0004.29,-0010.03
+1580602081.59,+0000.98,-0002.93,+0008.79,-0001.15,-0001.00,-0004.82
+1580602081.60,+0000.00,-0000.98,+0008.79,+0001.38,+0000.77,-0006.89
+1580602081.60,-0002.93,-0000.98,+0008.79,+0000.46,+0005.59,-0012.86
+1580602081.61,-0005.86,-0001.95,+0009.77,+0003.60,-0002.68,-0010.11
+1580602081.61,+0005.86,+0000.98,+0011.72,+0001.45,+0001.38,-0014.47
+1580602081.62,-0002.93,+0000.98,+0011.72,+0001.99,-0002.07,-0009.88
+1580602081.62,-0001.95,+0003.91,+0013.67,-0001.68,+0000.23,-0012.02
+1580602081.63,-0003.91,+0002.93,+0014.65,-0000.46,+0000.00,-0010.34
+1580602081.63,+0000.00,+0002.93,+0014.65,+0000.23,-0000.92,-0005.67
+1580602081.64,+0000.98,+0002.93,+0015.62,+0000.77,+0003.90,-0010.34
+1580602081.64,-0006.84,+0005.86,+0013.67,-0001.15,-0006.89,-0005.90
+1580602081.65,+0005.86,+0003.91,+0013.67,+0003.14,-0001.61,-0009.80
+1580602081.65,+0000.00,+0003.91,+0013.67,+0000.08,+0002.14,-0009.72
+1580602081.66,-0008.79,+0005.86,+0014.65,+0002.99,-0004.21,-0009.19
+1580602081.66,+0003.91,+0006.84,+0016.60,+0000.46,+0001.38,-0015.01
+1580602081.67,+0001.95,+0003.91,+0016.60,-0002.76,-0001.15,-0001.84
+1580602081.67,+0001.95,+0005.86,+0018.55,+0003.60,+0003.14,-0007.66
+1580602081.68,-0009.77,+0007.81,+0017.58,+0000.00,-0005.05,-0007.50
+1580602081.68,+0000.98,+0006.84,+0016.60,+0003.83,+0001.68,-0018.07
+1580602081.69,-0000.98,+0004.88,+0015.62,-0002.30,-0002.07,-0008.88
+1580602081.69,+0000.00,+0006.84,+0014.65,+0003.90,-0001.99,-0008.88
+1580602081.70,-0005.86,+0007.81,+0014.65,+0000.92,+0004.98,-0015.08
+1580602081.70,-0007.81,+0007.81,+0015.62,-0002.45,-0005.05,-0010.18
+1580602081.71,+0008.79,+0006.84,+0015.62,+0000.31,-0001.53,-0006.51
+1580602081.71,-0004.88,+0007.81,+0013.67,-0004.06,+0001.45,-0011.41
+1580602081.72,-0012.70,+0006.84,+0013.67,+0001.38,-0007.50,-0006.89
+1580602081.72,+0006.84,+0008.79,+0014.65,+0000.84,-0004.06,-0017.15
+1580602081.73,+0002.93,+0005.86,+0014.65,-0002.53,+0002.14,-0004.21
+1580602081.73,-0011.72,+0007.81,+0013.67,-0001.38,-0002.83,-0009.26
+1580602081.74,-0003.91,+0008.79,+0012.70,+0003.68,-0002.91,-0015.39
+1580602081.74,+0003.91,+0006.84,+0010.74,-0002.99,+0001.61,-0014.78
+1580602081.75,+0000.00,+0002.93,+0010.74,+0002.37,-0001.53,-0009.03
+1580602081.75,-0002.93,+0008.79,+0011.72,-0002.76,-0002.22,-0009.88
+1580602081.76,+0000.00,+0007.81,+0011.72,+0000.15,-0000.61,-0008.19
+1580602081.76,+0001.95,+0006.84,+0010.74,-0002.07,-0001.53,-0010.26
+1580602081.77,+0000.00,+0006.84,+0009.77,+0000.46,+0002.53,-0006.35
+1580602081.77,-0000.98,+0009.77,+0008.79,-0002.07,+0003.45,-0012.33
+1580602081.78,-0001.95,+0006.84,+0008.79,+0001.30,-0001.68,-0009.95
+1580602081.78,+0001.95,+0007.81,+0006.84,-0001.45,+0001.76,-0012.10
+1580602081.79,-0002.93,+0006.84,+0007.81,+0002.22,-0002.22,-0009.34
+1580602081.79,-0002.93,+0008.79,+0007.81,+0000.08,+0001.68,-0014.24
+1580602081.80,-0000.98,+0006.84,+0009.77,-0006.05,-0000.23,-0008.80
+1580602081.80,+0000.00,+0007.81,+0007.81,-0001.84,+0004.21,-0009.88
+1580602081.81,-0003.91,+0006.84,+0006.84,-0000.23,+0001.00,-0008.96
+1580602081.81,-0004.88,+0007.81,+0005.86,+0000.00,-0002.07,-0011.56
+1580602081.82,-0001.95,+0005.86,+0003.91,+0001.91,-0000.61,-0008.65
+1580602081.82,+0001.95,+0005.86,+0003.91,-0001.00,-0005.44,-0008.50
+1580602081.83,+0000.98,+0006.84,+0004.88,+0000.31,+0001.00,-0008.65
+1580602081.83,+0000.00,+0007.81,+0004.88,-0002.53,-0001.38,-0008.19
+1580602081.84,+0000.98,+0008.79,+0004.88,-0001.53,-0000.92,-0009.03
+1580602081.84,+0004.88,+0005.86,+0003.91,-0001.76,+0002.07,-0012.56
+1580602081.85,+0001.95,+0006.84,+0002.93,-0000.15,-0000.69,-0011.71
+1580602081.85,+0003.91,+0006.84,+0001.95,+0002.76,-0002.60,-0009.42
+1580602081.86,+0007.81,+0007.81,+0000.98,-0001.84,+0000.61,-0010.34
+1580602081.86,+0000.00,+0005.86,+0000.98,+0001.61,-0002.99,-0004.59
+1580602081.87,+0003.91,+0007.81,+0000.98,+0000.77,+0000.77,-0011.03
+1580602081.87,+0004.88,+0004.88,+0001.95,-0001.15,+0004.59,-0010.64
+1580602081.88,+0000.98,+0005.86,+0000.98,-0001.30,+0001.15,-0006.20
+1580602081.88,-0000.98,+0006.84,+0000.00,+0001.53,-0001.07,-0013.48
+1580602081.89,+0000.98,+0004.88,+0000.00,+0001.68,-0001.76,-0011.56
+1580602081.89,+0001.95,+0003.91,+0000.98,+0000.54,-0000.61,-0010.26
+1580602081.90,-0001.95,+0004.88,+0000.00,-0001.76,-0003.83,-0009.42
+1580602081.90,+0001.95,+0004.88,+0000.98,-0001.15,+0002.91,-0006.66
+1580602081.91,-0009.77,+0003.91,+0000.00,-0004.36,-0003.60,-0008.42
+1580602081.91,+0002.93,+0002.93,+0000.00,+0004.52,-0005.67,-0006.05
+1580602081.92,+0002.93,+0004.88,-0001.95,-0003.45,+0005.36,-0011.48
+1580602081.92,-0011.72,+0001.95,-0001.95,+0006.12,-0003.06,-0010.80
+1580602081.93,+0000.00,+0005.86,-0000.98,-0000.84,-0000.46,-0013.40
+1580602081.93,-0002.93,+0002.93,-0001.95,-0003.29,+0002.53,-0010.95
+1580602081.94,-0004.88,+0003.91,-0001.95,+0000.00,+0000.69,-0013.55
+1580602081.94,+0000.00,+0004.88,-0002.93,+0002.14,+0001.07,-0009.42
+1580602081.95,-0001.95,+0004.88,-0001.95,+0001.15,+0001.61,-0009.19
+1580602081.95,-0006.84,+0004.88,-0000.98,+0002.68,-0001.53,-0007.73
+1580602081.96,-0001.95,+0006.84,-0000.98,-0002.30,-0005.28,-0008.35
+1580602081.96,+0006.84,+0003.91,-0000.98,+0003.52,-0000.46,-0004.21
+1580602081.97,-0000.98,+0004.88,-0003.91,-0001.99,+0006.35,-0011.03
+1580602081.97,-0012.70,+0004.88,-0002.93,-0004.13,-0003.29,-0011.94
+1580602081.98,+0002.93,+0006.84,-0001.95,-0002.91,+0000.54,-0019.98
+1580602081.98,+0001.95,+0000.98,-0002.93,+0000.23,-0001.68,-0005.74
+1580602081.99,+0006.84,+0003.91,-0002.93,+0001.15,-0001.45,-0005.44
+1580602081.99,-0006.84,+0004.88,-0003.91,+0001.07,-0001.00,-0009.72
+1580602082.00,-0003.91,+0003.91,+0000.00,+0001.53,-0006.20,-0012.48
+1580602082.00,+0006.84,+0001.95,+0000.00,+0001.91,+0002.76,-0014.47
+1580602082.01,+0001.95,+0001.95,-0000.98,-0002.68,+0001.84,-0007.89
+1580602082.01,-0000.98,+0000.98,-0001.95,-0001.99,-0003.60,-0010.41
+1580602082.02,+0006.84,+0000.00,-0001.95,+0001.30,-0001.99,-0009.65
+1580602082.02,+0006.84,-0000.98,-0002.93,+0000.31,-0000.15,-0007.81
+1580602082.03,+0000.00,-0001.95,-0002.93,+0000.15,-0001.38,-0010.72
+1580602082.03,+0007.81,-0001.95,-0003.91,-0000.77,-0000.38,-0009.34
+1580602082.04,+0008.79,-0004.88,-0004.88,-0000.46,+0003.37,-0010.49
+1580602082.04,+0003.91,-0004.88,-0004.88,+0000.61,-0001.61,-0008.96
+1580602082.05,+0005.86,-0003.91,-0004.88,+0000.31,+0001.61,-0010.49
+1580602082.05,+0005.86,-0005.86,-0003.91,-0000.31,-0004.36,-0006.89
+1580602082.06,+0003.91,-0004.88,-0004.88,+0002.76,+0000.92,-0011.71
+1580602082.06,+0000.98,-0005.86,-0004.88,-0002.99,+0001.23,-0010.03
+1580602082.07,+0004.88,-0006.84,-0004.88,-0000.46,+0003.98,-0009.42
+1580602082.07,+0001.95,-0007.81,-0004.88,-0001.68,+0001.61,-0009.42
+1580602082.08,+0001.95,-0007.81,-0003.91,+0000.23,-0001.61,-0006.20
+1580602082.08,-0000.98,-0007.81,-0004.88,-0001.91,+0001.07,-0012.48
+1580602082.09,-0005.86,-0009.77,-0005.86,+0000.08,-0002.99,-0006.35
+1580602082.09,-0003.91,-0009.77,-0007.81,+0001.00,+0000.61,-0013.32
+1580602082.10,-0003.91,-0012.70,-0006.84,-0003.22,-0001.15,-0008.35
+1580602082.10,-0002.93,-0009.77,-0006.84,-0002.30,+0000.84,-0008.12
+1580602082.11,-0003.91,-0008.79,-0004.88,+0001.61,-0000.61,-0011.48
+1580602082.11,-0007.81,-0007.81,-0003.91,+0000.31,-0000.15,-0013.17
+1580602082.12,-0001.95,-0010.74,-0003.91,+0001.91,-0001.68,-0005.21
+1580602082.12,-0002.93,-0007.81,-0005.86,-0001.76,+0003.75,-0008.88
+1580602082.13,-0017.58,-0007.81,-0005.86,-0000.54,-0000.08,-0012.17
+1580602082.13,-0001.95,-0007.81,-0003.91,-0000.92,-0005.74,-0011.18
+1580602082.14,+0002.93,-0007.81,-0003.91,+0000.84,+0002.68,-0012.17
+1580602082.14,-0008.79,-0005.86,-0001.95,-0000.54,-0000.69,-0011.18
+1580602082.15,-0004.88,-0002.93,+0000.00,+0002.60,-0003.29,-0011.56
+1580602082.15,+0004.88,-0004.88,-0000.98,+0000.00,-0000.92,-0007.43
+1580602082.16,-0001.95,-0003.91,-0001.95,+0002.68,+0003.83,-0009.88
+1580602082.16,-0013.67,-0001.95,-0000.98,-0001.68,-0004.82,-0011.79
+1580602082.17,+0006.84,-0001.95,+0000.98,+0003.14,-0005.44,-0011.10
+1580602082.17,+0005.86,-0002.93,+0000.98,+0002.07,+0005.74,-0009.88
+1580602082.18,-0011.72,+0000.98,+0001.95,+0000.54,-0004.98,-0009.49
+1580602082.18,+0001.95,+0001.95,+0002.93,+0001.15,-0004.29,-0012.02
+1580602082.19,+0007.81,+0000.00,+0001.95,+0001.76,+0002.22,-0009.80
+1580602082.19,-0003.91,+0000.00,+0001.95,+0001.91,-0001.91,-0004.82
+1580602082.20,-0001.95,+0003.91,+0003.91,+0002.30,-0000.61,-0013.02
+1580602082.20,+0000.98,+0002.93,+0002.93,-0000.54,+0000.23,-0009.11
+1580602082.21,+0000.98,+0001.95,+0002.93,-0000.92,-0001.76,-0006.81
+1580602082.21,+0001.95,+0002.93,+0003.91,+0001.61,-0000.92,-0010.64
+1580602082.22,-0003.91,+0004.88,+0005.86,-0001.53,-0000.61,-0012.56
+1580602082.22,+0003.91,+0004.88,+0006.84,+0000.54,+0000.84,-0010.11
+1580602082.23,-0000.98,+0005.86,+0004.88,-0001.91,+0003.37,-0011.94
+1580602082.23,-0003.91,+0004.88,+0003.91,+0000.84,-0001.00,-0012.79
+1580602082.24,+0001.95,+0003.91,+0002.93,-0001.61,-0004.13,-0007.96
+1580602082.24,+0003.91,+0004.88,+0003.91,-0001.61,+0002.30,-0007.50
+1580602082.25,-0004.88,+0006.84,+0003.91,+0001.23,+0001.00,-0011.41
+1580602082.25,-0002.93,+0007.81,+0003.91,+0001.45,-0000.46,-0009.03
+1580602082.26,-0001.95,+0005.86,+0002.93,-0000.23,-0003.52,-0008.80
+1580602082.26,+0006.84,+0005.86,+0003.91,+0001.00,-0000.15,-0007.66
+1580602082.27,-0002.93,+0008.79,+0003.91,-0000.38,+0003.60,-0010.80
+1580602082.27,-0008.79,+0008.79,+0005.86,-0001.53,-0003.29,-0011.33
+1580602082.28,+0004.88,+0007.81,+0003.91,-0000.15,+0006.51,-0013.93
+1580602082.28,-0007.81,+0006.84,+0000.98,-0003.45,+0001.76,-0005.67
+1580602082.29,-0004.88,+0006.84,+0000.98,+0000.15,-0001.61,-0010.72
+1580602082.29,+0000.00,+0006.84,+0001.95,+0002.60,+0003.06,-0014.16
+1580602082.30,-0004.88,+0008.79,+0003.91,-0001.45,-0005.05,-0005.90
+1580602082.30,+0000.00,+0007.81,+0002.93,+0003.90,-0002.37,-0004.52
+1580602082.31,-0002.93,+0008.79,+0001.95,-0002.07,+0003.98,-0013.70
+1580602082.31,-0002.93,+0004.88,+0001.95,+0002.22,-0003.83,-0007.43
+1580602082.32,+0006.84,+0008.79,+0000.98,+0000.15,+0000.23,-0011.25
+1580602082.32,-0003.91,+0005.86,+0000.00,+0002.68,+0003.75,-0012.33
+1580602082.33,-0006.84,+0007.81,+0000.00,+0001.53,-0001.99,-0018.07
+1580602082.33,+0004.88,+0006.84,+0000.98,-0001.45,-0004.29,-0007.66
+1580602082.34,+0005.86,+0004.88,+0000.00,-0001.68,+0004.59,-0008.58
+1580602082.34,-0002.93,+0006.84,+0000.98,-0001.53,-0000.08,-0004.52
+1580602082.35,-0005.86,+0007.81,-0000.98,-0000.84,+0000.61,-0015.24
+1580602082.35,-0001.95,+0003.91,-0000.98,-0001.07,-0003.22,-0012.40
+1580602082.36,+0002.93,+0002.93,-0002.93,+0000.77,-0002.53,-0009.03
+1580602082.36,+0001.95,+0002.93,-0003.91,-0001.07,-0001.07,-0002.45
+1580602082.37,-0000.98,+0003.91,-0003.91,+0001.45,+0003.37,-0011.56
+1580602082.37,-0003.91,+0003.91,-0002.93,-0003.37,-0000.77,-0010.34
+1580602082.38,+0000.98,+0002.93,-0003.91,+0001.15,-0001.30,-0010.64
+1580602082.38,+0001.95,+0000.98,-0004.88,+0002.68,-0002.22,-0007.81
+1580602082.39,+0004.88,+0001.95,-0004.88,+0001.23,+0001.61,-0009.03
+1580602082.39,-0004.88,+0002.93,-0004.88,-0003.29,+0003.68,-0013.02
+1580602082.40,-0005.86,+0002.93,-0004.88,-0003.45,-0004.44,-0011.18
+1580602082.40,+0005.86,+0000.00,-0004.88,+0000.92,+0003.22,-0012.02
+1580602082.41,+0000.00,+0001.95,-0005.86,+0000.54,-0000.61,-0008.12
+1580602082.41,-0003.91,+0001.95,-0006.84,+0000.77,-0001.07,-0008.27
+1580602082.42,+0001.95,+0001.95,-0004.88,-0002.99,-0001.53,-0006.28
+1580602082.42,+0004.88,+0000.00,-0005.86,-0000.08,+0002.45,-0007.66
+1580602082.43,-0000.98,+0000.98,-0006.84,-0002.22,+0000.61,-0006.05
+1580602082.43,-0006.84,+0000.98,-0007.81,+0001.84,+0000.77,-0014.78
+1580602082.44,+0003.91,-0000.98,-0007.81,+0001.45,+0001.68,-0011.94
+1580602082.44,+0000.00,-0000.98,-0009.77,-0001.30,+0001.84,-0011.48
+1580602082.45,-0004.88,+0000.00,-0008.79,-0001.23,+0001.45,-0014.85
+1580602082.45,+0002.93,+0000.00,-0007.81,-0002.53,-0000.31,-0014.32
+1580602082.46,+0003.91,-0001.95,-0008.79,+0001.99,+0002.37,-0010.64
+1580602082.46,+0000.00,+0000.00,-0008.79,+0001.38,-0003.90,-0005.74
+1580602082.47,+0000.98,+0000.00,-0008.79,-0000.69,-0000.15,-0012.71
+1580602082.47,+0005.86,-0002.93,-0007.81,-0000.84,-0001.00,-0007.50
+1580602082.48,+0007.81,-0002.93,-0008.79,-0000.46,+0002.76,-0005.36
+1580602082.48,-0001.95,-0001.95,-0010.74,-0001.61,+0001.00,-0013.32
+1580602082.49,+0005.86,-0004.88,-0011.72,+0001.99,+0001.53,-0011.10
+1580602082.49,+0007.81,-0005.86,-0011.72,-0001.84,-0000.84,-0011.10
+1580602082.50,-0003.91,-0006.84,-0012.70,-0001.00,-0001.45,-0009.80
+1580602082.50,+0008.79,-0005.86,-0011.72,-0000.77,-0003.37,-0009.88
+1580602082.51,+0009.77,-0007.81,-0011.72,+0001.84,+0006.58,-0010.26
+1580602082.51,-0006.84,-0006.84,-0011.72,-0001.99,-0000.23,-0007.20
+1580602082.52,+0000.00,-0007.81,-0012.70,+0000.54,-0005.13,-0009.72
+1580602082.52,+0005.86,-0009.77,-0012.70,-0002.83,-0002.99,-0005.21
+1580602082.53,+0008.79,-0012.70,-0013.67,+0001.53,+0002.68,-0002.60
+1580602082.53,-0004.88,-0007.81,-0013.67,-0000.77,+0006.89,-0013.55
+1580602082.54,-0015.62,-0009.77,-0013.67,-0000.92,-0001.07,-0011.33
+1580602082.54,+0007.81,-0011.72,-0013.67,+0001.53,+0000.69,-0014.85
+1580602082.55,+0000.00,-0011.72,-0015.62,-0002.22,+0003.68,-0005.59
+1580602082.55,-0010.74,-0012.70,-0015.62,-0002.30,-0002.22,-0004.21
+1580602082.56,-0001.95,-0010.74,-0013.67,-0000.69,+0001.91,-0016.61
+1580602082.56,-0005.86,-0011.72,-0012.70,+0000.08,-0000.84,-0009.03
+1580602082.57,-0001.95,-0011.72,-0013.67,+0001.45,-0000.23,-0013.55
+1580602082.57,-0005.86,-0011.72,-0013.67,-0002.30,-0002.68,-0010.03
+1580602082.58,-0000.98,-0009.77,-0012.70,-0001.68,-0001.99,-0007.73
+1580602082.58,-0002.93,-0011.72,-0013.67,+0000.23,+0002.37,-0009.88
+1580602082.59,-0000.98,-0009.77,-0012.70,-0000.92,-0000.46,-0007.12
+1580602082.59,-0006.84,-0010.74,-0012.70,+0000.15,-0002.91,-0011.87
+1580602082.60,-0000.98,-0009.77,-0011.72,+0000.08,-0004.13,-0015.62
+1580602082.60,+0005.86,-0010.74,-0011.72,+0001.53,-0003.98,-0003.90
+1580602082.61,+0000.00,-0008.79,-0010.74,+0001.23,+0003.22,-0010.87
+1580602082.61,-0010.74,-0007.81,-0009.77,+0002.22,-0004.21,-0010.87
+1580602082.62,+0003.91,-0007.81,-0008.79,+0001.68,-0001.99,-0016.84
+1580602082.62,+0004.88,-0010.74,-0008.79,+0000.92,+0002.53,-0006.66
+1580602082.63,-0005.86,-0007.81,-0007.81,-0002.68,-0002.83,-0011.48
+1580602082.63,-0000.98,-0006.84,-0004.88,+0000.23,-0005.28,-0009.65
+1580602082.64,+0008.79,-0007.81,-0003.91,-0000.23,+0000.08,-0006.58
+1580602082.64,+0001.95,-0008.79,-0003.91,-0001.23,+0006.20,-0004.98
+1580602082.65,-0009.77,-0005.86,-0004.88,+0000.23,-0002.22,-0011.56
+1580602082.65,+0003.91,-0007.81,-0004.88,+0001.15,-0003.68,-0013.70
+1580602082.66,+0008.79,-0010.74,-0004.88,+0000.61,-0000.77,-0011.03
+1580602082.66,-0000.98,-0007.81,-0002.93,+0000.92,-0006.58,-0006.89
+1580602082.67,+0002.93,-0004.88,-0001.95,+0001.61,+0001.53,-0008.04
+1580602082.67,+0002.93,-0006.84,-0002.93,+0000.08,+0003.98,-0011.18
+1580602082.68,-0003.91,-0007.81,-0002.93,+0001.07,-0001.68,-0011.48
+1580602082.68,+0001.95,-0006.84,-0001.95,-0000.38,-0002.37,-0013.25
+1580602082.69,+0002.93,-0007.81,-0001.95,+0001.99,+0000.08,-0011.25
+1580602082.69,+0000.98,-0006.84,-0000.98,-0000.84,+0000.92,-0008.35
+1580602082.70,+0000.00,-0005.86,+0000.98,-0001.38,-0004.75,-0006.66
+1580602082.70,+0006.84,-0007.81,+0000.98,+0000.38,-0002.53,-0003.98
+1580602082.71,+0004.88,-0006.84,+0000.00,+0000.46,+0006.05,-0005.74
+1580602082.71,-0014.65,-0005.86,+0000.00,+0001.45,+0000.92,-0006.74
+1580602082.72,-0002.93,-0005.86,+0001.95,+0001.61,-0000.23,-0013.48
+1580602082.72,+0006.84,-0008.79,+0001.95,+0000.69,+0002.60,-0006.20
+1580602082.73,-0004.88,-0004.88,+0002.93,+0000.92,+0002.83,-0009.19
+1580602082.73,-0009.77,-0001.95,+0004.88,-0001.68,-0009.49,-0007.96
+1580602082.74,+0008.79,-0003.91,+0005.86,+0002.37,+0002.99,-0008.50
+1580602082.74,-0003.91,-0003.91,+0002.93,-0000.69,+0006.05,-0012.25
+1580602082.75,-0013.67,-0002.93,+0003.91,-0000.08,-0000.54,-0006.81
+1580602082.75,-0005.86,+0000.00,+0005.86,-0001.53,-0001.99,-0012.10
+1580602082.76,-0000.98,-0004.88,+0005.86,+0002.99,-0001.23,-0007.81
+1580602082.76,-0005.86,-0002.93,+0004.88,-0001.45,+0000.00,-0008.96
+1580602082.77,-0008.79,+0000.00,+0005.86,-0001.23,-0003.29,-0008.04
+1580602082.77,+0000.00,-0000.98,+0006.84,+0000.46,+0003.22,-0011.48
+1580602082.78,-0002.93,-0000.98,+0006.84,+0001.07,-0001.53,-0005.82
+1580602082.78,-0004.88,+0000.98,+0007.81,+0001.76,+0000.61,-0010.34
+1580602082.79,-0001.95,-0000.98,+0008.79,+0001.53,-0003.45,-0006.97
+1580602082.79,+0003.91,+0000.98,+0009.77,+0000.69,+0000.77,-0007.58
+1580602082.80,-0006.84,+0000.98,+0008.79,+0000.84,+0001.68,-0010.57
+1580602082.80,-0004.88,+0002.93,+0010.74,+0001.23,-0001.91,-0014.01
+1580602082.81,+0001.95,+0000.98,+0010.74,+0002.99,+0000.38,-0017.92
+1580602082.81,+0001.95,+0002.93,+0011.72,+0000.15,-0004.67,-0011.94
+1580602082.82,+0005.86,+0003.91,+0012.70,-0000.46,-0003.60,-0004.44
+1580602082.82,-0000.98,+0004.88,+0013.67,-0000.77,+0000.54,-0009.72
+1580602082.83,-0003.91,+0002.93,+0014.65,+0002.60,-0000.69,-0006.43
+1580602082.83,+0002.93,+0004.88,+0012.70,-0001.23,-0000.31,-0014.09
+1580602082.84,-0001.95,+0001.95,+0010.74,+0001.00,-0001.76,-0006.35
+1580602082.84,+0000.98,+0004.88,+0010.74,-0001.45,-0002.83,-0011.10
+1580602082.85,+0002.93,+0002.93,+0010.74,+0000.00,-0002.53,-0002.22
+1580602082.85,-0000.98,+0004.88,+0010.74,+0001.23,+0005.67,-0014.24
+1580602082.86,-0011.72,+0003.91,+0011.72,+0001.61,-0005.67,-0007.12
+1580602082.86,+0009.77,+0004.88,+0011.72,-0000.54,+0001.07,-0017.15
+1580602082.87,-0001.95,+0002.93,+0010.74,+0000.08,+0002.45,-0010.64
+1580602082.87,-0003.91,+0005.86,+0010.74,-0001.84,-0001.00,-0009.72
+1580602082.88,+0000.98,+0004.88,+0009.77,-0001.61,+0001.30,-0012.86
+1580602082.88,+0002.93,+0003.91,+0009.77,+0001.00,-0002.45,-0009.26
+1580602082.89,+0001.95,+0004.88,+0008.79,-0001.07,-0000.61,-0003.98
+1580602082.89,-0002.93,+0007.81,+0008.79,-0004.13,-0000.61,-0011.64
+1580602082.90,+0000.98,+0004.88,+0008.79,+0002.22,-0003.75,-0005.44
+1580602082.90,+0013.67,+0006.84,+0006.84,+0000.23,+0000.69,-0007.12
+1580602082.91,-0001.95,+0004.88,+0004.88,-0000.92,+0001.07,-0005.90
+1580602082.91,-0002.93,+0007.81,+0006.84,-0001.68,-0001.99,-0013.25
+1580602082.92,+0001.95,+0006.84,+0007.81,+0000.69,-0000.31,-0009.88
+1580602082.92,+0005.86,+0006.84,+0007.81,-0002.22,+0001.61,-0008.19
+1580602082.93,+0000.98,+0005.86,+0006.84,+0001.38,+0003.83,-0012.17
+1580602082.93,-0007.81,+0009.77,+0006.84,-0002.14,-0000.77,-0012.02
+1580602082.94,-0005.86,+0007.81,+0004.88,+0000.54,-0001.91,-0014.55
+1580602082.94,+0001.95,+0004.88,+0001.95,-0001.61,-0000.61,-0013.17
+1580602082.95,-0001.95,+0003.91,+0001.95,+0002.76,+0000.61,-0008.19
+1580602082.95,-0006.84,+0007.81,+0003.91,-0001.07,+0000.08,-0009.49
+1580602082.96,-0003.91,+0006.84,+0004.88,+0000.00,-0003.83,-0006.12
+1580602082.96,+0000.00,+0004.88,+0001.95,-0003.90,+0002.60,-0006.81
+1580602082.97,-0005.86,+0002.93,+0000.00,-0000.31,-0003.75,-0008.04
+1580602082.97,-0003.91,+0004.88,+0000.00,-0001.91,-0001.15,-0015.31
+1580602082.98,+0003.91,+0002.93,+0000.98,-0001.45,-0000.54,-0009.80
+1580602082.98,-0000.98,+0002.93,-0000.98,-0000.69,+0000.08,-0009.65
+1580602082.99,-0006.84,+0003.91,-0000.98,+0000.31,-0001.91,-0012.79
+1580602082.99,-0000.98,+0001.95,-0001.95,-0001.38,-0003.98,-0008.80
+1580602083.00,+0002.93,+0000.98,-0002.93,+0000.23,+0003.83,-0011.18
+1580602083.00,-0005.86,+0002.93,-0003.91,-0001.15,-0001.07,-0009.49
+1580602083.01,-0001.95,+0002.93,-0002.93,+0002.60,-0001.07,-0011.25
+1580602083.01,-0001.95,+0000.98,-0002.93,-0000.61,-0000.38,-0011.94
+1580602083.02,-0000.98,+0000.98,-0002.93,-0000.54,-0000.69,-0008.27
+1580602083.02,+0000.00,+0001.95,-0003.91,-0002.45,+0002.14,-0009.34
+1580602083.03,-0002.93,+0000.98,-0004.88,-0000.92,+0001.76,-0012.79
+1580602083.03,-0000.98,+0000.00,-0004.88,+0000.54,-0002.14,-0007.58
+1580602083.04,+0004.88,+0000.00,-0004.88,-0000.23,+0001.84,-0010.34
+1580602083.04,-0006.84,-0000.98,-0004.88,-0002.07,+0000.84,-0010.72
+1580602083.05,+0000.98,-0000.98,-0004.88,-0000.46,-0003.45,-0010.95
+1580602083.05,+0007.81,-0002.93,-0004.88,+0000.92,+0007.73,-0012.17
+1580602083.06,-0004.88,-0000.98,-0005.86,-0003.29,-0003.22,-0010.11
+1580602083.06,+0000.00,-0000.98,-0006.84,+0000.23,-0005.97,-0009.57
+1580602083.07,+0007.81,-0001.95,-0007.81,-0000.38,+0005.51,-0013.09
+1580602083.07,-0003.91,-0003.91,-0007.81,-0001.91,-0001.45,-0006.58
+1580602083.08,+0001.95,-0000.98,-0006.84,+0003.52,-0001.76,-0013.09
+1580602083.08,+0001.95,-0002.93,-0006.84,-0000.31,+0001.84,-0008.27
+1580602083.09,+0000.98,-0003.91,-0007.81,-0001.30,-0000.54,-0010.26
+1580602083.09,+0000.98,-0003.91,-0007.81,+0000.69,-0003.22,-0008.50
+1580602083.10,+0003.91,-0003.91,-0007.81,+0000.00,+0001.68,-0011.03
+1580602083.10,+0001.95,-0005.86,-0006.84,+0000.77,-0000.46,-0008.35
+1580602083.11,+0000.00,-0004.88,-0007.81,+0000.77,+0001.38,-0011.94
+1580602083.11,-0000.98,-0005.86,-0007.81,+0000.08,-0000.77,-0011.41
+1580602083.12,+0001.95,-0006.84,-0007.81,-0001.23,-0004.06,-0008.73
+1580602083.12,+0000.98,-0007.81,-0007.81,-0001.53,-0001.30,-0006.51
+1580602083.13,+0000.98,-0006.84,-0006.84,+0002.99,+0001.07,-0009.95
+1580602083.13,+0000.00,-0006.84,-0005.86,-0000.84,+0000.69,-0005.51
+1580602083.14,-0002.93,-0007.81,-0005.86,+0002.45,-0002.14,-0005.90
+1580602083.14,-0000.98,-0008.79,-0005.86,-0001.76,-0001.68,-0009.11
+1580602083.15,-0000.98,-0009.77,-0005.86,+0001.15,-0000.54,-0007.58
+1580602083.15,-0001.95,-0008.79,-0004.88,-0001.45,+0003.83,-0015.01
+1580602083.16,-0000.98,-0008.79,-0004.88,+0002.30,-0002.37,-0009.72
+1580602083.16,+0001.95,-0008.79,-0004.88,-0000.54,+0002.45,-0012.63
+1580602083.17,-0007.81,-0008.79,-0004.88,+0001.30,-0000.84,-0011.64
+1580602083.17,-0001.95,-0007.81,-0003.91,+0001.23,-0003.29,-0009.26
+1580602083.18,-0000.98,-0008.79,-0003.91,-0001.38,+0004.98,-0012.79
+1580602083.18,-0005.86,-0007.81,-0002.93,-0000.23,-0001.15,-0007.58
+1580602083.19,-0001.95,-0006.84,-0001.95,+0002.99,-0001.84,-0010.57
+1580602083.19,-0001.95,-0007.81,-0000.98,+0001.15,+0001.91,-0011.25
+1580602083.20,-0003.91,-0005.86,+0000.00,-0000.15,-0006.58,-0006.97
+1580602083.20,+0003.91,-0006.84,+0000.98,+0002.83,+0000.77,-0006.43
+1580602083.21,-0004.88,-0004.88,+0000.98,+0001.68,+0003.52,-0010.87
+1580602083.21,-0006.84,-0005.86,+0002.93,+0003.45,-0003.52,-0006.74
+1580602083.22,+0004.88,-0003.91,+0003.91,-0001.23,+0001.45,-0018.76
+1580602083.22,-0004.88,-0004.88,+0003.91,+0001.07,-0000.08,-0011.18
+1580602083.23,+0000.98,-0001.95,+0003.91,+0000.84,-0001.15,-0014.47
+1580602083.23,+0000.00,-0003.91,+0003.91,-0000.54,+0002.07,-0008.58
+1580602083.24,+0001.95,-0001.95,+0003.91,+0003.06,-0002.99,-0008.88
+1580602083.24,+0002.93,-0002.93,+0003.91,-0000.15,-0002.45,-0004.59
+1580602083.25,-0002.93,-0000.98,+0005.86,-0000.92,+0000.92,-0012.25
+1580602083.25,-0003.91,-0000.98,+0007.81,+0000.54,-0004.44,-0013.40
+1580602083.26,+0012.70,-0000.98,+0007.81,+0001.23,-0002.45,-0006.89
+1580602083.26,-0002.93,+0000.00,+0006.84,-0001.07,-0004.75,-0003.60
+1580602083.27,-0001.95,+0000.98,+0008.79,+0004.13,-0001.84,-0014.24
+1580602083.27,+0002.93,+0000.98,+0008.79,-0003.37,+0000.31,-0013.86
+1580602083.28,+0003.91,+0000.00,+0008.79,+0000.69,-0000.46,-0008.19
+1580602083.28,+0004.88,+0001.95,+0008.79,+0000.38,+0002.07,-0011.41
+1580602083.29,+0002.93,+0003.91,+0009.77,+0003.45,-0003.68,-0004.52
+1580602083.29,+0001.95,+0002.93,+0010.74,+0002.14,+0000.00,-0007.58
+1580602083.30,-0003.91,+0003.91,+0010.74,-0001.00,-0005.90,-0007.50
+1580602083.30,+0003.91,+0002.93,+0010.74,+0003.06,+0002.60,-0013.86
+1580602083.31,+0006.84,+0002.93,+0010.74,-0003.60,-0000.08,-0005.59
+1580602083.31,-0000.98,+0003.91,+0011.72,+0002.60,-0000.69,-0008.35
+1580602083.32,-0002.93,+0005.86,+0011.72,-0000.77,-0002.45,-0012.63
+1580602083.32,-0000.98,+0003.91,+0010.74,-0000.69,-0000.92,-0011.03
+1580602083.33,+0004.88,+0002.93,+0009.77,-0000.23,+0002.22,-0007.66
+1580602083.33,-0004.88,+0004.88,+0009.77,-0000.08,-0000.69,-0008.42
+1580602083.34,-0001.95,+0006.84,+0010.74,+0000.00,-0002.83,-0007.27
+1580602083.34,+0000.00,+0003.91,+0009.77,+0000.46,+0001.15,-0010.80
+1580602083.35,-0003.91,+0004.88,+0009.77,-0000.54,+0001.45,-0009.72
+1580602083.35,-0003.91,+0006.84,+0009.77,+0002.07,-0000.08,-0010.41
+1580602083.36,-0001.95,+0006.84,+0009.77,+0000.38,+0002.37,-0014.70
+1580602083.36,-0006.84,+0005.86,+0010.74,-0000.38,-0002.99,-0011.56
+1580602083.37,+0000.98,+0007.81,+0010.74,-0001.15,+0004.90,-0009.26
+1580602083.37,-0004.88,+0007.81,+0008.79,-0002.91,+0002.83,-0013.63
+1580602083.38,-0001.95,+0004.88,+0008.79,-0002.22,-0009.34,+0001.23
+1580602083.38,+0007.81,+0007.81,+0007.81,+0004.29,+0005.59,-0010.03
+1580602083.39,-0016.60,+0006.84,+0008.79,+0005.44,-0002.99,-0009.03
+1580602083.39,-0002.93,+0008.79,+0008.79,-0001.84,+0000.54,-0015.39
+1580602083.40,+0000.98,+0004.88,+0007.81,-0000.92,-0003.37,-0011.48
+1580602083.40,-0005.86,+0006.84,+0007.81,+0001.00,+0000.46,-0006.74
+1580602083.41,-0007.81,+0008.79,+0007.81,+0000.08,-0000.77,-0015.47
+1580602083.41,-0003.91,+0007.81,+0009.77,-0000.46,-0001.00,-0009.88
+1580602083.42,-0001.95,+0005.86,+0009.77,-0000.23,-0000.54,-0011.56
+1580602083.42,-0003.91,+0005.86,+0007.81,-0000.61,-0000.54,-0010.11
+1580602083.43,-0004.88,+0006.84,+0005.86,-0002.53,-0001.91,-0006.81
+1580602083.43,+0000.00,+0004.88,+0004.88,+0000.08,+0000.69,-0005.97
+1580602083.44,-0005.86,+0003.91,+0002.93,+0000.54,-0001.91,-0011.56
+1580602083.44,-0004.88,+0005.86,+0003.91,+0001.76,-0001.91,-0014.16
+1580602083.45,+0006.84,+0003.91,+0003.91,-0002.45,-0004.98,-0004.90
+1580602083.45,+0009.77,+0003.91,+0003.91,-0000.69,+0003.22,-0004.67
+1580602083.46,-0011.72,+0004.88,+0002.93,+0001.61,+0000.69,-0014.47
+1580602083.46,-0005.86,+0003.91,+0002.93,-0001.45,-0005.13,-0017.38
+1580602083.47,+0006.84,+0000.98,+0000.98,-0004.06,-0001.38,-0015.47
+1580602083.47,+0001.95,+0000.00,-0000.98,+0000.46,+0000.61,-0011.10
+1580602083.48,-0007.81,+0002.93,-0000.98,-0002.22,-0003.68,-0012.86
+1580602083.48,+0001.95,+0001.95,+0000.00,+0001.15,+0000.31,-0012.56
+1580602083.49,+0001.95,-0001.95,-0001.95,-0001.91,-0001.61,-0009.65
+1580602083.49,+0001.95,+0000.98,-0002.93,-0001.91,+0001.61,-0010.72
+1580602083.50,-0001.95,-0000.98,-0003.91,-0002.14,-0000.92,-0007.73
+1580602083.50,+0001.95,-0002.93,-0003.91,-0000.84,+0000.15,-0008.04
+1580602083.51,+0000.00,-0002.93,-0003.91,-0000.46,-0000.69,-0008.96
+1580602083.51,+0002.93,-0001.95,-0003.91,-0000.08,-0002.60,-0005.97
+1580602083.51,+0003.91,-0003.91,-0004.88,-0001.53,+0003.52,-0011.25
+1580602083.52,+0000.98,-0003.91,-0004.88,-0000.61,+0000.00,-0008.04
+1580602083.52,-0000.98,-0003.91,-0005.86,-0000.23,-0003.52,-0012.10
+1580602083.53,+0004.88,-0005.86,-0006.84,+0001.15,-0001.07,-0010.49
+1580602083.53,+0000.98,-0005.86,-0007.81,+0000.77,+0002.14,-0010.18
+1580602083.54,-0004.88,-0005.86,-0006.84,-0000.54,+0001.00,-0009.42
+1580602083.54,+0001.95,-0005.86,-0006.84,-0001.53,+0000.38,-0006.43
+1580602083.55,+0001.95,-0006.84,-0006.84,-0000.23,+0002.14,-0006.89
+1580602083.55,-0008.79,-0004.88,-0007.81,+0000.08,+0001.15,-0009.26
+1580602083.56,-0004.88,-0005.86,-0006.84,-0001.84,-0000.31,-0011.94
+1580602083.56,-0000.98,-0006.84,-0006.84,-0000.84,+0002.30,-0012.40
+1580602083.57,-0000.98,-0005.86,-0006.84,-0000.08,+0001.99,-0008.04
+1580602083.57,-0008.79,-0004.88,-0005.86,-0000.46,+0001.99,-0011.71
+1580602083.58,-0006.84,-0005.86,-0004.88,-0000.31,-0001.30,-0014.24
+1580602083.58,-0002.93,-0006.84,-0006.84,-0001.23,-0002.14,-0008.35
+1580602083.59,-0001.95,-0006.84,-0008.79,+0000.84,+0001.38,-0008.65
+1580602083.59,-0005.86,-0005.86,-0007.81,+0001.76,-0004.13,-0008.04
+1580602083.60,-0001.95,-0006.84,-0005.86,+0001.99,-0002.37,-0007.50
+1580602083.60,+0000.98,-0005.86,-0004.88,+0000.92,+0000.46,-0008.12
+1580602083.61,-0006.84,-0005.86,-0004.88,-0001.84,-0000.61,-0007.66
+1580602083.61,-0002.93,-0004.88,-0004.88,-0004.06,+0001.84,-0014.09
+1580602083.62,+0000.00,-0006.84,-0004.88,+0001.68,-0001.23,-0013.09
+1580602083.62,+0000.98,-0004.88,-0003.91,+0001.53,+0003.90,-0012.94
+1580602083.63,-0004.88,-0002.93,-0003.91,+0000.92,-0004.75,-0010.95
+1580602083.63,+0008.79,-0004.88,-0001.95,-0000.61,-0004.90,-0002.53
+1580602083.64,+0004.88,-0003.91,-0001.95,+0002.68,+0007.81,-0009.65
+1580602083.64,-0012.70,-0001.95,-0000.98,-0002.76,+0000.46,-0006.20
+1580602083.65,+0002.93,-0001.95,-0001.95,-0000.08,-0002.14,-0016.08
+1580602083.65,+0006.84,-0005.86,-0000.98,+0003.45,+0001.61,-0009.34
+1580602083.66,-0003.91,-0001.95,-0000.98,+0000.61,+0000.23,-0010.18
+1580602083.66,-0001.95,-0000.98,+0000.98,+0000.38,-0003.45,-0005.67
+1580602083.67,+0006.84,-0001.95,+0000.98,-0000.08,+0005.51,-0010.64
+1580602083.67,-0003.91,-0002.93,+0000.00,+0000.77,-0000.08,-0008.35
+1580602083.68,-0000.98,-0000.98,+0000.98,+0001.07,-0004.67,-0008.19
+1580602083.68,+0005.86,-0001.95,+0000.98,+0001.45,-0001.91,-0005.74
+1580602083.69,+0001.95,-0002.93,+0001.95,+0003.22,+0001.91,-0009.26
+1580602083.69,+0000.00,+0000.00,+0003.91,+0001.38,-0000.31,-0010.49
+1580602083.70,+0000.98,+0000.00,+0003.91,+0001.68,-0000.15,-0012.71
+1580602083.70,+0003.91,-0000.98,+0004.88,+0001.00,+0001.38,-0014.85
+1580602083.71,-0002.93,+0000.98,+0004.88,+0001.07,-0003.60,-0014.01
+1580602083.71,+0005.86,+0000.98,+0004.88,-0001.45,-0001.45,-0012.56
+1580602083.72,+0005.86,+0000.00,+0004.88,+0000.77,+0002.14,-0007.73
+1580602083.72,-0005.86,+0001.95,+0005.86,+0001.91,+0001.00,-0007.66
+1580602083.73,-0002.93,+0002.93,+0006.84,+0001.30,-0003.52,-0010.41
+1580602083.73,+0005.86,+0000.98,+0007.81,+0002.07,+0001.07,-0008.35
+1580602083.74,+0001.95,+0001.95,+0007.81,+0000.38,-0001.38,-0005.82
+1580602083.74,+0000.00,+0004.88,+0009.77,+0000.69,+0001.53,-0007.20
+1580602083.75,+0000.98,+0003.91,+0010.74,-0000.61,-0004.13,-0004.52
+1580602083.75,+0001.95,+0002.93,+0010.74,-0000.77,+0002.14,-0011.64
+1580602083.76,-0005.86,+0004.88,+0009.77,+0001.61,-0003.06,-0012.48
+1580602083.76,+0000.00,+0005.86,+0009.77,+0001.61,-0001.91,-0012.10
+1580602083.77,+0001.95,+0004.88,+0008.79,+0001.00,+0001.99,-0011.48
+1580602083.77,-0005.86,+0006.84,+0010.74,+0003.98,-0003.29,-0009.65
+1580602083.78,-0004.88,+0008.79,+0012.70,+0002.07,+0000.38,-0011.87
+1580602083.78,-0005.86,+0007.81,+0012.70,+0001.99,-0000.69,-0012.02
+1580602083.79,+0000.98,+0006.84,+0012.70,+0000.77,+0000.38,-0005.90
+1580602083.79,-0002.93,+0008.79,+0010.74,-0001.07,+0004.67,-0010.64
+1580602083.80,-0009.77,+0008.79,+0010.74,+0000.08,-0003.83,-0008.12
+1580602083.80,+0000.00,+0007.81,+0009.77,-0001.99,+0000.61,-0010.87
+1580602083.81,-0001.95,+0007.81,+0009.77,+0001.45,+0002.37,-0011.87
+1580602083.81,-0008.79,+0010.74,+0010.74,+0003.22,-0002.22,-0012.71
+1580602083.82,+0001.95,+0010.74,+0012.70,+0000.84,-0002.30,-0011.79
+1580602083.82,+0000.98,+0010.74,+0012.70,-0001.07,+0000.92,-0009.88
+1580602083.83,-0003.91,+0011.72,+0011.72,-0000.84,-0005.82,-0006.81
+1580602083.83,+0001.95,+0011.72,+0010.74,+0000.31,+0000.23,-0012.56
+1580602083.84,+0003.91,+0008.79,+0010.74,+0001.84,+0001.61,-0008.42
+1580602083.84,+0000.00,+0011.72,+0010.74,+0001.23,-0001.91,-0009.49
+1580602083.85,-0001.95,+0012.70,+0010.74,-0000.54,-0001.53,-0012.25
+1580602083.85,+0002.93,+0011.72,+0008.79,+0001.91,-0002.37,-0011.87
+1580602083.86,+0003.91,+0009.77,+0008.79,+0002.68,+0000.08,-0011.03
+1580602083.86,+0000.98,+0011.72,+0008.79,-0003.90,-0002.45,-0005.21
+1580602083.87,+0003.91,+0011.72,+0009.77,+0002.83,+0003.14,-0011.71
+1580602083.87,-0005.86,+0011.72,+0009.77,-0003.90,+0000.84,-0012.33
+1580602083.88,+0003.91,+0011.72,+0009.77,-0001.53,-0000.92,-0007.81
+1580602083.88,+0005.86,+0009.77,+0006.84,-0002.45,+0004.21,-0008.27
+1580602083.89,-0007.81,+0011.72,+0005.86,-0001.15,+0004.36,-0011.41
+1580602083.89,-0002.93,+0010.74,+0004.88,+0003.98,+0001.15,-0017.76
+1580602083.90,+0003.91,+0009.77,+0004.88,-0001.61,-0001.61,-0009.34
+1580602083.90,+0000.00,+0007.81,+0004.88,-0000.61,-0000.61,-0009.80
+1580602083.91,+0002.93,+0011.72,+0005.86,+0003.22,-0001.30,-0009.72
+1580602083.91,+0000.00,+0010.74,+0004.88,+0000.38,-0003.90,-0008.27
+1580602083.92,+0003.91,+0008.79,+0002.93,-0002.83,-0001.91,-0006.58
+1580602083.92,+0003.91,+0007.81,+0000.00,-0001.38,+0000.84,-0009.42
+1580602083.93,+0000.98,+0006.84,-0000.98,-0001.76,-0002.60,-0010.41
+1580602083.93,+0009.77,+0005.86,-0000.98,+0000.84,-0000.69,-0008.04
+1580602083.94,+0007.81,+0006.84,-0001.95,+0000.23,-0000.23,-0005.44
+1580602083.94,-0006.84,+0007.81,-0001.95,-0000.31,+0004.67,-0014.78
+1580602083.95,+0002.93,+0004.88,-0001.95,+0004.21,+0002.99,-0016.15
+1580602083.95,+0003.91,+0004.88,-0002.93,-0003.83,+0001.23,-0007.66
+1580602083.96,-0001.95,+0002.93,-0003.91,+0002.07,+0003.52,-0010.03
+1580602083.96,-0004.88,+0006.84,-0003.91,+0000.15,+0001.38,-0016.46
+1580602083.97,-0004.88,+0003.91,-0002.93,-0001.38,-0003.83,-0007.27
+1580602083.97,+0002.93,+0003.91,-0003.91,-0000.92,+0004.67,-0012.17
+1580602083.98,-0005.86,+0003.91,-0005.86,-0005.13,+0000.84,-0007.43
+1580602083.98,-0003.91,+0003.91,-0007.81,-0002.68,-0001.38,-0005.13
+1580602083.99,-0001.95,+0000.00,-0008.79,+0000.08,+0001.53,-0006.12
+1580602083.99,-0009.77,+0001.95,-0008.79,-0000.69,+0001.76,-0008.65
+1580602084.00,-0006.84,+0001.95,-0007.81,+0001.45,-0003.37,-0010.41
+1580602084.00,+0000.98,+0000.98,-0008.79,-0001.45,+0000.92,-0010.49
+1580602084.01,-0004.88,+0000.98,-0007.81,+0001.53,+0003.14,-0012.02
+1580602084.01,-0010.74,+0003.91,-0007.81,-0002.30,-0004.75,-0010.03
+1580602084.02,-0001.95,+0002.93,-0008.79,-0003.68,+0001.61,-0015.31
+1580602084.02,+0000.98,-0000.98,-0009.77,-0001.15,-0001.53,-0008.04
+1580602084.03,-0001.95,+0002.93,-0010.74,+0000.77,+0002.68,-0009.26
+1580602084.03,-0007.81,+0002.93,-0009.77,+0001.07,-0002.30,-0010.18
+1580602084.04,+0001.95,+0002.93,-0007.81,-0000.61,-0001.68,-0012.33
+1580602084.04,+0000.00,+0000.98,-0009.77,-0003.06,+0001.76,-0012.33
+1580602084.05,+0000.00,+0002.93,-0010.74,-0000.08,+0000.31,-0009.65
+1580602084.05,+0000.00,+0000.98,-0011.72,+0001.53,-0000.92,-0010.49
+1580602084.06,+0004.88,+0001.95,-0010.74,+0001.76,-0003.06,-0010.03
+1580602084.06,+0003.91,+0000.98,-0011.72,-0001.30,+0000.00,-0008.35
+1580602084.07,+0002.93,+0001.95,-0010.74,-0002.45,+0000.38,-0007.89
+1580602084.07,+0002.93,+0000.98,-0011.72,+0001.68,+0001.07,-0010.26
+1580602084.08,+0002.93,+0000.00,-0011.72,-0002.99,+0000.31,-0008.88
+1580602084.08,+0000.00,+0000.00,-0012.70,+0003.83,-0000.08,-0014.32
+1580602084.09,+0003.91,-0000.98,-0010.74,+0002.91,-0002.22,-0011.94
+1580602084.09,+0004.88,-0000.98,-0011.72,-0003.52,+0003.75,-0008.88
+1580602084.10,+0000.00,+0000.00,-0011.72,-0000.92,+0001.38,-0011.79
+1580602084.10,-0001.95,-0001.95,-0012.70,+0000.15,-0003.60,-0010.26
+1580602084.11,+0004.88,-0002.93,-0012.70,-0000.69,-0000.77,-0007.89
+1580602084.11,+0000.00,-0002.93,-0013.67,+0000.61,+0001.68,-0011.18
+1580602084.12,-0002.93,-0001.95,-0012.70,-0001.00,-0001.99,-0009.88
+1580602084.12,+0004.88,-0002.93,-0013.67,-0002.91,-0001.76,-0005.44
+1580602084.13,+0007.81,-0002.93,-0014.65,-0000.23,+0001.30,-0006.12
+1580602084.13,-0005.86,-0000.98,-0015.62,-0001.99,+0000.46,-0009.57
+1580602084.14,-0003.91,-0001.95,-0014.65,+0001.23,-0002.37,-0013.02
+1580602084.14,+0005.86,-0002.93,-0014.65,-0001.91,+0002.14,-0009.88
+1580602084.15,+0002.93,-0002.93,-0015.62,+0002.07,+0001.91,-0007.12
+1580602084.15,-0005.86,+0000.00,-0014.65,+0000.61,-0002.30,-0005.05
+1580602084.16,+0000.00,-0000.98,-0013.67,-0001.30,-0002.76,-0007.96
+1580602084.16,+0001.95,-0001.95,-0012.70,+0002.53,+0003.29,-0011.25
+1580602084.17,-0001.95,+0000.00,-0012.70,-0000.92,-0001.00,-0007.20
+1580602084.17,-0005.86,+0000.98,-0012.70,-0002.37,-0000.61,-0013.48
+1580602084.18,-0001.95,+0000.00,-0011.72,+0001.84,-0003.52,-0011.25
+1580602084.18,+0000.00,+0000.00,-0012.70,+0001.15,+0000.31,-0009.95
+1580602084.19,-0004.88,+0000.00,-0011.72,-0000.92,+0001.15,-0010.03
+1580602084.19,-0003.91,+0001.95,-0010.74,+0001.00,-0000.69,-0010.41
+1580602084.20,+0000.00,+0000.98,-0009.77,+0001.99,-0000.84,-0010.57
+1580602084.20,-0001.95,+0001.95,-0009.77,+0000.23,-0001.30,-0009.95
+1580602084.21,-0000.98,+0001.95,-0009.77,-0001.38,+0002.07,-0010.87
+1580602084.21,-0000.98,+0000.98,-0009.77,+0000.77,-0003.83,-0006.43
+1580602084.22,+0002.93,+0001.95,-0009.77,-0001.00,+0000.23,-0008.73
+1580602084.22,-0000.98,+0001.95,-0009.77,+0001.68,-0002.30,-0008.80
+1580602084.23,+0000.98,+0001.95,-0008.79,+0002.68,-0003.83,-0011.48
+1580602084.23,+0005.86,+0001.95,-0008.79,-0003.83,-0001.76,-0008.96
+1580602084.24,+0007.81,+0000.98,-0008.79,+0002.60,+0001.53,-0011.41
+1580602084.24,-0002.93,+0001.95,-0007.81,-0000.54,+0000.00,-0010.72
+1580602084.25,+0003.91,+0002.93,-0005.86,-0002.14,-0006.28,-0007.35
+1580602084.25,+0010.74,+0000.98,-0007.81,-0001.00,+0003.90,-0007.12
+1580602084.26,-0001.95,+0001.95,-0007.81,+0000.08,+0004.52,-0011.48
+1580602084.26,-0004.88,+0002.93,-0005.86,+0004.59,-0001.91,-0016.61
+1580602084.27,+0004.88,+0001.95,-0005.86,-0003.29,-0002.37,-0008.04
+1580602084.27,+0002.93,-0000.98,-0006.84,-0000.23,+0002.91,-0010.18
+1580602084.28,-0004.88,+0001.95,-0006.84,-0000.92,+0003.52,-0010.41
+1580602084.28,-0005.86,+0000.98,-0005.86,+0001.45,-0002.30,-0013.40
+1580602084.29,+0002.93,-0000.98,-0005.86,-0002.60,+0000.38,-0013.17
+1580602084.29,+0000.00,-0000.98,-0007.81,-0000.69,+0001.53,-0012.10
+1580602084.30,-0002.93,+0000.98,-0007.81,-0000.54,+0000.61,-0011.87
+1580602084.30,+0001.95,-0001.95,-0006.84,+0000.69,-0006.20,-0004.67
+1580602084.31,+0009.77,-0002.93,-0007.81,+0000.15,+0000.38,-0003.22
+1580602084.31,-0002.93,-0001.95,-0007.81,-0001.00,+0002.22,-0010.87
+1580602084.32,+0000.98,-0001.95,-0006.84,+0000.77,-0001.38,-0015.31
+1580602084.32,+0012.70,-0003.91,-0007.81,-0001.30,-0001.91,-0009.19
+1580602084.33,+0004.88,-0003.91,-0009.77,+0000.69,+0002.91,-0008.73
+1580602084.33,+0000.00,-0002.93,-0008.79,+0000.92,-0000.23,-0009.57
+1580602084.34,+0003.91,-0004.88,-0008.79,+0001.84,+0001.15,-0014.24
+1580602084.34,+0005.86,-0006.84,-0006.84,-0001.15,+0000.54,-0005.51
+1580602084.35,+0000.98,-0003.91,-0006.84,+0003.14,-0000.84,-0007.89
+1580602084.35,-0001.95,-0003.91,-0005.86,+0000.31,+0001.38,-0007.50
+1580602084.36,-0000.98,-0004.88,-0006.84,+0001.15,-0000.61,-0008.96
+1580602084.36,+0002.93,-0006.84,-0006.84,-0001.76,+0002.83,-0008.27
+1580602084.37,-0002.93,-0005.86,-0007.81,+0000.54,+0000.15,-0007.27
+1580602084.37,-0003.91,-0004.88,-0006.84,+0001.53,+0001.76,-0013.02
+1580602084.38,-0006.84,-0006.84,-0005.86,-0002.30,-0001.15,-0010.34
+1580602084.38,+0001.95,-0006.84,-0006.84,+0001.38,-0000.54,-0011.18
+1580602084.39,-0002.93,-0008.79,-0008.79,+0000.92,+0000.23,-0011.79
+1580602084.39,-0006.84,-0007.81,-0009.77,-0002.30,-0002.91,-0008.35
+1580602084.40,-0002.93,-0008.79,-0009.77,+0001.00,+0000.08,-0013.25
+1580602084.40,-0000.98,-0010.74,-0009.77,-0000.69,-0000.54,-0009.42
+1580602084.41,-0000.98,-0009.77,-0010.74,+0001.61,-0000.69,-0010.18
+1580602084.41,-0002.93,-0008.79,-0009.77,-0001.30,+0000.54,-0011.64
+1580602084.42,-0002.93,-0010.74,-0009.77,+0000.15,-0004.36,-0011.41
+1580602084.42,+0004.88,-0011.72,-0009.77,+0000.54,+0003.37,-0008.19
+1580602084.43,-0002.93,-0009.77,-0009.77,-0002.30,+0003.45,-0009.42
+1580602084.43,-0009.77,-0010.74,-0009.77,+0000.92,-0003.29,-0008.12
+1580602084.44,+0000.00,-0010.74,-0009.77,-0002.99,-0001.00,-0010.95
+1580602084.44,+0000.98,-0012.70,-0010.74,+0001.07,+0003.83,-0011.03
+1580602084.45,-0001.95,-0009.77,-0010.74,-0000.23,-0000.84,-0009.95
+1580602084.45,-0003.91,-0009.77,-0008.79,+0000.77,+0000.00,-0010.18
+1580602084.46,-0000.98,-0009.77,-0007.81,-0000.54,-0005.21,-0009.11
+1580602084.46,+0003.91,-0011.72,-0007.81,+0002.07,+0003.75,-0008.42
+1580602084.47,+0000.00,-0009.77,-0008.79,-0002.83,+0000.00,-0008.96
+1580602084.47,-0004.88,-0009.77,-0008.79,-0000.23,-0002.99,-0012.94
+1580602084.48,+0000.98,-0009.77,-0009.77,-0000.69,+0000.23,-0013.25
+1580602084.48,+0002.93,-0011.72,-0010.74,+0003.75,-0004.52,-0009.72
+1580602084.49,+0002.93,-0009.77,-0009.77,-0001.38,+0003.83,-0012.10
+1580602084.49,+0000.00,-0007.81,-0008.79,+0002.83,+0002.30,-0010.41
+1580602084.50,+0003.91,-0007.81,-0005.86,-0001.00,-0002.91,-0009.42
+1580602084.50,+0000.00,-0009.77,-0006.84,-0000.31,+0000.54,-0011.87
+1580602084.51,+0005.86,-0007.81,-0007.81,-0001.38,+0002.30,-0009.03
+1580602084.51,+0001.95,-0008.79,-0009.77,+0000.46,+0001.76,-0012.86
+1580602084.52,+0000.00,-0008.79,-0009.77,+0001.84,-0001.68,-0008.04
+1580602084.52,+0001.95,-0007.81,-0009.77,+0003.29,-0000.54,-0013.55
+1580602084.53,+0001.95,-0007.81,-0007.81,+0003.83,-0000.31,-0013.86
+1580602084.53,+0001.95,-0006.84,-0006.84,-0000.31,-0001.07,-0005.97
+1580602084.54,+0005.86,-0005.86,-0005.86,+0000.61,+0001.38,-0012.33
+1580602084.54,+0001.95,-0007.81,-0005.86,+0001.91,+0001.53,-0007.89
+1580602084.55,+0000.98,-0006.84,-0005.86,-0002.91,+0000.38,-0007.20
+1580602084.55,-0003.91,-0007.81,-0006.84,+0000.54,+0000.77,-0008.73
+1580602084.56,+0000.98,-0006.84,-0006.84,-0001.07,+0001.91,-0009.42
+1580602084.56,-0000.98,-0008.79,-0006.84,+0000.92,-0000.15,-0008.27
+1580602084.57,+0000.00,-0006.84,-0004.88,+0000.84,+0000.23,-0010.34
+1580602084.57,-0002.93,-0006.84,-0003.91,-0000.54,-0003.06,-0010.87
+1580602084.58,+0001.95,-0006.84,-0002.93,-0000.23,+0002.68,-0011.56
+1580602084.58,-0005.86,-0006.84,-0003.91,-0000.08,+0000.69,-0012.25
+1580602084.59,-0003.91,-0005.86,-0004.88,+0000.23,-0003.22,-0010.03
+1580602084.59,-0000.98,-0008.79,-0006.84,-0003.45,+0000.15,-0008.27
+1580602084.60,-0003.91,-0007.81,-0005.86,-0001.45,+0000.77,-0008.96
+1580602084.60,-0004.88,-0006.84,-0005.86,+0001.00,-0002.76,-0011.10
+1580602084.61,+0002.93,-0006.84,-0004.88,-0000.46,+0000.23,-0011.87
+1580602084.61,+0000.00,-0007.81,-0005.86,+0002.22,-0001.38,-0009.65
+1580602084.62,-0003.91,-0005.86,-0005.86,-0000.08,-0002.37,-0009.11
+1580602084.62,-0002.93,-0006.84,-0004.88,-0000.61,+0000.38,-0012.25
+1580602084.63,+0002.93,-0007.81,-0004.88,-0000.84,+0000.54,-0012.63
+1580602084.63,+0003.91,-0007.81,-0003.91,+0000.61,+0001.15,-0009.49
+1580602084.64,+0000.00,-0005.86,-0003.91,-0002.45,+0001.23,-0013.40
+1580602084.64,-0003.91,-0007.81,-0004.88,-0000.38,-0005.97,-0010.41
+1580602084.65,+0006.84,-0007.81,-0004.88,+0001.61,+0000.69,-0012.17
+1580602084.65,-0003.91,-0008.79,-0005.86,+0000.38,-0001.76,-0007.66
+1580602084.66,-0000.98,-0006.84,-0004.88,+0002.91,-0001.53,-0009.49
+1580602084.66,-0001.95,-0008.79,-0004.88,-0001.15,+0001.91,-0012.40
+1580602084.67,+0000.00,-0008.79,-0002.93,-0000.23,-0004.90,-0005.59
+1580602084.67,+0007.81,-0007.81,-0003.91,+0002.22,+0003.22,-0004.82
+1580602084.68,-0004.88,-0007.81,-0003.91,-0002.22,+0003.98,-0011.87
+1580602084.68,-0004.88,-0009.77,-0003.91,-0000.54,-0005.36,-0007.20
+1580602084.69,+0011.72,-0007.81,-0003.91,-0002.45,+0002.14,-0011.87
+1580602084.69,-0003.91,-0009.77,-0004.88,-0002.07,+0004.21,-0010.72
+1580602084.70,-0003.91,-0008.79,-0004.88,+0003.52,-0004.06,-0009.80
+1580602084.70,+0002.93,-0007.81,-0003.91,+0000.61,+0000.69,-0015.01
+1580602084.71,+0001.95,-0008.79,-0002.93,-0000.61,-0003.29,-0008.80
+1580602084.71,+0002.93,-0007.81,-0003.91,+0001.76,-0000.15,-0009.42
+1580602084.72,-0002.93,-0006.84,-0003.91,-0002.22,+0003.52,-0014.39
+1580602084.72,+0000.00,-0008.79,-0002.93,+0002.30,-0002.14,-0014.47
+1580602084.73,+0006.84,-0007.81,-0001.95,-0001.84,-0003.52,-0005.28
+1580602084.73,+0006.84,-0007.81,-0000.98,+0000.23,+0000.08,-0007.50
+1580602084.74,+0000.98,-0006.84,-0000.98,+0000.61,+0003.29,-0013.09
+1580602084.74,-0008.79,-0006.84,-0001.95,-0003.06,-0001.84,-0008.19
+1580602084.75,+0005.86,-0007.81,-0002.93,+0002.45,-0002.30,-0013.86
+1580602084.75,+0004.88,-0009.77,-0004.88,-0000.69,+0001.84,-0008.80
+1580602084.76,-0004.88,-0006.84,-0001.95,+0001.68,-0000.38,-0008.65
+1580602084.76,-0002.93,-0004.88,+0000.00,-0000.38,-0001.07,-0014.93
+1580602084.77,+0003.91,-0007.81,+0000.98,+0000.38,-0000.15,-0007.89
+1580602084.77,-0002.93,-0006.84,-0000.98,-0002.83,-0002.07,-0007.89
+1580602084.78,-0003.91,-0005.86,+0000.00,+0001.45,-0001.45,-0008.88
+1580602084.78,-0001.95,-0006.84,-0000.98,-0002.68,+0002.76,-0011.56
+1580602084.79,-0003.91,-0007.81,+0000.00,+0000.77,+0001.30,-0010.18
+1580602084.79,-0002.93,-0005.86,-0000.98,+0000.46,-0001.45,-0010.11
+1580602084.80,+0000.00,-0005.86,+0000.00,-0001.45,-0001.76,-0006.74
+1580602084.80,-0003.91,-0005.86,+0000.00,+0003.52,+0000.31,-0010.11
+1580602084.81,-0004.88,-0004.88,+0001.95,+0002.60,-0003.37,-0011.56
+1580602084.81,+0000.98,-0004.88,+0001.95,-0003.22,+0001.45,-0008.35
+1580602084.82,-0004.88,-0004.88,+0001.95,+0003.06,-0000.15,-0011.94
+1580602084.82,-0006.84,-0002.93,+0001.95,+0000.84,-0001.84,-0009.65
+1580602084.83,+0000.98,-0003.91,+0001.95,-0001.99,-0001.45,-0005.90
+1580602084.83,+0000.00,-0004.88,+0001.95,+0002.22,+0003.98,-0013.02
+1580602084.84,-0006.84,-0002.93,+0002.93,-0000.92,-0003.37,-0007.50
+1580602084.84,+0000.98,-0001.95,+0002.93,-0000.92,+0001.91,-0014.62
+1580602084.85,-0002.93,-0003.91,+0003.91,+0001.99,-0001.00,-0014.24
+1580602084.85,-0002.93,-0000.98,+0003.91,+0000.15,-0005.05,-0008.65
+1580602084.86,+0003.91,-0000.98,+0002.93,+0001.68,+0001.38,-0011.33
+1580602084.86,-0004.88,-0002.93,+0003.91,+0001.76,-0001.68,-0008.73
+1580602084.87,+0000.00,+0000.98,+0004.88,-0000.61,-0001.15,-0010.87
+1580602084.87,-0000.98,-0000.98,+0004.88,-0002.22,+0001.45,-0010.26
+1580602084.88,-0000.98,-0000.98,+0005.86,-0000.31,-0000.54,-0009.42
+1580602084.88,+0000.00,+0000.00,+0005.86,+0000.00,-0000.46,-0008.50
+1580602084.89,+0000.00,+0000.98,+0005.86,+0000.92,+0002.22,-0013.70
+1580602084.89,-0000.98,+0000.00,+0005.86,-0000.54,-0005.82,-0009.11
+1580602084.90,+0008.79,+0000.98,+0004.88,-0002.14,+0003.98,-0012.25
+1580602084.90,-0000.98,+0000.00,+0004.88,-0000.54,-0000.38,-0006.05
+1580602084.91,+0000.98,+0002.93,+0005.86,+0004.75,-0000.84,-0012.33
+1580602084.91,+0000.00,+0001.95,+0006.84,+0002.22,-0001.91,-0012.94
+1580602084.92,+0004.88,+0001.95,+0006.84,-0000.46,+0000.23,-0010.11
+1580602084.92,+0003.91,+0001.95,+0005.86,+0001.07,-0000.15,-0009.49
+1580602084.93,+0001.95,+0003.91,+0005.86,-0000.69,-0000.69,-0009.88
+1580602084.93,+0001.95,+0001.95,+0004.88,-0001.30,-0003.75,-0007.27
+1580602084.94,+0004.88,+0000.98,+0004.88,+0001.45,-0000.77,-0010.03
+1580602084.94,+0004.88,+0001.95,+0004.88,-0002.60,+0001.91,-0006.81
+1580602084.95,-0000.98,+0001.95,+0004.88,-0001.53,-0002.53,-0004.59
+1580602084.95,+0001.95,+0001.95,+0003.91,+0000.00,+0000.15,-0011.64
+1580602084.96,-0000.98,+0000.00,+0002.93,-0001.38,+0000.08,-0009.88
+1580602084.96,+0001.95,+0000.00,+0003.91,-0000.23,-0000.92,-0006.89
+1580602084.97,-0001.95,+0000.98,+0002.93,-0001.38,+0001.53,-0009.19
+1580602084.97,-0006.84,+0000.00,+0003.91,+0003.14,+0003.22,-0013.09
+1580602084.98,-0003.91,-0000.98,+0004.88,-0005.44,-0005.13,-0010.49
+1580602084.98,+0005.86,-0000.98,+0003.91,-0002.83,+0005.05,-0008.65
+1580602084.99,-0006.84,-0002.93,+0000.98,-0003.14,+0004.29,-0010.64
+1580602084.99,-0011.72,-0000.98,+0000.98,+0001.45,-0003.22,-0010.95
+1580602085.00,-0002.93,-0002.93,+0000.00,-0000.31,-0001.45,-0014.32
+1580602085.00,-0001.95,-0005.86,+0000.00,+0000.15,+0001.30,-0010.41
+1580602085.01,-0008.79,-0002.93,+0000.00,-0001.23,-0000.38,-0009.11
+1580602085.01,-0006.84,-0001.95,+0000.98,+0000.31,-0001.23,-0014.47
+1580602085.02,+0003.91,-0004.88,+0000.98,-0002.45,-0001.99,-0007.66
+1580602085.02,-0003.91,-0004.88,-0000.98,-0001.61,-0000.38,-0009.11
+1580602085.03,-0007.81,-0003.91,-0000.98,+0000.69,-0002.83,-0009.72
+1580602085.03,+0000.00,-0005.86,-0001.95,-0000.46,-0001.30,-0013.40
+1580602085.04,+0001.95,-0007.81,-0000.98,+0002.14,+0000.84,-0010.41
+1580602085.04,-0002.93,-0003.91,-0000.98,-0002.68,-0000.15,-0009.57
+1580602085.05,-0000.98,-0004.88,+0000.00,+0001.38,-0001.23,-0011.87
+1580602085.05,-0000.98,-0006.84,-0000.98,-0000.23,-0001.30,-0013.25
+1580602085.06,+0002.93,-0006.84,+0000.00,-0000.08,-0000.61,-0006.89
+1580602085.06,+0001.95,-0006.84,-0001.95,-0000.23,+0000.61,-0007.04
+1580602085.07,-0001.95,-0006.84,-0000.98,-0000.61,+0000.54,-0008.80
+1580602085.07,+0001.95,-0006.84,-0000.98,-0001.00,-0000.46,-0007.04
+1580602085.08,+0000.98,-0007.81,-0001.95,-0000.54,+0002.91,-0012.25
+1580602085.08,-0005.86,-0007.81,-0001.95,-0000.46,+0001.45,-0012.63
+1580602085.09,-0000.98,-0007.81,-0000.98,+0000.31,-0000.46,-0015.62
+1580602085.09,+0002.93,-0008.79,+0000.00,+0000.61,+0002.68,-0010.26
+1580602085.10,-0004.88,-0006.84,+0000.00,-0001.00,+0000.61,-0010.72
+1580602085.10,-0004.88,-0006.84,+0000.00,+0000.38,-0005.36,-0009.34
+1580602085.11,+0004.88,-0007.81,+0000.00,-0002.07,+0003.98,-0009.72
+1580602085.11,-0002.93,-0008.79,-0000.98,+0001.38,-0001.53,-0008.88
+1580602085.12,-0000.98,-0006.84,+0000.00,+0000.31,-0002.99,-0008.35
+1580602085.12,+0000.00,-0008.79,+0000.00,+0001.30,-0000.38,-0009.72
+1580602085.13,-0001.95,-0008.79,+0001.95,+0000.92,-0000.61,-0012.48
+1580602085.13,-0000.98,-0007.81,+0001.95,-0000.46,-0001.53,-0008.96
+1580602085.14,+0001.95,-0006.84,+0002.93,+0001.91,+0001.84,-0014.01
+1580602085.14,-0000.98,-0007.81,+0002.93,+0001.84,-0004.90,-0006.81
+1580602085.15,+0005.86,-0005.86,+0002.93,+0001.30,+0001.76,-0011.33
+1580602085.15,-0002.93,-0007.81,+0003.91,+0000.54,-0001.76,-0010.18
+1580602085.16,+0004.88,-0005.86,+0005.86,+0000.69,-0001.76,-0007.35
+1580602085.16,+0001.95,-0005.86,+0005.86,+0000.23,+0000.61,-0006.28
+1580602085.17,-0000.98,-0004.88,+0006.84,+0003.75,-0001.30,-0010.49
+1580602085.17,-0000.98,-0004.88,+0006.84,-0001.45,+0000.69,-0008.27
+1580602085.18,+0000.98,-0004.88,+0007.81,-0002.60,+0001.23,-0010.80
+1580602085.18,+0000.98,-0004.88,+0007.81,+0001.76,+0001.68,-0007.73
+1580602085.19,-0000.98,-0002.93,+0008.79,+0004.36,+0000.23,-0010.95
+1580602085.19,-0006.84,-0002.93,+0009.77,+0002.07,-0000.31,-0011.25
+1580602085.20,+0000.98,-0002.93,+0010.74,-0000.69,+0002.53,-0010.72
+1580602085.20,-0006.84,-0001.95,+0010.74,+0002.37,+0002.22,-0010.03
+1580602085.21,-0005.86,-0000.98,+0011.72,+0001.45,-0001.07,-0007.66
+1580602085.21,-0001.95,-0000.98,+0013.67,+0001.61,+0000.61,-0013.86
+1580602085.22,-0005.86,+0000.00,+0014.65,+0000.61,-0002.37,-0007.43
+1580602085.22,-0001.95,+0001.95,+0015.62,+0001.30,-0002.07,-0009.03
+1580602085.23,-0004.88,+0001.95,+0014.65,-0000.54,+0002.45,-0012.02
+1580602085.23,-0009.77,+0001.95,+0014.65,-0000.69,-0003.98,-0009.42
+1580602085.24,+0002.93,+0001.95,+0014.65,+0002.37,+0000.15,-0013.09
+1580602085.24,-0001.95,+0001.95,+0014.65,-0000.84,+0000.00,-0009.72
+1580602085.25,-0004.88,+0004.88,+0016.60,+0000.92,-0001.30,-0012.02
+1580602085.25,-0001.95,+0003.91,+0017.58,+0000.69,-0002.07,-0008.19
+1580602085.26,+0003.91,+0003.91,+0017.58,+0001.00,+0003.45,-0009.88
+1580602085.26,-0005.86,+0004.88,+0017.58,+0001.07,+0001.30,-0009.88
+1580602085.27,-0000.98,+0007.81,+0018.55,-0000.08,+0000.31,-0012.71
+1580602085.27,+0000.98,+0005.86,+0017.58,+0002.14,-0001.00,-0014.62
+1580602085.28,+0003.91,+0005.86,+0017.58,+0001.45,-0001.91,-0006.89
+1580602085.28,-0000.98,+0008.79,+0017.58,-0001.45,+0001.07,-0010.03
+1580602085.29,-0005.86,+0007.81,+0020.51,+0004.98,-0003.29,-0011.64
+1580602085.29,+0004.88,+0007.81,+0021.48,-0002.60,-0003.06,-0010.57
+1580602085.30,+0005.86,+0006.84,+0020.51,+0000.23,-0001.00,-0008.42
+1580602085.30,+0001.95,+0009.77,+0019.53,-0000.61,+0002.30,-0010.49
+1580602085.31,-0000.98,+0009.77,+0019.53,+0001.76,-0003.45,-0008.42
+1580602085.31,+0004.88,+0007.81,+0019.53,+0002.14,+0001.61,-0011.87
+1580602085.32,+0004.88,+0006.84,+0019.53,+0003.83,-0001.07,-0007.12
+1580602085.32,+0004.88,+0009.77,+0021.48,-0001.00,+0001.76,-0012.94
+1580602085.33,+0000.00,+0009.77,+0022.46,+0000.23,-0000.23,-0010.80
+1580602085.33,+0005.86,+0010.74,+0022.46,+0000.69,-0002.07,-0012.86
+1580602085.34,+0004.88,+0008.79,+0020.51,+0002.83,-0000.31,-0011.18
+1580602085.34,+0001.95,+0010.74,+0018.55,-0001.00,-0002.14,-0006.66
+1580602085.35,+0000.00,+0009.77,+0017.58,+0001.68,+0003.06,-0013.32
+1580602085.35,+0002.93,+0008.79,+0018.55,+0000.84,+0002.14,-0008.58
+1580602085.36,+0002.93,+0009.77,+0019.53,+0000.15,+0002.14,-0009.80
+1580602085.36,-0001.95,+0010.74,+0020.51,-0001.07,-0002.45,-0006.97
+1580602085.37,+0000.00,+0011.72,+0019.53,+0001.53,-0000.15,-0009.11
+1580602085.37,+0000.00,+0008.79,+0018.55,+0002.45,-0000.61,-0004.90
+1580602085.38,-0000.98,+0009.77,+0017.58,-0000.69,+0002.99,-0009.88
+1580602085.38,-0006.84,+0010.74,+0016.60,-0000.08,+0000.84,-0012.17
+1580602085.39,-0000.98,+0009.77,+0016.60,+0000.46,-0004.36,-0008.27
+1580602085.39,+0000.98,+0008.79,+0015.62,-0002.30,+0004.36,-0012.02
+1580602085.40,-0007.81,+0010.74,+0015.62,+0001.53,-0001.00,-0011.48
+1580602085.40,-0000.98,+0010.74,+0016.60,+0000.31,-0001.76,-0008.65
+1580602085.41,-0002.93,+0009.77,+0014.65,-0001.07,+0001.76,-0009.65
+1580602085.41,-0007.81,+0009.77,+0013.67,+0002.83,-0002.99,-0010.03
+1580602085.42,-0001.95,+0010.74,+0012.70,-0001.07,-0003.06,-0010.03
+1580602085.42,+0003.91,+0008.79,+0010.74,-0000.46,-0000.61,-0008.73
+1580602085.43,-0007.81,+0009.77,+0011.72,+0001.61,-0002.91,-0008.65
+1580602085.43,-0002.93,+0011.72,+0012.70,+0001.38,-0003.98,-0010.26
+1580602085.44,+0000.00,+0008.79,+0011.72,-0003.45,+0001.45,-0010.57
+1580602085.44,-0001.95,+0008.79,+0010.74,+0000.77,+0000.92,-0010.41
+1580602085.45,-0001.95,+0010.74,+0010.74,-0001.30,-0000.15,-0011.71
+1580602085.45,+0000.00,+0008.79,+0010.74,-0001.07,-0002.14,-0009.95
+1580602085.46,+0002.93,+0007.81,+0008.79,-0000.38,-0003.06,-0008.42
+1580602085.46,-0000.98,+0009.77,+0007.81,+0000.08,-0001.15,-0010.49
+1580602085.47,-0002.93,+0008.79,+0006.84,-0001.07,-0000.08,-0012.10
+1580602085.47,+0003.91,+0006.84,+0006.84,+0000.08,+0000.00,-0011.10
+1580602085.48,+0000.98,+0006.84,+0005.86,+0002.76,-0000.08,-0012.86
+1580602085.48,-0001.95,+0008.79,+0005.86,-0002.14,-0000.15,-0010.41
+1580602085.49,-0000.98,+0006.84,+0005.86,+0002.22,-0002.45,-0013.63
+1580602085.49,+0006.84,+0005.86,+0006.84,-0006.05,-0000.61,-0008.96
+1580602085.50,+0005.86,+0005.86,+0004.88,-0003.98,+0001.61,-0004.21
+1580602085.50,-0000.98,+0005.86,+0001.95,+0000.15,+0004.44,-0009.95
+1580602085.51,-0011.72,+0004.88,+0000.98,-0002.14,-0001.15,-0013.48
+1580602085.51,+0004.88,+0002.93,+0000.98,-0000.38,+0001.30,-0013.32
+1580602085.52,+0005.86,+0000.98,-0000.98,-0000.54,+0003.75,-0009.72
+1580602085.52,-0003.91,+0004.88,+0000.00,+0001.45,-0000.15,-0008.27
+1580602085.53,-0003.91,+0007.81,+0000.98,+0000.08,-0001.53,-0013.70
+1580602085.53,+0002.93,+0002.93,+0000.98,-0001.00,-0001.53,-0011.64
+1580602085.54,+0002.93,+0001.95,-0000.98,-0002.37,-0000.77,-0008.88
+1580602085.54,+0000.98,+0003.91,-0003.91,-0000.54,-0000.61,-0006.66
+1580602085.55,-0002.93,+0002.93,-0004.88,+0001.61,-0001.99,-0008.27
+1580602085.55,+0000.98,+0000.98,-0004.88,-0002.22,-0003.75,-0009.19
+1580602085.56,+0004.88,+0000.98,-0005.86,+0000.15,-0001.15,-0007.96
+1580602085.56,+0001.95,+0001.95,-0004.88,-0000.38,+0004.75,-0008.65
+1580602085.57,-0003.91,+0002.93,-0003.91,-0000.84,+0000.31,-0010.03
+1580602085.57,+0004.88,+0003.91,-0003.91,+0000.46,-0002.83,-0008.96
+1580602085.58,+0001.95,+0000.98,-0004.88,-0000.69,+0001.76,-0008.73
+1580602085.58,-0001.95,+0003.91,-0004.88,-0001.15,+0000.31,-0009.42
+1580602085.59,-0002.93,+0002.93,-0005.86,+0000.31,+0004.29,-0013.78
+1580602085.59,-0002.93,+0002.93,-0004.88,-0002.99,-0001.07,-0013.02
+1580602085.60,+0000.00,+0002.93,-0005.86,+0000.61,-0000.38,-0012.17
+1580602085.60,-0000.98,+0002.93,-0004.88,+0000.15,-0001.76,-0009.95
+1580602085.61,-0002.93,+0002.93,-0004.88,+0000.92,-0001.53,-0005.51
+1580602085.61,-0001.95,+0002.93,-0004.88,-0001.91,+0004.36,-0007.73
+1580602085.62,-0008.79,+0001.95,-0005.86,-0002.45,-0005.28,-0003.75
+1580602085.62,+0005.86,+0000.98,-0006.84,+0003.29,-0000.61,-0007.96
+1580602085.63,+0000.00,+0001.95,-0006.84,-0001.30,+0002.83,-0010.34
+1580602085.63,-0009.77,+0001.95,-0004.88,-0000.92,-0003.90,-0009.49
+1580602085.64,+0000.98,+0003.91,-0004.88,-0002.76,+0000.54,-0016.23
+1580602085.64,+0000.00,+0000.00,-0006.84,-0001.76,+0000.92,-0009.34
+1580602085.65,+0000.00,+0000.98,-0007.81,+0001.61,-0001.84,-0010.87
+1580602085.65,-0000.98,+0002.93,-0007.81,+0001.15,-0000.15,-0011.64
+1580602085.66,-0003.91,+0001.95,-0006.84,-0003.52,+0000.23,-0011.25
+1580602085.66,+0001.95,+0000.98,-0007.81,+0002.14,-0002.22,-0008.35
+1580602085.67,+0002.93,+0001.95,-0007.81,-0000.92,+0000.54,-0010.11
+1580602085.67,-0000.98,+0001.95,-0007.81,+0000.77,+0000.31,-0008.96
+1580602085.68,-0005.86,+0002.93,-0007.81,-0002.45,+0000.31,-0011.18
+1580602085.68,-0001.95,+0000.98,-0007.81,-0001.91,-0002.53,-0009.65
+1580602085.69,+0004.88,+0000.98,-0009.77,-0001.91,+0002.22,-0009.11
+1580602085.69,-0002.93,+0000.00,-0008.79,+0001.23,-0002.14,-0012.02
+1580602085.70,-0001.95,+0003.91,-0008.79,-0002.83,-0001.76,-0011.33
+1580602085.70,+0000.00,+0000.98,-0009.77,-0001.68,+0001.00,-0010.87
+1580602085.71,+0000.00,+0000.98,-0009.77,-0001.84,+0002.76,-0010.34
+1580602085.71,-0001.95,+0001.95,-0011.72,+0000.23,-0002.30,-0013.25
+1580602085.72,+0000.00,+0000.98,-0011.72,+0000.77,-0001.91,-0009.57
+1580602085.72,+0000.00,+0001.95,-0011.72,+0000.77,+0002.68,-0013.02
+1580602085.73,-0000.98,+0000.98,-0010.74,+0000.38,-0001.38,-0011.10
+1580602085.73,+0003.91,+0002.93,-0011.72,-0001.84,-0001.45,-0010.57
+1580602085.74,+0005.86,+0000.00,-0011.72,+0000.38,-0000.77,-0005.28
+1580602085.74,-0003.91,+0002.93,-0012.70,-0005.28,-0005.28,-0006.81
+1580602085.75,+0000.98,+0000.00,-0011.72,+0005.51,+0000.61,-0013.40
+1580602085.75,+0005.86,+0001.95,-0012.70,-0004.21,+0000.84,-0011.25
+1580602085.76,+0000.98,-0000.98,-0012.70,-0001.84,+0001.15,-0009.49
+1580602085.76,+0001.95,+0002.93,-0012.70,-0003.60,-0000.38,-0010.72
+1580602085.77,+0000.98,+0000.98,-0011.72,-0000.08,-0001.99,-0008.12
+1580602085.77,+0000.00,+0000.00,-0012.70,-0000.46,+0002.60,-0009.34
+1580602085.78,-0003.91,+0000.00,-0014.65,-0002.37,-0004.29,-0007.66
+1580602085.78,+0007.81,-0001.95,-0014.65,+0003.52,-0001.61,-0001.00
+1580602085.79,+0001.95,+0000.00,-0014.65,-0001.91,+0003.45,-0011.18
+1580602085.79,-0010.74,-0000.98,-0012.70,-0002.07,-0001.76,-0006.43
+1580602085.80,+0005.86,+0001.95,-0011.72,-0001.91,+0002.53,-0016.08
+1580602085.80,-0000.98,-0000.98,-0013.67,-0002.99,+0003.83,-0008.27
+1580602085.81,-0005.86,-0001.95,-0013.67,-0004.36,-0001.15,-0008.04
+1580602085.81,-0000.98,-0000.98,-0013.67,-0002.14,+0000.84,-0011.18
+1580602085.82,-0004.88,-0001.95,-0013.67,-0001.99,+0000.38,-0010.26
+1580602085.82,-0005.86,-0002.93,-0014.65,-0000.69,+0000.31,-0012.79
+1580602085.83,-0002.93,-0002.93,-0015.62,-0002.83,+0001.00,-0012.48
+1580602085.83,-0004.88,-0004.88,-0016.60,+0000.84,-0000.23,-0010.18
+1580602085.84,-0005.86,-0003.91,-0015.62,-0000.23,-0001.30,-0011.56
+1580602085.84,-0004.88,-0002.93,-0015.62,+0000.69,+0000.92,-0009.57
+1580602085.85,-0003.91,-0004.88,-0015.62,-0000.23,-0000.61,-0009.11
+1580602085.85,+0000.98,-0004.88,-0015.62,-0000.54,-0000.69,-0007.89
+1580602085.86,+0000.00,-0004.88,-0015.62,+0000.15,+0000.15,-0011.03
+1580602085.86,-0001.95,-0004.88,-0015.62,-0000.84,-0004.21,-0006.20
+1580602085.87,+0000.00,-0005.86,-0016.60,-0001.76,+0000.54,-0011.18
+1580602085.87,-0000.98,-0006.84,-0016.60,-0000.38,-0000.08,-0012.86
+1580602085.88,+0002.93,-0006.84,-0015.62,+0001.07,-0000.84,-0009.72
+1580602085.88,-0000.98,-0006.84,-0014.65,+0000.00,-0004.21,-0009.19
+1580602085.89,+0000.00,-0005.86,-0013.67,+0000.38,+0002.91,-0014.32
+1580602085.89,+0001.95,-0007.81,-0013.67,-0002.53,-0001.76,-0007.12
+1580602085.90,+0005.86,-0007.81,-0012.70,+0000.08,-0000.31,-0010.03
+1580602085.90,-0000.98,-0007.81,-0012.70,+0001.61,-0000.77,-0007.50
+1580602085.91,-0002.93,-0006.84,-0012.70,+0001.45,-0001.68,-0012.10
+1580602085.91,+0000.00,-0009.77,-0012.70,+0000.23,-0000.92,-0011.48
+1580602085.92,+0004.88,-0009.77,-0012.70,-0000.61,-0002.53,-0006.51
+1580602085.92,+0005.86,-0009.77,-0011.72,+0001.15,+0002.99,-0008.73
+1580602085.93,-0002.93,-0006.84,-0011.72,+0000.61,+0002.07,-0011.48
+1580602085.93,-0004.88,-0008.79,-0011.72,-0001.07,-0003.14,-0011.79
+1580602085.94,+0008.79,-0010.74,-0010.74,-0004.29,+0002.76,-0010.95
+1580602085.94,+0004.88,-0010.74,-0011.72,+0002.22,-0000.23,-0006.58
+1580602085.95,-0000.98,-0007.81,-0011.72,-0000.08,+0002.22,-0009.03
+1580602085.95,-0004.88,-0009.77,-0011.72,-0000.92,-0007.66,-0007.58
+1580602085.96,+0012.70,-0010.74,-0010.74,+0003.83,+0001.53,-0008.35
+1580602085.96,+0002.93,-0010.74,-0012.70,-0001.99,+0004.59,-0009.26
+1580602085.97,-0005.86,-0010.74,-0010.74,-0000.61,-0001.76,-0008.42
+1580602085.97,+0006.84,-0010.74,-0009.77,+0002.68,+0001.30,-0012.10
+1580602085.98,+0003.91,-0011.72,-0009.77,+0001.07,+0000.46,-0003.37
+1580602085.98,-0004.88,-0011.72,-0009.77,+0002.30,-0000.46,-0007.81
+1580602085.99,-0002.93,-0010.74,-0008.79,-0000.69,+0000.77,-0011.56
+1580602085.99,+0000.98,-0012.70,-0009.77,+0000.77,-0000.23,-0013.32
+1580602086.00,+0004.88,-0013.67,-0008.79,-0000.23,-0004.13,+0000.31
+1580602086.00,-0005.86,-0009.77,-0008.79,+0003.90,+0005.97,-0014.85
+1580602086.01,-0012.70,-0011.72,-0006.84,+0006.05,-0002.45,-0012.40
+1580602086.01,+0002.93,-0010.74,-0007.81,-0002.83,+0000.08,-0015.01
+1580602086.02,-0002.93,-0013.67,-0007.81,+0000.08,+0004.13,-0008.27
+1580602086.02,-0007.81,-0010.74,-0006.84,-0000.38,+0000.54,-0013.25
+1580602086.03,-0002.93,-0009.77,-0004.88,-0002.68,-0003.14,-0007.04
+1580602086.03,+0000.00,-0011.72,-0006.84,+0001.23,-0000.46,-0007.66
+1580602086.04,-0005.86,-0009.77,-0006.84,+0000.23,+0006.51,-0012.33
+1580602086.04,-0008.79,-0009.77,-0004.88,+0004.52,-0008.35,-0003.68
+1580602086.05,+0008.79,-0008.79,-0004.88,+0001.38,+0004.36,-0014.24
+1580602086.05,-0010.74,-0008.79,-0003.91,-0001.45,+0000.84,-0013.70
+1580602086.06,+0002.93,-0007.81,-0001.95,+0001.91,+0003.37,-0018.15
+1580602086.06,+0000.98,-0006.84,-0002.93,-0000.23,+0002.14,-0008.88
+1580602086.07,-0007.81,-0006.84,-0001.95,+0000.38,-0000.77,-0009.72
+1580602086.07,+0000.98,-0006.84,-0000.98,+0000.61,-0004.52,-0012.33
+1580602086.08,+0002.93,-0005.86,+0000.00,-0002.07,+0001.07,-0007.12
+1580602086.08,-0001.95,-0005.86,+0000.00,+0002.07,+0000.61,-0010.49
+1580602086.09,-0001.95,-0004.88,+0000.98,+0000.31,-0000.92,-0009.19
+1580602086.09,-0000.98,-0003.91,+0000.98,+0001.84,-0001.00,-0011.87
+1580602086.10,+0001.95,-0003.91,+0000.98,+0002.83,-0000.46,-0010.03
+1580602086.10,-0002.93,-0002.93,+0000.98,+0000.23,-0001.61,-0009.72
+1580602086.11,+0002.93,-0002.93,+0001.95,+0001.07,-0001.99,-0008.42
+1580602086.11,-0000.98,-0002.93,+0001.95,+0000.15,+0000.54,-0010.72
+1580602086.12,-0003.91,-0001.95,+0002.93,-0000.77,-0005.13,-0008.27
+1580602086.12,+0000.98,-0000.98,+0003.91,+0001.07,-0000.31,-0016.08
+1580602086.13,+0003.91,-0001.95,+0003.91,-0002.45,-0000.46,-0010.18
+1580602086.13,-0000.98,+0000.00,+0002.93,-0001.68,+0002.14,-0012.10
+1580602086.14,-0003.91,+0000.00,+0003.91,+0001.76,-0004.36,-0011.10
+1580602086.14,+0002.93,+0000.00,+0002.93,-0000.69,-0002.37,-0010.26
+1580602086.15,+0001.95,+0000.00,+0002.93,+0000.08,-0002.99,-0007.96
+1580602086.15,+0001.95,+0001.95,+0003.91,+0001.00,-0000.08,-0007.50
+1580602086.16,+0001.95,+0002.93,+0003.91,-0002.83,+0002.37,-0012.48
+1580602086.16,-0001.95,+0000.98,+0003.91,-0000.92,-0002.53,-0008.04
+1580602086.17,+0005.86,+0001.95,+0002.93,-0002.07,+0003.14,-0010.57
+1580602086.17,-0003.91,+0000.98,+0002.93,-0002.07,+0000.92,-0007.66
+1580602086.18,-0001.95,+0002.93,+0002.93,+0001.76,-0002.22,-0008.35
+1580602086.18,-0000.98,+0001.95,+0003.91,+0000.77,-0001.07,-0009.42
+1580602086.19,-0002.93,+0001.95,+0003.91,-0000.61,+0000.08,-0010.41
+1580602086.19,+0001.95,+0000.98,+0002.93,-0001.07,-0002.22,-0006.66
+1580602086.20,-0002.93,+0002.93,+0002.93,+0001.45,+0005.36,-0017.84
+1580602086.20,-0008.79,+0002.93,+0003.91,+0001.07,-0004.13,-0015.54
+1580602086.21,+0004.88,+0002.93,+0002.93,-0003.83,-0004.06,-0010.49
+1580602086.21,+0002.93,+0001.95,+0001.95,+0000.54,+0006.12,-0011.79
+1580602086.22,-0008.79,+0004.88,+0002.93,-0000.23,-0002.83,-0006.81
+1580602086.22,+0000.00,+0003.91,+0003.91,+0003.68,-0002.14,-0009.49
+1580602086.23,+0000.00,+0000.98,+0003.91,-0002.76,+0000.69,-0006.81
+1580602086.23,-0001.95,+0000.98,+0002.93,+0002.30,-0002.76,-0004.13
+1580602086.24,-0003.91,+0001.95,+0001.95,-0000.31,-0002.45,-0008.73
+1580602086.24,+0000.98,+0000.00,+0001.95,+0001.30,+0001.68,-0012.71
+1580602086.25,+0000.00,-0000.98,+0001.95,-0002.60,-0003.45,-0007.04
+1580602086.25,-0001.95,+0000.00,+0000.98,-0003.52,+0000.84,-0010.95
+1580602086.26,-0003.91,-0001.95,+0001.95,+0001.38,-0001.15,-0008.12
+1580602086.26,+0000.98,-0000.98,+0002.93,+0000.92,+0002.53,-0014.01
+1580602086.27,-0004.88,-0002.93,+0000.98,-0001.53,+0001.23,-0011.94
+1580602086.27,-0000.98,-0002.93,+0000.98,-0000.38,+0000.54,-0015.01
+1580602086.28,-0001.95,-0004.88,-0000.98,-0000.69,+0002.14,-0010.95
+1580602086.28,-0001.95,-0003.91,-0000.98,+0001.53,-0001.84,-0010.41
+1580602086.29,+0000.00,-0005.86,-0000.98,+0002.91,+0001.53,-0008.35
+1580602086.29,-0003.91,-0005.86,+0000.00,-0001.23,-0000.46,-0009.19
+1580602086.30,-0004.88,-0006.84,+0000.98,+0000.15,-0001.99,-0011.10
+1580602086.30,+0005.86,-0007.81,+0000.98,-0002.99,-0001.00,-0008.50
+1580602086.31,-0004.88,-0008.79,+0000.00,-0001.76,-0003.22,-0009.65
+1580602086.31,-0000.98,-0008.79,+0000.00,-0000.38,-0000.31,-0011.79
+1580602086.32,+0000.98,-0009.77,-0001.95,-0002.07,-0000.38,-0010.64
+1580602086.32,+0000.00,-0009.77,-0000.98,+0000.54,+0000.46,-0011.71
+1580602086.33,+0000.00,-0008.79,-0000.98,+0000.15,-0002.60,-0012.10
+1580602086.33,+0006.84,-0009.77,+0000.00,+0000.00,-0000.54,-0008.42
+1580602086.34,+0001.95,-0010.74,+0000.98,+0000.08,-0000.15,-0007.58
+1580602086.34,+0002.93,-0008.79,+0002.93,+0000.23,+0001.45,-0009.11
+1580602086.35,+0000.00,-0008.79,+0001.95,-0000.69,+0001.07,-0010.49
+1580602086.35,+0001.95,-0009.77,+0000.98,+0000.61,-0001.61,-0010.11
+1580602086.36,+0003.91,-0010.74,+0000.00,+0000.23,-0001.30,-0012.33
+1580602086.36,+0000.98,-0009.77,+0000.98,-0000.84,+0000.77,-0010.11
+1580602086.37,+0000.00,-0008.79,+0002.93,+0001.68,+0002.60,-0010.57
+1580602086.37,+0000.00,-0008.79,+0003.91,+0001.30,+0000.15,-0011.87
+1580602086.38,+0002.93,-0008.79,+0003.91,-0000.15,+0001.84,-0012.56
+1580602086.38,-0000.98,-0008.79,+0004.88,+0000.84,-0002.53,-0004.59
+1580602086.39,+0000.00,-0007.81,+0004.88,+0001.84,+0001.15,-0006.20
+1580602086.39,-0003.91,-0007.81,+0005.86,-0000.54,-0002.14,-0006.28
+1580602086.40,+0000.00,-0007.81,+0005.86,+0004.06,-0003.14,-0004.44
+1580602086.40,+0001.95,-0006.84,+0005.86,-0002.53,+0004.21,-0009.03
+1580602086.41,-0007.81,-0005.86,+0006.84,+0002.99,-0002.30,-0011.71
+1580602086.41,+0005.86,-0004.88,+0009.77,+0005.51,+0006.28,-0016.23
+1580602086.42,-0001.95,-0002.93,+0010.74,-0003.37,-0001.91,-0011.10
+1580602086.42,+0002.93,-0002.93,+0012.70,+0004.52,-0003.83,-0001.61
+1580602086.43,-0005.86,+0000.00,+0009.77,-0000.15,+0003.06,-0016.08
+1580602086.43,-0013.67,-0002.93,+0011.72,+0001.68,-0005.82,-0011.87
+1580602086.44,+0005.86,-0000.98,+0012.70,-0000.54,-0001.91,-0013.86
+1580602086.44,-0002.93,-0000.98,+0013.67,+0005.13,+0009.49,-0014.78
+1580602086.45,-0014.65,+0003.91,+0014.65,+0002.30,-0004.36,-0011.56
+1580602086.45,+0002.93,+0003.91,+0014.65,-0000.77,-0001.00,-0009.72
+1580602086.46,+0000.00,+0000.98,+0013.67,-0000.61,+0002.68,-0004.06
+1580602086.46,-0004.88,+0003.91,+0015.62,+0001.84,+0000.69,-0005.90
+1580602086.47,-0001.95,+0006.84,+0018.55,+0006.05,-0001.00,-0010.80
+1580602086.47,-0001.95,+0005.86,+0018.55,-0001.91,-0001.68,-0008.58
+1580602086.48,+0000.00,+0004.88,+0017.58,+0003.60,-0002.30,-0011.33
+1580602086.48,+0003.91,+0007.81,+0018.55,+0003.29,+0000.84,-0013.02
+1580602086.49,+0000.98,+0007.81,+0018.55,-0001.07,-0003.83,-0008.96
+1580602086.49,+0002.93,+0007.81,+0019.53,+0002.14,+0002.53,-0016.92
+1580602086.50,+0000.98,+0008.79,+0020.51,-0001.00,-0002.91,-0010.64
+1580602086.50,+0003.91,+0009.77,+0020.51,+0001.00,+0001.61,-0013.02
+1580602086.51,-0000.98,+0009.77,+0019.53,-0001.68,+0001.23,-0011.18
+1580602086.51,+0000.98,+0010.74,+0019.53,+0003.14,-0002.30,-0011.64
+1580602086.52,+0004.88,+0009.77,+0019.53,+0001.84,+0001.45,-0010.80
+1580602086.52,-0002.93,+0010.74,+0019.53,-0001.15,+0001.23,-0007.20
+1580602086.53,-0001.95,+0011.72,+0020.51,+0002.91,-0000.92,-0008.42
+1580602086.53,+0002.93,+0010.74,+0020.51,-0000.61,-0000.92,-0006.35
+1580602086.54,-0004.88,+0009.77,+0019.53,-0000.38,+0000.38,-0010.95
+1580602086.54,-0004.88,+0011.72,+0019.53,+0001.68,-0006.20,-0009.72
+1580602086.55,+0004.88,+0010.74,+0017.58,-0002.45,+0002.60,-0013.09
+1580602086.55,-0001.95,+0009.77,+0017.58,-0000.23,-0000.54,-0009.88
+1580602086.56,-0000.98,+0011.72,+0017.58,+0001.38,-0003.52,-0009.42
+1580602086.56,+0002.93,+0010.74,+0016.60,-0002.60,+0001.76,-0011.64
+1580602086.57,-0001.95,+0010.74,+0016.60,+0000.23,+0000.54,-0010.64
+1580602086.57,+0001.95,+0010.74,+0015.62,+0003.14,+0000.38,-0010.80
+1580602086.58,+0002.93,+0010.74,+0015.62,-0001.84,-0000.54,-0008.88
+1580602086.58,+0000.00,+0009.77,+0015.62,+0001.23,-0001.91,-0007.20
+1580602086.59,+0004.88,+0010.74,+0015.62,-0000.84,+0004.21,-0010.26
+1580602086.59,-0003.91,+0008.79,+0014.65,-0001.00,-0001.99,-0007.58
+1580602086.60,+0002.93,+0007.81,+0014.65,-0000.77,+0001.23,-0009.19
+1580602086.60,+0000.98,+0007.81,+0012.70,+0001.99,-0001.23,-0008.50
+1580602086.61,-0003.91,+0007.81,+0011.72,+0001.68,-0001.45,-0011.25
+1580602086.61,-0003.91,+0007.81,+0011.72,-0001.61,+0000.61,-0012.33
+1580602086.62,-0000.98,+0007.81,+0010.74,+0001.91,+0002.07,-0013.32
+1580602086.62,-0004.88,+0005.86,+0010.74,+0000.84,+0000.92,-0010.03
+1580602086.63,-0003.91,+0007.81,+0009.77,-0004.36,+0001.61,-0010.11
+1580602086.63,-0008.79,+0005.86,+0008.79,-0000.23,-0001.53,-0011.79
+1580602086.64,+0000.00,+0005.86,+0007.81,+0000.69,-0002.14,-0008.35
+1580602086.64,-0002.93,+0003.91,+0006.84,+0002.76,-0001.00,-0008.96
+1580602086.65,-0005.86,+0005.86,+0007.81,-0001.15,-0000.92,-0010.18
+1580602086.65,-0001.95,+0004.88,+0007.81,-0001.00,-0004.29,-0011.03
+1580602086.66,+0001.95,+0003.91,+0008.79,+0000.61,+0003.37,-0010.41
+1580602086.66,-0005.86,+0004.88,+0006.84,-0003.83,-0001.53,-0006.20
+1580602086.67,-0000.98,+0005.86,+0005.86,+0005.36,-0002.30,-0014.32
+1580602086.67,+0000.98,+0002.93,+0005.86,-0002.53,+0000.08,-0008.73
+1580602086.68,+0000.98,+0004.88,+0005.86,-0001.15,+0000.61,-0011.10
+1580602086.68,-0004.88,+0004.88,+0006.84,+0003.06,-0000.23,-0013.09
+1580602086.69,+0000.98,+0004.88,+0007.81,-0001.53,-0002.60,-0007.12
+1580602086.69,+0000.98,+0003.91,+0006.84,-0002.83,-0000.38,-0008.12
+1580602086.70,-0002.93,+0003.91,+0006.84,+0001.00,-0000.54,-0010.87
+1580602086.70,-0003.91,+0003.91,+0003.91,-0002.83,+0003.52,-0014.55
+1580602086.70,+0000.00,+0002.93,+0003.91,+0001.61,-0001.91,-0015.70
+1580602086.71,+0003.91,+0001.95,+0003.91,+0003.75,+0001.45,-0009.65
+1580602086.71,-0003.91,+0004.88,+0004.88,-0001.76,+0000.31,-0010.95
+1580602086.72,-0003.91,+0003.91,+0003.91,-0001.23,-0004.82,-0006.05
+1580602086.72,+0004.88,+0002.93,+0002.93,-0001.45,+0002.45,-0011.03
+1580602086.73,-0002.93,+0002.93,+0002.93,+0000.54,-0003.45,-0010.87
+1580602086.73,+0006.84,+0003.91,+0002.93,+0000.00,-0003.14,-0010.72
+1580602086.74,+0005.86,+0002.93,+0001.95,-0000.92,+0001.61,-0008.04
+1580602086.74,-0002.93,+0003.91,+0001.95,-0001.38,-0000.92,-0010.18
+1580602086.75,+0003.91,+0002.93,+0001.95,+0000.61,-0002.91,-0009.88
+1580602086.75,+0009.77,+0000.98,+0001.95,-0001.45,+0000.69,-0008.42
+1580602086.76,-0001.95,+0002.93,+0000.98,-0002.22,-0007.89,-0006.12
+1580602086.76,+0005.86,+0002.93,+0001.95,+0003.37,+0002.07,-0012.10
+1580602086.77,+0005.86,+0001.95,+0001.95,-0001.61,+0002.30,-0009.65
+1580602086.77,+0000.00,+0001.95,+0001.95,-0001.61,+0000.31,-0011.10
+1580602086.78,+0004.88,+0003.91,+0000.98,-0000.23,+0003.06,-0013.40
+1580602086.78,+0000.00,+0001.95,+0000.00,-0000.77,-0000.61,-0007.27
+1580602086.79,+0000.98,+0001.95,+0000.00,+0000.77,+0001.30,-0010.18
+1580602086.79,+0002.93,+0002.93,+0000.00,-0000.15,-0002.91,-0006.58
+1580602086.80,+0000.00,+0002.93,+0000.98,+0001.99,+0005.51,-0010.72
+1580602086.80,-0010.74,+0002.93,+0000.98,-0000.69,-0002.83,-0009.88
+1580602086.81,+0000.98,+0001.95,+0000.98,+0001.30,-0003.68,-0011.79
+1580602086.81,+0003.91,+0001.95,+0000.98,-0001.07,+0002.83,-0009.57
+1580602086.82,-0005.86,+0004.88,+0000.98,+0001.45,-0001.15,-0008.80
+1580602086.82,-0004.88,+0006.84,+0000.00,-0000.84,-0000.92,-0010.64
+1580602086.83,-0003.91,+0002.93,-0000.98,+0000.23,-0001.61,-0011.79
+1580602086.83,+0000.00,+0003.91,-0000.98,+0001.91,+0000.92,-0008.04
+1580602086.84,-0002.93,+0005.86,+0000.00,+0001.15,+0001.15,-0008.35
+1580602086.84,-0006.84,+0006.84,+0001.95,+0003.45,-0002.07,-0010.95
+1580602086.85,+0000.00,+0005.86,+0001.95,-0001.07,-0002.76,-0010.49
+1580602086.85,+0000.98,+0005.86,+0001.95,-0000.08,-0000.69,-0007.35
+1580602086.86,-0003.91,+0007.81,+0000.98,-0000.46,+0003.06,-0009.80
+1580602086.86,-0004.88,+0005.86,+0000.00,+0000.61,-0002.53,-0013.02
+1580602086.87,+0002.93,+0004.88,-0000.98,+0001.00,-0003.06,-0008.65
+1580602086.87,+0003.91,+0003.91,-0000.98,-0000.31,+0001.15,-0011.87
+1580602086.88,-0000.98,+0005.86,+0000.00,-0000.61,-0003.60,-0003.06
+1580602086.88,-0003.91,+0006.84,+0000.00,-0004.67,+0001.00,-0013.17
+1580602086.89,-0003.91,+0002.93,-0000.98,+0000.54,-0002.53,-0014.93
+1580602086.89,+0006.84,+0003.91,-0001.95,+0000.08,-0002.53,-0009.11
+1580602086.90,+0002.93,+0001.95,-0003.91,-0000.61,-0000.23,-0008.73
+1580602086.90,-0005.86,+0004.88,-0001.95,-0001.61,+0001.07,-0011.79
+1580602086.91,-0003.91,+0002.93,-0000.98,+0000.31,-0001.91,-0012.94
+1580602086.91,+0002.93,+0000.98,-0001.95,-0001.53,-0002.14,-0010.03
+1580602086.92,+0001.95,+0000.00,-0004.88,-0001.61,-0001.23,-0010.34
+1580602086.92,-0002.93,+0000.98,-0004.88,-0001.76,+0000.31,-0010.41
+1580602086.93,+0000.98,+0000.00,-0005.86,-0000.77,+0001.15,-0009.34
+1580602086.93,-0000.98,-0002.93,-0006.84,-0002.83,-0001.53,-0010.34
+1580602086.94,-0000.98,-0001.95,-0007.81,-0003.83,-0000.38,-0011.33
+1580602086.94,-0001.95,-0002.93,-0008.79,-0000.54,+0001.15,-0014.24
+1580602086.95,+0005.86,-0003.91,-0008.79,-0002.76,-0003.98,-0007.73
+1580602086.95,+0002.93,-0003.91,-0010.74,-0004.21,+0000.69,-0008.19
+1580602086.96,-0003.91,-0003.91,-0010.74,-0000.92,-0002.45,-0011.87
+1580602086.96,-0000.98,-0004.88,-0012.70,-0002.91,-0000.31,-0011.56
+1580602086.97,+0006.84,-0007.81,-0012.70,-0003.90,-0001.53,-0007.43
+1580602086.97,-0001.95,-0004.88,-0014.65,-0002.53,-0000.84,-0009.03
+1580602086.98,-0004.88,-0004.88,-0013.67,-0001.23,-0003.75,-0012.02
+1580602086.98,+0006.84,-0007.81,-0015.62,-0002.30,-0003.75,-0009.95
+1580602086.99,+0005.86,-0007.81,-0016.60,-0000.69,+0003.29,-0007.43
+1580602086.99,-0008.79,-0005.86,-0016.60,-0001.68,-0001.91,-0005.44
+1580602087.00,-0001.95,-0006.84,-0016.60,+0001.76,-0000.61,-0012.10
+1580602087.00,+0000.00,-0008.79,-0017.58,-0005.44,+0000.00,-0007.04
+1580602087.01,-0000.98,-0006.84,-0018.55,-0002.37,-0001.15,-0008.42
+1580602087.01,+0000.00,-0006.84,-0018.55,+0000.46,+0000.46,-0011.10
+1580602087.02,-0000.98,-0006.84,-0018.55,-0003.83,+0000.15,-0010.49
+1580602087.02,-0002.93,-0007.81,-0018.55,-0000.54,+0000.61,-0014.24
+1580602087.03,-0007.81,-0006.84,-0018.55,-0002.60,-0002.07,-0013.63
+1580602087.03,+0001.95,-0008.79,-0018.55,-0001.15,-0004.29,-0005.44
+1580602087.04,+0007.81,-0006.84,-0019.53,-0000.38,+0002.60,-0007.43
+1580602087.04,-0012.70,-0005.86,-0019.53,+0000.46,-0005.90,-0006.43
+1580602087.05,-0002.93,-0005.86,-0018.55,+0001.00,+0000.08,-0017.92
+1580602087.05,+0000.00,-0008.79,-0019.53,-0001.99,+0000.00,-0013.32
+1580602087.06,+0003.91,-0006.84,-0018.55,-0000.31,+0003.22,-0007.43
+1580602087.06,-0003.91,-0002.93,-0017.58,-0000.46,+0000.00,-0011.41
+1580602087.07,-0003.91,-0003.91,-0016.60,-0003.06,-0008.35,-0004.90
+1580602087.07,+0007.81,-0003.91,-0016.60,+0002.76,+0002.60,-0012.40
+1580602087.08,-0005.86,-0002.93,-0018.55,+0000.00,+0000.00,-0009.88
+1580602087.08,-0003.91,-0002.93,-0017.58,-0001.07,-0003.37,-0011.79
+1580602087.09,+0003.91,-0002.93,-0015.62,+0003.52,+0000.61,-0016.38
+1580602087.09,+0000.00,-0000.98,-0014.65,+0000.84,+0000.00,-0008.65
+1580602087.10,-0001.95,+0000.00,-0013.67,-0001.00,+0001.23,-0009.95
+1580602087.10,-0002.93,+0000.00,-0013.67,-0001.91,+0000.46,-0013.48
+1580602087.11,+0001.95,-0000.98,-0013.67,+0001.45,-0003.98,-0007.35
+1580602087.11,+0003.91,+0000.98,-0013.67,-0001.91,-0002.30,-0008.65
+1580602087.12,-0001.95,+0000.00,-0013.67,+0001.68,-0001.30,-0005.05
+1580602087.12,+0000.98,+0001.95,-0012.70,+0001.99,+0002.99,-0012.48
+1580602087.13,-0007.81,+0000.00,-0010.74,+0003.68,-0004.59,-0010.72
+1580602087.13,+0008.79,+0002.93,-0009.77,-0000.69,-0003.29,-0010.03
+1580602087.14,+0003.91,+0000.98,-0010.74,-0000.69,+0006.43,-0013.40
+1580602087.14,-0003.91,+0002.93,-0009.77,+0000.61,-0001.61,-0010.26
+1580602087.15,+0000.98,+0002.93,-0009.77,+0002.14,+0001.76,-0015.54
+1580602087.15,+0004.88,+0001.95,-0008.79,-0002.07,-0001.61,-0007.66
+1580602087.16,+0000.98,+0001.95,-0009.77,+0003.45,+0000.61,-0012.79
+1580602087.16,+0002.93,+0003.91,-0008.79,-0001.91,-0001.38,-0010.49
+1580602087.17,+0003.91,+0002.93,-0008.79,+0001.38,+0001.84,-0009.88
+1580602087.17,+0002.93,+0001.95,-0007.81,+0000.69,-0001.23,-0008.80
+1580602087.18,+0002.93,+0003.91,-0006.84,+0002.30,-0003.83,-0008.19
+1580602087.18,+0005.86,+0002.93,-0003.91,-0001.53,-0003.22,-0004.36
+1580602087.19,+0008.79,+0001.95,-0004.88,-0000.31,+0003.98,-0009.80
+1580602087.19,+0001.95,+0002.93,-0005.86,-0002.91,-0001.30,-0005.74
+1580602087.20,+0000.98,+0001.95,-0005.86,+0002.07,-0002.07,-0009.26
+1580602087.20,+0002.93,+0000.00,-0005.86,+0001.15,+0001.38,-0013.63
+1580602087.21,+0003.91,+0000.00,-0004.88,+0002.91,-0001.61,-0008.80
+1580602087.21,+0000.98,+0001.95,-0003.91,+0001.45,+0000.08,-0010.26
+1580602087.22,-0000.98,+0000.98,-0002.93,+0001.00,+0000.92,-0009.65
+1580602087.22,-0000.98,+0000.98,-0002.93,-0000.77,+0000.31,-0009.49
+1580602087.23,+0000.00,+0000.00,-0001.95,+0000.38,+0000.46,-0005.97
+1580602087.23,-0004.88,-0000.98,-0002.93,+0000.08,+0001.00,-0008.35
+1580602087.24,-0003.91,-0000.98,-0003.91,+0000.38,-0000.54,-0012.17
+1580602087.24,-0000.98,-0002.93,-0003.91,-0001.68,-0001.45,-0009.03
+1580602087.25,+0000.00,-0002.93,-0002.93,+0001.84,+0005.44,-0013.25
+1580602087.25,-0008.79,-0001.95,-0003.91,+0001.00,-0000.61,-0012.86
+1580602087.26,+0000.00,-0001.95,-0004.88,-0002.07,-0004.67,-0008.42
+1580602087.26,+0000.98,-0006.84,-0005.86,+0000.84,+0001.84,-0006.97
+1580602087.27,-0006.84,-0003.91,-0005.86,+0001.76,+0005.13,-0013.40
+1580602087.27,-0003.91,-0004.88,-0003.91,+0006.81,-0002.76,-0011.79
+1580602087.28,+0003.91,-0004.88,-0001.95,-0002.22,-0000.23,-0009.65
+1580602087.28,-0004.88,-0005.86,-0002.93,+0000.23,+0002.30,-0011.94
+1580602087.29,+0000.00,-0004.88,-0002.93,+0000.08,-0000.84,-0009.88
+1580602087.29,+0003.91,-0007.81,-0003.91,-0001.61,+0000.77,-0009.72
+1580602087.30,-0000.98,-0007.81,-0003.91,+0000.31,-0001.76,-0005.82
+1580602087.30,-0000.98,-0005.86,-0003.91,+0002.83,+0000.15,-0009.19
+1580602087.31,-0004.88,-0005.86,-0002.93,-0001.15,-0004.29,-0012.71
+1580602087.31,+0005.86,-0007.81,-0002.93,+0001.91,-0002.22,-0008.04
+1580602087.32,+0002.93,-0006.84,-0002.93,+0001.00,+0006.05,-0015.47
+1580602087.32,-0005.86,-0005.86,-0000.98,+0004.29,-0000.54,-0010.26
+1580602087.33,+0001.95,-0004.88,-0000.98,-0002.22,+0000.46,-0013.70
+1580602087.33,+0001.95,-0007.81,-0000.98,+0000.61,-0001.99,-0006.12
+1580602087.34,+0002.93,-0005.86,-0000.98,+0001.07,+0000.38,-0004.98
+1580602087.34,-0004.88,-0005.86,-0000.98,+0000.77,-0002.37,-0010.57
+1580602087.35,-0001.95,-0005.86,+0000.98,+0000.69,-0001.99,-0009.95
+1580602087.35,+0007.81,-0004.88,+0000.98,+0001.68,+0000.69,-0010.80
+1580602087.36,-0001.95,-0004.88,+0000.98,+0002.60,-0002.83,-0010.80
+1580602087.36,+0000.98,-0002.93,+0002.93,-0001.61,-0002.22,-0009.11
+1580602087.37,+0004.88,-0004.88,+0001.95,+0001.68,+0001.68,-0013.17
+1580602087.37,+0000.00,-0004.88,+0001.95,-0001.91,+0002.45,-0009.42
+1580602087.38,-0000.98,-0002.93,+0001.95,+0000.08,-0002.68,-0010.18
+1580602087.38,+0004.88,-0003.91,+0002.93,+0001.38,-0001.53,-0006.28
+1580602087.39,+0000.98,-0002.93,+0003.91,+0001.61,+0004.59,-0010.72
+1580602087.39,-0005.86,-0001.95,+0005.86,+0005.36,-0002.99,-0010.34
+1580602087.40,-0001.95,-0001.95,+0006.84,-0000.77,+0000.38,-0007.58
+1580602087.40,+0000.98,-0002.93,+0006.84,+0002.91,+0002.68,-0008.12
+1580602087.41,-0007.81,-0001.95,+0006.84,+0001.76,-0000.61,-0007.66
+1580602087.41,-0005.86,+0000.00,+0008.79,-0000.61,-0000.31,-0010.34
+1580602087.42,-0001.95,-0001.95,+0007.81,+0000.54,+0001.30,-0012.25
+1580602087.42,-0001.95,-0001.95,+0006.84,+0001.30,-0000.69,-0007.20
+1580602087.43,-0008.79,+0000.00,+0006.84,+0000.69,+0004.29,-0013.40
+1580602087.43,-0014.65,+0000.98,+0008.79,+0001.00,-0003.52,-0010.87
+1580602087.44,-0003.91,-0000.98,+0010.74,+0003.75,+0000.15,-0013.40
+1580602087.44,-0003.91,+0000.00,+0011.72,+0001.00,+0003.75,-0012.25
+1580602087.45,-0009.77,+0000.98,+0012.70,-0000.69,-0003.60,-0005.74
+1580602087.45,-0003.91,+0001.95,+0012.70,-0000.38,+0002.37,-0012.63
+1580602087.46,-0010.74,+0000.00,+0011.72,-0002.53,-0000.23,-0007.27
+1580602087.46,-0004.88,+0000.98,+0010.74,-0000.84,-0001.23,-0009.19
+1580602087.47,-0003.91,+0000.00,+0010.74,+0002.76,-0001.00,-0007.12
+1580602087.47,-0005.86,+0000.98,+0011.72,+0002.22,+0001.53,-0013.25
+1580602087.48,-0006.84,+0002.93,+0013.67,+0001.00,-0004.59,-0010.95
+1580602087.48,+0001.95,+0003.91,+0015.62,-0001.76,+0001.99,-0013.17
+1580602087.49,-0000.98,+0001.95,+0014.65,+0004.29,-0000.15,-0011.10
+1580602087.49,-0002.93,+0005.86,+0015.62,+0001.84,-0000.23,-0011.25
+1580602087.50,+0000.98,+0003.91,+0015.62,+0001.30,-0002.91,-0007.66
+1580602087.50,+0001.95,+0004.88,+0016.60,+0001.07,-0000.61,-0005.82
+1580602087.51,-0003.91,+0005.86,+0017.58,+0002.76,+0001.30,-0010.80
+1580602087.51,+0000.00,+0006.84,+0017.58,-0000.46,-0001.23,-0011.18
+1580602087.52,+0000.98,+0004.88,+0017.58,+0003.06,-0001.45,-0009.80
+1580602087.52,+0001.95,+0005.86,+0016.60,-0000.69,+0001.61,-0011.94
+1580602087.53,-0004.88,+0006.84,+0016.60,+0001.84,-0003.60,-0011.64
+1580602087.53,+0002.93,+0006.84,+0017.58,+0000.31,+0000.54,-0012.10
+1580602087.54,+0000.00,+0004.88,+0017.58,+0001.45,+0001.23,-0012.17
+1580602087.54,-0000.98,+0007.81,+0018.55,+0002.14,-0001.38,-0011.41
+1580602087.55,-0000.98,+0007.81,+0018.55,-0000.61,-0000.84,-0011.18
+1580602087.55,+0005.86,+0007.81,+0018.55,+0000.46,+0002.60,-0008.35
+1580602087.56,-0000.98,+0007.81,+0017.58,+0002.68,+0001.23,-0008.80
+1580602087.56,-0000.98,+0009.77,+0017.58,+0000.54,-0001.15,-0012.17
+1580602087.57,+0006.84,+0007.81,+0016.60,-0000.23,-0003.75,-0011.48
+1580602087.57,+0008.79,+0006.84,+0015.62,-0000.23,+0002.83,-0010.87
+1580602087.58,-0001.95,+0009.77,+0016.60,+0001.61,-0001.99,-0008.96
+1580602087.58,+0005.86,+0010.74,+0017.58,+0001.30,-0003.68,-0009.49
+1580602087.59,+0008.79,+0007.81,+0015.62,+0001.15,+0000.61,-0007.04
+1580602087.59,+0002.93,+0008.79,+0015.62,-0001.07,+0000.00,-0008.42
+1580602087.60,+0000.00,+0011.72,+0014.65,-0000.23,-0000.46,-0008.12
+1580602087.60,+0001.95,+0008.79,+0014.65,-0000.23,+0002.30,-0012.02
+1580602087.61,+0001.95,+0007.81,+0013.67,+0001.38,+0000.38,-0009.11
+1580602087.61,+0000.00,+0010.74,+0013.67,-0001.91,+0001.91,-0007.50
+1580602087.62,-0006.84,+0009.77,+0013.67,+0001.38,-0000.38,-0009.42
+1580602087.62,-0004.88,+0009.77,+0013.67,-0000.92,-0000.54,-0009.26
+1580602087.63,-0000.98,+0007.81,+0010.74,-0002.22,+0002.22,-0011.33
