+1580686795.80,-0028.32,+0034.18,+0007.81,-0003.52,-0003.52,-0020.98
+1580686795.80,+0004.88,+0023.44,+0008.79,-0000.08,-0010.11,-0004.59
+1580686795.81,+0019.53,+0017.58,+0004.88,-0004.90,+0004.75,-0003.90
+1580686795.81,-0018.55,+0023.44,+0000.98,-0001.76,-0009.49,-0003.29
+1580686795.82,-0006.84,+0025.39,+0000.98,-0006.35,-0003.98,-0012.79
+1580686795.82,+0007.81,+0014.65,-0000.98,-0004.82,+0005.74,-0016.77
+1580686795.83,-0004.88,+0016.60,-0004.88,-0002.37,-0001.07,-0009.42
+1580686795.83,-0000.98,+0018.55,-0008.79,-0005.13,+0001.99,-0018.45
+1580686795.84,+0000.00,+0007.81,-0012.70,-0012.63,-0007.12,-0011.03
+1580686795.84,+0016.60,+0004.88,-0014.65,-0000.69,-0004.06,+0004.90
+1580686795.85,-0010.74,+0006.84,-0019.53,-0010.64,-0006.28,-0009.26
+1580686795.85,-0005.86,+0000.98,-0024.41,+0001.91,-0008.27,-0007.20
+1580686795.86,+0018.55,-0002.93,-0027.34,-0007.81,+0006.81,-0014.24
+1580686795.86,-0004.88,-0006.84,-0030.27,-0007.73,-0006.05,-0006.51
+1580686795.87,-0000.98,-0008.79,-0031.25,-0008.04,+0001.30,-0013.40
+1580686795.87,+0000.98,-0013.67,-0036.13,-0006.74,+0005.13,-0019.14
+1580686795.88,+0006.84,-0018.55,-0041.02,-0010.72,-0010.87,+0002.91
+1580686795.88,+0010.74,-0020.51,-0043.95,-0011.10,+0004.82,-0014.93
+1580686795.89,-0013.67,-0026.37,-0044.92,-0004.67,-0006.51,-0005.21
+1580686795.89,+0005.86,-0024.41,-0046.88,-0000.31,+0003.90,-0014.85
+1580686795.90,+0000.00,-0032.23,-0050.78,+0001.99,-0006.66,+0001.61
+1580686795.90,+0008.79,-0032.23,-0053.71,-0004.98,+0010.34,-0011.18
+1580686795.91,-0009.77,-0035.16,-0055.66,-0008.19,-0002.37,-0013.70
+1580686795.91,+0003.91,-0038.09,-0054.69,+0001.91,-0007.04,-0001.68
+1580686795.92,+0009.77,-0038.09,-0053.71,-0007.04,-0001.99,-0002.60
+1580686795.92,+0003.91,-0041.02,-0052.73,+0005.44,+0002.14,-0003.45
+1580686795.93,-0009.77,-0039.06,-0051.76,-0009.34,+0006.51,-0013.93
+1580686795.93,-0014.65,-0041.02,-0050.78,+0000.92,-0000.23,-0020.06
+1580686795.94,+0012.70,-0040.04,-0049.80,-0000.54,+0006.97,-0007.27
+1580686795.94,-0002.93,-0041.99,-0048.83,+0007.27,+0008.12,-0012.40
+1580686795.95,-0020.51,-0041.02,-0045.90,-0005.05,-0009.49,+0002.53
+1580686795.95,-0005.86,-0037.11,-0041.99,-0005.36,-0001.84,-0009.34
+1580686795.96,-0003.91,-0041.99,-0039.06,+0004.90,-0001.45,-0007.96
+1580686795.96,-0004.88,-0035.16,-0035.16,+0005.44,+0000.54,-0013.86
+1580686795.97,-0001.95,-0038.09,-0031.25,-0004.36,-0010.34,+0000.54
+1580686795.97,-0007.81,-0033.20,-0028.32,-0008.80,-0005.05,-0009.11
+1580686795.98,-0007.81,-0035.16,-0026.37,+0009.95,-0002.22,-0012.17
+1580686795.98,-0000.98,-0028.32,-0023.44,+0006.74,-0000.92,-0011.33
+1580686795.99,-0007.81,-0032.23,-0020.51,+0013.09,+0002.45,-0014.70
+1580686795.99,-0015.62,-0023.44,-0015.62,-0000.23,-0000.69,-0022.89
+1580686796.00,+0001.95,-0023.44,-0007.81,+0012.94,-0018.45,-0005.82
+1580686796.00,+0022.46,-0019.53,-0001.95,+0001.00,+0003.52,+0001.30
+1580686796.01,-0032.23,-0018.55,+0000.98,+0000.77,-0006.58,-0008.73
+1580686796.01,-0015.62,-0010.74,+0003.91,+0010.34,-0007.50,-0014.01
+1580686796.02,+0012.70,-0012.70,+0006.84,-0001.84,+0003.29,-0020.21
+1580686796.02,+0001.95,-0010.74,+0008.79,+0006.20,+0007.73,-0006.35
+1580686796.03,-0031.25,-0004.88,+0009.77,-0001.07,-0001.53,-0019.52
+1580686796.03,-0014.65,-0006.84,+0013.67,+0006.81,-0009.42,-0017.92
+1580686796.04,+0023.44,-0001.95,+0016.60,+0008.73,-0003.14,-0005.28
+1580686796.04,-0007.81,+0000.00,+0020.51,+0008.42,-0007.43,-0006.58
+1580686796.05,-0016.60,+0003.91,+0024.41,+0000.31,-0006.66,-0003.37
+1580686796.05,+0004.88,+0004.88,+0026.37,+0010.80,+0004.29,-0023.12
+1580686796.06,+0002.93,+0007.81,+0029.30,+0007.43,-0005.59,-0006.28
+1580686796.06,+0010.74,+0014.65,+0031.25,-0001.15,+0002.07,-0011.25
+1580686796.07,+0000.00,+0008.79,+0034.18,+0001.00,-0004.82,-0010.49
+1580686796.07,+0003.91,+0015.62,+0036.13,+0010.95,-0000.77,-0008.50
+1580686796.08,+0005.86,+0018.55,+0037.11,+0001.30,-0007.73,-0008.80
+1580686796.08,+0017.58,+0019.53,+0039.06,+0002.91,-0003.45,+0001.00
+1580686796.09,+0005.86,+0017.58,+0039.06,+0004.06,+0008.19,-0012.79
+1580686796.09,-0008.79,+0022.46,+0040.04,-0003.14,-0004.06,-0006.43
+1580686796.10,+0015.62,+0024.41,+0040.04,+0005.44,+0004.75,-0017.61
+1580686796.10,+0010.74,+0023.44,+0040.04,-0005.74,-0005.90,-0000.54
+1580686796.11,+0002.93,+0027.34,+0037.11,+0014.01,+0007.81,-0006.97
+1580686796.11,-0008.79,+0022.46,+0039.06,+0003.37,-0007.20,-0001.38
+1580686796.12,+0005.86,+0027.34,+0041.02,+0009.11,+0011.10,-0019.98
+1580686796.12,-0001.95,+0028.32,+0041.99,-0010.03,-0009.34,-0003.22
+1580686796.13,+0004.88,+0029.30,+0038.09,-0007.73,+0003.68,-0015.77
+1580686796.13,-0013.67,+0023.44,+0037.11,+0004.29,-0007.58,-0010.80
+1580686796.14,+0002.93,+0030.27,+0040.04,+0006.05,-0000.77,-0009.80
+1580686796.14,+0006.84,+0026.37,+0040.04,-0009.11,-0002.45,-0007.96
+1580686796.15,-0006.84,+0027.34,+0037.11,-0005.59,+0001.45,-0008.88
+1580686796.15,-0015.62,+0026.37,+0036.13,+0002.22,+0001.00,-0015.16
+1580686796.16,-0003.91,+0031.25,+0035.16,+0007.58,-0000.77,-0019.52
+1580686796.16,+0015.62,+0025.39,+0033.20,+0008.19,+0013.40,-0010.26
+1580686796.17,-0004.88,+0028.32,+0028.32,-0008.04,-0006.20,-0010.72
+1580686796.17,-0009.77,+0024.41,+0027.34,+0006.74,-0005.05,-0010.49
+1580686796.18,+0006.84,+0033.20,+0027.34,+0002.91,+0000.38,-0015.85
+1580686796.18,-0002.93,+0027.34,+0027.34,+0009.80,-0004.82,-0007.50
+1580686796.19,+0002.93,+0034.18,+0028.32,-0006.74,+0002.37,-0008.27
+1580686796.19,-0002.93,+0027.34,+0027.34,+0001.15,+0003.52,-0019.14
+1580686796.20,+0004.88,+0030.27,+0026.37,-0004.21,+0008.96,-0013.17
+1580686796.20,+0003.91,+0029.30,+0023.44,-0002.07,-0005.74,-0006.97
+1580686796.21,+0002.93,+0025.39,+0021.48,-0004.06,+0000.84,-0008.65
+1580686796.21,+0000.98,+0026.37,+0018.55,-0000.54,+0003.45,-0012.02
+1580686796.22,+0010.74,+0023.44,+0017.58,+0004.82,+0000.77,-0009.49
+1580686796.22,+0008.79,+0022.46,+0015.62,-0006.20,+0001.38,-0011.71
+1580686796.23,+0007.81,+0020.51,+0015.62,+0001.45,-0007.12,-0003.14
+1580686796.23,+0000.00,+0024.41,+0013.67,-0001.38,+0008.35,-0022.51
+1580686796.24,+0008.79,+0020.51,+0013.67,+0004.29,-0009.57,+0000.46
+1580686796.24,+0024.41,+0018.55,+0009.77,-0005.51,+0012.63,-0008.19
+1580686796.25,-0013.67,+0012.70,+0008.79,-0003.14,+0004.44,-0013.17
+1580686796.25,-0008.79,+0020.51,+0008.79,-0005.97,-0005.44,-0015.54
+1580686796.26,+0024.41,+0014.65,+0007.81,-0000.23,-0001.53,-0001.00
+1580686796.26,+0010.74,+0008.79,+0001.95,-0003.37,+0011.41,-0004.90
+1580686796.27,-0023.44,+0009.77,+0000.00,-0003.60,+0000.08,-0009.49
+1580686796.27,+0008.79,+0011.72,-0000.98,-0000.77,+0009.26,-0015.01
+1580686796.28,+0001.95,+0004.88,-0003.91,-0003.60,+0000.84,-0009.72
+1580686796.28,+0000.00,+0003.91,-0004.88,-0003.75,-0005.28,-0001.68
+1580686796.29,-0007.81,+0005.86,-0007.81,-0009.19,-0002.99,-0013.63
+1580686796.29,-0005.86,+0000.00,-0007.81,+0007.27,+0000.23,-0010.41
+1580686796.30,+0001.95,+0003.91,-0009.77,-0006.58,+0000.38,-0014.62
+1580686796.30,+0003.91,-0002.93,-0012.70,-0004.82,-0008.04,-0003.06
+1580686796.31,-0007.81,-0001.95,-0016.60,-0004.75,+0006.05,-0016.15
+1580686796.31,-0026.37,-0002.93,-0015.62,+0001.45,-0007.12,-0015.93
+1580686796.32,+0009.77,-0000.98,-0014.65,-0000.46,-0006.51,-0009.72
+1580686796.32,+0007.81,-0006.84,-0016.60,+0000.77,-0003.98,+0002.45
+1580686796.33,-0009.77,-0005.86,-0017.58,-0000.31,+0008.65,-0013.86
+1580686796.33,-0019.53,-0003.91,-0018.55,-0000.46,-0008.88,-0016.84
+1580686796.34,+0014.65,-0005.86,-0018.55,+0000.54,-0008.42,-0008.19
+1580686796.34,+0002.93,-0006.84,-0019.53,-0005.28,-0000.69,-0013.86
+1580686796.35,-0003.91,-0007.81,-0018.55,+0008.96,-0012.86,+0004.36
+1580686796.35,+0004.88,-0003.91,-0017.58,-0001.84,+0011.94,-0016.15
+1580686796.36,-0013.67,-0006.84,-0016.60,+0000.23,-0012.56,+0001.76
+1580686796.36,+0019.53,-0003.91,-0016.60,-0000.15,+0007.50,-0014.01
+1580686796.37,-0004.88,-0007.81,-0017.58,-0006.97,+0009.03,-0019.14
+1580686796.37,-0007.81,-0006.84,-0017.58,+0001.15,-0011.18,+0000.31
+1580686796.38,+0000.00,-0002.93,-0015.62,-0005.74,-0003.90,-0015.16
+1580686796.38,+0004.88,-0009.77,-0013.67,+0002.14,-0004.06,-0002.60
+1580686796.39,+0005.86,-0004.88,-0012.70,+0002.91,+0007.81,-0014.85
+1580686796.39,-0014.65,-0006.84,-0010.74,+0005.90,-0008.50,-0009.42
+1580686796.40,+0007.81,-0003.91,-0011.72,-0004.36,+0001.76,-0007.96
+1580686796.40,+0003.91,-0007.81,-0012.70,+0001.99,+0004.82,-0019.98
+1580686796.41,+0003.91,-0006.84,-0013.67,-0003.52,-0011.79,+0004.29
+1580686796.41,-0001.95,-0003.91,-0012.70,-0004.59,-0004.82,-0014.85
+1580686796.42,+0000.00,-0006.84,-0010.74,+0005.97,-0007.66,-0003.90
+1580686796.42,+0013.67,-0000.98,-0010.74,+0001.38,+0004.98,-0010.34
+1580686796.43,-0009.77,-0005.86,-0010.74,+0005.51,-0007.04,-0005.74
+1580686796.43,+0004.88,+0000.00,-0007.81,-0003.22,-0001.76,-0002.76
+1580686796.44,+0007.81,-0004.88,-0008.79,+0000.31,+0008.80,-0008.27
+1580686796.44,-0013.67,-0000.98,-0008.79,+0000.15,+0001.91,-0009.42
+1580686796.45,-0004.88,+0000.00,-0006.84,+0004.59,+0001.15,-0020.67
+1580686796.45,+0005.86,+0000.00,-0003.91,-0002.91,-0007.96,-0001.45
+1580686796.46,+0003.91,+0000.00,-0003.91,+0002.68,+0010.11,-0011.94
+1580686796.46,-0007.81,+0000.00,-0003.91,+0003.83,+0001.45,+0002.37
+1580686796.47,-0002.93,+0001.95,-0004.88,+0002.30,+0012.17,-0028.02
+1580686796.47,-0023.44,-0000.98,-0004.88,-0004.67,-0011.10,-0006.43
+1580686796.48,+0010.74,+0004.88,-0001.95,+0013.02,-0003.60,-0010.80
+1580686796.48,-0001.95,-0000.98,-0003.91,+0003.75,-0005.74,-0001.91
+1580686796.49,-0005.86,+0000.98,-0003.91,+0001.91,-0002.76,-0004.75
+1580686796.49,-0005.86,+0001.95,-0005.86,-0002.60,+0004.90,-0015.93
+1580686796.50,-0008.79,-0001.95,-0005.86,+0003.06,-0006.97,-0005.28
+1580686796.50,+0010.74,+0000.98,-0005.86,-0004.82,+0005.67,-0010.87
+1580686796.51,-0007.81,+0000.00,-0005.86,+0001.38,+0002.60,-0015.93
+1580686796.51,-0004.88,+0000.00,-0005.86,-0007.20,-0007.12,-0005.21
+1580686796.52,+0007.81,+0000.00,-0007.81,-0008.04,+0000.54,-0008.35
+1580686796.52,-0000.98,-0004.88,-0010.74,+0002.76,-0001.45,-0003.90
+1580686796.53,-0001.95,-0000.98,-0012.70,-0007.12,-0000.54,-0011.56
+1580686796.53,+0001.95,-0006.84,-0012.70,+0000.08,+0002.37,-0016.00
+1580686796.54,-0000.98,-0004.88,-0011.72,-0002.07,+0001.99,-0019.52
+1580686796.54,+0004.88,-0003.91,-0010.74,-0000.31,-0009.95,-0010.64
+1580686796.55,+0028.32,-0007.81,-0012.70,-0003.52,-0005.90,+0001.61
+1580686796.55,-0001.95,-0007.81,-0016.60,-0002.99,-0003.06,-0006.12
+1580686796.56,-0015.62,-0005.86,-0016.60,+0002.68,-0002.45,-0016.23
+1580686796.56,+0010.74,-0005.86,-0014.65,-0000.92,-0003.29,-0015.77
+1580686796.57,+0024.41,-0010.74,-0014.65,-0000.61,-0006.12,-0005.28
+1580686796.57,+0000.00,-0005.86,-0014.65,-0004.90,+0002.60,-0014.01
+1580686796.58,-0012.70,-0007.81,-0013.67,-0002.37,-0007.89,-0009.03
+1580686796.58,+0016.60,-0007.81,-0014.65,+0003.52,+0001.07,-0013.32
+1580686796.59,+0008.79,-0012.70,-0016.60,+0002.68,+0003.29,-0007.66
+1580686796.59,-0006.84,-0006.84,-0017.58,-0007.43,-0001.00,-0006.74
+1580686796.60,+0000.00,-0009.77,-0017.58,+0001.99,-0004.75,-0003.22
+1580686796.60,-0002.93,-0009.77,-0017.58,+0001.15,+0009.88,-0015.01
+1580686796.61,-0011.72,-0009.77,-0017.58,+0004.75,-0003.68,-0012.56
+1580686796.61,+0001.95,-0006.84,-0015.62,-0002.30,-0002.30,-0008.35
+1580686796.62,+0000.00,-0009.77,-0015.62,-0004.59,+0003.45,-0005.05
+1580686796.62,-0017.58,-0005.86,-0016.60,-0002.99,-0001.38,-0012.86
+1580686796.63,-0014.65,-0007.81,-0016.60,+0001.38,-0009.49,-0006.97
+1580686796.63,+0009.77,-0006.84,-0016.60,-0002.53,+0000.84,-0006.28
+1580686796.64,-0011.72,-0006.84,-0017.58,-0001.45,+0009.34,-0020.14
+1580686796.64,-0017.58,-0003.91,-0016.60,+0001.91,-0006.58,-0014.24
+1580686796.65,+0006.84,-0004.88,-0017.58,-0000.92,-0002.22,-0007.96
+1580686796.65,+0001.95,-0005.86,-0017.58,-0002.83,+0004.44,-0010.26
+1580686796.66,-0008.79,-0000.98,-0017.58,-0002.68,-0004.44,-0006.97
+1580686796.66,+0001.95,-0000.98,-0015.62,+0004.44,+0000.92,-0016.46
+1580686796.67,+0003.91,-0001.95,-0014.65,-0004.13,-0005.74,-0005.44
+1580686796.67,+0002.93,+0001.95,-0013.67,+0006.66,+0001.99,-0005.97
+1580686796.68,-0012.70,+0002.93,-0012.70,+0002.60,-0010.18,-0005.67
+1580686796.68,+0011.72,+0003.91,-0009.77,+0003.37,-0000.23,-0016.00
+1580686796.69,+0010.74,+0002.93,-0008.79,-0003.68,+0003.52,-0011.03
+1580686796.69,-0012.70,+0006.84,-0009.77,-0003.90,-0013.25,+0000.84
+1580686796.70,+0006.84,+0005.86,-0009.77,+0005.28,+0010.11,-0019.91
+1580686796.70,-0001.95,+0004.88,-0009.77,-0000.69,-0001.61,-0012.79
+1580686796.71,+0003.91,+0007.81,-0007.81,+0003.22,-0004.90,-0004.75
+1580686796.71,+0006.84,+0010.74,-0005.86,-0002.07,-0008.96,-0001.38
+1580686796.72,+0013.67,+0004.88,-0003.91,+0007.89,+0004.90,+0001.23
+1580686796.72,-0014.65,+0011.72,-0002.93,-0002.30,+0011.71,-0021.90
+1580686796.73,-0013.67,+0009.77,-0000.98,+0009.80,-0004.82,-0015.93
+1580686796.73,+0029.30,+0012.70,-0001.95,-0010.18,-0001.68,-0006.51
+1580686796.74,+0011.72,+0003.91,-0003.91,+0005.13,+0010.95,-0004.75
+1580686796.74,-0025.39,+0014.65,-0004.88,-0000.54,+0003.37,-0012.25
+1580686796.75,-0002.93,+0009.77,-0003.91,+0004.90,-0003.06,-0014.93
+1580686796.75,+0014.65,+0006.84,-0003.91,-0006.97,+0003.60,-0006.51
+1580686796.76,-0000.98,+0007.81,-0004.88,+0004.06,+0001.23,-0003.22
+1580686796.76,-0006.84,+0010.74,-0003.91,-0000.08,+0003.37,-0015.85
+1580686796.77,-0009.77,+0005.86,-0002.93,-0004.06,-0002.45,-0010.57
+1580686796.77,+0002.93,+0005.86,-0002.93,+0002.91,-0000.77,-0013.25
+1580686796.78,+0000.00,+0004.88,-0004.88,-0004.67,-0000.92,-0010.57
+1580686796.78,+0000.00,+0003.91,-0004.88,-0000.69,+0004.75,-0007.35
+1580686796.79,-0011.72,+0002.93,-0005.86,-0000.69,+0001.00,-0013.78
+1580686796.79,-0008.79,+0002.93,-0006.84,+0000.15,-0007.73,-0009.19
+1580686796.80,+0009.77,-0000.98,-0009.77,-0003.75,+0005.36,-0010.34
+1580686796.80,-0005.86,-0002.93,-0010.74,-0000.08,-0001.30,-0011.33
+1580686796.81,-0009.77,-0000.98,-0011.72,-0004.82,-0006.58,-0003.90
+1580686796.81,-0001.95,-0003.91,-0014.65,+0001.15,+0008.19,-0017.92
+1580686796.82,-0006.84,-0008.79,-0014.65,+0003.45,-0000.08,-0014.93
+1580686796.82,+0002.93,-0003.91,-0014.65,-0003.98,+0000.46,-0011.56
+1580686796.83,-0005.86,-0009.77,-0015.62,-0001.23,+0001.61,-0019.75
+1580686796.83,-0001.95,-0010.74,-0015.62,-0003.14,-0003.29,-0005.90
+1580686796.84,+0007.81,-0013.67,-0017.58,-0001.07,+0001.23,-0004.52
+1580686796.84,-0005.86,-0013.67,-0021.48,-0003.45,+0002.99,-0011.25
+1580686796.85,-0001.95,-0016.60,-0022.46,-0001.61,-0008.42,-0006.74
+1580686796.85,+0015.62,-0018.55,-0023.44,-0001.99,+0011.18,-0018.38
+1580686796.86,-0015.62,-0019.53,-0023.44,-0003.75,-0003.37,-0016.08
+1580686796.86,+0003.91,-0017.58,-0021.48,+0003.06,-0011.25,-0010.11
+1580686796.87,+0022.46,-0022.46,-0021.48,-0002.83,+0002.30,-0008.35
+1580686796.87,-0008.79,-0021.48,-0021.48,-0004.21,-0003.06,-0005.21
+1580686796.88,-0010.74,-0017.58,-0023.44,+0002.99,+0000.23,-0016.38
+1580686796.88,+0004.88,-0023.44,-0023.44,-0003.83,-0005.05,-0016.15
+1580686796.89,+0021.48,-0024.41,-0021.48,+0001.15,+0007.04,-0017.99
+1580686796.89,-0004.88,-0019.53,-0020.51,-0001.00,-0004.29,-0012.56
+1580686796.90,-0003.91,-0020.51,-0017.58,+0006.51,-0003.06,-0011.94
+1580686796.90,+0016.60,-0022.46,-0016.60,-0002.07,-0005.13,-0009.72
+1580686796.91,+0010.74,-0021.48,-0016.60,+0003.29,+0007.96,-0009.26
+1580686796.91,-0006.84,-0020.51,-0017.58,-0008.27,-0008.50,+0000.31
+1580686796.92,+0004.88,-0022.46,-0017.58,+0007.27,+0000.46,-0011.10
+1580686796.92,+0000.98,-0024.41,-0016.60,+0006.89,-0000.84,-0009.72
+1580686796.93,+0000.98,-0020.51,-0014.65,-0002.37,-0007.96,-0000.77
+1580686796.93,+0006.84,-0022.46,-0014.65,+0000.31,+0005.51,-0003.29
+1580686796.94,-0018.55,-0020.51,-0013.67,+0003.29,+0008.04,-0015.16
+1580686796.94,-0009.77,-0018.55,-0010.74,+0007.27,-0000.84,-0016.00
+1580686796.95,+0003.91,-0016.60,-0008.79,-0005.74,+0003.22,-0016.61
+1580686796.95,-0005.86,-0020.51,-0008.79,+0002.60,-0002.30,-0008.12
+1580686796.96,-0006.84,-0013.67,-0007.81,-0005.44,+0004.98,-0018.07
+1580686796.96,-0017.58,-0014.65,-0007.81,+0000.46,-0010.03,-0006.74
+1580686796.97,+0014.65,-0015.62,-0006.84,+0000.08,-0007.81,+0008.12
+1580686796.97,-0002.93,-0013.67,-0007.81,+0000.84,+0011.25,-0007.58
+1580686796.98,-0036.13,-0012.70,-0006.84,+0003.90,-0009.80,-0007.04
+1580686796.98,+0005.86,-0008.79,-0004.88,+0000.15,-0002.14,-0018.22
+1580686796.99,+0007.81,-0014.65,-0004.88,-0001.68,+0003.98,-0011.33
+1580686796.99,-0010.74,-0009.77,-0004.88,+0001.23,+0000.46,-0008.65
+1580686797.00,-0011.72,-0004.88,-0004.88,+0000.38,-0002.37,-0017.15
+1580686797.00,-0000.98,-0010.74,-0003.91,+0002.45,-0000.54,-0013.55
+1580686797.01,+0003.91,-0007.81,-0002.93,+0003.98,-0003.45,-0002.53
+1580686797.01,-0015.62,-0003.91,-0001.95,-0004.36,+0002.22,-0016.00
+1580686797.02,-0014.65,-0006.84,-0000.98,+0001.76,-0007.12,-0012.79
+1580686797.02,+0013.67,-0004.88,-0000.98,+0002.45,-0001.15,-0014.47
+1580686797.03,+0001.95,-0005.86,-0002.93,+0000.77,-0002.14,-0001.30
+1580686797.03,-0006.84,-0003.91,-0002.93,-0001.07,-0000.69,-0014.09
+1580686797.04,+0002.93,-0004.88,-0001.95,-0002.14,-0001.99,-0017.69
+1580686797.04,+0011.72,-0005.86,-0000.98,+0002.45,-0000.31,-0002.83
+1580686797.05,-0007.81,-0001.95,-0000.98,-0005.05,-0005.51,-0012.17
+1580686797.05,+0000.00,-0003.91,-0000.98,+0002.91,-0008.27,-0002.99
+1580686797.06,+0014.65,-0006.84,-0001.95,-0004.59,+0008.65,-0004.90
+1580686797.06,-0016.60,-0005.86,-0002.93,-0000.54,-0007.66,-0012.56
+1580686797.07,+0001.95,-0001.95,-0001.95,-0001.07,-0018.38,+0003.29
+1580686797.07,+0038.09,-0009.77,-0003.91,+0002.99,+0017.99,-0005.21
+1580686797.08,-0039.06,-0006.84,-0005.86,-0009.65,+0019.68,-0019.22
+1580686797.08,-0028.32,-0001.95,-0001.95,+0013.17,-0003.60,-0025.11
+1580686797.09,+0017.58,-0000.98,-0000.98,-0013.70,-0000.84,-0018.60
+1580686797.09,+0010.74,-0013.67,-0001.95,+0007.96,+0007.43,+0003.60
+1580686797.10,-0020.51,-0001.95,-0001.95,-0005.36,+0001.76,-0009.95
+1580686797.10,-0018.55,-0003.91,-0000.98,+0004.29,-0004.67,-0011.41
+1580686797.11,+0007.81,-0006.84,-0002.93,-0004.75,-0006.35,-0002.22
+1580686797.11,+0002.93,-0006.84,-0002.93,+0003.29,+0010.95,-0007.20
+1580686797.12,-0024.41,-0005.86,-0002.93,+0003.37,-0003.29,-0010.87
+1580686797.12,-0007.81,-0002.93,-0001.95,+0001.23,-0002.30,-0022.51
+1580686797.13,+0010.74,-0008.79,-0001.95,-0004.98,-0010.49,+0003.29
+1580686797.13,+0000.98,-0004.88,-0001.95,-0009.80,-0009.11,+0001.84
+1580686797.13,-0013.67,-0006.84,-0001.95,+0005.28,+0004.44,-0015.54
+1580686797.14,-0014.65,+0000.00,-0001.95,-0003.06,-0000.15,-0024.58
+1580686797.14,+0001.95,-0008.79,-0000.98,+0002.22,-0006.28,-0008.88
+1580686797.15,+0009.77,-0001.95,+0000.98,-0006.89,+0002.60,-0009.95
+1580686797.15,-0013.67,-0005.86,+0000.98,+0004.59,-0001.23,-0012.17
+1580686797.16,+0000.00,-0000.98,+0001.95,-0000.92,-0009.42,-0003.37
+1580686797.16,+0005.86,-0004.88,+0000.98,+0000.46,+0004.98,-0013.70
+1580686797.17,-0006.84,-0002.93,+0001.95,+0001.30,+0000.08,-0011.10
+1580686797.17,+0000.00,-0000.98,+0002.93,+0002.30,-0006.51,-0010.72
+1580686797.18,+0008.79,-0002.93,+0004.88,-0000.23,-0001.15,-0011.71
+1580686797.18,+0001.95,-0001.95,+0003.91,-0001.00,-0002.91,-0008.96
+1580686797.19,+0003.91,-0000.98,+0003.91,+0005.74,+0000.69,-0013.02
+1580686797.19,+0000.98,-0000.98,+0003.91,-0001.07,+0000.84,-0017.23
+1580686797.20,+0013.67,-0001.95,+0005.86,-0000.54,-0009.95,+0000.31
+1580686797.20,-0000.98,+0000.98,+0006.84,-0003.75,+0006.51,-0018.45
+1580686797.21,-0008.79,-0000.98,+0009.77,+0002.91,-0014.47,-0001.61
+1580686797.21,+0020.51,+0002.93,+0009.77,+0001.30,+0005.21,-0020.52
+1580686797.22,-0001.95,-0002.93,+0008.79,+0002.68,-0010.57,+0000.15
+1580686797.22,+0007.81,+0001.95,+0008.79,-0000.54,+0007.81,-0006.89
+1580686797.23,-0008.79,-0000.98,+0007.81,-0003.60,+0012.17,-0017.92
+1580686797.23,-0016.60,+0000.98,+0008.79,+0002.07,-0003.37,-0017.00
+1580686797.24,+0023.44,+0002.93,+0008.79,-0005.28,-0009.57,+0009.80
+1580686797.24,+0018.55,-0003.91,+0008.79,+0006.58,+0021.13,-0016.31
+1580686797.25,-0025.39,-0000.98,+0011.72,-0005.59,-0011.64,+0007.12
+1580686797.25,-0002.93,+0006.84,+0011.72,-0009.95,-0009.42,-0013.93
+1580686797.26,+0010.74,-0002.93,+0009.77,+0003.14,+0003.90,-0007.73
+1580686797.26,-0001.95,+0001.95,+0007.81,+0000.31,+0000.92,-0013.48
+1580686797.27,-0011.72,+0000.98,+0008.79,-0003.52,-0001.91,-0007.43
+1580686797.27,-0003.91,+0003.91,+0011.72,-0005.13,+0002.45,-0011.10
+1580686797.28,-0002.93,+0000.98,+0010.74,+0008.50,-0001.38,-0009.49
+1580686797.28,-0003.91,+0004.88,+0010.74,-0002.76,-0001.00,-0008.50
+1580686797.29,-0002.93,+0001.95,+0009.77,+0002.60,+0000.38,-0012.94
+1580686797.29,-0007.81,+0001.95,+0009.77,-0004.36,-0006.35,-0003.22
+1580686797.30,-0003.91,+0001.95,+0009.77,+0004.36,+0008.35,-0014.09
+1580686797.30,-0014.65,+0002.93,+0010.74,-0002.22,-0001.38,-0018.83
+1580686797.31,+0005.86,+0003.91,+0012.70,+0003.90,+0002.68,-0015.31
+1580686797.31,+0000.00,+0000.98,+0012.70,-0004.21,+0000.84,-0015.62
+1580686797.32,-0009.77,+0002.93,+0013.67,+0003.37,-0005.44,-0005.13
+1580686797.32,+0000.98,+0005.86,+0011.72,-0000.84,+0000.46,-0013.48
+1580686797.33,-0001.95,+0000.98,+0011.72,+0006.43,-0003.60,-0010.18
+1580686797.33,+0007.81,+0004.88,+0013.67,-0002.37,-0003.98,-0006.05
+1580686797.34,+0009.77,+0002.93,+0013.67,+0002.99,-0001.91,-0004.59
+1580686797.34,-0003.91,+0001.95,+0012.70,-0001.76,-0000.23,-0010.34
+1580686797.35,-0002.93,+0002.93,+0011.72,+0003.83,+0000.61,-0018.60
+1580686797.35,+0004.88,+0003.91,+0010.74,+0000.38,-0006.89,-0016.15
+1580686797.36,+0022.46,+0000.98,+0012.70,+0004.98,+0013.86,-0020.90
+1580686797.36,-0015.62,+0001.95,+0012.70,-0003.98,-0006.35,-0009.95
+1580686797.37,-0000.98,+0003.91,+0014.65,+0011.94,-0004.44,-0009.80
+1580686797.37,+0011.72,+0003.91,+0014.65,-0005.21,+0006.05,-0020.90
+1580686797.38,+0001.95,+0000.98,+0015.62,+0001.23,+0000.15,-0003.45
+1580686797.38,-0000.98,+0005.86,+0014.65,-0001.45,+0005.13,-0017.23
+1580686797.39,-0001.95,+0000.98,+0014.65,-0002.22,-0012.40,+0002.99
+1580686797.39,+0014.65,+0003.91,+0013.67,-0004.52,+0004.59,-0011.25
+1580686797.40,-0003.91,+0000.00,+0013.67,+0004.98,-0006.66,-0002.22
+1580686797.40,+0000.98,+0004.88,+0014.65,+0002.14,+0006.66,-0014.39
+1580686797.41,-0007.81,+0002.93,+0015.62,+0000.00,+0000.23,-0015.24
+1580686797.41,+0007.81,+0004.88,+0015.62,-0001.15,+0002.45,-0006.81
+1580686797.42,+0005.86,+0001.95,+0014.65,-0002.22,+0004.75,-0011.87
+1580686797.42,-0008.79,+0002.93,+0014.65,+0001.61,-0004.13,-0003.22
+1580686797.43,-0006.84,+0004.88,+0013.67,-0000.54,-0006.51,-0010.34
+1580686797.43,+0003.91,+0003.91,+0013.67,+0000.61,+0001.23,-0005.51
+1580686797.44,+0000.98,+0003.91,+0011.72,+0001.61,+0007.66,-0010.41
+1580686797.44,-0012.70,+0002.93,+0012.70,-0002.14,-0001.91,-0006.43
+1580686797.45,-0001.95,+0006.84,+0013.67,-0004.52,+0002.53,-0015.93
+1580686797.45,+0002.93,+0003.91,+0012.70,+0001.45,-0007.50,-0001.23
+1580686797.46,+0000.00,+0004.88,+0010.74,+0003.22,+0006.05,-0012.48
+1580686797.46,-0012.70,+0003.91,+0009.77,-0006.58,+0000.15,-0009.72
+1580686797.47,+0004.88,+0005.86,+0009.77,-0003.68,+0004.44,-0013.63
+1580686797.47,-0000.98,+0001.95,+0009.77,+0002.76,+0002.83,-0015.24
+1580686797.48,-0000.98,+0006.84,+0010.74,+0001.07,-0010.18,-0009.11
+1580686797.48,+0011.72,+0004.88,+0008.79,+0002.83,+0008.73,-0014.85
+1580686797.49,-0012.70,+0003.91,+0007.81,-0003.98,-0001.76,-0015.08
+1580686797.49,+0000.98,+0006.84,+0009.77,+0003.68,-0006.97,-0011.18
+1580686797.50,+0014.65,+0004.88,+0009.77,-0002.37,+0002.68,-0013.17
+1580686797.50,-0005.86,+0003.91,+0008.79,-0000.92,-0003.68,-0003.60
+1580686797.51,-0001.95,+0006.84,+0007.81,+0001.99,+0001.68,-0009.80
+1580686797.51,-0002.93,+0003.91,+0005.86,-0000.38,+0001.30,-0013.70
+1580686797.52,+0006.84,+0003.91,+0005.86,+0001.23,+0005.21,-0014.01
+1580686797.52,-0001.95,+0004.88,+0005.86,-0004.29,-0005.28,-0013.09
+1580686797.53,+0004.88,+0002.93,+0005.86,+0000.15,-0005.13,-0001.07
+1580686797.53,+0004.88,+0004.88,+0004.88,+0001.00,+0005.74,-0010.03
+1580686797.54,-0007.81,+0004.88,+0003.91,+0002.99,-0012.02,-0006.28
+1580686797.54,+0019.53,+0005.86,+0004.88,-0003.06,+0002.37,-0007.58
+1580686797.55,-0000.98,+0002.93,+0003.91,+0001.53,+0008.73,-0016.38
+1580686797.55,-0006.84,+0006.84,+0003.91,+0003.98,-0000.54,-0009.80
+1580686797.56,+0006.84,+0005.86,+0002.93,-0002.83,+0004.13,-0018.45
+1580686797.56,+0005.86,+0000.98,+0001.95,-0000.61,-0012.17,+0004.59
+1580686797.57,+0004.88,+0005.86,+0000.00,+0006.51,+0010.80,-0009.65
+1580686797.57,-0015.62,+0001.95,+0000.98,+0001.68,-0008.96,-0001.00
+1580686797.58,+0009.77,+0007.81,+0000.00,+0001.99,+0001.00,-0011.79
+1580686797.58,-0000.98,+0000.98,-0001.95,-0005.67,+0006.28,-0009.42
+1580686797.59,-0014.65,+0006.84,-0001.95,-0007.66,-0008.50,-0004.59
+1580686797.59,+0004.88,+0004.88,+0000.00,+0007.20,+0002.22,-0014.55
+1580686797.60,-0000.98,+0003.91,+0000.00,-0007.58,+0002.99,-0005.97
+1580686797.60,-0015.62,+0003.91,-0001.95,+0000.84,+0002.30,-0011.25
+1580686797.61,-0002.93,+0006.84,-0001.95,-0002.22,-0004.44,-0007.58
+1580686797.61,+0007.81,+0001.95,-0004.88,-0000.46,+0007.20,-0010.72
+1580686797.62,-0016.60,+0001.95,-0005.86,-0001.68,+0001.45,-0008.58
+1580686797.62,-0017.58,+0005.86,-0003.91,-0003.29,-0010.03,-0009.03
+1580686797.63,+0008.79,+0003.91,-0002.93,-0002.60,+0002.14,-0011.33
+1580686797.63,-0000.98,+0001.95,-0003.91,+0001.99,+0005.90,-0013.17
+1580686797.64,-0013.67,+0003.91,-0005.86,-0005.67,-0005.74,-0006.20
+1580686797.64,+0000.98,+0005.86,-0005.86,-0006.28,-0000.84,-0009.80
+1580686797.65,+0000.00,+0000.00,-0007.81,+0002.30,+0001.15,-0011.03
+1580686797.65,-0003.91,+0005.86,-0006.84,+0002.37,-0000.84,-0012.56
+1580686797.66,+0005.86,+0004.88,-0004.88,+0001.30,+0000.54,-0005.74
+1580686797.66,+0004.88,+0003.91,-0004.88,+0000.77,+0008.58,-0015.77
+1580686797.67,-0013.67,+0002.93,-0004.88,-0003.14,-0006.35,-0009.72
+1580686797.67,+0007.81,+0007.81,-0004.88,+0004.67,-0002.99,-0010.57
+1580686797.68,+0003.91,+0000.98,-0005.86,+0006.58,+0004.21,-0013.48
+1580686797.68,-0011.72,+0005.86,-0004.88,-0004.21,-0000.77,-0011.71
+1580686797.69,-0003.91,+0006.84,-0003.91,+0002.91,-0001.23,-0016.38
+1580686797.69,+0012.70,+0002.93,-0001.95,+0003.60,+0006.81,-0017.61
+1580686797.70,+0000.00,+0003.91,-0003.91,-0002.30,-0011.18,+0000.46
+1580686797.70,+0008.79,+0004.88,-0003.91,+0001.45,+0002.14,-0005.44
+1580686797.71,-0007.81,+0004.88,-0003.91,-0007.50,+0003.68,-0009.80
+1580686797.71,-0002.93,+0003.91,-0002.93,+0004.44,-0003.14,-0013.09
+1580686797.72,+0011.72,+0005.86,-0003.91,-0006.74,-0001.76,-0006.74
+1580686797.72,+0003.91,+0002.93,-0005.86,+0007.12,+0002.07,-0010.03
+1580686797.73,-0006.84,+0003.91,-0002.93,+0005.82,+0004.36,-0013.40
+1580686797.73,-0007.81,+0005.86,-0000.98,-0001.30,-0003.60,-0011.10
+1580686797.74,+0004.88,+0003.91,-0000.98,-0000.38,-0005.44,-0006.12
+1580686797.74,+0005.86,+0004.88,+0000.00,+0005.36,+0006.89,-0011.03
+1580686797.75,-0015.62,+0004.88,+0000.00,+0001.07,-0004.06,-0006.97
+1580686797.75,-0004.88,+0006.84,+0000.98,+0000.23,+0001.45,-0015.47
+1580686797.76,+0000.00,+0002.93,+0000.00,-0005.13,-0001.15,-0008.42
+1580686797.76,-0000.98,+0003.91,-0000.98,+0007.66,-0000.92,-0003.98
+1580686797.77,-0013.67,+0003.91,-0000.98,+0000.38,-0002.68,-0008.12
+1580686797.77,-0008.79,+0004.88,-0001.95,+0002.45,+0001.30,-0014.47
+1580686797.78,+0000.00,+0001.95,-0000.98,-0002.83,-0005.97,-0009.11
+1580686797.78,+0001.95,+0001.95,-0000.98,+0000.46,+0007.27,-0015.24
+1580686797.79,-0020.51,+0002.93,-0000.98,-0004.82,-0006.35,-0005.59
+1580686797.79,-0000.98,+0003.91,+0000.00,+0006.05,-0003.83,-0009.42
+1580686797.80,+0001.95,-0002.93,-0001.95,-0007.27,+0003.75,-0010.03
+1580686797.80,-0016.60,+0000.98,-0001.95,-0004.82,-0003.22,-0014.16
+1580686797.81,-0002.93,+0001.95,+0000.00,+0002.91,-0005.74,-0019.98
+1580686797.81,+0009.77,-0000.98,+0000.98,-0001.00,-0000.54,-0014.62
+1580686797.82,+0005.86,-0002.93,+0000.00,+0002.83,+0007.58,-0011.56
+1580686797.82,-0011.72,+0000.98,+0000.00,-0004.06,-0005.74,-0008.04
+1580686797.83,+0000.00,-0002.93,+0000.98,+0006.28,-0002.45,-0013.48
+1580686797.83,+0015.62,-0002.93,+0001.95,-0001.38,-0003.83,-0008.04
+1580686797.84,+0000.98,-0003.91,+0000.98,+0006.81,+0006.35,-0016.77
+1580686797.84,-0014.65,-0000.98,+0000.98,-0005.05,-0004.44,-0012.48
+1580686797.85,+0010.74,-0003.91,+0001.95,+0008.19,-0006.81,-0014.85
+1580686797.85,+0012.70,-0007.81,+0001.95,+0001.38,+0004.36,-0010.72
+1580686797.86,-0004.88,-0002.93,+0002.93,+0002.07,-0004.44,-0011.41
+1580686797.86,+0003.91,-0002.93,+0003.91,+0000.15,-0004.98,-0009.57
+1580686797.87,+0010.74,-0005.86,+0003.91,+0003.22,+0004.21,-0014.39
+1580686797.87,+0008.79,-0004.88,+0003.91,+0002.22,+0003.68,-0006.20
+1580686797.88,-0001.95,-0000.98,+0003.91,+0001.68,+0003.45,-0013.55
+1580686797.88,-0003.91,-0004.88,+0004.88,-0005.82,-0005.90,-0005.21
+1580686797.89,+0008.79,+0000.00,+0005.86,-0006.81,+0000.54,-0009.34
+1580686797.89,+0000.98,-0003.91,+0005.86,+0006.58,-0001.45,-0005.90
+1580686797.90,+0000.98,+0000.00,+0007.81,-0000.54,+0002.37,-0003.37
+1580686797.90,-0006.84,-0001.95,+0007.81,-0000.77,+0002.99,-0014.93
+1580686797.91,-0001.95,+0000.98,+0008.79,-0003.14,+0003.98,-0014.93
+1580686797.91,-0004.88,-0000.98,+0007.81,-0003.45,-0001.61,-0009.26
+1580686797.92,-0002.93,+0000.00,+0006.84,-0000.08,+0001.68,-0007.43
+1580686797.92,-0011.72,+0000.00,+0005.86,-0000.23,-0004.13,-0011.18
+1580686797.93,-0005.86,+0000.98,+0004.88,-0001.00,-0001.38,-0009.34
+1580686797.93,-0002.93,+0000.00,+0003.91,-0002.07,+0007.43,-0016.77
+1580686797.94,-0008.79,-0000.98,+0003.91,+0001.68,-0007.81,-0006.66
+1580686797.94,+0000.98,+0000.00,+0003.91,+0000.69,+0006.58,-0009.49
+1580686797.95,-0012.70,-0000.98,+0002.93,-0004.90,-0005.28,-0005.51
+1580686797.95,-0002.93,-0000.98,+0000.98,+0002.53,-0001.53,-0010.03
+1580686797.96,+0001.95,-0002.93,-0000.98,-0002.07,-0005.51,-0005.97
+1580686797.96,+0005.86,-0005.86,-0001.95,+0001.76,-0000.23,+0000.31
+1580686797.97,-0008.79,-0002.93,-0003.91,-0004.44,+0010.57,-0023.20
+1580686797.97,-0015.62,-0004.88,-0002.93,-0002.30,-0008.50,-0014.70
+1580686797.98,+0020.51,-0005.86,-0002.93,-0007.12,+0005.67,-0013.48
+1580686797.98,+0005.86,-0011.72,-0005.86,-0003.83,-0002.22,-0000.69
+1580686797.99,-0006.84,-0008.79,-0007.81,-0002.91,+0001.30,-0001.84
+1580686797.99,-0014.65,-0010.74,-0011.72,-0008.35,-0006.28,-0013.17
+1580686798.00,+0002.93,-0018.55,-0014.65,+0002.91,+0002.07,-0014.24
+1580686798.00,+0006.84,-0016.60,-0016.60,-0008.88,+0003.06,-0016.46
+1580686798.01,-0005.86,-0015.62,-0017.58,+0002.07,-0001.23,-0010.03
+1580686798.01,+0002.93,-0016.60,-0018.55,-0001.84,+0001.91,-0010.41
+1580686798.02,-0001.95,-0021.48,-0019.53,-0003.06,+0002.30,-0013.25
+1580686798.02,-0002.93,-0019.53,-0021.48,-0001.99,-0003.45,-0004.82
+1580686798.03,+0005.86,-0020.51,-0021.48,-0004.52,+0002.83,-0012.56
+1580686798.03,-0004.88,-0022.46,-0022.46,-0002.45,-0002.91,-0007.20
+1580686798.04,+0000.98,-0021.48,-0023.44,-0000.61,-0000.08,-0006.35
+1580686798.04,-0004.88,-0023.44,-0025.39,-0003.06,+0003.68,-0015.31
+1580686798.05,-0002.93,-0026.37,-0024.41,+0001.53,+0000.77,-0006.81
+1580686798.05,+0000.00,-0023.44,-0024.41,-0003.14,+0006.20,-0016.61
+1580686798.06,-0009.77,-0026.37,-0024.41,-0000.46,-0005.21,-0006.43
+1580686798.06,+0000.00,-0024.41,-0024.41,+0003.68,-0000.23,-0010.41
+1580686798.07,-0002.93,-0027.34,-0025.39,-0000.38,-0002.60,-0005.13
+1580686798.07,-0002.93,-0024.41,-0025.39,+0001.99,+0001.30,-0011.18
+1580686798.08,-0005.86,-0025.39,-0024.41,-0004.21,-0003.06,-0009.34
+1580686798.08,-0001.95,-0023.44,-0024.41,-0001.45,+0003.14,-0010.57
+1580686798.09,-0006.84,-0023.44,-0023.44,-0000.54,-0000.61,-0010.95
+1580686798.09,-0006.84,-0021.48,-0022.46,-0001.07,-0001.00,-0014.32
+1580686798.10,-0000.98,-0022.46,-0019.53,-0001.45,-0003.83,-0010.34
+1580686798.10,-0000.98,-0018.55,-0018.55,-0002.22,-0006.97,-0003.22
+1580686798.11,+0001.95,-0019.53,-0018.55,+0001.68,+0005.44,-0006.81
+1580686798.11,-0016.60,-0015.62,-0018.55,-0001.23,+0003.52,-0019.52
+1580686798.12,-0001.95,-0017.58,-0015.62,+0009.80,+0002.45,-0016.84
+1580686798.12,+0001.95,-0012.70,-0014.65,-0007.73,+0002.99,-0013.70
+1580686798.13,-0010.74,-0015.62,-0013.67,+0007.35,-0000.31,-0014.24
+1580686798.13,+0002.93,-0007.81,-0010.74,-0002.45,-0007.96,-0005.21
+1580686798.14,+0000.00,-0010.74,-0008.79,+0002.99,+0003.06,-0010.49
+1580686798.14,-0006.84,-0006.84,-0007.81,-0004.90,-0005.59,-0003.68
+1580686798.15,+0002.93,-0004.88,-0006.84,+0004.98,-0001.15,-0010.80
+1580686798.15,-0000.98,-0005.86,-0005.86,+0001.53,-0005.44,-0006.51
+1580686798.16,+0003.91,-0002.93,-0004.88,+0002.45,+0002.53,-0013.40
+1580686798.16,+0000.98,+0000.98,-0003.91,+0000.15,+0000.31,-0015.31
+1580686798.17,+0003.91,+0000.00,-0001.95,+0002.99,-0002.53,-0007.27
+1580686798.17,+0000.98,+0003.91,+0000.00,-0001.84,+0001.30,-0016.15
+1580686798.18,-0001.95,+0005.86,+0000.98,+0000.46,-0004.67,-0008.80
+1580686798.18,+0008.79,+0005.86,+0002.93,-0001.23,+0005.05,-0015.39
+1580686798.19,+0002.93,+0006.84,+0003.91,+0002.07,+0000.31,-0002.91
+1580686798.19,+0001.95,+0011.72,+0004.88,+0001.45,+0008.65,-0020.21
+1580686798.20,-0001.95,+0009.77,+0005.86,-0004.13,-0017.00,+0004.90
+1580686798.20,+0015.62,+0013.67,+0004.88,+0014.78,+0010.57,-0012.40
+1580686798.21,-0010.74,+0009.77,+0006.84,+0008.58,+0000.84,-0007.12
+1580686798.21,-0003.91,+0017.58,+0008.79,-0001.30,-0003.68,-0010.72
+1580686798.22,+0007.81,+0012.70,+0009.77,-0000.69,-0001.07,-0010.87
+1580686798.22,+0003.91,+0012.70,+0009.77,-0001.38,+0011.03,-0019.98
+1580686798.23,-0020.51,+0015.62,+0009.77,-0002.76,-0012.02,-0007.58
+1580686798.23,+0007.81,+0016.60,+0010.74,+0009.11,+0000.84,-0012.02
+1580686798.24,+0003.91,+0012.70,+0009.77,-0006.58,+0005.28,-0014.70
+1580686798.24,-0011.72,+0013.67,+0009.77,+0002.30,+0001.99,-0011.56
+1580686798.25,-0007.81,+0019.53,+0008.79,-0003.29,+0000.00,-0018.15
+1580686798.25,+0002.93,+0010.74,+0007.81,+0002.45,-0007.73,-0005.74
+1580686798.26,+0000.98,+0012.70,+0006.84,-0002.53,+0002.07,-0011.64
+1580686798.26,-0015.62,+0014.65,+0008.79,+0000.92,-0013.09,-0001.00
+1580686798.27,+0008.79,+0013.67,+0009.77,+0001.76,+0005.74,-0014.93
+1580686798.27,-0001.95,+0008.79,+0008.79,-0006.97,-0001.38,-0007.27
+1580686798.28,+0000.98,+0010.74,+0006.84,-0000.84,+0004.67,-0016.46
+1580686798.28,-0011.72,+0009.77,+0003.91,-0002.83,-0003.52,-0014.32
+1580686798.29,+0000.98,+0006.84,+0002.93,+0004.59,-0003.83,-0012.94
+1580686798.29,+0003.91,+0003.91,+0002.93,+0004.75,-0005.90,-0010.87
+1580686798.30,+0000.00,+0005.86,+0004.88,+0000.84,+0000.61,-0005.67
+1580686798.30,+0000.00,+0005.86,+0004.88,-0002.07,+0000.15,-0010.57
+1580686798.31,+0000.00,+0001.95,+0003.91,+0001.61,-0005.59,-0004.98
+1580686798.31,+0000.98,+0001.95,+0003.91,-0001.07,+0002.83,-0016.31
+1580686798.32,-0006.84,+0000.00,+0002.93,-0002.14,-0006.12,-0011.79
+1580686798.32,+0011.72,+0000.98,+0002.93,+0003.29,-0002.99,-0010.41
+1580686798.33,+0007.81,-0003.91,+0002.93,+0002.37,-0004.75,-0008.35
+1580686798.33,+0001.95,-0001.95,+0001.95,-0003.98,-0000.77,-0005.82
+1580686798.34,+0003.91,-0002.93,+0000.00,-0000.61,-0000.08,-0015.47
+1580686798.34,+0002.93,-0005.86,+0000.00,-0001.53,+0000.23,-0015.47
+1580686798.35,+0019.53,-0003.91,+0000.00,-0003.83,+0007.58,-0004.52
+1580686798.35,-0000.98,-0004.88,+0000.00,+0001.15,+0005.97,-0016.84
+1580686798.36,-0011.72,-0005.86,+0000.98,-0003.75,-0008.73,-0001.84
+1580686798.36,+0011.72,-0001.95,+0000.98,+0009.88,+0003.98,-0023.35
+1580686798.37,+0009.77,-0011.72,-0000.98,+0008.19,+0000.84,-0002.14
+1580686798.37,+0000.98,-0004.88,+0000.00,-0004.82,+0001.99,-0004.44
+1580686798.38,-0005.86,-0007.81,+0000.00,-0001.61,-0000.23,-0002.45
+1580686798.38,-0005.86,-0007.81,+0000.00,-0005.59,-0003.29,-0013.09
+1580686798.39,+0004.88,-0009.77,+0001.95,+0003.45,-0006.12,-0008.80
+1580686798.39,+0010.74,-0005.86,+0001.95,+0000.23,+0006.12,-0006.66
+1580686798.40,-0017.58,-0007.81,+0001.95,-0001.91,+0005.59,-0017.53
+1580686798.40,+0002.93,-0005.86,+0001.95,+0002.14,+0011.33,-0024.35
+1580686798.41,-0005.86,-0007.81,+0000.98,-0008.35,+0000.23,-0010.18
+1580686798.41,-0005.86,-0008.79,+0001.95,+0004.13,-0002.22,-0009.80
+1580686798.42,-0001.95,-0003.91,+0002.93,-0004.90,+0004.75,-0013.25
+1580686798.42,-0009.77,-0006.84,+0002.93,+0000.69,-0004.98,-0006.89
+1580686798.43,+0001.95,-0005.86,+0002.93,-0003.75,-0001.84,-0004.98
+1580686798.43,-0001.95,-0005.86,+0001.95,+0002.83,+0003.83,-0011.71
+1580686798.44,-0013.67,-0005.86,+0001.95,+0003.29,-0003.83,-0015.54
+1580686798.44,+0004.88,-0003.91,+0001.95,-0002.99,-0007.73,-0008.12
+1580686798.45,+0005.86,-0007.81,+0000.98,-0001.23,+0010.80,-0013.63
+1580686798.45,-0008.79,-0003.91,+0000.98,-0003.52,-0009.80,-0000.77
+1580686798.46,+0008.79,-0001.95,+0000.98,+0005.82,+0011.48,-0026.26
+1580686798.46,-0006.84,-0005.86,+0000.98,-0009.88,-0006.58,-0004.29
+1580686798.47,+0010.74,-0004.88,+0000.98,+0005.13,-0004.36,-0005.59
+1580686798.47,-0000.98,-0003.91,+0000.98,+0000.61,+0003.83,-0010.03
+1580686798.48,-0007.81,-0003.91,+0001.95,+0001.23,-0004.98,-0015.77
+1580686798.48,+0012.70,-0003.91,+0001.95,-0003.37,-0003.52,-0010.57
+1580686798.49,+0003.91,-0003.91,+0000.00,-0007.81,-0012.48,+0006.66
+1580686798.49,+0009.77,-0004.88,+0000.00,+0009.03,+0011.48,-0018.38
+1580686798.50,-0002.93,-0000.98,+0000.00,-0011.56,-0008.19,-0006.12
+1580686798.50,+0007.81,-0006.84,-0000.98,+0007.20,+0001.76,-0010.34
+1580686798.51,+0001.95,-0003.91,-0000.98,-0003.14,+0001.91,-0006.81
+1580686798.51,-0004.88,-0002.93,-0000.98,+0005.59,-0000.84,-0014.09
+1580686798.52,+0003.91,-0003.91,-0000.98,-0008.12,+0000.31,-0011.56
+1580686798.52,+0004.88,-0005.86,+0000.00,-0006.35,-0001.53,+0003.22
+1580686798.53,+0003.91,-0005.86,+0000.00,+0001.45,+0008.73,-0011.18
+1580686798.53,-0017.58,-0003.91,+0000.00,-0005.74,-0004.98,-0007.43
+1580686798.54,+0004.88,-0003.91,-0002.93,+0004.67,-0003.75,-0008.65
+1580686798.54,+0009.77,-0008.79,-0003.91,+0001.00,+0004.75,-0002.37
+1580686798.55,-0014.65,-0006.84,-0003.91,+0001.15,+0003.68,-0009.49
+1580686798.55,-0023.44,-0001.95,-0001.95,-0002.45,-0001.23,-0016.08
+1580686798.56,+0005.86,-0004.88,-0001.95,-0002.53,-0002.91,-0006.35
+1580686798.56,+0011.72,-0007.81,-0003.91,+0001.45,+0006.74,-0007.81
+1580686798.57,-0016.60,-0002.93,-0002.93,-0002.60,-0002.45,-0007.43
+1580686798.57,-0012.70,-0001.95,-0002.93,-0001.68,-0003.45,-0014.32
+1580686798.58,+0003.91,-0005.86,-0002.93,-0000.77,-0001.99,-0008.88
+1580686798.58,+0000.98,-0003.91,-0003.91,-0003.37,+0001.23,-0003.22
+1580686798.59,-0011.72,+0000.00,-0003.91,-0000.15,-0000.77,-0005.59
+1580686798.59,-0012.70,-0002.93,-0003.91,+0005.05,+0000.15,-0018.15
+1580686798.60,+0000.00,-0001.95,-0000.98,-0002.91,-0007.20,-0008.35
+1580686798.60,+0005.86,-0001.95,+0000.00,+0006.81,+0006.89,-0015.47
+1580686798.61,-0009.77,+0000.98,+0000.00,-0005.82,-0003.06,-0008.27
+1580686798.61,-0007.81,+0002.93,+0000.00,-0002.91,-0007.73,-0016.08
+1580686798.62,+0014.65,+0000.00,-0000.98,-0000.46,-0005.90,+0003.52
+1580686798.62,+0006.84,+0001.95,-0001.95,+0005.51,+0012.56,-0015.39
+1580686798.63,-0014.65,+0001.95,-0000.98,+0010.18,+0004.13,-0016.92
+1580686798.63,-0001.95,+0007.81,+0000.98,-0009.42,-0002.68,-0021.59
+1580686798.64,+0008.79,+0000.98,+0001.95,+0005.82,-0005.90,-0006.20
+1580686798.64,+0010.74,+0009.77,+0003.91,+0005.13,+0002.99,-0009.49
+1580686798.65,-0005.86,+0005.86,+0006.84,+0008.12,+0002.53,-0022.97
+1580686798.65,-0003.91,+0012.70,+0007.81,-0004.29,-0007.27,-0014.47
+1580686798.66,+0018.55,+0008.79,+0006.84,+0005.82,-0001.23,-0012.56
+1580686798.66,+0008.79,+0012.70,+0005.86,+0001.76,+0000.46,-0008.04
+1580686798.67,-0007.81,+0012.70,+0007.81,+0005.36,-0003.06,-0003.29
+1580686798.67,+0000.00,+0016.60,+0007.81,-0004.82,+0000.69,-0007.20
+1580686798.68,+0003.91,+0013.67,+0007.81,+0001.53,+0001.00,-0009.42
+1580686798.68,+0006.84,+0015.62,+0009.77,+0004.21,+0005.74,-0010.57
+1580686798.69,-0006.84,+0018.55,+0010.74,-0005.36,-0003.98,-0003.37
+1580686798.69,-0001.95,+0016.60,+0010.74,+0003.29,-0001.07,-0009.72
+1580686798.70,-0002.93,+0018.55,+0009.77,-0000.31,+0007.12,-0016.77
+1580686798.70,-0000.98,+0019.53,+0008.79,+0000.00,-0004.75,-0003.37
+1580686798.71,+0000.98,+0019.53,+0006.84,+0001.38,+0012.02,-0020.60
+1580686798.71,-0020.51,+0018.55,+0008.79,-0004.52,-0005.36,-0010.64
+1580686798.72,+0000.00,+0024.41,+0009.77,-0007.43,-0004.21,-0010.64
+1580686798.72,+0004.88,+0018.55,+0007.81,+0001.45,+0004.52,-0011.10
+1580686798.73,-0009.77,+0021.48,+0005.86,-0000.46,+0000.00,-0005.74
+1580686798.73,-0001.95,+0022.46,+0006.84,-0004.75,-0009.11,+0000.46
+1580686798.74,-0001.95,+0022.46,+0004.88,-0009.42,+0004.90,-0014.24
+1580686798.74,-0012.70,+0018.55,+0003.91,+0000.69,-0013.86,-0001.38
+1580686798.75,+0012.70,+0022.46,+0004.88,+0003.37,+0003.60,-0016.08
+1580686798.75,-0009.77,+0017.58,+0003.91,+0004.29,+0000.23,-0014.39
+1580686798.76,-0009.77,+0022.46,+0001.95,-0002.68,-0006.20,-0015.01
+1580686798.76,+0006.84,+0019.53,+0000.98,-0003.75,-0001.38,-0017.15
+1580686798.77,+0004.88,+0016.60,-0000.98,+0002.14,+0001.99,-0008.96
+1580686798.77,+0001.95,+0018.55,+0000.98,+0000.23,-0002.99,-0002.91
+1580686798.78,+0000.98,+0018.55,+0001.95,-0000.61,+0004.52,-0011.79
+1580686798.78,-0000.98,+0014.65,+0000.00,-0006.74,-0007.58,-0000.38
+1580686798.79,+0000.98,+0015.62,-0003.91,-0007.96,-0001.76,-0008.96
+1580686798.79,-0001.95,+0010.74,-0004.88,+0003.06,-0001.84,-0013.09
+1580686798.80,+0002.93,+0012.70,-0004.88,-0003.06,-0000.46,-0016.00
+1580686798.80,+0001.95,+0008.79,-0006.84,-0004.59,-0001.38,-0013.09
+1580686798.81,+0008.79,+0008.79,-0006.84,-0006.20,+0005.44,-0013.93
+1580686798.81,+0000.00,+0005.86,-0007.81,+0001.23,-0004.75,-0004.90
+1580686798.82,+0001.95,+0006.84,-0007.81,+0001.07,+0002.45,-0011.18
+1580686798.82,-0000.98,+0003.91,-0008.79,-0001.99,-0000.92,-0010.87
+1580686798.83,+0004.88,+0004.88,-0009.77,+0002.60,-0002.68,-0013.86
+1580686798.83,+0013.67,+0000.98,-0010.74,-0005.90,-0004.59,+0002.14
+1580686798.84,-0005.86,+0000.00,-0012.70,+0005.21,+0015.16,-0015.39
+1580686798.84,-0017.58,+0000.00,-0011.72,+0009.26,-0007.12,-0005.36
+1580686798.85,+0018.55,+0000.98,-0012.70,-0005.05,+0001.07,-0009.42
+1580686798.85,-0000.98,-0009.77,-0013.67,-0001.76,+0007.58,-0008.80
+1580686798.86,-0005.86,-0002.93,-0010.74,-0001.23,+0007.43,-0018.60
+1580686798.86,-0006.84,-0000.98,-0010.74,-0005.44,-0001.15,-0019.29
+1580686798.87,-0001.95,-0009.77,-0011.72,-0001.91,-0006.05,-0004.67
+1580686798.87,+0005.86,-0005.86,-0011.72,+0003.52,+0001.84,-0015.31
+1580686798.88,-0003.91,-0008.79,-0013.67,+0007.27,+0010.57,-0015.16
+1580686798.88,-0015.62,-0007.81,-0015.62,-0010.26,-0008.35,-0004.90
+1580686798.89,+0001.95,-0011.72,-0014.65,+0006.97,+0003.90,-0015.01
+1580686798.89,-0002.93,-0011.72,-0014.65,-0000.54,+0005.82,-0010.41
+1580686798.90,-0013.67,-0013.67,-0014.65,+0007.73,-0001.00,-0018.38
+1580686798.90,-0006.84,-0011.72,-0013.67,-0008.42,-0006.05,-0011.48
+1580686798.91,+0008.79,-0015.62,-0012.70,+0002.99,+0002.60,-0018.30
+1580686798.91,-0000.98,-0017.58,-0012.70,+0000.61,-0005.28,-0002.14
+1580686798.92,+0001.95,-0015.62,-0013.67,+0000.61,+0002.22,-0005.51
+1580686798.92,-0004.88,-0018.55,-0014.65,-0004.75,-0001.99,-0005.74
+1580686798.93,-0000.98,-0019.53,-0014.65,-0003.60,-0000.84,-0005.59
+1580686798.93,+0003.91,-0018.55,-0013.67,+0002.07,+0006.35,-0015.08
+1580686798.94,-0007.81,-0020.51,-0012.70,+0001.91,-0001.61,-0012.94
+1580686798.94,-0000.98,-0019.53,-0011.72,+0000.00,-0001.61,-0015.54
+1580686798.95,+0003.91,-0020.51,-0012.70,-0000.46,-0000.15,-0011.56
+1580686798.95,-0000.98,-0022.46,-0011.72,+0001.91,-0000.23,-0010.72
+1580686798.96,-0000.98,-0019.53,-0010.74,+0000.61,-0002.30,-0008.04
+1580686798.96,-0000.98,-0020.51,-0011.72,+0000.61,+0001.23,-0013.32
+1580686798.97,+0001.95,-0020.51,-0010.74,+0001.15,-0001.00,-0013.17
+1580686798.97,+0011.72,-0019.53,-0008.79,+0000.77,-0008.88,+0000.46
+1580686798.98,+0009.77,-0021.48,-0009.77,-0002.83,+0007.58,-0004.90
+1580686798.98,-0014.65,-0019.53,-0008.79,-0002.22,-0008.12,-0008.73
+1580686798.99,+0007.81,-0017.58,-0006.84,+0006.35,-0000.77,-0017.15
+1580686798.99,+0013.67,-0019.53,-0006.84,-0006.58,+0000.92,-0007.58
+1580686799.00,-0000.98,-0021.48,-0004.88,+0005.59,+0000.69,-0002.37
+1580686799.00,-0007.81,-0012.70,-0004.88,-0004.36,-0004.75,-0004.98
+1580686799.01,-0002.93,-0019.53,-0004.88,+0004.36,+0003.29,-0009.11
+1580686799.01,-0005.86,-0018.55,-0004.88,+0001.23,+0004.13,-0017.23
+1580686799.02,-0003.91,-0013.67,-0001.95,+0006.74,-0003.75,-0014.55
+1580686799.02,+0003.91,-0010.74,+0000.00,-0002.99,-0000.08,-0011.41
+1580686799.03,-0001.95,-0014.65,+0000.00,+0003.06,+0000.61,-0001.61
+1580686799.03,-0011.72,-0007.81,+0000.00,+0002.14,+0003.14,-0010.34
+1580686799.04,-0006.84,-0007.81,+0000.98,+0003.14,-0002.53,-0010.57
+1580686799.04,+0004.88,-0007.81,+0001.95,-0001.38,+0001.53,-0007.89
+1580686799.05,-0003.91,-0006.84,+0001.95,+0000.84,+0000.46,-0004.36
+1580686799.05,-0014.65,-0002.93,+0001.95,-0001.91,-0005.97,-0008.19
+1580686799.06,-0006.84,-0004.88,+0001.95,+0003.90,+0002.83,-0020.44
+1580686799.06,-0000.98,-0002.93,+0002.93,-0000.61,-0003.83,-0013.55
+1580686799.07,+0006.84,-0001.95,+0002.93,+0000.69,-0001.91,-0010.41
+1580686799.07,-0003.91,+0000.00,+0002.93,-0004.36,+0005.36,-0015.85
+1580686799.08,-0013.67,+0000.98,+0004.88,+0006.66,-0006.58,-0017.30
+1580686799.08,+0015.62,+0002.93,+0006.84,-0008.35,-0009.88,-0004.52
+1580686799.09,+0005.86,+0001.95,+0006.84,-0006.35,+0006.58,-0010.34
+1580686799.09,-0022.46,+0001.95,+0005.86,+0001.68,-0005.97,-0010.72
+1580686799.10,+0009.77,+0007.81,+0006.84,-0003.29,-0012.02,-0009.88
+1580686799.10,+0021.48,-0001.95,+0004.88,+0002.07,+0004.82,-0010.87
+1580686799.11,-0013.67,+0000.98,+0003.91,+0002.60,-0007.89,-0001.45
+1580686799.11,-0001.95,+0008.79,+0005.86,+0006.20,-0003.45,-0011.87
+1580686799.12,+0009.77,+0002.93,+0006.84,-0002.83,+0000.31,-0010.72
+1580686799.12,-0000.98,+0000.98,+0007.81,+0000.38,-0001.61,-0017.46
+1580686799.13,-0000.98,+0009.77,+0009.77,-0000.46,-0004.29,-0016.00
+1580686799.13,+0014.65,+0004.88,+0009.77,+0001.15,-0001.15,-0011.10
+1580686799.14,+0001.95,+0000.00,+0006.84,-0005.13,+0005.90,-0012.02
+1580686799.14,-0005.86,+0007.81,+0005.86,-0007.66,-0006.20,+0000.08
+1580686799.15,+0018.55,+0005.86,+0002.93,+0004.59,+0000.00,-0003.22
+1580686799.15,+0005.86,-0001.95,+0002.93,-0002.14,+0008.50,+0004.29
+1580686799.16,-0024.41,+0005.86,+0004.88,-0006.43,-0015.47,-0003.83
+1580686799.16,+0013.67,+0006.84,+0006.84,+0006.66,-0000.15,-0008.04
+1580686799.17,+0014.65,+0000.00,+0005.86,-0005.82,+0005.82,-0007.20
+1580686799.17,-0024.41,-0001.95,+0003.91,+0002.45,+0007.50,-0011.79
+1580686799.18,-0008.79,+0009.77,+0004.88,+0001.99,-0000.15,-0018.99
+1580686799.18,+0009.77,+0001.95,+0003.91,+0000.61,+0001.00,-0009.80
+1580686799.19,+0000.98,-0004.88,+0002.93,-0001.53,+0003.29,-0005.44
+1580686799.19,-0012.70,+0004.88,+0004.88,-0002.83,+0002.22,-0014.70
+1580686799.20,-0011.72,+0003.91,+0003.91,-0000.69,-0004.13,-0010.03
+1580686799.20,+0000.00,-0002.93,+0003.91,-0001.61,-0000.46,-0010.95
+1580686799.21,+0000.98,+0001.95,+0001.95,+0001.30,+0001.53,-0003.22
+1580686799.21,-0018.55,+0000.98,+0000.00,+0001.76,-0004.98,-0016.92
+1580686799.22,-0004.88,-0001.95,+0001.95,-0001.68,-0011.41,-0002.22
+1580686799.22,+0011.72,+0000.98,+0003.91,+0007.89,+0009.26,-0022.20
+1580686799.23,-0009.77,-0003.91,+0002.93,-0007.73,-0000.77,-0003.14
+1580686799.23,-0004.88,+0001.95,+0003.91,-0005.44,-0006.35,-0005.28
+1580686799.24,+0005.86,-0001.95,+0002.93,+0006.66,+0005.21,-0016.54
+1580686799.24,-0004.88,-0001.95,+0003.91,-0005.28,+0000.69,-0008.80
+1580686799.25,-0002.93,+0000.98,+0005.86,+0002.45,-0006.74,-0009.49
+1580686799.25,+0006.84,+0000.98,+0006.84,+0000.46,+0003.29,-0005.97
+1580686799.26,-0002.93,-0001.95,+0005.86,+0004.06,+0000.23,-0009.95
+1580686799.26,-0007.81,+0002.93,+0007.81,+0002.68,-0000.54,-0012.86
+1580686799.27,+0007.81,+0003.91,+0009.77,+0000.77,-0006.89,-0005.74
+1580686799.27,+0018.55,+0000.98,+0009.77,+0005.21,+0008.04,-0014.16
+1580686799.28,-0009.77,+0005.86,+0009.77,-0001.53,+0001.07,-0016.08
+1580686799.28,+0005.86,+0008.79,+0011.72,+0005.21,-0003.75,-0014.62
+1580686799.29,+0019.53,+0008.79,+0014.65,-0001.38,-0001.30,-0003.68
+1580686799.29,+0009.77,+0007.81,+0014.65,+0003.75,+0002.07,+0000.92
+1580686799.30,-0002.93,+0011.72,+0014.65,-0002.99,+0000.84,-0003.98
+1580686799.30,-0004.88,+0008.79,+0017.58,+0004.67,+0000.92,-0021.59
+1580686799.31,+0011.72,+0012.70,+0020.51,-0001.53,-0012.17,+0001.45
+1580686799.31,+0016.60,+0014.65,+0020.51,+0006.35,+0011.03,-0011.48
+1580686799.32,-0021.48,+0013.67,+0019.53,+0001.15,-0011.48,+0001.00
+1580686799.32,+0001.95,+0018.55,+0019.53,+0009.03,+0005.59,-0022.20
+1580686799.33,+0004.88,+0016.60,+0020.51,-0006.35,-0005.21,-0002.60
+1580686799.33,+0002.93,+0018.55,+0021.48,+0009.42,+0003.83,-0009.49
+1580686799.34,-0001.95,+0019.53,+0020.51,+0008.35,+0014.85,-0022.43
+1580686799.34,-0025.39,+0023.44,+0020.51,-0005.90,-0006.20,-0016.23
+1580686799.35,+0005.86,+0022.46,+0021.48,+0006.28,-0010.49,-0001.30
+1580686799.35,+0003.91,+0026.37,+0022.46,-0011.71,-0001.68,-0003.22
+1580686799.36,-0010.74,+0020.51,+0025.39,+0010.57,-0002.45,-0004.59
+1580686799.36,-0003.91,+0030.27,+0023.44,-0008.58,+0001.68,-0021.05
+1580686799.37,-0002.93,+0024.41,+0021.48,+0002.68,-0001.38,-0010.72
+1580686799.37,+0002.93,+0027.34,+0018.55,-0001.23,-0000.15,-0009.19
+1580686799.38,-0000.98,+0026.37,+0019.53,+0001.15,-0000.31,-0012.48
+1580686799.38,+0000.00,+0030.27,+0019.53,+0002.07,-0005.51,-0007.66
+1580686799.39,+0007.81,+0027.34,+0018.55,+0005.28,+0002.60,-0018.99
+1580686799.39,-0002.93,+0029.30,+0018.55,-0007.35,-0011.41,+0001.53
+1580686799.40,+0011.72,+0030.27,+0018.55,+0009.11,+0005.28,-0012.79
+1580686799.40,-0002.93,+0027.34,+0016.60,-0010.72,+0001.61,-0008.12
+1580686799.41,-0001.95,+0030.27,+0016.60,-0004.21,-0004.06,-0011.56
+1580686799.41,+0010.74,+0029.30,+0014.65,+0000.31,+0002.14,-0014.24
+1580686799.42,+0008.79,+0025.39,+0013.67,-0000.61,-0003.29,-0008.04
+1580686799.42,-0003.91,+0026.37,+0011.72,+0003.22,-0005.36,-0016.23
+1580686799.43,-0001.95,+0030.27,+0009.77,-0003.75,-0005.82,-0010.80
+1580686799.43,+0018.55,+0024.41,+0009.77,-0000.69,+0000.15,-0008.35
+1580686799.44,+0009.77,+0023.44,+0008.79,-0000.46,+0001.00,-0005.67
+1580686799.44,-0006.84,+0029.30,+0008.79,-0001.99,-0006.20,-0010.26
+1580686799.45,+0007.81,+0025.39,+0007.81,-0004.21,-0002.30,-0012.25
+1580686799.45,+0014.65,+0021.48,+0005.86,-0001.68,-0000.08,-0003.90
+1580686799.46,-0003.91,+0022.46,+0002.93,-0002.22,-0002.37,-0008.35
+1580686799.46,-0004.88,+0023.44,+0001.95,-0004.59,-0004.29,-0003.29
+1580686799.47,+0005.86,+0018.55,+0000.00,+0000.54,+0007.58,-0016.00
+1580686799.47,-0000.98,+0016.60,-0000.98,-0007.27,-0005.67,-0000.15
+1580686799.48,-0002.93,+0021.48,-0002.93,-0009.88,+0001.53,-0011.10
+1580686799.48,-0008.79,+0014.65,-0004.88,+0002.14,-0002.07,-0010.49
+1580686799.49,-0003.91,+0017.58,-0004.88,+0004.21,+0001.00,-0013.78
+1580686799.49,-0002.93,+0015.62,-0003.91,+0004.29,-0006.89,-0004.82
+1580686799.50,+0001.95,+0016.60,-0005.86,-0004.98,+0000.77,-0007.12
+1580686799.50,-0008.79,+0013.67,-0007.81,-0002.37,+0004.13,-0013.70
+1580686799.51,-0003.91,+0014.65,-0008.79,-0002.14,-0010.64,-0002.83
+1580686799.51,+0001.95,+0013.67,-0010.74,-0004.67,-0003.98,-0010.87
+1580686799.52,-0001.95,+0007.81,-0011.72,+0000.15,-0004.59,+0001.00
+1580686799.52,+0002.93,+0013.67,-0012.70,+0002.22,+0006.20,-0014.47
+1580686799.53,-0009.77,+0009.77,-0012.70,+0001.23,-0006.05,-0011.64
+1580686799.53,+0008.79,+0010.74,-0012.70,-0002.99,+0003.06,-0013.25
+1580686799.54,+0000.98,+0007.81,-0014.65,-0001.68,+0004.59,-0016.31
+1580686799.54,-0006.84,+0009.77,-0015.62,-0001.15,-0008.88,-0004.29
+1580686799.55,+0006.84,+0010.74,-0015.62,-0006.20,-0004.82,-0007.50
+1580686799.55,+0002.93,+0004.88,-0016.60,+0004.29,+0004.36,-0015.08
+1580686799.56,+0000.00,+0008.79,-0016.60,-0003.60,-0005.44,-0002.45
+1580686799.56,+0002.93,+0006.84,-0017.58,+0002.45,+0002.07,-0009.65
+1580686799.57,-0007.81,+0005.86,-0019.53,-0001.30,-0002.45,-0016.77
+1580686799.57,+0002.93,+0006.84,-0018.55,+0003.06,-0007.27,-0013.55
+1580686799.58,+0019.53,+0005.86,-0019.53,-0004.06,+0002.53,-0009.72
+1580686799.58,-0004.88,+0002.93,-0020.51,-0002.22,-0002.60,-0007.35
+1580686799.59,-0002.93,+0006.84,-0021.48,+0000.77,-0003.37,-0009.80
+1580686799.59,+0009.77,+0002.93,-0023.44,-0003.37,+0001.91,-0011.41
+1580686799.60,+0000.98,+0000.98,-0023.44,-0000.84,+0001.53,-0010.87
+1580686799.60,+0005.86,+0003.91,-0023.44,+0000.15,+0000.38,-0010.34
+1580686799.61,+0003.91,+0001.95,-0022.46,-0006.66,+0002.07,-0010.34
+1580686799.61,-0003.91,+0000.98,-0022.46,+0001.68,+0001.53,-0014.70
+1580686799.62,+0012.70,+0001.95,-0022.46,+0002.53,+0009.80,-0013.25
+1580686799.62,-0003.91,+0000.00,-0025.39,-0008.19,+0002.14,-0003.68
+1580686799.63,-0007.81,-0003.91,-0026.37,-0001.15,-0005.51,-0007.12
+1580686799.63,+0005.86,+0000.00,-0024.41,+0001.99,+0001.30,-0016.92
+1580686799.64,+0004.88,-0006.84,-0025.39,+0004.82,+0001.45,-0011.10
+1580686799.64,+0000.98,-0003.91,-0027.34,-0007.81,-0001.38,-0000.92
+1580686799.65,-0009.77,-0005.86,-0029.30,+0001.61,+0004.90,-0015.01
+1580686799.65,-0005.86,-0007.81,-0030.27,+0001.76,-0001.38,-0014.47
+1580686799.66,+0006.84,-0008.79,-0030.27,-0001.30,-0001.23,-0010.11
+1580686799.66,+0001.95,-0010.74,-0030.27,-0004.67,+0003.06,-0009.80
+1580686799.67,-0009.77,-0009.77,-0031.25,+0001.15,-0001.15,-0010.64
+1580686799.67,-0001.95,-0010.74,-0032.23,-0001.30,+0004.59,-0016.54
+1580686799.68,+0000.00,-0013.67,-0032.23,-0005.51,-0005.90,-0005.59
+1580686799.68,+0006.84,-0014.65,-0034.18,+0002.91,+0002.53,-0009.95
+1580686799.69,-0007.81,-0013.67,-0035.16,-0000.77,-0004.21,-0009.03
+1580686799.69,+0000.98,-0016.60,-0035.16,+0000.15,-0003.68,-0006.89
+1580686799.70,+0008.79,-0016.60,-0034.18,-0006.66,+0001.53,-0014.09
+1580686799.70,-0000.98,-0018.55,-0035.16,-0001.53,-0000.92,-0001.61
+1580686799.71,+0000.00,-0015.62,-0036.13,-0008.80,-0006.12,-0009.49
+1580686799.71,+0007.81,-0021.48,-0035.16,+0003.14,+0003.37,-0013.55
+1580686799.72,+0000.98,-0019.53,-0036.13,-0006.05,+0000.00,-0010.18
+1580686799.72,+0000.98,-0021.48,-0035.16,+0002.60,-0001.23,-0017.84
+1580686799.73,+0002.93,-0020.51,-0033.20,-0005.51,-0002.91,-0014.62
+1580686799.73,+0015.62,-0022.46,-0032.23,+0004.44,-0004.90,-0005.59
+1580686799.74,+0006.84,-0020.51,-0033.20,-0003.75,+0003.83,-0009.72
+1580686799.74,-0001.95,-0022.46,-0031.25,-0001.99,-0007.81,-0001.45
+1580686799.75,+0010.74,-0021.48,-0031.25,+0000.15,+0011.71,-0022.05
+1580686799.75,-0004.88,-0021.48,-0030.27,-0001.00,-0000.23,-0009.95
+1580686799.76,+0009.77,-0018.55,-0029.30,-0004.06,+0004.52,-0008.04
+1580686799.76,+0005.86,-0022.46,-0027.34,+0000.46,+0002.07,-0008.35
+1580686799.77,-0007.81,-0020.51,-0026.37,+0002.22,-0001.53,-0003.90
+1580686799.77,-0001.95,-0017.58,-0025.39,+0000.46,+0001.76,-0011.10
+1580686799.78,+0000.00,-0020.51,-0022.46,+0002.76,-0004.67,-0002.14
+1580686799.78,+0003.91,-0018.55,-0019.53,+0005.82,+0006.97,-0011.18
+1580686799.79,-0012.70,-0015.62,-0017.58,-0004.13,-0002.22,-0010.49
+1580686799.79,-0002.93,-0015.62,-0016.60,-0000.15,+0000.61,-0012.63
+1580686799.80,-0000.98,-0014.65,-0015.62,-0002.76,-0003.68,-0007.50
+1580686799.80,+0000.00,-0014.65,-0015.62,+0002.60,+0000.54,-0001.30
+1580686799.81,-0012.70,-0013.67,-0015.62,-0003.68,+0007.50,-0017.23
+1580686799.81,-0009.77,-0013.67,-0013.67,+0004.29,-0002.99,-0011.64
+1580686799.82,+0012.70,-0010.74,-0013.67,-0002.99,+0001.00,-0004.90
+1580686799.82,-0011.72,-0011.72,-0013.67,+0003.90,+0010.80,-0021.05
+1580686799.83,-0012.70,-0008.79,-0010.74,+0008.04,+0004.52,-0014.78
+1580686799.83,+0007.81,-0003.91,-0007.81,-0004.06,+0004.82,-0017.23
+1580686799.84,-0010.74,-0010.74,-0006.84,+0002.83,-0001.76,-0004.59
+1580686799.84,-0005.86,-0001.95,-0003.91,+0006.20,-0000.92,-0015.54
+1580686799.85,-0001.95,-0004.88,-0004.88,+0005.21,+0000.61,-0013.02
+1580686799.85,-0001.95,-0004.88,-0005.86,-0006.20,-0005.67,-0006.35
+1580686799.86,+0006.84,-0004.88,-0005.86,+0002.83,-0000.46,-0006.89
+1580686799.86,-0001.95,-0001.95,-0004.88,+0000.54,+0001.00,-0007.58
+1580686799.87,-0000.98,-0003.91,-0001.95,+0004.52,-0006.12,-0004.90
+1580686799.87,+0011.72,+0000.98,-0000.98,-0002.53,+0002.22,-0011.79
+1580686799.88,-0001.95,-0000.98,-0001.95,+0002.53,+0001.23,-0012.63
+1580686799.88,+0006.84,+0000.00,-0002.93,+0003.68,-0000.15,-0011.03
+1580686799.89,+0004.88,-0000.98,-0003.91,-0000.77,+0009.34,-0016.54
+1580686799.89,-0007.81,-0000.98,-0001.95,+0001.68,-0005.51,-0011.33
+1580686799.90,+0017.58,+0003.91,+0000.98,+0004.67,-0006.20,-0014.78
+1580686799.90,+0020.51,-0001.95,-0000.98,+0003.29,+0014.62,-0013.32
+1580686799.91,-0020.51,+0002.93,-0001.95,-0002.68,+0000.08,-0011.94
+1580686799.91,-0005.86,+0004.88,-0000.98,+0002.22,-0008.35,-0013.48
+1580686799.92,+0018.55,+0002.93,+0000.00,-0004.67,-0001.30,+0003.06
+1580686799.92,+0006.84,-0001.95,-0000.98,+0008.12,+0007.58,-0002.99
+1580686799.93,-0019.53,+0007.81,+0000.98,-0004.36,-0000.84,-0006.97
+1580686799.93,-0002.93,+0003.91,+0001.95,+0003.14,-0005.21,-0009.11
+1580686799.94,+0012.70,+0000.98,+0000.98,-0000.31,+0002.53,-0007.04
+1580686799.94,-0003.91,+0001.95,+0000.00,+0001.45,-0002.99,-0003.83
+1580686799.95,-0008.79,+0007.81,-0000.98,-0002.68,+0001.84,-0009.95
+1580686799.95,-0009.77,+0002.93,-0001.95,-0002.14,-0002.60,-0017.76
+1580686799.96,+0004.88,+0002.93,-0000.98,+0001.38,+0004.13,-0013.09
+1580686799.96,-0002.93,+0005.86,+0000.00,-0003.98,-0001.23,-0010.26
+1580686799.97,-0000.98,+0004.88,+0000.98,+0002.14,-0008.04,-0003.14
+1580686799.97,-0009.77,+0006.84,+0000.00,-0001.84,-0004.52,-0006.66
+1580686799.98,+0005.86,+0004.88,+0000.00,+0001.07,-0017.69,+0014.24
+1580686799.98,+0005.86,+0008.79,-0003.91,+0005.51,+0020.14,-0025.34
+1580686799.99,-0023.44,+0002.93,-0003.91,+0008.12,-0005.67,-0017.15
+1580686799.99,+0007.81,+0010.74,-0001.95,-0001.68,+0000.92,-0024.73
+1580686800.00,+0007.81,+0002.93,-0001.95,+0002.37,+0001.00,-0000.77
+1580686800.00,-0013.67,+0009.77,-0002.93,+0003.90,+0006.35,-0024.50
+1580686800.01,-0000.98,+0007.81,-0003.91,+0007.81,-0001.30,-0013.55
+1580686800.01,+0008.79,+0008.79,-0003.91,-0010.72,+0003.29,-0013.40
+1580686800.02,-0004.88,+0001.95,-0004.88,+0002.76,+0002.30,+0001.91
+1580686800.02,-0007.81,+0011.72,-0004.88,-0005.51,-0006.35,-0005.05
+1580686800.03,+0006.84,+0004.88,-0004.88,+0004.36,-0002.83,-0007.66
+1580686800.03,+0002.93,+0002.93,-0004.88,-0005.82,+0010.49,-0011.71
+1580686800.04,-0014.65,+0007.81,-0004.88,+0003.29,-0003.75,-0014.39
+1580686800.04,+0010.74,+0007.81,-0004.88,+0001.68,+0000.46,-0012.40
+1580686800.05,+0011.72,+0000.98,-0005.86,-0004.29,+0005.13,-0010.80
+1580686800.05,-0005.86,+0004.88,-0007.81,+0006.74,-0005.21,-0010.49
+1580686800.06,+0003.91,+0007.81,-0007.81,+0000.46,-0001.91,-0018.30
+1580686800.06,+0009.77,+0001.95,-0007.81,-0004.75,-0009.88,+0000.00
+1580686800.07,+0016.60,+0002.93,-0008.79,+0009.49,+0008.88,-0012.33
+1580686800.07,-0008.79,+0005.86,-0008.79,-0009.57,-0000.08,-0002.76
+1580686800.08,-0001.95,+0005.86,-0008.79,-0004.98,+0002.68,-0017.07
+1580686800.08,+0004.88,+0000.98,-0008.79,-0000.08,-0007.81,-0007.58
+1580686800.09,+0013.67,+0001.95,-0007.81,+0003.83,+0005.82,-0008.12
+1580686800.09,-0005.86,+0002.93,-0009.77,-0000.38,-0004.52,-0009.72
+1580686800.10,+0000.98,+0002.93,-0009.77,-0001.99,+0001.76,-0009.42
+1580686800.10,+0004.88,+0000.00,-0010.74,-0005.97,-0001.76,-0003.90
+1580686800.11,+0000.98,+0000.00,-0012.70,+0002.91,+0002.60,-0000.15
+1580686800.11,-0011.72,+0000.00,-0014.65,-0000.08,+0001.91,-0017.23
+1580686800.12,-0005.86,-0000.98,-0014.65,-0001.23,-0007.81,-0011.41
+1580686800.12,+0009.77,-0000.98,-0014.65,-0001.30,+0005.13,-0017.92
+1580686800.13,-0006.84,-0001.95,-0014.65,-0001.07,+0001.38,-0004.21
+1580686800.13,-0005.86,+0000.98,-0014.65,+0000.77,+0009.65,-0012.33
+1580686800.14,-0021.48,+0000.00,-0015.62,-0000.92,+0008.65,-0022.97
+1580686800.14,-0018.55,+0000.98,-0016.60,-0000.15,-0002.99,-0025.65
+1580686800.15,+0036.13,-0001.95,-0015.62,+0010.03,+0014.16,-0007.04
+1580686800.15,+0006.84,+0000.00,-0016.60,-0017.23,+0003.14,+0001.68
+1580686800.16,-0024.41,-0003.91,-0016.60,+0010.41,-0004.98,+0002.14
+1580686800.16,-0005.86,+0005.86,-0014.65,-0000.38,+0000.69,-0020.60
+1580686800.17,+0011.72,-0008.79,-0015.62,+0009.11,+0004.52,-0008.80
+1580686800.17,+0000.98,-0001.95,-0017.58,-0013.86,+0002.83,-0011.64
+1580686800.18,-0009.77,-0002.93,-0017.58,+0000.00,-0004.90,-0010.72
+1580686800.18,+0001.95,-0002.93,-0017.58,-0001.15,+0007.27,-0021.44
+1580686800.19,-0006.84,-0008.79,-0017.58,+0001.76,-0004.90,-0011.79
+1580686800.19,+0006.84,-0002.93,-0015.62,+0002.99,-0001.68,-0012.02
+1580686800.20,+0004.88,-0004.88,-0015.62,-0000.08,-0000.15,-0013.48
+1580686800.20,+0006.84,-0005.86,-0016.60,+0002.76,+0008.80,-0014.93
+1580686800.21,-0006.84,-0004.88,-0017.58,-0001.76,-0002.60,-0012.40
+1580686800.21,+0003.91,-0005.86,-0015.62,+0002.91,-0005.28,-0008.65
+1580686800.22,+0009.77,-0003.91,-0015.62,-0002.60,-0006.28,-0006.97
+1580686800.22,+0009.77,-0005.86,-0014.65,+0002.53,-0002.37,-0004.75
+1580686800.23,+0004.88,-0002.93,-0017.58,-0007.12,-0000.31,-0007.20
+1580686800.23,-0003.91,-0007.81,-0016.60,-0003.75,+0004.06,-0011.94
+1580686800.24,+0003.91,-0004.88,-0015.62,-0002.60,-0001.76,-0008.65
+1580686800.24,+0008.79,-0005.86,-0014.65,+0004.06,+0006.05,-0007.12
+1580686800.25,-0009.77,-0005.86,-0014.65,-0005.21,+0003.14,-0011.64
+1580686800.25,-0004.88,-0005.86,-0014.65,-0002.30,-0006.05,-0003.37
+1580686800.26,+0008.79,-0006.84,-0014.65,-0001.99,+0010.95,-0012.86
+1580686800.26,-0015.62,-0007.81,-0014.65,+0002.30,+0001.23,-0008.58
+1580686800.27,-0010.74,-0003.91,-0013.67,-0002.76,-0004.13,-0009.42
+1580686800.27,-0000.98,-0003.91,-0013.67,-0002.37,+0001.07,-0011.03
+1580686800.28,-0005.86,-0007.81,-0013.67,+0004.59,+0002.83,-0016.15
+1580686800.28,-0001.95,-0004.88,-0012.70,-0006.97,-0012.86,+0002.45
+1580686800.29,+0002.93,-0004.88,-0014.65,-0012.10,+0002.37,+0000.00
+1580686800.29,-0017.58,-0009.77,-0017.58,+0005.51,+0006.51,-0020.83
+1580686800.30,-0014.65,-0002.93,-0016.60,-0004.67,-0009.80,-0008.88
+1580686800.30,+0007.81,-0005.86,-0015.62,+0004.06,+0002.22,-0016.15
+1580686800.31,-0004.88,-0009.77,-0013.67,+0002.83,+0002.91,-0011.25
+1580686800.31,-0013.67,-0003.91,-0013.67,-0000.15,-0003.75,-0012.79
+1580686800.32,+0001.95,-0005.86,-0014.65,-0002.68,-0005.90,-0012.63
+1580686800.32,+0010.74,-0010.74,-0015.62,-0000.69,+0004.29,-0009.11
+1580686800.33,-0007.81,-0007.81,-0016.60,-0002.68,-0003.14,-0011.41
+1580686800.33,+0002.93,-0007.81,-0015.62,+0002.14,-0007.96,-0005.13
+1580686800.34,+0011.72,-0009.77,-0015.62,+0001.61,+0005.36,-0016.38
+1580686800.34,-0004.88,-0011.72,-0016.60,+0003.68,+0000.15,-0015.31
+1580686800.35,+0007.81,-0007.81,-0016.60,-0003.90,-0011.33,-0000.92
+1580686800.35,+0015.62,-0013.67,-0016.60,+0003.90,+0009.49,-0017.92
+1580686800.36,-0004.88,-0012.70,-0016.60,+0000.38,-0010.41,+0003.29
+1580686800.36,+0017.58,-0009.77,-0015.62,+0005.90,+0010.26,-0028.02
+1580686800.36,+0000.00,-0014.65,-0016.60,-0008.04,-0004.44,-0002.45
+1580686800.37,+0005.86,-0012.70,-0015.62,+0011.10,+0002.76,-0015.01
+1580686800.37,+0005.86,-0013.67,-0014.65,+0000.77,-0004.90,-0002.68
+1580686800.38,+0011.72,-0013.67,-0012.70,-0001.61,+0005.74,-0009.80
+1580686800.38,-0004.88,-0015.62,-0013.67,-0003.75,+0001.30,-0004.29
+1580686800.39,-0000.98,-0014.65,-0014.65,-0002.45,+0002.07,-0006.35
+1580686800.39,+0000.00,-0016.60,-0016.60,-0003.83,+0006.97,-0012.33
+1580686800.40,-0009.77,-0017.58,-0015.62,+0000.61,-0008.50,-0001.76
+1580686800.40,+0000.00,-0014.65,-0014.65,+0000.54,+0007.12,-0012.63
+1580686800.41,-0013.67,-0017.58,-0013.67,-0002.30,-0005.28,-0002.14
+1580686800.41,-0001.95,-0016.60,-0014.65,+0003.83,+0006.97,-0016.38
+1580686800.42,-0014.65,-0016.60,-0013.67,-0009.03,+0000.46,-0013.93
+1580686800.42,-0001.95,-0016.60,-0013.67,+0000.08,+0006.05,-0015.62
+1580686800.43,-0005.86,-0016.60,-0014.65,-0003.29,-0004.82,-0010.11
+1580686800.43,-0004.88,-0019.53,-0013.67,+0001.99,-0005.82,-0000.77
+1580686800.44,-0002.93,-0016.60,-0014.65,-0001.23,+0005.67,-0014.32
+1580686800.44,-0013.67,-0019.53,-0015.62,+0002.07,-0007.96,-0005.44
+1580686800.45,+0003.91,-0018.55,-0015.62,+0001.15,+0003.68,-0020.29
+1580686800.45,-0001.95,-0020.51,-0015.62,-0004.59,-0004.90,-0006.28
+1580686800.46,-0004.88,-0017.58,-0015.62,+0006.20,+0001.76,-0008.65
+1580686800.46,-0008.79,-0018.55,-0013.67,+0000.54,-0008.12,-0009.57
+1580686800.47,+0008.79,-0019.53,-0011.72,+0002.45,-0004.21,-0006.97
+1580686800.47,+0003.91,-0018.55,-0011.72,-0005.74,+0007.35,-0016.38
+1580686800.48,+0000.98,-0021.48,-0011.72,+0000.46,+0004.59,-0005.90
+1580686800.48,+0000.98,-0019.53,-0013.67,-0002.60,+0007.50,-0024.42
+1580686800.49,-0006.84,-0025.39,-0013.67,-0001.30,-0011.25,+0000.15
+1580686800.49,+0011.72,-0018.55,-0013.67,+0012.25,+0008.12,-0020.06
+1580686800.50,+0000.98,-0025.39,-0011.72,+0010.11,-0006.43,+0000.84
+1580686800.50,+0007.81,-0019.53,-0010.74,-0003.75,+0011.94,-0016.54
+1580686800.51,-0014.65,-0023.44,-0008.79,+0000.54,-0000.23,-0019.37
+1580686800.51,+0019.53,-0020.51,-0006.84,+0003.29,+0009.57,-0019.60
+1580686800.52,+0004.88,-0021.48,-0008.79,-0005.21,-0002.07,-0001.68
+1580686800.52,-0006.84,-0021.48,-0008.79,+0006.81,-0002.07,-0003.98
+1580686800.53,+0001.95,-0017.58,-0007.81,-0003.98,-0001.84,-0011.25
+1580686800.53,+0001.95,-0020.51,-0006.84,+0004.59,-0001.00,-0009.03
+1580686800.54,-0001.95,-0018.55,-0005.86,+0000.92,+0000.69,-0002.07
+1580686800.54,-0004.88,-0015.62,-0003.91,+0004.59,+0000.69,-0008.19
+1580686800.55,-0013.67,-0016.60,-0000.98,+0004.75,+0000.54,-0014.70
+1580686800.55,-0004.88,-0011.72,+0003.91,-0000.54,-0007.73,-0002.91
+1580686800.56,+0004.88,-0011.72,+0003.91,+0000.69,+0010.18,-0019.83
+1580686800.56,-0018.55,-0011.72,+0002.93,-0000.92,+0000.08,-0008.96
+1580686800.57,-0008.79,-0009.77,+0002.93,+0006.43,-0005.82,-0010.18
+1580686800.57,+0002.93,-0008.79,+0004.88,-0003.37,+0002.76,-0012.33
+1580686800.58,-0005.86,-0007.81,+0006.84,+0005.59,-0005.44,-0004.90
+1580686800.58,+0000.00,-0003.91,+0009.77,+0004.21,+0002.76,-0016.00
+1580686800.59,-0009.77,-0002.93,+0010.74,-0000.23,-0002.22,-0012.02
+1580686800.59,+0003.91,-0000.98,+0012.70,+0007.27,-0007.73,-0008.19
+1580686800.60,+0007.81,+0000.98,+0014.65,-0001.76,+0006.35,-0015.70
+1580686800.60,-0002.93,+0000.98,+0016.60,-0001.23,-0007.35,-0001.68
+1580686800.61,+0008.79,+0002.93,+0017.58,+0004.44,+0008.65,-0013.93
+1580686800.61,-0011.72,+0001.95,+0018.55,-0001.68,+0001.76,-0017.76
+1580686800.62,+0005.86,+0005.86,+0018.55,+0004.67,+0005.21,-0022.43
+1580686800.62,+0007.81,+0006.84,+0019.53,-0000.77,-0003.14,-0007.89
+1580686800.63,+0000.00,+0004.88,+0021.48,+0008.73,+0001.53,-0008.88
+1580686800.63,-0001.95,+0010.74,+0022.46,+0002.76,+0001.61,-0013.86
+1580686800.64,+0005.86,+0007.81,+0024.41,+0004.44,-0002.68,-0009.11
+1580686800.64,+0011.72,+0007.81,+0025.39,-0003.52,+0002.99,-0008.73
+1580686800.65,-0000.98,+0010.74,+0025.39,+0007.12,-0000.46,-0011.18
+1580686800.65,-0000.98,+0011.72,+0025.39,+0003.98,+0000.92,-0018.22
+1580686800.66,+0008.79,+0008.79,+0024.41,-0002.91,-0004.52,-0008.19
+1580686800.66,+0013.67,+0007.81,+0022.46,+0006.66,+0003.29,-0010.64
+1580686800.67,+0000.00,+0009.77,+0022.46,-0003.14,-0004.06,-0008.50
+1580686800.67,+0001.95,+0008.79,+0021.48,+0000.23,-0004.21,-0008.04
+1580686800.68,+0011.72,+0006.84,+0019.53,+0001.15,+0003.14,-0004.13
+1580686800.68,+0003.91,+0008.79,+0018.55,+0001.68,+0002.60,-0005.28
+1580686800.69,-0007.81,+0007.81,+0017.58,+0001.68,-0001.30,-0013.25
+1580686800.69,+0002.93,+0007.81,+0016.60,-0002.37,-0005.51,-0006.28
+1580686800.70,+0013.67,+0002.93,+0014.65,-0000.92,+0005.51,-0005.51
+1580686800.70,-0007.81,+0004.88,+0013.67,-0002.60,+0004.75,-0010.80
+1580686800.71,-0010.74,+0004.88,+0012.70,+0001.30,-0003.75,-0009.49
+1580686800.71,+0006.84,+0003.91,+0012.70,-0004.21,+0006.51,-0017.53
+1580686800.72,-0002.93,-0000.98,+0010.74,-0000.46,-0005.67,-0000.46
+1580686800.72,-0001.95,+0003.91,+0008.79,-0006.12,+0003.68,-0017.69
+1580686800.73,-0013.67,+0000.00,+0006.84,-0004.29,-0010.26,-0002.53
+1580686800.73,+0004.88,-0000.98,+0006.84,+0004.67,+0004.21,-0012.71
+1580686800.74,-0009.77,-0001.95,+0004.88,-0008.04,+0005.28,-0015.77
+1580686800.74,-0002.93,-0001.95,+0002.93,+0000.69,+0003.37,-0012.33
+1580686800.75,+0000.00,-0002.93,+0000.98,-0003.90,+0003.29,-0019.29
+1580686800.75,-0004.88,-0005.86,+0000.00,-0001.15,-0007.89,-0004.36
+1580686800.76,+0002.93,-0001.95,-0001.95,+0001.68,+0003.37,-0014.47
+1580686800.76,-0004.88,-0008.79,-0002.93,+0000.69,-0002.83,-0004.52
+1580686800.77,+0000.00,-0004.88,-0002.93,+0001.00,+0005.74,-0016.61
+1580686800.77,-0000.98,-0007.81,-0003.91,-0004.59,-0006.97,-0004.90
+1580686800.78,+0002.93,-0007.81,-0005.86,-0006.12,+0003.45,-0018.22
+1580686800.78,-0008.79,-0010.74,-0006.84,-0002.07,-0009.19,-0003.52
+1580686800.79,+0008.79,-0006.84,-0006.84,+0004.90,+0002.07,-0016.00
+1580686800.79,+0003.91,-0012.70,-0007.81,-0008.19,-0000.38,-0007.20
+1580686800.80,+0004.88,-0009.77,-0006.84,-0004.44,+0006.20,-0011.79
+1580686800.80,-0006.84,-0009.77,-0006.84,-0002.91,-0003.37,-0013.25
+1580686800.81,+0008.79,-0010.74,-0007.81,-0001.84,-0004.75,-0005.97
+1580686800.81,+0001.95,-0009.77,-0008.79,-0001.38,-0004.36,-0006.43
+1580686800.82,+0000.98,-0010.74,-0007.81,+0008.04,+0003.98,-0010.18
+1580686800.82,-0002.93,-0007.81,-0006.84,-0009.34,+0000.77,-0015.93
+1580686800.83,+0001.95,-0009.77,-0006.84,+0005.13,-0004.75,-0006.81
+1580686800.83,+0003.91,-0007.81,-0006.84,-0003.14,+0005.21,-0006.12
+1580686800.84,-0011.72,-0009.77,-0005.86,+0001.00,+0000.00,-0005.97
+1580686800.84,-0009.77,-0005.86,-0004.88,-0001.76,+0002.76,-0013.63
+1580686800.85,-0002.93,-0007.81,-0004.88,-0000.69,-0002.91,-0007.12
+1580686800.85,+0000.98,-0006.84,-0005.86,-0002.76,+0005.90,-0014.24
+1580686800.86,-0010.74,-0005.86,-0005.86,+0000.15,-0003.75,-0009.57
+1580686800.86,+0001.95,-0004.88,-0006.84,-0001.45,-0006.66,-0004.06
+1580686800.87,-0001.95,-0006.84,-0007.81,-0000.69,+0005.13,-0014.09
+1580686800.87,-0015.62,-0003.91,-0005.86,+0002.37,-0007.20,-0007.12
+1580686800.88,+0001.95,-0001.95,-0003.91,+0001.61,+0000.23,-0017.92
+1580686800.88,-0000.98,-0005.86,-0003.91,-0000.61,+0000.92,-0011.33
+1580686800.89,-0005.86,-0000.98,-0004.88,+0000.84,-0003.45,-0008.42
+1580686800.89,+0003.91,+0000.00,-0004.88,-0004.44,-0002.22,-0006.12
+1580686800.90,-0000.98,-0002.93,-0004.88,+0001.84,+0004.67,-0009.88
+1580686800.90,-0002.93,-0002.93,-0004.88,+0002.60,-0002.68,-0009.57
+1580686800.91,+0003.91,+0000.98,-0004.88,-0003.22,-0002.45,-0009.34
+1580686800.91,+0002.93,-0003.91,-0004.88,-0000.31,+0001.91,-0005.28
+1580686800.92,-0006.84,-0001.95,-0003.91,-0002.45,-0000.31,-0014.32
+1580686800.92,-0002.93,-0000.98,-0003.91,+0002.68,-0003.83,-0011.64
+1580686800.93,+0007.81,-0001.95,-0003.91,-0002.99,+0002.53,-0015.01
+1580686800.93,-0000.98,-0002.93,-0003.91,+0000.08,-0001.68,-0009.49
+1580686800.94,-0000.98,+0000.00,-0003.91,-0000.15,+0003.45,-0014.62
+1580686800.94,-0004.88,-0002.93,-0003.91,-0000.08,-0001.30,-0014.47
+1580686800.95,+0008.79,-0002.93,-0004.88,+0000.54,-0006.43,-0011.33
+1580686800.95,+0010.74,-0002.93,-0006.84,-0002.45,-0001.30,-0007.66
+1580686800.96,-0005.86,-0003.91,-0005.86,+0001.30,-0001.61,-0010.41
+1580686800.96,+0001.95,-0000.98,-0004.88,-0000.69,-0005.82,-0004.82
+1580686800.97,+0015.62,-0006.84,-0005.86,-0004.82,+0001.30,-0001.76
+1580686800.97,-0002.93,-0003.91,-0006.84,-0008.12,-0009.88,+0000.00
+1580686800.98,+0003.91,-0003.91,-0006.84,+0010.49,+0004.36,-0018.38
+1580686800.98,+0003.91,-0004.88,-0007.81,-0012.63,-0002.68,-0009.72
+1580686800.99,+0004.88,-0008.79,-0007.81,-0000.31,+0000.15,-0008.12
+1580686800.99,+0000.00,-0004.88,-0007.81,-0002.14,+0001.45,-0008.58
+1580686801.00,-0005.86,-0005.86,-0006.84,+0003.45,-0000.61,-0013.48
+1580686801.00,+0006.84,-0006.84,-0006.84,-0004.29,-0003.22,-0007.73
+1580686801.01,+0000.98,-0006.84,-0007.81,-0010.95,-0015.77,+0015.54
+1580686801.01,+0012.70,-0009.77,-0007.81,+0011.71,+0020.75,-0017.76
+1580686801.02,-0025.39,-0006.84,-0008.79,-0017.46,-0004.98,-0004.06
+1580686801.02,-0010.74,-0007.81,-0008.79,-0001.53,-0005.28,-0020.37
+1580686801.03,+0004.88,-0010.74,-0009.77,-0005.44,-0003.06,-0005.74
+1580686801.03,+0006.84,-0012.70,-0008.79,+0004.13,+0004.67,-0006.28
+1580686801.04,-0017.58,-0009.77,-0006.84,-0007.35,+0005.13,-0011.33
+1580686801.04,-0012.70,-0009.77,-0006.84,-0002.30,-0000.15,-0016.46
+1580686801.05,+0000.00,-0012.70,-0010.74,-0002.76,+0002.99,-0015.62
+1580686801.05,-0002.93,-0013.67,-0009.77,+0002.91,-0001.61,-0010.57
+1580686801.06,+0000.98,-0011.72,-0008.79,-0004.90,-0005.44,+0000.69
+1580686801.06,-0018.55,-0011.72,-0008.79,-0004.67,-0004.59,-0012.40
+1580686801.07,-0007.81,-0014.65,-0007.81,+0006.05,-0011.18,-0003.14
+1580686801.07,+0008.79,-0010.74,-0005.86,+0002.30,+0010.26,-0021.51
+1580686801.08,-0005.86,-0015.62,-0004.88,+0005.13,+0001.61,-0009.03
+1580686801.08,-0003.91,-0009.77,-0004.88,-0005.05,-0002.99,-0012.94
+1580686801.09,+0001.95,-0014.65,-0003.91,+0001.38,-0001.61,-0011.48
+1580686801.09,+0004.88,-0011.72,-0004.88,+0003.75,-0000.15,-0013.32
+1580686801.10,+0001.95,-0012.70,-0003.91,+0006.12,-0005.97,-0010.95
+1580686801.10,+0004.88,-0009.77,-0002.93,-0000.92,+0002.83,-0013.25
+1580686801.11,+0001.95,-0011.72,+0000.00,+0005.59,-0002.76,-0011.18
+1580686801.11,+0006.84,-0007.81,+0002.93,+0004.06,+0006.89,-0015.77
+1580686801.12,-0002.93,-0006.84,+0006.84,-0002.76,-0004.98,-0007.73
+1580686801.12,+0006.84,-0005.86,+0007.81,+0005.13,-0002.99,-0004.98
+1580686801.13,+0003.91,-0005.86,+0006.84,-0000.31,+0010.57,-0005.36
+1580686801.13,-0021.48,-0003.91,+0006.84,-0000.08,-0018.76,-0008.27
+1580686801.14,+0019.53,-0001.95,+0010.74,+0007.50,-0005.21,-0006.28
+1580686801.14,+0019.53,-0002.93,+0014.65,-0000.92,+0006.20,-0000.92
+1580686801.15,-0019.53,-0002.93,+0016.60,+0002.99,-0006.20,-0005.82
+1580686801.15,-0007.81,+0005.86,+0018.55,-0002.37,-0003.29,-0010.87
+1580686801.16,+0006.84,+0003.91,+0018.55,+0005.82,+0002.91,-0020.60
+1580686801.16,+0001.95,+0000.00,+0019.53,-0005.67,-0001.84,-0003.29
+1580686801.17,-0008.79,+0008.79,+0021.48,-0003.45,-0003.68,-0005.59
+1580686801.17,-0009.77,+0008.79,+0022.46,+0008.42,-0000.08,-0013.55
+1580686801.18,-0002.93,+0007.81,+0024.41,-0004.67,+0000.15,-0010.34
+1580686801.18,-0001.95,+0010.74,+0026.37,+0002.37,-0005.59,-0003.83
+1580686801.19,+0004.88,+0013.67,+0027.34,+0000.23,+0006.20,-0006.35
+1580686801.19,-0013.67,+0012.70,+0026.37,+0002.60,+0000.08,-0012.48
+1580686801.20,-0003.91,+0013.67,+0027.34,-0000.77,-0009.88,+0002.53
+1580686801.20,+0002.93,+0016.60,+0027.34,-0004.82,-0001.99,-0011.71
+1580686801.21,-0001.95,+0012.70,+0028.32,+0009.65,-0001.68,-0010.26
+1580686801.21,-0002.93,+0019.53,+0029.30,-0001.38,-0000.38,-0015.54
+1580686801.22,-0004.88,+0018.55,+0029.30,+0003.14,-0003.22,-0010.18
+1580686801.22,+0003.91,+0019.53,+0029.30,+0001.61,+0003.60,-0014.24
+1580686801.23,+0000.00,+0018.55,+0029.30,+0004.67,-0001.84,-0013.93
+1580686801.23,+0007.81,+0019.53,+0029.30,-0003.14,-0009.88,-0000.46
+1580686801.24,-0000.98,+0017.58,+0027.34,-0004.44,+0001.53,-0017.92
+1580686801.24,-0003.91,+0017.58,+0027.34,+0001.68,-0013.17,+0001.00
+1580686801.25,+0018.55,+0019.53,+0026.37,+0005.13,+0007.43,-0016.61
+1580686801.25,-0005.86,+0013.67,+0024.41,+0003.14,-0005.97,-0006.28
+1580686801.26,+0004.88,+0017.58,+0024.41,-0001.07,-0002.91,-0016.15
+1580686801.26,+0011.72,+0015.62,+0023.44,-0002.45,+0000.77,-0011.25
+1580686801.27,+0007.81,+0013.67,+0022.46,+0000.61,+0000.15,-0006.81
+1580686801.27,+0000.98,+0015.62,+0021.48,-0001.84,-0004.90,-0008.42
+1580686801.28,+0006.84,+0014.65,+0020.51,+0001.91,-0000.54,-0008.27
+1580686801.28,+0001.95,+0011.72,+0019.53,-0003.45,+0006.58,-0010.87
+1580686801.29,-0003.91,+0013.67,+0017.58,-0003.29,-0003.75,-0006.12
+1580686801.29,+0007.81,+0011.72,+0015.62,-0000.77,+0004.75,-0011.18
+1580686801.30,-0001.95,+0007.81,+0013.67,-0003.06,-0004.36,-0000.84
+1580686801.30,-0001.95,+0008.79,+0012.70,+0002.30,+0004.90,-0012.10
+1580686801.31,-0005.86,+0008.79,+0011.72,-0000.38,-0004.82,-0004.82
+1580686801.31,+0003.91,+0006.84,+0011.72,+0003.90,+0006.58,-0014.16
+1580686801.32,-0011.72,+0005.86,+0009.77,-0006.74,-0000.77,-0006.66
+1580686801.32,-0007.81,+0008.79,+0009.77,-0004.90,-0001.61,-0012.40
+1580686801.33,+0003.91,+0004.88,+0007.81,-0002.30,+0001.84,-0013.17
+1580686801.33,-0003.91,+0003.91,+0005.86,+0000.61,-0000.46,-0010.26
+1580686801.34,-0001.95,+0005.86,+0003.91,-0005.90,-0004.21,+0001.45
+1580686801.34,-0010.74,+0005.86,+0001.95,-0007.89,+0000.54,-0012.86
+1580686801.35,-0006.84,+0002.93,+0000.00,+0004.13,-0003.22,-0009.03
+1580686801.35,+0011.72,+0005.86,+0000.98,-0003.45,+0000.15,-0010.95
+1580686801.36,-0002.93,+0003.91,+0000.00,+0001.38,+0001.07,-0005.13
+1580686801.36,-0009.77,+0005.86,+0000.00,+0001.91,+0004.29,-0020.14
+1580686801.37,-0007.81,+0006.84,+0000.00,-0002.99,-0008.88,-0015.47
+1580686801.37,+0016.60,+0003.91,+0000.00,+0002.99,-0002.76,-0006.51
+1580686801.38,+0000.00,+0003.91,+0000.00,-0001.30,-0001.91,-0009.03
+1580686801.38,-0009.77,+0005.86,-0000.98,-0000.08,-0007.43,-0003.29
+1580686801.39,+0005.86,+0006.84,-0002.93,-0004.06,+0008.19,-0023.05
+1580686801.39,+0000.98,+0000.98,-0004.88,-0004.82,-0007.04,-0013.09
+1580686801.40,+0014.65,+0004.88,-0004.88,+0002.76,+0015.70,-0030.40
+1580686801.40,-0015.62,+0003.91,-0004.88,-0006.43,-0012.94,+0000.69
+1580686801.41,+0014.65,+0005.86,-0003.91,+0012.25,-0001.38,-0012.25
+1580686801.41,+0003.91,+0000.00,-0003.91,+0002.68,-0001.84,-0001.84
+1580686801.42,-0000.98,+0003.91,-0003.91,+0001.23,-0000.15,-0008.42
+1580686801.42,+0000.98,+0004.88,-0002.93,-0002.99,+0005.74,-0016.84
+1580686801.43,+0004.88,-0001.95,-0002.93,-0002.30,-0011.64,-0005.67
+1580686801.43,+0009.77,+0000.00,-0003.91,-0003.52,+0008.19,-0007.50
+1580686801.44,-0014.65,-0000.98,-0006.84,-0005.67,+0000.00,-0015.24
+1580686801.44,+0000.98,-0000.98,-0008.79,-0001.15,-0009.65,-0007.58
+1580686801.45,+0020.51,-0007.81,-0011.72,+0000.84,+0014.16,-0008.80
+1580686801.45,-0021.48,-0004.88,-0013.67,-0004.44,-0001.23,-0009.26
+1580686801.46,-0010.74,-0002.93,-0011.72,+0001.61,-0011.25,-0005.74
+1580686801.46,+0010.74,-0004.88,-0013.67,-0003.06,+0002.53,-0019.98
+1580686801.47,-0009.77,-0012.70,-0013.67,+0006.43,+0002.22,-0008.35
+1580686801.47,-0016.60,-0001.95,-0012.70,-0003.60,-0003.98,-0010.87
+1580686801.48,-0002.93,-0006.84,-0015.62,-0004.82,-0004.13,-0009.57
+1580686801.48,-0001.95,-0012.70,-0018.55,-0005.67,+0002.30,-0008.19
+1580686801.49,-0017.58,-0009.77,-0018.55,-0000.46,+0000.46,-0014.85
+1580686801.49,-0006.84,-0005.86,-0018.55,-0006.35,-0008.50,-0006.74
+1580686801.50,+0011.72,-0014.65,-0019.53,-0001.53,+0000.61,+0003.45
+1580686801.50,-0029.30,-0009.77,-0021.48,-0008.04,-0015.62,-0002.68
+1580686801.51,-0001.95,-0007.81,-0019.53,+0010.64,+0002.22,-0017.38
+1580686801.51,+0000.98,-0009.77,-0020.51,-0013.17,+0004.06,-0027.33
+1580686801.52,-0002.93,-0014.65,-0019.53,-0000.46,-0001.30,-0004.13
+1580686801.52,+0000.00,-0003.91,-0018.55,-0003.29,+0003.98,-0017.53
+1580686801.53,-0016.60,-0009.77,-0017.58,+0001.30,-0003.06,-0011.87
+1580686801.53,+0009.77,-0007.81,-0017.58,-0000.61,-0005.28,-0011.18
+1580686801.54,+0010.74,-0006.84,-0016.60,+0000.54,+0000.54,-0007.81
+1580686801.54,-0002.93,-0006.84,-0015.62,+0000.92,-0001.00,-0004.36
+1580686801.55,-0000.98,-0002.93,-0012.70,+0001.68,-0000.69,-0015.39
+1580686801.55,+0006.84,-0003.91,-0011.72,+0003.06,+0000.38,-0010.87
+1580686801.56,+0008.79,-0001.95,-0010.74,-0000.84,+0000.31,-0006.20
+1580686801.56,-0003.91,+0000.98,-0008.79,+0004.21,+0003.37,-0016.84
+1580686801.57,+0000.98,+0001.95,-0008.79,-0003.45,-0006.05,-0008.42
+1580686801.57,+0009.77,+0001.95,-0006.84,+0000.38,+0002.30,-0010.34
+1580686801.58,-0001.95,+0003.91,-0004.88,+0004.90,-0001.07,-0011.48
+1580686801.58,+0007.81,+0007.81,-0001.95,-0001.38,-0008.19,+0001.15
+1580686801.59,-0002.93,+0006.84,-0000.98,-0002.14,-0001.99,-0004.06
+1580686801.59,-0004.88,+0007.81,+0000.00,+0008.12,-0003.60,-0005.67
+1580686801.60,+0008.79,+0012.70,+0001.95,-0001.45,+0002.07,-0013.93
+1580686801.60,+0000.98,+0005.86,+0001.95,+0000.00,-0002.68,+0002.83
+1580686801.61,-0008.79,+0014.65,+0003.91,-0006.58,-0003.52,-0012.79
+1580686801.61,+0002.93,+0013.67,+0004.88,+0003.98,-0006.74,-0002.37
+1580686801.62,+0007.81,+0012.70,+0003.91,-0003.06,+0009.72,-0015.24
+1580686801.62,-0013.67,+0015.62,+0004.88,-0003.45,-0012.86,+0005.51
+1580686801.63,+0007.81,+0019.53,+0005.86,+0005.97,+0012.10,-0024.65
+1580686801.63,-0010.74,+0014.65,+0006.84,-0006.97,-0001.84,-0004.52
+1580686801.64,-0004.88,+0018.55,+0005.86,+0007.43,-0000.46,-0012.79
+1580686801.64,-0000.98,+0021.48,+0004.88,+0000.15,-0003.68,-0008.96
+1580686801.65,+0002.93,+0018.55,+0004.88,-0001.45,+0000.77,-0008.42
+1580686801.65,-0003.91,+0020.51,+0003.91,-0001.53,+0002.53,-0012.48
+1580686801.66,-0000.98,+0021.48,+0003.91,+0001.53,-0009.34,-0007.35
+1580686801.66,+0004.88,+0021.48,+0002.93,-0004.52,-0000.08,-0009.88
+1580686801.67,-0003.91,+0020.51,+0004.88,-0000.31,-0004.59,-0007.12
+1580686801.67,+0003.91,+0024.41,+0004.88,-0001.23,-0001.23,-0006.66
+1580686801.68,-0000.98,+0020.51,+0002.93,-0000.23,-0003.14,-0007.04
+1580686801.68,+0000.98,+0021.48,+0000.98,-0000.69,+0002.07,-0014.16
+1580686801.69,-0000.98,+0020.51,+0000.00,-0001.23,+0000.38,-0015.70
+1580686801.69,+0006.84,+0018.55,-0001.95,+0001.61,-0006.20,+0000.92
+1580686801.70,-0011.72,+0019.53,-0001.95,-0005.13,-0011.64,-0005.21
+1580686801.70,+0003.91,+0019.53,+0000.00,+0004.75,-0000.61,-0007.81
+1580686801.71,+0005.86,+0020.51,-0000.98,-0004.59,+0007.20,-0017.07
+1580686801.71,+0000.00,+0014.65,-0001.95,+0004.44,+0002.68,-0021.05
+1580686801.72,+0000.98,+0020.51,-0000.98,-0009.65,-0007.81,-0013.48
+1580686801.72,+0011.72,+0015.62,-0001.95,+0002.83,-0003.60,-0010.95
+1580686801.73,+0005.86,+0013.67,-0005.86,-0004.75,+0005.51,-0014.70
+1580686801.73,+0005.86,+0011.72,-0008.79,+0001.07,+0000.46,-0010.87
+1580686801.74,+0007.81,+0011.72,-0010.74,-0008.42,-0002.76,-0001.84
+1580686801.74,+0001.95,+0006.84,-0010.74,+0003.60,+0003.90,-0007.73
+1580686801.75,-0001.95,+0010.74,-0009.77,-0001.76,-0004.52,-0005.74
+1580686801.75,+0009.77,+0007.81,-0009.77,+0001.76,+0001.84,-0008.27
+1580686801.76,+0004.88,+0004.88,-0012.70,-0010.34,+0001.53,-0010.64
+1580686801.76,-0004.88,+0003.91,-0013.67,+0001.76,-0001.99,-0010.72
+1580686801.77,+0002.93,+0003.91,-0013.67,-0004.75,+0001.53,-0011.25
+1580686801.77,+0000.98,-0001.95,-0013.67,+0001.23,+0000.92,-0009.95
+1580686801.78,-0007.81,+0000.98,-0014.65,-0003.29,+0001.15,-0012.63
+1580686801.78,+0000.98,-0002.93,-0015.62,+0004.13,+0010.18,-0018.15
+1580686801.79,-0010.74,-0004.88,-0019.53,-0011.79,+0000.61,-0008.50
+1580686801.79,-0006.84,-0006.84,-0020.51,+0005.74,-0009.88,-0009.11
+1580686801.80,+0007.81,-0006.84,-0021.48,-0005.82,+0001.45,-0001.84
+1580686801.80,-0021.48,-0010.74,-0020.51,-0004.44,-0012.48,+0003.22
+1580686801.81,-0001.95,-0007.81,-0020.51,+0007.20,+0005.44,-0015.70
+1580686801.81,-0007.81,-0011.72,-0020.51,-0012.86,+0002.30,-0014.39
+1580686801.82,-0007.81,-0014.65,-0021.48,-0001.99,-0006.97,-0016.77
+1580686801.82,+0002.93,-0011.72,-0022.46,-0004.75,-0001.23,-0008.80
+1580686801.83,-0006.84,-0016.60,-0023.44,+0002.07,+0008.88,-0015.70
+1580686801.83,-0009.77,-0015.62,-0022.46,-0003.29,-0006.28,-0008.19
+1580686801.84,+0009.77,-0012.70,-0021.48,-0006.28,+0003.52,-0013.48
+1580686801.84,-0000.98,-0018.55,-0021.48,-0002.53,-0004.52,-0008.50
+1580686801.85,+0004.88,-0016.60,-0019.53,+0004.29,-0006.35,-0002.60
+1580686801.85,-0001.95,-0014.65,-0019.53,-0003.68,-0004.82,-0012.10
+1580686801.86,-0002.93,-0017.58,-0020.51,+0004.06,-0005.59,-0004.98
+1580686801.86,+0012.70,-0014.65,-0019.53,-0000.08,+0004.44,-0018.45
+1580686801.87,+0000.98,-0018.55,-0018.55,-0000.77,-0003.75,-0008.04
+1580686801.87,+0000.98,-0014.65,-0018.55,+0000.77,+0000.92,-0020.98
+1580686801.88,+0003.91,-0017.58,-0016.60,-0001.61,-0016.92,+0009.80
+1580686801.88,+0011.72,-0016.60,-0016.60,+0013.09,+0019.98,-0028.25
+1580686801.89,-0019.53,-0018.55,-0013.67,+0014.47,-0001.38,-0016.92
+1580686801.89,+0001.95,-0008.79,-0009.77,-0008.35,+0000.23,-0016.54
+1580686801.90,+0009.77,-0018.55,-0008.79,+0003.75,-0001.99,+0001.53
+1580686801.90,-0003.91,-0014.65,-0008.79,+0005.67,+0008.65,-0010.64
+1580686801.91,-0017.58,-0016.60,-0007.81,+0008.58,+0002.07,-0015.31
+1580686801.91,-0006.84,-0012.70,-0005.86,-0003.06,-0003.60,-0007.35
+1580686801.92,-0000.98,-0017.58,-0003.91,+0004.13,+0001.68,-0015.54
+1580686801.92,+0000.00,-0014.65,-0002.93,+0002.22,+0000.46,-0008.19
+1580686801.93,-0006.84,-0014.65,-0000.98,-0001.07,-0002.14,-0006.05
+1580686801.93,-0010.74,-0015.62,+0000.00,+0002.60,+0003.90,-0010.18
+1580686801.94,-0007.81,-0012.70,+0000.00,+0001.07,-0003.83,-0010.03
+1580686801.94,+0003.91,-0014.65,+0000.00,+0000.69,+0001.91,-0012.63
+1580686801.95,-0006.84,-0015.62,+0001.95,+0001.99,-0002.76,-0010.87
+1580686801.95,-0005.86,-0013.67,+0001.95,+0003.52,-0001.84,-0009.42
+1580686801.96,-0006.84,-0013.67,+0002.93,+0001.45,+0005.36,-0017.99
+1580686801.96,+0000.98,-0014.65,+0004.88,+0003.14,-0004.44,-0004.36
+1580686801.97,+0005.86,-0010.74,+0005.86,-0000.69,+0005.05,-0013.17
+1580686801.97,-0010.74,-0012.70,+0005.86,+0000.00,-0002.91,-0000.69
+1580686801.98,-0003.91,-0007.81,+0006.84,-0003.06,-0000.69,-0005.59
+1580686801.98,+0003.91,-0009.77,+0007.81,+0008.73,+0004.59,-0022.59
+1580686801.99,+0008.79,-0007.81,+0008.79,-0004.82,-0019.06,+0006.89
+1580686801.99,+0001.95,-0005.86,+0008.79,+0012.63,+0017.84,-0023.50
+1580686802.00,-0010.74,-0007.81,+0011.72,+0006.74,-0012.25,-0005.59
+1580686802.00,+0018.55,-0000.98,+0012.70,+0002.45,+0006.51,-0023.96
+1580686802.01,+0002.93,-0005.86,+0010.74,-0001.30,-0003.60,-0008.80
+1580686802.01,+0011.72,-0002.93,+0013.67,+0001.45,+0010.87,-0016.84
+1580686802.02,-0006.84,-0001.95,+0014.65,-0001.45,-0007.58,-0008.80
+1580686802.02,+0007.81,+0000.98,+0015.62,+0005.21,-0004.52,-0007.27
+1580686802.03,+0008.79,+0000.98,+0015.62,-0003.90,+0007.04,-0016.54
+1580686802.03,+0002.93,-0001.95,+0015.62,+0005.44,+0004.36,-0009.80
+1580686802.04,+0000.00,+0004.88,+0015.62,-0003.98,-0001.23,-0011.94
+1580686802.04,+0002.93,+0002.93,+0016.60,+0003.68,-0008.27,-0007.73
+1580686802.05,+0010.74,+0004.88,+0016.60,-0000.61,+0003.68,-0004.67
+1580686802.05,-0004.88,+0003.91,+0017.58,+0003.29,+0000.38,-0002.99
+1580686802.06,-0010.74,+0008.79,+0016.60,+0001.53,+0001.07,-0014.16
+1580686802.06,-0002.93,+0006.84,+0017.58,-0001.76,-0004.29,-0014.78
+1580686802.07,+0008.79,+0005.86,+0017.58,-0004.44,+0002.45,-0007.27
+1580686802.07,-0010.74,+0005.86,+0016.60,-0000.77,+0003.83,-0012.02
+1580686802.08,-0013.67,+0010.74,+0015.62,-0000.92,-0007.50,-0008.19
+1580686802.08,+0005.86,+0009.77,+0014.65,+0000.23,-0004.67,-0001.76
+1580686802.09,+0005.86,+0004.88,+0015.62,+0002.83,+0011.03,-0010.34
+1580686802.09,-0026.37,+0009.77,+0015.62,-0003.90,-0002.07,-0008.73
+1580686802.10,-0013.67,+0014.65,+0016.60,+0003.98,-0003.98,-0014.16
+1580686802.10,+0007.81,+0010.74,+0016.60,-0002.76,+0001.99,-0011.87
+1580686802.11,+0000.98,+0008.79,+0014.65,-0002.45,-0008.19,-0003.06
+1580686802.11,+0006.84,+0009.77,+0011.72,-0000.31,-0001.00,+0004.90
+1580686802.12,-0025.39,+0011.72,+0008.79,-0003.60,-0014.85,+0002.30
+1580686802.12,+0001.95,+0009.77,+0010.74,+0016.54,+0009.11,-0027.33
+1580686802.13,+0004.88,+0014.65,+0011.72,-0018.91,-0006.12,-0016.15
+1580686802.13,+0000.98,+0008.79,+0013.67,+0010.18,+0005.44,-0002.30
+1580686802.14,-0004.88,+0010.74,+0012.70,+0003.75,+0002.22,-0011.71
+1580686802.14,-0001.95,+0009.77,+0010.74,+0001.15,-0006.20,-0005.51
+1580686802.15,+0008.79,+0005.86,+0007.81,-0002.45,+0003.52,-0012.94
+1580686802.15,+0001.95,+0005.86,+0007.81,-0000.23,+0002.68,-0010.87
+1580686802.16,+0002.93,+0006.84,+0006.84,+0000.31,-0002.07,-0010.87
+1580686802.16,+0006.84,+0003.91,+0004.88,-0004.36,-0003.75,-0005.13
+1580686802.17,-0001.95,+0005.86,+0001.95,+0007.12,+0011.18,-0023.96
+1580686802.17,+0003.91,+0002.93,+0002.93,+0009.72,+0001.76,-0002.76
+1580686802.18,+0012.70,+0005.86,+0003.91,-0001.68,+0012.02,-0022.05
+1580686802.18,-0017.58,-0000.98,+0003.91,-0003.90,-0003.60,-0004.75
+1580686802.19,+0011.72,+0006.84,+0004.88,-0001.68,+0011.41,-0024.58
+1580686802.19,-0003.91,+0000.98,+0003.91,-0001.23,-0004.67,+0004.52
+1580686802.20,+0001.95,-0001.95,+0002.93,+0001.91,+0000.92,-0004.98
+1580686802.20,-0007.81,-0001.95,+0000.98,-0004.98,+0005.05,-0017.30
+1580686802.21,-0002.93,-0001.95,+0000.00,+0001.68,-0004.82,-0005.67
+1580686802.21,+0003.91,-0004.88,-0000.98,-0003.52,+0007.35,-0010.64
+1580686802.22,-0015.62,-0005.86,-0001.95,+0000.08,+0000.08,-0008.12
+1580686802.22,-0004.88,-0004.88,-0001.95,+0003.45,+0001.15,-0012.71
+1580686802.23,+0000.98,-0005.86,-0001.95,-0002.37,+0002.30,-0014.85
+1580686802.23,-0005.86,-0009.77,-0002.93,+0001.15,-0003.22,-0004.13
+1580686802.24,-0005.86,-0005.86,-0003.91,+0003.60,+0002.22,-0017.38
+1580686802.24,-0002.93,-0008.79,-0003.91,+0001.00,+0005.51,-0012.10
+1580686802.25,-0003.91,-0008.79,-0003.91,-0005.51,-0012.33,+0001.15
+1580686802.25,+0003.91,-0010.74,-0003.91,+0005.67,+0011.18,-0009.19
+1580686802.26,-0018.55,-0009.77,-0004.88,+0004.29,-0002.45,-0010.11
+1580686802.26,-0000.98,-0008.79,-0003.91,+0003.22,-0000.69,-0026.34
+1580686802.27,+0007.81,-0011.72,-0002.93,-0004.21,-0008.96,+0000.46
+1580686802.27,+0000.98,-0009.77,-0000.98,+0013.25,+0017.07,-0028.10
+1580686802.28,-0009.77,-0008.79,+0001.95,+0011.33,+0001.23,-0011.48
+1580686802.28,+0014.65,-0001.95,+0003.91,-0007.96,-0005.74,-0011.10
